-8
-9
-6
-1
-1
-6
-1
0
-5
-5
-1
-2
-3
-3
-2
2
1
-2
-4
3
0
1
6
-1
5
1
-1
-2
-5
-2
-2
-1
-3
-2
1
3
3
5
2
0
1
1
4
3
6
3
-1
2
2
5
2
4
2
1
3
6
2
-4
-3
1
2
0
1
-5
-2
-1
3
9
6
10
8
7
4
0
4
6
3
2
1
-3
-2
0
2
-1
5
4
-1
-4
-3
1
2
-2
-1
-1
0
-1
0
0
0
-1
-4
-4
-3
-1
-2
7
4
-1
2
0
-2
-1
-6
-2
-4
-8
3
2
-5
-3
-1
6
3
2
4
-1
-1
-2
-2
3
1
-6
0
2
3
3
8
6
1
0
4
6
6
5
1
2
2
-1
3
4
-2
6
4
3
4
-1
4
4
3
0
0
-2
-6
-6
-6
-4
-6
-1
-1
-4
-3
-2
-1
5
2
-1
2
4
5
0
1
-1
-6
-6
-2
-3
-7
-3
-5
-4
-4
-2
-1
-5
-6
-8
-6
-6
-5
-5
-6
-3
1
0
0
4
1
-3
0
3
-4
0
3
1
-4
-1
4
3
6
5
4
4
5
3
1
0
1
5
3
3
6
7
11
9
5
5
8
9
12
9
6
8
7
7
2
2
3
5
1
-1
-2
-5
-4
-2
-7
-8
-9
-12
-6
-1
0
-1
-3
-6
-3
-6
-7
-7
-4
-5
0
1
0
6
6
3
4
2
6
-1
4
10
3
7
6
12
10
5
7
6
3
4
0
-1
3
5
3
-3
-2
-2
3
2
1
-1
1
5
0
0
-1
-8
-2
2
-3
-4
-4
2
-1
-8
-8
-7
0
2
-1
-1
2
2
7
6
3
0
-3
0
-3
0
0
-3
-1
-4
-2
0
-1
-6
-4
-1
-5
-4
-3
-7
-4
-2
3
2
1
-2
-7
4
1
1
7
3
2
7
5
-3
0
4
2
-1
-2
-4
-4
-6
-7
2
-2
-2
1
-2
-5
-4
-3
-1
5
4
0
2
0
2
4
-3
3
2
-4
6
0
-3
-2
-3
5
5
6
5
3
0
1
4
3
-3
3
5
2
4
3
8
0
-2
-1
-5
-2
-4
-3
0
-5
-2
0
-2
-2
-1
-2
-8
-6
2
0
1
-5
-2
4
2
-2
-4
-1
-1
3
4
5
1
-3
3
3
6
3
3
4
-3
1
2
1
3
5
0
1
0
-2
1
0
1
4
-1
0
-2
-1
-1
2
-1
-7
-8
-6
-2
-1
-3
-2
-1
5
7
-1
-3
0
0
-5
0
-7
-7
-2
-6
-5
-10
-3
3
-3
1
3
1
6
7
-2
3
4
-4
1
3
3
6
4
0
1
0
1
-1
-5
-2
-2
-1
-3
1
0
-2
-1
-5
-4
-1
-1
0
-5
-9
-5
0
2
-7
-6
0
-2
4
5
-4
0
2
-1
-1
-1
1
1
-4
0
-4
-4
6
2
-3
3
7
4
7
4
5
2
7
7
5
8
5
2
2
-1
-2
0
-1
0
-4
-3
-2
-8
-6
-1
-4
-5
-4
-4
-6
-5
-2
1
0
-1
-4
-4
-3
-1
-4
-6
3
3
1
1
3
2
0
4
5
5
5
1
3
10
8
5
3
0
4
2
1
6
7
12
3
7
3
1
0
-2
-6
-7
0
-7
-3
-5
-2
-4
-1
1
1
2
-5
1
-3
-5
-4
-4
-3
-4
1
-5
-3
-3
0
0
-4
4
1
5
6
1
2
2
4
1
-3
-4
-3
-2
-2
-3
-1
2
6
0
-1
1
0
-6
-3
-3
-6
-2
-1
0
4
2
1
7
10
3
-2
-2
-5
2
3
-1
0
2
-1
2
0
-4
3
2
2
3
3
-1
-2
4
3
3
-2
0
-2
-3
1
5
0
-8
1
3
-2
-2
-2
-2
1
2
2
3
-6
-4
2
1
4
0
0
-1
1
6
1
-3
-5
0
0
-4
1
-1
1
-1
-7
-1
4
5
-4
-4
-6
-8
2
3
2
2
0
3
3
-1
1
-1
6
9
6
4
7
8
10
8
-2
1
2
-1
0
-3
-4
-4
-3
3
-2
-4
-7
-2
0
-5
-5
-9
0
-4
-3
0
-5
-11
-10
-3
-1
1
-3
-10
-2
1
-1
-1
2
2
-2
-3
3
3
4
2
0
6
3
5
4
-1
2
2
5
5
6
8
5
5
8
8
3
10
2
3
2
1
9
-3
0
0
-2
-2
-1
-2
-5
-4
-4
-6
-2
-6
-8
-4
1
2
-2
3
0
-5
-3
-1
1
-1
5
3
4
8
3
2
7
5
0
0
-7
2
7
5
5
1
2
-3
4
6
3
6
5
1
0
0
-1
-1
-2
0
-1
2
0
3
-1
-7
0
0
-2
-6
-1
6
-5
-4
-6
-10
-3
-2
1
-2
-3
-1
-2
-5
-5
-1
1
1
-1
0
3
-1
1
3
-2
-4
-4
-6
-5
0
4
3
-1
4
3
3
1
5
7
2
4
-3
-4
2
-3
-8
-4
-6
1
3
-3
-4
0
-2
-2
1
2
0
1
6
4
4
3
0
-5
-1
0
0
2
0
-2
-5
-1
-2
-7
-6
-9
-8
-4
-6
-11
-9
-4
-8
-4
-8
-3
-3
-1
7
0
6
-2
1
-2
0
5
0
1
5
10
3
5
1
2
5
3
9
10
9
4
12
7
5
10
2
0
-2
3
-5
-3
1
-5
-2
0
-4
-1
2
4
-2
-6
1
-4
-1
0
-2
-5
-1
-2
-1
0
3
11
5
7
6
-1
3
7
7
8
5
2
1
5
1
0
3
0
2
-4
-4
-2
-5
-5
-5
-5
-8
-8
-6
-8
-6
-9
-12
-12
-13
-7
-10
-8
0
-2
-8
-1
-5
-7
-3
1
0
1
1
3
4
4
7
6
8
4
10
7
3
2
0
4
3
5
4
2
6
0
-6
-6
1
8
3
5
7
-2
5
3
-2
-4
-3
-5
-8
2
5
-1
-6
1
-4
-4
-6
-3
-2
-10
-1
-1
2
3
0
-9
-6
5
2
2
1
-3
-1
-4
4
3
0
11
16
7
3
0
-4
-6
-4
2
-5
-3
-6
-2
0
-6
-5
2
-1
-2
1
-7
-8
-4
-7
-9
-8
-6
-3
-1
2
-1
-5
-2
-1
-7
3
0
-4
-1
0
5
8
3
3
7
12
13
9
10
1
8
8
5
7
2
6
7
6
4
8
4
-1
1
-3
-1
-5
-1
-2
-1
-5
-8
-7
-10
-12
-3
-8
-3
-1
-9
0
-5
-1
-1
0
5
7
3
4
2
-4
3
3
3
0
2
5
3
9
7
8
9
5
9
5
3
7
0
-1
1
0
-5
1
0
-9
-4
-6
-10
-12
-11
-10
-7
-7
-4
-4
-10
-11
-13
-11
-14
-5
-6
-10
-8
-4
5
7
4
0
-2
-3
1
1
2
-1
11
12
12
14
8
9
4
-4
0
10
7
2
2
1
2
0
-4
-6
-6
-6
-11
-2
-2
-4
5
-2
0
-2
-4
-2
-4
-1
-2
1
2
5
7
4
11
1
0
4
6
8
5
6
4
8
17
14
3
6
-1
1
7
-2
4
4
-3
-4
-3
2
4
1
-5
-13
-16
-12
-11
-8
-11
-13
-3
-4
-5
-6
-5
2
-3
-6
-2
-5
-7
0
-1
-1
0
7
6
5
9
9
8
7
8
10
10
12
11
4
8
3
7
6
3
2
6
3
-2
1
-4
4
-5
-13
-8
-10
-3
1
-4
-5
-6
-5
5
0
-1
-6
-2
-3
-5
-3
-4
1
3
13
7
8
14
10
4
7
10
7
10
8
9
8
11
5
5
5
1
1
-7
-12
-5
-5
-11
-14
-11
-7
-3
-7
-11
-4
-17
-18
-16
-17
-14
-10
-4
-1
-8
-11
-4
-7
-5
-1
4
-4
-4
-4
-9
-1
2
6
7
7
3
1
13
7
7
1
1
8
11
16
11
5
1
8
0
1
6
-3
2
5
7
-2
1
2
0
-2
-6
-4
-6
-4
-7
4
5
-4
1
3
12
9
2
8
6
5
2
7
5
5
8
8
18
5
8
9
3
6
7
4
1
2
4
0
-4
7
4
7
3
-4
-6
-2
-4
-10
-6
-1
-3
2
3
3
-1
-9
-8
-11
-11
-10
-9
-12
-10
-2
0
-1
-2
3
1
-2
-7
1
1
-6
7
1
7
10
7
1
-5
-3
-13
-7
-9
-6
0
-1
8
5
2
-4
-5
-2
-1
-2
-10
-6
-9
-8
1
-2
1
1
2
1
-3
-11
-10
-5
-7
-7
-3
-2
9
13
14
13
5
3
1
-2
0
2
7
11
5
5
17
18
10
7
6
2
-3
-7
-2
-5
-6
-3
2
5
4
3
2
-3
-4
-8
-11
-10
-10
-3
-1
1
-1
1
-2
-1
1
-2
-8
-7
-2
-6
-7
5
12
9
12
12
11
9
2
-8
-11
-12
-7
-6
0
6
8
4
-1
6
4
-6
-11
-6
-9
-12
-18
-6
4
4
8
14
8
-1
-3
-14
-6
-13
-15
-8
8
12
12
16
13
18
10
3
-2
-3
-11
-6
-4
-3
3
8
15
12
20
15
-1
-12
-17
-21
-20
-23
-14
1
6
12
12
11
10
8
-1
-8
-16
-22
-21
-20
-10
-5
1
15
19
20
15
12
4
-8
-18
-23
-15
-14
-7
2
9
21
25
20
14
13
12
1
-7
-11
-15
-14
-7
-7
5
9
5
12
-3
6
5
-9
-9
-17
-20
-28
-24
-13
-8
-1
3
8
19
17
14
4
-8
-10
-16
-17
-18
-13
-8
2
16
18
27
26
20
19
7
6
-10
-21
-26
-22
-16
-9
8
11
19
25
17
12
6
-5
-11
-21
-22
-30
-28
-14
-2
6
12
17
19
20
15
5
-6
-8
-16
-16
-13
-5
3
12
19
27
29
19
14
8
1
-8
-5
-8
-9
-2
4
12
14
12
10
9
5
1
-5
-14
-17
-13
-17
-7
-8
-7
3
3
-2
4
7
-8
2
-1
2
0
-5
-3
-7
-8
-12
-3
-2
5
-1
4
9
11
4
5
7
-3
-2
-12
-14
-20
-16
-10
-4
6
13
17
14
16
14
2
-8
-19
-25
-28
-26
-14
-6
0
7
18
18
12
8
8
-2
-14
-14
-22
-15
-12
-7
-7
5
18
22
26
16
10
3
-5
-8
-10
-16
-16
-12
3
4
11
11
14
28
17
12
2
3
-1
-9
-14
-7
-6
-6
0
9
16
13
13
13
10
6
-1
-8
-4
-12
-15
-13
-11
-5
7
17
23
30
21
23
3
-8
-14
-30
-29
-22
-12
-5
10
22
35
25
24
19
3
-10
-20
-26
-36
-35
-22
-7
10
20
23
26
17
17
7
1
-6
-18
-27
-30
-15
-10
4
22
19
21
33
23
13
8
-6
-14
-11
-9
-8
-5
4
6
7
23
20
19
12
4
1
-9
-21
-26
-23
-14
-9
-1
0
0
19
17
27
27
10
12
6
-11
-18
-12
-15
-12
-1
6
20
21
23
22
16
11
3
-5
-14
-25
-30
-19
-12
-6
7
11
10
7
8
-12
-16
-19
-25
-17
-21
-20
-9
-6
2
0
6
9
-2
-6
-12
-9
-10
2
5
-3
-6
-1
10
8
8
16
9
-7
-6
0
4
4
12
9
-2
9
4
4
1
-2
-4
-5
6
-1
4
4
-2
4
1
5
12
10
15
4
0
-9
-7
3
4
13
10
17
16
16
11
7
2
-12
-12
-12
-5
-4
6
8
16
28
29
29
21
15
-8
-12
-21
-28
-23
-23
-17
-1
21
35
30
31
30
7
-9
-24
-34
-39
-33
-26
-8
2
9
30
37
41
32
5
-7
-11
-27
-33
-30
-34
-28
-13
7
30
41
40
35
25
8
-1
-11
-27
-34
-43
-34
-17
-5
12
23
25
22
31
21
8
-13
-26
-41
-55
-52
-35
-14
2
25
26
36
32
23
18
3
-16
-34
-26
-25
-18
-17
-22
-9
15
31
37
37
34
19
-1
-15
-30
-33
-30
-32
-22
-5
16
26
24
19
6
0
4
-6
-3
-5
-10
-18
-14
-11
-16
-3
-10
-6
-3
-1
17
19
28
19
3
-10
-19
-16
-23
-18
-20
-6
1
9
23
21
25
16
14
3
3
-5
-15
-23
-31
-18
-7
30
39
52
44
23
11
-9
-16
-34
-37
-33
-19
-6
8
27
33
34
21
4
1
-10
-21
-40
-46
-39
-11
24
38
55
35
7
-21
-36
-41
-30
-20
-15
3
10
21
33
40
22
12
-1
-16
-20
-29
-40
-44
-40
-11
16
42
58
46
15
-14
-35
-58
-52
-40
-35
-16
-1
14
32
34
27
20
2
-12
-11
-27
-27
-37
-26
-21
0
28
44
56
23
16
-7
-25
-30
-23
-14
-13
-7
-4
6
9
18
19
23
23
26
14
2
-30
-41
-48
-40
-9
16
49
47
46
7
0
-33
-37
-28
-21
-8
-6
6
13
26
10
17
4
-4
5
0
-3
-7
-18
-23
-4
7
17
25
24
-3
-9
-8
-15
-6
-5
11
5
3
-3
-9
-16
-12
-3
-3
5
-1
4
-4
2
-6
-2
13
17
33
11
3
-27
-36
-35
-22
1
22
35
27
29
10
5
-8
-14
-17
-8
-7
-9
-7
-14
-13
-8
-3
15
30
19
23
-4
-15
-26
-17
-3
-10
6
4
8
-6
-3
-2
9
27
37
27
8
-10
-33
-30
-37
-16
2
19
29
21
-1
-27
-28
-23
-8
16
36
34
29
4
-15
-33
-35
-25
-18
2
6
12
8
6
12
10
18
22
10
-2
-22
-38
-37
-28
-9
-3
25
38
28
15
-1
-7
-7
-7
1
6
-7
-15
-31
-29
-21
-18
-5
8
14
11
11
4
7
10
13
12
9
4
-15
-34
-47
-37
-21
-1
18
36
49
52
41
28
11
-4
-13
-30
-40
-35
-23
-12
17
29
45
54
50
42
22
4
-9
-18
-37
-32
-24
-19
-9
-8
-7
0
26
38
45
41
30
15
-7
-24
-38
-53
-50
-36
-23
3
21
38
48
47
31
21
-2
-23
-28
-39
-35
-33
-18
1
23
20
26
25
8
4
2
5
5
6
-3
-1
10
13
6
-3
-17
-26
-15
-5
8
21
24
18
8
0
3
-9
-18
-17
-25
-23
-24
-15
-8
-3
0
6
6
11
15
4
3
-8
-3
10
24
25
11
-2
-25
-33
-30
-22
-5
5
4
14
6
3
-2
-11
-14
-23
-9
5
12
4
-2
-8
-6
-1
6
26
30
36
36
30
25
30
28
11
-6
-23
-37
-44
-47
-41
-30
-15
2
16
28
26
6
-8
-19
-20
-21
-14
-4
-9
-3
-3
-2
0
14
12
12
13
14
18
6
5
-3
-14
-22
-28
-18
-6
2
17
36
52
59
73
77
61
42
33
15
-6
-6
-21
-33
-35
-37
-32
-17
-8
-13
-24
-35
-46
-54
-51
-46
-40
-35
-36
-25
-18
-12
-9
-13
1
14
26
39
51
54
54
46
48
44
40
36
21
12
3
2
-2
6
13
23
22
19
29
34
19
4
-9
-35
-48
-66
-80
-80
-76
-64
-49
-31
-8
-6
-5
-14
-34
-40
-44
-50
-53
-38
-30
-10
14
37
55
64
71
74
81
72
76
70
69
64
59
61
56
61
55
60
47
47
50
47
40
29
21
1
-21
-37
-55
-80
-95
-125
-139
-161
-168
-167
-161
-149
-134
-113
-101
-85
-90
-89
-92
-85
-68
-46
-14
22
56
77
99
117
135
154
179
192
215
236
248
249
229
220
209
204
184
187
183
176
163
150
130
106
68
28
-10
-81
-147
-228
-292
-371
-423
-472
-493
-501
-493
-472
-458
-425
-400
-342
-310
-258
-218
-168
-130
-92
-36
23
98
160
257
327
411
461
503
528
541
547
527
505
451
411
347
299
261
256
247
257
272
273
251
191
126
28
-55
-173
-275
-378
-461
-530
-575
-579
-563
-512
-470
-397
-352
-307
-288
-281
-281
-287
-278
-274
-242
-202
-139
-66
47
156
268
349
420
439
408
339
241
146
18
-82
-168
-200
-226
-208
-180
-112
-36
42
117
198
277
302
345
371
432
466
537
602
681
729
727
707
635
548
374
201
4
-182
-395
-569
-704
-800
-871
-916
-881
-826
-743
-711
-640
-588
-558
-550
-521
-472
-415
-337
-222
-40
141
331
514
709
854
934
910
860
733
532
295
59
-143
-332
-466
-549
-544
-523
-455
-375
-249
-141
-59
32
125
194
229
297
381
486
585
704
835
955
1015
1023
994
923
754
540
296
62
-213
-482
-691
-842
-965
-1074
-1098
-1080
-1040
-1039
-1004
-967
-909
-880
-821
-724
-590
-437
-278
-42
205
443
639
824
977
1070
1050
971
851
702
478
245
63
-102
-255
-384
-422
-412
-370
-331
-230
-105
13
98
184
293
375
455
517
624
722
774
782
772
759
688
557
390
254
91
-118
-312
-454
-558
-708
-853
-925
-930
-1000
-1086
-1122
-1095
-1078
-1073
-973
-797
-612
-453
-222
48
319
511
687
849
973
982
908
812
672
484
237
62
-66
-166
-298
-354
-326
-246
-208
-151
-45
64
141
157
255
345
426
469
582
732
861
931
934
960
945
857
646
453
264
30
-271
-509
-632
-773
-968
-1111
-1107
-1105
-1191
-1274
-1225
-1189
-1201
-1173
-1004
-813
-667
-486
-197
135
383
623
840
1058
1144
1176
1124
1028
866
651
432
201
49
-132
-262
-377
-362
-336
-311
-274
-197
-76
-13
82
175
319
416
533
652
790
938
959
942
902
892
765
529
321
151
-71
-369
-573
-666
-790
-993
-1110
-1110
-1122
-1246
-1336
-1307
-1266
-1277
-1198
-1008
-782
-600
-356
-26
281
593
820
1065
1187
1305
1291
1195
1024
840
622
327
103
-102
-228
-429
-501
-513
-437
-425
-407
-279
-121
-15
52
200
401
554
648
799
984
1098
1022
973
944
918
655
392
221
97
-156
-426
-493
-544
-692
-937
-933
-925
-1018
-1233
-1300
-1246
-1294
-1347
-1267
-1007
-818
-647
-334
88
438
641
864
1082
1239
1184
1046
907
715
457
153
-30
-194
-314
-482
-480
-389
-273
-235
-184
-27
117
188
234
367
510
581
645
803
973
1045
934
937
915
882
586
361
172
-31
-324
-594
-643
-744
-887
-1104
-1002
-942
-960
-1120
-1078
-976
-1000
-1014
-914
-662
-549
-409
-119
296
597
764
954
1151
1244
1164
980
800
523
206
-139
-351
-530
-689
-845
-855
-721
-554
-458
-369
-185
6
148
229
401
566
679
746
949
1167
1346
1246
1238
1219
1237
992
649
427
133
-192
-641
-756
-904
-1052
-1359
-1306
-1176
-1073
-1172
-1158
-975
-949
-891
-847
-553
-449
-353
-174
231
544
799
947
1166
1285
1312
1211
985
739
363
26
-318
-533
-762
-942
-1143
-1096
-975
-767
-696
-560
-327
-111
74
202
423
588
703
844
1091
1348
1485
1384
1362
1349
1365
1067
718
437
165
-248
-638
-774
-892
-1139
-1427
-1337
-1187
-1109
-1267
-1204
-1063
-1005
-963
-825
-538
-422
-288
14
419
758
995
1174
1310
1414
1412
1277
933
586
229
-164
-505
-789
-906
-1147
-1239
-1187
-882
-679
-598
-433
-160
116
192
357
514
693
698
881
1123
1407
1451
1348
1341
1384
1389
1003
642
320
26
-480
-879
-1039
-1158
-1488
-1727
-1563
-1296
-1219
-1337
-1143
-901
-768
-724
-464
-159
-84
-9
312
727
963
1066
1177
1379
1398
1323
1106
862
505
57
-334
-625
-864
-1149
-1409
-1443
-1279
-1104
-915
-751
-439
-185
85
326
590
748
852
995
1236
1429
1586
1692
1558
1498
1444
1471
1023
551
195
-104
-613
-1105
-1256
-1419
-1760
-2067
-1811
-1538
-1453
-1607
-1301
-962
-808
-699
-360
27
63
212
602
1047
1157
1257
1385
1564
1485
1417
1242
943
518
51
-219
-543
-873
-1220
-1401
-1466
-1379
-1231
-1002
-860
-648
-345
-11
287
459
653
853
1056
1276
1455
1694
1717
1498
1402
1444
1410
821
285
9
-251
-807
-1251
-1330
-1437
-1811
-2036
-1671
-1347
-1318
-1495
-1140
-760
-649
-532
-226
129
133
326
771
1186
1300
1393
1558
1671
1606
1475
1238
773
270
-204
-504
-892
-1285
-1564
-1658
-1616
-1457
-1143
-868
-701
-452
-72
270
479
553
711
856
1041
1232
1438
1707
1672
1519
1501
1673
1552
892
366
101
-272
-960
-1438
-1585
-1807
-2286
-2370
-1915
-1556
-1554
-1582
-1002
-573
-405
-256
167
446
364
579
1016
1308
1260
1316
1503
1641
1482
1400
1161
772
257
-181
-375
-813
-1239
-1593
-1646
-1617
-1541
-1322
-1078
-910
-631
-218
197
483
582
832
1068
1332
1543
1719
1957
1773
1574
1528
1612
1275
486
49
-201
-623
-1290
-1566
-1626
-1852
-2278
-2097
-1595
-1343
-1436
-1402
-793
-570
-445
-296
107
253
264
632
1115
1358
1437
1602
1763
1888
1755
1631
1126
656
136
-321
-741
-1239
-1573
-1857
-1914
-1796
-1483
-1209
-974
-750
-286
101
381
581
650
795
929
1188
1359
1508
1725
1623
1530
1579
1765
1403
620
194
-14
-487
-1307
-1661
-1782
-2086
-2599
-2365
-1793
-1558
-1704
-1466
-693
-390
-278
-48
463
537
485
833
1271
1363
1258
1357
1578
1608
1524
1343
1032
606
199
-121
-492
-951
-1357
-1623
-1739
-1662
-1510
-1305
-1221
-938
-497
-13
320
546
777
1051
1278
1581
1730
1936
1854
1581
1465
1444
1394
626
41
-299
-482
-1058
-1480
-1572
-1594
-1954
-2060
-1561
-1198
-1195
-1428
-937
-586
-505
-460
-116
187
142
349
941
1309
1414
1473
1732
1915
1808
1650
1245
716
146
-324
-775
-1226
-1691
-1869
-2050
-1875
-1547
-1154
-889
-698
-191
241
550
647
756
821
910
1002
1264
1392
1585
1527
1444
1557
1682
1532
795
298
22
-344
-1133
-1642
-1814
-1994
-2479
-2458
-1832
-1459
-1473
-1382
-590
-145
-38
114
547
704
546
703
1090
1214
1044
1066
1289
1413
1294
1176
911
534
137
-154
-495
-956
-1333
-1595
-1756
-1710
-1488
-1244
-1155
-896
-372
141
449
691
957
1218
1367
1575
1814
1943
1866
1469
1407
1332
1225
542
-78
-396
-670
-1100
-1586
-1645
-1683
-1852
-2034
-1523
-1073
-976
-1188
-813
-351
-309
-280
-52
246
211
322
817
1229
1320
1317
1499
1823
1729
1477
1055
657
72
-485
-899
-1246
-1712
-1993
-2062
-1856
-1466
-1141
-806
-575
-22
410
696
872
974
1001
1042
1158
1371
1457
1581
1408
1272
1412
1491
1129
386
35
-257
-768
-1455
-1724
-1883
-2108
-2409
-2128
-1500
-1214
-1191
-914
-175
112
107
365
731
688
516
802
1181
1135
1042
1127
1369
1437
1304
1040
747
361
-123
-579
-887
-1272
-1760
-1961
-1924
-1713
-1532
-1227
-944
-543
-75
344
644
946
1067
1123
1314
1562
1673
1661
1812
1575
1390
1344
1381
755
12
-277
-565
-1129
-1740
-1831
-1933
-2128
-2286
-1817
-1312
-1117
-1142
-710
-104
-60
-39
294
636
475
475
974
1301
1227
1265
1485
1698
1623
1475
1151
726
236
-300
-766
-1140
-1632
-2020
-2101
-1987
-1764
-1528
-1094
-807
-380
91
499
741
923
984
1080
1233
1441
1495
1586
1796
1520
1416
1472
1520
812
73
-151
-447
-1147
-1797
-1933
-2003
-2261
-2434
-1857
-1314
-1117
-1117
-566
110
93
111
474
780
561
500
996
1265
1109
1126
1397
1659
1573
1374
1184
777
284
-256
-639
-1047
-1697
-2052
-2096
-2051
-1965
-1724
-1283
-976
-617
-30
439
713
879
1016
1286
1407
1556
1600
1790
1886
1492
1427
1529
1462
653
17
-157
-428
-1186
-1750
-1819
-1871
-2171
-2367
-1733
-1291
-1222
-1287
-670
-90
-195
-143
313
578
408
472
1094
1356
1257
1352
1686
1914
1756
1595
1321
847
217
-232
-712
-1229
-1897
-2102
-2147
-2181
-1998
-1649
-1188
-1004
-541
47
438
609
760
916
1119
1228
1404
1517
1757
1863
1609
1632
1756
1696
927
254
52
-289
-1086
-1771
-1897
-1956
-2362
-2539
-1880
-1390
-1358
-1378
-658
-56
-180
-70
362
639
358
436
1069
1274
1134
1180
1609
1869
1692
1546
1361
959
395
-81
-488
-1006
-1668
-1936
-2076
-2075
-1981
-1752
-1378
-1184
-709
-197
235
485
616
864
1130
1306
1486
1563
1871
1816
1568
1594
1738
1527
638
141
70
-320
-1179
-1602
-1601
-1708
-2240
-2096
-1467
-1267
-1375
-1279
-521
-299
-467
-201
214
318
119
542
1175
1202
1139
1477
1909
1915
1734
1635
1384
719
306
-164
-638
-1335
-1795
-1888
-2062
-2040
-1879
-1512
-1269
-1004
-525
9
185
375
518
798
965
1093
1341
1475
1779
1794
1695
1770
1893
1634
847
373
242
-296
-1193
-1671
-1718
-1921
-2398
-2292
-1690
-1483
-1524
-1311
-537
-283
-384
-123
338
422
216
566
1100
1120
1023
1337
1760
1820
1655
1622
1374
933
460
62
-437
-1096
-1630
-1852
-2031
-2111
-2051
-1780
-1497
-1268
-737
-191
174
377
625
1048
1268
1421
1598
1816
2031
1768
1690
1766
1833
1239
514
302
150
-528
-1248
-1394
-1494
-1847
-2257
-1826
-1546
-1603
-1737
-1298
-734
-804
-752
-306
102
88
223
882
1341
1267
1463
1863
2127
2009
1866
1731
1195
646
246
-246
-850
-1549
-1848
-2008
-2169
-2097
-1884
-1601
-1405
-1034
-432
-64
83
362
587
911
1009
1270
1492
1706
1970
1870
1936
2067
2085
1509
853
593
315
-511
-1282
-1587
-1747
-2179
-2560
-2188
-1859
-1871
-1859
-1304
-684
-703
-601
-82
278
264
365
970
1257
1200
1386
1805
2016
1928
1831
1769
1395
866
448
-42
-623
-1349
-1722
-1963
-2184
-2248
-2121
-1862
-1659
-1267
-715
-286
5
320
642
988
1207
1397
1594
1890
2136
1967
1921
2066
2066
1497
812
607
294
-450
-1205
-1465
-1599
-2069
-2422
-2148
-1828
-1891
-1936
-1444
-922
-960
-856
-353
46
77
240
890
1249
1302
1528
1962
2272
2137
2040
1935
1566
992
438
-46
-718
-1431
-1848
-2085
-2321
-2366
-2194
-1916
-1673
-1255
-636
-286
-9
245
617
894
1029
1265
1455
1801
2035
2194
2193
2300
2324
2056
1456
962
603
-71
-926
-1590
-1800
-2210
-2681
-2777
-2405
-2227
-2225
-1861
-1224
-939
-853
-451
138
349
334
721
1223
1403
1393
1794
2193
2182
2012
2054
1996
1454
849
396
-181
-969
-1595
-1954
-2285
-2630
-2653
-2445
-2195
-1872
-1341
-767
-400
-49
473
919
1106
1307
1619
1976
2092
2356
2465
2419
2318
2221
1938
1292
799
324
-334
-1125
-1550
-1855
-2256
-2688
-2642
-2381
-2314
-2257
-1955
-1454
-1272
-1097
-557
-48
150
332
935
1494
1659
1930
2385
2595
2481
2414
2355
1907
1173
574
-56
-789
-1570
-2045
-2347
-2662
-2805
-2617
-2244
-1968
-1567
-984
-519
-318
83
556
798
852
1181
1667
1861
2154
2598
2934
2785
2696
2743
2449
1660
862
311
-444
-1402
-2161
-2433
-2838
-3309
-3362
-2840
-2507
-2478
-2033
-1316
-867
-705
-206
411
557
620
1030
1594
1783
1844
2098
2401
2407
2289
2205
1897
1319
575
113
-574
-1304
-1968
-2347
-2691
-2950
-2792
-2531
-2260
-1952
-1331
-792
-337
130
668
1028
1319
1736
2099
2396
2625
2911
2915
2695
2591
2443
1970
1072
484
26
-702
-1589
-2058
-2197
-2699
-3096
-2903
-2471
-2511
-2477
-1964
-1339
-1217
-1003
-309
201
351
562
1334
1921
1993
2177
2583
2819
2593
2398
2225
1602
762
146
-409
-1186
-1940
-2357
-2586
-2874
-2773
-2463
-2182
-1914
-1483
-797
-432
-149
228
619
916
1132
1595
1983
2249
2579
3003
3039
2901
2797
2682
1988
1084
590
-97
-1067
-2048
-2354
-2664
-3209
-3443
-3079
-2704
-2610
-2323
-1613
-1068
-928
-519
158
558
531
842
1557
1855
1822
2074
2508
2573
2280
2242
2033
1416
659
120
-429
-1221
-1944
-2350
-2595
-2822
-2806
-2571
-2253
-1982
-1442
-790
-359
-33
449
975
1233
1491
1955
2293
2443
2694
3039
2975
2690
2520
2339
1723
896
334
-267
-1112
-1967
-2272
-2518
-2950
-3304
-3026
-2583
-2497
-2322
-1752
-1153
-1024
-633
30
510
577
936
1587
1950
2000
2192
2564
2531
2250
2035
1855
1211
385
-174
-653
-1386
-2125
-2409
-2504
-2769
-2813
-2488
-2111
-1839
-1384
-755
-316
-4
484
1006
1291
1507
1921
2326
2508
2743
3097
3142
2798
2569
2464
1978
976
275
-260
-1098
-2051
-2471
-2580
-3097
-3513
-3206
-2582
-2431
-2323
-1734
-1031
-824
-588
106
636
643
739
1392
1897
1850
1908
2281
2378
2067
1897
1877
1328
492
-36
-411
-1110
-1860
-2240
-2403
-2708
-2833
-2515
-2143
-1893
-1541
-821
-229
102
538
1108
1449
1601
1951
2363
2487
2559
2861
2955
2686
2421
2346
1892
1055
382
-96
-843
-1754
-2257
-2448
-2843
-3275
-3145
-2688
-2490
-2407
-1869
-1220
-993
-744
-65
477
497
629
1287
1705
1664
1731
2127
2176
1845
1753
1772
1348
515
64
-177
-749
-1579
-1926
-2008
-2309
-2584
-2338
-1893
-1830
-1591
-929
-296
-75
234
876
1244
1347
1661
2158
2378
2377
2647
2967
2830
2460
2300
2031
1324
472
-4
-571
-1513
-2198
-2348
-2506
-2961
-3041
-2584
-2222
-2143
-1770
-1180
-841
-724
-317
193
330
411
765
1216
1315
1405
1725
1958
1797
1679
1754
1511
884
351
114
-486
-1287
-1746
-1865
-2180
-2535
-2397
-1981
-1760
-1547
-931
-292
38
256
786
1219
1297
1366
1735
2012
1977
2101
2516
2634
2289
2138
2135
1802
1001
403
-58
-792
-1626
-2051
-2197
-2593
-2956
-2802
-2270
-2076
-1956
-1492
-900
-688
-582
-95
308
278
262
679
1037
1034
1107
1437
1644
1555
1535
1602
1382
833
412
82
-460
-1138
-1584
-1784
-2076
-2282
-2116
-1764
-1576
-1284
-703
-110
122
377
794
1092
1159
1264
1568
1759
1820
1999
2327
2442
2270
2117
2059
1736
1050
405
-77
-681
-1449
-1959
-2127
-2352
-2590
-2521
-2111
-1816
-1658
-1380
-988
-736
-655
-481
-227
-136
-113
140
492
730
903
1234
1567
1669
1700
1724
1572
1133
646
229
-296
-900
-1360
-1651
-1875
-1981
-1857
-1549
-1302
-982
-547
-88
166
319
549
736
793
828
1054
1312
1493
1682
2051
2421
2544
2444
2325
2142
1667
967
278
-351
-1102
-1840
-2209
-2321
-2465
-2553
-2328
-1881
-1597
-1398
-1107
-841
-857
-911
-756
-583
-630
-629
-233
235
549
897
1476
1881
1982
2063
2173
1931
1290
735
294
-302
-1036
-1462
-1632
-1837
-1970
-1719
-1244
-993
-799
-389
69
201
191
369
503
424
419
786
1119
1284
1573
2144
2596
2629
2602
2584
2316
1619
908
318
-388
-1291
-1887
-2075
-2256
-2504
-2489
-2094
-1843
-1752
-1550
-1230
-1173
-1326
-1265
-1034
-976
-973
-659
-103
365
770
1396
1988
2252
2346
2504
2474
1954
1319
848
289
-460
-1052
-1324
-1579
-1859
-1775
-1408
-1176
-1089
-808
-358
-184
-237
-162
3
19
20
294
744
1049
1412
1990
2561
2913
3015
3015
2774
2330
1702
954
145
-656
-1370
-1946
-2268
-2376
-2409
-2451
-2294
-1981
-1738
-1715
-1708
-1615
-1629
-1662
-1547
-1225
-967
-678
-57
746
1397
1881
2413
2807
2879
2767
2583
2158
1406
659
54
-514
-1111
-1526
-1706
-1764
-1719
-1513
-1138
-930
-846
-704
-503
-432
-494
-450
-308
-151
129
644
1273
1794
2276
2840
3369
3541
3370
3018
2575
1853
891
58
-695
-1421
-2167
-2456
-2469
-2487
-2532
-2378
-2065
-1954
-1922
-1857
-1768
-1905
-1960
-1744
-1358
-1065
-648
112
888
1543
2150
2785
3077
2999
2893
2734
2194
1332
624
103
-549
-1175
-1422
-1485
-1667
-1726
-1396
-1034
-1035
-1091
-884
-720
-831
-875
-654
-458
-382
18
735
1385
1848
2431
3099
3466
3609
3562
3291
2610
1853
1135
321
-634
-1418
-1882
-2314
-2586
-2626
-2443
-2476
-2455
-2213
-1978
-2044
-2171
-2043
-1928
-1859
-1619
-1030
-505
-5
696
1600
2255
2604
2934
3160
3004
2592
2183
1677
942
184
-261
-612
-1010
-1295
-1296
-1268
-1315
-1273
-1108
-1092
-1196
-1160
-1025
-956
-924
-649
-295
66
527
1147
1746
2163
2593
3007
3198
3111
2960
2651
2069
1301
709
123
-666
-1374
-1764
-1970
-2315
-2491
-2357
-2225
-2338
-2295
-2019
-1880
-1965
-1897
-1553
-1345
-1174
-762
-126
331
714
1332
1938
2226
2297
2468
2484
2157
1757
1495
1110
501
77
-111
-390
-823
-984
-963
-1131
-1335
-1301
-1155
-1259
-1329
-1118
-832
-717
-566
-140
288
568
860
1340
1719
1877
2042
2285
2362
2159
2011
1824
1430
850
414
14
-592
-1131
-1463
-1637
-1958
-2112
-2062
-1938
-1920
-1891
-1652
-1499
-1450
-1437
-1198
-1021
-926
-729
-316
111
358
771
1241
1649
1825
2013
2164
2085
1881
1572
1352
944
485
59
-229
-467
-767
-881
-947
-969
-1043
-947
-829
-808
-799
-725
-551
-479
-328
-146
66
262
517
864
1166
1421
1586
1794
1913
1908
1814
1577
1224
710
351
-45
-553
-1018
-1291
-1387
-1594
-1611
-1514
-1406
-1473
-1462
-1345
-1371
-1521
-1651
-1580
-1537
-1405
-1119
-641
-221
227
853
1464
1851
2035
2250
2314
2090
1811
1543
1195
722
389
280
103
-72
-178
-151
-258
-411
-528
-684
-930
-1188
-1263
-1291
-1289
-1255
-980
-661
-345
30
437
814
1009
1247
1455
1574
1572
1540
1548
1422
1257
1050
868
597
242
-78
-334
-581
-945
-1244
-1449
-1577
-1815
-2001
-2036
-2018
-2027
-1995
-1747
-1486
-1243
-948
-480
0
366
739
1170
1524
1701
1854
2041
2085
1950
1853
1800
1620
1310
1076
861
491
76
-246
-550
-968
-1354
-1546
-1671
-1830
-1861
-1694
-1503
-1367
-1124
-732
-435
-260
2
384
664
830
1107
1475
1726
1853
2032
2239
2158
1907
1636
1350
880
248
-263
-710
-1145
-1582
-1775
-1849
-1942
-2051
-1980
-1805
-1760
-1757
-1694
-1493
-1376
-1223
-903
-477
-103
290
873
1460
1867
2152
2456
2664
2624
2439
2250
1937
1441
948
578
173
-308
-723
-991
-1227
-1470
-1640
-1743
-1823
-1905
-1857
-1731
-1593
-1430
-1154
-799
-440
-68
336
753
1090
1424
1753
2012
2168
2249
2278
2192
1976
1675
1280
850
372
-123
-573
-973
-1320
-1625
-1785
-1893
-1972
-2003
-1964
-1894
-1846
-1720
-1575
-1400
-1192
-858
-474
-63
408
891
1369
1748
2148
2417
2537
2496
2401
2230
1858
1412
1024
663
179
-270
-530
-739
-1116
-1415
-1519
-1630
-1841
-1936
-1830
-1754
-1723
-1506
-1130
-828
-574
-224
197
489
741
1046
1346
1508
1624
1843
1997
1981
1946
1912
1692
1301
924
585
22
-562
-957
-1257
-1609
-1891
-1892
-1856
-1891
-1854
-1635
-1462
-1438
-1384
-1159
-953
-837
-609
-206
230
568
1004
1493
1871
2073
2234
2344
2259
2014
1725
1426
1031
645
305
0
-287
-514
-707
-909
-1105
-1275
-1417
-1555
-1627
-1623
-1571
-1490
-1317
-1045
-738
-457
-147
181
474
719
979
1232
1387
1503
1629
1769
1786
1714
1596
1378
1066
701
349
-37
-473
-868
-1126
-1284
-1442
-1542
-1547
-1500
-1476
-1442
-1344
-1261
-1251
-1221
-1041
-798
-548
-257
159
604
1002
1387
1745
1975
2020
2007
1952
1751
1418
1101
838
532
209
-2
-179
-428
-694
-863
-1017
-1261
-1482
-1599
-1656
-1708
-1660
-1488
-1267
-1042
-736
-351
-12
270
545
822
1011
1179
1350
1462
1521
1577
1652
1611
1463
1289
1061
738
375
51
-303
-696
-1004
-1172
-1289
-1415
-1433
-1374
-1322
-1298
-1183
-1041
-1008
-967
-829
-544
-339
-104
235
625
919
1160
1472
1645
1672
1565
1530
1397
1131
866
623
424
165
-6
-165
-346
-594
-804
-938
-1138
-1334
-1491
-1498
-1478
-1372
-1159
-879
-609
-362
-13
261
477
589
692
771
803
861
923
1001
1015
1093
1192
1222
1121
912
683
386
66
-288
-599
-873
-1062
-1123
-1081
-958
-855
-733
-617
-503
-419
-409
-463
-552
-563
-506
-380
-216
-10
269
545
814
1044
1213
1237
1153
1030
889
706
428
191
-12
-144
-278
-359
-415
-486
-555
-618
-598
-613
-654
-682
-609
-527
-469
-401
-321
-244
-191
-116
-47
19
66
140
248
379
513
623
710
800
859
856
772
622
448
293
150
29
-58
-120
-109
-44
33
65
51
-26
-157
-332
-503
-672
-865
-1001
-1018
-897
-687
-447
-223
30
271
453
529
538
497
391
288
213
213
226
235
291
397
520
560
530
464
321
121
-85
-245
-449
-644
-729
-711
-713
-721
-653
-578
-566
-604
-564
-539
-557
-555
-419
-216
-34
205
509
808
987
1128
1236
1208
1068
937
853
697
519
429
424
427
363
313
227
78
-151
-391
-634
-904
-1167
-1364
-1369
-1296
-1146
-981
-734
-457
-228
32
218
335
349
386
469
561
606
630
725
819
878
889
899
801
598
377
179
-27
-305
-541
-741
-873
-954
-996
-1001
-1031
-1020
-961
-872
-796
-715
-576
-402
-205
25
285
518
700
870
1022
1097
1087
1102
1106
1066
994
978
960
860
733
608
442
142
-187
-491
-756
-1041
-1268
-1367
-1347
-1260
-1120
-891
-656
-474
-349
-202
-106
-47
-15
32
123
246
435
634
824
976
1089
1124
1083
917
667
372
48
-241
-460
-605
-712
-749
-725
-642
-575
-531
-513
-560
-637
-721
-766
-797
-786
-680
-479
-202
124
471
801
1066
1258
1356
1363
1273
1110
923
724
546
399
281
186
127
63
-4
-93
-196
-345
-505
-656
-783
-890
-982
-969
-909
-809
-696
-497
-283
-104
74
262
437
505
560
603
623
560
467
387
280
175
62
1
-54
-107
-133
-140
-140
-163
-196
-280
-379
-486
-586
-695
-791
-805
-774
-676
-523
-277
-9
238
457
665
824
859
834
761
659
513
382
300
268
268
278
368
462
497
498
446
349
153
-65
-268
-427
-571
-650
-609
-505
-352
-192
25
193
297
328
333
288
143
11
-103
-192
-296
-318
-262
-212
-165
-118
-43
-37
-85
-139
-210
-321
-450
-513
-540
-561
-570
-489
-365
-265
-162
-38
76
111
123
156
169
116
69
84
80
63
66
111
164
191
220
268
304
290
259
240
207
138
82
66
72
91
116
185
271
367
458
542
602
613
586
545
484
369
247
141
37
-60
-130
-174
-236
-294
-325
-342
-392
-452
-514
-579
-643
-705
-719
-709
-676
-605
-491
-347
-217
-82
38
129
175
206
224
190
121
73
38
-14
-36
-53
-29
-23
-4
23
13
-6
-48
-77
-137
-195
-230
-243
-249
-222
-140
-37
84
222
380
513
626
713
781
793
776
769
724
660
603
567
516
436
379
319
239
122
-2
-115
-271
-427
-559
-667
-769
-844
-857
-833
-805
-736
-618
-506
-401
-290
-151
-65
-12
45
76
91
78
72
65
59
65
85
87
86
93
81
49
-11
-67
-146
-239
-337
-400
-438
-468
-454
-385
-281
-177
-42
116
257
371
488
586
621
628
632
632
612
593
605
634
675
700
720
740
709
629
514
378
190
-32
-245
-437
-601
-717
-771
-780
-737
-659
-560
-466
-383
-323
-293
-274
-283
-300
-306
-284
-262
-212
-142
-47
54
134
205
245
244
193
105
-11
-133
-261
-368
-433
-471
-470
-438
-385
-308
-225
-158
-110
-75
-40
-9
2
16
63
133
216
320
440
554
640
741
830
867
870
840
819
740
637
517
394
262
112
-3
-100
-180
-270
-326
-355
-358
-374
-386
-390
-394
-373
-367
-354
-333
-300
-251
-183
-87
9
96
163
220
255
248
213
141
44
-59
-147
-231
-302
-343
-369
-360
-354
-314
-303
-316
-326
-333
-362
-415
-430
-417
-368
-328
-216
-55
95
238
390
546
633
663
667
659
611
535
483
428
358
314
307
289
241
181
118
38
-82
-182
-288
-394
-471
-503
-478
-426
-358
-267
-143
-36
60
148
219
258
276
292
297
286
265
251
229
197
164
134
100
42
-28
-102
-159
-228
-307
-354
-382
-418
-451
-452
-422
-401
-386
-336
-259
-184
-119
-19
85
164
210
265
320
337
317
291
275
247
221
197
188
158
113
66
31
-19
-97
-186
-276
-346
-404
-434
-434
-409
-345
-243
-125
9
121
208
283
342
378
380
381
372
351
323
322
311
282
247
214
183
106
33
-26
-94
-181
-245
-270
-299
-317
-309
-276
-243
-206
-151
-93
-48
-17
22
57
85
104
125
153
168
185
189
189
156
119
78
15
-34
-90
-124
-180
-231
-269
-311
-333
-375
-397
-418
-414
-391
-353
-285
-202
-115
-23
87
188
277
342
395
432
451
452
431
399
345
290
239
193
141
87
53
21
-16
-56
-74
-114
-157
-189
-211
-219
-232
-222
-201
-160
-108
-33
38
92
148
198
236
238
231
223
196
152
112
82
43
8
-8
-29
-68
-108
-134
-173
-239
-301
-345
-402
-456
-472
-449
-429
-394
-307
-195
-85
18
123
209
267
299
329
354
356
347
343
359
353
351
343
320
277
221
171
92
7
-84
-156
-206
-251
-266
-271
-253
-227
-197
-165
-132
-104
-91
-63
-37
1
36
81
121
143
175
182
174
154
134
106
58
9
-34
-77
-124
-179
-235
-285
-333
-377
-407
-441
-456
-439
-400
-340
-266
-175
-93
-19
42
100
150
182
208
224
258
314
358
391
436
482
511
518
507
465
389
291
179
75
-26
-111
-160
-175
-166
-144
-78
-17
27
49
59
50
-8
-66
-139
-189
-217
-182
-88
16
126
237
306
300
228
117
-7
-144
-250
-293
-285
-271
-248
-218
-224
-266
-329
-368
-381
-392
-367
-304
-225
-165
-132
-93
-77
-77
-92
-91
-62
-24
43
128
212
286
353
408
406
359
302
249
189
131
101
90
74
60
67
79
74
66
80
96
97
114
139
130
96
76
74
76
60
63
88
110
123
130
122
85
46
0
-51
-113
-176
-227
-265
-292
-298
-280
-248
-224
-202
-190
-175
-179
-198
-199
-187
-154
-132
-95
-49
-21
4
15
27
34
21
34
56
70
75
83
96
92
76
57
41
22
-11
-23
-17
-1
29
63
88
92
104
106
96
74
81
141
197
242
295
340
346
304
225
143
66
-6
-40
-47
-45
-29
-22
-23
-45
-95
-157
-201
-243
-286
-303
-291
-249
-207
-171
-112
-56
-26
-21
-29
-50
-69
-63
-36
-13
19
64
99
105
56
14
-25
-78
-128
-145
-130
-110
-81
-49
-39
-37
-25
-35
-76
-122
-133
-116
-114
-89
-28
58
137
199
261
300
315
329
328
314
275
257
260
208
138
103
85
49
20
6
24
47
41
8
-49
-123
-181
-216
-270
-297
-262
-176
-91
-48
-9
62
79
35
-3
-30
-34
-21
10
31
57
93
141
147
78
-9
-34
-39
-93
-155
-195
-156
-122
-153
-180
-198
-188
-188
-234
-275
-261
-204
-155
-121
-87
-12
87
141
164
186
216
244
265
246
226
235
266
275
243
209
215
237
187
109
44
6
-35
-92
-136
-168
-161
-140
-117
-120
-135
-112
-88
-79
-84
-71
-22
32
57
68
100
157
199
209
187
193
222
197
145
86
53
50
2
-64
-100
-145
-197
-231
-273
-304
-319
-300
-268
-273
-270
-237
-194
-194
-207
-156
-66
3
32
75
146
220
264
283
307
336
356
332
269
191
128
87
46
3
-18
5
12
-35
-95
-151
-201
-248
-292
-305
-284
-238
-166
-102
-68
-41
25
96
84
69
101
164
203
211
239
290
330
342
303
237
161
87
13
-83
-159
-172
-146
-137
-152
-153
-155
-174
-220
-284
-332
-337
-299
-267
-240
-173
-49
86
149
180
230
270
269
237
214
209
212
237
259
242
206
172
129
49
-63
-124
-125
-128
-166
-189
-181
-186
-218
-282
-328
-312
-285
-249
-185
-110
-12
74
133
166
177
195
202
191
173
176
203
228
229
214
201
180
138
67
3
-22
-34
-58
-104
-142
-163
-198
-263
-331
-351
-323
-281
-234
-172
-84
9
73
109
126
148
192
218
206
208
228
246
230
187
163
176
186
158
129
97
79
29
-48
-143
-229
-285
-343
-377
-389
-354
-279
-190
-105
-53
-8
25
27
-10
-54
-56
-27
12
49
124
226
314
368
376
360
313
271
215
126
41
-7
-34
-80
-138
-175
-187
-207
-246
-281
-290
-277
-258
-227
-211
-180
-130
-81
-43
-20
6
43
92
121
150
206
257
297
313
307
284
245
178
82
-17
-93
-140
-169
-191
-187
-155
-120
-85
-90
-108
-127
-155
-195
-254
-281
-258
-204
-136
-47
64
197
300
342
355
351
328
295
260
230
221
214
210
192
135
75
16
-45
-119
-188
-203
-198
-198
-219
-230
-219
-212
-233
-259
-266
-247
-197
-137
-64
23
118
213
267
277
268
235
171
112
55
23
22
38
52
55
67
70
56
-1
-62
-111
-167
-219
-268
-293
-299
-295
-256
-197
-150
-104
-43
19
59
71
114
152
170
178
186
211
220
216
216
212
193
163
133
92
46
11
-19
-48
-88
-122
-146
-177
-224
-270
-291
-287
-261
-209
-140
-57
10
57
82
85
77
62
46
31
43
67
94
127
160
202
224
220
186
138
78
9
-53
-100
-135
-151
-133
-112
-110
-123
-118
-128
-151
-163
-135
-91
-60
-17
21
65
90
91
95
101
115
127
151
173
181
182
184
177
142
98
35
-17
-70
-128
-157
-166
-157
-135
-113
-96
-77
-68
-71
-86
-96
-96
-107
-95
-75
-44
-16
13
52
85
118
148
176
180
158
128
91
33
-7
-28
-40
-32
-15
7
5
-7
-36
-70
-105
-140
-150
-139
-116
-91
-44
-9
7
22
29
41
49
67
90
119
144
170
184
174
142
102
67
11
-37
-66
-77
-76
-74
-65
-53
-49
-61
-103
-147
-171
-181
-182
-178
-153
-102
-51
-13
14
46
74
92
108
109
100
94
92
84
63
44
46
52
33
14
4
7
-1
-35
-54
-66
-72
-83
-98
-98
-92
-87
-88
-89
-81
-51
-17
24
71
114
146
176
187
175
140
106
89
68
53
45
60
86
87
80
60
34
-4
-65
-120
-153
-179
-194
-187
-163
-129
-90
-42
-8
1
0
12
24
27
33
46
68
83
85
88
86
81
73
57
36
17
18
21
4
-9
-2
-6
-31
-67
-94
-114
-132
-137
-122
-95
-60
-20
23
34
30
45
47
29
20
30
39
51
67
81
100
109
101
92
69
47
24
-8
-29
-57
-71
-76
-91
-104
-113
-116
-104
-89
-75
-45
-17
9
28
37
33
30
42
42
43
60
69
76
65
57
67
57
30
11
19
24
19
8
-6
-15
-33
-47
-64
-72
-70
-61
-41
-22
-5
7
11
6
-3
-18
-15
-3
3
18
35
52
70
76
61
53
49
30
14
-2
-2
-6
-17
-19
-17
-24
-28
-39
-46
-50
-63
-57
-45
-40
-23
-3
19
25
21
19
17
14
-2
-5
15
25
30
25
25
30
31
35
42
34
14
19
8
-15
-29
-43
-39
-32
-30
-25
-19
-16
-26
-33
-27
-24
-22
-33
-39
-35
-40
-31
-10
13
44
74
85
74
71
44
13
-5
-19
-5
7
19
33
41
43
42
41
33
20
19
16
-8
-33
-52
-63
-66
-69
-57
-40
-23
-3
5
2
-1
-2
4
3
-4
5
17
25
24
25
32
41
38
30
30
18
5
2
-17
-22
-25
-37
-39
-51
-60
-64
-68
-65
-54
-39
-16
5
19
24
23
27
17
-6
-14
-8
4
15
26
51
79
91
97
97
96
87
72
51
21
-6
-28
-41
-55
-70
-62
-51
-48
-38
-36
-26
-22
-28
-38
-37
-32
-28
-28
-32
-12
8
34
55
67
71
74
69
53
35
4
-13
-26
-46
-44
-47
-46
-38
-48
-62
-65
-59
-52
-53
-51
-41
-32
-36
-34
-28
-26
-16
-11
-5
9
26
52
83
90
96
103
100
85
61
41
19
11
7
-2
-18
-29
-36
-62
-82
-92
-88
-68
-55
-37
-22
-2
-3
-13
-25
-35
-25
-13
14
40
68
99
118
119
103
80
51
16
-20
-47
-60
-47
-27
-9
11
17
19
5
-29
-54
-75
-91
-93
-79
-66
-39
-5
9
14
19
29
32
45
48
46
66
66
58
59
55
56
50
40
29
9
-11
-35
-53
-60
-68
-74
-69
-50
-45
-43
-40
-39
-40
-35
-40
-30
-4
11
23
37
57
60
66
67
59
52
33
16
-3
-14
-19
-22
-11
-6
-11
-10
-13
-22
-40
-58
-56
-58
-65
-68
-63
-55
-48
-38
-18
11
26
41
56
61
61
67
66
51
49
42
37
28
19
8
7
12
6
-3
-4
1
-11
-29
-48
-60
-57
-56
-57
-55
-39
-19
-9
11
16
28
44
53
57
51
39
36
35
26
15
13
24
21
23
23
22
20
11
-10
-32
-45
-60
-63
-71
-66
-60
-53
-39
-35
-30
-20
-25
-29
-27
-12
13
29
52
64
70
78
58
37
16
5
5
2
8
22
32
32
22
10
-9
-30
-47
-63
-67
-64
-57
-42
-17
-15
7
27
31
40
34
33
33
25
26
30
33
45
58
63
60
61
66
61
53
37
29
12
-12
-30
-43
-49
-63
-52
-35
-30
-26
-31
-34
-46
-59
-61
-54
-50
-31
-1
15
31
38
38
36
31
20
15
8
1
1
2
1
5
4
-2
-7
-14
-30
-44
-51
-59
-65
-60
-47
-35
-20
-11
4
7
14
18
8
13
19
20
19
19
30
38
38
50
54
51
47
34
29
16
2
1
-16
-29
-28
-23
-17
-14
-6
1
-4
-7
-29
-39
-36
-34
-23
-14
2
23
41
38
40
36
22
12
-3
-1
-1
1
10
25
33
36
34
18
3
-18
-37
-38
-43
-44
-23
-7
5
22
24
28
30
21
12
16
16
19
20
19
23
23
25
26
24
28
34
27
25
7
-1
-16
-26
-36
-40
-36
-27
-11
1
16
19
22
21
3
-15
-25
-29
-37
-34
-24
-19
-10
4
10
0
4
2
-12
-17
-19
-23
-18
-11
-13
-15
-7
-4
-3
1
-3
-2
-5
-7
-3
-6
-5
6
1
-2
2
10
5
5
5
3
9
6
5
4
4
11
19
11
15
11
6
4
-8
-12
-9
5
13
11
26
42
41
41
38
35
30
20
9
-4
-5
-12
-17
-25
-18
-14
-6
-2
-10
-16
-23
-23
-29
-35
-36
-32
-24
-17
-13
-13
-7
0
8
8
18
21
24
16
9
5
-2
-10
-13
-7
-12
-2
-3
6
5
1
5
-4
-12
-19
-24
-33
-34
-29
-26
-10
4
15
25
28
34
32
33
36
31
39
36
37
43
36
42
36
32
23
12
3
-11
-18
-29
-27
-26
-22
-25
-21
-17
-18
-15
-18
-21
-22
-17
-15
-7
0
7
13
16
16
18
16
14
14
13
9
5
3
3
4
7
1
0
-1
-11
-23
-29
-28
-45
-40
-31
-30
-21
-14
-2
5
9
15
19
22
26
22
28
30
23
34
41
41
43
40
26
13
-2
-24
-31
-40
-36
-27
-23
-14
-15
-22
-21
-28
-37
-42
-36
-33
-26
-15
-13
-4
3
7
6
6
6
6
3
-7
-10
-11
-14
-11
-9
-3
-7
-9
-3
-9
-17
-24
-28
-29
-40
-37
-31
-32
-19
-13
2
9
18
28
28
24
10
5
3
11
17
25
37
46
56
53
48
43
32
12
-2
-12
-25
-24
-18
-14
-10
-2
1
6
5
0
0
-14
-14
-10
-7
2
9
14
19
26
26
24
25
15
18
16
4
7
8
2
-5
-12
-18
-15
-16
-15
-18
-20
-17
-14
-17
-16
-15
-13
-7
-8
-4
3
5
9
4
-4
-4
-3
0
0
6
13
21
27
20
20
18
7
-2
-10
-14
-20
-19
-24
-22
-13
-10
-11
-14
-10
-11
-14
-18
-17
-16
-12
-8
-9
-4
2
8
12
21
22
25
26
17
3
-8
-12
-23
-26
-24
-18
-12
-11
-1
2
1
-5
-18
-26
-20
-21
-24
-9
-9
2
3
9
6
-2
-4
-10
-4
-7
3
9
19
29
29
27
28
19
11
5
-4
-6
-9
-9
-5
-3
6
1
1
8
-1
-2
-5
-11
-10
-6
-4
-3
3
10
17
33
35
34
32
21
17
3
-5
-6
-14
-7
-1
1
6
14
15
16
11
2
1
-7
-9
-11
-14
-19
-9
-5
0
-1
0
-3
-8
-12
-19
-15
-19
-8
-2
0
1
1
6
10
6
4
1
-5
-1
-3
-6
-4
-2
-2
1
1
-2
2
-4
-2
-4
-8
-4
-5
4
7
8
5
7
7
5
2
0
4
2
-3
-7
-1
2
6
9
19
24
23
25
20
14
8
7
1
-2
1
2
8
13
15
11
4
-5
-10
-13
-21
-22
-23
-25
-19
-11
-10
-1
3
5
10
3
-1
-1
5
0
3
9
10
10
12
13
11
14
8
9
2
-4
-8
-16
-15
-22
-21
-23
-21
-12
-11
1
8
2
0
-3
-8
-11
-12
-7
-4
0
7
7
15
18
16
15
8
11
6
0
1
-3
6
3
-1
2
-6
-7
-7
-12
-12
-10
-9
-8
-9
-12
-10
-5
-7
-5
-1
3
7
14
19
25
33
34
32
25
23
14
8
4
-2
-4
-1
-2
-7
-5
-5
-5
-5
-7
-3
-1
5
4
1
5
2
1
-1
0
-2
4
9
8
19
22
25
33
24
16
21
7
3
2
-8
-10
-4
-5
-1
8
7
10
8
3
-7
-10
-21
-31
-25
-32
-27
-13
-13
2
15
20
20
16
8
2
-3
-11
-14
-20
-13
-16
-15
-15
-14
-10
-12
-6
-11
-16
-25
-23
-28
-25
-27
-25
-19
-20
-10
-12
-9
0
-1
2
-2
4
3
2
11
9
3
9
11
9
9
10
9
4
8
5
2
8
5
7
6
-1
0
-3
-9
-5
-5
3
11
15
20
20
21
25
22
19
19
11
7
4
4
7
6
10
12
14
17
14
14
9
3
-4
-13
-14
-15
-16
-16
-14
-12
-7
-4
-3
1
5
4
6
2
-4
-11
-14
-18
-18
-11
-5
-4
1
1
1
1
-7
-5
-10
-18
-15
-25
-24
-20
-13
-8
-6
4
-1
2
4
4
-1
2
13
8
11
10
8
12
12
4
6
9
14
15
17
12
11
11
7
6
-2
-9
-18
-19
-23
-22
-22
-12
-6
-2
0
2
3
3
11
3
-4
0
-3
-1
-2
3
-1
8
14
8
16
13
14
8
1
-4
-11
-12
-17
-20
-17
-5
0
5
9
10
9
3
7
-4
-13
-13
-18
-19
-14
-15
-8
2
1
7
12
13
7
9
1
-4
-5
-16
-14
-21
-17
-20
-23
-19
-16
-9
-1
-4
-4
-1
-5
-5
-4
-10
-7
-2
-1
1
11
15
13
23
16
15
17
19
15
12
12
4
1
-3
-10
-10
-5
-2
7
10
10
20
25
16
15
10
-2
-3
-5
-11
-8
-3
1
10
16
20
21
23
27
22
16
15
6
3
1
-4
-7
-9
3
9
9
21
18
11
14
6
0
-9
-15
-21
-24
-20
-16
-10
-2
6
7
7
7
8
4
-1
-12
-17
-21
-21
-20
-19
-14
-9
-9
-7
-6
-4
-5
-14
-16
-17
-25
-26
-23
-25
-19
-17
-11
-11
-10
2
-2
2
-1
-4
-3
-4
-6
-11
-11
-5
-1
0
1
9
8
15
18
8
12
12
6
4
0
-3
1
0
0
3
10
5
5
9
-1
3
5
5
1
5
8
5
6
5
3
3
12
13
18
18
22
21
20
21
9
1
-4
-5
-16
-11
-8
-5
6
9
13
15
14
15
6
3
-3
-5
-4
-10
-2
4
11
14
17
15
17
22
12
7
7
3
3
4
-1
-1
6
4
7
4
2
9
1
0
-2
-8
-14
-14
-17
-18
-16
-14
-12
-12
1
-2
1
-1
1
-1
-3
0
-1
-2
-3
-2
-12
-9
-5
-14
-14
-16
-18
-16
-15
-8
-10
-9
-7
-10
-11
-14
-14
-18
-14
-10
-10
1
2
7
13
2
6
-1
-2
-3
-3
-1
-7
2
4
5
6
11
6
10
12
2
1
-1
-7
-5
-8
-5
0
2
9
10
10
10
15
16
14
15
21
15
19
22
20
20
20
21
14
24
19
13
13
4
3
2
5
1
0
-1
1
3
-2
1
-3
2
0
-3
-5
-5
-1
1
1
-4
-5
1
2
7
4
3
3
-3
-2
-7
-8
-10
-9
-7
-3
-6
-5
-10
-9
-14
-16
-10
-20
-20
-15
-15
-12
-3
-1
-4
-6
-1
-8
-10
-3
-6
-2
1
0
-3
-6
-4
-8
-14
-8
-10
-11
-2
-8
-10
-7
-5
-6
-3
-8
-3
-4
-6
1
-3
9
9
4
5
8
13
14
10
12
13
12
22
20
16
18
14
9
10
13
11
12
7
7
13
7
9
6
4
5
1
6
3
5
7
2
2
11
9
8
16
10
12
5
1
-1
8
2
5
3
3
0
-5
-4
-14
-13
-13
-13
-12
-9
-10
-7
-10
-10
-5
-14
-17
-17
-19
-16
-16
-17
-12
-14
-10
-6
-11
-5
-5
-9
-14
-11
-16
-17
-16
-20
-14
-19
-15
-6
-6
-6
-5
-5
-7
-11
-8
-13
-16
-1
-14
-13
-4
-1
11
10
10
9
12
16
13
11
10
4
10
10
16
20
19
20
16
14
17
18
16
17
20
15
11
10
9
11
11
13
14
15
18
20
17
9
14
10
6
16
7
9
3
-2
-2
-4
-6
-2
-1
-6
2
-3
-7
-4
-6
-9
-12
-15
-16
-18
-18
-14
-17
-17
-12
-15
-14
-15
-11
-10
-13
-13
-16
-15
-20
-14
-15
-17
-9
-6
-1
5
7
4
0
-5
-11
-14
-11
-11
-13
-11
-9
-5
0
1
0
3
9
4
4
2
-4
3
-1
-3
3
2
8
13
10
11
13
16
9
11
6
7
10
8
11
7
11
13
15
14
9
10
4
1
7
-1
3
5
6
0
-3
0
-8
-3
0
-5
-5
1
1
1
1
0
-1
-3
-3
-5
-8
-8
-12
-8
-14
-13
-11
-10
-8
-10
-4
-10
-9
-9
-12
-12
-15
-12
-17
-14
-11
-8
-6
-5
4
2
3
6
-3
0
-5
-5
-9
-2
6
7
8
6
4
5
5
3
2
3
5
2
3
3
1
9
5
3
7
7
9
13
9
10
13
13
11
11
11
11
8
10
11
4
6
12
4
10
13
7
12
13
14
7
6
1
5
-3
-4
-2
-8
-1
0
-1
-2
3
9
8
9
3
-3
-5
-6
-8
-7
-6
-7
-5
-1
0
3
1
2
-5
-12
-9
-15
-14
-14
-10
-14
-12
-10
-7
-7
0
6
1
4
-4
1
-7
-8
-6
-13
-9
-6
-5
-6
-3
-3
-1
5
5
6
12
5
5
4
-4
-3
0
0
1
3
5
7
7
8
9
4
4
3
-2
-3
-3
4
3
0
4
-1
4
8
6
6
5
8
7
4
-5
-6
-6
-5
-7
-9
-2
0
0
3
1
-1
5
5
8
1
3
-3
-13
-9
-11
-5
-5
2
0
-2
0
0
-2
-5
0
0
-1
2
-6
0
2
8
11
5
12
10
14
12
8
7
6
7
2
-3
2
4
2
9
5
7
5
9
10
8
17
9
8
10
8
4
2
0
1
6
4
4
3
12
6
10
6
-3
6
2
3
0
-1
-3
-8
-6
-5
-10
-8
-8
-9
-5
-9
-11
-12
-11
-10
-16
-15
-19
-19
-14
-9
-6
-10
-4
-4
-4
-2
-7
-14
-15
-7
-11
-13
-15
-12
-12
-8
-8
-7
-7
-5
-3
-5
0
-5
1
-1
-1
-2
-2
4
1
13
12
12
11
7
9
12
15
16
15
12
14
19
14
13
15
14
12
16
13
9
14