2
-1
-1
0
4
0
0
-2
-3
3
1
2
2
0
4
2
1
1
3
1
0
2
0
2
1
0
1
1
3
4
0
5
-3
0
2
-8
1
3
-1
-4
1
1
2
0
-2
-2
-1
-1
-3
4
-3
-2
4
2
-1
-4
-2
-5
-9
-3
2
0
-5
-2
-5
-5
1
1
-1
-3
-2
-6
0
-2
-3
-3
0
-1
-5
2
-2
-7
-3
-3
0
0
-4
1
6
-2
-2
-3
-5
1
0
-2
2
2
-3
-2
3
-1
1
4
4
4
-4
-1
0
4
3
0
4
-1
-2
6
6
-1
3
3
-2
3
4
6
5
-1
4
3
-2
2
1
1
5
4
4
0
-2
3
6
6
-1
2
6
6
-1
2
2
-4
0
2
5
-2
1
4
0
0
3
5
1
1
0
2
-1
1
3
-4
-1
1
1
1
-4
-2
3
3
0
4
2
1
-2
-4
3
-3
-1
1
-1
0
-4
-3
-2
3
8
3
-3
0
1
-2
-2
0
-3
-2
3
-6
-5
-4
0
1
-1
7
1
-1
2
2
-1
-3
-8
-6
-4
-1
-1
-3
1
-1
-1
2
3
2
-5
-4
-1
-9
0
-2
-5
0
-1
-4
3
0
2
1
0
1
-4
-1
-2
2
2
-3
-3
-6
-4
1
-4
-2
4
-1
-4
-1
-1
-4
-3
3
-1
-6
-4
1
0
0
2
-3
-2
-2
-1
0
-6
0
0
-2
2
4
-2
0
5
1
4
-2
2
3
1
2
10
12
13
10
6
7
7
2
4
5
6
5
4
5
0
1
3
4
8
1
-8
-3
-6
-6
-4
-8
-7
-5
-6
-7
-7
-8
-9
-7
-6
-8
-5
-4
-2
-5
-7
-1
2
0
0
3
9
5
1
9
8
10
5
15
9
9
9
3
6
3
8
2
2
3
4
-2
-6
-2
2
0
-6
-12
-12
-10
-7
-6
-9
-11
-9
-5
-1
-6
-2
-1
-1
0
-5
2
2
4
5
11
8
7
8
14
15
10
12
7
8
10
7
5
4
2
5
-1
0
-4
-10
-5
-6
-6
-5
-9
-10
-12
-13
-16
-12
-12
-13
-13
-12
-13
-8
-5
-5
-4
-3
6
3
6
2
1
6
2
6
7
14
19
12
14
17
17
16
17
10
11
9
0
7
2
-4
-6
-7
-6
-8
-12
-11
-16
-9
-12
-17
-16
-19
-13
-12
-10
-14
-16
-4
-4
-6
1
-5
4
6
12
13
12
16
13
16
15
18
15
15
16
19
16
16
11
14
9
8
6
5
-3
-10
-6
-13
-12
-16
-23
-26
-30
-32
-30
-27
-26
-27
-25
-36
-31
-26
-26
-20
-15
-15
-11
-2
-5
-4
3
11
12
16
20
17
24
25
31
33
35
42
40
39
40
39
34
37
33
29
27
18
14
16
8
4
1
-8
-17
-25
-24
-26
-32
-36
-38
-35
-41
-45
-47
-46
-47
-46
-47
-47
-39
-33
-30
-26
-20
-16
-11
-8
0
2
6
10
8
15
22
25
29
31
36
49
51
54
61
65
72
64
72
74
71
67
64
66
63
52
40
40
36
34
15
10
3
-18
-33
-53
-65
-79
-94
-103
-122
-131
-135
-145
-150
-156
-157
-150
-152
-147
-138
-123
-113
-105
-91
-75
-57
-45
-28
-7
10
33
54
76
100
130
160
186
218
240
265
288
306
320
323
334
337
335
329
316
298
268
234
199
155
106
45
-18
-83
-150
-219
-282
-346
-408
-458
-514
-547
-573
-589
-594
-583
-573
-557
-521
-482
-425
-373
-317
-250
-190
-122
-53
23
97
165
240
307
371
439
496
540
585
615
641
656
669
667
647
632
603
571
524
470
407
345
277
198
108
16
-73
-169
-263
-357
-439
-520
-598
-661
-708
-747
-764
-770
-760
-734
-692
-635
-570
-492
-414
-324
-241
-157
-65
10
85
163
229
287
337
390
426
466
486
498
507
499
487
459
430
390
353
314
261
213
172
132
80
33
1
-43
-71
-103
-129
-156
-184
-206
-222
-239
-255
-260
-262
-259
-263
-252
-229
-206
-172
-144
-111
-74
-30
2
29
62
83
106
121
131
133
132
130
114
102
88
67
44
24
2
-22
-55
-75
-94
-125
-138
-149
-155
-164
-164
-153
-140
-111
-90
-57
-23
14
50
77
115
135
160
180
193
204
208
215
215
214
216
211
212
208
204
197
181
178
166
148
134
121
104
88
79
62
54
41
24
19
-2
-27
-46
-76
-110
-152
-195
-238
-287
-332
-379
-418
-450
-470
-483
-491
-476
-459
-429
-386
-343
-294
-245
-187
-139
-88
-38
5
47
94
137
182
226
263
311
357
396
430
460
484
502
514
519
512
501
487
469
445
421
396
362
334
299
259
216
158
94
19
-57
-149
-254
-357
-463
-572
-675
-765
-846
-910
-948
-970
-966
-936
-896
-824
-735
-632
-529
-418
-301
-183
-69
45
150
247
348
427
505
579
647
703
743
782
803
811
800
776
742
699
641
573
504
436
355
277
208
135
69
-2
-61
-126
-200
-264
-327
-391
-454
-513
-572
-620
-657
-686
-701
-703
-689
-659
-618
-557
-497
-425
-343
-263
-173
-85
-5
75
159
224
280
339
384
426
456
483
502
497
501
492
474
452
425
403
370
332
290
253
220
181
147
116
90
64
35
14
-6
-25
-44
-65
-87
-113
-136
-154
-182
-197
-209
-218
-224
-225
-219
-207
-191
-174
-147
-124
-100
-72
-36
-13
21
45
64
98
114
136
141
144
141
128
105
79
55
19
-21
-69
-114
-152
-199
-227
-258
-282
-288
-299
-295
-286
-275
-263
-242
-222
-208
-177
-151
-125
-89
-52
-16
21
74
122
173
227
283
330
372
413
446
473
494
514
519
519
505
497
473
447
414
366
318
261
198
115
19
-83
-186
-297
-414
-527
-634
-739
-823
-884
-932
-963
-960
-943
-893
-835
-746
-642
-542
-426
-312
-189
-80
40
147
250
349
437
525
588
653
702
744
762
754
738
699
644
572
480
384
275
169
63
-30
-119
-203
-247
-288
-315
-320
-311
-296
-258
-218
-169
-108
-54
12
75
140
206
274
345
410
460
496
505
510
485
438
373
283
180
51
-87
-218
-341
-468
-572
-657
-714
-743
-743
-721
-677
-615
-542
-454
-363
-274
-188
-105
-31
40
101
168
228
287
342
405
464
508
557
584
594
587
558
509
429
345
243
107
-18
-144
-263
-373
-471
-546
-598
-631
-647
-630
-600
-566
-507
-446
-371
-289
-211
-107
2
123
240
367
499
627
751
859
954
1014
1057
1052
994
906
773
609
417
207
-14
-245
-466
-665
-833
-966
-1069
-1132
-1150
-1131
-1078
-1002
-907
-795
-679
-548
-423
-300
-176
-67
53
168
277
390
495
592
684
764
824
859
872
851
802
724
611
482
333
171
2
-162
-327
-468
-586
-688
-757
-807
-826
-825
-800
-757
-704
-621
-517
-409
-284
-136
20
197
376
558
733
906
1057
1182
1288
1353
1361
1326
1242
1115
931
719
478
205
-76
-357
-604
-835
-1030
-1189
-1298
-1349
-1349
-1305
-1210
-1098
-941
-777
-584
-391
-220
-49
102
245
369
482
596
683
753
817
865
908
909
901
865
800
700
583
453
291
117
-69
-256
-431
-598
-745
-872
-982
-1066
-1121
-1148
-1149
-1137
-1095
-1023
-931
-807
-644
-452
-241
-21
223
475
734
974
1202
1418
1590
1731
1825
1877
1860
1764
1609
1403
1145
833
497
136
-247
-636
-999
-1305
-1572
-1805
-1983
-2063
-2071
-2019
-1891
-1690
-1466
-1210
-935
-627
-328
-62
177
416
645
842
1015
1167
1301
1386
1444
1489
1506
1466
1373
1239
1077
873
630
361
76
-227
-532
-800
-1027
-1232
-1422
-1574
-1662
-1707
-1713
-1671
-1576
-1438
-1255
-1016
-710
-373
-34
316
675
1026
1357
1655
1919
2117
2265
2343
2389
2363
2224
2013
1737
1420
1035
607
157
-317
-817
-1291
-1704
-2056
-2353
-2587
-2704
-2693
-2584
-2363
-2041
-1659
-1251
-827
-366
83
485
815
1085
1321
1491
1610
1700
1747
1732
1671
1600
1524
1407
1236
1015
768
483
184
-137
-464
-794
-1134
-1416
-1629
-1786
-1913
-1992
-2008
-1964
-1861
-1710
-1498
-1251
-980
-669
-308
95
490
867
1223
1556
1867
2127
2350
2519
2604
2604
2571
2492
2343
2097
1756
1379
951
493
-26
-526
-1062
-1615
-2137
-2565
-2891
-3164
-3349
-3396
-3268
-3010
-2641
-2158
-1590
-1020
-439
159
741
1225
1592
1869
2095
2225
2281
2287
2256
2144
1962
1796
1617
1380
1068
734
358
-49
-483
-919
-1322
-1723
-2097
-2372
-2522
-2596
-2611
-2542
-2369
-2131
-1827
-1464
-1030
-594
-160
292
789
1270
1691
2061
2402
2684
2869
3005
3062
3045
2908
2714
2498
2249
1874
1400
891
375
-194
-784
-1324
-1862
-2416
-2969
-3409
-3693
-3908
-4053
-3995
-3724
-3312
-2768
-2036
-1175
-337
450
1246
2020
2625
3040
3308
3492
3505
3380
3189
2961
2609
2161
1720
1298
845
329
-211
-750
-1284
-1852
-2351
-2767
-3122
-3421
-3554
-3493
-3291
-3009
-2614
-2133
-1575
-1024
-447
148
701
1184
1631
2093
2492
2779
2993
3157
3254
3223
3120
2981
2762
2420
2044
1700
1319
768
142
-461
-1012
-1578
-2100
-2511
-2895
-3344
-3770
-3978
-3999
-3997
-3927
-3584
-3018
-2331
-1500
-443
663
1631
2420
3221
3901
4322
4431
4401
4228
3822
3290
2764
2224
1544
800
126
-438
-996
-1599
-2185
-2697
-3199
-3663
-3960
-4075
-4064
-3963
-3637
-3065
-2348
-1611
-838
-61
646
1208
1705
2170
2506
2671
2785
2918
2994
2959
2891
2847
2681
2407
2115
1874
1540
1135
742
416
-74
-671
-1207
-1602
-2006
-2423
-2690
-2866
-3125
-3457
-3583
-3498
-3408
-3303
-2927
-2258
-1493
-627
469
1656
2631
3362
4004
4515
4694
4520
4204
3768
3125
2376
1670
1034
349
-363
-994
-1513
-1976
-2466
-2897
-3260
-3556
-3798
-3880
-3754
-3444
-3002
-2418
-1646
-767
104
862
1518
2020
2303
2399
2411
2358
2207
2013
1857
1736
1624
1518
1454
1355
1204
1013
869
726
577
478
368
90
-334
-708
-974
-1277
-1616
-1841
-2093
-2483
-2903
-3081
-3090
-3129
-3111
-2745
-2098
-1336
-415
761
1900
2756
3385
3944
4290
4274
3953
3526
2984
2313
1634
1047
488
-144
-748
-1270
-1701
-2152
-2584
-3001
-3320
-3550
-3620
-3500
-3188
-2737
-2164
-1441
-596
202
965
1551
1977
2163
2206
2136
1993
1747
1505
1362
1234
1097
1000
991
973
878
762
710
712
670
694
852
1017
835
394
20
-264
-627
-1149
-1442
-1812
-2402
-3178
-3456
-3398
-3415
-3485
-3030
-2188
-1389
-507
781
2075
2857
3270
3783
4175
4116
3737
3371
2967
2270
1566
988
506
-177
-900
-1563
-2047
-2544
-3000
-3413
-3586
-3609
-3504
-3236
-2677
-1989
-1335
-618
181
988
1570
1984
2195
2213
2042
1831
1643
1438
1252
1074
905
677
576
544
517
373
277
366
553
800
1148
1582
1716
1246
638
199
-159
-814
-1432
-1799
-2365
-3252
-3912
-3786
-3655
-3772
-3661
-2780
-1822
-975
221
1772
2885
3334
3831
4422
4611
4245
3799
3373
2669
1784
1047
436
-297
-1203
-1977
-2564
-2987
-3365
-3604
-3642
-3464
-3170
-2762
-2129
-1386
-666
27
789
1447
1943
2179
2224
1983
1646
1281
979
640
401
286
142
-88
-209
-81
42
94
224
643
1185
1690
2269
2924
3245
2688
1737
951
304
-630
-1625
-2163
-2803
-3805
-4736
-4715
-4445
-4499
-4458
-3544
-2343
-1302
1
1825
3294
4006
4479
5147
5401
5052
4424
3790
2920
1790
812
-61
-888
-1885
-2757
-3487
-3841
-4038
-4095
-4000
-3601
-3054
-2490
-1763
-751
199
935
1521
2141
2481
2461
2219
1903
1404
798
355
129
36
-106
-268
-413
-425
-286
-104
167
594
1235
1842
2545
3322
3829
3456
2389
1374
448
-543
-1632
-2192
-2824
-3792
-4783
-4967
-4741
-4796
-4738
-3980
-2713
-1493
27
1956
3636
4471
4948
5510
5741
5293
4477
3619
2618
1348
281
-547
-1370
-2440
-3380
-3920
-4134
-4192
-4069
-3688
-3158
-2570
-1789
-641
500
1363
1922
2451
2708
2609
2230
1810
1108
251
-425
-686
-792
-945
-1015
-1058
-1082
-971
-579
-46
478
1256
2184
3188
4141
4933
5004
3831
2320
895
-159
-1513
-2370
-2904
-3669
-4842
-5499
-5183
-5044
-5151
-4878
-3595
-2201
-648
1504
3822
5222
5638
6018
6325
5908
4866
3671
2501
987
-320
-1176
-1748
-2562
-3548
-4143
-4388
-4269
-4066
-3497
-2814
-2057
-1243
-46
1378
2439
2973
3202
3266
2915
2226
1544
763
-300
-1279
-1723
-1725
-1770
-1822
-1847
-1851
-1785
-1344
-589
257
1201
2374
3599
4840
5895
6366
5241
3271
1249
-259
-1698
-2713
-2990
-3505
-4519
-5608
-5501
-5317
-5352
-5362
-4262
-2728
-978
1343
4080
6082
6731
6795
6697
6121
4843
3271
1720
182
-1271
-2158
-2703
-3070
-3802
-4377
-4744
-4459
-3925
-3139
-2234
-1110
166
1463
2875
3947
4408
4056
3355
2470
1554
543
-397
-1300
-1868
-2176
-2099
-2031
-2050
-2296
-2438
-2122
-1425
-448
583
2102
3485
4858
6007
6967
6309
3945
1430
-343
-1714
-3133
-3376
-3216
-3852
-5308
-5568
-5064
-5201
-5787
-4995
-3041
-1120
1178
4316
7027
7842
7641
7336
6608
4815
2947
1227
-280
-1814
-2614
-3051
-3599
-4440
-5169
-5575
-5538
-4881
-3776
-2318
-689
1261
3066
4766
5756
5938
5170
3988
2581
1168
-147
-1238
-2134
-2722
-2810
-2583
-2397
-2579
-2791
-2828
-2369
-1538
-251
1268
3024
4486
5781
6799
7189
5682
2760
214
-1531
-2795
-3829
-3552
-3260
-4084
-5415
-5520
-5193
-5706
-6124
-4753
-2254
215
3174
6546
8803
8993
8188
7269
5859
3590
1385
-418
-1444
-2424
-2847
-3203
-3749
-4720
-5899
-6227
-5802
-4733
-3689
-1732
688
3130
4964
6372
6865
5949
4361
2792
1523
210
-1037
-1911
-2355
-2611
-2469
-2446
-2630
-3152
-3267
-2695
-1369
231
1847
3553
5131
6315
6787
6944
5179
1593
-1976
-3897
-4406
-4851
-4204
-3107
-3070
-4285
-4829
-4206
-4493
-5285
-4289
-1221
1888
4830
7908
9835
9219
7058
5246
3348
859
-1558
-2860
-3031
-2877
-2360
-1987
-2337
-3264
-4369
-4688
-4151
-2779
-1436
173
2117
3979
5211
5265
4591
2780
828
-827
-1471
-1540
-1452
-1155
-707
-416
-301
-576
-1288
-2070
-2200
-1259
130
1546
2886
4146
4904
5239
5071
4506
1791
-1670
-4130
-4585
-4201
-3900
-2775
-2096
-2760
-4367
-4807
-4516
-4870
-5130
-3007
674
3969
6425
8281
8699
6837
4244
2396
979
-514
-1508
-1320
-377
127
285
-505
-1967
-3775
-4923
-4903
-3969
-2346
-644
1340
2948
3999
3983
3195
1708
-45
-1233
-1516
-964
-333
264
809
1001
530
-300
-1218
-1973
-2148
-1235
359
1889
2976
3890
4259
4273
3935
3393
1593
-1393
-3434
-3809
-3074
-2622
-1932
-1694
-2873
-4894
-5856
-5614
-5450
-5245
-3375
144
3369
5787
7350
7595
5838
3450
1887
1024
161
-345
66
854
1251
931
-28
-1734
-3476
-4522
-4330
-3333
-1883
-330
1226
2630
3152
2688
1518
236
-782
-1303
-919
-24
532
782
872
995
403
-775
-1772
-2149
-1597
-280
1445
2907
3686
3893
3836
3817
3714
2770
248
-2352
-3512
-3039
-2414
-1976
-1487
-2145
-4129
-5862
-5797
-5339
-5239
-4449
-1513
1863
4153
5468
5902
4878
2640
1091
779
695
377
676
1498
2376
2048
942
-876
-2747
-3920
-3954
-2684
-1135
146
907
1832
2362
2037
692
-349
-1017
-1247
-702
603
1714
1578
1037
677
297
-737
-1814
-2142
-1466
-283
1379
2771
3639
3555
3041
2830
2804
2461
444
-1791
-2703
-2090
-1356
-992
-912
-1625
-3892
-6009
-6187
-5599
-5172
-4533
-1756
1692
3833
4817
4971
4021
1886
82
-123
284
239
651
1577
2491
2210
1021
-443
-2150
-3355
-3301
-2220
-778
339
1186
2126
2144
1499
323
-783
-1349
-1385
-384
1089
1935
1902
1358
1006
567
-598
-1503
-1686
-1229
-179
923
2234
3174
3057
3076
3278
3766
2383
-746
-2960
-3329
-2501
-1894
-1072
-508
-1484
-4186
-5255
-4928
-4434
-4583
-3279
227
2908
4053
4173
3923
2450
357
-653
-144
-93
-180
430
1777
2254
1221
-356
-1710
-2869
-2939
-1954
-804
32
478
1606
2055
1847
1149
366
-513
-854
-262
1120
1522
1008
660
429
261
-582
-978
-972
-511
351
1455
2065
2746
2508
2360
2588
3059
2273
-858
-2765
-2721
-1629
-1559
-1244
-1058
-2051
-4684
-5513
-4634
-3982
-3558
-1788
2055
4308
4617
3873
3041
1150
-713
-1285
-303
80
52
824
1722
1723
187
-1284
-2447
-3006
-2862
-1566
-283
626
979
1234
1429
706
-217
-941
-657
147
1174
2199
2683
2107
1355
674
-145
-1066
-1673
-1149
-255
1035
2286
3168
3168
2602
2384
2745
1697
-910
-2697
-2697
-1779
-1530
-821
-602
-1968
-4481
-5799
-5399
-4624
-3877
-1835
1743
4533
5326
4586
3492
1811
-183
-1242
-743
112
473
923
1704
1502
-154
-1905
-2798
-3122
-2988
-2085
-877
313
886
1318
1331
774
-305
-955
-514
431
1275
1834
2211
1954
1563
821
6
-980
-1077
-492
793
1682
2418
2654
2535
2398
2415
2482
421
-1995
-3099
-1752
-1053
-757
-728
-908
-2803
-5010
-5339
-5026
-4692
-4143
-1128
2255
4043
3758
3187
2322
1176
148
131
823
1026
1167
1516
1839
691
-1245
-2460
-2320
-1870
-1228
-677
-49
236
305
344
-1
-794
-1429
-808
772
1962
2465
2542
1858
929
180
49
-326
-567
-199
927
1866
2549
2530
2100
1770
1798
1835
-35
-1966
-2612
-1612
-954
-512
-551
-1611
-4084
-5595
-4944
-3874
-2858
-1744
803
2826
3294
2333
1029
-335
-1150
-963
258
1653
2077
2243
1920
1313
-285
-2032
-2717
-2365
-1303
-54
1298
1800
1287
489
135
-567
-1344
-1329
-118
1346
2191
2891
2958
2133
607
-434
-958
-1098
-720
385
1430
2154
2683
2444
2281
1902
1306
-1030
-2886
-3047
-1971
-1123
-253
514
-453
-3054
-5562
-5626
-5110
-4297
-2358
1202
3964
4377
3619
2480
639
-1468
-1781
-698
714
1047
1322
1542
945
-629
-2048
-2576
-2428
-1867
-679
1011
1567
1277
504
-56
-688
-1023
-462
838
1961
2825
3551
3550
2602
952
-58
-443
-393
20
867
1481
1992
2079
1947
1836
1402
654
-1612
-2711
-2693
-1736
-1494
-802
-379
-1088
-3499
-5276
-5033
-4461
-3271
-1470
1778
3534
3499
2520
1538
182
-1030
-1061
15
1356
1690
1652
1025
-181
-1968
-2773
-2441
-1818
-1281
-288
771
855
664
211
-332
-1316
-1530
-345
1627
2801
3127
3152
2903
1779
846
565
594
500
1243
2032
2706
2615
2063
1649
1502
1395
-964
-2424
-2579
-1495
-1697
-1265
-742
-1638
-4437
-6447
-5703
-4624
-3217
-1514
1803
3623
3652
2709
1820
249
-1250
-1003
382
1763
2023
1969
1201
-341
-2409
-3471
-3404
-2708
-1920
-621
960
1415
1073
316
-266
-1059
-1459
-505
1584
3067
3533
3616
3349
2051
765
439
742
424
643
1391
2568
2773
2499
2445
2523
1472
-1805
-3363
-2915
-1693
-2123
-1316
-282
-987
-4042
-5747
-5117
-4258
-3341
-1684
1431
2928
2879
2286
2024
637
-776
-554
955
1844
1586
1370
735
-666
-2553
-3144
-2799
-2371
-2015
-719
567
600
30
-321
-526
-1394
-1351
151
2009
2679
2833
3383
3336
2197
1307
1547
2030
2205
2247
2402
2429
1813
1476
1436
1605
-329
-2937
-3187
-1739
-1209
-1601
-843
-686
-2884
-5877
-6001
-4773
-3344
-2060
483
2633
2835
2085
1740
1260
68
-414
742
2271
2451
1883
904
-448
-2106
-3121
-2985
-2242
-1820
-1064
-241
34
-616
-943
-878
-1174
-1623
-687
1300
2527
2750
2754
3120
2495
1595
1218
1848
2350
2490
2660
2953
2757
2393
2241
2173
567
-2239
-3154
-2059
-1563
-2440
-2076
-1125
-2261
-5277
-5923
-5042
-3927
-2812
-225
2319
2666
1865
1581
1647
687
183
1012
2605
2729
2169
1619
638
-1207
-2747
-2996
-2549
-2094
-1647
-533
-240
-810
-1627
-1358
-1470
-1869
-1615
406
2098
2576
2853
3227
3172
2237
1905
2178
2666
2738
2806
2865
2529
2269
2155
2214
548
-2109
-3142
-2006
-1406
-2409
-2078
-1090
-2024
-5254
-6145
-5124
-4015
-3081
-541
1973
2012
1014
914
1390
731
285
1235
2767
2752
1846
1343
813
-478
-1905
-2052
-1650
-1449
-970
153
209
-1123
-2093
-1655
-1492
-2063
-1519
349
1561
1478
1582
1887
1574
934
1521
2678
3447
3811
4478
4513
3461
2341
2265
1985
41
-2258
-2589
-1432
-1320
-2054
-1718
-1062
-2622
-5192
-5842
-4972
-4219
-2816
-170
1661
1254
512
562
273
-621
-497
998
2364
2463
2298
2106
1065
-374
-1243
-1426
-1797
-1993
-1121
-54
-27
-508
-557
-281
-710
-1330
-758
447
1163
1333
1701
1741
1012
529
1150
1808
2000
2338
3228
3365
2456
1800
1920
1417
65
-908
-792
-720
-1074
-1165
-1062
-1287
-2266
-2820
-2791
-2428
-2164
-1121
162
450
-411
-967
-888
-1261
-1630
-1365
-397
157
171
181
404
211
-393
-711
-546
-458
-333
493
1356
1286
816
366
-110
-625
-806
-346
77
727
1422
1881
1484
703
184
280
204
204
809
1678
2135
2094
2336
2354
1714
637
37
-227
-225
-216
171
238
-246
-845
-1260
-1570
-1892
-1627
-963
-497
-634
-874
-1370
-1857
-2092
-1861
-1350
-1076
-901
-661
-598
-795
-964
-891
-672
-564
-161
343
529
571
673
575
392
195
169
367
631
945
1160
1388
1282
810
326
316
417
679
1043
1496
1951
2175
2059
1759
1372
1040
863
818
924
999
940
463
-144
-523
-796
-1242
-1483
-1461
-1485
-1634
-1520
-1411
-1623
-1965
-2050
-1793
-1619
-1460
-1217
-979
-906
-708
-517
-430
-590
-313
206
272
-66
-443
-460
-565
-632
-603
-240
97
384
644
808
710
476
515
704
1019
1299
1903
2473
2933
3033
2836
2425
1795
1157
999
1264
1452
1570
1580
1426
596
-303
-991
-1401
-1733
-1618
-1060
-645
-721
-1087
-1328
-1769
-2316
-2733
-2585
-2305
-1849
-1294
-704
-563
-907
-1253
-1431
-1458
-1361
-855
-259
124
242
458
431
75
-373
-498
-456
-362
-45
401
663
578
741
1078
1130
763
671
1069
1602
2050
2656
3231
3314
2951
2519
2289
1982
1694
1719
1926
1788
1132
381
-244
-934
-1420
-1525
-1364
-1422
-1676
-1734
-1719
-1970
-2493
-2620
-2469
-2320
-2251
-1791
-1456
-1599
-1787
-1661
-1490
-1554
-1234
-543
-11
53
-41
-63
-227
-437
-326
61
225
171
331
708
806
577
623
810
985
1094
1208
1584
1980
2355
2529
2620
2745
2613
2218
1865
1742
1766
2052
2230
2202
1672
907
143
-590
-1061
-1272
-1097
-879
-934
-1224
-1473
-1946
-2616
-3106
-3044
-2703
-2429
-2062
-1779
-1783
-2085
-2314
-2338
-2162
-1791
-1154
-562
-259
-141
-54
66
61
121
339
552
649
681
681
676
550
646
974
1270
1338
1316
1479
1721
1977
2230
2467
2600
2710
2547
2288
2136
2104
2150
2161
2085
1625
915
176
-416
-824
-874
-805
-761
-1060
-1476
-1822
-2057
-2471
-2800
-2826
-2634
-2428
-2252
-2052
-2198
-2348
-2511
-2532
-2411
-1979
-1398
-826
-420
-261
-217
-248
-208
-134
222
675
973
1170
1195
1056
853
854
1063
1172
1183
1312
1605
1827
1986
2247
2541
2597
2551
2498
2321
2061
2062
2377
2571
2373
1838
1193
535
-124
-688
-881
-953
-1090
-1334
-1559
-1839
-2270
-2668
-2926
-2945
-2841
-2738
-2666
-2619
-2744
-2868
-2755
-2586
-2384
-1937
-1227
-562
-227
-126
-208
-205
-67
139
411
727
864
988
1163
1135
838
680
845
1026
1195
1519
1948
2208
2330
2454
2741
2812
2683
2498
2535
2549
2557
2738
2774
2435
1740
1069
341
-357
-848
-949
-880
-1027
-1355
-1688
-2090
-2672
-3119
-3303
-3237
-3042
-2679
-2364
-2267
-2341
-2585
-2842
-2952
-2844
-2461
-1883
-1272
-720
-332
-150
-148
-103
108
359
673
1096
1444
1587
1589
1528
1504
1469
1366
1275
1391
1700
2019
2317
2640
2848
2813
2748
2653
2495
2251
2234
2418
2429
2061
1572
1047
378
-173
-434
-496
-846
-1369
-1831
-2164
-2509
-2845
-2978
-3004
-2975
-2867
-2633
-2608
-2725
-2734
-2549
-2428
-2390
-2267
-1978
-1677
-1445
-1182
-904
-767
-776
-562
8
575
1014
1444
1699
1681
1487
1459
1493
1548
1631
1904
2337
2700
2787
2783
2807
2652
2403
2285
2380
2326
2334
2489
2586
2221
1513
825
166
-440
-801
-748
-737
-973
-1322
-1528
-1929
-2537
-3003
-3148
-3134
-3058
-2785
-2488
-2342
-2344
-2242
-2215
-2272
-2409
-2246
-1869
-1507
-1323
-1137
-965
-897
-797
-512
-36
360
771
1182
1567
1689
1732
1799
1959
2020
2227
2510
2748
2866
2969
3025
2875
2617
2376
2303
2188
2210
2216
2169
1843
1365
854
404
22
-268
-423
-653
-883
-1255
-1592
-2033
-2397
-2690
-2838
-2858
-2791
-2703
-2688
-2675
-2729
-2791
-2880
-2825
-2567
-2214
-1883
-1462
-1048
-851
-897
-947
-825
-646
-376
90
657
1126
1452
1696
1967
2113
2252
2458
2712
3011
3276
3566
3589
3354
3009
2783
2558
2344
2220
2106
1840
1326
888
542
237
-104
-325
-456
-668
-929
-1167
-1426
-1755
-1954
-2075
-2146
-2239
-2358
-2443
-2556
-2595
-2589
-2710
-2921
-3049
-2923
-2690
-2489
-2223
-1912
-1714
-1493
-1198
-916
-656
-244
280
690
1030
1405
1713
1950
2168
2466
2884
3213
3454
3607
3784
3828
3706
3486
3203
2933
2708
2481
2073
1568
1019
563
215
-36
-224
-452
-742
-1144
-1485
-1747
-1910
-2001
-1980
-1990
-2055
-2113
-2220
-2390
-2532
-2501
-2395
-2372
-2410
-2414
-2394
-2449
-2488
-2300
-2092
-2014
-1851
-1518
-1166
-839
-408
77
456
815
1191
1535
1793
2090
2521
3065
3489
3815
4075
4087
3782
3493
3405
3280
3131
3095
2976
2517
1798
1085
462
-103
-503
-646
-686
-889
-1270
-1610
-1866
-2079
-2153
-2004
-1913
-1933
-1987
-2034
-2156
-2320
-2436
-2511
-2509
-2488
-2431
-2380
-2352
-2370
-2312
-2156
-1931
-1695
-1435
-1132
-760
-306
140
528
855
1169
1495
1887
2258
2694
3170
3638
3907
3910
3734
3462
3201
3062
3120
3218
3078
2657
2210
1701
1060
505
198
-44
-408
-746
-1034
-1384
-1779
-2040
-2137
-2152
-2179
-2141
-2072
-2133
-2239
-2293
-2286
-2390
-2422
-2333
-2242
-2254
-2270
-2249
-2167
-2062
-1963
-1749
-1442
-1058
-681
-297
-2
242
485
737
1044
1521
2091
2599
3034
3342
3441
3347
3263
3228
3230
3305
3399
3397
3151
2649
2067
1480
944
569
378
172
-167
-512
-824
-1219
-1623
-1851
-1905
-1888
-1903
-1966
-2053
-2147
-2171
-2149
-2181
-2294
-2370
-2278
-2226
-2255
-2228
-2147
-2126
-2057
-1802
-1482
-1198
-924
-593
-285
9
302
598
938
1354
1866
2344
2652
2794
2851
2806
2698
2668
2766
2861
2887
2841
2698
2356
1883
1436
1178
1066
900
625
281
-112
-557
-951
-1227
-1395
-1499
-1548
-1625
-1773
-1955
-2125
-2259
-2370
-2394
-2338
-2243
-2128
-2082
-2071
-2041
-1921
-1833
-1755
-1582
-1232
-835
-490
-170
97
270
312
444
759
1200
1614
2121
2565
2725
2587
2396
2248
2070
1991
2130
2302
2184
1924
1639
1382
1009
801
821
812
601
380
268
-11
-397
-689
-760
-899
-1086
-1218
-1342
-1598
-1878
-1961
-2001
-2097
-2124
-2050
-2080
-2203
-2232
-2139
-1988
-1783
-1500
-1196
-879
-551
-285
-67
112
338
663
1032
1437
1766
2000
2115
2124
2031
1910
1888
2012
2080
2101
2044
1821
1407
898
521
279
176
179
201
138
-18
-238
-413
-559
-641
-564
-365
-212
-223
-420
-689
-958
-1207
-1488
-1727
-1820
-1853
-1859
-1843
-1797
-1758
-1703
-1675
-1636
-1491
-1181
-786
-430
-69
239
516
784
1022
1333
1715
2063
2288
2357
2282
2094
1957
1853
1724
1541
1348
1043
667
346
150
104
110
115
3
-153
-385
-628
-865
-944
-894
-694
-516
-443
-484
-584
-667
-748
-836
-971
-1067
-1099
-1109
-1165
-1223
-1286
-1296
-1343
-1400
-1385
-1149
-743
-350
-32
213
422
578
716
945
1330
1714
2015
2180
2159
1929
1739
1697
1688
1591
1517
1424
1092
600
140
-79
-226
-420
-630
-775
-948
-1149
-1241
-1221
-1170
-1075
-865
-780
-848
-938
-908
-823
-776
-728
-628
-594
-671
-805
-859
-817
-757
-619
-502
-482
-481
-373
-228
-120
15
266
591
900
1201
1507
1784
1952
2013
2017
1941
1855
1821
1791
1696
1500
1191
736
226
-177
-385
-446
-462
-528
-659
-839
-1072
-1296
-1449
-1498
-1435
-1283
-1143
-1112
-1147
-1165
-1197
-1194
-1140
-1051
-971
-896
-852
-828
-761
-631
-488
-332
-93
169
408
567
745
949
1130
1277
1446
1662
1759
1774
1706
1587
1428
1361
1462
1583
1603
1478
1282
956
517
99
-154
-281
-401
-508
-618
-777
-1031
-1286
-1503
-1621
-1611
-1479
-1320
-1246
-1208
-1173
-1203
-1322
-1421
-1428
-1326
-1159
-959
-796
-667
-565
-482
-423
-310
-87
179
412
615
861
1120
1358
1596
1859
2099
2276
2337
2251
2048
1888
1847
1794
1667
1470
1180
775
311
-102
-344
-396
-386
-421
-572
-807
-1080
-1329
-1511
-1588
-1542
-1447
-1400
-1427
-1466
-1482
-1504
-1542
-1553
-1505
-1383
-1232
-1097
-987
-856
-738
-654
-551
-398
-138
208
571
863
1073
1232
1374
1462
1580
1786
2056
2242
2231
2122
2010
1938
1857
1780
1671
1461
1184
880
526
172
-80
-225
-353
-585
-853
-1079
-1294
-1489
-1558
-1483
-1423
-1447
-1460
-1468
-1552
-1664
-1706
-1707
-1722
-1640
-1433
-1242
-1164
-1082
-923
-748
-608
-399
-80
258
546
810
1064
1248
1395
1564
1719
1827
1936
1986
1965
1888
1823
1790
1746
1635
1470
1265
1023
785
574
426
302
228
96
-149
-464
-795
-1140
-1413
-1556
-1580
-1537
-1513
-1511
-1566
-1653
-1759
-1826
-1829
-1725
-1512
-1237
-992
-840
-767
-747
-702
-592
-379
-106
192
492
721
910
1081
1250
1421
1609
1799
1928
1966
1922
1856
1794
1770
1711
1582
1388
1154
874
548
296
103
-90
-254
-366
-457
-601
-744
-866
-977
-1104
-1175
-1167
-1133
-1144
-1209
-1272
-1373
-1504
-1634
-1696
-1666
-1522
-1308
-1126
-1020
-927
-759
-528
-245
62
408
734
982
1155
1310
1458
1614
1719
1760
1741
1675
1593
1463
1345
1231
1138
996
815
601
415
280
209
118
-21
-180
-316
-436
-594
-721
-784
-821
-892
-961
-1022
-1099
-1182
-1221
-1227
-1222
-1217
-1159
-1063
-985
-915
-842
-728
-600
-472
-328
-141
79
302
502
681
824
911
985
1081
1171
1284
1385
1480
1484
1384
1280
1214
1139
988
805
610
388
182
52
-53
-172
-342
-518
-727
-925
-1055
-1104
-1076
-998
-901
-858
-893
-1012
-1109
-1136
-1085
-988
-812
-609
-464
-379
-309
-264
-214
-127
-10
175
380
570
727
881
962
981
975
999
1014
1036
1062
1080
1105
1071
990
868
716
537
374
195
24
-112
-206
-301
-402
-493
-584
-686
-817
-961
-1046
-1037
-987
-953
-949
-972
-1009
-1016
-985
-891
-728
-535
-389
-259
-158
-92
-11
101
215
326
495
670
807
935
1073
1187
1286
1334
1338
1306
1256
1168
1074
974
815
642
453
252
55
-100
-256
-376
-458
-561
-725
-884
-987
-1083
-1165
-1180
-1126
-1075
-1015
-937
-867
-865
-896
-921
-902
-854
-751
-578
-414
-308
-213
-115
-32
72
272
558
849
1121
1334
1470
1522
1535
1532
1517
1475
1449
1384
1260
1111
973
828
631
435
234
42
-161
-362
-535
-673
-776
-862
-949
-1067
-1213
-1321
-1372
-1399
-1395
-1322
-1241
-1175
-1117
-1049
-998
-946
-879
-788
-631
-408
-157
79
271
396
495
583
649
756
931
1117
1264
1384
1440
1407
1334
1281
1247
1217
1206
1208
1171
1076
948
771
527
253
-11
-237
-421
-586
-721
-842
-994
-1139
-1254
-1360
-1447
-1477
-1461
-1428
-1339
-1211
-1079
-969
-882
-820
-730
-641
-549
-400
-174
71
261
399
475
532
607
717
834
976
1120
1234
1295
1300
1269
1220
1174
1113
1034
941
848
724
595
439
290
103
-117
-338
-510
-589
-626
-656
-748
-854
-966
-1046
-1111
-1122
-1079
-993
-891
-830
-796
-778
-735
-649
-499
-346
-204
-78
28
122
213
318
440
531
602
677
754
826
874
908
954
984
964
921
856
743
621
541
464
370
252
117
-41
-213
-369
-501
-585
-630
-676
-711
-736
-772
-820
-865
-891
-871
-795
-689
-556
-438
-350
-268
-191
-126
-61
24
163
299
411
506
580
631
644
677
708
717
719
744
762
733
665
605
530
407
266
153
71
-2
-77
-143
-199
-328
-480
-586
-673
-769
-820
-818
-829
-869
-881
-869
-856
-805
-712
-578
-461
-381
-277
-152
-31
86
217
342
416
502
619
720
800
891
974
1013
1013
1003
1002
1009
997
941
865
752
620
471
335
209
61
-97
-252
-389
-514
-612
-718
-823
-933
-1054
-1170
-1247
-1299
-1309
-1230
-1101
-1012
-964
-881
-798
-707
-590
-432
-241
-49
98
210
304
397
511
644
788
912
1036
1151
1221
1224
1224
1219
1188
1109
1034
977
931
883
802
696
563
434
270
104
-64
-216
-359
-509
-661
-812
-940
-1067
-1194
-1323
-1413
-1467
-1467
-1422
-1362
-1279
-1166
-1057
-949
-825
-666
-460
-239
-37
146
322
489
631
743
864
990
1092
1145
1167
1145
1105
1071
1044
1015
988
957
910
840
736
639
544
420
276
155
48
-84
-241
-396
-563
-732
-857
-956
-1030
-1072
-1091
-1099
-1117
-1114
-1088
-1047
-987
-900
-800
-684
-568
-445
-301
-117
66
220
353
444
516
594
685
780
858
926
985
1003
995
963
920
873
837
792
735
641
512
375
231
78
-86
-215
-355
-481
-569
-624
-672
-725
-761
-800
-831
-834
-804
-765
-722
-691
-635
-568
-510
-451
-351
-237
-150
-48
70
167
262
371
492
592
647
687
704
731
779
826
870
891
866
799
702
571
455
365
280
172
46
-89
-211
-335
-466
-574
-657
-719
-791
-848
-874
-882
-880
-874
-865
-837
-792
-704
-609
-514
-417
-300
-178
-89
2
106
235
355
465
559
632
699
764
852
927
971
983
971
942
886
854
830
772
684
571
452
333
217
93
-30
-143
-253
-388
-548
-709
-854
-958
-1028
-1083
-1114
-1130
-1137
-1124
-1097
-1046
-972
-873
-756
-624
-473
-338
-227
-129
-15
99
220
366
517
641
732
820
869
909
943
973
1010
1031
1040
1060
1057
1022
978
930
849
723
599
470
340
225
111
-19
-152
-313
-491
-678
-846
-966
-1042
-1101
-1146
-1156
-1161
-1177
-1193
-1170
-1129
-1073
-982
-861
-730
-585
-429
-283
-150
-37
67
172
291
426
568
709
807
860
880
874
869
870
891
913
939
949
924
867
788
711
629
555
487
418
340
251
154
46
-84
-201
-315
-426
-527
-618
-698
-785
-865
-941
-990
-1022
-1032
-1009
-952
-876
-785
-692
-603
-515
-417
-297
-186
-79
19
115
211
295
347
390
443
482
514
546
579
610
630
639
632
615
603
580
548
508
482
461
440
393
326
261
195
122
31
-38
-106
-151
-204
-275
-327
-366
-406
-437
-452
-464
-474
-475
-453
-453
-461
-452
-458
-466
-445
-399
-332
-267
-210
-151
-92
-35
15
54
86
130
172
198
222
243
272
288
276
261
237
223
217
239
243
237
235
219
198
178
187
211
234
248
266
258
219
167
122
88
65
41
22
-4
-58
-109
-146
-172
-193
-206
-212
-224
-252
-258
-249
-225
-211
-208
-201
-210
-233
-258
-258
-244
-226
-207
-180
-178
-176
-167
-162
-165
-154
-116
-75
-32
3
32
62
75
102
143
194
253
303
366
399
414
410
402
387
377
389
398
386
362
326
280
240
198
149
111
68
13
-38
-93
-139
-174
-202
-230
-269
-307
-344
-371
-385
-397
-400
-402
-407
-414
-420
-413
-401
-396
-382
-353
-322
-289
-241
-179
-119
-63
-4
55
106
158
223
282
323
369
412
455
484
501
519
517
501
482
460
440
411
378
342
294
248
198
142
84
26
-7
-48
-90
-141
-191
-228
-267
-293
-322
-346
-373
-393
-399
-418
-425
-423
-417
-398
-384
-378
-374
-358
-340
-304
-258
-199
-125
-57
0
59
114
145
186
229
280
325
361
398
403
388
378
377
365
346
327
306
284
261
229
209
175
134
90
51
21
-4
-12
-31
-44
-56
-76
-97
-127
-157
-187
-217
-230
-237
-240
-241
-237
-242
-251
-262
-263
-246
-231
-195
-159
-135
-127
-116
-96
-89
-66
-29
3
42
85
114
133
139
144
153
160
167
177
194
201
186
178
164
146
140
129
115
92
90
83
64
45
31
37
36
29
28
23
21
14
3
-2
-10
-11
-27
-51
-66
-78
-78
-86
-105
-114
-128
-144
-163
-166
-159
-152
-143
-139
-131
-131
-127
-129
-124
-111
-96
-59
-35
-20
12
40
40
38
42
46
66
100
134
149
161
160
155
145
138
144
159
178
181
188
184
152
125
111
104
99
97
95
80
59
45
29
-2
-36
-79
-125
-168
-197
-202
-199
-198
-207
-215
-237
-258
-272
-266
-244
-226
-203
-191
-180
-162
-138
-116
-85
-50
-12
19
51
81
110
144
180
208
223
242
263
282
296
305
310
310
293
279
255
222
190
157
128
84
56
33
7
-26
-59
-85
-113
-137
-148
-166
-172
-175
-193
-215
-247
-266
-269
-259
-264
-262
-247
-242
-231
-212
-183
-153
-123
-84
-48
-15
20
63
104
141
169
194
214
218
229
242
256
258
238
235
226
205
182
170
160
151
132
107
80
45
14
-7
-31
-50
-72
-96
-114
-142
-174
-192
-200
-212
-214
-203
-184
-174
-164
-150
-140
-123
-102
-83
-59
-44
-19
5
18
34
42
56
78
89
107
125
125
127
127
123
118
114
102
96
100
91
86
73
56
40
25
16
7
-13
-29
-38
-51
-69
-86
-103
-110
-123
-131
-124
-116
-116
-108
-91
-92
-76
-70
-60
-32
-11
14
36
55
68
83
91
105
115
124
132
129
126
124
115
99
83
74
69
58
43
28
9
-3
-16
-27
-42
-58
-65
-83
-98
-108
-108
-104
-96
-98
-101
-92
-99
-101
-98
-100
-97
-87
-77
-72
-48
-27
-4
16
22
39
46
69
89
107
124
138
154
152
158
167
168
172
165
160
144
118
92
62
42
20
-6
-28
-52
-71
-86
-93
-101
-108
-118
-125
-145
-160
-166
-170
-161
-162
-156
-150
-147
-145
-145
-131
-113
-90
-73
-59
-36
-10
27
65
93
115
133
150
160
177
200
223
238
240
235
215
192
166
143
125
110
103
94
72
51
25
3
-26
-50
-68
-76
-77
-90
-98
-130
-160
-182
-202
-204
-223
-216
-210
-222
-214
-217
-210
-200
-182
-159
-131
-109
-91
-53
-25
12
48
83
113
131
157
185
207
225
246
253
256
250
239
232
226
221
208
201
184
156
135
110
78
48
13
-13
-26
-53
-73
-95
-120
-154
-178
-187
-197
-196
-197
-199
-207
-219
-222
-232
-229
-227
-210
-186
-172
-156
-149
-132
-115
-94
-63
-33
2
43
80
116
144
161
190
207
221
236
247
250
257
257
252
245
223
209
183
162
145
123
110
81
53
32
2
-26
-57
-83
-103
-117
-127
-141
-158
-173
-185
-205
-215
-221
-213
-205
-206
-200
-191
-182
-172
-158
-149
-132
-112
-92
-61
-38
-14
16
36
57
81
112
136
159
180
193
213
220
226
226
222
223
218
209
200
183
164
132
103
80
53
32
13
-11
-30
-48
-73
-96
-123
-140
-152
-169
-185
-192
-194
-190
-191
-188
-177
-181
-182
-167
-161
-146
-125
-105
-91
-74
-52
-36
-13
0
25
45
72
100
110
134
139
149
159
169
180
186
206
212
206
203
191
164
131
108
85
64
56
33
19
5
-22
-38
-63
-89
-105
-111
-118
-136
-142
-147
-148
-151
-149
-151
-148
-138
-143
-130
-125
-113
-98
-90
-77
-62
-45
-33
-11
1
25
52
61
70
83
86
90
103
99
101
113
112
108
113
110
102
107
100
94
91
84
77
67
57
39
25
13
-8
-16
-25
-35
-43
-54
-50
-55
-61
-62
-72
-70
-78
-76
-70
-75
-77
-82
-78
-76
-69
-53
-42
-38
-35
-38
-44
-42
-36
-19
-6
12
16
16
16
9
17
21
31
39
46
45
40
43
42
40
43
54
56
61
67
65
70
71
71
68
62
54
51
48
40
34
25
20
4
-12
-20
-34
-36
-41
-45
-52
-55
-60
-62
-63
-69
-69
-73
-73
-64
-62
-60
-55
-60
-66
-68
-65
-65
-59
-46
-43
-33
-30
-22
-19
-5
8
22
43
45
61
59
61
69
78
87
89
94
93
91
88
86
83
83
80
70
65
55
46
43
42
29
26
17
4
-7
-17
-28
-44
-51
-63
-62
-75
-85
-90
-99
-108
-113
-107
-107
-90
-84
-76
-71
-69
-66
-56
-41
-35
-9
-7
0
4
2
9
19
33
43
55
64
75
76
81
84
94
104
107
111
114
121
112
113
105
89
81
69
62
50
37
29
12
-9
-22
-38
-52
-57
-67
-77
-81
-95
-103
-101
-110
-108
-111
-111
-113
-112
-108
-97
-94
-85
-80
-70
-62
-55
-34
-33
-5
10
17
34
36
49
57
69
83
95
102
109
110
108
109
113
110
102
106
104
103
98
88
63
52
42
17
14
-2
-9
-22
-37
-49
-69
-78
-86
-93
-95
-98
-100
-105
-109
-106
-109
-105
-95
-92
-80
-67
-58
-50
-44
-38
-30
-32
-17
-8
2
22
34
52
63
71
73
76
77
84
90
96
102
90
95
85
76
68
64
57
51
44
31
23
13
3
-7
-14
-26
-29
-31
-34
-41
-39
-37
-45
-39
-51
-46
-53
-53
-50
-51
-39
-37
-27
-35
-26
-33
-33
-26
-26
-13
-8
6
6
10
15
19
16
25
32
30
41
40
47
45
47
42
31
29
20
14
10
11
7
5
8
3
-4
3
4
6
9
11
13
9
3
0
-4
0
3
0
5
-2
-1
-1
-3
-6
-17
-12
-27
-26
-28
-32
-25
-31
-32
-31
-32
-35
-27
-26
-25
-25
-22
-26
-25
-22
-21
-9
-8
1
0
3
3
3
5
3
9
8
11
18
19
15
22
23
25
27
33
34
39
47
45
54
48
43
38
30
23
18
17
11
11
-4
-10
-22
-32
-37
-45
-49
-48
-50
-53
-42
-52
-48
-45
-51
-52
-50
-44
-44
-39
-34
-28
-26
-11
-16
-8
0
-4
10
12
24
31
36
41
38
37
40
42
50
60
69
80
71
72
65
63
60
60
55
52
55
41
35
25
16
4
-1
-13
-26
-28
-41
-40
-51
-58
-56
-64
-66
-63
-67
-60
-55
-59
-47
-54
-48
-44
-43
-39
-39
-38
-33
-26
-24
-11
-11
-3
3
4
12
18
28
38
45
50
52
51
55
55
59
63
61
63
61
55
46
42
37
30
27
20
12
8
1
-4
-8
-17
-15
-25
-27
-35
-41
-43
-46
-54
-61
-61
-71
-63
-67
-64
-59
-63
-55
-60
-55
-58
-49
-40
-34
-21
-19
-12
-6
-1
7
15
22
30
38
43
48
51
56
60
62
65
66
70
73
70
66
69
68
62
65
57
52
51
44
36
21
18
7
-2
-5
-17
-23
-29
-37
-47
-57
-63
-69
-77
-78
-84
-87
-81
-85
-80
-77
-72
-65
-64
-53
-47
-39
-33
-25
-16
-6
2
14
23
30
45
49
56
68
63
74
79
70
83
79
82
84
76
79
76
71
64
59
56
51
47
41
31
16
11
0
-18
-26
-37
-50
-59
-65
-80
-89
-89
-97
-96
-92
-95
-89
-91
-87
-84
-76
-61
-55
-44
-35
-23
-16
-8
6
10
19
32
34
39
43
51
56
63
72
74
81
82
77
80
72
75
70
64
65
56
52
42
32
19
15
6
-3
-10
-19
-24
-36
-42
-55
-59
-61
-68
-64
-72
-70
-69
-71
-74
-74
-74
-70
-61
-58
-45
-37
-25
-25
-11
-10
-3
14
14
27
36
44
50
49
54
54
53
55
52
49
52
51
47
46
48
38
39
33
25
23
17
13
5
3
-2
-3
-12
-15
-19
-27
-24
-30
-33
-33
-35
-37
-42
-44
-44
-45
-36
-39
-32
-23
-26
-19
-22
-18
-14
-12
-4
-5
5
10
16
21
18
22
27
27
30
29
31
30
29
28
21
26
21
22
21
11
16
14
8
9
8
5
7
5
2
-1
3
1
-5
4
-6
-7
0
-10
-5
-5
-7
-8
-14
-17
-18
-20
-18
-18
-14
-18
-12
-14
-20
-12
-15
-12
-7
-12
-8
-5
-6
-6
-6
-6
-7
-5
-7
-7
0
-4
-2
-4
-10
-8
-8
-8
-3
-1
2
11
7
15
15
16
21
18
21
17
22
14
16
15
14
16
11
14
7
11
10
10
8
7
9
1
1
-8
-6
-10
-10
-11
-18
-15
-19
-23
-25
-26
-30
-29
-32
-33
-31
-28
-25
-24
-20
-18
-12
-11
-8
-2
-3
7
8
14
17
21
27
27
32
36
37
43
48
45
47
49
42
44
43
37
38
34
29
23
18
17
13
9
4
0
-8
-13
-18
-25
-28
-28
-34
-38
-42
-47
-51
-55
-55
-58
-57
-51
-57
-52
-47
-47
-38
-33
-26
-18
-8
0
4
18
20
31
37
39
46
43
57
51
52
59
54
58
55
55
48
48
47
36
35
33
27
21
21
8
-1
-2
-9
-19
-21
-25
-33
-38
-42
-51
-61
-55
-63
-67
-63
-66
-64
-63
-61
-61
-56
-51
-46
-43
-33
-26