4
2
0
5
7
5
7
2
0
2
0
0
-1
2
4
4
8
10
6
5
5
6
6
0
-3
-3
-1
2
1
-2
5
7
4
5
1
2
5
-1
1
4
0
0
-1
0
2
2
4
0
-2
2
-2
-2
-1
-3
4
-1
-6
2
-5
-5
1
0
3
3
-1
-3
-2
2
-1
-4
0
-4
-5
-3
-10
-5
-1
-6
0
1
-5
-4
1
0
-6
-1
0
-7
-3
-1
-2
-2
-5
-4
-4
-3
-4
-3
-1
0
5
-2
-6
-1
-2
-2
-1
1
5
-1
-1
3
-1
-6
-4
0
-1
-3
1
5
2
3
5
-2
1
5
-3
0
4
1
3
4
-4
1
7
1
-2
-1
0
4
1
0
3
4
-2
-2
1
-4
0
2
-3
3
4
-2
-3
2
1
0
1
-4
-2
-2
-1
3
-1
1
0
0
-2
-6
1
1
1
3
-1
-4
-2
-2
-4
3
3
-2
3
-1
-2
2
2
3
1
-1
2
-1
0
-1
3
3
2
2
-3
-1
2
3
5
3
2
4
2
-2
0
-1
-2
-1
-3
-4
3
4
1
3
7
5
-1
-1
-4
-2
3
0
0
-1
1
2
-3
-2
1
-3
-3
2
0
-4
3
5
1
2
3
-2
-3
-2
-6
-4
-5
-4
0
-5
-1
5
3
0
1
4
1
-4
-3
0
-1
-3
0
1
-3
-2
-3
-3
-4
-3
0
0
-1
0
2
-2
-1
-2
-3
-1
-9
-2
2
-6
0
1
0
-1
-4
0
0
-2
-3
-5
-1
-3
-5
-2
2
3
2
2
3
-1
-4
-3
-1
-4
-1
0
-2
0
1
2
3
3
2
4
5
-1
2
5
4
8
6
5
5
3
5
1
2
5
4
3
0
5
4
4
11
7
9
11
3
2
0
-2
4
4
2
8
4
2
4
-2
4
4
-3
1
-1
-3
-4
-3
-1
0
-2
-1
0
-6
-7
-5
-8
-4
-8
-7
-1
-8
-5
-8
-10
-4
-10
-7
-4
-7
-1
-2
-4
-6
-7
-7
-9
-9
-9
-5
-4
-7
-1
0
-1
-2
1
1
-2
-3
-5
-3
-1
-2
2
3
5
5
4
2
5
8
4
6
5
7
6
-1
6
7
7
10
7
9
4
4
9
5
7
8
8
8
6
6
2
1
4
4
4
5
3
4
8
4
-3
1
0
0
0
-2
2
1
-3
-2
-4
-5
-5
-2
-2
-3
-2
-4
-3
-8
-10
-6
-8
-7
-6
-7
-6
-2
-7
-10
-5
-8
-5
1
-4
-3
-4
-8
-4
-9
-10
-6
-4
-2
-1
-2
-2
-2
-3
1
0
-5
-4
0
1
0
1
2
3
5
2
1
4
6
3
3
10
6
2
7
3
3
7
4
4
4
5
8
8
7
5
4
8
3
-1
5
3
0
4
9
10
3
1
5
2
3
8
5
4
2
2
-1
-7
-4
-2
0
5
-3
-3
-1
-4
-4
-4
0
0
-1
-4
-7
-4
-4
-5
-8
-9
-5
-4
-7
-8
-4
0
-2
-6
-6
-8
-4
-2
-3
0
-3
-9
-7
-6
-9
-12
-8
-1
-6
-7
-1
-1
-2
-1
2
-1
-5
-1
-1
-4
1
4
3
2
0
3
5
-2
-2
5
-1
0
2
2
4
1
2
5
10
5
6
11
8
7
3
0
2
0
2
3
4
5
4
7
3
11
7
7
12
1
7
3
-3
1
1
0
-3
1
1
-4
1
-1
-1
0
-2
-1
-5
0
-2
-1
3
-5
2
2
-4
-4
-4
-5
-4
-5
-5
-4
-6
-1
-2
-5
-8
-3
-4
-7
-6
2
1
-5
-1
-1
-3
-4
-3
-5
-5
-1
2
-4
0
5
3
5
-1
1
3
-3
4
8
1
4
8
3
0
2
4
1
3
3
0
3
2
3
5
3
4
8
4
2
1
6
5
2
2
0
3
-1
4
4
2
7
3
2
-3
-5
-1
-2
-3
1
-2
-4
-4
-3
-3
-4
-3
-2
0
-1
-3
-4
3
1
-4
0
-7
-7
-6
-9
-9
-5
0
3
-1
-3
-1
1
0
-5
-2
-3
-2
-2
-4
-2
0
-1
1
-2
-5
3
1
2
6
2
6
6
2
2
4
4
5
2
4
3
1
5
6
2
3
2
1
3
2
1
2
3
5
0
0
6
7
8
7
5
6
5
5
-2
-4
6
-2
-2
3
2
6
1
3
0
-1
2
-3
-1
0
-1
-1
-1
-3
-2
0
-4
0
-1
-11
-5
-8
-3
-2
-3
5
1
3
0
1
-3
-3
0
-4
0
-4
-1
-2
-5
-1
-4
-5
-4
-4
-2
-1
3
-3
-2
1
-1
-3
-8
1
-7
-5
5
-1
4
5
5
-1
-5
-2
-1
1
3
0
7
11
-2
-4
0
2
4
-2
-3
7
3
2
6
0
0
3
2
-2
-2
1
7
4
1
8
-1
-5
3
3
2
7
2
1
6
2
-2
-1
0
7
2
-1
1
-1
3
-4
-1
4
-2
-1
-1
-3
-6
0
0
-3
2
2
1
-1
-2
-2
-6
-1
2
-2
-2
-3
-1
-5
-3
-5
0
5
0
1
2
6
0
0
-3
1
-2
-4
-1
-1
8
0
2
-3
-4
5
-4
-3
1
1
3
-1
0
1
-1
4
7
1
-5
-1
-3
1
-4
-2
6
-1
6
8
3
0
3
5
-7
-3
-3
-2
-3
0
5
2
7
-3
-1
-2
-7
-1
-11
1
3
-2
1
1
1
-9
-1
-2
-5
-3
-4
1
-3
-2
-1
-1
5
0
1
4
6
1
-3
6
3
1
0
-5
-3
-4
-1
-2
4
-2
7
5
-2
1
-9
2
0
6
2
0
6
-2
1
-2
-6
5
-4
0
9
-7
8
4
4
6
4
3
4
2
1
4
-1
4
-6
4
-4
2
-4
-9
-5
-8
0
-6
0
-2
-1
-4
0
-7
-7
-8
4
-1
-3
4
-7
11
-5
4
1
-1
-1
1
1
-10
2
4
1
-1
9
-5
2
-4
-2
0
-7
4
2
-10
-7
-7
-11
-5
-16
6
-3
3
6
-8
6
-1
8
11
10
11
8
6
7
-6
2
4
2
7
1
4
0
3
3
0
4
-4
-5
2
-5
-9
2
-12
4
-10
-12
-3
-11
3
-4
4
0
14
-2
4
6
7
8
5
13
-4
11
-1
2
-4
-5
8
0
-1
-4
0
-10
-4
-6
-9
-14
-1
-11
-8
-9
-14
3
-11
2
0
1
-1
14
0
8
7
5
7
0
8
-6
12
5
5
6
4
3
2
-1
-2
0
-2
-9
-6
-11
-17
-2
-14
-6
-10
-3
2
-3
3
0
5
2
11
1
11
1
7
8
4
9
-2
6
5
7
2
-2
9
-1
1
0
-15
-2
-10
-15
-7
-10
-10
-8
-7
-5
-9
0
-5
4
-1
-6
13
-1
9
6
12
11
10
4
11
3
1
10
2
8
-5
11
-5
1
-1
-10
-1
-12
-3
-14
0
-11
-2
-5
-9
5
-5
0
-2
12
2
7
5
2
10
7
12
3
17
8
3
4
3
-2
3
3
-4
-1
-8
-6
-8
-11
0
-4
-5
-11
1
-20
-4
-10
5
-8
7
-4
4
5
-10
13
-5
14
-3
14
-4
12
-2
11
6
4
9
-10
17
-18
1
-10
-7
-7
-11
-4
-3
-9
2
-8
-4
-2
-9
7
-7
9
2
5
5
0
10
-2
6
7
16
-6
12
-4
15
-5
5
-2
1
1
-3
-5
-8
-4
-4
3
-24
15
-18
10
-21
13
-10
0
-3
-5
4
-7
8
-8
14
-16
27
-16
20
-9
16
-2
7
6
-3
12
-14
16
-23
17
-32
21
-31
14
-9
-1
5
-19
17
-23
20
-21
24
-18
25
-10
18
-14
11
-3
5
5
2
16
-7
17
-9
20
-3
13
-9
13
-3
2
-7
3
-1
0
8
-7
1
-7
3
-5
7
-11
8
-5
5
-2
1
8
-6
8
-3
6
2
-6
9
-8
8
-2
4
-1
7
1
-1
1
-8
2
-12
9
-16
7
-19
-1
-12
-8
4
-10
9
-8
8
-5
-1
-10
7
-16
11
-10
3
-9
-2
5
-16
6
-7
-3
-3
5
6
-4
10
-8
7
-8
8
-10
9
-7
0
3
-19
9
-20
15
-12
5
0
3
-7
17
-12
15
-13
6
5
-14
28
-26
27
-18
28
-16
16
-14
4
0
7
9
-10
34
-24
34
-23
24
-24
17
-7
-6
8
-13
21
-29
39
-34
42
-33
31
-34
17
-8
-11
12
-18
25
-25
29
-23
22
-9
20
-17
12
-9
2
-3
-1
10
0
7
-12
7
-14
11
-12
-2
-8
0
-6
-4
2
-4
-6
4
-9
8
-14
7
-22
16
-17
13
-16
12
-1
-3
9
-15
25
-23
38
-35
47
-35
29
-30
9
0
-17
26
-30
38
-40
43
-59
54
-63
54
-48
27
-30
10
-2
-12
28
-32
50
-61
74
-70
71
-59
60
-35
23
-8
0
25
-37
49
-58
56
-58
58
-55
34
-30
19
-5
-3
3
-19
10
-22
13
-35
25
-29
20
-15
2
13
-16
32
-30
43
-37
42
-17
19
-3
2
17
-26
35
-42
33
-43
42
-44
30
-26
1
-8
-5
4
-19
19
-27
34
-49
40
-54
54
-43
25
-10
-3
14
-22
48
-43
62
-53
54
-46
36
-32
17
-5
-12
28
-32
45
-62
55
-68
60
-70
54
-60
35
-33
0
10
-24
40
-58
67
-75
84
-76
79
-64
66
-25
29
1
-6
20
-31
46
-55
61
-52
59
-50
55
-47
26
-19
-9
20
-34
40
-38
41
-21
23
-18
7
7
-12
28
-34
40
-50
49
-53
64
-34
24
4
2
25
-31
43
-56
68
-78
81
-87
90
-78
55
-45
17
6
-30
43
-81
75
-106
100
-117
103
-100
97
-78
62
-31
5
23
-45
78
-95
88
-91
87
-90
79
-73
50
-23
0
12
-28
43
-59
70
-76
69
-72
53
-63
49
-34
26
-20
6
2
-17
41
-61
75
-88
96
-88
76
-58
42
-40
40
-10
2
27
-34
61
-80
93
-94
97
-92
87
-77
47
-40
15
-9
-16
33
-55
72
-83
81
-74
75
-57
45
-20
7
4
1
13
-22
34
-31
38
-39
29
-34
18
-13
8
-14
23
-38
31
-31
29
-20
-4
8
-14
23
-22
25
-42
54
-61
68
-67
70
-65
57
-31
-1
33
-49
64
-60
66
-59
63
-58
52
-50
25
-16
-26
35
-61
77
-86
86
-73
50
-39
17
-2
-13
34
-39
73
-73
99
-108
109
-103
85
-60
28
-5
-5
6
-19
22
-41
41
-66
76
-81
72
-71
62
-72
56
-50
40
-35
29
-24
7
4
-29
54
-74
100
-118
123
-112
109
-94
80
-68
55
-37
2
18
-34
39
-70
82
-96
88
-94
88
-81
67
-44
20
9
-20
32
-51
64
-80
79
-63
50
-14
7
38
-49
77
-85
77
-65
72
-59
60
-25
16
11
-29
56
-82
99
-98
95
-69
49
-28
24
-4
5
13
-6
19
-19
27
-32
23
-11
7
2
-5
5
-6
5
15
-9
26
-11
12
7
-5
10
-11
3
1
-27
28
-40
25
-13
5
5
-8
1
-4
-8
-10
-2
-17
9
-28
32
-54
57
-70
56
-66
71
-81
70
-42
31
2
-34
73
-102
117
-130
129
-126
93
-94
57
-42
37
-28
19
-6
-27
21
-46
26
-43
37
-24
12
-17
25
-24
25
-26
47
-37
35
-26
27
-14
9
-15
20
-12
31
-24
24
-9
1
9
-18
18
-27
13
-33
32
-48
56
-78
93
-95
112
-92
65
-34
20
9
-31
42
-38
47
-59
95
-103
132
-126
135
-130
117
-90
80
-75
63
-59
42
-66
27
-12
-3
12
-16
21
-1
-5
30
-37
27
-4
-7
32
-36
33
-17
9
33
-66
74
-57
46
-39
38
-35
13
-1
-13
47
-97
156
-208
239
-225
191
-148
101
-41
-27
87
-136
172
-211
273
-278
320
-310
307
-257
186
-97
6
90
-168
233
-271
300
-317
311
-304
268
-219
125
-16
-83
174
-239
291
-302
303
-263
193
-129
76
-29
-24
92
-126
192
-208
216
-199
149
-99
18
43
-96
135
-152
163
-169
151
-139
135
-144
130
-97
45
-12
-34
51
-78
96
-103
87
-67
56
-53
56
-48
58
-52
52
-25
27
-21
35
-53
29
8
-55
77
-110
143
-174
171
-162
133
-116
104
-114
105
-70
41
-15
-29
109
-168
204
-196
167
-127
92
-68
33
-8
0
1
-25
71
-123
155
-143
147
-125
80
-46
14
-22
22
-36
6
48
-117
169
-241
273
-291
277
-212
135
-66
27
-7
-13
-4
-7
14
-15
42
-89
130
-110
89
-56
59
-29
16
-4
11
-56
93
-147
165
-212
231
-237
210
-168
119
-58
-20
121
-208
274
-318
343
-347
310
-232
140
-26
-66
136
-163
239
-279
306
-290
297
-299
266
-224
148
-72
-24
104
-169
239
-238
208
-150
113
-95
66
-70
36
-50
25
-36
20
12
-18
47
-28
85
-119
221
-249
305
-345
371
-377
322
-268
205
-141
120
-82
69
-60
49
-36
-19
57
-143
155
-239
227
-266
248
-217
211
-133
102
-20
-38
105
-149
197
-215
231
-252
218
-190
140
-88
60
-39
49
-59
78
-104
93
-95
10
39
-153
203
-289
311
-333
300
-235
184
-121
67
14
-89
172
-246
304
-360
363
-303
228
-108
37
39
-34
70
-46
34
-12
8
-77
114
-207
187
-200
188
-138
88
4
-40
72
-62
39
-36
8
18
-52
48
-39
57
-35
77
7
-3
102
-92
84
-101
85
-78
59
-15
-37
56
-70
63
-59
68
-16
-10
35
-67
41
-51
21
-1
-10
45
-8
-39
76
-46
13
82
-125
223
-274
263
-229
104
-36
-14
-9
21
-39
36
-11
34
2
-30
39
-36
-9
-8
-10
-28
16
-64
126
-214
267
-259
229
-157
137
-107
84
-73
67
-85
50
-89
57
-89
91
-114
105
-72
54
-44
63
-14
-12
58
-138
162
-186
134
-139
94
-19
36
-11
50
-85
92
-99
86
-95
60
-52
-32
18
-40
-1
-2
62
-98
198
-183
226
-169
57
68
-139
147
-61
-61
157
-267
295
-268
190
-29
0
72
-26
-43
128
-202
128
-39
-58
135
-208
161
-88
-29
139
-112
32
179
-360
454
-481
334
-190
10
145
-122
94
39
-54
71
93
-222
409
-524
512
-390
125
40
-271
278
-265
205
-155
203
-258
379
-445
410
-267
74
184
-350
397
-326
168
-7
-98
144
25
-172
368
-423
349
-230
-19
205
-371
422
-417
332
-312
319
-357
402
-329
268
-99
-105
282
-488
562
-573
374
-185
-11
97
-105
7
160
-284
385
-359
322
-256
161
-99
20
47
-173
267
-403
497
-607
658
-642
521
-342
143
59
-223
305
-255
170
-6
-38
131
-52
37
84
-141
314
-392
491
-455
329
-230
-7
148
-338
396
-478
394
-416
374
-331
254
-173
147
-106
93
-42
-25
121
-247
314
-358
379
-277
194
-97
-10
71
-195
322
-338
310
-112
-64
219
-289
361
-307
327
-209
137
-24
-59
113
-277
294
-298
190
-93
32
-1
-128
136
-202
151
-31
-70
117
-187
115
-153
71
37
-24
24
-19
48
-165
185
-184
100
50
-80
242
-213
282
-194
157
5
-2
212
-175
256
-164
41
-78
53
-135
120
-153
-12
44
-263
122
-194
21
1
-94
114
-60
37
-1
-137
215
-224
313
-123
74
56
-173
107
-16
-18
200
-37
30
50
-82
71
-54
100
-27
103
-65
205
-216
188
-165
77
-7
-34
225
-340
229
-262
0
-2
-99
57
-81
23
-59
59
-178
234
-325
259
-99
-18
14
-35
82
-221
221
-134
138
-81
187
-10
64
-93
242
-182
387
-149
269
-87
51
112
-240
338
-466
393
-403
260
-255
-33
-49
-270
49
-145
82
-144
-25
-145
-92
-121
95
-116
199
-146
191
14
-42
241
-74
288
-28
169
50
-3
72
51
73
49
100
140
-117
166
-153
32
-148
-56
63
-178
81
-310
-53
-174
-113
-5
-108
13
-223
-100
5
-103
23
-9
71
-97
24
141
-8
95
18
126
-9
107
115
-16
164
56
147
136
174
157
82
87
90
19
90
45
-118
22
-95
-102
-8
-53
8
-244
-123
-210
-92
-149
-56
-126
-212
-104
-212
-166
1
-81
57
25
16
141
-12
184
189
390
308
294
241
286
240
392
241
351
-20
96
158
14
-36
-181
-210
-228
-230
-370
-190
-686
-537
-695
-431
-375
-572
-522
-638
-373
-406
-59
-133
-81
-41
-60
179
325
475
468
391
413
571
740
769
800
775
776
704
806
735
943
413
161
79
75
636
203
182
-367
-261
-489
-281
-210
-340
-621
-1165
-1065
-860
-911
-922
-1260
-1275
-1218
-1136
-837
-876
-800
-893
-532
-295
-159
36
75
216
293
399
771
837
733
894
993
1182
1172
1246
1380
1492
1399
1459
1342
1423
1374
1514
780
-49
-466
-278
684
352
311
-674
-1009
-1682
-1052
-366
-165
-1215
-2406
-2175
-1767
-1117
-1477
-1367
-1497
-1360
-1142
-752
-229
-631
-1009
-737
302
826
633
99
309
465
806
1440
1570
1576
661
570
649
944
906
862
1045
866
825
643
1152
943
1320
1396
1504
485
-785
-744
-111
1075
771
330
-705
-1229
-1556
-715
94
134
-1241
-2476
-2295
-1656
-1080
-1419
-1338
-1416
-1297
-1216
-643
-383
-531
-878
-375
376
626
353
-43
283
527
1013
1365
1333
1045
442
474
748
694
622
414
689
421
610
303
950
768
1555
1582
1698
868
-1137
-695
-205
2441
1530
697
-767
-1393
-1311
-515
1120
1199
-730
-2989
-2925
-1699
-621
-1152
-1292
-1521
-1637
-1712
-1195
-415
-567
-823
-534
154
372
-72
-516
-253
620
1089
1484
897
693
287
335
1165
1182
1123
229
423
481
635
584
1046
1273
1573
1682
1960
934
-1205
-1039
488
3197
2065
437
-1343
-1806
-1619
-47
2031
1585
-1434
-4400
-3559
-1673
-159
-866
-1469
-2192
-2772
-2353
-1450
-130
-390
-969
-874
-106
408
-188
-451
300
1192
1347
1234
857
831
403
993
2111
2053
1012
-48
503
1109
1229
1160
1592
1274
1193
1338
2256
739
-1471
-1027
1148
3438
1142
-539
-2081
-1927
-1281
704
2339
684
-3266
-5532
-3368
-573
571
-1128
-2292
-3322
-3253
-2232
-550
637
-495
-1454
-1320
95
865
305
303
1018
1461
1083
1057
887
1065
708
2213
2864
1755
-32
-579
1084
1545
1760
1462
1179
217
225
1609
2858
433
-2069
-1458
1365
3204
532
-943
-2260
-2012
-1206
962
2394
-315
-4605
-5895
-2523
535
789
-1724
-2937
-3695
-2896
-1248
732
1278
-1008
-2238
-1376
1021
1745
965
679
1087
695
444
1055
1687
1693
967
2130
2084
825
-706
49
1987
1962
1170
504
336
133
1018
2793
2930
-1036
-2863
-1302
2792
3075
450
-1293
-2323
-1971
-748
2196
2230
-1551
-5799
-4845
-1053
1163
-122
-2499
-3106
-3584
-2100
-433
1269
421
-2244
-2489
-558
1775
1381
347
286
631
81
451
1432
1852
809
425
1981
1684
525
-579
941
1970
1193
634
681
820
755
1899
3235
1564
-2063
-2167
871
3967
2338
31
-1590
-2013
-1268
897
3029
1159
-3375
-5892
-3310
-5
1010
-1150
-2891
-3780
-3610
-1810
171
1144
-1054
-3125
-2520
24
1622
766
255
202
-70
-425
892
2193
1837
309
803
1967
1382
285
460
1894
1722
776
800
1092
1097
1458
2648
3090
-42
-2127
-1122
2408
3784
1347
-613
-2220
-1754
-742
1892
2533
-516
-4859
-5571
-2126
503
527
-2131
-3095
-4197
-3149
-1340
989
888
-1945
-3279
-1823
947
1268
799
366
454
-708
-209
1535
2450
1628
297
1465
1311
824
280
1383
2092
1195
428
465
880
1227
2113
2668
1976
-1322
-2017
-208
3369
3319
439
-1564
-2410
-1165
112
2465
1922
-1661
-5375
-4461
-707
1266
217
-2361
-3221
-4138
-2405
-310
1743
281
-2654
-3165
-1242
1288
1218
1056
316
-151
-1301
257
2008
2564
1048
266
1044
459
488
594
2206
1521
521
-410
185
857
1666
2455
2145
813
-2242
-1564
486
4165
2746
101
-2045
-2062
-520
933
3101
1270
-2131
-5403
-3111
-148
1623
29
-2182
-3487
-4154
-1530
350
1894
-718
-2788
-3083
-743
1386
1596
1182
-265
-1132
-1801
1039
2465
2492
121
-215
463
68
699
1101
2319
623
-280
-640
360
1079
1510
2170
1506
995
-1531
-1126
352
3519
2869
28
-1301
-1667
-113
287
2736
1850
-922
-4269
-3424
-588
1138
1054
-1343
-2689
-4277
-1960
-347
1435
89
-2115
-3064
-2232
815
1478
1653
-298
-1387
-2140
25
2387
2685
821
-681
-361
-388
797
1852
2339
522
-965
-673
510
1284
1690
1459
753
-56
395
427
346
1010
1231
1205
-546
-40
-78
259
27
1123
1241
-377
-2206
-2813
-599
359
1170
-1128
-1889
-3011
-2123
-748
818
1356
-1263
-2968
-2937
200
1731
1944
-71
-1467
-2168
-704
1805
2567
1705
-908
-1833
-1039
1465
2773
1837
-376
-1779
-1224
471
1902
1882
252
-1186
-1425
243
1962
3001
1166
-1243
-1923
-157
2305
1916
1435
-349
-849
-1359
529
2137
1678
-754
-2375
-1122
389
1256
-148
-702
-1852
-1272
-695
642
681
-1031
-1917
-1544
337
718
431
-632
-1124
-1477
-529
602
642
-147
-1020
-670
-88
599
847
261
-452
-786
-467
77
123
156
-282
-138
58
410
221
402
545
795
407
118
618
695
1066
239
688
379
669
509
907
1267
474
42
-223
907
802
677
-334
-402
-594
-125
288
196
-13
-993
-966
-890
88
200
-262
-1001
-1236
-938
-628
-93
-217
-417
-1012
-851
-558
-312
-105
-527
-736
-1048
-486
-359
-462
-627
-597
-480
-410
-33
349
595
362
244
6
520
923
1161
843
626
650
432
1035
1564
2030
1051
486
406
946
1318
1617
1297
290
-305
-161
709
757
554
-439
-1062
-1281
-502
-84
-142
-740
-1284
-1583
-1209
-320
-278
-710
-1371
-1127
-1067
-598
9
101
-568
-1187
-748
-390
-182
-294
-26
-284
-659
-806
-536
77
294
351
-117
-266
-260
-10
607
1274
1453
492
-169
165
1204
1593
1524
1140
406
17
203
1488
1650
1085
-191
-559
-154
566
968
368
-182
-918
-689
-359
551
408
-303
-1025
-906
-199
82
341
-260
-746
-1218
-430
79
190
-378
-624
-546
-517
-133
-149
-5
-410
-304
-314
18
-85
-141
-339
-153
185
-7
-183
-528
-106
-72
187
233
78
-299
-487
-43
311
450
204
-114
-399
-149
451
808
550
97
-171
-60
108
524
518
424
96
94
364
636
673
125
-92
-122
334
210
278
141
95
-133
-195
227
313
343
-90
-187
-326
-178
4
118
280
169
-117
-502
-267
220
375
139
-87
-199
-447
-424
4
165
-202
-970
-1138
-975
-531
-331
-380
-654
-992
-889
-690
-32
70
-40
-527
-410
44
521
609
490
283
-112
77
466
954
651
391
278
307
507
730
1056
718
268
53
289
570
716
635
454
251
95
251
482
755
481
-116
-434
-283
44
142
79
-130
-591
-909
-779
-265
-66
-233
-693
-937
-992
-712
-445
-338
-384
-731
-922
-794
-204
61
-133
-503
-512
-453
-201
206
327
112
-266
-79
192
437
636
686
465
113
234
587
791
675
557
374
355
313
438
503
498
449
40
-72
9
304
252
180
151
-94
-406
-430
12
223
96
-188
-416
-519
-429
-117
53
-47
-335
-626
-466
-120
141
-43
-281
-317
-300
-264
54
177
-4
-293
-170
76
-58
-59
53
116
-61
-64
138
114
86
177
272
215
217
261
245
245
394
433
124
104
198
250
83
-2
-1
-243
-332
-173
12
-57
-264
-313
-340
-321
-271
-245
-226
-273
-328
-263
-145
-111
-176
-175
45
68
-128
-168
-41
159
142
338
352
68
-187
-46
393
470
296
98
34
50
284
419
503
166
-15
44
291
544
333
237
-18
42
110
347
334
-76
-395
-409
32
139
183
-158
-340
-474
-229
130
107
-139
-610
-451
-191
105
-86
-346
-508
-512
-396
-162
-17
-348
-607
-585
5
208
82
-205
-302
-166
-20
350
387
236
-156
-177
98
489
561
273
59
-88
177
310
636
576
210
-25
57
463
399
319
24
-9
-102
108
247
141
-29
-221
-17
-32
152
-33
-16
-98
-24
29
62
116
-65
-196
-230
35
-24
-145
-239
-41
-116
-189
-250
-209
-309
-369
-113
-125
-234
-498
-419
-298
-31
77
-17
-309
-438
-282
-48
252
160
-84
-384
-185
153
265
225
110
0
-124
151
484
460
142
40
232
280
367
439
545
312
211
359
561
560
310
216
238
317
279
271
273
276
56
-11
101
194
69
-139
-102
-132
-228
-335
-285
-198
-284
-318
-440
-529
-612
-578
-456
-341
-410
-641
-733
-610
-408
-352
-357
-319
-465
-551
-428
-131
-45
-224
-199
-72
-63
-74
101
441
384
268
311
446
474
359
459
654
691
549
444
449
601
591
663
627
644
441
373
447
544
444
176
161
156
260
168
126
-98
-222
-215
-93
6
-203
-379
-558
-491
-475
-390
-437
-515
-731
-916
-774
-578
-500
-703
-693
-629
-546
-595
-419
-250
-272
-357
-255
-83
-109
-150
-68
168
230
217
151
185
228
335
429
523
531
449
445
506
602
610
537
533
510
497
522
457
400
281
367
358
293
180
144
140
82
85
107
48
-159
-206
-205
-34
-119
-231
-341
-391
-324
-395
-339
-355
-308
-391
-434
-408
-408
-464
-457
-343
-226
-276
-352
-337
-282
-166
-76
-18
-25
-81
-104
17
43
119
-21
-17
17
181
243
145
127
70
189
273
414
342
255
218
351
421
420
358
233
104
75
223
343
297
110
60
86
183
122
126
106
55
-17
-67
39
-53
-174
-208
-35
-6
-178
-316
-303
-288
-266
-132
-111
-193
-405
-382
-252
-137
-112
-313
-435
-423
-243
-86
-80
-94
-207
-267
-142
39
114
-3
-21
3
53
114
231
189
42
3
122
303
312
261
156
105
169
274
366
337
254
149
115
242
255
173
82
140
126
44
-14
38
-11
-48
42
93
43
-118
-99
-91
-18
-6
-102
-264
-393
-217
-118
-77
-189
-278
-355
-358
-182
-76
-47
-205
-234
-203
-5
95
52
-49
-55
84
115
171
157
94
-43
-15
188
318
237
67
75
99
206
207
248
181
131
72
111
155
114
20
-23
45
40
15
-82
-55
-135
-102
-105
-82
-187
-256
-226
-192
-159
-210
-135
-193
-172
-190
-105
-31
-55
-57
-89
-29
-35
-32
-17
97
82
35
-26
52
111
46
64
105
178
132
138
191
219
152
96
135
182
247
192
165
88
87
119
128
191
104
16
-111
-66
48
49
-40
-183
-225
-201
-83
3
-52
-238
-292
-194
-91
-67
-114
-152
-280
-321
-183
-2
5
-150
-220
-126
-2
57
95
85
6
-78
-19
155
187
98
-22
-31
-14
21
76
77
27
-3
29
101
124
126
169
151
140
94
87
126
111
112
88
17
-35
-78
27
92
79
-25
-138
-89
4
96
69
-24
-103
-138
-70
40
115
52
-101
-181
-93
35
81
39
-85
-190
-229
-93
62
99
-39
-171
-215
-81
57
107
25
-114
-111
-85
6
27
44
-14
-77
-52
0
57
-2
-38
-40
3
14
-3
-30
-36
35
38
64
69
123
119
121
165
169
139
57
82
146
157
114
58
25
22
63
105
88
0
-36
-48
36
84
89
17
-114
-93
-66
41
-9
-48
-146
-174
-119
-114
-42
-104
-65
-172
-176
-160
-70
-52
-106
-59
-83
-87
-194
-67
-16
-9
-131
-145
-122
-88
-22
11
58
-62
-94
-87
75
137
116
81
112
167
193
223
249
158
55
68
191
247
166
117
53
17
32
163
218
149
11
-20
10
61
92
40
37
-27
-38
-101
-74
-47
-93
-150
-100
-30
-130
-225
-198
-81
-124
-203
-247
-233
-251
-245
-149
-107
-156
-238
-225
-106
-27
-36
-55
-16
22
12
44
136
91
-14
-16
155
244
161
112
93
145
181
307
366
259
150
112
234
284
299
195
131
82
97
110
98
75
-51
-100
-91
32
-16
-104
-118
-92
-75
-116
-57
-73
-127
-180
-127
-92
-113
-165
-211
-188
-175
-138
-153
-131
-120
-106
-104
-55
-58
-64
-80
13
52
11
-46
-67
-21
14
109
93
51
-30
8
79
154
192
125
75
10
53
98
157
157
61
-7
20
123
120
86
42
69
-19
-45
25
82
49
-63
-40
-39
-27
-40
9
21
-37
-71
-37
61
69
54
-11
-12
-56
-53
15
44
-6
-131
-139
-82
-25
-3
25
-8
-74
-127
-67
33
33
11
-70
-48
-64
-60
-20
0
23
-66
-77
-48
5
-10
-43
-59
-68
-79
-64
19
54
23
-73
-57
-12
47
82
75
48
-10
-12
93
180
184
104
24
32
55
148
179
152
41
-27
-10
99
165
168
45
-78
-84
1
124
134
61
-68
-114
-60
32
37
1
-94
-159
-160
-88
-8
-32
-117
-221
-218
-165
-73
-60
-86
-124
-153
-116
-71
16
13
-30
-93
-57
-11
18
49
69
56
-11
-18
24
101
136
144
68
3
21
100
203
239
215
97
0
12
128
233
181
76
-25
-38
-1
64
94
28
-76
-151
-106
-22
40
13
-76
-127
-141
-79
-23
-27
-92
-148
-143
-127
-78
-43
-35
-98
-147
-90
-31
9
3
4
-12
-37
-31
18
58
87
64
-12
-53
-47
56
93
113
79
-13
-79
-37
90
163
120
22
-26
-27
56
121
116
56
-19
-76
-60
32
97
49
-65
-96
-66
-2
21
36
-16
-97
-98
-61
-4
11
-19
-73
-109
-50
21
39
17
-5
-9
-19
36
77
90
56
39
-2
3
24
67
68
43
36
-15
-10
11
91
87
79
51
19
-8
4
73
55
29
-48
-63
-96
-52
25
8
-97
-164
-126
-72
-27
-26
-39
-112
-115
-67
5
23
-27
-93
-116
-68
7
10
-13
-64
-89
-64
-5
72
46
-1
-41
2
46
90
133
117
65
1
36
80
109
102
80
65
25
19
54
94
103
53
18
18
24
33
42
72
24
-51
-93
-45
-14
-10
-54
-85
-90
-89
-49
-32
-5
-55
-100
-92
-42
0
-14
-34
-54
-61
-74
-33
12
7
-45
-75
-45
-7
48
62
58
19
-19
-2
71
122
121
77
42
4
14
77
136
121
25
-33
-23
23
67
87
68
-3
-80
-53
54
104
42
-35
-56
-34
-7
19
40
-8
-78
-92
-24
38
15
-38
-63
-41
-9
23
41
-6
-71
-87
-43
10
7
6
-36
-51
-61
-51
-20
-9
-12
-40
-24
-19
-34
-47
-11
31
29
-14
-36
-20
-14
-3
18
47
2
-61
-37
30
87
45
-7
-25
-6
9
27
55
33
-37
-69
3
54
35
-29
-35
-20
-8
38
59
37
-18
-25
11
61
69
39
-17
-41
-37
-28
1
-8
-8
-31
-30
12
24
21
9
12
21
-3
7
-4
1
-24
-20
-19
-40
-55
-61
-11
-1
-10
-32
-11
11
30
40
63
52
5
12
33
59
12
-3
-9
6
15
11
27
-7
-17
11
58
96
77
70
39
57
73
86
67
22
18
-6
47
34
59
21
8
6
-4
35
2
27
-48
-5
-27
33
-20
-27
-37
-62
-31
-89
-10
-98
-50
-124
-31
-40
-5
-23
-34
-32
-89
-54
-66
14
-33
-14
-82
-46
-51
9
49
53
25
-40
-22
9
61
45
46
-38
-12
-12
85
84
76
32
-14
10
19
72
49
28
-49
-53
-5
32
43
-30
-19
-55
15
-4
22
-7
-60
-91
-110
-24
-66
-50
-126
-72
-128
-62
-67
-11
11
-43
-12
-81
-2
-82
-11
-32
-2
-62
-77
-37
-22
51
15
71
-55
53
-29
132
76
95
10
-27
14
3
93
30
66
-69
49
-6
174
48
80
0
-10
32
8
84
-31
52
-124
91
-40
155
-14
19
-13
-61
57
-122
100
-128
37
-130
8
-79
28
-25
-12
52
-82
98
-113
174
-74
141
-7
-22
41
-53
64
1
84
-32
34
-36
125
28
124
66
6
38
26
81
73
-14
-1
-25
-53
87
-65
107
-109
13
-52
44
34
16
1
-23
-45
-18
31
-32
62
-116
-18
-71
6
17
-5
-24
1
-125
71
-100
122
-25
16
-33
-81
102
-23
172
-113
169
-198
188
-129
218
-52
2
69
-215
262
-244
312
-276
142
-204
96
-54
112
-58
-6
52
-135
196
-148
244
-226
60
-147
28
-53
47
-156
34
-97
-139
77
-171
213
-310
133
-240
40
-61
21
-41
-18
-43
-54
86
-136
246
-319
284
-265
170
-92
50
36
-59
68
-53
169
-169
253
-249
285
-235
143
11
42
109
-111
186
-104
191
-83
173
-127
167
-179
136
-37
10
1
-57
39
-30
2
49
14
1
-33
-30
57
-71
98
-95
104
-76
21
-46
6
-17
-83
63
-149
93
-107
70
-11
48
77
-138
221
-202
269
-146
120
-37
-49
212
-195
346
-313
347
-360
364
-276
243
-71
-56
170
-293
469
-437
499
-446
361
-341
299
-173
135
1
-83
153
-250
377
-410
397
-410
308
-365
312
-315
200
-188
130
-56
-58
182
-263
321
-331
361
-380
357
-344
253
-186
138
-79
-48
80
-215
215
-176
209
-271
195
-242
185
-105
97
-101
26
-70
48
-17
82
-88
-11
-39
-76
89
-186
136
-269
144
-298
282
-348
348
-402
258
-128
-80
253
-395
474
-556
523
-467
443
-348
293
-224
140
72
-288
492
-626
759
-725
648
-496
326
-163
49
59
-72
162
-261
387
-451
549
-549
546
-451
262
-145
4
-22
-71
70
-175
199
-331
370
-483
524
-529
368
-208
89
-3
-97
200
-247
369
-400
440
-478
498
-442
321
-156
30
104
-182
313
-356
387
-276
318
-227
302
-155
174
-4
51
103
-73
216
-259
304
-281
257
-291
319
-291
299
-257
267
-200
146
29
-172
296
-343
427
-439
449
-353
337
-219
151
-108
-7
80
-238
266
-368
304
-336
224
-135
51
45
-45
76
-51
79
-104
122
-161
156
-159
121
-51
-48
88
-127
123
-90
70
-33
22
-24
33
35
-59
138
-237
250
-257
182
-111
-16
100
-185
247
-226
200
-152
110
-87
36
2
-93
146
-227
216
-167
164
-86
-2
26
-87
105
-109
107
-127
78
-98
63
-40
3
14
-120
120
-139
94
-52
45
-154
151
-196
167
-144
103
-63
-17
80
-97
160
-118
109
-207
175
-264
241
-249
121
-56
-139
204
-183
226
-123
154
-159
172
-63
116
-40
114
-44
-17
75
-62
40
34
-72
90
-71
101
14
1
119
-76
98
-37
70
-38
18
56
-82
45
-25
38
-74
96
-115
-20
54
-140
159
-149
176
-227
181
-132
109
-38
-61
91
-225
251
-280
326
-287
294
-236
116
19
-86
160
-250
288
-380
364
-271
234
-125
129
-96
79
0
-54
133
-151
179
-165
152
-106
99
-34
29
-49
41
-98
60
-40
-34
67
-173
142
-179
110
-138
95
-135
40
-47
-16
13
-36
69
-195
176
-208
123
-64
13
-19
-82
88
-116
154
-136
105
-73
13
51
-40
121
-95
103
-103
58
13
-24
33
9
-49
82
-67
140
-177
211
-201
101
-46
-31
76
-115
167
-202
224
-245
210
-208
101
-68
-12
-4
-93
103
-119
98
-26
-47
37
-43
18
-32
15
-20
-61
124
-198
261
-278
308
-316
304
-258
235
-85
20
112
-132
192
-130
193
-206
256
-290
255
-278
349
-376
428
-344
246
-72
10
200
-309
544
-633
715
-681
602
-426
230
-45
-146
221
-338
400
-460
436
-322
209
-127
96
-25
-27
133
-147
146
-116
142
-155
194
-192
188
-177
157
-128
80
-51
14
-17
-44
95
-170
195
-191
231
-212
208
-129
67
38
-42
72
-136
174
-276
275
-291
275
-304
264
-229
154
-17
-21
106
-224
323
-464
583
-686
717
-740
581
-414
167
70
-170
291
-395
484
-495
452
-374
330
-407
376
-362
259
-188
118
-64
-6
99
-210
305
-342
431
-485
416
-358
214
-160
12
22
-183
188
-214
82
52
-118
112
-116
126
-148
127
-54
-57
32
-73
19
-70
155
-178
189
-231
268
-300
311
-192
103
-112
87
-20
-31
116
-67
30
-23
94
-61
93
34
16
-85
180
-162
138
-64
35
-48
-71
215
-299
309
-240
171
-119
78
45
-129
160
-173
100
-142
124
-130
74
-14
65
-142
198
-150
92
-58
53
-47
-57
156
-213
217
-126
115
-92
50
56
-96
166
-88
125
-116
145
-37
-9
130
-105
119
-173
266
-262
275
-150
146
-63
42
114
-146
228
-177
171
-205
214
-204
184
-160
211
-223
176
-46
-4
63
-82
35
-112
91
-162
103
-149
128
-168
35
45
-90
79
-17
-62
42
-88
118
-181
141
-49
-89
98
-99
62
-67
55
-88
43
-69
120
-163
195
-164
153
-203
167
-126
26
49
-82
97
-145
278
-322
352
-251
144
-73
5
45
-177
219
-249
209
-221
185
-157
151
-107
124
-116
66
54
-176
252
-272
262
-318
263
-256
118
-11
-95
23
-4
-14
-6
71
-69
69
-123
123
-192
180
-148
108
-161
115
-27
-54
136
-179
234
-362
396
-360
196
-29
-114
166
-266
370
-427
421
-315
227
-143
109
-42
1
68
-115
98
-116
91
-43
18
23
20
-76
206
-217
288
-266
317
-261
169
-18
-94
179
-184
187
-196
213
-125
122
-22
34
25
-28
72
-89
107
-86
44
-85
50
-19
-30
14
24
-68
138
-112
124
-64
87
-40
5
29
-5
43
-73
136
-190
217
-224
217
-266
238
-231
150
-54
-69
134
-187
265
-366
444
-436
411
-302
232
-158
52
67
-211
227
-265
248
-295
229
-169
83
-15
-51
75
-157
220
-193
81
32
-115
132
-209
196
-255
209
-206
88
-95
66
-56
-17
34
-35
-28
46
-58
38
-48
55
-71
10
77
-176
226
-231
257
-229
206
-79
6
93
-132
183
-243
284
-289
194
-96
-23
41
-94
154
-183
180
-86
55
30
-4
19
-16
49
-20
-29
55
-117
154
-236
197
-163
70
-10
-35
51
-34
94
-124
176
-148
147
-139
139
-150
201
-191
158
-96
70
-24
-3
26
-39
64
-115
170
-219
277
-219
230
-101
81
83
-80
182
-139
120
-82
76
-74
73
-91
136
-153
150
-128
118
-50
52
34
-63
153
-126
131
-95
73
-47
15
-41
-15
41
-95
79
-61
8
84
-158
224
-253
275
-253
138
-34
-130
216
-265
189
-102
-6
43
-55
32
-4
-99
140
-211
167
-119
45
-20
-5
-38
26
-16
-29
52
-142
150
-161
102
-61
18
15
-73
116
-162
136
-65
-6
-17
46
-109
121
-124
64
26
-154
221
-290
278
-227
132
-36
-91
175
-174
117
-19
-29
63
-106
95
-102
122
-138
112
-47
-11
26
-8
4
-8
90
-147
180
-101
40
66
-101
110
-62
-22
85
-108
149
-164
160
-121
52
75
-137
188
-142
106
-115
192
-217
216
-114
-43
167
-252
312
-318
326
-291
243
-184
95
67
-154
223
-243
246
-255
244
-218
142
-81
2
4
-5
50
-71
95
-135
125
-83
7
71
-96
78
-24
-61
141
-144
166
-205
243
-267
218
-111
-17
140
-263
304
-317
285
-215
184
-148
113
-7
-71
117
-78
33
-78
90
-122
43
41
-142
137
-112
15
87
-165
259
-247
207
-153
73
17
-159
243
-342
258
-174
13
14
-41
42
-154
238
-301
267
-159
51
23
-110
168
-295
369
-409
340
-250
71
82
-181
206
-187
141
-138
96
-111
93
-71
35
-24
-8
83
-157
278
-297
304
-233
167
-121
118
-97
24
17
-74
76
-53
21
-14
66
-136
207
-221
242
-198
206
-174
188
-163
150
-60
-24
139
-193
196
-167
170
-151
106
-13
-60
107
-65
5
89
-78
115
-118
200
-181
226
-141
106
-14
-1
19
2
-21
41
6
-99
193
-165
77
89
-126
154
-86
128
-100
163
-63
11
80
-86
40
23
-58
53
-30
-44
88
-72
46
15
-44
49
5
-45
100
-146
261
-379
409
-347
149
34
-167
131
-123
122
-198
262
-281
217
-86
-30
92
-101
89
-101
67
-97
48
-28
-22
17
-8
-41
56
-80
60
-56
37
-60
53
-49
-12
85
-131
106
-68
-5
46
-88
86
-153
178
-195
144
-121
116
-144
147
-110
-17
160
-267
318
-345
333
-309
206
-134
1
39
-97
44
-58
-21
40
-127
160
-206
217
-176
82
58
-206
318
-393
374
-372
307
-262
111
32
-198
240
-207
99
-26
-14
5
-42
96
-147
149
-110
105
-122
168
-190
218
-201
205
-175
111
13
-123
190
-189
220
-267
317
-284
225
-97
15
96
-129
241
-207
187
-38
-27
123
-190
255
-257
219
-144
77
-49
86
-95
114
-88
110
-107
126
-95
56
40
-58
41
62
-99
84
69
-236
357
-361
238
-90
-37
57
-30
-53
80
-108
72
-28
-65
196
-349
457
-424
284
-65
-116
191
-169
68
-96
150
-270
298
-317
263
-239
225
-177
33
164
-286
276
-186
80
-42
61
-115
83
-56
4
29
-81
110
-136
162
-213
264
-306
275
-203
89
-14
-67
172
-281
353
-363
331
-266
249
-239
241
-198
82
117
-352
559
-642
610
-468
264
-38
-108
202
-241
260
-256
265
-235
216
-159
124
-50
-75
220
-272
269
-174
96
0
16
-15
55
-46
23
29
-89
116
-108
77
-24
-33
75
-66
59
18
-39
80
-63
69
-43
-3
59
-99
71
-56
45
-147
281
-409
406
-302
141
30
-142
250
-303
342
-292
163
-36
-46
7
63
-210
271
-266
167
-51
-46
88
-69
43
-89
195
-281
322
-346
341
-349
282
-129
-93
272
-340
322
-319
355
-382
326
-247
146
-118
111
-85
50
-31
58
-27
-64
206
-286
269
-175
23
53
-151
221
-271
181
-37
-143
249
-239
191
-157
199
-253
269
-287
254
-222
96
14
-205
293
-282
163
-43
-108
237
-291
201
10
-267
437
-515
449
-395
316
-209
3
143
-224
187
-162
160
-258
323
-340
199
-54
-130
283
-440
491
-518
435
-260
52
106
-210
231
-193
90
-23
-24
-34
69
-152
116
-55
-30
60
-79
54
5
-65
144
-190
160
-48
-112
258
-421
580
-692
708
-640
470
-229
-23
251
-450
593
-654
708
-745
804
-732
589
-337
116
141
-307
493
-564
549
-360
225
-118
109
-71
33
37
-30
-12
88
-55
-6
109
-66
93
-18
79
-41
87
-50
118
-167
207
-102
-69
253
-321
353
-296
295
-178
54
138
-142
122
-23
105
-220
388
-364
254
-24
-139
259
-305
300
-201
80
12
-10
-9
44
0
-26
56
8
-52
113
-136
170
-159
99
29
-167
250
-223
82
40
-159
193
-215
182
-143
74
21
-123
196
-213
190
-162
99
-99
71
-91
13
43
-178
209
-244
186
-122
46
-6
-26
-3
33
-50
3
18
-88
73
-138
144
-218
165
-85
-75
92
-77
29
-40
105
-175
142
-64
-40
29
-23
-26
-1
-17
29
-109
153
-173
146
-149
158
-159
118
-104
40
-30
12
3
-38
93
-127
207
-285
412
-482
502
-515
431
-374
216
-36
-207
398
-492
530
-496
539
-484
434
-296
126
-11
-92
260
-412
555
-591
463
-267
107
31
-63
115
-172
180
-157
88
8
-42
68
-88
108
-125
118
-53
-35
123
-182
212
-238
201
-111
-56
175
-271
254
-194
116
-65
7
6
-48
84
-109
172
-205
154
-34
-100
143
-150
88
-116
97
-112
14
17
-47
-86
123
-91
-14
92
-113
29
29
-53
30
-90
118
-150
40
15
-64
88
-58
148
-261
328
-273
150
-3
-87
194
-347
423
-467
348
-124
16
144
-121
205
-125
83
13
-167
165
-166
80
-74
72
-108
178
-78
80
256
-293
516
-471
344
-144
-99
224
-299
242
-91
23
50
28
66
74
5
100
-105
215
-248
257
-341
257
-159
-70
279
-330
328
-219
198
-208
233
-93
0
92
-140
93
-187
272
-330
267
-99
79
-83
128
-94
16
56
-53
-22
-41
39
-110
11
63
-81
52
12
-41
-30
26
-23
-72
59
-84
26
-100
36
-65
37
47
4
-31
69
-131
69
-125
97
-136
94
-32
-18
60
-24
34
27
23
-17
92
-87
68
-149
37
-90
6
12
46
-47
177
-200
157
-92
48
66
-18
64
-68
-8
53
-127
131
-36
47
1
0
-4
2
-24
101
-127
118
84
-210
297
-325
316
-334
348
-248
110
1
-70
46
-111
141
-187
164
-99
-47
29
-9
-18
58
-83
167
-221
175
-246
157
-111
37
63
-212
271
-385
433
-496
456
-292
87
55
-266
173
-290
287
-332
320
-213
143
-147
82
-88
111
-126
211
-287
166
-66
-127
165
-182
226
-258
328
-236
252
-306
505
-580
441
-180
-67
308
-368
504
-648
677
-626
448
-235
246
-68
-61
262
-378
443
-299
308
-232
218
-30
-53
170
-56
54
-10
90
-53
0
207
-103
-8
208
-326
299
-288
338
-214
181
45
-289
369
-500
553
-508
454
-293
96
-89
22
2
-103
333
-368
473
-550
519
-577
341
-48
-308
542
-609
478
-440
342
-294
214
-168
2
113
-376
453
-677
566
-516
278
-161
-83
179
-317
275
-177
68
11
-1
-159
188
-286
290
-315
332
-220
122
-54
-192
212
-313
413
-300
330
-321
300
-375
214
-88
35
101
-99
247
-418
510
-574
536
-446
458
-329
197
-72
-129
228
-235
431
-369
515
-323
252
-148
18
-35
29
93
-72
129
-155
154
-295
347
-188
141
174
-207
151
-127
9
-129
187
-184
298
-348
378
-338
171
53
-158
280
-416
428
-557
472
-339
324
-339
359
-376
201
-4
-143
251
-274
365
-585
568
-608
407
-220
96
-30
-50
111
-280
355
-349
355
-308
214
-170
63
-98
-13
11
-96
246
-208
190
-151
52
-134
123
-62
3
174
-130
84
-184
95
-145
171
-20
111
5
57
-94
47
-150
194
-169
144
-138
69
-95
-5
244
-349
555
-398
241
-94
-125
215
-282
437
-432
439
-353
254
-229
193
7
-118
323
-348
213
-141
52
67
-183
303
-307
279
-168
139
47
-204
398
-475
137
20
-180
209
3
-73
221
-243
191
-190
82
-44
132
-145
311
-318
237
-141
-61
128
-122
301
-230
310
-385
195
-326
174
-142
152
52
-41
-37
-137
108
-90
251
-82
63
168
-344
120
-230
18
70
68
186
-288
376
-465
249
-87
-78
381
-300
283
-363
166
-350
223
-83
57
92
-134
63
-137
70
53
-109
82
-51
-51
-46
91
-119
69
-68
59
186
-283
364
-292
66
40
-185
190
-46
104
-121
8
-192
152
-26
2
223
-233
189
-186
-52
47
-5
-47
146
-127
-11
140
-57
122
-4
-3
98
-89
-69
295
-368
332
-67
-64
153
-80
76
36
-74
28
35
-159
168
-118
66
172
-74
-27
32
46
82
-3
105
-226
243
-281
38
30
-104
326
-244
235
-163
96
-31
80
67
-109
123
-288
225
-305
350
-212
215
-355
293
-285
149
3
-49
222
-338
307
-473
228
-138
232
-182
222
-255
175
-115
81
162
-418
353
-309
182
-239
189
-65
-168
121
-255
295
-196
209
28
-179
-14
25
-173
319
-123
90
21
-358
403
-373
294
96
-119
24
-134
25
-178
187
-142
296
-164
33
-16
-96
135
-213
338
-203
297
-285
305
-405
-4
302
-481
706
-483
180
181
-278
181
-277
51
18
-109
202
55
-23
20
129
-261
65
43
-13
118
27
-98
-140
-53
-5
8
-114
277
-231
-177
574
-535
536
-10
-538
712
-396
39
297
-352
133
-114
-24
-70
-16
-52
141
-171
-6
-135
110
156
92
413
-278
328
-466
145
-24
-249
599
-493
335
94
-585
475
-605
340
63
-123
407
-108
-145
241
-161
-108
174
-247
252
-45
270
-225
155
-55
-253
273
-193
306
-79
-66
25
-372
116
61
17
244
54
-102
183
-568
341
-122
-36
597
-410
16
-218
-354
-115
193
-138
567
-222
140
-93
-289
-160
141
45
205
392
-342
290
-385
-214
41
-66
-64
361
-349
328
-249
-513
154
-378
281
423
183
-36
28
-428
-118
-22
-95
617
-75
168
15
-614
-46
-160
144
297
279
-63
31
-398
-130
143
-209
350
12
224
-28
-177
31
-177
50
142
90
-103
69
-122
-106
140
-161
132
73
114
-18
-6
22
-113
260
-110
232
-38
-80
80
-274
98
-54
-58
220
-110
-3
-21
-196
69
-9
3
124
117
-100
201
-34
41
55
167
1
-94
-99
-233
37
-66
117
-171
84
-98
-140
98
204
-86
359
120
-182
129
-289
-53
48
6
47
-48
-70
30
-64
12
-7
73
5
242
12
-173
-2
-137
17
194
57
53
242
-347
117
-272
-24
80
-37
443
-282
55
-83
-346
131
112
59
233
68
-6
-170
-25
-195
21
143
79
333
-151
-55
-48
-311
1
104
-52
251
-30
-11
-84
-297
-72
41
30
272
213
-68
33
-65
-152
-32
95
46
-17
-25
-121
-148
-296
111
-89
148
280
-51
118
-173
-152
-19
-108
170
162
-125
266
-342
-52
-47
-89
33
269
-74
-12
175
-477
102
-108
79
56
181
-31
20
-110
-105
24
-226
299
-6
99
50
-241
-109
-35
8
2
236
-76
46
-115
-118
52
-112
227
307
-8
164
-52
-464
93
-150
33
285
-17
121
-64
-240
-161
-68
-154
297
257
125
89
-12
-200
-121
-49
-30
190
30
149
-31
-112
-122
-128
66
90
90
266
66
1
-82
-69
-155
44
3
124
48
-112
29
-252
-2
19
159
143
28
-20
-184
-162
70
75
176
166
35
-11
-252
-16
-145
98
0
263
135
-43
-4
-240
-164
-132
81
53
266
9
91
-98
-294
-85
-5
19
201
136
-30
-134
-71
-180
17
77
175
150
32
-50
-181
-120
-92
195
120
206
-10
-164
-196
-340
64
140
92
328
-89
-96
-208
-256
-25
100
183
259
84
-71
-96
-250
-91
29
161
173
264
-38
-13
-101
-205
-104
116
-30
141
58
-70
-44
-137
4
19
120
53
82
-51
-69
-90
-19
-24
167
107
23
38
-153
-5
-50
44
177
60
105
-61
-39
-85
-44
65
-62
82
-19
63
-75
-65
17
-29
-43
42
-26
-72
25
-7
55
-5
66
-45
21
28
12
52
103
58
-17
39
-115
-87
19
-84
38
17
-10
-118
90
-130
1
99
-168
166
-53
14
-11
20
-82
76
59
-41
0
-56
-9
-104
-67
98
26
60
204
-34
-2
-8
-57
-26
24
50
84
-35
-33
-89
-274
4
-54
33
110
55
18
-36
0
-102
119
-87
148
108
-68
72
-137
-45
-9
32
72
83
9
3
-9
-131
16
-67
20
88
-26
8
-89
3
-14
20
-43
24
-27
-34
46
-94
-17
-16
-8
62
35
22
70
-108
101
-25
-28
86
-65
-39
32
-57
50
38
-19
79
-126
-49
-66
-20
-21
120
-105
41
-8
-127
69
-30
-27
50
29
-39
120
-103
86
62
-66
124
-60
-30
41
-64
-23
140
-25
103
25
-75
-21
-110
-36
12
-7
75
-6
-70
28
-114
8
35
98
56
175
26
-57
-2
-97
38
59
23
135
7
-88
1
-111
31
17
19
89
-70
-1
-56
-3
64
64
11
-8
-20
-93
33
-71
35
0
20
-19
20
-63
46
52
68
78
-10
59
-30
-11
-14
3
-67
-8
-33
6
-76
-65
-5
-32
3
50
-27
3
-8
-36
-5
11
-17
94
12
-10
18
-90
-31
90
63
43
41
-16
-118
-59
-71
-37
73
17
63
-6
-69
-82
2
6
26
99
-18
14
-136
-37
-33
-66
102
57
30
63
-60
30
9
0
82
-1
62
20
-61
-30
-32
-89
7
-15
-39
20
10
-65
6
18
-12
64
29
52
-10
-65
-1
-26
-6
137
1
-7
29
-97
16
-7
-26
121
-28
44
-31
-51
-25
-47
58
-30
78
-68
-13
-56
-81
25
-33
43
68
51
24
45
-76
-36
-25
8
61
-8
64
-30
19
-42
2
-49
31
16
5
22
-63
-34
-15
-20
-35
63
-101
32
-22
-31
16
-10
51
35
29
9
10
-38
14
29
12
21
-14
-12
-5
-75
58
-13
-33
71
-90
-13
-24
-27
16
3
-4
-2
7
20
37
-19
40
-2
-30
42
-65
-11
18
-20
25
49
9
48
35
-24
20
-61
-21
94
-44
32
-15
-85
-2
-28
-23
16
-2
-65
110
-78
20
49
-73
36
34
-22
51
34
16
79
-18
41
-9
-44
11
7
-74
42
-35
-4
34
-92
21
-33
-14
44
22
12
11
-25
12
28
-70
57
-19
-24
38
-16
-7
31
21
9
68
-18
25
27
-56
43
-11
38
-2
20
-8
-75
5
-53
-2
-16
43
-30
-19
9
-33
20
-15
19
69
-16
33
27
-33
7
23
-34
12
1
-21
21
-8
2
17
-2
-22
11
-41
-23
8
-14
-26
-31
-36
-32
5
8
20
-30
-4
-17
-50
26
19
2
36
24
-28
-12
-54
17
-28
67
43
-37
1
-57
-50
-86
21
-31
56
38
8
-45
-59
-44
-16
24
35
87
-27
40
-67
-8
-51
-11
58
71
30
22
-4
-86
-4
-15
31
41
57
-12
-10
-63
-57
-4
34
81
86
13
-17
-64
-79
-30
14
66
76
21
43
-41
-66
42
-18
63
67
45
21
-1
-43
-46
-23
-12
38
-2
32
-2
-50
-23
16
-50
45
60
14
33
-29
-24
-32
-4
30
47
10
38
-18
-46
-20
-39
-7
35
66
20
-3
-37
-47
-13
3
86
33
38
4
-50
-25
-85
-12
0
7
23
22
-5
-5
-13
-4
28
35
42
56
11
-17
-17
-29
-36
19
40
30
-1
-29
-43
-49
-8
35
12
71
31
-12
-8
-59
-7
27
-6
57
42
-36
-47
-43
-76
7
12
33
53
7
1
-4
-52
-34
24
-31
66
2
13
-2
-75
-3
-66
0
8
7
10
-38
-12
-73
6
-42
8
14
-47
9
-52
-67
36
-23
30
42
-27
8
-30
-51
-36
8
-16
40
-15
14
-45
-30
-4
-17
23
15
-10
-17
-21
-25
-47
-8
4
12
36
-3
34
-56
10
-25
12
44
26
42
25
-23
-11
-14
10
32
33
51
-4
14
24
-13
6
35
0
36
19
-18
27
-15
21
14
-27
50
-14
14
5
30
12
41
47
28
53
7
26
32
18
8
22
-15
-3
3
-32
20
-15
31
50
-3
61
-20
10
21
-17
18
-26
29
-9
0
10
-2
-7
-7
11
-17
9
-11
38
22
37
19
24
-2
-15
-10
-29
-4
-3
17
2
-25
-29
-35
-42
-3
-10
11
6
3
-2
-16
-21
-13
14
-31
37
-30
-10
-43
-41
-16
-43
-9
8
-2
-40
6
-59
-19
-22
-5
-15
-10
-35
-40
-29
-48
-27
-16
-28
2
-33
-49
-53
-79
-28
-37
2
-2
-2
-27
-30
-58
-20
-29
-16
50
-32
-19
-20
-75
-16
-37
-9
4
-3
13
-16
-34
-35
-24
1
10
12
15
7
-35
-30
-14
-47
34
45
22
62
20
-15
-27
-9
36
31
73
73
13
6
-37
-16
12
55
78
68
36
-2
-4
-21
30
51
48
93
31
23
-8
-10
-12
43
53
68
84
-2
47
-22
-4
43
56
71
80
39
-10
-1
-29
2
34
56
63
23
4
-19
-47
-15
11
46
74
33
18
-3
-50
-26
23
28
47
43
1
-23
-28
-37
32
7
32
34
-22
-17
-27
-38
-18
14
-4
28
-3
-24
-28
-42
-14
-12
18
7
18
-18
-37
-41
-42
1
1
32
14
0
-32
-52
-32
-11
-12
11
8
-22
-15
-61
-42
-48
-28
8
8
-23
-14
-38
-50
-15
-32
1
-2
5
-14
-18
-35
-36
-22
-14
7
-22
-18
-29
-53
-34
-21
-38
-1
13
-59
21
-48
-33
-13
-36
15
-30
0
-29
-25
-54
5
-12
-8
22
-9
-9
-4
-7
-1
16
4
26
-24
-7
-24
-13
-8
11
12
16
10
-8
22
-15
24
0
9
28
24
45
30
24
9
39
28
43
48
15
43
13
25
32
16
46
35
42
39
9
38
26
40
49
43
32
47
40
20
46
12
50
33
44
41
18
11
35
20
29
53
12
44
30
15
42
19
13
25
6
4
11
-8
-10
6
-13
7
-4
4
9
-9
-4
4
7
17
8
-7
-21
-29
-33
-29
-11
-16
7
-27
-24
-50
-43
-33
-33
-12
-9
-24
-25
-31
-51
-45
-40
-26
-30
12
-32
-34
-35
-38
-32
-34
-9
-30
-20
-21
-27
-44
-22
-19
-19
1
-24
-31
-35
-46
-27
-26
-10
-10
0
-20
-11
-22
-21
2
-10
3
11
-11
-9
3
-16
-5
-2
-13
7
2
12
-9
9
0
-19
32
-23
24
7
10
4
-9
0
-16
3
-4
1
15
10
-7
31
-7
13
27
-3
26
12
10
15
17
29
10
9
3
-4
-8
12
5
11
10
14
8
12
1
18
1
12
9
3
19
10
6
15
13
-11
24
1
9
26
-2
22
17
6
19
16
15
2
28
-6
19
4
-3
-3
-6
-6
-5
3
6
10
-11
9
-18
-8
-3
8
13
0
30
-13
6
-26
-5
-7
-12
14
-3
6
-10
-9
-24
0
-4
12
3
2
-11
-31
-29
-31
-7
-15
3
-14
-27
-19
-38
-18
-10
-4
9
13
3
-13
-14
-5
-7
-3
14
-8
2
-5
-15
-7
-10
-1
18
-6
-10
-9
-21
-4
-16
7
1
1
3
10
-11
-9
-1
-4
2
21
18
-4
8
-5
3
-6
21
27
14
20
0
-5
-4
6
15
23
11
7
-3
-18
-3
0
-4
14
3
6
-10
-11
-8
2
12
15
26
-5
14
-6
-10
13
-4
26
8
15
8
-6
-1
-17
10
2
17
9
20
-4
-15
-7
-19
7
4
8
11
-5
6
-4
-3
16
17
14
21
4
-3
10
-3
10
24
5
14
11
-2
2
3
10
10
17
11
29
-21
19
-1
0
22
-2
12
0
4
11
-9
-11
5
-12
19
8
4
8
9
-8
7
1
-4
14
-3
-4
0
-14
-15
-10
-21
-9
-14
-15
-1
-1
-6
-2
-16
-11
-14
-17
-14
-23
-21
-13
-26
-17
-17
-19
-18
-17
-20
-20
-14
-26
-16
-14
-16
-10
-12
-17
-18
-25
-16
-26
-20
-8
-24
-12
-19
-19
-16
-11
-17
-5
-2
0
-1
-12
-15
-14
-20
7
-12
2
4
-8
-9
-18
-12
-9
12
12
20
2
10
-1
-10
9
5
14
24
15
2
6
-16
8
17
13
28
15
3
2
9
-3
24
18
29
35
6
15
2
5
6
20
10
24
7
9
7
-8
21
13
29
26
21
5
13
-1
7
14
5
24
15
9
3
7
-6
11
8
9
14
1
4
-2
-6
0
0
5
4
3
6
-12
3
8
-1
14
-1
4
0
-13
5
-5
-7
11
7
2
11
1
2
-7
7
-8
-6
0
-5
5
-8
1
-6
-3
7
-9
6
4
-9
3
-6
-2
6
-2
11
5
-4
12
-7
6
6
5
5
8
8
-4
6
-3
2
9
-4
7
-14
-5
-12
-6
-3
-4
4
-15
2
-18
-3
-13
3
8
-6
-1