3
4
1
0
4
-3
-4
-4
1
3
-3
3
1
3
3
3
-1
0
0
-3
-2
0
-7
-4
-7
-3
0
-9
1
4
-2
4
-2
0
-1
4
-2
3
0
2
0
-3
4
-8
0
-1
-1
4
0
0
1
-1
-3
-3
0
0
-2
0
2
-1
-5
-3
-1
-1
-3
1
-5
0
-3
4
-1
-2
-1
-6
-2
-6
5
2
2
-2
3
0
-1
-2
2
9
11
4
-2
6
-4
2
0
3
0
-1
-3
0
4
-3
3
4
0
7
4
2
2
-1
3
-2
-2
3
-1
1
0
-1
0
5
6
11
6
5
9
10
5
5
3
-5
-2
-1
2
2
6
6
4
1
1
2
3
7
-1
2
3
-2
1
-3
-3
0
2
2
0
5
-3
0
-2
0
-1
-5
0
0
1
-2
-4
-6
-8
0
-4
-1
4
-1
-1
1
-2
-6
-1
1
-6
-5
-7
-6
-7
-9
-7
-5
-3
2
-1
-6
-8
-6
-5
-3
-3
-6
-8
2
-2
1
0
-3
-5
-7
-5
-3
0
1
-2
-1
2
-8
-5
-4
-2
1
0
6
3
8
2
3
10
2
-1
1
-1
-3
-6
1
-1
-2
1
-3
5
2
1
4
-1
8
8
9
-5
-3
5
1
-3
0
4
5
10
6
4
5
-2
-1
2
-1
1
-2
2
11
9
3
2
2
1
-1
1
-1
-2
4
-2
-4
5
2
-1
1
-3
-5
0
0
-2
-1
0
5
-1
-3
1
0
5
2
1
-3
1
3
0
-4
-1
2
6
7
4
6
1
-1
3
0
-2
-3
-7
-1
-4
-4
3
0
-4
0
-1
1
4
1
1
8
0
-4
-2
-5
-4
-3
0
-4
1
-1
0
0
-7
-1
1
0
2
3
-4
2
0
-5
-8
-5
-5
-4
0
1
-3
-5
-3
-7
-6
-5
-1
-4
-5
-8
-3
-4
-5
4
-2
1
-1
-3
2
-8
-5
1
2
0
-2
1
3
-5
-2
0
-4
3
-5
-3
-1
1
2
1
-2
3
1
0
-1
-3
0
3
4
0
5
3
1
5
5
4
-1
4
4
1
3
-3
1
5
2
1
7
9
6
3
5
8
5
4
4
3
1
-4
-2
-3
-3
-1
-1
0
3
2
2
0
3
2
2
9
0
0
3
4
5
2
3
-4
-6
3
-5
0
3
0
2
0
-5
2
6
-1
2
4
-2
-10
-3
0
-3
-2
4
-3
-4
4
-2
-2
-4
0
-9
-4
0
-2
6
0
-4
1
0
2
-2
-5
1
7
3
0
1
1
4
0
-1
1
-4
-4
-5
-5
4
6
0
3
2
-2
-7
-6
-6
0
0
-2
3
1
-4
-1
0
-8
-2
0
-6
-2
1
3
3
5
2
-2
-1
3
-1
-6
-4
-5
-6
0
3
2
1
6
4
4
4
4
-1
1
-2
-1
-2
-3
-5
-4
-2
-4
0
0
-1
-6
2
-2
-1
5
-4
0
3
2
-2
-2
0
1
0
1
5
2
4
10
4
0
8
4
-1
-2
3
5
2
5
-3
-4
0
-7
-6
-2
-3
5
4
7
2
-1
-1
1
2
0
-10
-11
-11
-2
-1
-2
3
1
1
1
4
-2
4
7
-1
5
1
3
2
6
4
2
-1
2
7
2
-2
0
3
0
4
3
-1
-9
-6
-2
-2
-1
-3
-1
0
4
2
-1
-1
3
6
3
4
4
-7
0
3
2
1
-1
-1
0
8
3
1
2
8
4
2
6
-2
-2
-3
1
-1
-3
-7
-7
-3
-9
-3
0
0
1
0
2
1
1
-4
-6
-4
-7
-11
-11
-7
-7
-1
0
-4
-3
-1
0
0
8
-2
4
4
-5
-5
-5
-6
-5
-1
-5
-6
-5
-1
-6
-1
-1
0
0
-1
-2
-2
6
-2
-4
-1
-5
-2
-5
-3
1
-3
3
2
2
10
6
5
3
2
3
-2
1
-1
2
-2
3
2
-5
4
8
6
2
9
11
4
3
3
6
9
3
0
0
0
6
1
0
4
3
7
0
2
5
4
1
5
6
7
-1
-3
-1
0
6
4
7
0
1
3
-1
2
2
-1
-1
-2
1
2
3
-1
-3
2
-4
-7
-2
-5
-3
0
2
3
4
1
-2
-2
-9
-3
-4
-12
-7
-2
-3
-3
-3
0
4
0
1
0
2
-7
-2
-6
-9
-1
-4
-5
-10
-8
-8
-4
-1
-2
-1
3
1
-1
4
-3
-1
1
-1
-3
-6
-3
-4
-7
1
-3
-4
0
1
7
7
-1
4
11
6
3
1
1
2
0
-2
-1
-5
0
0
6
5
9
8
0
6
6
0
-1
-3
-11
-2
-1
-1
7
0
7
6
1
6
2
7
5
5
11
10
4
4
-3
-7
-6
-14
-4
0
-2
5
4
3
2
5
7
1
0
-3
-3
-6
-9
-7
-4
-6
-6
2
0
8
5
5
6
2
3
-4
-4
-4
-7
-8
-5
-6
-6
-6
4
0
-3
11
5
3
6
2
1
4
1
-5
-4
-7
1
-4
-4
2
0
7
2
0
0
3
3
3
3
1
3
5
3
-4
1
-7
-2
3
1
2
2
1
-4
0
-1
-2
-4
3
-6
-1
-3
-6
1
-3
1
-1
-2
-1
5
4
-1
0
8
1
-3
-5
2
0
-7
2
-4
-8
-7
-8
-11
-9
-2
6
3
-2
2
-2
-4
-6
-3
-6
-11
-6
-2
-1
-2
-3
2
1
5
9
6
1
2
6
2
4
0
2
4
2
-2
0
1
1
3
9
8
5
6
3
3
-2
1
6
1
0
1
7
2
-6
2
-1
0
-4
-1
1
9
8
4
4
0
3
-3
8
4
3
4
6
7
3
7
-3
1
6
4
3
-3
-2
-4
-8
-10
-6
-5
-3
-6
-4
-1
-2
-2
0
2
9
2
-3
1
-5
-2
-4
1
1
-8
-5
-8
-6
-6
5
8
-2
8
7
7
3
5
3
1
1
1
0
2
2
-2
-1
-1
2
-1
2
-1
2
-2
-10
-8
-8
-1
3
4
1
1
2
1
4
3
-2
0
2
2
0
2
7
-2
-2
0
-2
-3
-1
-2
-3
-4
-2
-5
-5
2
1
5
2
1
-2
-7
-10
-10
-2
-7
-3
0
-7
-3
4
-5
-1
0
-4
4
-2
4
0
-6
-4
1
4
2
1
4
6
2
8
3
1
2
4
6
2
3
5
0
-5
4
-2
-6
4
1
3
5
3
2
5
10
7
10
3
1
-1
-3
-2
5
-1
2
11
0
3
-2
0
7
15
6
1
11
-6
0
1
-3
-3
-6
-3
-3
-4
-1
1
-3
0
-4
2
-4
3
6
3
-2
1
-1
-8
-3
-6
1
-6
-3
-3
-4
-3
0
-2
-1
6
-6
1
-2
-3
-2
1
0
5
4
-3
-1
0
-2
-2
-1
-2
1
-7
-5
-6
-2
-4
-1
1
1
1
-4
2
-2
4
7
2
-2
0
1
0
0
-2
2
0
-1
2
-1
-3
3
-4
1
1
-2
5
-1
-5
1
3
-1
-2
2
0
-2
0
1
4
5
-1
0
2
-5
-1
1
-2
-2
-5
0
2
-2
0
2
1
2
2
-3
2
7
-2
1
6
-1
1
8
6
-5
3
5
1
0
-3
-7
-6
-5
-7
-4
-3
2
0
3
3
7
3
0
-3
-7
-3
-1
-2
-4
8
4
1
-3
-7
1
-2
-8
-6
-5
-2
-6
-1
-1
-4
6
2
1
1
0
4
-1
2
5
-3
-2
-1
-5
-2
-4
-3
-10
-3
3
2
1
-3
1
-4
0
4
-2
3
2
3
4
3
4
1
6
1
-6
-3
-2
1
-1
-1
2
-5
1
-2
3
3
0
3
-2
-4
-1
-2
-3
-2
0
-6
-8
0
-1
2
-1
1
0
-4
1
-4
-3
0
-5
-1
-6
-6
-1
-4
-1
-2
-3
3
4
3
1
1
-1
-2
0
-2
3
-4
-10
-3
-5
1
2
0
1
-3
-5
-1
2
-1
3
0
2
8
2
2
4
4
5
4
1
2
0
-1
3
8
2
4
5
10
8
8
4
2
1
0
-4
0
2
1
2
-2
-5
-6
-1
-1
6
8
8
6
-2
1
0
8
7
3
2
2
-1
-2
-6
-9
-9
-9
-3
-1
1
2
5
4
7
1
-1
1
-4
-5
-8
-4
-13
-9
-4
-8
-8
-7
-2
-4
2
4
2
1
-1
-4
-1
2
1
4
-1
0
0
2
2
-5
-4
-3
-5
-2
-3
-5
3
6
3
-2
-7
-1
-8
-12
-11
-8
-9
-10
-4
5
-2
7
8
5
16
12
11
10
11
7
14
9
-1
-1
-1
-9
-8
-5
-3
-3
-14
0
7
4
6
5
8
5
9
10
2
7
-5
0
-1
1
-15
1
-8
-55
-14
27
-17
-1
9
-4
34
19
26
37
13
18
29
27
-10
-10
-19
-19
-10
-11
-4
-9
-12
-1
-7
-7
4
-5
2
9
8
13
-6
-5
-2
-1
1
-8
-19
-21
-12
-6
-2
-3
4
7
-3
7
7
12
12
9
18
14
-5
-8
0
-2
-6
-10
-9
-11
-9
-7
-5
-4
-5
2
-11
-3
5
-2
1
-3
-3
3
0
-2
1
2
-10
-5
2
4
3
1
1
7
6
-1
6
8
5
15
7
4
-1
4
5
0
-3
-3
-2
4
-1
0
-7
-3
1
0
-1
-9
-3
-1
-1
-3
0
-2
-5
1
6
8
-1
2
7
5
0
1
1
0
-2
-7
-12
-10
-3
-3
-8
-3
-7
-1
0
1
-1
1
-3
-1
-5
-5
0
-2
-4
1
9
-4
0
-4
-2
5
-4
2
2
0
-2
-4
-7
0
2
5
4
-1
-5
5
1
7
15
13
5
7
9
-1
2
-3
-4
-8
-4
-7
-10
13
-1
8
10
12
7
2
7
14
12
10
6
6
-3
-1
-2
-1
0
-8
-1
1
1
-4
-4
-2
1
1
4
-3
8
3
-3
6
-5
2
0
4
-2
-1
-2
-7
-9
3
-1
-7
-3
-6
-6
-3
-4
-2
-6
-9
-3
-1
6
7
5
1
-2
0
-3
-7
-16
-10
-10
-4
-11
-4
-12
-7
-3
1
11
11
4
3
15
6
10
8
-3
-7
-1
-14
-10
-13
-14
0
-7
2
-1
-2
-2
6
10
11
8
9
10
5
2
-7
-5
-3
-5
-5
-13
-3
-8
-10
-5
4
1
14
12
4
20
9
6
8
1
2
3
6
0
-16
-13
-7
-7
-10
-8
-1
-1
7
7
6
13
15
9
11
8
3
-2
1
-7
1
-9
-5
-1
-4
-10
-8
6
-1
4
2
8
4
8
12
11
8
5
7
4
-3
-8
-13
-10
-8
-4
-2
-12
-5
2
6
8
6
3
12
5
4
3
5
0
-3
-5
-11
-8
-12
-8
-9
-5
0
-6
4
1
1
-1
0
10
9
-3
-12
-6
-7
-2
-12
-9
-3
-6
-2
2
7
13
4
11
19
9
10
3
-6
-6
-3
-12
-8
-8
-7
-9
-6
6
9
10
-2
3
10
7
7
5
-1
0
4
3
-5
-3
5
-10
-7
-8
-12
-4
-1
7
6
5
15
14
7
4
7
7
6
4
-10
-4
-5
-9
-5
-13
-7
-13
-9
-2
6
-5
-5
3
-4
0
-3
0
-8
-3
-3
-7
-5
1
-6
-8
1
-8
-4
-1
-3
5
1
3
2
0
7
3
-1
5
6
0
4
-15
-14
-1
-7
-1
-4
2
6
6
13
10
7
2
4
11
3
5
3
2
5
0
-7
-10
-3
1
-2
1
9
10
7
16
12
9
9
5
11
0
6
6
0
-8
-11
-8
-8
-5
-1
2
-2
8
2
8
15
1
14
3
-5
-4
-4
-4
-7
-6
-13
-7
7
1
5
7
6
16
13
15
3
7
7
-6
-7
-18
-11
-18
-25
-14
-18
-22
-30
-27
-27
-21
-7
-3
-8
-3
13
5
16
16
18
21
12
18
12
15
18
14
24
12
13
-2
-5
-2
-4
1
-10
-3
-3
-13
-11
-9
-2
-14
4
-4
-10
-8
-8
-3
-2
9
6
9
-1
-2
7
9
14
20
11
1
7
7
10
-4
-12
-11
-22
-30
-25
-26
-31
-15
-4
-22
-14
-4
-10
-2
10
18
17
7
8
17
23
27
31
26
16
14
18
4
14
12
-4
-7
-8
-6
0
0
-6
-9
-1
1
-6
-13
-26
-2
13
-11
-5
1
-5
3
17
3
-5
9
17
11
11
3
9
2
-19
-4
-1
-13
-15
-16
-22
-15
1
-20
-22
-13
-1
4
7
-2
15
14
21
22
21
35
40
46
19
7
42
48
41
24
-4
-13
2
24
21
-18
-24
-9
-11
-29
-7
-6
-20
-25
-16
-16
-27
-23
-19
-10
1
4
-16
-82
-86
27
82
1
-64
-78
-53
16
54
-4
-76
-93
9
92
34
-52
-31
8
40
111
92
-13
-23
34
105
122
85
27
-2
-9
46
113
60
-37
-38
-16
-6
28
-8
-83
-91
-53
-28
-39
-66
-87
-57
-45
-33
-16
-39
-62
-16
25
17
7
9
22
38
68
63
31
28
32
59
36
9
-10
-28
-30
-23
-30
-58
-63
-49
-59
-64
-39
-24
-28
-32
-17
-4
2
27
41
24
40
74
111
105
75
84
97
76
65
72
49
35
30
7
-28
-56
-53
-30
-63
-112
-100
-89
-106
-102
-106
-118
-124
-95
-75
-87
-107
-84
-28
-8
-4
27
29
13
56
91
84
87
104
110
118
112
91
128
144
142
159
153
114
113
126
166
262
233
-11
-147
-101
58
252
159
-234
-418
-268
-42
68
-111
-504
-556
-325
-116
-46
-236
-520
-396
-79
53
141
112
-160
-174
170
450
521
332
-26
-40
285
489
572
217
-507
-404
383
460
-46
-364
-640
-483
-8
54
-353
-645
-707
-81
366
-100
-427
-126
-73
272
844
536
-10
197
524
905
1216
890
254
-111
-20
881
1377
362
-532
-394
-306
-90
384
-218
-1373
-1452
-682
-139
-394
-1198
-1416
-1021
-743
-122
364
-448
-1196
-358
604
802
805
511
61
222
791
1345
1315
547
154
518
390
146
491
476
-182
-423
-487
-547
-405
-413
-653
-777
-1007
-863
-209
-204
-719
-592
-200
-38
279
563
548
453
361
625
1240
1381
1219
1259
703
-187
237
1526
1516
230
-609
-523
-273
-152
21
-345
-1668
-2205
-828
92
-974
-1870
-1518
-1343
-1147
-100
370
-614
-1337
-468
793
1090
924
905
487
103
962
2037
1691
806
593
570
413
562
750
439
-206
-569
-546
-473
-529
-599
-912
-1306
-1258
-791
-571
-707
-929
-917
-537
-42
258
344
315
289
531
938
1272
1436
1401
1244
1063
567
336
1166
1767
774
-376
-388
-104
-135
-132
-313
-1251
-2149
-1522
-166
-623
-2075
-2019
-1357
-1427
-755
210
-333
-1303
-818
374
1082
1133
985
755
408
788
2007
2241
1216
740
811
829
1096
876
-146
-245
300
-42
-736
-844
-1000
-1085
-1064
-1082
-1239
-1573
-1475
-491
-308
-1243
-1150
-189
93
378
879
552
180
636
1600
2165
1849
1153
956
545
560
1879
2332
503
-653
-102
252
23
-103
-655
-1703
-2116
-1174
-256
-1254
-2570
-2154
-1409
-1374
-611
-38
-936
-1605
-557
842
1312
913
627
636
739
1436
2365
2036
1062
866
1076
1345
1096
207
148
816
92
-947
-889
-707
-852
-909
-1303
-1682
-1907
-1621
-431
-332
-1782
-1788
-449
-44
409
883
208
-158
693
1602
2322
2159
1169
949
1091
965
1848
2393
957
-194
107
318
337
20
-915
-1506
-1655
-1593
-779
-918
-2625
-2873
-1675
-1374
-1094
-491
-1172
-1759
-879
387
1126
1010
330
403
963
1423
2237
2449
1364
642
764
1358
2231
1894
222
-428
-226
-128
280
364
-949
-2017
-1739
-764
-370
-1142
-1997
-1841
-1310
-693
85
-122
-955
-774
229
998
1297
1091
837
1042
1176
1429
1764
1375
810
1091
1207
701
423
276
-34
-400
-607
-682
-948
-1665
-1523
-1054
-1560
-2145
-1639
-1391
-1435
-806
-341
-864
-1257
-420
817
1106
644
398
244
655
1928
2503
1453
477
585
1180
1449
1394
901
98
-452
168
683
22
-720
-709
-816
-796
-439
-464
-927
-1264
-855
-128
-101
-741
-481
73
236
336
507
240
187
430
801
1070
601
-22
314
746
269
21
-13
-335
-506
-265
-191
-432
-924
-1176
-863
-585
-542
-497
-829
-1121
-576
192
247
39
-207
-180
294
698
607
324
303
581
806
574
548
596
411
172
370
311
149
220
475
282
-265
-330
221
434
180
93
87
24
144
410
728
343
-403
-289
427
355
175
131
-382
-838
-512
52
-22
-830
-1467
-1032
-675
-735
-665
-894
-1500
-1174
-309
-68
-282
-448
-393
-142
300
761
915
459
276
763
1225
1282
1315
1009
488
569
976
569
113
370
287
-366
-401
-236
-511
-667
-704
-824
-1048
-1172
-668
150
-316
-1005
-615
-134
223
1003
1102
608
757
1218
1853
1935
743
94
1251
1859
1368
738
-82
-600
-263
19
-62
-993
-2663
-2601
-848
-868
-2166
-2528
-2737
-2683
-1252
-204
-773
-1670
-1834
-590
1054
1512
1080
705
199
990
2749
3066
2220
1614
1111
1398
2401
1733
732
841
771
-81
-99
-101
-409
-970
-1427
-1336
-1206
-1792
-1687
-960
-1369
-1776
-1035
-557
-507
-150
188
417
877
1120
1627
2022
1575
790
936
1977
2523
1751
438
216
307
325
342
119
-1496
-2694
-2004
-801
-1190
-2490
-3004
-2918
-2500
-1720
-852
-1280
-2182
-1946
-435
675
963
919
547
442
1379
2763
3012
2273
1759
1828
1827
1890
2363
1966
887
421
530
263
196
28
-861
-1722
-1806
-1117
-761
-1284
-2105
-1977
-1713
-1200
-437
-297
-787
-503
383
814
1261
1487
1101
126
522
2175
2943
1509
349
439
432
529
1140
580
-1637
-2344
-986
-98
-1070
-2284
-2727
-2661
-2030
-980
-700
-1899
-2607
-1615
-122
484
510
225
-189
234
1562
2542
2244
1544
1280
1575
2057
2246
1808
1174
1045
1145
958
381
167
80
-502
-988
-709
-769
-1306
-1212
-1035
-1391
-1408
-946
-664
-544
-362
45
437
500
569
461
-3
771
2115
1621
379
527
768
603
821
623
-457
-1342
-1072
-205
-327
-1768
-2392
-2009
-1792
-1256
-580
-1199
-2211
-1881
-808
94
387
217
-95
-228
309
1643
2326
1628
1026
963
1093
1596
2083
1676
995
684
547
652
717
599
-46
-759
-913
-386
-327
-637
-862
-1130
-1230
-914
-421
-246
-250
-296
187
634
852
699
-108
-324
1272
2282
1000
100
329
464
403
679
374
-786
-1782
-1218
-73
-821
-2108
-2243
-2122
-2149
-1101
-581
-1350
-2106
-1784
-613
250
367
289
192
-192
671
2071
2234
1550
1243
1064
1194
1925
2245
1647
716
558
821
804
735
586
-271
-1083
-797
-230
-82
-749
-1453
-1374
-810
-523
-152
-327
-932
-492
632
1175
1226
485
-917
-293
1906
2699
1227
-134
-409
355
888
1093
468
-1489
-2612
-957
498
-857
-2185
-2623
-2791
-2157
-694
-554
-1516
-2427
-2218
-576
600
606
299
-184
-514
1002
2559
2357
1686
1057
646
1610
2848
2272
1195
654
664
1119
1326
944
193
-916
-1156
117
300
-920
-1336
-1273
-1296
-700
-88
-583
-1002
-791
102
898
1036
546
-447
-712
973
2670
1626
204
68
230
295
1088
989
-742
-2099
-1312
-56
-759
-1971
-2215
-2324
-2444
-1405
-788
-1650
-2447
-2020
-936
-164
-6
-18
-42
-124
675
1953
2149
1617
1425
1239
1588
2568
2541
1480
1091
1225
1314
1362
1123
583
-87
-595
-299
209
-484
-1249
-1242
-1114
-1049
-602
-668
-1025
-907
-317
367
773
684
-295
-858
249
2287
2045
566
-267
155
956
1567
912
-622
-1669
-1304
220
126
-1583
-2761
-2628
-2047
-981
-864
-2061
-2552
-2406
-1499
-265
16
-728
-736
-487
226
1745
1932
1422
1304
1261
1329
2758
2969
1698
1183
1451
1734
1812
1707
860
264
-311
88
492
-58
-943
-1165
-1276
-1249
-698
-805
-1183
-1066
-667
-323
87
560
295
-748
-885
1185
2317
942
105
525
558
485
1364
1012
-860
-1899
-401
699
-761
-2192
-2175
-2162
-2110
-962
-910
-2296
-3052
-2181
-743
-381
-743
-754
-646
-679
567
1867
1611
1157
1257
1514
1799
2472
2589
2162
1557
1598
1855
1753
1779
1482
433
-183
213
282
49
-297
-1034
-1482
-1347
-1007
-673
-862
-1280
-1071
-538
-293
553
268
-1315
-1165
1132
1916
687
70
157
511
463
1040
917
-650
-1811
-162
808
-922
-1862
-1632
-1831
-1807
-833
-1106
-2140
-2570
-1816
-577
-654
-1086
-744
-351
-433
679
1426
988
994
1392
1582
1814
2438
2064
1693
1584
2043
2007
1832
1649
1205
368
269
807
564
-123
-563
-903
-1150
-950
-631
-797
-1242
-1213
-876
-538
-24
580
-813
-1998
-482
1939
1271
-152
-217
220
268
649
1267
162
-1580
-1224
837
329
-1477
-1656
-1554
-1816
-1152
-359
-1302
-2311
-2443
-1219
-186
-564
-950
-665
-668
-370
1210
1404
795
768
1132
1384
2149
2227
1499
1468
1670
1860
1774
1793
1523
1192
360
385
730
484
0
-195
-869
-1273
-758
-570
-588
-904
-1184
-1175
-363
-86
547
-334
-2009
-1117
1920
1689
-415
-362
366
458
366
886
231
-1140
-1389
552
593
-1525
-1897
-1266
-1576
-1434
-481
-1159
-2244
-2375
-1182
-77
-559
-1075
-623
-535
-511
1090
1698
723
521
1002
1343
1912
2493
1815
1115
1100
1824
2184
1949
1469
790
206
396
1166
996
51
-825
-1058
-723
-371
-351
-735
-1189
-1385
-799
-67
202
123
-834
-1740
-650
1602
1424
-204
-582
182
505
492
638
42
-1135
-1132
352
168
-1369
-1709
-1247
-1465
-1293
-839
-1268
-1977
-1936
-1033
-402
-805
-927
-233
-222
-281
725
1383
989
874
1083
1372
1715
2101
2011
1549
1169
1599
2071
1876
1408
830
337
365
887
896
200
-811
-1093
-632
-350
-478
-779
-1157
-1314
-811
-246
74
-228
-1162
-1478
-188
1169
768
-358
-507
236
592
470
282
-335
-1041
-578
440
-122
-1357
-1603
-1190
-1127
-944
-966
-1355
-1804
-1579
-853
-490
-798
-746
-261
-247
-51
677
1214
995
919
1006
1336
1689
2125
1998
1373
1125
1734
2235
1879
1304
692
404
503
1153
1076
-41
-1170
-950
-253
-123
-387
-900
-1411
-1391
-583
19
4
-893
-1622
-1169
211
878
318
-547
-572
162
441
321
46
-459
-835
-251
101
-489
-1164
-1331
-1033
-828
-835
-1092
-1208
-1510
-1186
-583
-552
-826
-548
-144
-102
221
687
1069
752
691
1110
1504
1570
1763
1670
1217
1374
1793
2055
1611
935
599
826
973
1053
784
-229
-855
-523
119
116
-503
-1093
-1105
-832
-459
167
-259
-1526
-1668
-284
552
221
-370
-614
-398
-82
220
132
-482
-941
-505
-104
-489
-847
-1032
-1242
-1105
-656
-774
-1202
-1301
-1153
-834
-667
-551
-493
-379
-277
115
430
716
881
710
674
1242
1665
1470
1334
1377
1472
1559
1775
1716
1276
776
932
1099
963
647
422
-27
-276
-147
128
-103
-548
-542
-492
-612
-342
-184
-860
-1129
-530
-73
-148
-327
-445
-330
-311
-347
-374
-624
-801
-403
-396
-943
-1172
-1071
-973
-881
-957
-1136
-1055
-1094
-957
-640
-706
-794
-380
-149
-123
208
388
524
892
857
698
1182
1635
1323
1267
1431
1472
1320
1506
1729
1479
860
844
1233
837
496
597
527
-175
-255
-12
87
-159
-394
-345
-359
-419
-578
-538
-645
-507
-468
-345
-295
-366
-460
-437
-453
-684
-793
-711
-530
-717
-1080
-1219
-1154
-1019
-844
-1011
-1276
-1143
-869
-841
-651
-605
-591
-434
-192
38
400
522
474
847
1044
1003
1087
1471
1480
1387
1344
1523
1458
1204
1395
1652
1170
659
880
846
490
507
553
80
-345
-281
51
34
-401
-456
-79
-303
-875
-704
-264
-261
-513
-453
-322
-276
-433
-359
-362
-792
-1030
-589
-441
-946
-1167
-1213
-1297
-1163
-929
-1044
-1304
-1316
-1081
-659
-685
-740
-543
-368
-352
4
437
480
554
574
894
1261
1416
1138
1369
1524
1375
1356
1586
1457
1226
1427
1426
994
635
864
876
499
291
482
217
-253
-56
203
-177
-313
57
-382
-976
-456
80
-495
-776
-379
-271
-452
-385
-334
-688
-1007
-767
-443
-805
-1127
-1060
-1252
-1465
-1081
-938
-1162
-1215
-1207
-1254
-980
-713
-618
-534
-599
-485
-56
234
305
577
672
686
1036
1321
1296
1332
1516
1424
1388
1456
1648
1640
1462
1310
1239
992
861
1001
713
452
486
471
119
75
12
-4
12
-395
-707
-415
-87
-363
-610
-729
-540
-445
-409
-492
-843
-1228
-772
-329
-884
-1342
-1199
-1253
-1400
-1186
-1091
-1251
-1381
-1137
-919
-1080
-1172
-692
-484
-633
-477
-114
-21
64
300
651
830
835
989
1293
1414
1451
1436
1350
1465
1663
1707
1606
1456
1218
1339
1367
1156
852
728
599
653
641
417
168
7
44
-153
-512
-513
-53
-266
-773
-764
-592
-669
-573
-617
-1086
-1311
-1006
-621
-706
-1224
-1513
-1441
-1290
-1150
-1089
-1374
-1429
-1126
-1026
-945
-807
-790
-864
-542
-350
-206
-93
84
225
414
543
723
972
979
1155
1383
1432
1291
1343
1449
1623
1647
1495
1400
1310
1207
1330
1312
997
826
826
602
534
603
541
300
-121
-500
-377
-7
-68
-373
-767
-886
-709
-535
-659
-891
-1253
-1390
-1031
-845
-1030
-1262
-1425
-1563
-1403
-1185
-1099
-1155
-1346
-1335
-1054
-788
-630
-611
-757
-770
-392
-69
196
303
184
104
537
1000
952
856
994
1221
1294
1426
1442
1336
1330
1587
1683
1394
1220
1357
1408
1217
1161
1071
771
620
728
774
558
204
-205
-401
-250
-6
-90
-559
-868
-828
-708
-740
-840
-1050
-1292
-1262
-1081
-981
-1158
-1271
-1338
-1343
-1337
-1168
-983
-972
-1203
-1274
-943
-636
-614
-586
-635
-759
-534
80
343
121
-13
172
486
731
916
784
779
1043
1356
1296
1298
1357
1407
1487
1608
1524
1279
1304
1445
1401
1193
1044
821
618
736
761
485
109
-201
-397
-264
-135
-417
-642
-791
-939
-1067
-870
-849
-1119
-1465
-1300
-1088
-1159
-1181
-1065
-1234
-1385
-1107
-884
-893
-903
-843
-837
-781
-548
-331
-385
-512
-435
-233
27
355
327
105
147
461
672
827
807
718
826
1094
1262
1273
1286
1256
1271
1305
1495
1462
1201
1082
1263
1161
924
795
669
516
470
357
66
-143
-298
-414
-554
-607
-621
-770
-1067
-1103
-1024
-1060
-1097
-1068
-1214
-1250
-1080
-925
-868
-829
-857
-859
-760
-617
-450
-361
-387
-445
-349
-188
-28
-68
-152
-87
114
252
364
274
125
210
483
581
581
516
435
574
841
941
848
776
742
876
988
1003
896
761
667
735
716
588
461
293
182
180
95
-93
-161
-332
-515
-547
-501
-646
-775
-839
-852
-923
-912
-788
-770
-859
-817
-665
-626
-459
-285
-333
-506
-384
-148
2
34
-55
-205
-179
106
241
113
-6
78
153
241
361
316
138
153
405
506
445
409
434
450
563
679
608
486
524
600
577
579
534
376
262
362
444
295
43
-52
15
-5
-38
-117
-299
-539
-478
-378
-449
-617
-706
-707
-722
-764
-709
-589
-650
-697
-638
-506
-401
-253
-230
-294
-265
-77
114
153
28
-59
66
219
290
267
174
96
160
316
398
293
145
124
264
374
452
440
304
223
422
652
659
522
429
430
552
625
559
385
228
245
357
324
89
-65
-129
-117
-103
-157
-316
-489
-541
-512
-490
-553
-574
-645
-714
-747
-646
-539
-497
-545
-628
-559
-383
-235
-265
-244
-243
-206
-61
106
34
-118
-81
82
221
245
207
142
103
222
420
412
223
178
231
337
523
557
350
201
359
571
632
541
470
396
440
587
575
368
297
341
274
231
219
83
-91
-102
-48
-161
-342
-415
-413
-491
-555
-521
-578
-676
-706
-651
-663
-646
-593
-544
-602
-603
-457
-338
-344
-334
-173
-171
-187
-64
86
-48
-106
55
191
209
209
186
148
226
351
432
286
169
267
452
507
532
477
397
443
565
614
637
617
552
576
609
552
524
507
433
362
278
239
200
109
9
-14
-134
-251
-271
-316
-420
-487
-532
-536
-590
-670
-676
-610
-668
-729
-719
-673
-634
-638
-647
-572
-476
-459
-390
-391
-374
-287
-164
-180
-140
-75
-5
63
121
156
187
216
266
312
297
317
425
474
516
593
545
458
504
651
704
727
663
615
588
645
679
640
525
437
393
328
339
305
189
42
-16
-77
-116
-157
-233
-319
-418
-454
-481
-535
-572
-555
-619
-720
-687
-607
-617
-693
-691
-610
-521
-517
-533
-494
-497
-428
-311
-264
-336
-314
-192
-74
-17
-35
-37
30
140
189
233
259
275
357
488
569
538
505
512
612
692
749
768
700
623
657
723
677
635
563
448
365
378
333
247
132
20
-48
-71
-100
-145
-218
-335
-407
-390
-358
-413
-526
-570
-545
-528
-524
-512
-560
-623
-538
-434
-460
-515
-486
-442
-423
-388
-310
-312
-355
-313
-176
-120
-141
-157
-88
-6
64
129
138
124
178
338
404
413
421
437
417
519
635
644
594
589
561
548
590
599
523
417
365
341
310
227
167
104
23
-23
-43
-82
-134
-246
-281
-221
-205
-312
-379
-381
-354
-272
-241
-293
-355
-339
-268
-195
-210
-263
-269
-273
-263
-224
-216
-245
-271
-267
-232
-186
-200
-209
-202
-153
-109
-53
-38
-38
-23
43
117
161
199
184
181
212
293
314
362
368
317
268
322
377
341
280
261
211
99
125
168
128
36
27
-19
-57
-36
-24
-83
-138
-129
-110
-143
-169
-111
-110
-149
-119
-56
-61
-89
-75
-45
-45
-28
-5
-32
-76
-78
-49
-26
-54
-90
-106
-116
-105
-94
-125
-159
-103
-45
-49
-95
-81
-32
30
35
45
59
31
57
148
184
142
152
169
173
190
207
189
151
130
95
78
58
55
61
41
-13
-74
-62
-12
14
-49
-108
-77
-29
-49
-31
-13
-53
-54
23
27
-8
-2
4
0
9
16
21
-3
-48
-24
-8
-26
-42
-60
-103
-72
-66
-121
-124
-78
-72
-86
-73
-96
-106
-56
-10
-6
-16
-20
-7
9
30
79
89
43
75
115
86
60
61
56
54
31
5
-3
-14
-29
-36
-70
-100
-62
-48
-92
-103
-86
-65
-36
-39
-40
-34
-31
8
66
74
52
45
51
63
111
135
108
59
63
92
87
52
44
48
17
9
-2
-7
-22
11
19
-4
-37
-37
1
20
11
1
14
13
5
-6
-5
10
25
39
6
-22
-9
-12
-31
-18
-13
-69
-88
-81
-63
-80
-89
-97
-103
-112
-96
-73
-97
-103
-50
-6
-48
-48
-17
-7
23
65
65
14
18
65
92
93
99
104
73
74
75
53
68
105
88
18
13
33
39
47
84
48
-7
3
75
89
57
25
15
60
59
26
-6
22
27
29
36
32
-4
-25
-29
-11
2
-14
-44
-95
-106
-69
-36
-50
-83
-154
-141
-61
-53
-105
-95
-60
-77
-58
-23
-28
-75
-40
27
27
0
5
3
-22
35
76
44
-23
-33
-17
12
32
22
-16
-56
-14
36
26
9
21
20
37
81
90
89
73
89
108
107
82
77
79
77
95
113
94
62
44
35
38
48
48
-3
-45
-61
-23
11
-8
-86
-129
-127
-76
-47
-93
-145
-152
-133
-107
-66
-112
-156
-155
-95
-53
-18
-45
-82
-99
-71
-5
15
-26
-56
-55
-52
-21
4
-17
-31
-16
-6
-13
-6
45
64
49
41
85
105
123
159
153
134
171
184
180
190
198
207
199
187
166
149
134
148
134
69
37
48
45
36
24
-45
-84
-71
-69
-67
-87
-136
-178
-155
-128
-120
-155
-201
-195
-150
-110
-95
-110
-146
-147
-128
-98
-79
-98
-116
-94
-84
-98
-71
-55
-72
-56
-25
-34
-60
-28
26
47
27
28
52
68
94
123
145
132
136
158
170
171
191
194
161
137
150
154
141
111
80
63
65
60
38
33
6
-41
-43
-21
-27
-58
-90
-108
-115
-111
-90
-103
-142
-139
-108
-85
-95
-86
-93
-110
-114
-108
-87
-75
-82
-89
-88
-96
-87
-59
-45
-60
-45
-47
-43
-29
11
40
27
22
34
55
57
89
131
135
113
113
134
153
180
188
159
122
122
155
165
130
103
94
73
51
52
61
38
14
-5
-21
-23
-22
-39
-70
-85
-91
-83
-82
-78
-96
-114
-116
-70
-64
-94
-117
-109
-107
-109
-80
-71
-77
-99
-85
-72
-66
-56
-31
-30
-50
-32
-8
7
30
51
54
35
41
72
100
110
125
130
107
92
121
149
139
122
100
77
65
83
98
61
21
-8
-9
2
-6
-8
-23
-60
-78
-50
-45
-63
-91
-113
-97
-80
-81
-80
-100
-120
-100
-56
-62
-97
-95
-78
-60
-62
-55
-50
-48
-35
-27
-20
-46
-24
1
15
25
37
20
10
55
84
85
75
70
61
70
106
137
115
84
84
89
87
101
125
92
32
25
46
38
17
2
-40
-69
-66
-58
-64
-71
-91
-113
-116
-116
-103
-90
-107
-118
-92
-82
-75
-67
-53
-46
-42
-42
-19
-4
5
23
28
19
29
48
53
68
61
34
44
70
71
74
80
76
46
52
87
104
92
65
59
54
70
113
107
67
51
66
71
71
84
74
35
11
20
13
1
-18
-39
-70
-89
-79
-72
-80
-98
-130
-149
-133
-132
-121
-112
-115
-128
-126
-89
-72
-63
-63
-56
-45
-27
-3
7
1
8
16
1
14
29
34
33
30
24
28
40
51
52
52
33
20
31
69
84
52
22
15
36
65
82
54
18
24
50
56
50
37
32
23
11
1
-3
-3
-8
-34
-56
-52
-39
-22
-43
-86
-106
-95
-72
-60
-64
-71
-82
-77
-59
-24
-19
-38
-39
-24
-10
12
28
23
9
2
16
22
24
30
48
30
6
25
50
53
39
29
22
7
22
52
65
43
20
20
35
55
54
50
37
31
20
40
52
35
32
37
21
-6
8
34
33
4
-13
-21
-17
-3
7
-14
-47
-58
-44
-22
-5
-7
-35
-52
-43
-12
7
-11
-31
-36
-43
-27
5
-3
-36
-45
-35
-30
-16
-5
2
-15
-39
-21
3
5
8
0
-22
-26
-5
23
37
22
1
5
20
26
36
43
22
18
29
37
54
55
49
40
36
35
40
41
37
39
22
2
-16
-15
-7
8
-19
-59
-65
-42
-17
-18
-38
-68
-63
-44
-36
-25
-28
-55
-49
-38
-19
-15
-18
-31
-39
-36
-20
-1
-7
-24
-36
-29
-17
1
9
-2
-12
-7
-2
18
42
40
18
15
26
38
44
43
38
34
34
46
62
55
57
61
54
45
40
28
40
48
36
14
-12
-25
-10
3
-1
-31
-68
-65
-43
-31
-43
-59
-72
-67
-59
-46
-24
-31
-39
-36
-32
-20
5
9
-13
-13
5
33
31
26
25
16
7
24
40
35
22
17
25
15
30
44
36
21
24
37
38
29
42
51
39
37
45
42
39
62
56
24
13
21
30
22
12
-3
-33
-42
-36
-40
-53
-54
-68
-94
-87
-72
-71
-80
-73
-70
-84
-66
-29
-31
-52
-47
-30
-31
-22
10
2
-23
-10
22
30
21
27
15
13
14
30
32
28
23
24
21
17
34
41
38
29
19
31
42
33
35
40
38
30
30
39
39
36
37
35
21
21
28
21
9
7
-9
-31
-32
-23
-27
-46
-60
-66
-69
-64
-63
-74
-75
-84
-69
-56
-54
-59
-57
-41
-37
-23
-17
-16
-16
-13
7
16
16
14
3
17
25
27
27
31
40
38
37
41
41
48
46
48
37
29
40
45
31
40
46
39
30
25
27
31
44
35
19
11
13
20
25
15
-5
-25
-23
-8
-9
-30
-43
-47
-59
-47
-35
-54
-64
-66
-59
-47
-39
-35
-43
-45
-27
-13
-12
1
0
3
4
18
28
21
14
21
33
27
25
28
34
32
28
22
23
20
30
32
13
3
16
24
15
11
15
20
8
-4
0
4
12
11
-1
-5
-11
1
2
-5
-15
-37
-35
-23
-16
-19
-34
-42
-51
-40
-22
-19
-34
-51
-44
-32
-19
-14
-23
-33
-36
-18
-3
6
10
9
11
7
23
32
31
36
26
20
21
26
37
31
21
11
9
15
25
24
11
4
8
2
2
17
8
6
1
2
1
7
12
8
8
-4
-4
6
6
3
-10
-19
-18
-14
-10
-6
-17
-32
-42
-30
-20
-22
-17
-26
-36
-32
-20
-8
3
-6
-14
-9
-1
25
30
26
25
9
4
18
32
32
23
7
10
22
30
39
28
16
14
15
17
27
26
15
7
1
6
8
12
10
-5
0
5
8
4
7
12
-5
-15
-5
-4
-9
-6
-16
-31
-23
-9
-11
-20
-31
-34
-33
-32
-20
-9
-16
-23
-25
-27
-19
0
3
-11
-21
-9
7
20
29
26
12
-3
20
42
38
33
28
17
17
33
43
25
9
8
14
15
18
26
17
11
13
15
5
4
11
2
0
-6
-7
-7
-7
-7
-15
-22
-30
-26
-24
-25
-24
-34
-33
-38
-42
-41
-41
-47
-55
-56
-51
-35
-29
-30
-39
-43
-32
-21
-4
-6
-12
-1
8
25
37
41
33
23
30
39
48
45
39
40
32
39
46
37
32
23
30
30
27
26
25
32
22
18
14
10
17
11
8
7
6
6
10
3
-2
-2
-2
-13
-16
-12
-11
-14
-20
-23
-31
-31
-26
-26
-33
-38
-37
-27
-25
-26
-26
-31
-29
-19
-12
-9
-3
-1
8
18
22
23
28
27
22
19
22
30
31
30
33
23
20
26
27
21
18
19
14
8
10
18
11
8
5
-3
1
2
1
2
5
-4
-3
4
-1
-1
-6
-10
-23
-19
-11
-10
-18
-27
-32
-35
-27
-27
-31
-40
-37
-36
-32
-32
-36
-34
-35
-34
-27
-25
-22
-8
-7
-6
-3
7
9
15
19
14
14
21
26
32
33
30
30
25
33
29
22
21
22
20
12
4
12
23
21
11
4
5
11
23
19
18
15
4
10
14
12
2
-10
-14
-10
-4
-5
-11
-22
-25
-18
-17
-12
-18
-22
-24
-21
-16
-27
-23
-22
-26
-24
-20
-9
-6
-8
-1
2
5
7
12
17
11
11
15
15
16
24
24
19
20
8
13
15
6
12
10
6
3
1
7
9
1
0
-3
-9
0
10
14
12
7
6
7
15
15
1
-5
-4
-1
5
7
-4
-7
-8
-6
-2
-8
-12
-11
-12
-17
-14
-14
-20
-20
-18
-18
-16
-12
-10
-9
-6
-3
0
-4
-3
-1
-2
0
-4
-4
1
3
2
3
0
-1
0
4
8
3
8
6
-6
-3
0
2
-1
-3
3
4
9
17
21
19
18
18
19
13
11
14
1
6
8
9
6
3
8
5
2
3
1
-3
-3
-4
-9
-14
-19
-18
-23
-24
-24
-20
-20
-21
-8
-16
-13
-9
-16
-11
-8
-7
-2
-5
-9
0
-6
-6
-2
-9
-6
-6
-5
-2
0
-3
5
1
-4
2
1
4
4
3
4
10
10
17
20
12
11
8
8
11
8
3
10
1
1
13
8
4
-1
0
0
-1
8
5
2
-7
0
0
-1
1
-6
-11
-13
-4
-4
-1
-2
1
2
6
11
12
21
14
10
7
13
16
8
16
12
7
6
11
9
2
9
6
-1
-3
3
3
1
-5
-5
-1
-8
-9
-4
-6
-8
-8
-7
-6
-6
-2
-4
-13
-7
-7
-6
-7
-15
-11
-12
-15
-11
-10
-13
-17
-13
-14
-7
-5
-10
-12
-18
-9
-6
-1
9
5
5
5
14
15
15
13
5
3
7
12
12
6
5
3
-4
-4
1
1
-4
-3
-6
-6
-4
-6
-6
-13
-15
-10
-10
-14
-15
-9
-10
-12
-9
-10
-11
-7
-9
-9
-6
-1
-2
-4
1
-4
-4
-2
-5
-2
3
2
3
4
8
12
10
10
4
9
11
17
28
22
20
18
24
25
22
26
17
19
21
25
23
17
13
8
4
2
0
2
0
-5
-6
-2
1
-5
-3
-10
-9
-9
-9
-6
-12
-14
-10
-11
-13
-10
-10
-7
-4
-5
-5
-5
-6
-5
-7
-10
-11
-11
-11
-8
-4
-2
-7
-9
-4
-1
1
1
-5
-6
1
7
6
8
3
2
4
4
12
11
8
7
9
10
8
11
9
1
4
7
2
4
7
3
3
1
5
5
2
5
-2
-4
-5
0
2
-6
-4
-2
-5
-3
1
-3
-2
-2
-12
-10
-12
-15
-7
-14
-18
-20
-18
-13
-15
-9
-17
-21
-13
-6
-2
-2
-4
-11
-8
-5
-4
-2
-8
-9
-4
1
-1
5
8
6
3
6
4
5
14
9
7
2
4
7
4
10
6
7
10
10
17
18
15
10
11
8
8
12
5
8
5
2
8
9
8
11
6
2
3
5
8
0
-3
-5
-16
-10
-7
-6
-9
-9
-9
-5
0
1
2
-4
-5
-5
0
1
-3
-5
-7
-7
-6
-5
-4
-1
-3
0
4
-1
6
6
4
-1
-2
2
1
10
10
9
8
9
15
15
13
10
10
10
12
11
8
9
1
-1
-3
-4
-2
-3
0
-3
-2
-2
1
-6
-7
-11
-22
-19
-20
-16
-16
-16
-16
-19
-13
-14
-7
-10
-12
-9
-14
-9
-6
-10
-10
-13
-12
-10
-8
-4
0
-2
-1
1
0
0
0
0
-5
-6
0
2
2
3
3
5
7
14
13
12
15
15
15
13
13
8
7
2
0
2
1
-1
2
2
-3
3
1
0
-1
0
-2
-7
-2
-6
4
4
0
-3
-4
4
-2
5
4
-1
0
-1
2
0
4
-4
-6
-3
-4
2
3
3
-1
4
3
3
9
7
5
4
6
5
6
5
-1
-3
5
2
2
9
5
7
12
8
9
10
6
2
4
0
1
0
-7
-5
-5
-5
-8
-10
-7
-8
-9
-4
-10
-8
-2
-2
-4
-6
-9
-9
-8
-8
-3
-4
-6
-4
-3
1
-1
0
-4
-9
-1
-1
2
6
0
2
4
4
8
4
3
4
2
8
9
7
7
9
4
8
7
2
7
1
3
7
3
2
1
0
-3
-1
-4
-4
-6
-7
-6
-6
-5
-9
-8
-11
-8
-10
-13
-7
-15
-7
-5
-12
-8
-9
-8
-6
-5
-7
-1
-6
-6
-1
-1
4
-3
-1
0
4
5
7
6
-3
9
5
5
9
3
8
4
6
8
5
5
4
4
7
4
8
7
3
3
2
5
0
2
4
1
2
3
4
-2
0
-4
-4
-2
-5
-1
-2
0
0
0
1
-1
-1
-1
-8
-6
-7
-12
-7
-5
-4
-3
0
0
2
10
7
5
6
4
5
5
6
0
-1
-2
-4
5
2
4
5
6
11
9
11
11
8
6
5
3
1
0
-2
-4
-1
0
4
5
3
6
5
0
1
-2
-1
-3
-6
-6
-8
-7
-7
-9
-14
-10
-10
-9
-7
-7
-3
-7
-7
-8
-12
-6
-7
-12
-10
-8
-7
-3
-1
0
1
1
3
7
9
10
5
2
6
2
4
0
-4
-1
-8
1
1
2
8
3
9
8
9
10
6
6
5
3
5
5
-1
2
-3
-6
-3
-7
-2
-3
-4
-1
-5
2
-1
-1
4
-4
-1
-1
1
2
-3
2
-3
-4
0
-1
0
-1
-1
-6
-2
2
1
1
5
5
3
6
9
8
4
7
0
2
6
6
2
4
7
0
5
5
2
-1
1
-3
-4
4
-1
0
3
1
2
3
5
2
0
3
0
-6
6
-3
-4
0
-7
-2
-5
0
-5
-5
0
-4
-4
-6
-2
-5
-9
-8
-9
-8
-5
-7
-4
-3
-5
-3
-1
1
0
2
0
2
3
4
6
1
5
2
-1
1
3
0
0
2
-3
4
2
7
6
1
6
2
5
0
3
3
0
0
1
3
3
3
-1
2
0
1
3
1
1
-2
-5
-5
-9
-8
-8
-14
-11
-9
-11
-10
-5
-7
-9
-7
-5
-5
-4
1
-2
-1
1
4
3
2
3
0
0
3
-3
3
1
-3
-1
4
2
0
6
2
2
4
7
5
5
13
8
3
12
16
10
13
8
8
10
6
5
6
6
1
-3
6
3
0
-1
1
-4
-4
-2
-5
-1
1
-1
-3
3
2
-1
-1
1
-3
-7
0
5
-5
-4
2
3
-5
-5
2
1
0
-9
-3
8
-2
-11
-5
3
-12
-10
9
-2
0
3
5
0
5
7
4
1
10
-2
6
13
3
11
7
0
9
8
-8
-2
2
-14
-21
-3
-9
-19
-7
-5
-3
-7
-3
5
-4
-14
-4
0
-15
0
3
-8
-5
-5
-11
-12
-9
-12
-5
-22
-18
-6
1
-23
-2
19
1
-5
4
15
0
-9
10
3
0
12
10
1
14
21
-3
18
13
2
6
-6
-4
4
-17
4
0
-10
-11
11
-9
1
6
-18
20
1
-32
16
39
-17
0
41
17
-15
14
2
15
-12
-9
8
-8
-11
15
-9
4
22
5
-19
23
-9
-35
4
-1
-8
-8
33
21
3
31
44
-5
36
9
-34
-42
58
-123
-87
94
-62
-94
85
28
-62
36
49
-46
-32
88
-106
13
30
5
-17
46
55
5
-11
100
-57
-9
63
-63
-43
19
4
-118
56
25
-68
6
99
-72
3
29
4
-48
26
11
-6
-25
59
-39
-51
70
-65
-37
-4
-24
-20
-31
-4
-3
30
31
-76
114
-32
-37
65
-84
49
28
-95
73
28
2
-27
104
21
-70
120
-35
-54
85
-81
2
24
-12
21
-30
100
-20
-2
32
18
-3
-49
-1
4
-59
25
-45
25
46
-43
16
42
21
-38
25
11
-11
-22
-16
17
13
-52
72
-14
14
-14
46
-15
-8
54
-59
34
48
-62
47
-23
49
-2
-81
130
-73
-13
19
-28
9
-10
-1
-25
-1
78
-183
125
32
-145
116
-33
-39
20
-21
24
-21
24
-31
-25
55
-151
95
-69
-60
114
-96
9
79
-70
25
-11
4
14
-34
40
-26
37
-1
-13
4
15
16
-30
-42
86
-99
9
55
-140
51
30
-133
79
51
-77
82
7
2
12
28
-89
88
-3
-131
89
53
-184
135
-1
-76
86
-27
-59
69
8
-92
-11
130
-94
-60
149
-71
-11
73
-31
41
37
-7
-40
18
44
-133
21
35
-48
7
21
7
10
-8
-24
26
8
-61
7
98
-77
26
39
-51
10
39
-153
133
-8
-111
106
33
-64
24
39
14
-14
82
-52
3
70
-106
32
40
-42
42
28
-39
34
12
-66
32
72
-72
21
69
-26
-74
57
5
-90
54
54
-35
15
103
-107
-5
145
-208
31
126
-207
90
91
-92
49
36
-9
-40
10
-1
-26
48
-43
96
4
-86
132
-29
-92
129
-84
-5
56
-19
-8
40
-4
-77
93
-19
-98
105
-59
2
69
-100
87
-44
-69
42
-65
-20
7
59
-74
44
106
-137
7
81
-107
35
-29
20
-17
54
-46
18
79
-149
30
90
-118
-15
20
16
-65
-47
116
-95
16
34
-32
44
13
-62
45
84
-113
-33
125
-147
-59
166
-119
-56
151
-37
-102
145
-79
-99
136
-73
-69
178
-81
-62
193
-88
-53
185
-56
-75
129
-39
-43
-2
70
-25
9
46
-64
26
8
-109
66
68
-73
-31
138
-34
-163
151
-58
-67
111
-22
12
42
-7
-29
18
-23
-100
82
-36
-66
110
-21
-6
29
6
-24
-50
-20
11
31
-43
92
14
-24
54
-44
-3
29
-48
51
-2
41
-57
41
5
-37
51
-69
12
2
-47
-5
-73
122
-49
-104
175
-75
-48
1
14
23
9
20
3
57
-31
-88
66
-56
-49
-14
46
-12
-19
48
-18
2
26
-2
-44
39
31
-18
34
-2
23
36
-87
82
-10
-39
-11
6
94
-105
48
49
-22
2
-12
14
-22
-54
51
14
19
-26
97
52
-105
72
51
-83
-39
94
48
-73
38
44
-6
-36
-73
68
3
-71
19
123
-22
-20
-6
68
1
-102
23
95
-105
-4
129
-98
-61
57
-66
-115
99
-39
-92
91
-8
-46
20
-24
-33
47
-17
-124
74
52
-149
15
139
-51
-78
47
70
-76
-17
14
-26
41
-60
-20
52
2
-98
43
37
-71
31
59
-45
20
86
-58
-42
86
-10
-83
55
-5
-28
12
6
-23
51
-50
-101
96
-19
-83
50
52
-1
-33
29
23
-46
32
0
45
1
68
34
-58
119
-34
-60
56
-44
30
-6
-22
78
-18
-2
-73
64
-14
-93
50
33
64
-55
48
81
-71
-17
-19
-28
56
-108
47
67
-19
-37
-3
-37
-59
-31
-45
-26
29
14
-37
54
54
-43
13
8
-15
19
-49
28
35
6
-35
7
14
-62
-32
7
43
-40
-34
65
-25
-49
28
-54
3
-20
-45
37
40
-39
41
74
-47
46
-25
-51
-6
-24
-17
-52
46
32
-4
31
11
8
-38
-22
46
-36
46
17
-6
80
-21
8
18
38
-40
13
70
-62
23
61
-47
-15
53
-55
-29
47
33
-21
32
-19
3
6
-93
20
68
-37
-30
106
29
-67
-22
39
-27
-40
-10
35
30
-21
17
34
12
-66
1
52
-42
-29
59
1
-13
-5
32
-57
-17
29
-26
0
45
4
21
-30
-31
35
-92
-39
29
32
-30
3
54
-10
-67
-12
5
-41
-32
-9
36
-2
-4
-4
67
-27
-82
77
-36
-72
44
40
-24
24
33
22
-45
3
5
-18
-14
1
43
33
-12
10
34
-43
-35
11
11
-7
23
57
1
-4
39
-34
-16
-8
4
2
2
-5
31
16
-43
35
15
-50
25
47
-23
41
-4
17
21
-48
-15
18
-34
-26
41
17
-1
6
42
-11
-19
11
-23
-10
5
7
9
9
2
-16
15
-42
-50
10
-35
-31
39
11
8
-15
22
-51
-43
-17
-36
0
9
51
-5
-7
-7
-21
-36
-41
9
16
-14
18
16
14
-57
-46
20
-45
-19
-4
37
31
-5
53
-9
-17
-6
-49
11
-14
23
13
21
47
-34
-3
-34
-31
20
-25
26
42
31
21
-13
60
-31
-49
41
2
22
21
47
35
22
14
-13
3
-13
-31
-3
38
5
24
61
33
-7
33
-8
-53
6
30
-10
2
47
18
20
-41
26
-7
-62
-6
5
17
-3
-15
21
4
-53
-40
-10
9
-36
48
33
15
18
-9
-7
-48
-31
-2
-44
10
42
6
-18
7
16
-59
-24
-3
-8
7
-3
16
46
-9
-49
12
30
-74
-2
37
-8
3
1
13
0
-22
-28
-11
-7
-38
2
21
3
9
-4
2
-26
-18
19
-12
14
39
31
0
15
29
-55
-15
2
-16
17
32
17
49
8
-42
-4
0
-47
-2
35
-15
47
21
7
11
12
-27
-20
20
-14
24
34
18
9
12
-36
-36
-9
-19
-45
35
24
-8
50
29
-11
-6
-3
-39
-16
12
-15
14
32
-1
0
34
-24
-22
19
-15
-18
20
13
-16
20
13
-49
-13
-10
-36
-3
4
9
24
13
11
-2
8
-37
-32
28
-16
0
20
23
-12
2
1
-19
-30
2
0
-1
23
13
11
16
-13
-17
-4
-28
-4
32
0
20
25
15
-5
11
1
-5
-11
-15
46
-27
-7
23
-39
7
0
-17
43
-15
-9
26
-26
-6
-3
14
-4
17
3
3
-1
-6
18
4
-23
-15
9
-24
-11
8
4
-7
6
11
8
0
-23
-2
11
-27
3
25
-6
21
18
-6
6
-30
-9
-5
-47
15
3
-9
17
24
-7
-5
-12
-29
18
-11
-10
30
1
-9
9
-2
-11
-14
5
7
2
2
7
1
-8
3
-12
4
0
2
4
14
22
-13
25
13
-11
13
-4
-3
19
14
6
6
6
-9
10
-4
-8
25
-15
-9
5
13
6
4
29
16
1
-12
-22
12
-38
-11
15
8
12
17
16
6
-5
-22
-11
1
-14
3
23
-5
12
-11
-2
-10
-18
-13
3
-5
17
23
-1
15
-8
-16
-24
-4
-4
-2
15
-1
6
3
-34
-7
0
-21
-11
12
10
-16
-2
1
-18
-12
-27
5
3
-3
12
16
18
-7
5
-6
-10
-23
-14
1
3
-8
5
6
-3
-9
1
6
-17
14
-2
5
4
-1
6
5
3
-11
12
4
-24
13
11
-19
-4
7
-5
-9
-13
-1
-8
-3
1
18
17
-4
-3
12
-16
-13
7
-2
15
4
14
11
-6
2
-16
0
-9
0
11
6
23
7
-5
-1
-13
-3
-4
-1
25
-2
10
7
7
-10
-22
-2
1
-6
-16
20
25
-9
-3
11
-10
-10
-9
-1
16
-7
-4
17
-4
-11
14
-23
2
9
-16
12
15
-1
7
15
-9
1
13
-20
5
25
-14
5
18
14
-21
-2
20
-30
3
14
3
26
-5
1
9
2
-17
-17
29
-14
-6
27
0
-1
9
12
-14
1
16
-15
3
2
-5
2
-12
2
6
7
-12
-8
22
-15
-18
10
9
-34
-1
13
-19
8
4
-3
15
-13
-16
6
-16
-18
-10
3
-19
-2
12
-3
-4
1
0
-22
-5
11
-20
7
1
-15
5
-18
-14
-1
-10
-7
8
13
3
1
11
-1
-21
-10
-1
-9
-3
7
4
0
-5
-3
-3
3
-15
14
22
-3
14
8
2
-11
-9
-4
-5
5
2
19
17
2
21
5
0
8
-8
-1
9
1
2
19
12
0
7
-2
1
-3
-12
9
7
7
8
16
11
2
-4
-1
5
-11
2
12
0
4
13
-6
1
2
-7
-6
0
-2
10
8
-4
5
-6
-13
-10
4
3
8
13
1
3
-10
-23
-3
-13
-15
-1
8
-3
6
6
-10
-6
-5
-17
3
-10
0
-4
-10
9
-13
4
-2
2
3
-9
-5
0
7
-7
-10
26
-15
-22
23
-5
-5
-3
3
2
-3
2
10
16
3
-13
15
-3
-14
0
4
5
-8
7
1
-12
2
3
-10
-1
12
1
1
9
-4
-7
0
1
5
17
-4
12
16
-11
-7
8
-8
-12
0
6
5
-11
4
10
-6
-9
5
13
-6
10
17
-3
3
-5
2
-5
-15
4
6
-1
0
13
6
-26
-6
-4
-18
-6
-1
4
5
0
8
7
-2
-1
14
4
-13
10
0
-7
2
-1
0
-4
2
3
3
-5
-3
3
0
-9
9
12
-7
4
17
-5
-3
7
-1
1
0
-2
7
5
-4
2
12
-17
-15
11
0
-4
9
7
-7
-5
-9
-6
1
-3
10
13
3
1
2
-8
-3
-8
0
3
3
10
10
-2
-1
-6
-14
-6
9
0
5
8
5
5
-5
-7
-5
-9
-5
-5
0
5
11
8
-2
8
-8
-3
7
-1
3
14
-1
-4
4
-6
-11
-7
-18
-4
-1
-3
6
10
5
0
5
4
1
-4
9
3
-2
-1
5
2
-1
-2
-7
-6
-11
-8
-2
4
-10
1
8
-5
0
-4
-4
1
-6
6
14
7
1
-1
0
-13
-12
-9
-5
3
-8
0
3
-8
1
-5
-14
-2
-2
-5
13
9
4
5
-4
-5
-8
3
-6
0
10
-3
14
4
-2
4
-11
0
-4
-3
9
4
11
-9
0
0
-1
8
-3
14
11
-3
18
2
5
3
-16
-3
-4
4
3
15
11
4
6
-6
-4
1
-4
-2
5
3
6
8
8
10
4
-2
2
8
2
4
9
1
-1
-1
-4
5
2
-13
-1
3
0
-2
9
12
-5
-4
-2
-1
-2
-4
5
7
0
-5
4
3
-7
-7
-12
-1
-7
-8
10
2
4
-4
-6
-5
-5
-16
-12
1
-4
-1
10
4
-6
-3
-19
-13
-6
-4
-7
6
3
-12
-10
-11
-9
-7
-11
-4
-4
-4
-13
-7
1
-17
-9
3
3
-4
6
-1
-4
-4
-7
0
10
-4
0
6
-7
-12
0
1
-8
6
6
9
10
17
12
5
2
-6
2
14
6
17
21
4
2
6
7
-8
7
13
1
14
16
10
14
13
-3
-5
7
-3
2
12
6
2
11
5
1
6
6
-6
-3
0
-2
7
4
-1
-8
-3
-9
-10
-7
-7
-3
-11
-8
-1
-1
2
-5
-9
-8
-17
-10
-7
-5
-1
-3
-2
-10
-9
-5
-14
-10
-10
-15
-2
-4
-7
-5
-10
-2
-3
-9
8
12
-1
-2
1
1
0
-5
-4
10
5
-6
17
13
2
9
2
-1