2
0
8
4
4
2
8
8
7
5
-1
7
0
-4
-6
-4
-4
-8
-11
-7
-5
-5
3
1
-1
1
0
0
5
12
6
7
8
2
3
-7
-1
4
0
2
-6
-2
-6
-5
-2
0
8
-1
3
9
5
2
7
4
10
6
7
9
6
7
-1
0
-2
-1
-4
-3
-2
-4
-3
-2
2
8
8
5
4
7
8
8
6
6
2
4
5
-2
-4
-1
-3
-6
2
-3
-2
-3
-1
1
1
6
-1
2
-2
-7
0
-4
-3
-7
-6
-6
-11
-7
-2
-4
-9
0
-2
-6
0
1
1
2
-3
-4
-3
-5
-2
-4
-9
-2
-3
-8
-1
-5
-10
-9
-8
-12
-6
-1
2
1
1
4
-4
-1
2
-4
-2
-2
-1
-2
4
-3
-6
-3
-2
-5
-7
-1
-4
5
4
0
3
4
9
4
2
-1
6
5
-1
7
1
0
8
8
0
-3
0
-6
-5
-5
-6
1
1
5
5
9
11
7
2
6
8
7
4
9
0
-3
-6
-8
-6
-1
-2
-4
1
7
10
6
10
12
12
8
11
8
12
5
3
4
-5
-2
-6
-5
-5
-12
-6
-4
-6
-1
3
3
9
15
14
16
16
11
16
12
9
8
3
-2
-7
-14
-14
-18
-29
-26
-25
-23
-18
-9
-5
-8
-5
-3
5
11
15
17
18
17
13
10
5
5
-4
-7
-7
-15
-19
-26
-24
-23
-26
-22
-16
-11
-4
-1
8
10
9
18
21
19
18
21
15
6
3
-4
-10
-15
-26
-27
-24
-27
-22
-23
-20
-14
-3
3
7
15
15
20
26
26
25
27
20
14
15
4
0
-8
-16
-22
-21
-23
-18
-25
-20
-19
-17
-3
-6
7
9
14
22
24
23
22
25
20
21
15
9
9
1
-8
-13
-24
-31
-30
-32
-25
-17
-17
-13
-8
2
13
19
24
33
38
39
37
38
29
18
15
6
1
-11
-20
-29
-39
-34
-39
-35
-29
-25
-13
-5
4
17
26
26
34
40
42
44
38
32
17
3
-9
-12
-25
-34
-43
-47
-44
-45
-39
-33
-23
-10
-2
9
29
29
37
37
34
43
41
33
27
18
6
-3
-12
-23
-36
-41
-46
-46
-40
-39
-28
-14
-11
3
13
24
33
48
49
51
49
51
41
22
16
1
-7
-19
-19
-33
-38
-38
-40
-38
-39
-29
-19
-10
-1
11
20
33
38
42
45
42
34
25
15
1
-3
-17
-21
-24
-40
-44
-47
-50
-44
-43
-38
-19
-12
-6
9
23
25
31
34
34
33
30
22
21
13
9
1
-6
-11
-19
-29
-37
-34
-42
-35
-32
-29
-18
-10
-6
8
19
19
31
35
40
44
36
33
24
15
15
0
-8
-16
-28
-31
-35
-36
-37
-32
-27
-16
-10
3
10
17
27
34
44
50
51
42
39
23
15
9
-4
-16
-23
-28
-37
-37
-40
-33
-27
-23
-17
-3
5
13
21
27
33
33
32
30
29
23
18
12
11
8
1
-11
-21
-21
-29
-37
-34
-37
-36
-26
-17
-12
0
10
11
18
25
27
28
25
23
18
14
13
5
-6
-11
-20
-31
-28
-36
-42
-42
-32
-31
-29
-18
-9
6
16
19
31
33
34
38
39
39
23
15
8
2
-12
-17
-24
-30
-36
-37
-31
-41
-31
-30
-15
-1
0
12
22
31
30
28
34
28
25
21
21
16
6
5
-3
-12
-24
-32
-33
-36
-42
-39
-27
-21
-16
1
13
18
28
31
37
39
39
43
36
33
26
18
12
-5
-14
-26
-34
-36
-38
-45
-44
-37
-31
-14
-5
7
13
23
28
35
44
40
46
40
33
22
14
7
-6
-14
-24
-33
-37
-37
-36
-31
-37
-32
-25
-13
-2
4
16
17
30
36
38
41
39
39
35
26
16
13
6
-4
-16
-29
-36
-39
-37
-38
-37
-34
-29
-23
-8
6
15
32
39
42
48
50
49
47
38
26
20
-1
-11
-18
-32
-40
-43
-49
-49
-50
-42
-34
-26
-12
1
11
18
31
37
33
36
34
32
28
14
9
1
-13
-24
-20
-31
-34
-30
-40
-38
-36
-26
-18
-8
5
14
16
19
26
27
34
29
30
20
17
12
4
-3
-12
-14
-24
-29
-38
-44
-37
-33
-29
-23
-17
-14
1
9
13
24
28
27
23
26
22
22
18
9
10
6
-3
-12
-18
-22
-27
-31
-33
-21
-21
-15
-2
3
7
10
16
31
28
29
31
29
29
18
13
7
-2
-5
-2
-11
-20
-22
-21
-24
-22
-12
-13
-9
-5
3
13
20
22
26
31
28
28
28
24
20
22
12
6
5
-8
-6
-16
-23
-25
-27
-20
-24
-24
-21
-23
-7
-5
2
16
13
16
24
20
25
29
22
17
6
4
-9
-15
-20
-30
-32
-32
-30
-24
-16
-19
-2
3
11
23
28
27
23
27
29
30
28
19
9
2
-8
-16
-16
-25
-29
-30
-26
-24
-23
-14
-12
-7
0
6
4
5
10
3
0
5
6
7
13
11
3
-2
4
-7
-7
-9
-21
-19
-17
-21
-21
-22
-18
-10
-9
0
3
12
17
21
19
16
24
24
22
16
12
5
-5
-8
-16
-26
-31
-29
-29
-24
-16
-19
-11
3
5
15
19
24
30
26
28
27
29
27
12
8
0
-5
-9
-15
-14
-10
-12
-11
-4
-4
4
8
4
9
16
10
8
2
8
5
2
5
-9
2
-1
-1
-6
-10
-2
-5
-9
-14
-15
-14
-12
-9
-5
-3
-2
-6
0
7
6
8
15
20
10
15
14
11
0
-7
-2
-11
-10
-18
-26
-24
-23
-17
-12
-11
-13
0
11
18
24
29
35
28
24
26
20
11
4
-2
-13
-20
-25
-28
-22
-18
-12
-9
-4
6
5
13
15
20
22
14
8
6
8
0
-2
-4
0
-3
-6
-6
-10
-6
-11
-9
-1
-3
-3
-7
-8
-2
-8
-6
-6
-10
-8
-5
5
5
2
9
8
7
5
8
8
7
-4
-9
-6
-21
-23
-20
-26
-22
-19
-10
-3
6
15
17
31
33
34
33
28
21
11
6
-3
-11
-12
-14
-22
-17
-19
-17
-6
-9
3
10
10
14
22
24
18
10
8
3
-3
-6
-7
-7
-9
-10
-8
-13
-13
-8
-11
-6
-5
-2
0
1
-5
-6
-7
2
0
0
-2
-10
-6
0
5
7
8
5
13
11
10
3
-2
-1
-12
-10
-16
-13
-11
-11
-9
-11
0
9
13
21
24
24
19
14
11
3
-4
-11
-15
-16
-20
-23
-19
-21
-20
-9
-7
8
18
16
19
22
19
15
12
5
1
1
-3
-7
-13
-11
-19
-20
-12
-10
-7
-3
6
-2
3
11
11
7
5
10
8
5
3
3
2
3
-1
-3
1
5
2
2
4
-3
-1
0
0
-4
-15
-11
-8
-13
-7
-6
-9
2
10
8
17
10
19
20
16
15
5
-1
-8
-15
-16
-21
-21
-25
-29
-23
-22
-14
-7
2
10
16
13
15
25
19
24
21
24
15
2
-1
-9
-9
-13
-11
-16
-25
-14
-8
-4
-4
3
7
7
11
16
19
16
17
17
18
15
6
1
-1
5
-1
-8
-12
-10
-4
-9
-5
-9
-11
-10
-5
-5
-6
-4
-6
2
1
3
5
5
11
12
11
15
14
13
5
-4
-5
-16
-18
-14
-22
-23
-24
-26
-20
-11
-5
1
9
16
19
30
26
19
19
9
8
3
-7
-10
-24
-32
-27
-29
-31
-29
-17
-13
-3
0
11
16
14
21
22
21
20
14
8
7
-5
-7
-11
-15
-13
-15
-8
-6
-3
3
5
-3
3
7
0
3
5
0
-2
-3
1
-1
0
7
1
5
9
4
8
5
2
-3
-3
-5
-14
-20
-17
-13
-16
-17
-7
-2
4
6
10
14
12
18
18
13
9
10
2
-3
-10
-11
-13
-16
-13
-17
-9
-7
-1
-1
4
15
19
28
29
28
26
27
19
15
10
-1
-8
-12
-9
-11
-15
-13
-9
-10
-1
3
1
8
7
7
4
6
13
0
3
3
-2
-3
-1
1
-1
-5
2
-1
1
1
-1
0
-6
-6
-9
-6
-10
-12
-9
0
0
0
4
3
1
7
8
8
13
7
3
-4
0
-4
-7
-3
-12
-16
-13
-17
-9
-10
-9
-2
-5
1
6
13
13
8
10
12
4
-5
-7
-7
-15
-16
-21
-23
-21
-12
-12
-9
-6
-8
-6
6
13
10
15
13
12
11
9
9
12
14
6
2
0
-2
-3
-5
1
-2
-10
-5
1
0
5
5
12
4
0
0
-1
5
8
9
5
4
1
0
-4
1
-2
-10
-7
-6
-12
-6
-5
-7
-5
0
-2
-1
4
10
9
10
13
9
14
13
10
7
3
2
3
-1
-2
-6
-9
-11
-18
-15
-10
-9
-11
-5
-3
-3
3
2
5
11
11
10
12
11
15
13
4
5
-1
-1
0
-8
-12
-11
-6
-6
-3
-9
-13
-7
-2
4
0
4
6
8
15
10
12
14
11
6
4
0
-10
-9
-17
-18
-13
-9
-11
-11
-8
-6
-4
-5
2
3
8
10
14
15
17
21
16
12
3
3
-1
-9
-11
-13
-17
-13
-17
-22
-14
-11
-7
-5
1
-2
9
13
10
15
18
17
15
15
15
16
10
10
9
5
-1
-2
-6
-7
-11
-17
-12
-22
-16
-12
-15
-8
-9
-7
-1
3
9
12
16
12
12
9
1
-1
-10
-13
-19
-22
-26
-22
-25
-24
-12
-11
-6
-1
5
10
15
23
24
23
23
18
16
11
3
1
-5
-5
-15
-16
-17
-13
-10
-14
-6
-7
-3
3
4
5
13
6
12
18
12
11
14
13
15
9
3
5
3
3
3
6
3
-7
-10
-11
-12
-10
-8
-9
-8
-6
-5
4
15
4
9
11
11
23
16
18
7
2
-6
-10
-9
-16
-13
-19
-14
-16
-11
-9
-4
1
2
10
11
20
21
24
23
12
14
4
2
-8
-16
-15
-21
-17
-19
-24
-21
-15
-12
-7
-9
-12
0
2
2
9
9
11
14
13
9
9
7
3
3
7
-7
-5
1
-8
-3
1
-6
-9
-11
-14
-11
-15
-11
-7
-7
-1
0
0
-1
-2
6
7
7
4
2
2
-2
-4
-5
-9
-5
-8
-14
-20
-17
-9
-3
-3
5
11
16
17
21
26
23
21
17
19
12
0
0
2
-14
-14
-10
-13
-9
-9
-10
-6
-4
-9
-4
-2
5
10
11
11
15
15
9
11
8
11
5
2
-2
3
1
0
3
-6
-2
-9
-14
-11
-6
-8
-8
-2
3
4
0
1
2
5
11
10
10
4
3
7
5
-5
-1
0
-6
-8
-10
-10
-10
-12
-1
0
-7
9
11
12
15
12
14
12
10
4
3
0
-10
-3
-10
-8
-10
-13
-7
-10
-1
-6
-12
-11
-7
-11
-2
-2
-7
2
2
5
1
5
3
-1
1
0
11
7
3
6
-2
-7
-14
-10
-5
-13
-16
-7
-10
-9
-3
0
6
6
2
5
3
-2
1
-4
2
0
0
-6
-4
-5
-7
-5
-12
1
1
0
0
3
6
9
9
12
19
8
13
16
19
16
12
10
5
6
1
0
1
-6
-3
6
7
2
-4
-3
-3
2
0
-2
-1
-1
-5
-6
5
1
-3
1
3
3
3
9
9
7
7
4
1
-2
-1
-2
-12
-3
-12
-11
-5
-6
-4
-4
3
1
-5
5
1
-3
-3
-4
2
-5
-9
-4
-6
-1
0
0
6
-5
-6
2
0
1
7
2
6
2
3
4
-3
8
-1
-1
11
1
3
7
1
5
3
11
4
11
7
-1
1
-6
2
-14
-3
-7
-13
-7
-8
-9
0
-9
-3
7
-2
11
9
8
8
8
4
-3
3
-4
-5
-1
-13
-4
-1
-17
-6
-17
-8
-3
-11
-6
-9
-8
1
0
-4
0
-8
-2
-8
4
2
-3
-4
-2
6
-1
6
-6
2
-4
-4
6
-11
3
-3
-6
8
-6
-1
8
-2
14
11
5
21
9
18
12
3
5
6
13
-6
6
-3
-8
-6
-14
13
-3
8
-2
-6
14
3
13
15
14
22
13
9
17
12
-1
3
5
1
3
-10
-1
-10
-16
-14
-11
-11
-22
-2
-17
3
-5
-6
13
-10
4
-13
9
-3
4
-1
-2
4
-5
14
-10
9
-12
7
-13
-3
3
-12
6
-20
15
-12
7
-2
-1
2
-6
21
-9
28
-9
21
-2
5
11
-11
24
-22
15
-24
-5
-11
1
-1
-13
10
-13
30
-25
15
-5
8
17
-5
32
-15
27
-19
5
-4
-14
3
-26
4
-24
1
-14
-8
-9
-13
-11
2
-12
-1
-1
-21
18
-11
18
0
10
12
5
12
-4
11
-13
1
-6
2
-18
2
-15
1
7
-14
12
-28
14
-28
-2
2
-8
28
-13
26
-11
15
10
-13
17
-18
10
4
-4
-1
-3
-10
-12
-4
-3
4
-4
10
-8
24
2
4
30
-11
49
-6
24
18
-7
37
-39
41
-30
3
3
-33
27
-40
15
-18
-1
-8
5
-3
11
-2
-3
25
-18
48
-47
52
-20
1
49
-52
65
-37
36
-8
-10
25
-40
32
-30
-7
7
-28
16
-18
-5
19
-30
29
-10
1
16
-31
33
-21
-5
25
-34
23
-23
-17
16
-44
31
-41
18
-9
-44
55
-74
51
-11
0
58
-19
45
3
16
26
-9
13
6
-27
28
-35
2
-17
-42
27
-73
38
-61
10
-4
-52
60
-76
55
-36
12
27
-28
43
-4
4
25
-9
13
24
-54
74
-80
43
-22
-27
56
-97
61
-59
13
-2
-17
11
-17
-3
0
4
1
41
-34
63
-39
44
-11
-1
25
-70
53
-86
40
-45
-7
-1
-50
43
-57
46
-28
22
8
14
3
22
24
-11
71
-43
61
-26
11
7
-16
18
-24
10
-31
2
-30
4
-27
9
-29
9
-4
-24
59
-33
40
17
-5
44
-6
39
-1
29
0
1
30
-57
48
-50
14
-8
-25
12
-41
28
-37
20
-23
27
-21
47
-21
24
27
-63
111
-103
82
-38
-30
48
-74
46
-79
19
-40
-38
25
-61
9
-6
-25
33
19
-22
92
-58
88
-9
24
52
-31
82
-82
95
-79
39
-7
-65
56
-83
23
-51
-3
-40
20
-63
51
-44
18
31
-64
131
-111
119
-34
7
66
-53
68
-23
23
-12
-3
-27
-6
-8
-22
-10
-33
-21
-24
16
-49
39
-23
12
1
2
26
-4
24
-15
37
-10
8
-7
-12
-27
0
-39
7
-25
-13
18
-57
46
-51
45
-16
8
47
-18
53
-4
37
0
64
-53
76
-40
12
16
-60
46
-74
58
-105
88
-101
18
16
-102
123
-119
128
-72
77
-8
28
45
-30
89
-65
104
-84
69
-66
52
-55
25
-20
-42
76
-133
118
-144
95
-70
13
20
-49
108
-106
143
-92
99
-22
16
43
-23
49
-41
46
-55
44
-69
12
-16
-40
24
-73
65
-81
61
-38
12
33
-26
82
-64
148
-93
101
-8
-43
118
-160
133
-110
12
25
-81
60
-76
30
-47
28
-29
3
10
-23
16
-13
28
-34
74
-63
80
-32
5
44
-100
141
-179
148
-113
-4
72
-217
224
-246
147
-49
-56
137
-129
109
-12
-33
95
-56
11
100
-158
185
-159
64
22
-98
106
-79
6
2
-40
-2
22
-74
73
-71
64
-17
16
48
-26
104
-88
152
-88
78
5
-48
56
-54
-13
22
-69
37
-28
-62
78
-153
155
-128
84
21
-99
187
-182
157
-39
-4
82
-28
-10
74
-42
-19
103
-162
172
-130
58
6
-81
93
-127
106
-109
77
-51
9
44
-83
148
-145
117
-39
-54
153
-201
164
-86
-50
138
-199
167
-96
-21
88
-140
98
-39
-17
73
-83
74
-8
-8
21
15
-17
47
6
-41
104
-96
65
-19
-25
12
-13
-56
39
-72
14
21
-111
141
-178
141
-37
-84
210
-244
225
-113
32
39
-35
20
1
35
-101
177
-211
168
-97
-2
44
-85
31
-44
-11
-21
25
-95
131
-121
113
-20
-42
127
-124
104
-12
-46
98
-67
2
101
-170
178
-131
39
28
-102
97
-98
70
-112
105
-111
81
7
-70
143
-113
97
-9
-16
73
-62
61
-14
-46
92
-168
134
-116
-25
98
-191
141
-69
-69
129
-111
40
66
-114
128
-58
6
56
-36
31
37
-31
58
-18
17
-29
44
-88
53
-15
-96
155
-219
153
-62
-78
159
-165
122
0
-26
75
-6
-17
81
-53
11
53
-77
91
-94
90
-92
46
5
-95
144
-145
64
49
-180
215
-182
64
76
-166
181
-84
-12
140
-138
95
25
-111
138
-146
110
-136
134
-171
44
113
-366
490
-502
297
6
-277
400
-358
190
-28
-74
82
-18
-37
75
-54
40
13
-26
58
-112
147
-153
84
20
-162
271
-340
286
-156
-18
168
-239
248
-183
118
-36
0
65
-125
225
-257
248
-144
2
130
-156
125
-36
-16
25
37
-155
235
-283
222
-139
-18
132
-201
189
-119
49
1
19
-41
29
64
-180
252
-261
136
6
-142
168
-161
95
-59
73
-119
105
-48
-62
162
-240
250
-218
177
-107
49
33
-105
213
-246
242
-125
6
139
-188
155
-51
-67
130
-119
43
30
-82
78
-32
-2
-22
77
-151
208
-206
131
-30
-77
170
-199
194
-124
86
-38
34
-35
49
-32
-50
121
-169
129
-67
-35
94
-110
87
-42
21
-17
2
34
-58
85
-82
12
62
-113
117
-57
-18
93
-118
112
-93
74
-57
5
49
-128
207
-226
200
-100
-48
175
-252
226
-160
38
27
-63
42
-8
-4
20
-1
5
-29
58
-93
100
-77
26
27
-87
122
-155
150
-136
101
-29
-15
80
-145
199
-258
253
-217
81
23
-130
151
-130
161
-198
261
-257
183
14
-218
320
-275
112
22
-74
29
38
-34
-10
117
-157
107
50
-136
120
49
-233
317
-248
45
146
-240
246
-153
91
-8
-13
32
-36
50
-94
87
-121
77
-68
11
53
-60
36
15
-14
-25
119
-211
261
-312
263
-212
77
62
-213
331
-402
435
-313
141
84
-227
260
-219
107
-58
43
-81
116
-124
99
-32
-7
50
-23
30
-17
45
-102
149
-160
82
79
-215
278
-194
62
79
-126
96
-25
-14
45
13
-83
168
-245
247
-234
131
14
-174
299
-356
359
-247
133
21
-181
289
-346
344
-312
237
-119
-47
160
-285
316
-315
283
-197
99
-7
-82
125
-183
204
-221
193
-115
28
76
-145
204
-186
135
-65
27
-18
-6
11
-74
88
-126
107
-73
-1
71
-99
109
-92
103
-147
185
-209
158
-96
0
49
-94
100
-86
122
-138
140
-101
36
-16
30
-77
98
-86
6
101
-216
337
-369
330
-212
91
51
-142
234
-247
225
-188
124
-73
-4
28
-12
-3
42
-26
3
64
-95
89
-16
-104
194
-239
174
0
-181
373
-469
499
-408
274
-113
-55
206
-352
421
-433
324
-161
-3
113
-127
96
-31
-22
39
2
-45
71
-61
53
-88
131
-174
178
-147
75
46
-187
288
-326
260
-155
10
76
-112
90
-89
68
-75
26
65
-145
196
-117
4
107
-172
186
-181
181
-210
186
-149
32
117
-243
273
-223
132
-43
-6
44
-51
113
-190
253
-273
240
-89
-95
308
-405
487
-405
253
-20
-175
262
-294
256
-276
275
-272
158
30
-222
358
-353
227
-22
-106
183
-159
136
-79
13
80
-213
293
-376
345
-232
63
115
-213
192
-172
123
-208
294
-389
348
-241
23
212
-406
491
-460
395
-286
167
25
-223
375
-465
387
-213
-54
259
-364
312
-135
-25
109
-121
101
-112
125
-130
98
-22
-56
127
-119
65
76
-177
251
-244
246
-181
116
-21
-50
65
-98
84
-108
142
-190
217
-241
220
-180
180
-127
58
92
-220
277
-246
159
-90
40
-33
15
38
-6
-60
155
-201
133
13
-282
486
-605
513
-323
92
162
-327
430
-405
367
-242
132
6
-117
206
-261
224
-157
41
73
-246
398
-412
327
-145
-2
68
-119
136
-255
358
-395
295
-92
-66
143
-39
-14
60
32
-154
229
-252
211
-190
123
-105
62
19
-121
245
-287
269
-147
-36
166
-214
142
-30
-69
41
73
-183
259
-140
2
199
-308
349
-348
220
-136
8
55
-197
334
-470
514
-390
198
91
-239
352
-341
237
-128
-11
38
-119
138
-157
89
79
-211
265
-190
-14
211
-410
508
-536
360
-150
-164
374
-520
553
-397
201
73
-251
377
-376
280
-87
-177
367
-477
386
-239
-22
268
-478
562
-449
327
-215
227
-187
57
152
-321
341
-284
244
-229
332
-437
409
-219
-87
376
-468
411
-244
98
-20
-84
137
-172
105
-88
47
145
-296
535
-536
342
-56
-187
323
-400
487
-470
339
-205
-50
160
-157
27
221
-306
321
-124
-89
202
-328
326
-336
243
-89
48
-8
39
23
-97
89
32
-53
-1
244
-507
454
-526
155
46
-185
364
-254
297
-295
336
-385
317
-249
214
-77
-67
240
-279
186
-107
12
64
-42
161
77
-257
430
-567
330
-223
-2
155
-168
205
-176
91
-118
59
-15
62
-39
125
-108
-58
95
-201
111
-48
22
63
-98
175
-108
-65
188
-304
275
-242
225
-111
49
70
-209
275
-433
620
-634
560
-182
-254
580
-756
611
-415
251
-172
84
82
-331
479
-464
288
-133
109
-168
192
-79
13
-17
33
-18
-271
581
-745
666
-276
-171
480
-626
482
-202
4
128
-41
-41
43
36
-119
236
-136
-35
345
-410
294
-15
-81
-12
262
-327
140
122
-389
460
-439
174
44
-306
249
-5
-362
430
-317
-79
268
-380
362
-250
188
-293
411
-470
248
167
-334
418
-214
188
-232
337
-364
374
-258
101
247
-355
427
-234
132
-54
23
126
-294
449
-396
224
26
-375
560
-816
646
-282
-91
461
-604
583
-526
223
-85
1
-55
48
-10
-81
71
-46
-37
-120
158
-193
248
-184
138
43
-357
408
-412
283
-65
45
183
-79
172
-93
67
-119
113
64
-2
161
113
-137
154
-124
3
55
-196
342
-371
406
-231
-211
293
-708
373
-215
-69
215
-112
-21
-131
106
-412
252
-206
25
215
-137
39
-39
-158
-16
147
-239
482
-171
166
133
-213
207
-98
-146
282
-72
175
115
-151
114
-152
-2
56
70
13
212
-93
51
55
-151
50
-110
148
-98
254
-161
-18
122
-381
376
-286
78
120
-334
304
-229
34
-104
22
-163
-12
107
-214
275
-318
79
164
-231
320
-76
-121
257
-210
176
85
78
25
108
144
-260
455
-403
91
205
-394
420
-223
-56
47
-166
-99
213
-280
214
10
-229
208
-262
16
-149
40
-157
114
-76
-114
163
-322
75
99
-251
292
-228
26
89
-233
264
-179
123
32
1
191
-146
283
-51
134
133
40
116
42
17
-10
150
-71
227
-81
112
-61
-137
23
-141
-63
-55
-93
-27
-154
-153
-207
-179
-182
-156
-37
-9
-137
-47
-29
-119
73
39
133
186
101
392
197
421
253
474
358
431
445
464
441
188
195
-89
12
-178
-107
-274
-85
-567
-339
-506
-808
-512
-955
-658
-767
-776
-619
-746
-650
-575
-570
-238
-211
-94
152
63
318
380
512
573
763
825
984
1227
1040
1084
1050
1159
1292
1323
1368
1086
464
126
203
392
332
198
-100
-220
-710
-1063
-874
-1163
-1353
-1369
-1352
-1047
-1267
-1502
-1790
-1902
-1703
-1442
-806
-643
-453
-655
-587
-243
-361
211
327
767
837
989
1113
978
908
988
1347
1504
1766
1654
1611
1493
1574
1806
1798
1900
1829
541
-415
-223
558
695
-67
55
-36
-818
-1646
-1476
-1149
-1695
-2195
-2014
-1000
-1043
-1585
-2611
-2528
-2405
-1836
-810
-219
461
-611
-1012
-847
-281
-19
-56
818
1163
1059
933
917
525
172
796
1510
1875
1596
760
588
532
648
1087
1185
1607
1750
1875
2147
2162
844
-1328
-1258
358
1756
1168
515
268
-1210
-2215
-1765
-357
-410
-1425
-2071
-1099
-851
-1749
-2553
-3044
-2321
-1636
-593
433
680
-575
-1677
-1241
240
739
268
298
711
490
-118
357
270
86
-106
922
1679
1209
212
-563
-225
-94
1036
1204
1399
596
305
677
1383
2288
2182
2297
1393
148
-534
358
1286
1157
136
563
442
-443
-1325
-1119
-719
-1651
-1800
-1338
-123
-1044
-2218
-3209
-2556
-1967
-1250
-67
411
334
-1468
-1359
-953
348
-231
-280
448
441
477
-365
244
-136
-214
515
1419
1796
608
-49
-151
242
772
1267
1526
1058
848
1215
1748
2221
2551
1960
827
-682
-75
1273
1690
577
-39
186
-463
-935
-1255
-207
-1047
-2101
-2240
-855
-316
-1712
-2658
-2843
-1836
-1804
-615
17
237
-1051
-1686
-666
221
418
-391
246
306
327
-153
232
131
-206
68
1115
1803
887
139
-407
475
767
1301
1310
1304
1125
971
2037
2675
3077
782
-996
-743
1270
2234
1108
421
37
-609
-1639
-984
198
-474
-2569
-2941
-1109
-237
-1294
-2803
-2633
-2026
-1588
-630
638
672
-1258
-1854
-595
1552
1426
198
-16
168
499
-142
434
481
-139
-547
492
1604
695
-647
-1193
-95
574
1067
872
566
31
66
1275
2656
3239
1999
-208
-1161
327
2341
2112
765
492
334
-224
-904
54
33
-1617
-2872
-1538
382
-441
-2235
-3104
-2135
-1567
-722
211
411
-901
-2134
-1170
321
1307
480
0
93
513
238
-380
-361
-557
-411
220
1320
1021
-303
-1447
-818
423
1032
953
567
465
227
939
2223
2971
2538
949
-541
20
2018
2831
1340
290
690
547
-408
-607
170
-615
-2338
-2618
-600
-77
-1660
-3079
-2439
-1686
-1676
-942
-324
-380
-1601
-1733
-715
893
1009
70
-225
398
732
-75
-191
-56
54
-92
823
1446
806
-435
-713
263
961
1060
851
534
218
783
1592
2427
2428
2036
-78
-1061
411
2901
2206
-76
-58
274
4
-1299
-120
-72
-1480
-3129
-2070
298
-458
-2369
-3237
-1923
-1395
-782
-281
96
-678
-1921
-1459
304
1821
848
-125
26
546
160
1
480
-78
-277
398
1483
1237
-117
-800
-582
716
1052
1372
787
298
208
841
2124
2608
2145
-888
-1514
510
3456
2147
-162
-209
-221
-549
-1047
1128
590
-1941
-4163
-1897
870
127
-1848
-2772
-1598
-1996
-948
419
1016
-837
-2485
-1332
784
1727
301
-346
-76
357
332
358
621
-290
-822
6
1329
1272
-213
-1266
-1002
605
1267
1329
551
-144
-72
859
2397
2834
2157
-747
-1903
211
3760
3699
596
-653
-574
-334
-398
1283
1386
-1068
-4209
-2749
728
970
-1482
-3021
-2091
-2056
-1310
-82
766
-1182
-3111
-2014
628
1820
74
-1108
-998
-125
222
1066
912
-381
-1123
-122
1729
1708
506
-1255
-800
654
2119
2078
1034
182
-323
1127
2793
4020
1356
-1716
-1921
1185
3555
2424
1145
-471
-1500
-1967
520
2066
316
-3261
-4108
-1312
591
576
-1510
-2446
-3350
-2470
-317
1634
999
-1929
-2777
-1125
1327
1354
485
-189
-515
-624
268
1334
639
-776
-944
524
1443
996
-324
-1236
-798
565
1668
1351
567
-121
-57
1280
3086
3225
-227
-2252
-581
2877
3187
1821
1140
-584
-1958
-1328
2109
2531
-359
-3744
-3274
-903
381
195
-936
-2076
-3374
-2137
-269
1392
-218
-2229
-2592
-456
1216
482
167
-413
-701
-1232
513
1171
457
-586
-296
723
999
778
-337
-367
-117
1193
1490
1494
896
351
654
1966
3253
1237
-1142
-929
2098
2449
1367
1371
693
-1283
-1939
869
2177
261
-2897
-3115
-1725
-732
-465
-528
-1282
-3067
-2864
-1102
689
-45
-1529
-2175
-1225
59
295
418
305
-376
-963
-15
787
585
194
432
421
558
781
435
-14
376
1306
1118
861
1033
1226
1241
1571
2725
1601
-957
-1121
1555
3024
1511
840
401
-805
-1801
25
1770
715
-1882
-3138
-2126
-1063
-616
-1025
-1139
-2349
-2711
-1668
38
156
-1182
-1908
-1427
-118
210
474
204
-260
-696
-15
776
612
244
411
346
343
853
725
-25
213
1051
1080
655
633
1088
994
1546
2199
2312
-132
-1385
122
2667
2778
1227
692
-541
-995
-656
1567
1640
-169
-2797
-2861
-1055
-177
-387
-1236
-1812
-3296
-2508
-701
549
-705
-1845
-2080
-1324
-217
286
166
-822
-1137
-602
579
652
527
204
-151
-362
765
1319
601
-33
536
931
523
748
775
862
869
1849
2158
1900
250
-690
169
2091
2870
1787
772
-331
-242
120
1251
1402
493
-1412
-2097
-960
7
20
-849
-1772
-2598
-1950
-942
-196
-383
-913
-2088
-2067
-865
123
-116
-766
-848
-1038
-508
-145
366
121
-295
-676
-239
373
205
88
-100
-69
-167
187
406
567
725
903
994
831
561
479
1212
1926
1790
1253
726
491
843
1519
1591
1131
590
-38
-281
75
668
337
-481
-803
-682
-575
-743
-533
-347
-536
-932
-583
-314
-641
-1039
-614
-281
-524
-494
-573
-565
-975
-829
-560
-445
-674
-922
-752
-679
-819
-1006
-865
-798
-523
-156
248
50
-289
-303
60
635
997
1386
1164
556
339
1109
1542
1283
998
1163
874
496
853
1310
1043
373
474
636
595
300
535
693
522
330
339
212
-119
210
165
-84
-447
-288
-339
-590
-600
-738
-909
-1212
-1114
-978
-850
-1146
-1479
-1517
-1420
-1224
-1014
-843
-870
-1129
-1089
-776
-336
-190
-153
119
142
-66
-23
507
740
647
688
735
485
459
690
1031
1098
1095
1000
708
598
584
944
1047
1133
987
721
496
618
1017
914
534
198
240
504
607
471
-58
-481
-571
-480
-160
-124
-435
-1104
-1387
-1246
-828
-648
-880
-1202
-1387
-1086
-847
-566
-510
-488
-733
-818
-414
-183
-179
-348
-134
0
-191
-319
-134
-125
-271
-10
429
408
-16
-192
112
383
503
760
854
662
341
505
1129
1344
931
578
659
886
880
871
799
436
122
91
442
417
146
-295
-496
-300
-33
208
-96
-439
-607
-577
-367
-49
244
-34
-510
-640
-392
-232
-376
-345
-181
-272
-567
-623
-577
-567
-717
-538
-127
-219
-550
-789
-511
-404
-260
90
347
98
-434
-149
337
536
227
188
306
347
329
530
710
396
175
193
489
406
206
17
26
201
496
583
257
-38
-113
39
246
521
563
309
-60
-2
312
382
82
-7
248
256
-30
-138
-99
-296
-525
-234
89
-110
-610
-751
-539
-514
-323
-88
73
-381
-599
-275
-23
-147
-337
-157
-169
-100
-41
146
-117
-310
-292
-53
-53
-168
-278
-412
-339
-278
177
135
108
-85
20
173
537
836
665
499
415
625
704
818
695
633
412
409
366
347
189
31
20
-8
68
-188
-410
-540
-424
-387
-231
-28
-130
-530
-485
-231
-142
-249
-263
-94
-248
-322
-300
-46
-203
-412
-379
-199
-319
-438
-468
-533
-442
-229
3
-131
-65
-128
-168
-62
340
683
622
590
599
628
450
444
782
980
759
573
578
525
310
326
393
418
258
36
-102
-101
-35
-114
-111
-207
-237
-225
-42
-78
-274
-461
-459
-346
-279
-221
-356
-456
-752
-736
-685
-683
-698
-778
-877
-974
-759
-638
-620
-563
-374
-367
-386
-182
67
204
323
587
715
566
364
586
988
1092
952
913
774
608
621
851
939
808
540
385
452
521
617
536
424
136
110
397
464
273
23
-56
-63
-24
36
-63
-344
-634
-735
-608
-586
-648
-836
-1029
-1182
-1132
-907
-953
-998
-937
-817
-807
-765
-754
-710
-611
-293
25
93
-67
-308
-173
131
476
515
463
315
241
430
583
777
647
533
535
729
840
864
859
654
562
669
970
1020
739
464
454
538
665
766
671
368
-44
-108
-15
101
73
-147
-421
-621
-616
-649
-672
-657
-705
-745
-814
-844
-852
-896
-893
-714
-499
-527
-588
-619
-503
-378
-192
-217
-298
-370
-357
-290
-170
-33
-129
-85
-86
-10
21
124
189
179
304
450
678
686
608
518
580
761
1021
1174
1005
716
536
549
544
729
832
565
223
26
110
121
164
98
42
20
-125
-121
-119
-159
-303
-263
-97
-117
-272
-471
-485
-409
-403
-425
-462
-624
-899
-974
-750
-655
-706
-737
-732
-728
-732
-613
-527
-421
-374
-241
-87
7
37
-33
0
104
393
496
417
321
286
278
307
550
688
614
478
419
451
534
674
782
754
683
558
540
561
669
692
583
439
351
269
111
161
256
250
37
-56
-149
-354
-429
-363
-282
-327
-400
-463
-551
-713
-685
-663
-627
-601
-543
-572
-743
-717
-693
-576
-492
-281
-263
-409
-447
-364
-238
-176
-40
44
70
-10
-72
-52
62
169
231
319
389
374
160
167
436
554
516
564
708
573
376
499
749
763
626
666
644
463
297
333
428
322
229
169
107
19
-26
-76
-101
-147
-211
-233
-259
-293
-406
-417
-375
-295
-303
-394
-479
-569
-547
-502
-468
-473
-492
-601
-685
-677
-494
-432
-393
-332
-289
-323
-341
-125
19
58
56
200
240
200
192
293
400
428
444
410
382
303
378
416
488
486
465
434
442
477
486
513
446
446
449
479
376
204
85
50
87
165
117
-103
-354
-478
-382
-254
-200
-276
-463
-611
-587
-459
-428
-454
-367
-385
-487
-518
-341
-244
-372
-368
-219
-132
-209
-237
-194
-147
-110
-13
76
41
-16
32
96
172
223
239
245
291
401
441
437
410
389
362
475
564
538
358
243
242
286
395
304
152
-104
-150
-96
19
83
-40
-213
-378
-335
-297
-257
-259
-281
-341
-419
-371
-255
-225
-264
-276
-199
-128
-123
-96
-101
-114
-131
-56
3
-26
-83
-71
-10
33
-5
11
76
117
156
198
260
172
157
250
403
487
426
315
257
299
378
375
316
159
-12
-51
-1
87
59
-66
-258
-339
-286
-244
-215
-180
-212
-282
-284
-232
-168
-157
-141
-142
-81
-103
-161
-133
-73
-93
-161
-157
-169
-205
-186
-107
-94
-166
-198
-106
-2
55
61
104
121
98
166
296
413
398
331
282
338
414
409
366
334
247
135
98
173
170
79
12
-41
-70
-130
-118
-106
-58
-92
-126
-136
-106
-82
-85
-51
-35
-54
-155
-164
-124
-51
-113
-166
-213
-311
-327
-251
-147
-223
-324
-312
-216
-165
-92
-71
-55
-102
-82
45
196
251
184
137
114
216
283
328
245
153
79
65
159
264
254
124
49
14
64
62
112
115
109
71
45
85
70
57
54
83
121
113
70
-40
-126
-67
-46
-12
-37
-93
-211
-261
-197
-217
-205
-201
-120
-120
-172
-155
-108
-74
-83
1
79
60
-11
-29
-16
16
93
108
39
-49
-84
-107
-61
17
13
-38
-81
-100
-112
-24
-9
-51
-67
-32
32
32
13
10
60
20
56
162
198
100
49
141
148
144
123
124
64
42
46
42
79
47
37
14
9
1
18
64
98
156
115
58
27
49
91
89
140
126
77
-35
-102
-127
-71
-67
-85
-98
-191
-272
-283
-189
-179
-168
-181
-178
-180
-157
-110
-127
-145
-135
-96
-50
-9
-2
-52
-108
-67
50
66
2
-27
-50
-68
-40
91
158
121
52
61
83
116
204
257
262
214
201
187
231
240
240
212
215
192
111
72
66
72
21
32
-26
-77
-126
-90
-35
-46
-68
-112
-147
-177
-105
-86
-143
-173
-160
-180
-167
-100
-89
-214
-247
-127
-49
-55
-88
-108
-174
-209
-130
28
66
-8
-70
-48
-19
21
108
143
120
89
95
138
188
173
152
162
212
173
135
172
151
102
90
144
124
78
30
-3
33
39
32
-15
-22
-27
-37
-47
-78
-83
-128
-126
-55
28
-22
-151
-176
-155
-100
-60
-17
-69
-201
-241
-201
-98
-74
-108
-140
-158
-156
-116
-34
13
-18
-51
-18
39
92
103
129
129
105
70
108
163
167
145
121
92
70
68
69
97
100
74
12
31
72
93
63
49
71
26
9
35
120
101
19
-7
-8
-7
8
48
16
-61
-117
-108
-103
-89
-81
-104
-142
-157
-152
-133
-104
-77
-75
-109
-107
-47
-21
-34
-17
-10
-38
-62
-21
23
34
19
-1
-12
-3
32
32
53
48
3
-33
39
124
148
102
82
91
65
88
143
191
130
98
91
86
94
128
156
52
-12
-8
14
-13
-37
-33
-67
-120
-128
-91
-100
-136
-150
-123
-128
-119
-98
-43
-44
-80
-97
-79
-32
-30
-14
17
-4
-58
-58
-9
38
15
8
-33
-88
-86
-21
75
48
7
-7
2
21
73
147
128
81
92
104
102
134
158
123
59
50
80
92
49
0
-34
-48
-61
-29
-24
-41
-92
-108
-93
-55
-2
-12
12
2
-13
-63
-45
10
20
-10
-30
-35
-76
-90
-107
-83
-66
-62
-116
-127
-86
-38
-9
-13
15
-12
-32
0
98
141
76
57
87
109
103
120
130
69
9
26
64
71
30
-6
-31
-43
-36
15
57
17
-30
-35
6
28
52
65
83
65
20
6
26
69
63
34
-21
-53
-83
-72
-38
-31
-51
-134
-189
-166
-90
-52
-72
-63
-63
-92
-89
-19
44
14
-29
-9
44
48
32
48
34
-33
-59
8
34
24
-8
-18
-40
-39
-5
46
70
35
4
-9
32
77
116
119
113
94
75
69
100
150
141
83
24
4
-12
3
4
-4
-58
-108
-107
-90
-69
-70
-71
-82
-81
-55
-24
-11
-20
-26
-19
-12
13
36
48
27
-8
-45
-47
-37
-19
-10
-36
-69
-110
-115
-93
-37
-21
-36
-63
-56
-14
24
86
101
93
58
52
77
122
158
121
59
12
-1
11
36
50
3
-65
-87
-62
-39
-36
-35
-21
-47
-58
-19
23
18
-12
29
53
64
57
47
42
16
24
8
5
-4
-16
-24
-34
-58
-88
-92
-63
-18
3
-20
-57
-62
-30
15
50
96
79
27
1
53
120
124
92
49
13
-18
-7
28
31
-35
-91
-87
-52
-44
-34
-40
-58
-72
-48
-3
28
28
-19
2
45
75
53
63
50
15
23
43
60
13
3
-4
1
-19
-34
-37
-60
-62
-31
-18
-52
-59
-41
-21
-7
37
19
-25
-27
29
77
80
68
-3
-46
-44
10
41
20
-21
-85
-100
-82
-33
-15
-32
-50
-65
-55
-38
-6
-13
-13
18
51
63
75
78
33
15
48
92
70
44
27
-1
-17
-32
-2
6
-3
-7
-9
-14
-28
-16
4
28
30
15
-9
-15
1
27
53
66
42
-13
-22
-13
8
19
3
-21
-53
-58
-56
-46
-43
-54
-59
-48
-33
-29
-38
-18
5
10
7
30
61
33
19
30
39
22
23
17
-1
-15
-2
-8
-16
-11
0
-17
-45
-23
-19
-17
-5
41
39
-3
-18
-1
19
34
62
60
35
-5
-21
0
38
43
21
-2
8
11
2
20
38
25
14
36
48
20
4
30
24
2
-1
28
15
-9
-18
-27
-35
-24
3
-4
-40
-66
-57
-48
-26
5
1
-30
-58
-66
-57
-29
3
-1
-40
-59
-63
-62
-45
-20
-12
-19
-38
-51
-35
3
25
21
34
56
56
45
58
77
67
54
72
85
68
45
49
38
11
16
36
29
1
-1
-21
-43
-30
3
16
3
-2
-18
-36
-24
13
42
15
-29
-43
-60
-62
-45
-24
-44
-91
-118
-115
-82
-57
-47
-43
-33
-50
-46
-9
23
19
18
41
47
54
55
49
34
38
57
68
61
54
45
33
25
40
57
35
26
36
34
8
13
28
32
36
42
31
-3
-15
-5
28
41
29
-7
-45
-62
-57
-22
12
-6
-63
-89
-88
-80
-68
-55
-38
-62
-82
-68
-40
-27
-28
-16
0
18
32
47
34
33
46
57
55
63
77
49
37
37
51
32
23
37
32
21
9
7
-10
-12
4
19
14
-18
-30
-19
11
28
31
21
-9
-21
-17
22
43
13
-33
-58
-51
-53
-42
-37
-60
-99
-98
-62
-42
-43
-45
-49
-45
-14
10
18
27
34
44
52
68
65
53
38
27
27
22
22
22
9
-21
-37
-38
-35
-32
-17
-11
-14
-17
-25
-9
13
38
49
46
33
14
20
32
37
31
25
2
-28
-39
-31
-25
-37
-53
-58
-60
-65
-51
-37
-38
-43
-21
8
16
38
54
61
60
73
85
78
76
61
44
15
5
13
15
1
-22
-34
-41
-33
-20
-11
-12
-12
-28
-15
10
32
34
33
41
31
25
36
56
29
5
2
3
-25
-40
-37
-36
-56
-77
-63
-55
-50
-49
-38
-37
-40
-26
3
30
47
39
32
33
44
50
51
46
26
16
-3
-2
10
11
-24
-43
-35
-32
-41
-40
-26
-36
-49
-37
2
15
21
13
25
29
28
37
54
61
37
26
19
24
10
-2
-7
-7
-30
-52
-51
-35
-31
-35
-24
-31
-32
-28
7
28
41
35
18
20
36
56
39
30
25
3
-16
-11
0
-27
-64
-65
-52
-50
-54
-50
-51
-70
-70
-43
-7
1
2
-4
-6
5
25
51
64
59
44
35
34
44
48
40
15
-4
-21
-21
-20
-19
-16
-13
-11
-20
-9
16
40
47
53
60
53
58
71
71
54
46
42
18
8
5
-5
-32
-49
-51
-45
-52
-71
-65
-67
-71
-61
-38
-24
-27
-24
-14
-6
-1
10
32
41
28
13
6
9
15
20
30
16
-8
-21
-22
-15
-15
-3
-8
-9
-22
-15
9
25
44
36
49
37
43
54
43
59
55
48
38
28
22
-1
-14
-31
-31
-28
-44
-42
-55
-70
-72
-58
-31
-34
-21
-24
-28
-29
-20
0
8
28
14
14
5
16
5
15
23
3
-1
-33
-16
-45
-36
-28
-28
-29
-42
-28
-14
24
30
40
32
42
44
66
58
73
85
55
69
57
57
33
8
5
-10
-10
-16
-29
-46
-65
-68
-46
-41
-37
-44
-56
-44
-24
-2
38
21
25
6
-10
31
5
33
21
-2
3
-32
-6
-38
-30
-27
-39
-27
-24
-26
-32
-26
-17
19
11
34
37
18
41
41
47
54
25
46
28
3
29
-12
20
-7
9
30
-25
-10
-42
-55
-35
-40
-13
-17
-46
1
-29
13
16
-7
18
-20
25
7
40
26
17
2
5
13
-16
20
-44
16
-50
-6
4
-42
10
-49
21
-11
16
22
4
-10
4
-10
-58
-4
-60
1
-20
7
64
11
50
54
19
77
-20
41
9
-16
44
-70
30
-82
-54
-47
-68
-3
-52
6
-24
33
-19
51
19
2
25
-26
55
-4
18
42
5
37
29
20
56
35
27
63
-19
40
-15
-62
35
-120
25
-71
-67
34
-86
92
-36
78
16
27
59
32
101
4
102
-65
89
-82
0
-47
-153
9
-229
49
-125
18
-27
-26
22
-75
77
-114
69
-138
13
-37
-22
100
-18
159
-13
139
50
70
89
16
37
-44
-27
-70
-39
-90
-20
-35
-55
27
-30
-8
24
-39
18
-10
-33
26
-15
52
36
31
45
-12
37
-11
-9
6
-35
-16
17
-26
64
-20
-1
48
-115
85
-69
-10
17
-104
35
-81
39
-30
88
-40
85
67
-64
254
-182
227
-109
-67
158
-335
329
-326
220
-26
-112
318
-305
360
-229
155
-35
-71
128
-240
229
-265
146
-94
-25
90
-162
218
-184
112
15
-168
232
-265
125
-58
-143
136
-197
105
-37
29
-24
80
-97
72
41
-133
282
-321
275
-162
-15
162
-258
297
-254
122
-28
-114
153
-102
99
14
58
-57
212
-157
70
130
-172
143
-47
-91
65
-28
-123
116
-89
17
65
-81
47
-11
16
-52
-14
17
-208
209
-275
67
170
-391
437
-376
183
-48
-53
62
-121
154
-249
264
-219
157
-111
107
-111
111
39
-131
315
-217
211
97
-184
313
-153
28
136
-197
260
-226
242
-163
121
51
-190
211
-245
142
-126
166
-230
241
-176
-10
225
-356
509
-382
210
43
-222
325
-369
266
-242
69
-105
-129
157
-235
246
-276
183
-180
29
-5
-159
194
-164
175
-64
10
117
4
-126
265
-332
238
-38
-194
320
-232
151
-2
-85
71
-39
-83
131
-268
297
-133
-49
231
-247
256
-140
92
18
51
50
28
-60
149
-114
30
2
-184
272
-329
243
-155
70
9
-145
151
-310
323
-321
126
59
-266
434
-437
335
-168
52
19
-137
225
-204
249
-109
117
-55
75
-166
166
-182
58
71
-275
285
-187
-22
185
-218
145
-57
-60
103
-117
199
-244
293
-383
314
-273
22
163
-321
464
-472
439
-264
108
39
-137
160
-136
164
-133
188
-139
147
-30
-122
149
-202
141
-91
85
46
-95
279
-338
325
-148
-60
167
-209
186
-106
84
-26
16
-53
58
-83
59
65
-146
281
-424
386
-250
-4
166
-336
390
-383
352
-325
272
-177
-47
328
-665
704
-614
362
-54
-273
636
-712
672
-433
59
185
-316
264
-181
39
60
-11
-43
80
-26
-37
46
36
-168
336
-311
273
-86
-4
219
-249
244
-188
164
-98
-6
61
-121
69
-31
-23
-65
26
93
-285
256
-149
29
104
-96
81
10
-66
72
-157
-51
111
-255
265
-236
263
-137
29
100
-208
62
-61
-36
-36
125
-135
117
-89
93
-165
122
-26
-62
208
-136
178
-17
106
-171
236
-269
107
98
-278
379
-262
233
-182
128
-147
138
-167
170
-80
61
142
-322
472
-559
467
-274
-126
331
-426
339
-177
32
44
-28
-32
17
38
-91
266
-328
328
-205
-27
174
-359
297
-269
169
-17
29
160
-118
94
-85
-84
-1
-92
0
19
64
-117
219
-201
66
101
-272
323
-279
272
-28
-10
287
-334
366
-270
41
78
-222
266
-266
339
-382
322
-228
-1
124
-196
161
-231
380
-517
418
-135
-342
620
-620
353
5
-122
181
-9
6
-97
324
-374
189
109
-293
276
-107
37
-89
131
-90
-213
401
-541
447
-223
8
171
-165
246
-330
491
-602
468
-159
-265
535
-662
587
-448
229
0
-272
557
-737
741
-650
352
-106
-200
271
-408
502
-606
627
-545
446
-281
218
-58
-192
406
-379
277
-142
117
-140
99
-113
-8
21
-83
175
-207
151
-67
25
26
-100
215
-294
294
-281
289
-213
150
151
-357
586
-598
534
-352
178
84
-246
414
-510
541
-451
205
91
-397
336
-202
-6
68
-75
53
-137
236
-250
151
-28
-86
303
-425
383
-304
220
-159
92
107
-433
718
-783
613
-446
199
-23
-215
412
-599
722
-612
414
-91
-160
190
-50
-182
271
-141
-83
344
-433
395
-157
6
69
21
-145
340
-346
237
-106
-5
109
-185
167
-194
132
-93
118
-153
211
-143
205
-169
70
54
-185
204
-205
62
17
-37
92
-21
-78
194
-254
196
-154
-2
94
-147
150
-227
306
-435
530
-581
575
-412
117
348
-786
992
-843
497
-159
-109
140
-144
114
-130
173
-162
182
-114
85
-25
-5
79
-160
95
-47
-71
166
-125
84
-28
57
-60
26
17
-107
220
-238
146
-49
-135
254
-352
336
-414
411
-209
-189
633
-913
987
-847
559
-314
-43
468
-807
1036
-1017
896
-613
244
122
-452
763
-996
1021
-857
517
-119
-184
225
-190
122
-146
182
-211
271
-223
168
-49
-63
75
60
-300
572
-691
741
-469
35
604
-1150
1358
-1135
552
58
-577
890
-928
792
-439
99
261
-495
554
-469
277
-73
6
-85
172
-153
31
-21
65
-173
362
-511
579
-446
37
516
-1067
1269
-1299
1066
-744
312
171
-541
768
-759
612
-401
103
161
-360
425
-335
162
72
-321
532
-727
684
-571
324
-114
-59
251
-352
421
-402
400
-406
332
-166
-101
343
-426
439
-297
161
153
-389
462
-470
251
-61
-177
360
-495
536
-324
65
264
-575
833
-901
883
-730
509
-123
-297
770
-1112
1045
-653
76
356
-534
477
-220
-59
332
-642
752
-774
559
-277
-66
462
-678
779
-671
473
-231
47
81
-64
29
44
7
-126
253
-346
456
-656
659
-504
186
143
-238
288
-422
745
-1041
978
-738
343
-23
-218
328
-286
255
-119
159
-266
301
-154
-82
160
-136
29
-87
173
-393
390
-331
190
56
-290
592
-709
737
-583
245
60
-424
477
-283
-118
461
-487
303
-69
-208
327
-429
392
-218
49
160
-66
-37
165
-142
35
164
-364
367
-157
-58
257
-328
369
-372
337
-260
-59
355
-515
555
-491
377
-128
-104
271
-339
255
-152
179
-205
189
74
-287
579
-663
630
-381
-46
486
-862
879
-661
229
96
-420
462
-404
246
-197
191
-221
188
-84
-40
123
-140
153
-60
-77
164
-12
-147
165
69
-428
531
-303
-244
578
-644
385
-100
-121
119
-24
-86
170
-209
181
-117
86
-35
21
101
-133
166
-147
146
-200
283
-322
252
-178
112
-72
-73
257
-462
516
-405
73
174
-197
63
183
-271
338
-349
482
-625
702
-503
171
362
-889
1294
-1432
1272
-890
368
165
-633
837
-793
549
-332
239
-365
453
-411
159
215
-452
573
-457
345
-237
222
-198
157
-36
-30
54
12
-52
25
106
-285
401
-466
339
-98
-292
530
-452
41
435
-563
341
148
-563
743
-628
281
99
-430
554
-477
423
-462
541
-458
191
124
-367
407
-421
461
-545
437
-194
-138
281
-234
44
40
-8
-90
145
-67
-83
201
-240
211
-230
275
-330
208
117
-560
908
-979
787
-386
-4
262
-369
245
-164
159
-276
322
-311
187
-87
140
-297
504
-571
590
-403
108
248
-517
649
-548
322
-74
-51
35
90
-202
193
-51
-103
242
-286
383
-495
572
-421
1
471
-775
719
-383
-5
326
-498
523
-456
328
-182
43
65
-163
284
-340
266
-157
-41
158
-222
151
-75
32
-2
-37
117
-228
224
-131
-20
88
-17
-35
-8
232
-398
456
-381
179
-22
-134
181
-184
8
243
-411
341
-99
-211
429
-444
333
-98
-142
438
-535
463
-216
-76
322
-480
631
-657
616
-378
103
163
-368
509
-633
635
-502
253
66
-286
428
-471
449
-389
175
20
-204
323
-261
111
137
-269
211
98
-438
567
-344
-75
485
-684
597
-328
-63
377
-586
550
-393
220
-48
-139
369
-574
558
-306
-199
617
-812
720
-436
67
367
-708
871
-830
578
-221
-81
285
-351
341
-221
48
15
-73
-33
167
-355
429
-298
64
270
-487
555
-501
287
-74
-163
294
-272
150
61
-184
292
-311
251
-112
-68
184
-236
208
-214
255
-350
393
-369
300
-186
103
23
-127
235
-341
428
-414
349
-311
294
-233
64
255
-529
627
-448
194
-67
20
-57
6
96
-246
310
-299
201
-41
-99
208
-201
168
-50
-48
161
-171
125
-43
-47
50
-84
111
-155
170
-70
-41
131
-213
234
-244
113
63
-316
465
-427
273
-77
-45
146
-169
139
-48
-53
157
-156
105
-27
-41
115
-267
387
-443
308
-34
-281
494
-528
475
-365
203
-32
-129
143
3
-204
328
-153
-101
345
-383
312
-250
304
-459
468
-230
-254
732
-982
815
-328
-205
556
-625
548
-340
161
57
-264
423
-468
265
38
-382
644
-721
612
-359
124
142
-323
425
-364
205
-5
-137
-8
259
-499
469
-254
-102
393
-447
348
-171
54
-45
79
-128
-5
145
-269
272
-217
134
-62
111
-209
348
-417
339
-98
-238
419
-441
309
-204
166
-248
363
-399
394
-360
297
-173
-5
156
-316
392
-394
343
-218
61
112
-161
120
82
-329
603
-662
533
-194
-167
456
-592
550
-461
265
-78
-60
97
0
-113
252
-278
175
-6
-131
214
-215
252
-387
615
-654
422
77
-529
719
-562
249
-34
-51
2
10
-69
70
-115
124
-68
24
79
-140
171
-182
224
-358
456
-443
261
56
-289
360
-260
136
-86
81
-169
227
-246
206
-143
68
26
-195
390
-601
642
-442
69
352
-600
718
-636
454
-177
-180
499
-607
423
-24
-359
545
-419
57
221
-339
188
-11
-120
68
-20
112
-311
461
-400
181
144
-299
286
-110
9
-41
181
-393
459
-432
290
-186
40
149
-320
378
-315
146
-32
22
-95
46
93
-232
257
-138
-49
250
-310
365
-329
265
-44
-197
449
-644
644
-513
198
99
-430
618
-661
597
-430
243
-32
-88
159
-187
201
-211
277
-365
450
-439
340
-39
-302
583
-650
559
-332
87
91
-237
321
-411
340
-307
165
13
-253
471
-587
548
-272
-6
243
-339
408
-415
379
-289
139
5
-38
-26
71
-12
-219
495
-692
627
-414
144
24
-221
480
-804
1013
-905
512
19
-344
487
-426
333
-221
179
-163
188
-258
365
-352
263
-96
-160
404
-554
492
-349
132
43
-90
75
-97
159
-221
260
-190
55
140
-124
13
212
-258
154
37
-127
66
-9
41
-174
189
-102
-76
116
-59
-81
116
-9
-168
304
-373
342
-280
234
-203
90
118
-353
600
-722
717
-530
254
138
-465
481
-225
-166
357
-333
81
60
-24
-124
184
-169
-1
200
-395
451
-334
134
129
-274
347
-363
330
-184
-98
396
-621
686
-583
312
22
-335
485
-441
235
-89
78
-114
72
61
-290
465
-519
501
-521
600
-642
603
-303
-197
771
-1054
1031
-705
251
2
-54
-73
112
-48
-111
237
-122
-160
416
-383
75
335
-565
516
-252
33
12
51
-92
57
28
-35
39
55
9
-111
122
27
-323
469
-426
129
133
-217
206
-277
466
-675
768
-571
177
316
-724
984
-998
835
-709
630
-482
199
233
-548
592
-293
-99
290
-264
-21
338
-622
623
-458
220
-158
310
-515
644
-512
267
59
-427
800
-1072
1069
-843
538
-225
-20
318
-681
933
-881
453
173
-825
1202
-1163
792
-385
89
0
-59
299
-675
950
-861
582
-276
161
-245
335
-193
-198
654
-980
1044
-856
595
-337
23
551
-1212
1626
-1532
894
-119
-486
620
-533
419
-397
450
-486
420
-184
4
5
182
-258
157
132
-383
276
-59
-2
-342
775
-960
789
-407
96
-4
-118
364
-742
1030
-1067
811
-355
-15
110
29
-208
163
191
-605
838
-762
557
-425
328
-286
101
179
-465
642
-671
698
-732
754
-633
260
339
-849
959
-637
172
129
-110
-66
130
101
-357
450
-322
182
-170
288
-315
122
216
-419
396
-305
219
-185
96
113
-246
170
163
-452
504
-292
-57
337
-423
404
-281
172
-64
36
-95
51
67
-313
561
-623
389
32
-391
488
-386
202
-124
159
-80
-150
443
-567
489
-290
31
173
-286
265
-60
-277
494
-460
197
38
-126
76
-76
231
-515
647
-409
-151
861
-1322
1433
-1096
572
7
-523
847
-989
918
-764
610
-464
249
99
-516
761
-703
441
-80
-148
216
-176
125
-142
122
-152
116
30
-243
441
-517
559
-550
567
-565
387
80
-671
1083
-1243
1038
-645
104
400
-859
1082
-971
587
-124
-233
405
-368
213
-61
-1
-82
245
-407
455
-426
300
-71
-103
156
-44
-117
9
329
-802
972
-766
304
171
-471
676
-746
764
-701
640
-509
335
-17
-343
660
-804
812
-814
772
-575
275
138
-545
873
-1021
1020
-903
648
-390
142
105
-338
509
-526
520
-404
276
-57
-113
206
-118
-121
348
-490
491
-340
131
131
-402
661
-879
927
-747
296
157
-426
453
-420
438
-520
438
-110
-394
823
-860
629
-173
-218
412
-402
203
-51
-140
254
-336
236
29
-302
413
-214
-206
538
-699
627
-394
-34
645
-1236
1544
-1321
687
136
-755
980
-822
504
-251
210
-313
378
-277
-26
321
-505
503
-399
291
-278
363
-390
262
49
-339
468
-379
220
-81
78
-87
63
-54
207
-407
545
-536
319
-71
-127
247
-418
666
-837
817
-598
228
80
-230
257
-330
459
-609
738
-689
539
-372
180
19
-276
541
-642
563
-333
157
-154
146
-130
-6
-10
151
-370
521
-460
359
-190
-60
378
-732
881
-773
485
-141
-180
380
-388
180
155
-433
476
-188
-106
417
-533
449
-266
-38
165
-223
135
49
-147
276
-348
383
-158
-155
446
-584
530
-320
145
-82
-16
144
-390
587
-650
622
-267
26
236
-370
403
-246
-82
261
-298
121
135
-307
341
-280
235
-93
-159
458
-516
455
-191
-104
112
50
-373
463
-311
-63
411
-395
201
89
-194
147
0
-223
302
-227
13
235
-360
156
83
-221
36
193
-398
470
-300
-15
313
-429
364
-288
138
-183
315
-266
121
53
-229
417
-536
379
-209
45
-31
162
-252
156
128
-279
204
-109
-106
288
-395
407
-228
-184
590
-697
443
-14
-277
401
-192
-36
147
-49
-50
62
-67
-20
114
-75
-38
146
-173
152
-71
-7
-68
268
-217
71
-33
188
-260
93
160
-311
97
390
-513
281
233
-465
265
141
-542
543
-210
-296
667
-632
308
-41
-23
-116
158
-140
49
114
-128
218
-323
301
-157
-126
144
-6
-10
29
-16
10
62
-157
54
12
-182
186
134
-476
457
-85
-326
400
-321
103
133
-145
138
23
-195
195
-211
181
-205
100
137
-216
313
-182
44
-217
515
-654
482
-198
95
18
-57
35
-155
215
-340
391
-393
458
-220
220
-355
450
-301
-143
401
-565
629
-470
443
-319
39
254
-456
519
-612
590
-479
491
-167
-192
350
-348
131
-100
135
-537
857
-477
55
198
-225
148
-274
221
-331
158
309
-458
442
-103
-165
261
-379
-14
268
-205
45
111
136
-229
86
56
-605
574
-289
46
219
-106
77
133
-287
-25
147
-436
359
49
-99
-171
575
-521
256
-90
-159
88
145
-91
-20
129
-183
263
-263
-7
-24
399
-698
667
-338
39
273
-457
546
-612
583
-206
-318
542
-525
450
-272
-10
296
-323
416
-366
277
-207
-107
364
-454
193
59
81
-126
364
-394
139
-12
-211
276
-422
541
-286
476
-486
322
-103
-494
717
-944
760
-182
14
310
-237
98
-266
137
-419
253
90
50
-6
328
-317
-12
289
-861
815
-760
588
-30
-70
298
-358
383
-466
81
-1
-191
161
318
-430
387
-8
-398
505
-709
420
-150
-122
449
-372
514
-366
192
-46
-345
306
-162
-176
498
-267
154
154
-332
300
-429
247
-212
105
165
-321
655
-596
261
-11
-259
218
-115
113
-275
469
-208
-13
186
-242
38
158
-134
-226
593
-595
364
74
-267
198
-40
-44
-146
310
-496
288
-35
-128
259
-172
13
117
-172
182
-291
250
-107
-139
437
-543
563
-282
-12
144
-242
74
23
-163
273
-19
-34
222
-327
286
-471
172
-115
-109
339
-281
548
-539
445
-353
-45
169
-348
447
-349
509
-189
118
-233
61
-54
-130
116
-33
229
-160
488
-732
630
-554
235
-58
-168
436
-575
693
-626
374
-4
-234
263
-153
4
90
-33
-83
69
42
-30
-50
196
-290
241
-83
-58
83
-47
51
157
-126
-27
2
-16
-103
-23
141
-294
393
-37
-231
381
-300
46
218
-278
64
155
-161
-62
277
-366
148
62
-117
74
-8
43
-44
62
31
-42
8
24
-34
-135
292
-276
80
152
-455
565
-304
-61
280
-212
-8
138
-150
19
-42
306
-430
335
-101
-112
264
-378
374
-493
516
-539
540
-302
10
344
-518
595
-553
404
-252
111
65
-351
394
-484
329
-163
-22
74
48
-51
19
95
-157
144
-123
106
-124
300
-338
279
-148
-30
202
-476
663
-748
640
-228
-230
597
-647
344
-128
35
-159
307
-411
359
-175
33
126
-311
429
-434
308
-329
240
32
-153
494
-480
410
-129
-177
86
-40
-189
231
-61
23
129
-45
159
-366
236
-285
91
-159
348
-226
146
226
-371
159
-165
81
-235
336
-244
264
46
54
-128
0
12
-221
143
-217
311
-98
188
169
-415
334
-247
-190
119
-125
31
80
320
-332
371
-169
-166
135
-82
-224
198
125
-282
536
-460
225
-50
-118
133
-281
415
-242
189
33
-117
190
-372
315
-240
22
164
-146
1
44
61
4
-162
294
-138
-189
408
-549
242
17
-161
312
-21
-8
26
69
-266
-17
-73
8
-7
317
-60
-84
250
-366
171
-470
225
-59
-14
316
-50
-44
51
-97
-391
262
-293
315
-88
323
-92
48
-53
-308
264
-448
289
-64
196
-80
291
-108
-273
321
-601
233
2
-68
243
98
-140
157
30
-496
285
-74
-53
80
235
-188
87
135
-182
-255
371
-295
-64
580
-422
358
83
-155
24
20
-196
29
103
23
-91
252
-244
55
134
-271
89
31
-118
153
-24
174
-41
-23
34
-158
112
-252
99
112
-119
314
-187
-71
257
-253
77
10
-13
-154
288
-124
-196
438
-350
28
70
-157
139
-331
302
-113
-134
330
-409
396
-259
334
-250
53
75
-416
413
-408
349
-72
-15
154
-335
262
-327
191
-125
337
-75
-150
535
-582
289
-148
-269
-101
318
-307
179
445
-455
474
-241
-170
21
56
-228
398
-63
-96
208
-82
-172
187
-135
-161
253
-155
145
-26
113
-40
56
-134
-220
233
-276
63
176
6
101
14
84
-172
-73
201
-436
164
87
-132
307
-141
113
-97
42
-235
13
108
-266
425
-79
-10
3
97
-383
276
-84
-227
280
-118
108
-145
257
-303
150
14
-273
277
-140
34
117
3
-35
73
-187
132
-245
398
-307
62
120
-121
158
-51
106
-92
196
-184
67
-107
-57
-30
-39
65
16
12
64
151
-154
125
-46
-280
276
-85
-16
109
-1
-43
30
-116
-16
29
-75
242
-29
38
179
-198
62
-48
-161
-45
29
-73
139
22
-22
94
11
-178
28
-4
-199
178
99
-218
395
-141
-84
91
-147
99
-139
72
37
-11
76
34
-187
189
-163
95
-95
77
-23
11
122
-219
185
-201
72
-33
85
-127
165
-65
19
14
-3
30
-33
150
-141
-1
-75
107
-190
153
64
-45
88
-5
-49
-86
101
-230
46
-6
49
-77
125
1
-35
130
-176
112
-265
247
-46
-144
221
-219
60
-101
157
-156
90
91
-129
164
-141
69
-25
60
-16
-38
-2
-135
38
18
-76
162
-62
-10
87
-127
66
-29
-108
109
-29
88
-50
271
-132
11
137
-369
31
147
-130
98
196
-90
-3
89
-128
-25
124
-62
72
47
-32
-30
61
-91
-37
-19
6
-60
104
136
-59
126
-109
-11
-145
-11
106
-40
70
31
87
-160
123
-118
-10
1
45
-17
-30
158
-135
114
-111
-47
-40
31
-59
44
169
-186
96
-73
-122
-21
36
3
-4
156
-10
-29
84
-33
-14
-70
47
-115
8
69
43
-56
130
0
-211
191
-240
48
51
5
57
-12
31
-167
104
-149
31
-44
100
-25
108
182
-121
112
-107
-19
-137
21
57
-164
275
-70
-114
96
-68
-89
84
9
-93
68
9
25
-100
107
-49
-98
25
3
-72
7
143
24
-28
161
-145
-13
49
-135
41
-29
25
1
131
-86
103
-44
-24
-53
-94
140
-246
302
-102
94
90
-188
126
-167
35
60
-22
56
154
-79
71
-14
-92
56
-137
145
-123
148
70
-33
120
-200
50
-149
4
52
59
42
121
-14
-8
-58
-99
67
-136
47
84
-131
99
-13
-111
74
-103
-24
34
44
43
91
67
-144
59
-87
-180
80
-31
-51
102
9
-93
62
-30
-106
82
-7
-72
48
50
-89
38
33
-158
1
79
-258
247
-40
-10
148
9
14
-21
51
-78
-31
64
-28
-119
149
-49
71
-83
56
-47
-61
132
-111
129
24
54
-19
-15
-53
-40
24
-21
68
84
-6
59
-7
-9
52
-94
75
-29
26
-10
71
-59
-13
66
-136
36
10
-34
8
43
-21
-38
14
14
-7
-20
70
-91
19
11
-79
7
24
41
-93
162
-157
42
56
-124
19
0
-31
-75
89
-80
11
-27
-8
-44
5
32
9
-17
53
3
-83
36
-46
-36
31
30
-44
36
3
-57
43
18
-36
39
40
-1
-13
20
-27
-47
18
28
-27
14
124
-43
-14
18
-6
-86
61
87
-70
136
-4
-53
14
-97
34
-40
30
53
3
112
-50
36
8
-19
-21
81
-33
13
120
-34
-7
-73
-26
-111
6
49
-54
120
34
-56
80
-85
7
30
-57
42
-22
-14
1
-18
-31
-21
0
19
11
76
-10
66
-21
-56
-7
-81
-6
22
-40
-14
-42
-42
-3
-53
4
87
-50
48
51
-86
35
-15
-43
-34
84
-101
83
22
-21
46
10
-9
-26
51
-51
14
-33
23
-79
-2
44
-71
87
-35
23
11
-26
27
-37
81
42
-36
118
-87
33
5
-30
37
-32
106
-32
39
64
-61
-9
5
-63
28
18
11
20
41
-39
-33
-28
-61
73
-44
119
43
-1
30
23
-81
20
-7
-44
44
-13
35
-66
42
-85
36
-33
6
83
-84
109
-79
-1
-4
-107
70
-40
47
1
20
-30
8
-12
-28
31
-3
55
-18
-34
17
-41
-24
-18
26
-28
22
74
-81
53
-3
-51
38
12
-32
81
-40
36
45
-72
53
-54
53
-42
37
20
-62
72
-45
-23
6
43
-46
70
-7
12
7
-41
58
-91
73
-47
15
26
-2
25
32
-20
55
-27
12
-9
2
37
-76
68
-96
36
-32
-39
45
-37
-18
29
-5
-8
72
-37
34
-20
-9
-21
24
-32
47
71
-54
65
-7
-46
-19
15
-52
-18
42
-48
30
-22
15
-45
24
-22
-4
44
28
29
16
3
-20
5
-29
-14
11
21
-3
55
-29
26
6
-21
5
-55
12
-35
-34
53
-16
9
84
-82
55
-42
-11
-5
3
33
-21
68
31
-31
29
-5
-70
25
-47
24
-5
63
10
-18
-10
-43
-57
-8
12
19
94
28
-1
65
-53
-19
-1
-21
31
-2
80
-28
39
-25
-18
-42
-38
33
-10
22
54
5
-1
21
-52
35
-18
23
17
43
-5
-9
27
-51
16
-5
-15
11
-41
61
-73
35
-2
-55
46
-53
28
-32
28
-21
12
17
-62
22
-34
1
-12
-26
23
-34
26
-3
-42
17
-14
-40
-34
30
-51
11
18
-17
-20
12
-48
-6
-30
22
26
-37
94
-8
-14
13
-72
8
-46
-8
21
6
27
23
5
-4
-20
-16
2
-31
67
-9
69
-4
11
39
-62
19
24
-16
29
72
-35
49
11
-53
0
-5
-32
-36
68
-41
35
48
5
10
16
7
-17
20
26
-16
-2
20
-43
23
-51
21
-37
22
29
-68
55
-39
11
-18
-12
-22
-47
-5
1
-35
25
-6
11
-25
-6
1
-52
50
-59
13
-7
-20
1
-3
-32
-21
20
-35
1
15
40
-30
26
-20
-57
12
-23
3
-19
46
-18
-31
30
-60
17
34
-17
31
37
-22
49
16
-19
25
3
-8
18
-1
-2
-25
12
-20
-18
38
-11
74
-21
29
25
-60
25
-34
-1
14
0
11
-9
3
19
-19
-8
25
-24
16
-1
-12
10
-22
-20
-43
-21
-18
-20
33
-9
-5
33
-48
-2
-4
-13
-28
2
14
-67
-1
-13
-47
5
-1
-34
-11
5
-11
5
-16
5
-34
-14
17
-27
31
6
-13
7
-4
-46
14
4
-10
21
8
-10
19
11
-3
7
12
-22
-8
15
-12
27
14
4
14
7
29
-14
38
41
-4
35
2
-9
20
9
-3
26
-20
34
-6
8
16
5
7
10
-2
10
-16
30
-2
-2
30
-38
25
-32
18
-28
24
-2
-23
34
-30
19
-6
-2
-19
23
-15
-2
-4
6
-29
-28
0
-61
13
-19
17
-13
-3
4
-50
-26
-8
-20
-22
27
3
16
2
27
-24
23
-13
-2
6
-15
31
-43
24
-66
0
-36
-28
32
-30
61
-13
27
23
-10
10
-5
26
-10
21
17
1
17
6
-15
1
7
9
-5
36
15
-7
41
-39
-5
4
-41
25
-27
39
-10
33
15
6
38
-25
20
-2
3
-10
-9
10
-13
4
-11
-25
-10
-21
1
0
11
15
9
-14
5
-25
-9
-16
-14
21
-7
30
-17
16
-15
-21
-22
-9
-10
2
1
22
-27
1
1
-42
10
-20
8
-1
12
9
-4
13
-12
19
11
-10
26
27
-24
13
-4
-21
19
-2
12
5
11
5
-5
20
-4
24
13
10
4
1
9
-17
11
22
-21
49
15
-17
49
-25
1
28
0
10
36
22
-13
27
-23
-22
0
-10
-9
41
4
-5
14
-41
-2
-36
27
-20
49
30
8
7
1
-17
-11
-6
-9
9
2
-1
-24
14
-52
-21
-15
-68
8
-2
-20
39
-12
10
6
-7
2
-3
2
-7
17
-17
-7
-6
-31
-16
-1
-42
-17
2
-37
-2
-2
5
9
5
48
-25
17
-1
-19
-2
6
5
-5
15
4
-7
7
-18
-11
10
-15
22
-2
14
5
8
2
-14
11
-5
41
13
39
17
12
25
-26
-1
-23
-23
11
-12
4
24
0
16
13
12
-3
22
4
1
17
17
-5
-1
5
-27
-2
-28
5
-6
10
11
-20
24
-41
0
0
-13
12
24
14
-16
26
-21
-23
3
0
-20
13
4
-15
8
-24
3
-39
18
-29
-7
23
-16
28
4
7
-1
1
-8
-1
13
18
-1
4
-1
-19
-1
-13
2
1
17
2
4
3
18
15
-16
30
-6
-11
26
-2
18
15
23
-8
1
8
-25
17
-5
0
8
-6
-7
3
-5
0
1
8
9
7
10
20
19
-8
29
-17
21
-4
-9
15
-25
3
-28
-21
-40
-15
-4
-19
-1
28
-16
20
23
-2
18
-6
14
-11
4
6
-22
11
-31
-7
-9
-41
10
-31
-15
-1
1
-6
16
11
1
13
-6
-7
10
4
6
10
-8
3
-14
2
-16
-2
6
-15
3
2
-2
-6
16
-3
-6
24
-7
26
31
24
3
18
-10
-10
-3
-29
11
-11
10
-5
-3
1
3
3
19
12
21
37
5
31
2
16
-10
-7
14
-30
24
-20
2
-15
-19
-4
-25
9
0
9
20
21
-1
39
-3
14
1
-9
5
-20
22
-26
2
-9
-27
-14
-36
-27
5
-28
12
7
6
19
18
15
2
-3
-6
-10
-5
15
6
4
1
-14
-47
-16
-43
-30
-2
-18
6
4
15
-14
15
7
13
19
19
21
16
18
-12
-9
-18
-31
-8
-18
-10
14
-10
4
-14
-8
-16
0
8
0
37
5
15
15
10
2
10
21
-6
10
0
-15
-8
-19
-11
-27
-4
-12
-10
7
3
2
17
5
4
21
1
8
6
5
4
-13
-8
-16
-27
-5
-35
-5
-3
-9
8
5
12
10
7
14
-21
3
-6
-18
16
-6
22
5
-9
7
-29
-25
-11
-24
-8
7
2
12
2
16
-13
15
6
-6
37
10
22
14
20
-18
1
-9
-30
1
-9
4
-5
13
-5
-12
-1
-18
-8
25
10
31
32
24
31
9
22
-19
5
-8
-24
8
-20
-3
0
-13
-11
-20
-16
2
5
19
29
20
27
14
15
-8
10
1
-6
10
-8
-5
-10
-23
-20
-20
-28
1
-3
10
19
8
8
-2
-13
-2
-10
1
31
16
28
17
8
-18
-18
-34
-37
-19
-28
4
-4
7
12
0
3
-9
0
-1
9
11
20
7
1
1
-22
-21
-22
-14
-28
4
-7
-2
1
0
-12
-12
-1
-9
6
15
21
15
8
1
-10
-14
-20
-15
-16
-18
3
-17
-5
-17
-1
-19
-9
6
-8
27
22
33
28
23
9
-3
-9
-25
-11
-7
-14
3
-7
-9
4
-13
8
-3
9
24
7
22
14
9
-3
6
-1
-3
21
24
19
32
13
-18
0
-34
-16
-6
-5
23
15
30
5
4
8
-18
-1
3
-5
17
15
17
12
-7
10
-22
-8
1
-11
14
0
11
-2
-8
-10
-9
-11
1
-4
17
6
-4
23
-14
-2
-8
-17
-9
-22
0
-22
-2
0
-8
-3
-2
3
-2
17
9
14
17
3
-1
-11
-23
-26
-25
-25
-12
0
1
5
14
-4
-1
2
-7
3
1
5
11
15
4
13
-2
-5
-6
-6
-11
-5
9
-20
-6
-12
-19
-13
-1
2
6
25
14
10
23
-3
0
2
-9
-3
-3
6
0
4
0
-7
-10
-7
-11
-10
5
-3
12
9
2
2
-1
-16
-1
-5
1
20
6
26
5
7
-11
-7
-5
-23
6
-7
0
22
-3
9
-7
-7
3
-23
9
3
6
15
2
-3
-11
-13
-7
-3
4
18
10
6
1
2
-19
-9
-4
-13
2
19
7
11
18
0
-6
-9
-21
-22
-4
-1
3
5
3
-7
2
-11
-4
8
3
10
7
12
4
-1
2
-18
-5
-6
-13
11
6
19
12
5
-1
-19
-10
-19
-9
6
-4
14
7
5
2
-1
3
4
15
10
22
16
12
4
-9
-19
-19
-26
-13
-12
11
8
13
19
-1
11
-6
-4
-1
7
8
10
14
7
-2
0
-14
-12
-15
-12
-4
-1
4
-1
0
-4
-3
-8
0
-8
9
6
11
8
6
-1
-8
-9
-12
-10
-7
4
1
3
2
-11
-7
-6
-18
1
-5
3
7
8
-2
0
-1
-15
-9
-3
1
5
25
7
9
5
-8
-4
-14
3
-6
2
7
-5
-10
-12
-7
-10
1
6
8
9
20
6
8
3
-7
0
4
2
7
12
1
0
-4
-12
-23
-5
0
-1
13
10
7
4
14
-10
3
-1
-4
7
2
7
1
9
-7
0
-10
-12
-6
-10
8
-3
11
5
6
5
3
-2
1
7
0
7
6
-2
-8
-3
-13
-5
-8
-1
-1
-1
5
-4
1
-5
0
-1
2
12
17
19
14
5
-7
-17
-19
-26
-16
-13
-3
2
5
3
-2
6
-11
4
-4
2
7
12
8
9
1
-11
-11
-19
-4
-9
-4
5
-7
-1
-5
-16
-20
-3
-10
9
8
12
14
9
15
-10
-4
-18
-12
-7
-3
-1
-1
7
-2
-3
-4
-6
-5
13
1
18
9
5
7
-8
-9
-18
-13
-14
-1
6
12
15
12
12
3
4
0
2
-2
4
7
-3
5
0
-7
2
-7
3
6
3
13
-1
-3
-4
-17
-15
-8
-2
4
17
11
17
16
8
4
-4
-6
-9
2
-8
-5
1
-14
-4
-9
-13
-2
-2
6
6
7
3
0
0
-6
-5
-1
-5
2
0
5
-4
-6
-5
-13
-7
-2
-1
1
11
6
2
5
-2
-7
-1
-6
-1
3
2
2
1
-6
-7
-10
-12
-9
-4
8
11
23
16
18
9
5
1
-2
-6
3
1
-1
0
-3
-14
-10
-6
-13
-3
-2
10
11
14
14
12
6
12
10
9
13
7
10
-4
-13
-12
-24
-21
-13
-11
-4
2
15
0
15
9
0
12
0
3
5
7
5
2
-1
-9
-14
-10
-21
-13
-1
-9
4
5
-5
-3
2
-4
1
6
8
4
17
5
1
-1
-20
-6
-16
-9
-3
-2
8
7
5
-6
-5
-9
4
4
9
14
17
18
6
6
-14
-7
-6
-5
-1
0
9
3
5
-2
-8
-5
3
7
9
18
18
21
18
8
2
-6
0
-1
-3
1
3
-2
0
-2
-9
-4
-1
4
6
12
6
12
9
3
9
-2
6
5
10
10
8
7
-1
-4