-8
0
-2
0
-1
0
4
-4
-1
1
-4
-3
3
-2
-4
-2
2
-2
-4
0
2
1
-4
-2
1
-1
-2
-3
-3
3
-2
2
-1
-2
-2
-5
-1
0
-3
-3
-2
-2
6
-1
-6
0
2
-2
-1
2
-8
-4
-4
-4
0
1
6
-3
1
-5
-1
1
-6
1
-3
-5
0
0
-3
-5
0
2
2
-1
0
3
-3
-3
-3
-1
1
0
-1
-3
-2
0
2
-2
2
-2
-1
-3
0
-2
4
6
-7
4
-3
2
-3
-6
4
-2
3
1
1
0
1
2
2
3
0
-3
1
3
-1
-1
0
3
-2
6
8
2
3
2
0
0
5
-3
-2
4
5
-1
1
3
0
8
3
0
2
3
2
2
-1
-1
-1
0
1
2
5
4
4
0
-3
-3
2
8
5
3
1
-3
-3
-4
8
3
-2
1
2
0
-3
0
6
3
1
2
-6
0
1
-5
1
0
3
-1
2
-2
-4
0
1
5
0
-2
-3
-6
-3
-1
-4
1
0
-2
-2
-1
3
-1
-3
-3
-3
-2
-1
-5
-5
-4
-1
2
-5
-4
-2
1
0
1
-4
-3
-1
-3
-3
-4
1
-2
-1
-4
-2
-3
-2
6
-2
2
-5
-1
2
-2
0
1
-8
-7
1
1
2
-4
-4
-3
4
-1
3
-1
-3
3
-2
1
-3
-1
-3
-3
-2
1
3
2
6
0
3
-2
-4
0
5
-1
-4
1
-3
5
2
-1
1
0
2
5
3
-1
-2
-1
1
0
-4
4
0
-4
5
-2
2
2
0
2
0
3
-2
2
-1
-1
4
-2
-1
3
1
-2
0
2
0
-2
2
3
-1
1
-1
1
2
-2
-3
-6
2
1
-3
5
4
4
0
-2
1
-2
-7
0
-1
-1
2
-1
4
-5
-1
0
-3
3
0
1
-1
-1
-2
-3
-2
-1
1
0
-2
-3
2
3
4
0
-2
0
-3
0
-3
1
-1
-3
6
-2
-4
2
-2
0
-1
-3
1
1
0
1
1
0
4
-5
-3
-2
-3
-2
3
4
7
4
-5
0
-3
-4
-1
3
0
2
5
0
-2
-4
0
-2
3
5
1
3
2
3
-8
-3
0
2
4
0
-1
-2
3
4
-1
5
3
-1
2
-2
1
1
1
3
1
1
4
2
5
-1
-2
-1
1
1
1
-1
3
-3
-7
-3
-7
-3
-5
-4
-2
-2
-3
-3
-7
-9
-3
-7
-7
-9
-5
-8
-7
2
-6
-3
-1
-3
-2
-2
2
2
5
1
-8
-2
-2
-3
1
8
3
9
12
4
9
6
12
5
3
6
9
4
6
5
3
3
2
1
4
7
3
5
-2
-2
-4
-8
-2
-3
-7
-8
-7
-3
-8
-1
-3
-8
-6
-13
-9
-11
-8
-7
-9
-8
-11
-15
-12
-12
-11
-6
-3
-5
-6
-4
-6
0
1
6
9
5
5
5
-4
-1
2
4
8
8
17
16
14
11
7
7
13
9
10
13
9
9
1
5
11
12
18
10
14
13
4
5
-7
-7
-9
-7
-9
-14
-9
-13
-14
-16
-12
-12
-14
-6
-8
-3
1
-3
-6
-5
-7
-11
-9
-12
-2
-3
-3
0
-1
8
8
8
10
15
16
17
12
20
24
21
23
23
22
21
22
19
20
27
18
6
7
2
-1
1
1
4
2
-4
-7
-16
-24
-18
-20
-19
-16
-12
-8
-17
-24
-26
-25
-33
-36
-27
-29
-27
-30
-32
-26
-23
-23
-21
-20
-21
-9
-12
-4
2
4
10
9
11
11
22
19
22
20
10
7
2
8
13
12
27
34
33
36
24
25
23
19
21
20
15
14
28
25
17
23
20
15
11
9
1
-12
-10
-19
-20
-17
-20
-19
-16
-25
-19
-14
-12
-3
-6
-8
-18
-21
-26
-23
-22
-23
-28
-31
-32
-36
-38
-34
-25
-13
4
11
18
15
3
1
-4
-5
0
15
29
52
69
72
70
65
64
71
72
77
70
46
30
14
-2
0
17
35
61
74
88
76
54
42
14
14
23
48
55
1
-16
-63
-155
-143
-151
-106
-58
-61
-65
-60
-83
-110
-120
-104
-37
-43
-35
-39
-101
-157
-192
-139
-99
-33
30
63
55
-14
-20
-38
-33
7
32
38
34
31
19
15
41
88
137
160
171
152
132
100
82
101
114
136
129
85
46
-5
-52
-48
-37
-20
-5
-11
-22
-42
-60
-62
-55
-20
-4
-26
-57
-111
-168
-198
-199
-186
-148
-131
-124
-131
-155
-172
-175
-159
-139
-112
-110
-107
-95
-83
-62
-37
-4
38
58
62
69
59
57
59
65
86
101
123
129
134
140
134
147
166
186
197
208
220
224
232
234
236
229
206
193
177
162
149
134
116
95
75
61
57
49
44
34
21
7
-17
-44
-68
-88
-107
-118
-118
-120
-126
-129
-136
-149
-151
-158
-163
-160
-172
-175
-178
-180
-181
-190
-196
-198
-187
-173
-152
-124
-103
-87
-59
-44
-26
-8
7
31
35
44
49
38
35
38
34
39
51
58
70
74
80
98
111
124
128
135
132
118
104
84
79
68
59
55
59
56
52
57
55
53
41
34
17
2
-16
-39
-54
-62
-71
-74
-63
-57
-40
-30
-13
10
20
37
49
45
37
30
19
4
-15
-31
-47
-54
-55
-51
-17
12
37
63
85
108
116
131
126
114
103
84
74
50
38
36
48
70
86
98
99
84
67
47
23
18
9
5
2
-7
-11
-14
-8
1
12
22
20
1
-19
-48
-73
-94
-112
-120
-130
-151
-179
-207
-224
-226
-219
-197
-164
-146
-133
-137
-153
-159
-163
-162
-152
-148
-165
-191
-221
-248
-249
-219
-180
-132
-83
-64
-55
-72
-95
-107
-114
-91
-59
-36
-43
-31
-23
-18
13
52
89
123
130
117
102
75
62
63
74
94
111
121
129
130
117
122
142
160
183
202
210
201
198
197
204
212
224
226
202
186
165
144
138
145
152
168
186
198
199
198
192
180
168
149
116
100
84
65
64
67
74
84
81
61
39
14
-17
-32
-42
-63
-81
-102
-122
-149
-164
-167
-169
-166
-168
-173
-177
-186
-195
-191
-194
-185
-176
-168
-172
-178
-187
-204
-221
-234
-232
-228
-214
-195
-169
-139
-114
-89
-75
-74
-65
-66
-66
-61
-55
-45
-28
-22
-13
-5
3
19
27
31
35
37
36
25
18
23
25
36
41
49
60
58
60
64
67
72
79
92
94
91
90
80
75
67
53
46
42
36
30
39
41
44
58
72
92
102
111
118
111
101
87
79
76
71
75
81
71
62
61
56
52
51
56
58
58
54
46
40
31
23
23
21
24
23
23
22
11
14
11
7
5
-5
-19
-37
-58
-74
-85
-91
-97
-97
-88
-88
-87
-83
-79
-70
-70
-67
-70
-80
-97
-109
-121
-135
-138
-143
-147
-146
-149
-152
-141
-130
-128
-123
-123
-126
-125
-124
-119
-117
-118
-111
-110
-107
-96
-87
-76
-57
-48
-42
-34
-39
-44
-41
-34
-25
-17
2
16
21
32
47
60
79
109
122
130
129
130
127
121
127
132
137
143
145
138
145
142
157
168
170
188
193
175
162
151
135
129
122
115
109
104
97
90
89
96
94
98
83
63
49
23
8
-6
-13
-16
-10
-5
-11
-17
-28
-39
-37
-30
-32
-30
-31
-36
-49
-56
-62
-64
-58
-59
-60
-56
-65
-79
-86
-81
-74
-68
-51
-36
-25
-23
-25
-35
-40
-41
-45
-46
-45
-46
-43
-35
-36
-26
-27
-26
-20
-26
-27
-29
-21
-17
-8
12
20
30
27
30
31
30
31
33
30
27
20
14
14
27
41
54
63
61
53
43
38
32
43
57
65
71
70
64
58
51
49
48
53
52
39
27
0
-10
-8
-4
13
31
40
44
34
18
10
3
3
12
21
24
27
21
8
-6
-14
-13
-6
6
6
2
-9
-10
-18
-22
-18
-15
-4
3
-4
-8
-14
-20
-14
-18
-19
-12
-9
-9
-14
-21
-26
-30
-34
-39
-41
-43
-45
-40
-31
-23
-15
-3
6
15
20
26
20
20
12
10
11
4
12
13
14
20
18
17
27
26
33
40
45
53
44
46
47
49
48
50
55
55
56
55
52
55
45
46
52
49
53
46
33
24
18
10
11
6
14
20
18
33
34
39
52
52
50
52
42
31
25
19
10
11
11
8
5
7
9
10
3
-2
-1
-11
-8
-4
-10
-5
-12
-18
-18
-27
-36
-35
-34
-35
-35
-39
-33
-34
-36
-40
-43
-41
-45
-45
-48
-57
-68
-71
-66
-64
-59
-43
-39
-30
-24
-27
-14
-12
6
10
15
26
33
36
42
57
50
56
51
47
45
46
53
62
65
74
79
80
80
81
88
93
89
90
91
87
80
73
72
78
86
79
75
59
45
33
27
29
29
31
28
27
18
9
-2
-18
-15
-26
-31
-39
-49
-60
-70
-82
-89
-87
-84
-81
-80
-86
-90
-92
-87
-80
-74
-72
-73
-73
-74
-74
-81
-79
-71
-71
-68
-58
-46
-36
-28
-21
-9
1
1
13
16
13
18
32
37
38
50
53
60
66
61
67
55
48
51
56
66
76
77
74
72
60
44
33
30
23
17
10
-13
-24
-38
-60
-63
-67
-66
-60
-52
-41
-24
-2
17
45
67
83
99
85
71
42
3
-14
-34
-36
-33
5
34
55
89
103
130
154
179
207
225
241
248
259
262
266
273
279
268
223
177
119
57
1
-47
-82
-103
-126
-138
-143
-150
-159
-165
-177
-188
-207
-238
-253
-257
-274
-298
-303
-340
-386
-414
-461
-477
-490
-512
-516
-483
-483
-452
-404
-421
-365
-333
-307
-285
-229
-226
-160
-112
-107
32
118
147
232
275
345
434
488
560
600
631
611
631
628
659
728
721
738
725
685
663
652
673
725
788
839
883
871
841
813
777
758
746
710
654
575
468
355
232
111
21
-42
-113
-170
-257
-373
-470
-541
-564
-537
-477
-489
-481
-507
-604
-639
-737
-797
-789
-832
-863
-870
-922
-970
-971
-1030
-1098
-1105
-1165
-1216
-1215
-1258
-1256
-1183
-1101
-978
-860
-766
-659
-578
-529
-500
-521
-567
-590
-606
-604
-578
-559
-515
-461
-425
-386
-344
-298
-219
-140
-79
-33
-16
-2
46
122
178
238
286
331
366
356
354
374
408
456
521
544
554
562
533
517
487
452
478
514
542
559
550
521
514
524
532
547
547
551
550
521
466
415
383
377
395
392
382
392
388
386
348
289
253
223
235
261
282
311
366
419
466
501
490
488
547
608
694
757
751
751
646
491
382
339
365
545
739
737
647
524
418
462
548
617
699
685
576
391
154
-22
-44
18
105
199
147
-7
-151
-319
-473
-600
-684
-677
-662
-698
-751
-836
-910
-923
-918
-924
-898
-869
-863
-856
-903
-982
-1023
-1033
-1009
-965
-963
-981
-1005
-1059
-1083
-1091
-1107
-1066
-993
-918
-817
-725
-635
-505
-398
-352
-330
-341
-361
-335
-286
-238
-177
-150
-157
-148
-163
-168
-113
-50
24
100
101
94
107
146
224
316
389
460
546
587
607
622
615
645
670
670
694
699
701
726
720
689
664
599
553
554
532
524
534
529
535
527
487
467
460
455
464
456
416
382
326
268
228
162
104
64
17
-36
-91
-151
-188
-190
-204
-194
-184
-184
-157
-127
-126
-123
-108
-90
-58
-41
-32
-12
12
24
38
36
17
8
-5
-2
21
32
53
98
138
169
184
181
180
177
179
194
215
223
240
256
247
239
224
225
241
234
213
190
158
124
98
61
47
51
57
78
91
90
75
61
44
25
16
14
20
27
10
-31
-81
-134
-160
-162
-158
-154
-168
-188
-204
-229
-245
-235
-233
-224
-215
-223
-235
-245
-259
-278
-298
-325
-339
-332
-319
-298
-296
-304
-309
-308
-293
-272
-245
-213
-183
-164
-157
-161
-171
-155
-135
-121
-105
-94
-74
-53
-32
-19
3
11
31
55
54
54
47
46
44
52
54
59
80
95
121
133
135
147
152
154
155
146
140
151
152
145
131
118
106
103
101
99
86
83
95
103
109
99
84
74
60
47
42
48
53
53
48
34
24
25
41
46
42
28
15
4
-13
-27
-53
-80
-97
-102
-90
-74
-50
-42
-35
-36
-47
-38
-18
15
48
68
57
34
18
20
40
62
85
99
97
87
71
61
59
68
89
92
87
74
72
81
88
109
121
135
150
148
137
118
102
93
86
75
54
31
10
1
-4
-8
-19
-20
-28
-52
-66
-93
-106
-99
-81
-70
-73
-70
-75
-72
-71
-79
-82
-81
-76
-79
-92
-112
-130
-146
-149
-153
-170
-177
-184
-190
-187
-177
-186
-180
-166
-168
-163
-158
-169
-169
-172
-182
-187
-194
-194
-180
-173
-168
-158
-163
-155
-141
-144
-147
-153
-169
-173
-169
-167
-162
-149
-143
-142
-129
-124
-100
-70
-56
-28
-28
-32
-22
-22
-4
19
21
7
-14
-33
-55
-61
-54
-36
-17
-16
-4
-9
-4
34
62
83
109
101
91
91
75
82
108
123
136
144
131
125
116
104
110
120
115
124
142
145
156
160
160
169
170
167
186
197
206
217
202
193
196
186
193
214
201
195
188
149
136
138
128
143
149
144
152
146
138
142
140
129
122
109
97
102
95
81
82
56
34
24
19
17
16
9
-10
-26
-49
-54
-56
-61
-47
-45
-58
-66
-69
-81
-81
-84
-101
-103
-124
-142
-145
-147
-132
-121
-120
-110
-95
-87
-58
-31
-30
-15
-16
-27
-16
1
5
24
29
26
39
43
54
69
83
97
102
89
80
73
63
68
72
65
59
64
60
58
60
56
59
61
58
56
50
39
26
12
-6
-20
-41
-55
-73
-102
-121
-127
-134
-129
-110
-107
-99
-100
-106
-101
-98
-103
-103
-98
-99
-101
-103
-103
-100
-104
-109
-105
-105
-104
-102
-104
-112
-116
-119
-107
-83
-60
-43
-32
-34
-39
-37
-34
-15
2
8
7
2
-10
-8
4
17
28
27
19
7
2
6
11
21
25
29
34
27
34
44
58
81
85
77
63
46
32
37
36
45
59
48
37
20
6
3
10
26
39
43
35
27
17
12
16
27
44
56
62
55
39
36
38
48
68
72
67
68
64
59
62
62
63
71
71
73
76
83
94
105
111
112
112
106
115
113
109
104
82
62
48
28
22
24
28
30
21
11
1
-14
-19
-28
-49
-61
-76
-89
-92
-90
-88
-91
-90
-97
-113
-111
-112
-123
-122
-124
-130
-143
-147
-138
-121
-111
-108
-104
-95
-79
-68
-49
-34
-21
-3
10
31
49
63
77
76
72
70
67
62
79
89
96
98
87
76
59
60
63
70
75
62
45
22
4
-21
-33
-37
-47
-49
-69
-95
-117
-144
-163
-175
-182
-180
-181
-183
-179
-178
-184
-180
-164
-163
-153
-139
-141
-138
-133
-122
-111
-92
-75
-47
-25
-7
21
39
65
90
125
147
161
171
175
183
194
197
196
196
193
186
181
180
182
194
198
192
191
172
145
132
116
98
91
79
55
25
-1
-29
-56
-76
-112
-138
-154
-188
-209
-205
-222
-233
-226
-223
-235
-227
-208
-192
-174
-153
-129
-107
-92
-81
-58
-47
-26
-12
-7
-12
-7
-5
-15
-5
-6
-5
6
13
12
23
22
5
11
1
-8
0
5
-5
-7
-9
-29
-17
-9
-8
18
28
29
50
47
52
85
94
99
141
153
148
156
179
167
172
195
183
185
183
177
183
179
164
156
137
109
95
70
44
26
-1
-22
-43
-59
-73
-67
-72
-89
-78
-81
-84
-69
-48
-42
-28
-6
-2
1
9
1
11
13
11
18
2
-8
-14
-24
-31
-27
-35
-55
-63
-86
-107
-119
-145
-154
-165
-203
-232
-253
-292
-309
-289
-311
-316
-294
-298
-311
-254
-231
-185
-118
-95
-38
16
34
66
152
160
210
277
292
299
355
355
369
419
423
440
460
450
434
426
385
352
323
276
231
188
142
92
46
-16
-64
-90
-130
-150
-149
-179
-199
-209
-233
-241
-238
-234
-237
-215
-217
-210
-193
-188
-177
-160
-143
-131
-104
-108
-93
-74
-74
-65
-50
-60
-71
-57
-68
-76
-75
-104
-134
-155
-190
-194
-197
-237
-227
-211
-255
-230
-199
-216
-181
-133
-115
-54
-7
21
93
126
148
236
227
271
352
358
367
456
441
436
516
485
477
531
521
467
495
444
354
356
317
224
213
170
84
57
15
-44
-65
-107
-152
-157
-186
-216
-205
-223
-241
-223
-227
-255
-220
-206
-239
-193
-180
-201
-166
-151
-163
-126
-103
-111
-81
-49
-71
-59
-30
-91
-87
-73
-122
-119
-117
-169
-170
-183
-231
-237
-216
-271
-248
-181
-245
-220
-119
-174
-135
-11
-32
5
100
103
160
203
231
297
302
332
367
393
401
438
450
444
452
435
417
391
387
317
316
256
193
161
92
39
5
-50
-73
-136
-163
-169
-249
-241
-251
-279
-291
-284
-293
-280
-293
-271
-262
-277
-246
-244
-222
-199
-181
-156
-126
-134
-112
-72
-78
-76
-22
-28
-83
-17
-56
-107
-52
-87
-116
-67
-146
-99
-78
-200
-74
-37
-149
-55
70
-68
-7
183
69
76
260
233
133
367
317
259
375
424
299
378
476
346
391
477
418
331
441
375
263
301
283
177
144
146
73
-4
-40
-40
-135
-168
-153
-170
-240
-215
-203
-280
-244
-219
-221
-232
-173
-200
-173
-162
-154
-152
-124
-115
-111
-59
-74
-73
-35
-41
-79
-28
-39
-88
-70
-48
-169
-135
-106
-275
-194
-173
-349
-264
-231
-366
-292
-210
-335
-226
-237
-191
-178
-118
-147
24
-13
-42
169
153
7
288
371
79
449
462
251
438
586
294
477
573
396
396
524
371
255
438
264
170
272
159
42
117
25
-13
-56
-79
-53
-166
-141
-108
-196
-200
-151
-148
-213
-175
-110
-178
-181
-45
-155
-91
-59
-103
-55
-54
-84
-66
-54
-88
-90
-87
-38
-249
-106
-161
-291
-240
-192
-356
-320
-330
-342
-320
-444
-236
-333
-346
-224
-174
-224
-209
-5
-74
-126
173
123
-43
402
172
179
498
284
345
551
397
471
542
487
514
452
552
445
430
423
401
351
248
277
270
66
119
182
-96
0
8
-150
-91
-174
-114
-201
-251
-131
-248
-235
-161
-263
-124
-190
-207
-71
-172
-160
-40
-111
-87
-63
-35
-74
-110
14
-209
-33
-81
-255
-32
-150
-377
-59
-288
-391
-142
-360
-334
-243
-350
-319
-202
-354
-265
-111
-241
-216
-61
76
-333
164
157
-89
35
539
-39
112
653
181
154
612
523
2
737
466
192
503
648
68
488
485
121
274
362
120
86
188
73
-3
-63
76
-122
-202
13
-147
-264
-117
-135
-279
-217
-148
-196
-301
-120
-141
-285
-109
-93
-204
-117
-30
-169
-120
25
-102
-237
178
-227
-198
82
-199
-253
-21
-225
-228
-167
-343
25
-494
-233
36
-426
-366
181
-306
-445
333
-218
-257
41
376
-543
372
270
-101
127
532
-14
221
479
245
327
246
724
-16
444
590
179
204
689
95
195
417
191
62
187
228
-27
17
166
-90
-99
22
-81
-187
-54
-121
-152
-166
-105
-145
-211
-46
-195
-117
-44
-149
-82
19
-124
-19
-1
-58
1
4
-92
124
-154
-57
-5
-78
-267
19
-118
-356
-81
-177
-264
-449
121
-573
-256
-105
-345
-390
24
-353
-301
119
-448
100
-208
152
-297
374
-91
83
302
120
134
452
181
220
663
1
556
384
228
433
405
250
367
304
309
159
285
233
44
198
117
-27
128
-45
-64
-3
-92
-214
-18
-191
-181
-189
-85
-238
-252
-6
-331
-66
-180
-96
-128
-82
-126
24
-161
-93
87
-141
-137
39
39
-443
259
-201
-266
-41
-77
-328
-163
-15
-396
-198
-127
-132
-635
240
-246
-606
327
-290
-310
87
-27
-250
107
119
-123
241
42
182
142
265
98
525
96
170
799
-124
407
598
127
121
798
-114
361
314
305
-164
453
191
-312
351
78
-283
55
159
-420
-7
-12
-363
-108
-160
-199
-276
-141
-177
-323
-96
-226
-179
-65
-250
19
-135
-30
-87
26
-15
-62
5
89
-133
31
151
-382
387
-361
47
-115
40
-414
262
-344
-133
-59
-149
-272
-196
348
-997
680
-461
-135
9
56
-286
42
345
-522
493
-20
145
-69
524
23
60
432
172
344
-58
820
-74
229
453
329
-142
545
349
-192
398
306
-117
24
406
-236
-2
178
-69
-262
168
-133
-381
158
-278
-182
-196
15
-312
-180
2
-217
-165
-24
-112
-59
-82
74
-39
-83
224
-249
201
-60
17
-18
219
-340
200
16
-370
104
45
-450
125
9
-530
72
45
-715
222
4
-633
73
150
-476
-278
525
-495
-160
213
157
-437
215
336
-14
-515
1173
-315
-448
1190
-115
-437
1055
128
-401
772
239
-158
294
450
87
-354
919
-315
-94
382
12
-226
40
164
-201
-248
197
-142
-428
200
-277
-123
-161
-10
-154
-111
-101
34
-208
-58
218
-361
288
87
-279
291
38
-163
34
424
-510
485
-372
452
-652
359
-120
-252
-142
232
-479
-216
306
-841
441
-898
649
-1006
425
-521
161
-617
436
-627
326
-520
475
-270
-268
701
-184
-573
1269
-380
-573
1623
-738
75
1021
-252
-13
724
106
-108
474
522
-396
491
407
-341
283
467
-600
658
-223
-11
115
-232
279
-483
167
-86
-180
-136
92
-276
-21
-157
35
-164
-62
52
-12
-236
287
-131
-63
127
-10
39
-142
305
-330
323
-311
116
-107
97
-558
380
-139
-690
570
-483
-302
-24
237
-1147
939
-604
-533
672
-478
-526
833
-573
-331
853
-654
96
387
57
-320
870
-335
190
330
484
-771
1531
-427
-229
1193
-477
239
219
472
-421
578
-45
34
27
237
-403
345
20
-508
397
-70
-527
263
-22
-636
245
5
-537
254
-128
-331
90
-105
-144
-19
242
-397
295
104
-228
28
306
-93
-111
495
-243
116
-161
297
-515
663
-656
199
239
-685
87
172
-408
-290
485
-377
-460
337
-74
-605
286
341
-715
87
564
-713
3
607
196
-1491
2461
-1185
-785
2145
-698
-790
1836
-49
-1012
1356
129
-369
340
940
-695
335
626
-532
121
526
-408
-44
486
-455
-10
-63
-50
-318
41
-47
-453
43
-256
-289
59
-313
-167
91
-506
189
-40
-229
93
124
-78
58
127
49
203
-313
686
-359
151
45
215
-463
207
265
-1015
862
-395
-613
418
-110
-787
133
650
-1552
421
999
-2029
1114
318
-1051
-84
1764
-2437
2199
-774
374
-56
899
-414
326
1405
-1156
1362
457
-300
784
608
-645
1454
-393
26
897
-396
-349
756
-318
-691
701
-657
-569
53
-365
-725
-51
-343
-767
-178
-378
-674
184
-740
-135
-56
-405
-107
18
-48
-23
-1
352
-65
518
-123
152
557
33
-127
784
161
-722
734
-7
-468
191
76
-552
158
-221
-433
241
-509
-196
178
-249
-48
205
-5
-41
74
363
80
243
648
73
733
-236
1155
-243
1086
141
632
757
408
-85
991
183
-267
986
159
-256
273
-313
-481
71
-546
-314
-367
-684
-889
-371
-863
-742
-444
-705
-719
-302
-675
-518
-321
-492
31
-243
7
-15
156
-87
43
569
226
125
574
452
96
204
571
169
142
265
274
-62
-130
219
-237
-463
208
-269
-607
520
-740
-396
247
-350
-315
562
-131
-236
423
421
100
325
753
523
108
1034
680
438
526
971
417
834
344
801
150
403
476
21
257
-15
-193
-348
16
-812
-518
-504
-742
-1014
-423
-1181
-959
-725
-1158
-510
-1129
-374
-745
-613
-315
-480
-31
-476
407
-68
199
194
306
369
341
339
524
516
69
754
161
300
-6
374
25
88
181
-397
-63
-45
-780
351
-246
-862
388
-125
-925
564
-96
-419
513
685
-95
592
881
-90
1173
1072
538
1116
1355
363
896
1173
642
485
1084
587
167
125
126
-277
-253
-108
-592
-678
-950
-982
-1100
-1058
-930
-1413
-1042
-1116
-1257
-1032
-858
-894
-831
-370
-514
-244
-190
143
-130
320
458
428
578
527
664
199
609
554
542
341
261
171
-249
-12
152
-291
-563
263
-1054
-238
-292
-569
-141
-745
109
-153
-173
104
371
267
275
1041
703
890
1006
1202
1037
1480
1246
1114
1459
780
1147
797
951
547
31
355
-220
-417
-496
-339
-1191
-1208
-914
-1455
-1375
-1347
-1233
-1636
-1435
-749
-1486
-863
-888
-675
-514
-343
133
-63
-23
465
271
831
781
608
930
626
567
688
898
576
374
456
33
-89
-283
-146
-86
-815
-380
-658
-913
-869
-441
-997
-545
-281
-620
-35
-166
-78
281
518
566
1118
874
1039
1320
1392
1389
1341
1244
1499
1218
1337
1033
758
273
96
408
123
-95
-912
-782
-1161
-1602
-753
-1199
-1569
-1430
-1790
-1545
-1378
-1079
-1093
-796
-772
-730
-319
-159
32
375
395
713
769
848
894
822
968
871
1174
761
849
435
283
71
349
99
-383
-278
-693
-837
-551
-750
-1043
-691
-1037
-804
-555
-430
-612
-337
0
281
349
766
591
797
1251
1180
1578
1180
1600
949
1521
1274
1033
653
401
373
174
-65
-327
-740
-1328
-1229
-1255
-1148
-1378
-1652
-1719
-1857
-1400
-1260
-998
-805
-990
-706
-380
61
167
506
441
761
916
1177
1356
1105
1280
1062
1412
1315
1242
769
677
427
393
514
-9
-254
-581
-709
-781
-681
-837
-1251
-1130
-1041
-971
-692
-714
-489
-663
-70
-74
513
524
840
910
930
915
1134
1253
1419
1629
860
846
104
341
292
551
-45
-675
-1155
-1687
-1225
-1097
-1108
-1511
-1809
-2195
-1818
-1390
-1203
-744
-1216
-797
-801
-280
135
320
625
669
1074
1026
1392
1427
1298
1528
1775
1511
1698
1208
954
826
907
939
661
428
-313
-376
-511
-217
-349
-426
-755
-1181
-857
-565
-491
-213
-361
-565
-18
-71
618
647
339
322
516
767
941
1131
312
131
-172
37
255
294
-673
-1092
-1487
-1445
-1013
-903
-1263
-1967
-1957
-2014
-1349
-932
-1020
-1059
-1118
-865
-376
67
376
219
593
770
1073
1284
1410
1220
1497
1521
1680
1748
1402
1284
929
1158
1065
936
637
384
-93
-83
-77
-126
-269
-485
-686
-689
-425
-398
-369
-335
-317
-220
357
486
570
426
178
335
853
1119
1116
382
113
-550
-277
339
-49
-160
-1529
-1924
-1949
-1432
-1228
-1236
-1908
-2638
-2484
-1928
-1233
-996
-1012
-1422
-1166
-761
-88
373
371
629
686
1066
1189
1657
1303
1510
1830
1830
1968
1406
1361
1131
1452
1248
1389
643
127
-58
266
391
100
-225
-714
-697
-589
156
-27
-222
-608
-385
384
521
1058
714
165
-39
756
1320
1512
916
41
-391
-695
307
307
195
-1506
-2116
-2329
-1672
-1267
-1276
-1961
-3063
-2932
-2454
-1205
-1203
-1306
-1583
-1612
-984
-259
504
345
488
590
1102
1190
1710
1500
1716
1921
1698
2070
1459
1510
1349
1714
1024
1270
372
457
221
457
255
-285
-381
-761
-145
-367
150
-415
-349
-609
-37
672
707
929
580
256
198
790
1628
1524
949
-120
-369
-741
334
448
82
-1622
-2570
-2504
-1895
-1016
-1525
-2112
-3493
-3284
-2668
-1032
-1101
-1464
-1755
-1906
-1006
-2
832
503
526
406
1180
1498
2095
1958
1813
1736
1837
2208
1822
1850
1466
1498
1070
1214
714
644
188
201
221
-226
-341
-561
-273
-414
-48
-332
-371
-617
-70
645
779
912
288
14
-22
1114
1768
1535
338
-689
-769
-373
758
443
-553
-2658
-3032
-2114
-1066
-1093
-2054
-3020
-4072
-2895
-1675
-612
-1631
-2039
-2287
-1380
17
629
741
268
231
783
2083
2198
2371
1835
1841
1881
2319
2527
2188
1869
1554
1262
1169
1032
834
667
156
-92
-228
-614
-399
-419
-340
-676
-684
-811
-407
-319
279
371
290
397
12
415
546
1512
1198
935
-358
-222
-351
508
493
-156
-1735
-2853
-2102
-1308
-816
-1964
-2836
-3837
-3256
-2112
-1018
-1319
-2424
-2709
-1864
-427
275
504
-14
-92
272
1757
2330
2254
1988
1503
1991
2365
2910
2595
2376
1588
1589
1390
1781
1434
1133
572
-223
114
-117
171
-197
-375
-949
-708
-584
-179
-221
-315
-41
-88
766
248
319
-77
854
1235
1179
272
-379
-505
-190
842
116
-989
-2775
-2460
-1418
-725
-1529
-2806
-3604
-3576
-2138
-1287
-1095
-2694
-2848
-2188
-593
200
121
-270
-537
286
1311
2335
1828
1736
1474
1973
2375
2704
2433
2098
2091
1630
1822
1421
1691
1013
1015
195
15
137
153
214
-321
-640
-1141
-187
-211
214
-335
-329
-224
453
1245
276
169
-192
1396
1313
1230
-239
-486
-743
422
1004
-284
-1992
-3248
-1769
-913
-743
-2419
-3267
-3961
-2939
-1340
-1133
-2050
-3366
-2505
-1342
22
-44
-385
-755
-304
968
1885
1975
1186
1595
1592
2220
2381
2508
2121
2075
1978
1506
1483
1255
1787
1212
740
-278
-28
66
470
445
-401
-1185
-904
78
289
293
-508
-431
46
1216
1022
394
-383
494
1571
1664
646
-576
-704
-223
1057
651
-1065
-3038
-2636
-965
-403
-1599
-3196
-3719
-3584
-1715
-927
-1608
-3279
-3241
-1766
-320
210
-532
-927
-787
430
1639
2051
1254
1012
1520
2100
2193
2413
2138
1859
2001
1809
1447
1296
1389
1519
937
188
-185
219
445
411
-164
-750
-985
-66
476
337
-489
-517
-17
1034
1382
447
-300
-208
1636
1786
1325
-638
-692
-607
1078
1093
-323
-2606
-3186
-1319
-101
-717
-2961
-3771
-3746
-2230
-992
-1026
-2821
-3669
-2534
-698
151
-369
-868
-1057
-192
992
1950
1516
923
1167
1841
2082
2000
2274
2069
1988
1718
1489
1188
1541
1627
1408
431
-274
108
712
925
86
-553
-1073
-246
643
846
-114
-710
-283
689
1733
805
-48
-510
1026
1785
1577
-1
-891
-763
518
1179
57
-1962
-3267
-1869
-301
-466
-2476
-3743
-3704
-2490
-1208
-1078
-2338
-3643
-2747
-1015
58
-328
-942
-1056
-327
855
1594
1552
865
1037
1605
2289
1950
1836
2004
2009
1907
1500
1188
1189
1664
1375
887
-208
-90
322
1011
579
-540
-1011
-567
537
794
363
-694
-458
381
1684
1393
-90
-561
532
2020
1710
581
-913
-817
-63
1402
743
-1431
-3326
-2474
-288
-215
-1792
-3576
-3732
-3036
-1230
-863
-1826
-3585
-3143
-1287
-25
6
-988
-1051
-702
622
1558
1742
817
771
1382
2141
2174
1828
1805
1700
1917
1610
1385
989
1453
1283
856
133
-168
213
520
663
-335
-897
-854
239
660
377
-488
-557
177
1262
1717
282
-409
25
1935
2024
1117
-533
-699
-243
1155
1312
-479
-2805
-2965
-713
146
-1075
-3072
-3741
-3314
-1787
-727
-1297
-2995
-3627
-1952
-269
165
-645
-1046
-916
50
1334
1816
1230
555
1133
1821
2283
1938
1760
1533
1645
1651
1444
1146
1035
1167
671
241
-208
87
241
288
-234
-884
-913
-306
446
239
-321
-613
-86
865
1502
660
-321
30
1390
2148
1281
-9
-675
-221
842
1531
170
-2143
-2988
-1277
299
-529
-2396
-3595
-3334
-2176
-812
-867
-2386
-3598
-2394
-605
251
-219
-1004
-935
-319
1108
1966
1605
707
840
1619
2323
2315
1994
1607
1417
1753
1551
1471
1016
1067
604
353
-97
41
48
-118
-295
-866
-857
-703
68
-89
-422
-746
-228
365
1184
897
-384
-231
834
2176
1431
440
-723
-291
353
1608
828
-1339
-2964
-2035
228
18
-1608
-3364
-3338
-2734
-992
-534
-1589
-3407
-3029
-1011
145
255
-716
-962
-716
715
1905
2113
987
657
1355
2226
2628
2185
1883
1232
1730
1759
1692
1226
1052
683
372
144
-15
188
-219
-254
-705
-883
-841
-208
12
-376
-741
-432
102
876
1145
-87
-470
255
1883
1768
827
-603
-695
-62
1247
1358
-579
-2794
-2882
-528
291
-942
-2918
-3636
-3232
-1663
-443
-1080
-2882
-3514
-1753
-140
477
-258
-961
-924
203
1746
2297
1564
657
1120
2041
2788
2481
2015
1448
1607
2000
1821
1380
1043
895
523
350
106
-9
-246
-214
-369
-836
-947
-587
-91
-245
-508
-536
-122
480
1172
389
-380
12
1404
1884
1108
-90
-716
-290
765
1484
86
-2249
-3130
-1323
231
-646
-2392
-3629
-3547
-2278
-668
-780
-2461
-3617
-2406
-537
476
85
-826
-1030
-261
1499
2407
1919
817
946
1801
2828
2761
2149
1471
1475
2041
2044
1569
975
774
458
512
236
43
-418
-417
-420
-690
-951
-732
-245
-335
-510
-614
-107
223
1169
615
-365
-153
1054
2071
1330
274
-812
-410
402
1616
606
-1729
-3336
-2037
97
-257
-1894
-3594
-3809
-2978
-925
-558
-1933
-3706
-3117
-1031
325
418
-632
-1159
-650
1116
2503
2368
1124
861
1712
2836
3229
2449
1816
1574
2179
2330
1897
1121
820
716
569
392
-121
-509
-656
-267
-662
-1183
-1200
-683
-404
-412
-678
-560
-128
804
686
-160
-120
710
1738
1495
524
-546
-500
333
1538
892
-1426
-3144
-2213
-59
-74
-1631
-3385
-4005
-3127
-1099
-400
-1855
-3650
-3362
-1395
256
619
-539
-1327
-859
1010
2511
2595
1301
829
1583
2978
3444
2746
1980
1572
2387
2500
2184
1233
1088
677
815
484
67
-633
-479
-122
-511
-1129
-1348
-750
-345
-153
-555
-492
-288
637
399
255
67
893
1188
1214
185
-318
-431
459
1117
186
-1829
-3055
-1697
-389
-415
-2162
-3556
-4044
-2720
-953
-712
-2258
-3733
-2953
-1227
502
438
-586
-1402
-556
1324
2596
2491
1271
962
1637
3202
3324
2843
1798
1779
2275
2542
1975
1233
1082
595
853
364
32
-851
-265
-174
-365
-1196
-1228
-881
-182
-36
-238
-306
-146
346
115
621
620
1217
724
683
-215
-130
-12
887
573
-865
-2506
-2561
-933
-463
-1056
-2862
-3772
-3824
-1937
-653
-1113
-2908
-3588
-2334
-552
752
254
-813
-1325
-3
1893
2802
2194
1098
1022
1966
3237
3303
2557
1608
1685
2141
2249
1726
1089
736
445
444
187
-372
-706
-435
-193
-770
-1199
-1265
-535
-175
94
-44
-95
162
-166
579
838
1674
898
704
-80
46
-8
947
976
-373
-2095
-2801
-1333
-589
-646
-2477
-3469
-4051
-2839
-1334
-776
-2161
-3564
-2992
-1473
308
427
-114
-1053
-590
877
2459
2760
1912
1248
1445
2637
3191
3225
2374
1908
1750
1909
1980
1614
1071
549
305
-5
-292
-543
-466
-403
-765
-1194
-1372
-992
-432
-112
142
-140
152
-349
19
650
1827
1648
692
-199
-398
262
819
1635
95
-1799
-3357
-1694
-198
-153
-1928
-3660
-3897
-3308
-1338
-797
-1232
-3303
-3260
-1909
130
681
113
-405
-575
536
1674
2785
2358
1919
1384
2188
2583
2826
2631
2396
2056
1281
1224
1203
1352
714
410
-191
-809
-1011
-642
-15
-501
-1107
-1674
-1185
-610
-15
469
296
293
-477
2
323
1931
1949
1407
-149
-698
-331
602
1751
711
-1084
-3599
-2622
-1051
362
-1117
-3005
-4041
-3673
-2002
-1018
-645
-2291
-2709
-2458
-512
351
492
32
108
720
1071
1831
2023
2468
2049
2356
2113
2152
1898
2327
2650
2105
1045
370
783
878
800
291
-294
-1124
-1153
-331
-3
-367
-1211
-1124
-798
-207
127
547
681
52
-242
-183
1077
1386
1542
307
-330
-999
-302
482
713
-455
-2383
-2739
-2020
-623
-1062
-1828
-3043
-2794
-2258
-1382
-1103
-1462
-1545
-1342
-331
11
201
-93
542
1320
1848
1596
1247
1484
1932
2618
2609
2155
1328
1281
1721
2191
1695
801
238
226
378
244
-40
-564
-907
-764
-452
-548
-926
-1065
-731
-375
-369
-458
-297
16
25
-183
-212
-51
149
179
110
-209
-667
-763
-443
-238
-523
-1070
-1285
-1012
-879
-861
-947
-1019
-869
-712
-451
-465
-379
-227
200
454
570
360
397
679
1095
1369
1098
870
746
1052
1388
1438
1013
552
404
742
1029
772
274
-138
-80
-5
24
-29
-302
-496
-542
-367
-441
-542
-652
-412
-326
-500
-679
-654
-324
-371
-388
-553
-556
-592
-424
-180
-179
-400
-544
-352
-170
58
27
24
-45
4
123
289
382
319
291
278
297
295
380
414
400
220
53
33
217
266
249
21
-113
-135
54
333
344
99
-200
-57
298
501
481
188
49
80
275
383
464
293
56
16
32
82
-47
-39
-125
-216
-439
-508
-391
-388
-494
-646
-531
-585
-555
-454
-284
-266
-368
-299
-163
88
142
206
191
193
275
383
463
416
356
245
276
299
303
200
127
49
-83
-170
-145
-91
-111
-189
-266
-311
-351
-221
-53
81
-95
-222
-129
86
265
336
285
76
-22
167
386
536
362
138
40
95
195
232
267
48
-123
-166
24
77
-93
-272
-293
-169
-143
-160
-170
-161
-259
-209
-176
-110
-137
-136
-112
-176
-167
-130
-59
-112
-116
-215
-207
-169
-20
-28
-150
-199
-195
-105
-114
-89
-48
-13
-37
14
19
3
10
192
362
274
103
54
216
434
531
449
180
21
191
523
610
444
131
5
155
320
469
320
52
-145
68
246
212
-58
-162
-113
-73
50
-79
-91
-261
-194
-166
-123
-241
-313
-231
-213
-241
-363
-335
-355
-303
-289
-354
-448
-423
-283
-263
-319
-425
-436
-353
-328
-240
-201
-111
-209
-129
-50
14
80
294
462
361
275
276
616
791
835
614
427
395
587
825
830
609
226
104
180
441
463
166
-223
-279
-108
3
-140
-307
-420
-445
-362
-311
-274
-362
-364
-371
-292
-352
-376
-307
-139
-98
-193
-249
-315
-224
-131
17
-93
-313
-439
-271
32
90
-70
-398
-534
-355
154
485
261
-211
-270
201
601
682
534
344
322
502
756
782
607
426
390
347
243
93
171
275
188
-159
-427
-395
-104
39
-234
-491
-508
-184
-94
-106
-250
-255
-265
-134
-16
-6
-52
-128
-42
-43
-69
-174
-91
-35
-58
-116
-170
-183
-245
-57
1
-76
-375
-408
-150
75
55
-166
-199
-231
-46
63
213
100
72
83
198
256
318
375
318
160
33
190
386
458
168
-187
-309
2
308
360
118
-185
-167
137
604
672
475
165
378
721
901
760
601
622
570
423
277
211
83
-83
-299
-559
-799
-899
-916
-976
-1208
-1353
-1348
-1247
-1309
-1305
-1131
-860
-844
-875
-778
-459
-172
-91
56
113
262
350
519
721
793
789
693
797
907
1019
897
692
591
568
642
598
569
281
142
82
384
403
348
181
181
215
190
366
486
642
464
346
83
31
67
290
190
-351
-854
-1079
-830
-850
-1050
-1560
-1894
-1976
-1610
-1271
-1493
-1832
-1850
-1200
-786
-586
-674
-364
29
417
721
956
1093
1173
1490
1700
1869
1719
1653
1555
1736
1753
1553
1102
774
738
651
371
-118
-362
-593
-728
-882
-990
-1178
-1388
-1417
-1265
-1117
-1097
-891
-713
-563
-418
-106
377
696
854
870
1064
1258
1577
1796
1651
1285
929
951
1142
977
523
26
-500
-774
-774
-800
-1275
-1891
-2086
-1910
-1741
-1762
-2023
-1832
-1754
-1623
-1212
-903
-911
-476
-84
328
680
729
1095
1295
1611
1955
1933
1863
1764
1791
1990
1680
1340
1027
806
710
519
166
-235
-689
-734
-830
-936
-1126
-1144
-1075
-947
-950
-854
-421
-216
60
88
306
598
946
1057
944
591
527
749
895
473
-91
-522
-696
-627
-822
-1299
-1876
-2213
-1931
-1505
-1598
-1956
-1976
-1569
-1046
-660
-652
-507
-165
588
1267
1578
1521
1670
2018
2425
2628
2660
2433
2169
2006
1933
1897
1496
964
371
53
-203
-445
-939
-1472
-1779
-1857
-1699
-1651
-1735
-1782
-1522
-1180
-595
-107
115
437
667
1219
1921
2247
2054
1712
1533
1769
1910
1719
977
132
-350
-492
-594
-1176
-2020
-2691
-2747
-2709
-2527
-2942
-3301
-3257
-2762
-2049
-1718
-1708
-1521
-915
-115
674
965
1093
1225
1809
2325
2629
2516
2261
2024
2006
2071
1850
1356
680
217
44
-103
-473
-1058
-1569
-1611
-1471
-1209
-1140
-1154
-889
-513
-32
426
827
1210
1673
2148
2182
2125
1989
2051
2059
1771
1085
413
-227
-614
-1046
-1663
-2394
-3107
-3376
-3485
-3455
-3703
-3814
-3775
-3189
-2634
-2100
-1714
-1304
-489
377
1301
1902
2098
2549
3212
3701
3993
3849
3681
3479
3232
3071
2686
1939
1117
617
256
-149
-975
-1761
-2252
-2316
-2206
-2249
-2264
-2390
-1852
-1238
-478
5
367
856
1639
2432
2731
2856
2571
2758
2884
2858
2100
1290
408
-77
-478
-1204
-2077
-3086
-3652
-3954
-3838
-4108
-4480
-4475
-4067
-3464
-2809
-2349
-1827
-1045
-353
847
1673
2272
2771
3089
3801
4201
4356
4074
3685
3329
3252
2893
2157
1112
397
-73
-570
-1242
-2000
-2392
-2642
-2588
-2633
-2404
-2168
-1676
-1083
-505
144
953
1876
2256
2386
2362
2863
3164
3140
2711
1838
1054
385
-58
-725
-1533
-2976
-3702
-4126
-4080
-4258
-4816
-5001
-4812
-3871
-3329
-2803
-2581
-1664
-459
654
1612
2136
2779
3298
3962
4591
4832
4588
3966
3579
3639
3204
2328
1160
101
-148
-695
-1414
-2680
-3361
-3326
-3119
-2900
-3099
-2743
-2350
-1404
-584
370
1064
1791
2843
3585
4063
3867
3924
4181
4128
3616
2666
1361
344
-388
-1079
-2037
-3621
-4777
-5423
-5487
-5555
-5898
-5970
-5751
-5113
-4141
-3200
-2282
-1323
-383
957
2190
3320
3935
4419
5038
5606
5831
5279
4811
4162
3957
3183
2024
797
-269
-773
-1730
-2659
-3515
-4023
-4132
-4068
-3829
-3565
-3213
-2567
-1707
-577
546
1679
2601
3106
3503
3863
4486
4661
4541
3989
3043
2110
1216
763
-191
-1579
-3118
-4098
-4441
-4632
-4988
-5469
-5522
-5129
-4417
-3807
-2821
-2012
-951
63
1172
2523
3333
4048
4545
5243
5690
5467
4948
4312
3982
3489
2643
1374
148
-710
-1546
-2186
-3160
-3934
-4461
-4488
-4136
-3868
-3591
-3110
-2370
-1116
24
1160
2318
3156
3783
4006
4551
4840
4860
4502
3835
3004
1753
850
15
-931
-2429
-4041
-4865
-5062
-5210
-5910
-6253
-5888
-5263
-4528
-3703
-2564
-1550
-416
788
2308
3437
4070
4627
5578
6365
6259
5774
5252
4814
4238
3247
2229
830
-588
-1660
-2461
-3148
-4208
-5025
-5376
-5280
-5176
-4838
-4273
-3415
-2401
-1471
-122
1333
2718
3732
4202
4774
5084
5406
5342
5043
4346
3078
1700
751
80
-1185
-3029
-4632
-5203
-5471
-5919
-6523
-6680
-6404
-5818
-4708
-3642
-2415
-1736
-392
1219
2905
3954
4384
5440
6188
6775
6523
6205
5825
5115
4274
3422
2222
626
-860
-1746
-2354
-3441
-4594
-5143
-5059
-4884
-5009
-4458
-3738
-2834
-2165
-883
656
2074
2799
3163
3988
4687
5049
4729
4560
4027
3068
1786
1192
374
-1005
-2879
-3855
-4182
-4723
-5361
-5922
-5673
-5572
-5170
-4116
-2898
-2065
-1612
-179
1626
3070
3606
4225
5222
6051
6023
6024
5906
5406
4436
3551
3104
1873
288
-1274
-1623
-2538
-3597
-4670
-4806
-4639
-4920
-4734
-4159
-3194
-2628
-1603
-253
1239
2147
3000
3658
4199
4728
4618
4762
4439
3730
2496
1313
587
-382
-1643
-3226
-4175
-4924
-5394
-5772
-6027
-5850
-5669
-5098
-3871
-2728
-1643
-955
519
2020
3320
4335
5007
5806
5995
6215
6125
5910
5166
4127
3188
2286
1134
-374
-1524
-2360
-3066
-4017
-4568
-4904
-4837
-4673
-4267
-3568
-2917
-2011
-1084
405
1614
2947
3511
3826
4306
4698
4910
4457
3872
2752
1767
705
-20
-1161
-2621
-4040
-4797
-5041
-5522
-5965
-6256
-5789
-5354
-4539
-3414
-2345
-1422
-364
1380
2798
3850
4546
5336
6002
6267
6162
5842
5367
4597
3606
2752
1735
338
-1054
-2089
-2630
-3511
-4262
-4606
-4721
-4569
-4287
-3491
-2768
-1893
-1067
104
1458
2676
3655
4010
4570
4775
4997
4539
4080
3219
2027
814
-322
-1116
-2600
-3910
-5271
-5538
-5904
-6327
-6604
-6287
-5535
-4983
-3691
-2600
-1370
-523
1127
2740
4010
4774
5389
6112
6582
6749
6255
5767
4878
4079
2930
2159
769
-798
-2070
-2726
-3232
-4107
-4438
-4722
-4432
-4179
-3419
-2776
-1961
-1066
15
1299
2573
3274
3607
4262
4672
4877
4338
3990
2862
1857
750
-97
-1392
-2951
-4015
-4953
-5157
-5851
-6055
-6220
-5688
-5134
-4497
-3352
-2423
-1400
-288
1384
2532
3562
4366
5255
5699
6069
6144
5765
5181
4333
3551
2432
1518
113
-994
-1921
-2613
-3509
-4191
-4207
-4289
-4071
-3927
-3301
-2603
-1565
-621
463
1600
2765
3442
3856
4657
4904
4915
4196
3963
2933
1918
660
-355
-1649
-3176
-4231
-5154
-5432
-6122
-6366
-6312
-5706
-5210
-4477
-3209
-2149
-1214
-105
1688
2787
3641
4362
5265
5746
5849
5807
5516
5126
4099
3093
2031
1197
-297
-1501
-2278
-2767
-3548
-4180
-4164
-4100
-3709
-3315
-2617
-1802
-1043
-1
1127
2601
3208
3474
4064
4665
4964
4345
4299
3343
2381
1134
479
-593
-2242
-3461
-4403
-4771
-5448
-5847
-5937
-5612
-5121
-4465
-3462
-2382
-1550
-460
811
2033
2867
3597
4335
4760
5155
5134
5075
4526
4101
3355
2444
1533
266
-760
-1763
-2290
-3039
-3579
-3858
-3763
-3702
-3281
-2664
-1826
-1259
-415
646
1759
2694
2923
3687
3963
4457
3801
3830
3269
2387
1348
444
-331
-2037
-3039
-3988
-4213
-5002
-5427
-5534
-5282
-4666
-4246
-3230
-2407
-1363
-421
932
2051
2778
3422
4164
4608
4793
4882
4684
4354
3779
3242
2301
1627
536
-328
-1370
-1957
-2619
-3240
-3327
-3442
-3149
-3151
-2487
-1930
-1123
-242
532
1571
1840
2558
2902
3462
3338
3087
2978
2263
1743
713
250
-964
-1943
-2921
-3378
-3887
-4455
-4570
-4560
-4209
-3968
-3146
-2484
-1556
-813
343
1247
1949
2671
3252
3765
4018
4302
4225
4016
3622
3233
2697
1990
1141
258
-444
-1100
-1721
-2308
-2779
-3054
-3094
-2855
-2621
-2122
-1691
-984
-257
638
1386
1563
2218
2513
2956
2612
2691
2321
1660
1043
431
-11
-1287
-2004
-2779
-3037
-3662
-4028
-4064
-3945
-3612
-3366
-2564
-1992
-1272
-625
519
1219
1821
2299
2903
3251
3444
3740
3569
3412
3047
2882
2206
1699
944
425
-190
-696
-1131
-1707
-1780
-2117
-1991
-2079
-1700
-1495
-1133
-520
-9
712
794
1399
1547
2004
1830
1753
1583
1093
708
51
-179
-1185
-1709
-2297
-2386
-2803
-3088
-3057
-3037
-2717
-2574
-1761
-1490
-910
-540
378
932
1290
1738
1993
2411
2348
2637
2407
2442
2113
1973
1667
1286
876
403
264
-101
-338
-723
-668
-833
-709
-687
-477
-335
-175
298
565
1025
751
1027
1063
1313
862
619
489
-129
-478
-1106
-1161
-2164
-2465
-2802
-2763
-2870
-2987
-2729
-2641
-2020
-1735
-966
-646
-12
333
1112
1498
1701
1943
2102
2185
1947
2179
1772
1606
1105
1285
804
564
211
-40
-101
-339
-115
-449
-220
-468
-50
81
424
489
613
1111
1254
1611
1263
1447
1119
1138
629
322
-235
-979
-1330
-1897
-2116
-3077
-3139
-3471
-3300
-3305
-3004
-2555
-2311
-1508
-1098
-122
105
844
1240
1988
2204
2150
2395
2249
2250
1744
1830
1207
850
424
341
-19
-467
-572
-734
-566
-617
-427
-469
-142
137
487
799
1078
1290
1555
2038
2223
2116
1956
1892
1591
1094
552
-33
-945
-1561
-2169
-2656
-3422
-3884
-4050
-4132
-3800
-3816
-3258
-2827
-1908
-1217
-357
482
928
1710
2312
2970
2862
2910
2992
2667
2401
1902
1568
825
406
9
-511
-864
-1222
-1365
-1506
-1331
-1300
-1065
-755
-144
154
804
1102
1692
2012
2557
2940
2718
2897
2541
2457
1809
1456
828
-381
-964
-1943
-2231
-3421
-3818
-4330
-4578
-4375
-4479
-3736
-3647
-2571
-2056
-908
-35
567
1468
2086
2947
2831
3176
3282
3124
2797
2456
2152
1328
813
471
-42
-529
-1035
-1295
-1514
-1489
-1405
-1534
-1181
-933
-467
-28
557
1068
1351
2108
2520
2711
2714
2793
2776
2227
1923
1272
367
-404
-1160
-1672
-2759
-3367
-3982
-4194
-4124
-4269
-4009
-3892
-2964
-2442
-1577
-679
-45
772
1462
2441
2506
2669
2915
2869
2715
2359
2199
1519
1093
814
249
-85
-560
-658
-1062
-944
-845
-993
-786
-600
-207
-2
423
790
1006
1664
1892
1911
2029
2098
2058
1383
1507
728
80
-628
-998
-1647
-2762
-2835
-3401
-3345
-3633
-3383
-3252
-2950
-2127
-1785
-879
-393
254
727
1503
2116
1966
2237
2340
2264
1980
1753
1450
766
659
324
-113
-403
-537
-645
-802
-440
-491
-590
-225
178
504
580
1045
1289
1525
2045
1908
2060
1815
1900
1318
1021
703
-306
-828
-1552
-1752
-2789
-3061
-3380
-3576
-3468
-3512
-2993
-2832
-1906
-1517
-712
76
704
1227
1754
2501
2395
2408
2385
2427
1977
1638
1259
698
253
-40
-358
-764
-964
-1181
-1163
-1032
-787
-823
-501
-37
362
684
1089
1684
1924
2441
2435
2608
2439
2380
1930
1419
1017
17
-576
-1372
-1778
-2898
-3314
-3623
-3893
-3954
-3933
-3429
-3284
-2412
-1937
-1067
-375
456
1105
1749
2529
2593
2840
2816
2892
2424
2135
1620
1045
593
189
-280
-796
-964
-1316
-1355
-1316
-1121
-1236
-901
-502
-116
212
618
1181
1474
2173
2244
2588
2617
2726
2416
2038
1700
716
144
-692
-1197
-2343
-2923
-3466
-3844
-3997
-4090
-3801
-3670
-2917
-2409
-1567
-945
-150
484
1272
1885
2180
2496
2631
2740
2454
2455
1940
1597
1076
859
355
-122
-388
-735
-777
-1034
-870
-1075
-804
-734
-383
-134
141
519
889
1453
1484
1913
1973
2306
1996
2057
1653
1134
603
4
-454
-1513
-1926
-2721
-2860
-3406
-3440
-3472
-3279
-2823
-2567
-1688
-1258
-508
-116
681
1040
1296
1603
1714
1809
1582
1653
1346
1248
989
889
685
576
430
278
264
166
59
-31
61
20
54
80
318
410
654
650
865
990
1135
1096
1040
1008
595
437
67
-195
-871
-1177
-1490
-1840
-2051
-2296
-2230
-2368
-1967
-1888
-1420
-1099
-668
-321
-9
449
360
695
638
784
466
512
422
240
286
189
281
193
508
566
728
871
952
997
1040
1148
1039
964
990
942
940
830
743
608
564
531
341
297
-93
-273
-581
-662
-1157
-1522
-1634
-1799
-1784
-1946
-1655
-1716
-1296
-1051
-639
-325
-140
293
412
795
561
613
466
378
136
-127
-199
-552
-532
-579
-460
-460
-288
-5
226
621
825
1084
1201
1481
1604
1591
1639
1577
1660
1385
1345
1146
964
665
386
233
-296
-532
-988
-1171
-1606
-1770
-1972
-2212
-2058
-2069
-1774
-1667
-1110
-896
-434
76
408
703
869
1244
1027
1102
871
674
298
46
-251
-672
-671
-893
-920
-985
-611
-528
-306
77
342
627
792
1218
1295
1468
1488
1531
1629
1528
1459
1268
1275
981
687
527
151
-173
-699
-881
-1329
-1613
-1812
-2005
-1898
-1980
-1707
-1596
-1096
-825
-470
-2
226
552
638
914
742
767
666
453
247
46
-84
-417
-456
-505
-577
-585
-400
-217
-107
147
406
577
733
948
1103
1142
1165
1162
1147
941
868
733
600
320
192
35
-262
-367
-602
-712
-1028
-1025
-1180
-1255
-1130
-1191
-1001
-945
-474
-422
-103
234
306
502
511
742
317
363
159
-145
-392
-528
-541
-895
-658
-608
-491
-327
47
286
414
799
955
1018
1170
1363
1253
1210
1233
1157
861
814
628
280
11
-221
-453
-930
-957
-1253
-1425
-1521
-1453
-1430
-1476
-1040
-882
-577
-349
35
179
363
747
764
832
809
888
635
539
408
33
-241
-354
-472
-733
-741
-693
-714
-602
-270
-110
105
390
781
899
1151
1332
1341
1439
1429
1399
1007
1014
740
413
94
-139
-439
-906
-955
-1233
-1445
-1670
-1604
-1651
-1624
-1388
-1231
-977
-721
-358
-152
201
469
676
812
998
949
827
830
693
445
185
168
-61
-188
-259
-248
-331
-264
-84
-32
140
321
528
591
773
843
854
900
952
827
689
631
464
224
95
-51
-382
-542
-677
-834
-1087
-1081
-1203
-1284
-1199
-1100
-1071
-1016
-677
-627
-407
-155
70
129
311
579
457
548
618
631
443
468
425
187
208
191
165
59
217
235
280
452
525
512
606
690
603
542
547
344
129
115
-70
-334
-425
-338
-510
-577
-491
-503
-530
-481
-350
-445
-407
-400
-364
-352
-335
-356
-330
-171
-109
-35
84
198
192
258
277
234
98
76
-31
-83
-119
-128
-76
7
188
273
480
569
711
771
832
768
682
558
326
140
-54
-213
-470
-503
-574
-644
-724
-672
-636
-621
-523
-469
-374
-283
-125
-23
86
183
246
386
503
582
539
532
525
439
338
187
104
-51
-162
-249
-264
-307
-358
-293
-184
-123
-80
34
133
203
229
276
269
254
117
50
-32
-173
-362
-444
-472
-592
-618
-590
-531
-517
-370
-240
-149
-41
64
158
227
335
351
415
486
557
578
640
669
642
620
553
474
350
226
19
-87
-170
-258
-318
-253
-142
-82
76
182
280
303
342
255
106
-57
-313
-520
-766
-958
-1199
-1197
-1203
-1176
-1072
-869
-653
-517
-238
-85
99
206
376
453
504
577
595
698
731
799
810
847
823
781
750
629
496
356
251
80
-23
-105
-157
-177
-123
-72
9
113
190
267
292
295
195
135
-13
-226
-449
-637
-829
-1022
-1086
-1179
-1226
-1169
-1047
-909
-771
-540
-378
-193
18
183
288
394
517
559
598
676
686
699
699
725
643
603
590
486
430
359
328
233
232
219
152
149
155
193
183
210
185
112
80
-18
-130
-290
-405
-534
-659
-719
-806
-811
-840
-763
-722
-621
-539
-464
-317
-248
-119
-105
-17
18
123
224
279
398
418
511
522
583
556
477
478
374
326
208
193
98
54
76
76
136
157
257
246
308
297
225
159
87
-29
-209
-311
-426
-540
-629
-640
-674
-632
-548
-470
-368
-275
-192
-157
-51
-3
-7
-2
38
46
47
122
142
185
235
329
362
392
418
375
356
341
287
188
134
107
47
64
71
84
84
137
157
111
117
51
-33
-150
-219
-319
-434
-475
-514
-500
-479
-400
-331
-253
-127
-63
-7
19
60
53
64
84
90
79
96
135
168
203
225
231
200
215
182
129
56
36
9
-36
-4
42
88
158
261
327
346
386
376
317
222
81
-70
-220
-330
-498
-595
-623
-664
-653
-576
-424
-384
-277
-154
-67
-28
-2
71
51
90
89
140
189
219
279
325
439
433
468
450
439
324
215
121
-23
-142
-258
-270
-325
-294
-260
-118
3
131
260
362
450
436
426
320
202
53
-101
-272
-409
-497
-570
-570
-509
-446
-381
-289
-184
-134
-111
-101
-156
-188
-221
-228
-256
-212
-140
-44
105
277
431
533
648
683
670
583
475
306
153
-6
-143
-235
-290
-266
-220
-85
6
146
226
333
358
333
263
167
76
-87
-157
-259
-294
-362
-294
-253
-223
-129
-44
27
-8
38
-40
-122
-219
-291
-371
-447
-436
-435
-338
-234
-97
22
178
307
380
458
473
420
323
266
140
29
-54
-83
-135
-109
-21
42
113
175
251
265
281
261
206
143
83
27
-43
-78
-112
-97
-71
-31
-19
24
39
23
-7
-48
-113
-226
-263
-316
-339
-381
-346
-314
-260
-164
-78
9
74
167
194
219
215
184
159
125
80
14
4
-12
-33
-28
-18
-40
-33
22
16
-18
-19
15
-13
18
60
83
105
168
230
241
298
298
299
258
229
142
46
-28
-147
-223
-323
-363
-417
-398
-357
-333
-262
-210
-123
-64
-8
20
43
67
56
53
63
45
63
93
155
158
185
224
211
201
115
63
-46
-130
-225
-303
-327
-376
-351
-268
-135
-46
67
262
364
437
479
518
461
371
313
187
73
-16
-75
-140
-176
-147
-158
-120
-79
-74
-91
-116
-125
-206
-247
-299
-354
-364
-346
-282
-232
-102
0
94
210
302
365
350
370
304
207
107
3
-84
-203
-240
-290
-266
-239
-173
-88
-17
79
123
206
219
241
218
184
149
102
85
41
40
52
98
140
176
206
219
234
202
154
76
-16
-106
-201
-282
-375
-415
-426
-410
-369
-298
-215
-150
-61
9
59
61
50
38
7
-16
-54
-47
-62
-37
-8
41
88
140
201
216
256
239
221
157
118
33
-50
-77
-116
-142
-146
-94
-77
-21
69
146
192
254
311
317
330
309
242
169
111
25
-65
-122
-180
-242
-282
-295
-332
-338
-342
-361
-351
-332
-323
-328
-276
-233
-202
-120
-18
58
127
245
332
376
412
443
452
424
394
323
255
156
64
-26
-94
-181
-259
-273
-291
-291
-280
-211
-164
-98
8
93
161
203
273
288
288
255
213
166
107
59
-20
-84
-155
-192
-233
-254
-304
-323
-342
-333
-337
-347
-316
-297
-234
-191
-83
-20
86
188
292
383
439
504
506
528
488
438
336
261
153
54
-44
-147
-211
-272
-279
-319
-295
-288
-254
-233
-175
-142
-124
-76
-42
-4
9
56
72
102
130
168
189
200
205
182
178
125
62
-10
-65
-142
-224
-255
-298
-330
-331
-279
-228
-167
-73
16
99
172
238
284
300
317
317
310
293
252
225
181
158
109
68
22
-30
-79
-150
-212
-296
-363
-418
-437
-441
-433
-391
-325
-241
-135
-31
77
172
272
333
382
394
381
348
296
246
150
100
31
-13
-71
-95
-112
-144
-141
-149
-148
-170
-164
-164
-164
-151
-134
-100
-62
-1
61
132
210
275
321
345
340
300
236
158
53
-56
-162
-258
-331
-380
-398
-398
-363
-306
-237
-157
-79
-3
45
85
122
144
159
157
176
190
201
203
220
237
230
215
197
167
105
48
-22
-96
-187
-242
-289
-315
-325
-305
-261
-208
-125
-59
37
102
167
200
233
244
219
201
156
112
60
31
-11
-38
-48
-53
-67
-65
-51
-56
-60
-67
-58
-73
-64
-86
-77
-72
-62
-36
-13
32
52
105
128
137
142
141
120
83
62
9
-40
-81
-122
-160
-172
-173
-181
-156
-102
-81
-59
-11
13
22
41
81
63
72
66
63
55
62
66
48
84
81
81
84
106
89
66
79
45
25
-8
-16
-57
-87
-102
-131
-123
-133
-125
-126
-83
-67
-48
-25
1
21
32
47
39
42
15
8
-7
-10
-34
-42
-26
-33
-16
-6
11
8
19
23
4
13
3
-3
-20
-10
-14
-17
20
51
80
107
155
184
200
204
174
144
101
68
3
-54
-105
-161
-185
-207
-200
-202
-163
-125
-76
-42
-12
21
29
46
23
21
9
10
-4
-10
1
2
18
26
64
63
66
68
57
31
-13
-31
-67
-90
-110
-104
-98
-75
-30
5
53
85
130
157
175
177
159
121
87
42
-1
-43
-80
-110
-126
-115
-106
-93
-81
-48
-21
1
15
12
11
-5
-22
-48
-63
-81
-88
-83
-60
-47
-26
17
43
62
78
109
98
85
70
51
12
-17
-28
-39
-40
-28
-11
12
49
65
79
84
93
79
67
42
5
-32
-55
-74
-98
-92
-86
-63
-38
0
20
40
64
73
67
57
45
6
-23
-49
-80
-119
-141
-151
-156
-149
-132
-113
-83
-50
-8
13
48
67
89
113
114
121
109
126
109
100
102
103
99
90
110
96
78
61
45
15
-21
-46
-78
-109
-124
-125
-126
-113
-90
-52
-20
13
38
69
77
69
55
31
4
-48
-72
-111
-141
-167
-169
-172
-173
-140
-115
-83
-68
-22
6
31
51
68
84
89
101
108
126
128
137
148
167
169
168
167
155
131
108
85
40
3
-42
-67
-95
-119
-134
-130
-107
-104
-86
-66
-42
-33
-21
-5
-17
-23
-33
-43
-61
-76
-86
-100
-94
-89
-80
-72
-57
-46
-41
-18
-14
-9
1
15
16
19
34
48
59
85
114
130
158
179
198
200
200
186
170
147
116
78
36
-4
-49
-71
-98
-119
-138
-133
-141
-144
-137
-131
-125
-119
-92
-84
-77
-64
-41
-29
-19
-4
15
28
26
32
27
20
2
-6
-20
-36
-46
-54
-54
-61
-48
-37
-13
8
35
65
89
118
137
156
155
172
170
161
147
132
110
68
50
12
-28
-70
-90
-125
-159
-169
-183
-178
-180
-156
-148
-118
-84
-58
-21
8
30
37
62
70
62
63
66
57
41
40
29
9
2
-5
-13
-18
-20
-30
-28
-26
-24
-20
-6
8
25
52
69
78
99
117
116
114
112
98
67
51
22
-5
-37
-59
-74
-87
-83
-93
-83
-84
-78
-71
-61
-58
-68
-57
-57
-48
-47
-35
-26
-9
19
31
48
66
81
85
88
88
67
55
43
35
15
4
-3
-10
-9
-11
-7
-11
1
5
12
13
8
3
-8
-13
-19
-22
-28
-25
-15
-4
-3
5
17
27
34
36
28
9
2
-22
-51
-82
-99
-110
-116
-108
-102
-83
-57
-29
-7
18
41
52
69
81
74
65
61
59
44
44
47
39
43
45
50
31
27
13
-5
-18
-31
-44
-63
-58
-63
-63
-53
-37
-24
-7
22
38
45
54
59
53
43
28
14
-7
-15
-31
-46
-61
-65
-60
-66
-50
-46
-28
-16
-3
6
10
25
23
26
24
31
32
26
35
30
29
28
33
32
19
20
10
4
-12
-16
-28
-33
-34
-33
-19
-12
0
6
25
38
37
39
38
35
27
16
4
-14
-17
-28
-31
-36
-34
-22
-21
-7
-3
0
1
7
14
12
13
15
20
16
20
18
14
12
12
9
-2
-12
-25
-36
-50
-61
-75
-75
-72
-63
-54
-37
-20
0
26
44
59
68
82
84
83
77
61
42
31
18
5
-10
-20
-25
-29
-26
-41
-41
-36
-34
-31
-26
-22
-21
-5
6
8
13
33
45
53
60
63
53
39
28
5
-15
-45
-70
-88
-101
-120
-131
-127
-114
-97
-72
-41
-18
12
37
60
75
87
95
104
111
102
92
90
87
72
60
55
34
15
5
-16
-42
-60
-69
-84
-87
-86
-81
-72
-52
-26
-13
17
33
52
64
70
66
57
52
28
14
-7
-23
-52
-62
-70
-84
-88
-83
-73
-79
-65
-56
-43
-32
-14
12
23
47
61
83
96
108
113
119
121
113
101
79
63
32
16
-12
-31
-51
-67
-73
-86
-87
-94
-84
-79
-70
-60
-45
-32
-23
-11
0
10
12
23
27
30
28
25
23
14
11
6
-3
-9
-14
-11
-12
-17
-12
-10
-1
0
4
13
16
25
29
36
37
38
44
48
48
45
44
40
36
22
9
-5
-19
-31
-46
-53
-67
-69
-74
-74
-71
-70
-62
-55
-47
-36
-28
-27
-17
-12
6
4
17
31
36
50
56
74
65
73
80
78
68
56
57
40
28
10
-5
-23
-30
-37
-45
-44
-43
-35
-35
-22
-20
-14
-2
1
6
5
8
3
-4
-5
-6
-12
-10
-14
-11
-13
-18
-28
-38
-37
-45
-51
-55
-52
-48
-40
-30
-17
2
25
51
68
90
100
112
114
114
110
92
81
65
49
29
8
-13
-30
-41
-49
-63
-73
-74
-72
-73
-75
-73
-70
-60
-51
-42
-29
-15
-1
15
26
34
41
47
50
43
37
31
12
-4
-19
-32
-44
-53
-54
-53
-39
-30
-29
-12
7
26
31
47
63
67
73
73
72
64
66
59
51
39
28
16
-3
-18
-40
-47
-62
-74
-83
-87
-90
-90
-80
-76
-63
-45
-27
-14
9
27
34
43
58
65
60
61
59
48
41
28
15
1
-10
-15
-27
-32
-39
-41
-38
-42
-40
-33
-23
-20
-9
5
13
19
33
42
48
52
55
49
43
44
28
11
-1
-9
-18
-30
-38
-40
-38
-35
-37
-34
-26
-19
-13
-7
-2
4
9
13
20
23
33
37
44
44
45
47
37
23
13
6
-10
-30
-40
-52
-60
-62
-69
-67
-56
-43
-33
-27
-12
-2
7
15
19
24
32
37
36
42
45
46
44
47
46
44
40
32
21
16
11
-5
-17
-17
-21
-27
-29
-27
-23
-23
-15
-13
-9
-1
5
8
3
4
2
-3
-12
-18
-19
-22
-31
-34
-32
-35
-33
-36
-29
-26
-19
-14
-16
-8
-4
2
2
7
18
25
33
40
47
55
61
64
68
65
68
64
56
47
35
24
8
-4
-16
-23
-34
-44
-51
-58
-60
-63
-67
-64
-60
-52
-50
-51
-43
-33
-29
-23
-13
-2
8
17
24
28
33
36
33
29
25
20
9
1
-5
-14
-16
-17
-16
-10
0
12
21
29
48
58
62
67
67
73
65
56
46
33
25
5
-10
-23
-34
-45
-61
-66
-76
-81
-86
-88
-86
-84
-73
-68
-55
-42
-23
-9
6
26
40
56
64
71
76
79
73
57
48
38
28
11
-1
-9
-14
-17
-20
-22
-16
-5
5
9
16
24
28
31
29
29
30
25
22
17
12
3
-5
-10
-20
-27
-33
-42
-57
-57
-60
-66
-74
-69
-57
-53
-40
-27
-8
4
23
39
44
54
62
68
62
59
49
46
35
27
17
7
8
0
-2
-7
-10
-14
-15
-18
-18
-21
-20
-21
-21
-14
-12
-7
-9
1
7
7
8
9
7
5
2
-6
-12
-18
-17
-21
-26
-24
-23
-21
-15
-10
-5
5
11
17
20
24
23
21
22
23
18
14
16
8
8
7
6
8
6
11
9
6
1
-1
-7
-12
-15
-21
-20
-23
-23
-20
-19
-15
-8
-3
2
7
6
8
7
5
2
-3
1
4
2
8
10
14
19
25
25
26
29
26
22
11
4
-5
-14
-21
-26
-28
-28
-26
-24
-17
-12
-7
-1
4
9
10
11
9
9
4
3
-1
-4
-2
-4
0
-1
1
3
1
1
0
-4
-9
-9
-11
-13
-19
-15
-14
-8
0
8
19
26
38
39
40
41
37
31
20
14
4
-11
-21
-27
-34
-35
-37
-33
-29
-24
-19
-17
-14
-10
-10
-9
-6
-8
-5
-3
2
5
11
19
25
26
29
34
28
23
17
5
-3
-14
-22
-28
-34
-30
-29
-26
-17
-9
2
8
19
25
31
32
26
26
22
18
12
5
4
2
-1
1
-2
-3
-1
-4
-5
-8
-14
-17
-22
-25
-27
-28
-26
-20
-13
-7
2
9
18
23
24
27
23
19
15
9
4
-5
-11
-13
-13
-16
-15
-17
-15
-10
-12
-11
-13
-12
-9
-8
-8
-6
-3
3
8
11
18
24
25
29
33
33
30
24
25
21
14
7
-1
-4
-11
-13
-19
-22
-22
-21
-19
-22
-20
-18
-14
-12
-9
-7
-6
0
1
4
7
9
13
14
15
14
7
3
0
-9
-12
-18
-22
-23
-27
-23
-23
-20
-10
-1
5
12
20
24
29
33
36
40
38
42
39
32
27
21
14
9
1
-4
-11
-22
-26
-34
-37
-40
-44
-38
-34
-33
-29
-20
-13
-6
-1
8
14
18
21
24
20
20
17
12
12
2
1
-3
-7
-7
-14
-14
-17
-18
-15
-14
-11
-3
4
11
16
21
28
30
30
30
30
25
18
10
5
0
-9
-10
-13
-14
-14
-19
-22
-23
-27
-25
-26
-26
-21
-17
-15
-9
-5
3
13
18
26
26
28
33
27
24
22
15
12
6
-1
-8
-12
-12
-14
-17
-13
-6
-8
-6
0
2
7
3
3
3
0
-3
-8
-6
-3
0
0
1
7
6
7
5
2
0
-5
-9
-15
-19
-20
-19
-16
-13
-3
3
8
17
18
20
19
18
18
12
8
5
0
-2
-4
-8
-2
2
0
5
8
7
5
0
-2
-1
-11
-15
-18
-22
-21
-24
-23
-14
-9
-3
4
6
11
13
9
10
7
2
-1
-6
-9
-8
-9
-4
1
9
14
16
16
23
20
8
8
2
-3
-10
-15
-13
-17
-13
-8
-2
5
13
19
17
20
17
9
5
-2
-7
-12
-17
-20
-23
-20
-17
-10
-7
1
8
8
10
6
3
2
-3
-2
-6
-12
-10
-7
-7
-3
5
13
21
21
22
23
19
16
8
3
0
-6
-11
-11
-10
-9
-5
-1
3
7
8
10
9
3
3
-2
-7
-13
-17
-14
-14
-14
-10
-5
-1
2
7
7
9
10
10
7
-2
-4
-8
-11
-17
-16
-14
-11
-9
-9
-1
2
8
13
15
16
15
14
11
7
6
9
12
11
13
14
15
15
11
12
9
3
2
-9
-13
-17
-22
-23
-26
-20
-17
-16
-11
-7
1
4
8
10
12
14
9
8
3
2
-2
-10
-11
-14
-15
-15
-15
-12
-8
-5
-3
-1
2
4
4
3
7
8
10
11
15
20
21
23
24
23
22
17
16
9
4
1
-5
-13
-16
-21
-25
-27
-25
-21
-23
-16
-9
-8
-4
-1
5
5
5
3
1
-1
-4
-7
-8
-7
-4
-5
-4
0
3
5
1
1
3
1
3
-2
-3
1
1
2
2
6
16
17
17
20
19
19
19
15
14
14
10
7
-5
-9
-13
-18
-18
-18
-12
-10
-9
-7
-7
-6
-7
-6
-9
-11
-10
-13
-14
-13
-11
-6
-1
6
9
12
15
17
16
11
10
6
4
-2
-5
-2
-3
0
-3
0
4
5
8
9
11
11
13
11
7
8
6
3
1
-2
-4
-6
-6
-5
-4
-4
0
0
-4
-4
-11
-13
-16
-21
-19
-24
-21
-15
-12
-7
-3
4
7
11
12
14
14
10
10
4
4
4
-2
0
1
4
2
-1
3
4
4
3
6
6
5
7
2
2
-1
-1
1
-2
0
3
3
0
3
3
1
3
-3
-1
-8
-12
-10
-16
-14
-14
-12
-10
-10
-4
-3
2
1
4
9
5
10
6
6
8
4
4
-3
0
-3
-3
0
-1
3
1
5
5
0
5
5
6
5
5
3
4
2
2
1
0
8
7
4
6
3
1
-3
-6
-7
-9
-9
-11
-10
-16
-11
-11
-15
-6
-5
2
5
1
11
10
9
10
7
6
4
-2
-6
-8
-10
-7
-9
-11
-4
-1
2
3
1
6
3
1
2
0
-1
1
3
5
7
10
10
10
12
14
11
8
8
4
-2
-9
-13
-16
-16
-17
-18
-16
-11
-6
-7
-3
6
7
9
8
12
11
4
5
1
-5
-2
-7