3
4
5
4
5
2
-1
5
1
3
4
6
2
0
4
-1
-1
4
3
5
3
3
2
2
0
-2
6
3
3
3
4
3
3
6
2
0
7
3
4
1
4
5
0
4
-1
-1
0
4
2
2
3
2
0
-3
-4
-2
1
3
1
2
-2
-5
1
-5
-2
0
-2
-1
-4
-5
-4
-4
-4
-3
-4
-5
-3
-3
-2
-3
-2
-3
-6
-5
-6
-3
-6
-4
-1
-4
-10
-4
-6
-7
-8
-6
-2
-8
-4
-5
-3
-6
-4
-1
-6
-3
3
0
-2
0
-1
-1
-7
-1
-4
-5
1
0
-4
-2
-1
-1
-2
-2
0
1
2
1
1
-4
0
-3
-2
0
-4
-3
-1
0
-4
-10
-5
-1
-6
-3
-2
-1
0
0
1
-3
2
-1
1
5
-1
6
6
4
4
0
4
0
3
6
3
8
8
7
5
5
7
1
2
7
5
3
4
6
4
2
-1
8
2
1
4
3
4
0
4
0
2
2
-2
1
6
-2
-3
1
-1
-3
-1
2
3
0
4
4
-1
-2
3
4
4
2
3
6
2
-1
3
-1
-5
4
0
-5
1
0
-5
0
-2
-1
-3
1
0
-2
-1
-3
1
0
0
-5
3
-5
-4
-3
-2
-6
-6
-3
-5
-8
-10
-5
-6
-7
-6
-9
-8
-8
-8
-9
-6
-1
-5
-3
-5
-4
-4
-3
-2
2
-4
0
1
1
-4
-6
3
-9
-10
-2
-7
-9
-3
-1
-10
-5
-6
-9
-3
-5
0
-3
2
-2
-2
-5
1
3
0
-2
-1
0
-2
-5
-7
0
-3
2
-4
-3
-1
-1
1
-4
-2
1
0
-3
0
-1
-1
1
3
-1
7
7
7
19
15
23
26
33
39
41
46
45
49
52
53
50
48
49
45
35
34
28
19
19
6
0
-4
-12
-17
-27
-29
-30
-37
-42
-45
-49
-55
-63
-63
-68
-68
-68
-74
-74
-72
-73
-77
-73
-74
-69
-62
-57
-56
-51
-38
-32
-31
-21
-16
-5
7
13
23
36
46
55
65
71
81
95
106
112
125
133
145
156
158
164
167
167
166
158
146
144
131
115
102
82
55
37
13
-8
-35
-58
-75
-103
-122
-142
-166
-179
-192
-208
-223
-229
-235
-240
-239
-238
-240
-228
-219
-211
-197
-181
-166
-147
-130
-112
-88
-76
-49
-28
-7
11
37
56
73
103
120
138
168
185
199
221
234
247
263
275
283
290
288
288
278
272
264
253
244
232
216
193
171
144
118
91
64
37
2
-25
-62
-99
-134
-168
-197
-233
-256
-279
-298
-312
-319
-322
-323
-325
-314
-304
-299
-284
-265
-249
-233
-206
-195
-175
-157
-141
-127
-102
-88
-63
-34
-11
18
33
83
85
113
156
167
198
225
239
261
277
281
300
316
308
332
327
318
326
313
312
303
300
289
279
261
230
219
183
148
132
86
54
16
-27
-62
-110
-144
-186
-225
-252
-287
-316
-330
-350
-363
-371
-383
-390
-387
-380
-376
-364
-348
-323
-313
-301
-279
-266
-249
-230
-210
-191
-165
-142
-107
-105
-67
-36
-25
21
54
84
117
165
186
213
249
265
292
317
334
345
369
369
383
397
386
388
392
377
373
369
357
351
337
323
297
269
235
199
173
132
98
57
23
-19
-72
-110
-154
-197
-234
-258
-293
-316
-331
-339
-352
-363
-358
-357
-353
-353
-342
-326
-321
-311
-292
-280
-273
-258
-244
-236
-221
-211
-196
-185
-165
-155
-133
-110
-97
-68
-43
-17
5
56
49
106
123
136
184
175
219
216
235
240
252
250
260
273
268
280
262
281
271
255
263
260
246
244
243
224
217
201
183
167
153
122
108
92
62
59
20
12
-9
-28
-37
-55
-59
-70
-70
-78
-78
-85
-82
-82
-86
-84
-88
-89
-99
-98
-115
-130
-142
-159
-160
-184
-181
-196
-203
-214
-222
-229
-242
-246
-232
-242
-230
-232
-210
-214
-203
-192
-177
-174
-153
-148
-132
-123
-109
-100
-87
-69
-71
-36
-31
-5
11
37
52
82
96
123
152
163
200
228
249
271
304
318
333
361
369
384
386
392
392
381
383
368
361
337
334
310
297
272
254
235
207
184
163
146
112
95
68
33
3
-30
-55
-118
-139
-187
-218
-267
-292
-336
-381
-400
-448
-478
-505
-536
-565
-545
-602
-574
-594
-581
-564
-591
-510
-553
-469
-476
-441
-392
-395
-315
-323
-239
-246
-167
-128
-97
-15
-2
80
127
179
237
299
348
401
471
516
572
627
660
700
738
728
790
774
781
789
758
767
711
710
652
629
593
547
505
459
406
358
303
253
198
156
96
53
-20
-54
-122
-176
-241
-305
-363
-432
-479
-542
-586
-638
-683
-727
-776
-813
-848
-858
-927
-871
-908
-939
-839
-900
-857
-786
-781
-763
-608
-688
-542
-488
-511
-341
-366
-274
-224
-151
-111
-1
24
117
203
237
368
404
471
584
609
707
753
832
846
959
936
984
1013
1001
995
1029
952
965
961
857
885
806
727
724
635
578
551
454
411
346
264
212
151
62
38
-66
-98
-182
-259
-301
-386
-443
-494
-562
-605
-656
-713
-748
-788
-841
-852
-908
-912
-963
-979
-945
-1026
-942
-968
-925
-924
-835
-840
-752
-708
-653
-567
-519
-443
-390
-307
-272
-177
-120
-72
35
67
154
214
270
351
418
477
536
621
634
741
753
812
857
896
903
950
945
944
957
931
915
900
865
842
811
750
724
678
606
585
510
451
422
338
300
231
156
104
44
-27
-76
-152
-194
-251
-328
-362
-435
-480
-517
-584
-618
-659
-705
-749
-785
-836
-870
-888
-924
-933
-930
-938
-939
-872
-916
-823
-793
-786
-667
-658
-608
-504
-497
-434
-344
-353
-228
-213
-184
-30
-104
30
110
83
242
252
320
434
451
513
636
621
730
765
810
852
878
911
908
930
935
907
926
883
853
867
785
774
759
654
681
589
523
534
400
392
317
235
200
117
38
18
-106
-127
-189
-281
-290
-399
-412
-475
-518
-565
-586
-635
-678
-703
-770
-770
-871
-798
-901
-893
-835
-970
-822
-924
-844
-836
-789
-764
-736
-601
-719
-477
-584
-430
-434
-328
-323
-251
-161
-127
-91
68
21
170
242
243
366
450
431
604
563
687
665
808
735
856
843
837
926
834
936
837
910
838
848
847
776
812
736
703
714
605
596
560
461
434
387
253
296
127
128
32
-25
-77
-129
-185
-234
-276
-356
-347
-428
-473
-455
-550
-585
-567
-689
-719
-695
-818
-813
-809
-860
-918
-808
-913
-945
-718
-953
-767
-732
-812
-667
-667
-626
-612
-508
-510
-480
-347
-404
-260
-251
-177
-102
-116
112
-24
188
224
208
397
359
454
511
525
616
592
723
664
774
768
780
845
817
858
867
842
897
866
859
851
847
781
771
767
607
695
539
507
478
388
328
293
214
156
111
55
15
-52
-80
-147
-180
-230
-265
-299
-427
-363
-531
-596
-502
-738
-770
-596
-950
-854
-683
-1148
-751
-903
-988
-864
-799
-979
-821
-691
-974
-622
-707
-734
-595
-535
-568
-521
-258
-546
-201
-220
-286
2
-128
21
158
22
288
278
229
501
360
504
599
563
684
718
746
767
914
783
964
902
951
955
932
1008
872
963
889
821
867
737
737
685
581
599
478
442
417
280
322
181
164
161
-33
85
-104
-109
-163
-245
-325
-356
-459
-529
-556
-689
-679
-794
-829
-896
-879
-998
-938
-999
-1046
-999
-1021
-1044
-1004
-918
-1066
-871
-814
-1107
-511
-967
-712
-576
-640
-644
-339
-502
-401
-173
-288
-167
27
-44
26
295
142
265
530
261
606
545
647
691
814
815
862
1062
822
1203
970
1106
1169
1046
1171
1083
1116
1062
990
1074
835
972
820
738
783
622
601
599
419
463
329
308
195
187
89
1
6
-171
-143
-268
-385
-311
-562
-531
-561
-787
-643
-939
-729
-1072
-868
-998
-1142
-908
-1207
-1012
-1096
-1073
-1070
-1001
-995
-1078
-765
-1027
-814
-733
-772
-699
-555
-546
-529
-300
-444
-187
-245
-111
-101
41
29
66
326
67
440
341
387
601
492
665
750
667
908
829
926
933
1023
993
968
1145
914
1059
1015
930
974
879
900
783
825
714
683
694
497
619
472
339
471
207
289
152
108
110
-138
72
-284
-113
-283
-382
-291
-529
-473
-585
-581
-752
-727
-691
-961
-838
-848
-976
-1063
-753
-1158
-993
-850
-1099
-941
-884
-960
-907
-736
-883
-774
-570
-753
-592
-507
-393
-684
-109
-400
-382
-27
-235
-87
-5
0
175
75
292
371
235
563
533
385
893
545
746
928
807
793
1106
863
907
1165
857
1057
1019
1019
913
1033
953
824
978
789
769
833
650
631
703
444
473
574
145
410
228
148
-12
260
-222
-111
91
-574
-9
-515
-380
-507
-544
-643
-741
-619
-1005
-751
-995
-859
-1226
-804
-1146
-1120
-1073
-925
-1243
-1058
-739
-1362
-708
-937
-1034
-563
-1024
-546
-726
-512
-731
-202
-571
-398
-40
-524
182
-289
-39
405
-322
588
136
462
323
630
641
533
816
860
761
1022
890
1103
988
1101
1141
1072
1225
995
1227
1151
945
1113
1050
971
746
1096
744
541
1039
317
728
426
386
465
142
380
20
186
59
-261
142
-305
-343
-225
-370
-642
-494
-581
-858
-726
-943
-859
-1087
-1098
-1032
-1149
-1343
-924
-1456
-1034
-1133
-1475
-678
-1469
-922
-1098
-724
-1320
-501
-979
-716
-632
-713
-367
-611
-399
-317
-67
-571
242
-139
-24
198
205
211
486
290
603
640
558
749
953
756
947
1019
1166
889
1259
1176
1119
1140
1301
1092
1154
1209
915
1308
696
1218
711
951
699
742
755
379
769
355
335
488
210
31
547
-359
144
206
-736
305
-475
-595
-152
-732
-552
-1014
-150
-1730
-317
-1206
-1189
-881
-1219
-1115
-1298
-811
-1702
-706
-1124
-1652
-212
-1587
-1027
-409
-1507
-399
-1036
-422
-1053
-4
-1023
-176
-318
-527
-281
339
-897
713
-368
188
358
-45
649
377
273
910
566
570
1004
844
724
1417
563
1425
1088
876
1434
1128
905
1449
946
978
1334
479
1316
650
907
447
1209
212
457
1184
-340
881
289
-18
519
30
-214
552
-558
-79
78
-623
-264
-266
-768
-379
-620
-943
-827
-197
-2223
270
-1431
-1468
-427
-1204
-1302
-1000
-406
-2180
324
-1905
-635
-426
-1726
-115
-780
-1173
-222
-447
-1031
8
-244
-954
607
-744
-104
103
195
-977
1483
-629
90
1050
-34
401
660
915
-161
1503
263
1029
660
998
915
737
1114
853
893
1161
686
1024
913
532
765
886
178
982
353
641
362
449
369
310
229
348
299
-126
187
134
-481
287
-113
-572
468
-816
-27
-472
-407
-435
-416
-667
-814
-362
-1477
-282
-785
-947
-182
-959
-564
-561
-1148
-11
-967
-487
-312
-405
-1116
-90
-442
-930
193
-4
-879
641
-370
-486
377
-223
-95
110
383
-585
663
-29
93
396
396
237
448
523
348
484
659
368
497
647
416
312
1025
61
948
274
658
280
332
309
461
138
103
870
-349
193
675
-373
148
596
-393
231
259
-416
289
-176
-176
-158
283
-873
316
-264
-619
19
-482
-320
-587
-338
-344
-822
-115
-576
-371
-369
-500
46
-981
267
-756
42
-488
-320
160
-1048
624
-937
224
-66
-476
536
-515
135
-136
-31
58
-331
621
-286
-1
561
-401
434
114
211
279
294
306
41
742
-370
771
93
86
681
-302
793
-184
363
193
156
86
154
171
14
277
-43
314
-90
225
-84
415
-153
470
-62
339
-57
-111
555
-743
707
-160
-147
194
125
-692
353
-15
-598
276
441
-1100
892
-500
-26
-227
364
-473
351
-28
-355
432
-472
96
-357
590
-803
430
28
-311
-151
-30
62
-411
216
-16
62
-239
-78
231
-635
290
-361
427
-510
92
25
-388
8
-373
100
-148
-238
-256
309
-755
-80
-72
-148
-355
-121
185
-386
-35
-284
454
-641
309
114
-26
236
-156
258
257
-295
257
457
13
-25
532
189
-380
451
97
87
280
187
215
711
-657
879
296
-153
393
801
-500
678
-53
361
61
329
-72
351
101
-450
484
146
-399
262
365
-642
24
272
-763
245
-88
-529
252
-446
-503
-96
-341
-703
-157
-420
-549
-601
-300
-755
-239
-715
-379
-148
-687
-193
-265
-214
-711
211
-323
15
96
37
271
-117
102
119
397
-167
716
-37
585
-178
237
733
-340
750
519
204
176
861
-198
880
682
153
1336
-309
946
74
699
722
371
988
428
376
114
617
59
456
425
444
5
-72
154
-168
16
-84
289
-410
-208
-533
-313
-767
-554
-211
-840
-202
-1133
-327
-858
-1196
-377
-715
-868
-487
-421
-869
-502
-732
-586
-457
-418
-385
237
-406
-446
323
-679
-41
-116
234
-117
22
245
-478
335
-468
403
314
208
609
236
576
-192
603
539
517
783
1019
652
645
548
595
655
367
1063
820
807
374
855
0
314
530
318
707
139
207
113
-349
-257
-119
-80
-393
-178
-299
-634
-878
-652
-676
-626
-509
-373
-463
-932
-660
-808
-587
-692
-299
-219
-400
-272
-425
-89
-604
-296
139
-128
-32
-143
137
-467
-338
158
-177
140
-35
467
-1
85
223
207
370
512
851
667
702
429
552
802
447
950
1102
750
673
727
475
456
574
396
690
443
36
91
-125
-433
-117
-125
-240
-471
-671
-677
-922
-924
-634
-646
-713
-741
-751
-804
-966
-845
-510
-417
-447
-464
-195
-598
-271
-116
-59
163
-79
66
258
-5
-32
246
103
225
188
531
642
-110
297
806
236
552
838
1237
-15
1197
961
383
941
97
1338
562
674
1171
441
114
26
646
117
337
110
1
-568
-793
-456
-547
-729
-825
-933
-1068
-1557
-1420
-1408
-1229
-1282
-1172
-899
-1337
-1597
-985
-882
-918
-460
-360
-635
-373
-409
379
126
298
365
487
391
394
1061
688
838
810
962
905
725
1153
1073
1277
911
1566
887
1192
1458
1478
1398
1431
870
461
1413
490
1826
1021
811
194
272
223
73
619
-78
-349
-600
-944
-781
-983
-891
-1473
-1226
-1657
-1832
-1772
-2177
-1669
-1974
-1450
-1782
-1918
-1950
-1872
-1771
-1148
-1024
-883
-1020
-900
-634
-399
-232
98
-4
346
258
640
548
513
983
975
1118
1284
1297
1005
1124
1358
1783
1670
2166
1719
1996
1541
1730
1381
1673
1930
1829
2240
857
1166
557
975
971
1217
1080
-40
-240
-694
-524
-213
-283
-770
-1741
-1431
-2337
-1742
-1985
-1800
-1955
-2257
-2215
-2420
-2367
-2046
-2106
-1987
-1550
-1952
-1734
-1772
-1386
-794
-674
-661
-735
-760
-355
-236
387
474
695
313
506
656
1143
1202
1351
1772
1223
1765
1949
1952
2498
2223
2273
1228
2086
2233
2901
2115
1396
1709
993
1670
1625
2066
806
581
-4
-241
424
260
141
-960
-1607
-1141
-1636
-1538
-1958
-1391
-2063
-2265
-2167
-2278
-2395
-2360
-2316
-1752
-1806
-1937
-1883
-2022
-1448
-994
-980
-1203
-938
-728
-335
-302
-70
179
-79
305
618
1165
1243
688
1231
1242
1870
2084
2140
2520
2004
1999
952
2272
2436
3197
2410
1138
1460
1076
1974
1598
2080
1149
443
85
-176
843
584
13
-1116
-1382
-1205
-1431
-1252
-1963
-1332
-2321
-2341
-2170
-2261
-2217
-2232
-2623
-1899
-1940
-1819
-1910
-1982
-1414
-1109
-1310
-1157
-805
-747
-593
-481
-120
-22
98
274
568
925
815
725
1173
1412
2124
1845
2409
2022
2401
1494
1183
2696
2547
3471
1398
1387
1141
1624
2189
1950
2051
559
323
-59
422
1246
556
-213
-1812
-806
-1242
-961
-1441
-1795
-1548
-2612
-1923
-2014
-1798
-2332
-2271
-2727
-1968
-1719
-1967
-1694
-2252
-1149
-1613
-1294
-1114
-869
-667
-1101
-448
-314
-198
-35
434
455
568
631
532
1384
1326
2134
1971
1914
2520
1763
901
2138
2793
3531
2182
1191
1471
1344
2456
2401
2181
1192
549
234
644
1300
1317
91
-1371
-917
-417
-598
-591
-1726
-1283
-2099
-1850
-1475
-1549
-1865
-2280
-2303
-1840
-1713
-1783
-1795
-1933
-1336
-1233
-1433
-1491
-1146
-713
-765
-878
-343
-535
-420
-53
491
464
44
390
845
1416
1717
1479
1712
1704
2371
835
1267
2336
2838
2926
840
1424
1113
1961
2044
2046
1727
540
362
-20
1200
1283
671
-915
-1717
-508
-676
-361
-1479
-1494
-1779
-2257
-1274
-1297
-1486
-2288
-2670
-1974
-1474
-1573
-1521
-2049
-1685
-1168
-1281
-1254
-1156
-753
-806
-873
-615
-172
-448
-253
296
539
318
16
819
1117
1964
1399
1700
1854
2406
1930
471
2130
2362
3694
1445
1183
1376
1413
2525
1789
2238
900
550
104
623
1744
897
9
-2082
-796
-449
-282
-866
-1870
-1645
-2383
-1630
-1057
-1435
-2098
-2872
-2323
-1578
-1611
-1631
-2147
-2185
-1446
-1185
-1341
-1399
-1271
-654
-1142
-705
-261
-520
-507
-23
549
554
-4
483
1085
1603
1707
1476
1833
2095
2735
1111
1410
2389
3237
2969
974
1800
1451
2428
2116
2287
1920
611
693
383
1611
1592
589
-939
-1580
-24
-345
-151
-1496
-1512
-2055
-1796
-1016
-1067
-1734
-2699
-2769
-1673
-1320
-1791
-2027
-2680
-1705
-1456
-1369
-1581
-1653
-1205
-1146
-1157
-836
-708
-774
-582
16
293
-4
-525
609
921
1601
1100
1444
1475
2305
2189
391
2009
2138
3514
1732
1214
1812
1549
2609
1852
2529
1329
794
678
754
2123
1125
441
-1492
-536
45
49
-246
-1730
-1127
-2138
-1010
-593
-969
-1804
-2608
-2265
-1038
-1242
-1852
-2068
-2348
-1325
-1427
-1079
-1655
-1561
-1066
-1176
-1208
-908
-702
-822
-472
-176
104
-676
-385
811
838
1400
445
1297
1308
2385
1587
339
1858
1965
3247
1197
1495
1374
1735
2127
2015
2563
987
1002
374
1171
2014
1064
113
-1456
78
-54
341
-616
-1279
-1338
-1728
-516
-540
-860
-2097
-2111
-1924
-550
-1381
-1780
-1981
-2022
-871
-1366
-858
-1936
-1124
-1051
-1021
-890
-910
-646
-991
-307
-128
55
-745
-8
797
755
1252
209
1426
1330
2608
1150
292
1746
2013
3155
929
1720
1061
1657
2049
2157
2415
826
902
191
1463
2029
1013
-83
-1399
248
61
509
-736
-1109
-1489
-1326
-318
-443
-1083
-2157
-2167
-1391
-532
-1533
-1692
-2407
-1601
-965
-1125
-1178
-2041
-1238
-1097
-862
-1017
-920
-1063
-1093
-439
-34
-7
-887
63
296
844
954
400
1238
1221
2395
496
569
1582
2233
2706
669
1608
909
1828
1943
2181
2020
846
651
328
1631
1918
999
-537
-1148
313
200
486
-740
-986
-1470
-1039
-181
-212
-1209
-1843
-2066
-957
-363
-1579
-1466
-2350
-1158
-738
-836
-1314
-1916
-1041
-1038
-681
-876
-759
-1216
-1034
-353
95
-15
-828
-24
133
824
831
649
1052
1367
1885
-69
689
1633
2369
2094
260
1247
763
1982
1831
2103
1485
434
373
393
1877
1733
409
-897
-1051
456
202
383
-998
-1115
-1511
-779
155
-291
-1147
-1905
-1800
-484
-502
-1238
-1458
-1860
-687
-628
-497
-1313
-1337
-836
-624
-443
-544
-654
-1017
-766
37
459
-177
-551
164
366
1049
770
853
1123
1487
1417
-273
1040
1724
2355
1193
213
915
821
1877
1718
1874
736
71
-2
615
1996
1188
-271
-1487
-850
289
207
56
-1332
-1493
-1763
-520
138
-437
-1574
-2169
-1653
-265
-735
-1145
-1434
-1631
-489
-697
-347
-1203
-863
-556
-468
-335
-328
-433
-849
-205
518
494
-153
-375
616
680
1524
805
1207
1181
1780
912
-34
1754
1774
2426
253
649
882
1192
1798
1486
1534
184
-171
16
953
1900
204
-913
-1905
-282
-40
87
-664
-1810
-1938
-1657
-259
16
-1165
-2122
-2455
-1216
-379
-1175
-1095
-1932
-1103
-766
-438
-634
-1125
-610
-657
-330
-349
-21
-565
-613
351
636
500
-385
434
646
1395
1371
947
1492
1524
2018
-9
1118
2029
2366
1405
71
1357
997
1879
1465
1635
854
-65
91
380
1749
948
-482
-1627
-1144
296
-276
-190
-1592
-1899
-1949
-895
18
-810
-2014
-2439
-1849
-616
-992
-1182
-1728
-1861
-880
-641
-347
-1051
-862
-842
-650
-247
60
-195
-775
-157
493
703
103
225
649
926
1588
1034
1621
1546
1946
453
642
2134
2303
1860
30
1169
1045
1691
1637
1500
1097
72
267
348
1362
1138
-325
-1186
-1260
218
-260
-414
-1259
-1710
-1931
-999
-152
-713
-1806
-2466
-1856
-902
-821
-945
-1801
-1879
-1207
-481
-394
-724
-796
-1050
-803
-284
423
-7
-681
-507
163
662
491
466
536
752
1176
1138
1716
1895
1624
195
642
2060
2396
1486
146
870
914
1621
1530
1355
810
-16
203
433
1080
934
-537
-1279
-964
8
-254
-846
-1216
-1530
-1687
-952
-294
-704
-1748
-2231
-1697
-951
-408
-764
-1779
-1804
-889
-174
-335
-364
-392
-796
-880
20
720
180
-381
-231
182
593
640
947
671
987
1025
1338
1835
2255
863
216
1301
2093
2298
242
634
707
1226
1383
1142
863
93
45
118
517
659
-124
-1201
-1611
-407
-484
-648
-1749
-1395
-1698
-1247
-888
-915
-1067
-1975
-1808
-1632
-652
-173
-1070
-1662
-1467
-187
-271
134
-216
-83
-753
-328
643
708
364
-24
347
353
630
980
1148
1377
903
1650
1664
2084
1190
113
1780
2053
2257
226
231
803
1230
1394
997
640
-361
-266
73
525
634
-753
-1441
-2116
-486
-516
-919
-1975
-2227
-1909
-1285
-660
-1311
-1607
-2125
-1523
-1599
-723
-237
-1135
-1354
-1330
-68
-170
115
82
-40
-382
157
662
675
501
341
817
650
881
847
996
1614
1528
1976
1756
1869
700
640
2111
2715
2059
-169
271
789
1621
1422
1068
200
-663
-457
240
844
296
-972
-2080
-1875
-554
-676
-969
-2438
-2273
-2263
-1327
-699
-1194
-1967
-2373
-1954
-1327
-168
-488
-1152
-1800
-923
160
18
332
-150
-60
-151
523
993
714
443
342
962
881
1209
730
1088
1305
1766
2374
2097
1491
-475
1455
2598
3225
1230
-619
449
669
2175
1607
968
-405
-1292
-429
542
1334
-94
-1706
-2653
-1408
-410
-562
-1551
-2777
-2431
-2095
-908
-976
-1423
-2139
-2185
-2264
-436
-305
-662
-1506
-1463
100
-270
414
142
146
-131
104
983
769
427
549
1210
893
843
389
1162
1617
1600
2126
1938
1753
-403
803
2321
3532
1746
-581
80
558
1935
1713
1520
-69
-1303
-954
126
1107
312
-1301
-2409
-1890
-1149
-605
-1145
-2373
-2699
-2374
-1309
-948
-1550
-1611
-2039
-2643
-635
-267
-172
-1568
-1489
310
73
360
-19
340
446
389
677
788
593
615
1171
1310
1372
322
636
1367
1999
2696
2319
677
-1066
694
2916
3873
1178
-546
-452
420
1951
2096
1814
-475
-1836
-1219
292
1358
-20
-1622
-2367
-2075
-1409
-778
-1159
-2117
-2768
-2214
-1432
-1371
-1533
-1265
-2091
-1854
-704
-329
-550
-1135
-168
391
-64
-118
579
891
861
523
483
889
659
1343
1285
1263
856
417
1438
1754
2061
1903
1818
-301
-104
1207
3149
2328
-358
124
168
1135
937
1577
1092
-682
-1261
-686
356
0
-721
-1481
-1489
-1814
-1691
-1522
-1942
-1824
-1884
-1385
-1839
-2129
-1950
-1237
-1265
-689
-608
-1119
-1206
-741
1125
1030
3
-378
62
1093
1289
1238
770
331
258
1456
1933
1639
367
257
1275
2084
2654
2278
-210
-1404
275
3130
3472
78
-1030
-853
888
1539
1900
1257
-986
-1829
-869
898
984
-783
-1987
-2012
-1120
-1029
-914
-2046
-2335
-2424
-1019
-844
-1751
-2289
-2129
-1217
-771
119
-548
-1522
-1355
251
1487
663
-81
122
852
964
829
854
921
801
1006
1488
1179
593
525
1442
2287
2060
1976
-157
-1132
119
2707
3287
97
-1016
-795
903
1023
1250
1319
-102
-1266
-1174
268
559
-523
-1230
-995
-823
-1566
-1580
-1640
-1488
-1752
-833
-880
-1710
-2646
-1875
-928
-214
-251
-708
-1303
-1483
241
1144
989
-114
-31
950
1062
706
659
732
674
938
1488
1670
435
-213
684
2080
2964
2371
-68
-1811
-1050
1959
3578
1314
-647
-1505
-214
543
1155
1714
575
-1069
-1665
-295
505
-334
-1222
-810
-140
-970
-1768
-2108
-1500
-1374
-366
-366
-1030
-2446
-2281
-1155
-64
167
-496
-906
-1052
172
718
362
-181
354
1513
1515
581
-135
-55
472
1402
1951
1627
142
-893
-138
1506
2654
2353
571
-1421
-1427
259
2261
1331
-337
-706
160
576
-159
-196
334
211
-92
-246
-37
-695
-1427
-994
241
653
-410
-1798
-1898
-1278
-154
-106
-154
-802
-1069
-1078
-619
-25
-44
-337
-523
545
1098
697
-613
-463
710
1547
1238
388
129
-321
-153
259
1206
1161
95
-652
-628
423
906
812
-102
-522
-701
-231
158
2
-64
-281
184
215
102
-200
-158
251
311
76
-209
199
309
228
-228
-148
289
72
-96
-195
119
41
-243
-76
393
601
-20
-412
-221
134
423
359
428
159
-14
-90
119
168
-19
-49
-244
-255
-535
-552
-521
-459
-491
-710
-644
-705
-660
-774
-822
-514
-255
-297
-671
-677
-396
143
250
158
22
-46
183
347
633
690
488
424
501
912
929
800
529
343
336
648
1099
901
394
55
332
855
912
615
137
-45
-22
321
610
530
64
-436
-304
-192
-60
-224
-338
-640
-826
-522
-397
-572
-1153
-996
-672
-649
-888
-1217
-922
-697
-480
-541
-519
-595
-772
-366
-168
152
-208
-247
-171
-31
190
384
446
232
268
313
643
500
729
582
515
637
630
885
776
788
809
811
711
740
738
672
499
418
710
476
470
237
176
47
-221
8
-97
-157
-383
-314
-285
-550
-791
-680
-374
-504
-868
-963
-730
-564
-473
-396
-426
-885
-1060
-627
-190
-128
-528
-779
-746
-649
-236
-90
-155
-431
-581
-318
59
274
107
-105
68
490
507
382
337
590
877
852
947
819
742
566
724
1168
1149
704
438
723
860
663
283
319
275
172
278
354
-1
-575
-501
-133
156
-208
-634
-798
-834
-499
-261
16
-554
-1045
-936
-582
-193
-509
-583
-755
-899
-697
-535
-228
-349
-429
-528
-501
-238
-111
-38
-121
-11
77
-10
86
229
510
406
353
341
576
603
462
548
671
684
533
715
910
676
327
488
703
777
522
433
476
244
137
163
260
239
-59
-192
-169
-173
-164
-59
-125
-334
-530
-514
-471
-532
-577
-469
-658
-852
-803
-679
-436
-495
-489
-604
-568
-418
-333
-189
-305
-223
-223
-116
-60
-28
-14
48
108
303
280
178
94
201
311
199
227
502
579
317
219
539
882
658
196
149
545
579
391
149
289
400
301
202
128
222
372
322
159
90
211
320
138
-171
-238
-147
-178
-444
-587
-375
-131
-107
-363
-472
-557
-610
-557
-522
-490
-586
-742
-722
-404
-177
-298
-689
-712
-552
-252
-222
-324
-228
-118
80
118
200
124
-59
21
447
777
717
380
366
375
505
658
717
455
83
35
392
930
1024
680
398
397
582
493
317
301
309
388
334
441
332
370
85
-153
-228
16
100
-387
-726
-440
-101
-86
-642
-1019
-1015
-800
-782
-908
-896
-806
-644
-724
-856
-843
-765
-626
-626
-591
-489
-319
-8
158
270
250
250
234
-23
-164
-17
665
1001
820
405
429
878
951
630
233
339
727
870
650
298
367
646
720
283
-85
122
526
445
288
467
916
768
-153
-647
-401
21
-150
-602
-627
-4
255
-179
-723
-926
-506
-377
-656
-919
-1019
-699
-456
-307
-310
-683
-940
-982
-718
-236
-77
-24
-251
-391
-304
151
350
25
-375
-165
597
1059
889
391
267
506
881
799
391
90
281
804
907
719
239
375
532
669
678
540
743
712
863
578
64
-452
-513
-196
-3
-21
-286
-302
-265
-132
-171
-340
-577
-985
-1157
-1010
-511
-372
-717
-1067
-919
-508
-494
-879
-1116
-728
-335
-265
-371
-353
-169
-14
146
184
130
89
296
638
796
733
550
542
632
749
758
507
291
263
485
873
1010
962
873
924
1155
1260
910
91
-589
-607
-116
75
-219
-476
-251
182
134
-442
-1002
-1081
-786
-809
-1083
-1273
-957
-641
-546
-675
-808
-849
-974
-1008
-789
-435
-175
-163
-98
135
426
394
190
-1
204
601
891
941
794
776
841
912
767
480
233
213
415
449
576
774
1071
1260
1294
1252
747
20
-657
-623
-217
-133
-488
-752
-275
292
317
-351
-1047
-1228
-1033
-880
-1070
-1383
-1339
-824
-453
-525
-780
-931
-909
-895
-806
-622
-361
-100
210
386
520
408
302
360
572
828
922
940
906
1012
1183
1300
1040
618
366
392
557
736
806
762
905
1276
1668
1512
596
-513
-961
-560
-208
-387
-1003
-876
-244
237
-57
-872
-1216
-1089
-1047
-1388
-1869
-1837
-1435
-1004
-704
-604
-767
-1052
-1222
-1001
-678
-502
-549
-450
-105
470
763
740
527
480
771
1061
1212
1072
953
1005
1256
1474
1441
1061
675
529
771
1081
1176
1196
1276
1635
1580
900
-100
-506
-286
-274
-806
-1395
-916
-18
300
-311
-972
-898
-723
-1023
-1703
-2041
-1804
-1346
-1100
-1082
-971
-759
-743
-1027
-1165
-1005
-690
-639
-592
-337
59
299
337
428
642
912
986
854
787
846
1128
1371
1367
1098
766
770
1094
1365
1273
1115
1229
1861
2109
1418
155
-491
133
411
-202
-1298
-1168
-186
194
-391
-976
-713
-340
-684
-1441
-1845
-1480
-1221
-1250
-1303
-863
-393
-564
-1234
-1237
-623
-138
-504
-998
-789
-113
292
180
62
261
670
757
708
619
629
582
591
826
1034
859
531
414
869
1368
1504
1352
1529
1776
1332
277
-213
206
359
-487
-1118
-528
307
89
-841
-942
-247
-58
-929
-1837
-1707
-963
-823
-1259
-1350
-559
-20
-447
-1232
-980
-215
-81
-692
-849
-302
138
-105
-277
157
760
692
296
283
625
708
422
435
739
848
604
414
711
1112
1277
1331
1644
2116
1634
479
-239
469
742
-144
-1423
-922
362
516
-678
-1178
-365
314
-506
-1705
-1856
-1012
-671
-1132
-1391
-669
-26
-283
-919
-660
93
80
-713
-870
-210
144
-337
-606
82
723
530
-49
149
653
626
62
43
529
596
109
-16
740
1451
1271
1006
1491
2466
2025
425
-587
313
1078
122
-1467
-1156
368
658
-499
-1039
-210
310
-625
-1620
-1461
-680
-688
-1316
-1246
-296
258
-250
-752
-238
415
100
-577
-427
180
-40
-804
-724
273
621
-2
-371
332
934
417
-288
-161
494
296
-410
-439
487
1086
849
886
1874
2725
1687
-52
-426
756
862
-841
-2040
-923
683
417
-803
-814
197
117
-962
-1403
-919
-761
-1406
-1516
-558
445
351
-275
-153
684
924
216
-319
27
365
-91
-451
54
717
429
-129
144
810
568
-302
-457
188
419
-332
-844
-308
503
573
487
1066
2081
2044
788
-23
335
794
-308
-1829
-1792
-414
74
-837
-1121
-183
457
-320
-1129
-1074
-902
-1451
-1799
-1103
-161
-20
-287
105
1025
1355
673
190
480
861
365
-373
-116
696
934
481
474
926
960
336
188
448
305
-494
-935
-356
305
339
152
730
1811
2314
1419
351
163
504
-55
-1497
-2000
-1228
-574
-1026
-1242
-499
88
-510
-1257
-1109
-1042
-1712
-2351
-1723
-812
-509
-635
-192
662
1031
890
733
940
882
445
-108
45
595
763
531
548
1182
1512
1170
639
485
403
-41
-454
-427
-33
144
431
1146
2151
2495
1577
677
648
931
-106
-1721
-2069
-1048
-636
-1340
-1474
-553
61
-503
-970
-966
-1346
-2251
-2571
-1907
-1613
-1728
-1427
-192
807
879
662
781
1104
897
354
-139
-77
153
369
627
1003
1354
1345
1207
1089
940
568
-11
-391
-352
-25
207
602
1371
2332
2446
1637
1191
1339
1134
-445
-1690
-1443
-632
-870
-1536
-1062
-80
88
-460
-526
-628
-1443
-2281
-2281
-1828
-2089
-2248
-1620
-282
404
426
467
848
1149
745
103
-328
-155
-33
-68
88
683
1298
1303
1144
1059
966
411
-193
-385
-328
-329
-326
519
1597
2407
1922
1414
1599
1932
1097
-799
-1530
-1106
-710
-1225
-1165
-326
275
76
26
309
-314
-1388
-1944
-1537
-1710
-2270
-2266
-1227
-118
219
416
563
1017
958
682
-56
-419
-351
-170
-129
-67
532
994
1212
1060
1121
941
292
-355
-614
-367
-479
-347
243
1349
1848
1440
1349
1596
1602
192
-861
-1040
-715
-1232
-1624
-962
37
290
19
348
436
-150
-1065
-1182
-1201
-1751
-2153
-1743
-620
-220
-9
277
985
1258
949
405
-4
-87
-234
-379
-435
48
595
966
906
898
949
783
328
-196
-338
-533
-449
4
929
1361
872
910
1549
2053
579
-854
-1063
-424
-794
-1644
-1422
-536
-144
-149
467
776
153
-821
-715
-617
-1262
-2006
-1814
-927
-626
-205
187
761
803
888
891
488
25
-281
-244
-387
-209
182
658
605
677
911
958
495
-39
70
-37
-162
-121
704
1114
643
473
990
1544
464
-675
-879
-376
-732
-1447
-1272
-604
-317
-367
173
505
183
-499
-331
-290
-825
-1526
-1437
-728
-481
-225
27
688
900
1028
893
672
389
92
-80
-368
-177
105
398
262
385
652
734
394
119
157
-52
-15
305
991
534
46
344
1145
823
-644
-1080
-635
-431
-1248
-1481
-911
-438
-430
-128
338
143
-347
-407
-88
-500
-1049
-1120
-626
-485
-432
67
500
771
676
1031
1018
797
488
342
275
49
236
406
455
280
482
702
672
307
191
92
-133
-28
414
845
208
-19
398
943
160
-980
-1007
-696
-875
-1688
-1478
-882
-644
-646
-120
420
139
-302
-170
-55
-655
-1185
-1060
-575
-661
-517
3
590
766
851
1199
1108
777
444
395
237
8
197
498
547
361
562
1003
1020
594
312
331
435
333
319
182
19
212
410
220
-679
-977
-658
-580
-1170
-1562
-1093
-727
-778
-721
-243
-78
-259
-190
136
-157
-769
-850
-519
-440
-735
-515
17
396
419
604
972
1063
956
634
419
257
291
325
168
220
446
695
720
792
861
802
704
880
1030
423
-99
-38
443
-128
-1061
-1124
-516
-478
-1367
-1443
-838
-371
-782
-883
-551
-305
-414
-412
-255
-376
-523
-502
-257
-468
-584
-495
-3
224
308
483
592
815
807
876
540
321
360
529
375
33
174
540
752
617
758
904
1103
1217
1362
890
247
204
403
-48
-1331
-1455
-871
-584
-1367
-1532
-711
-328
-564
-831
-353
-382
-632
-657
-370
-531
-935
-735
-262
-156
-448
-297
162
441
256
321
454
660
666
555
465
273
420
391
337
37
101
415
597
619
622
920
1175
1412
1428
1005
588
418
369
-255
-1127
-1284
-1026
-948
-1343
-1207
-625
-411
-496
-395
-129
-379
-762
-684
-429
-613
-876
-695
-237
-161
-207
147
579
700
486
517
532
545
496
335
229
116
300
252
64
-90
22
224
183
295
554
905
1024
1240
1243
932
622
454
289
-553
-1097
-1206
-811
-1011
-1322
-1086
-517
-188
-366
-289
-263
-268
-516
-594
-729
-887
-883
-614
-255
-204
38
437
876
973
967
1064
899
717
377
390
256
86
18
60
162
-121
-28
196
480
222
127
577
1171
1132
363
352
561
634
-448
-852
-852
-774
-1176
-1483
-917
-754
-625
-703
-169
-102
-313
-411
-355
-585
-1013
-930
-786
-624
-708
-216
247
680
935
1225
1475
1209
1297
1191
1023
363
180
276
114
-140
-302
68
127
203
278
723
837
817
871
661
564
171
204
-564
-953
-1064
-726
-762
-1298
-1068
-615
-155
-538
-546
-384
-247
-435
-619
-825
-1020
-1076
-1067
-896
-940
-540
-150
515
778
958
1335
1395
1636
1313
1093
736
659
574
152
-90
-168
112
252
341
307
645
859
1174
1003
577
384
233
289
-693
-1059
-1174
-753
-854
-1212
-816
-455
-103
-416
-223
-63
-111
-423
-664
-929
-1054
-1220
-1274
-1288
-1315
-738
-383
341
436
853
1188
1329
1646
1299
1145
605
672
634
335
21
-230
97
324
461
406
674
1013
1354
984
602
377
327
-66
-1004
-1064
-1070
-732
-1146
-1082
-530
-87
177
-39
177
7
-88
-249
-517
-995
-1313
-1318
-1135
-1240
-1201
-726
-258
214
240
862
1017
1120
1032
889
862
494
633
372
158
-155
26
471
496
269
385
952
1317
1115
504
490
462
428
-581
-1115
-1018
-800
-754
-1227
-641
-180
227
49
154
495
273
3
-334
-507
-890
-1151
-1175
-1018
-1188
-984
-553
228
405
372
771
963
1346
809
629
274
247
240
-70
-62
-294
142
435
578
339
512
1009
1232
596
69
187
303
-225
-1316
-1048
-800
-637
-1245
-1046
-192
81
212
31
593
452
290
122
-95
-543
-984
-851
-755
-922
-1035
-462
171
628
523
936
1078
1277
1157
778
524
142
403
41
-253
-520
-161
289
225
227
484
1013
1055
784
232
110
-98
-283
-1165
-1624
-1494
-1162
-973
-1294
-721
-222
331
191
261
450
308
208
-147
-468
-903
-901
-821
-854
-947
-430
176
721
781
1077
1495
1504
1476
1085
968
410
253
147
-80
-343
-382
194
447
365
370
925
1358
996
238
128
136
-310
-1425
-1839
-1450
-1333
-1426
-1565
-829
-251
73
205
286
442
177
155
-139
-688
-1164
-1172
-1006
-1191
-1232
-678
86
678
916
1231
1701
1762
1685
1282
1034
563
263
220
-52
-148
-219
247
613
634
663
952
1407
1153
346
60
44
-208
-1265
-1934
-1589
-1256
-1281
-1593
-890
-83
265
254
317
565
322
12
-343
-850
-1355
-1447
-1292
-1329
-1510
-892
19
627
693
902
1700
1887
1567
945
821
683
251
19
-186
-107
-4
384
868
954
957
1194
1559
1314
312
-30
-68
-424
-1438
-1964
-1434
-1123
-1187
-1296
-513
276
367
356
451
579
283
-17
-364
-970
-1386
-1417
-1277
-1349
-1423
-818
10
505
570
874
1457
1527
1182
793
643
456
37
-276
-394
-178
117
455
826
989
1261
1588
1745
1164
336
-4
-238
-825
-1821
-2042
-1641
-1249
-1260
-1015
-137
543
761
672
739
644
399
-11
-690
-1274
-1395
-1127
-1191
-1338
-1006
-47
656
762
782
1191
1564
1258
792
414
270
-32
-262
-429
-433
-139
149
577
886
1171
1397
1626
1590
838
194
-127
-407
-1209
-2145
-2156
-1661
-1267
-1418
-1113
-167
545
741
680
735
656
384
-81
-797
-1328
-1379
-1280
-1281
-1318
-688
321
986
1157
1238
1849
1945
1518
786
347
130
-252
-528
-792
-653
-193
318
805
1056
1356
1767
1932
1564
628
122
-200
-848
-1790
-2352
-2028
-1652
-1518
-1400
-708
228
626
646
625
558
355
59
-483
-1245
-1723
-1520
-1311
-1341
-1240
-451
710
1246
1328
1549
2055
2011
1351
734
330
20
-382
-696
-790
-571
-73
484
895
1155
1495
1967
2026
1283
435
44
-298
-1146
-2149
-2313
-1947
-1553
-1387
-965
-94
497
862
878
864
495
43
-364
-1079
-1688
-1930
-1645
-1497
-1338
-811
184
1001
1345
1486
1789
1994
1573
1041
426
142
-238
-496
-702
-698
-208
228
717
896
1282
1647
1780
1394
642
214
-155
-761
-1656
-2106
-1881
-1503
-1383
-1137
-437
452
868
887
938
822
540
-32
-532
-1237
-1749
-1806
-1626
-1453
-1270
-470
491
1184
1364
1594
1914
1872
1331
706
261
-130
-445
-643
-662
-526
40
628
1030
1121
1384
1755
1649
845
-77
-286
-600
-1404
-2308
-2194
-1629
-1323
-1233
-746
193
733
871
871
920
636
158
-257
-822
-1425
-1606
-1334
-1162
-1129
-683
270
1004
1214
1296
1652
1805
1398
794
349
71
-236
-430
-465
-396
-57
475
981
1111
1124
1343
1463
1017
95
-507
-672
-1054
-1820
-2238
-1895
-1340
-1192
-1017
-442
336
724
660
582
479
312
-92
-578
-1030
-1293
-1149
-914
-740
-513
39
802
1209
1289
1275
1362
1367
982
486
137
64
22
-110
-71
131
531
848
984
999
962
986
701
202
-466
-871
-1079
-1361
-1714
-1834
-1473
-1087
-812
-660
-261
135
381
291
137
61
-60
-273
-627
-759
-764
-581
-492
-291
45
470
856
1012
1130
1141
1163
1050
826
502
313
298
256
114
99
362
651
753
762
858
923
684
226
-157
-509
-974
-1398
-1626
-1659
-1661
-1476
-1157
-738
-422
-190
81
273
289
108
11
-124
-309
-554
-658
-578
-439
-291
-82
294
641
899
1051
1183
1167
1146
1003
787
502
320
295
156
86
89
378
536
589
664
760
752
415
104
-229
-616
-1122
-1494
-1604
-1631
-1592
-1421
-1080
-674
-299
-20
218
331
379
255
91
-140
-386
-507
-618
-577
-470
-190
123
459
819
1014
1180
1224
1151
945
667
411
147
25
-72
-76
64
265
514
706
816
803
718
567
183
-282
-713
-1090
-1309
-1535
-1590
-1484
-1157
-823
-565
-175
114
310
299
269
219
18
-196
-422
-504
-542
-486
-275
-33
194
491
811
1048
1011
978
948
759
505
215
131
-20
-47
-17
116
333
465
661
735
762
634
426
117
-304
-670
-1020
-1294
-1444
-1442
-1365
-1133
-783
-389
-141
112
334
414
344
127
18
-190
-377
-510
-468
-299
-179
91
370
657
850
969
1002
813
639
455
275
28
-132
-94
-6
93
226
507
750
786
759
759
699
377
-60
-407
-676
-966
-1256
-1377
-1314
-1184
-1007
-708
-413
-191
-75
95
172
86
-61
-159
-162
-264
-336
-312
-145
54
198
414
600
766
843
836
735
532
399
245
77
-97
-172
-38
79
207
317
582
773
798
765
680
540
200
-117
-427
-715
-1001
-1157
-1143
-1102
-1018
-805
-521
-374
-310
-184
-8
-70
-237
-302
-222
-205
-295
-258
-99
132
259
368
533
638
696
671
648
531
369
276
155
98
9
15
82
167
267
345
509
588
607
586
507
373
174
-40
-294
-537
-729
-819
-873
-922
-931
-782
-563
-460
-438
-355
-169
-119
-179
-235
-179
-141
-199
-201
-92
77
173
288
482
620
631
638
653
578
372
252
225
163
-4
-84
64
210
212
222
406
532
504
447
455
360
163
6
-138
-346
-582
-663
-655
-734
-844
-730
-524
-445
-506
-379
-186
-100
-157
-181
-116
-109
-135
-183
-120
-61
3
119
284
383
450
535
620
581
428
345
310
251
33
-36
44
128
70
78
281
424
465
428
504
446
301
121
-39
-224
-491
-604
-691
-707
-775
-673
-513
-431
-344
-229
-77
-88
-94
-121
-139
-179
-210
-225
-197
-148
-62
89
190
300
384
508
491
459
416
338
267
122
38
-29
29
21
4
101
256
371
396
400
455
447
323
136
-33
-128
-340
-473
-596
-622
-613
-590
-492
-437
-283
-209
-142
-93
-73
-58
-111
-124
-153
-194
-188
-143
-47
23
79
223
331
415
412
425
445
354
299
198
137
55
25
45
8
76
157
275
305
313
369
382
318
160
37
-42
-199
-379
-491
-546
-537
-567
-556
-488
-370
-257
-224
-110
-52
-47
-79
-79
-44
-120
-168
-143
-48
-4
-15
113
266
334
341
391
469
414
304
235
187
129
42
24
30
51
130
212
288
283
315
365
341
203
62
-21
-112
-282
-437
-502
-522
-538
-544
-443
-348
-285
-223
-117
-41
-73
-78
-59
-71
-157
-188
-126
-79
-104
-62
66
189
217
241
332
361
344
275
246
161
81
51
38
14
24
121
233
274
278
354
401
358
212
141
58
-104
-283
-401
-422
-498
-528
-481
-343
-261
-221
-104
15
46
-17
-23
-20
-70
-169
-203
-176
-151
-143
-76
42
126
170
215
278
267
202
125
70
3
-65
-88
-55
28
108
209
307
403
451
459
437
344
219
102
3
-150
-312
-385
-368
-374
-408
-378
-242
-125
-114
-73
14
76
9
-35
-36
-56
-112
-145
-95
-84
-74
-31
80
147
113
137
194
195
61
-61
-86
-117
-179
-239
-186
-78
36
149
289
427
482
506
479
416
282
155
-14
-172
-295
-343
-361
-401
-373
-320
-151
-68
-27
-21
48
118
51
-10
-70
-37
-82
-124
-96
-9
53
65
151
223
211
168
153
88
-60
-181
-193
-238
-327
-364
-248
-85
-32
53
200
368
406
400
426
390
281
125
26
-80
-216
-325
-344
-325
-309
-261
-136
-43
-13
19
82
100
14
-44
-75
-67
-91
-74
-24
37
123
208
291
281
266
259
219
57
-108
-181
-234
-325
-407
-349
-229
-120
-59
60
229
303
298
281
297
228
104
4
-64
-117
-205
-252
-232
-189
-177
-146
-78
-24
-30
-20
10
-1
-22
-57
-27
-13
1
20
66
145
184
245
265
261
247
240
200
74
-35
-84
-138
-201
-278
-251
-165
-97
-40
13
139
188
198
180
159
118
11
-51
-121
-167
-225
-238
-191
-163
-162
-120
-47
-8
-28
-30
16
-1
-6
-32
-12
6
17
69
84
124
140
194
223
180
171
161
143
53
-18
-40
-64
-83
-107
-94
-36
0
33
66
108
131
105
113
75
34
-44
-112
-135
-191
-237
-273
-234
-211
-203
-146
-80
-34
-15
20
60
55
48
50
57
35
10
44
59
60
73
128
148
110
85
85
60
-20
-67
-67
-59
-75
-68
-18
48
82
107
144
176
165
128
100
61
-9
-90
-140
-174
-223
-274
-267
-215
-199
-200
-143
-62
-35
-29
18
83
94
82
112
160
152
100
119
145
110
44
54
76
33
-21
-30
2
-39
-79
-72
-19
-21
-40
8
70
91
78
137
170
156
111
122
114
35
-65
-105
-118
-194
-275
-285
-231
-227
-230
-179
-90
-43
-29
29
100
129
119
135
178
165
130
132
149
127
61
62
54
19
-45
-51
-29
-60
-88
-82
-19
-12
-10
18
67
79
68
89
96
93
62
65
53
18
-40
-66
-82
-135
-175
-193
-184
-211
-211
-180
-132
-114
-90
-19
48
76
95
155
190
177
156
171
157
106
52
42
29
-34
-82
-74
-56
-84
-96
-50
4
5
0
28
71
75
45
29
40
30
1
-14
-23
-21
-37
-27
-40
-49
-54
-61
-86
-123
-129
-133
-135
-147
-123
-53
1
30
77
147
194
185
183
187
156
103
45
26
-11
-49
-71
-58
-39
-37
-10
14
33
27
39
43
22
-14
-31
-40
-50
-54
-69
-55
-44
-16
-2
7
3
-6
9
-7
-50
-94
-93
-87
-92
-104
-66
4
38
50
94
166
156
129
126
138
93
32
25
15
-22
-60
-27
9
-14
-22
44
91
75
36
61
64
14
-34
-56
-52
-102
-114
-99
-83
-78
-78
-18
-7
-17
-18
-1
7
-58
-93
-85
-58
-78
-103
-53
19
44
55
89
137
120
98
106
82
36
-24
-11
-13
-56
-58
-15
53
41
58
111
147
116
82
87
65
9
-31
-45
-61
-100
-116
-92
-91
-94
-92
-54
-42
-65
-50
-36
-35
-74
-84
-57
-51
-57
-64
-10
31
48
58
74
88
74
61
56
33
-3
-23
-18
-19
-42
-30
8
43
57
76
126
145
137
116
124
104
53
13
-15
-36
-76
-92
-88
-97
-108
-94
-61
-55
-76
-55
-34
-45
-73
-66
-48
-65
-62
-37
12
5
20
70
95
74
43
70
62
5
-43
-20
-5
-41
-58
-14
41
37
34
78
127
120
100
113
129
92
42
33
19
-20
-68
-68
-66
-91
-98
-75
-59
-81
-77
-45
-33
-57
-69
-35
-22
-34
-32
-1
22
18
29
61
70
50
40
57
51
2
-35
-22
-17
-51
-63
-29
17
21
17
54
103
103
78
88
100
75
37
33
25
-8
-33
-27
-35
-57
-70
-55
-52
-81
-85
-70
-66
-87
-82
-42
-30
-32
-14
24
37
31
48
68
70
49
44
49
33
1
-20
-15
-26
-54
-58
-33
-22
-27
-14
28
51
47
48
75
88
65
46
51
42
5
-12
-8
-13
-38
-44
-36
-38
-55
-67
-60
-66
-80
-78
-67
-60
-54
-36
-5
10
30
45
59
60
53
59
45
27
7
8
7
-8
-21
-21
-3
-4
-20
-17
0
5
4
8
41
46
51
57
64
68
39
40
25
3
-25
-28
-24
-54
-72
-67
-43
-43
-62
-56
-26
-22
-20
-32
-20
-19
-13
8
-2
14
11
51
63
55
48
61
85
50
28
18
18
-5
-37
-42
-32
-24
-20
-12
11
30
38
58
51
44
34
32
16
-16
-29
-41
-41
-55
-58
-45
-36
-24
-28
-14
-2
-9
-21
-36
-43
-50
-52
-48
-44
-28
7
43
66
66
75
100
105
76
39
36
24
2
-26
-33
-21
-21
-14
-7
13
20
18
20
15
6
-6
-11
-27
-41
-42
-43
-45
-47
-44
-31
-22
-12
-8
-5
-6
-12
-12
-29
-49
-58
-43
-42
-43
-25
10
44
48
67
81
97
83
64
54
46
25
1
-5
-13
-8
-6
5
9
19
19
23
21
4
-8
-21
-22
-41
-40
-36
-35
-25
-21
-6
-6
-5
-5
-1
-4
-22
-20
-19
-30
-44
-40
-20
-24
-28
-10
10
21
25
40
54
54
55
56
55
37
21
22
18
3
-8
1
9
6
11
19
24
18
5
7
1
-10
-32
-33
-26
-30
-37
-33
-11
-2
3
6
14
9
-5
-10
-19
-41
-50
-39
-34
-44
-39
-1
17
13
17
45
56
34
22
33
32
-2
-13
-4
-3
-19
-15
8
18
13
18
37
40
22
10
21
14
-7
-27
-21
-16
-30
-35
-26
-5
-14
-9
2
11
3
-13
-6
-15
-36
-49
-37
-30
-46
-38
-4
14
9
15
47
60
40
26
32
33
-2
-21
-15
-16
-33
-38
-14
2
4
9
27
39
37
29
32
26
12
4
5
-3
-16
-15
-10
-9
-15
-11
-10
-11
-18
-20
-15
-26
-38
-36
-22
-30
-34
-19
-3
6
8
24
42
49
43
40
47
33
12
-4
-14
-25
-35
-38
-34
-27
-12
0
15
25
31
41
38
40
33
26
19
8
9
6
4
-5
-3
7
0
-11
-21
-21
-28
-49
-58
-55
-45
-49
-49
-20
1
12
20
37
46
42
40
32
28
15
3
0
-5
-13
-21
-13
-11
-15
-9
-2
0
4
10
18
19
23
27
31
34
28
33
31
25
13
10
7
-8
-18
-23
-29
-39
-51
-56
-55
-54
-49
-45
-26
-9
2
9
21
32
31
27
19
14
5
1
-8
-14
-13
-11
-7
-3
1
1
8
9
11
6
7
7
14
16
15
25
36
40
30
34
40
29
8
-5
-6
-23
-40
-57
-56
-55
-55
-53
-41
-27
-24
-7
9
12
6
15
22
17
1
0
7
3
-7
-15
-4
3
1
0
9
14
12
16
17
8
-1
5
13
6
2
16
32
37
30
31
41
35
10
-4
-6
-19
-42
-55
-48
-51
-49
-43
-27
-10
0
12
22
28
18
19
22
11
-6
-9
-1
-11
-19
-10
4
2
2
10
24
18
4
9
14
2
-17
-6
6
2
-2
14
34
26
23
25
28
16
-6
-12
-17
-32