-10
-6
0
2
-2
-7
-1
-1
-4
-5
-3
-6
-7
-3
-6
-1
-4
0
2
-6
-2
-2
6
5
-6
0
5
2
3
1
3
7
5
1
-2
6
0
0
4
0
9
5
7
9
8
9
4
8
7
10
8
8
9
5
6
4
0
2
4
6
4
-1
-1
-1
0
-1
2
-3
-5
1
-11
-2
2
-8
1
6
3
-2
-1
1
3
0
2
1
1
4
-1
4
3
3
0
0
1
-2
-5
-8
-6
-12
-10
-8
-10
-11
-4
1
-8
0
-5
2
5
-3
-2
-5
-2
4
2
2
7
9
-1
0
5
3
7
7
1
-4
-2
3
2
-2
6
1
-3
-3
-3
-1
-2
-3
0
-3
-3
-1
-2
-2
-5
1
-4
-3
-2
-3
3
0
0
2
0
3
1
2
5
5
5
-1
5
6
6
5
4
-2
2
8
5
8
8
7
4
6
0
-1
0
-2
-6
-1
5
3
1
-4
-2
-1
-3
-2
-1
-5
2
-4
-2
-3
-7
-7
-9
-2
-9
-12
-6
-11
-11
-1
-6
-10
-6
-4
0
-2
0
4
2
3
0
2
2
-2
-3
-2
3
-2
2
-2
-4
-4
-6
0
1
5
9
4
8
5
3
6
6
9
8
6
9
14
11
9
5
7
1
7
8
2
2
5
6
1
5
-3
0
-3
2
-2
-12
-13
-11
-10
-6
-8
-4
-2
-1
-4
-12
-5
-4
3
1
1
4
2
-2
-4
-3
-7
-5
0
1
-5
-1
-4
-6
-12
-13
-7
-11
-5
-10
-5
-3
-10
-9
-9
-3
-7
-2
-8
-5
-1
-4
-1
-4
2
4
7
2
0
6
2
2
7
9
0
4
4
-1
0
-2
-3
-1
1
-3
-1
-3
-6
0
3
2
1
3
4
5
7
9
3
1
5
4
1
-1
-5
-5
-3
4
1
1
2
5
4
3
3
-3
7
8
3
6
7
3
6
7
11
6
10
11
10
9
10
10
6
5
0
11
12
5
4
6
1
7
11
11
7
9
6
6
0
-2
1
-5
0
-2
-6
-1
2
1
-3
5
3
2
3
-6
-1
-6
-3
3
-2
2
2
-1
7
4
0
-2
-7
-3
-3
-5
-4
-8
-4
-2
-2
-3
-5
-4
-8
1
-2
-3
-1
-1
-4
3
5
5
6
9
7
4
0
-2
-5
-10
-7
-9
-4
-3
-5
-11
-5
-6
-3
-7
-6
-1
-4
-1
-5
-1
-8
-6
-5
-5
-4
-4
-6
-9
-6
-5
-5
-1
0
-2
1
-2
-1
-4
-1
3
3
2
6
-1
1
-9
-9
-4
-4
-7
-5
-4
-2
-2
2
-4
3
6
-1
2
-2
-1
-4
-1
-8
2
0
0
0
7
4
6
3
12
4
3
13
12
8
8
9
4
6
9
7
2
10
7
4
5
6
4
4
5
11
2
6
3
8
0
5
6
8
10
9
8
4
6
6
4
-3
-2
-3
1
2
2
1
-2
-1
0
-2
0
-6
-5
-2
-6
-5
-5
-4
-2
-3
-6
-4
-3
-3
-1
-3
-1
-5
-11
-7
-12
-15
-8
-13
1
-1
-1
4
5
-1
1
-4
7
-3
2
-3
-4
-8
-4
-4
-9
-8
-9
-5
-12
-3
-7
-1
-5
2
-1
2
-2
9
-5
8
-1
8
-2
2
-1
-1
-4
1
-7
0
3
0
2
1
4
4
11
5
9
0
0
-12
19
-23
40
-27
5
5
-1
2
-11
-2
-1
-3
-6
-8
7
-1
-6
11
-13
6
-5
9
-3
7
-13
7
-8
11
-17
16
-23
2
-2
-3
-10
2
-1
2
11
1
7
0
17
-3
4
-3
9
0
13
-5
12
-4
5
-7
-3
-12
-2
-6
2
-4
0
-5
-6
-1
0
5
3
5
1
6
3
12
4
9
3
13
2
11
0
8
-1
4
1
6
-4
1
0
-6
-2
-4
1
-9
-4
-5
-1
-4
0
-2
-4
-4
0
-9
-6
-7
-6
-8
0
-2
-1
-4
-5
4
0
5
-5
-2
-5
-1
-4
-7
-11
-12
-9
-14
-11
-11
-11
-2
-7
-13
-5
-10
1
-4
-8
-15
-5
-8
-13
-13
-9
-5
1
-4
6
0
-1
4
5
9
8
4
4
2
5
9
5
9
-2
9
3
7
5
7
1
4
-1
8
12
13
8
3
5
9
10
6
13
9
1
8
8
3
7
1
4
0
6
1
5
-1
-2
-1
5
2
3
0
3
1
5
3
5
0
3
0
2
3
3
3
2
5
4
0
-1
2
-3
3
1
5
0
8
6
4
2
2
-1
10
2
3
-1
-3
-1
-8
-7
-3
-2
-1
-8
-4
-4
-6
-9
-11
-6
-9
1
-7
-2
-9
1
-4
3
-3
-2
0
-5
-4
-4
7
3
-1
-2
8
-1
-2
1
4
7
5
-2
2
-4
3
10
7
6
3
-2
-3
1
-2
-4
3
-4
1
2
1
-3
-11
-5
-11
-7
-16
-10
-4
-9
-13
-3
-5
-4
-9
-4
-6
-6
-5
-4
-8
-3
1
-4
1
-5
-2
-2
1
-7
-9
-8
0
-5
0
5
-2
-7
3
-8
-6
-3
-5
-1
1
2
6
5
2
10
-2
3
1
4
3
7
3
7
4
9
5
11
3
4
4
4
9
5
5
7
7
0
5
4
5
3
14
3
6
3
0
-9
1
3
1
-1
0
-6
-3
-5
2
1
0
6
2
6
1
6
9
14
9
5
6
7
-2
8
5
3
6
9
8
0
-2
4
1
3
0
0
1
-3
-6
-3
-3
-6
-4
-2
-3
-5
-3
-2
1
0
-8
-3
4
-3
-3
-1
-1
0
2
1
0
-4
-3
-4
0
-1
-4
-1
2
2
-8
-5
0
-9
-5
-8
-8
-7
-6
-1
-5
-9
-2
-5
-1
-1
1
6
-1
-3
-4
3
-5
7
-3
5
12
6
6
4
-3
2
2
7
-1
5
10
7
-3
-1
0
0
11
-1
4
5
10
2
7
6
2
0
3
2
0
-4
-1
-3
1
-5
-9
-8
-2
-7
-5
-6
-4
-1
-1
-2
-12
-4
-3
-7
-3
-2
-9
-2
-4
-11
-14
-6
-8
-1
-2
-1
-8
-3
-4
3
-1
-9
-6
-6
-1
-10
-3
-3
-6
0
0
-1
-3
0
9
1
3
6
4
3
11
13
8
11
10
8
9
7
10
7
7
14
12
12
9
5
8
3
-2
-3
-1
-1
-4
3
1
-6
3
-2
1
-6
-4
-3
1
3
-1
1
0
1
1
1
-3
2
-1
0
0
0
-2
-1
-7
-2
-6
2
-5
-7
-7
-5
1
0
1
5
-1
1
0
-1
-7
-4
1
-3
2
3
4
4
4
1
1
-4
-5
-2
5
-2
4
-2
8
-1
-2
-3
-1
-9
-5
-1
-2
-1
1
3
2
5
0
0
1
7
5
5
-3
2
-10
-2
2
6
4
5
3
5
2
6
-4
-1
4
1
2
-4
2
7
2
4
1
-5
-3
-2
-2
-5
-1
-6
-3
3
4
7
4
-1
4
4
2
0
3
1
7
7
3
6
7
4
8
4
4
1
-1
2
-3
-8
-3
-2
-5
-4
-1
-1
-6
5
0
0
1
0
-4
-2
-3
0
2
-1
1
5
1
2
0
7
4
9
11
5
6
1
3
4
1
2
-2
-7
-4
-9
-1
-3
-12
-6
-4
-1
5
6
3
3
6
4
3
-6
0
-2
-3
-6
-8
-3
-4
-6
-9
-11
-3
-9
-5
-12
-4
0
-10
5
2
-1
-4
-1
-5
-4
-13
-11
-7
-10
-10
-6
-4
-4
-8
-4
-6
-2
-3
-3
-2
-5
2
0
2
1
3
0
2
-4
-2
3
1
-7
-2
4
1
1
1
0
1
4
9
4
3
-1
3
5
4
6
4
12
5
6
1
3
5
2
1
3
2
-1
5
-1
2
4
5
3
2
4
1
2
-9
-5
-2
2
-5
0
2
-1
4
4
6
6
-1
2
5
4
4
6
3
-1
7
0
5
0
-2
1
1
3
2
-3
2
-4
-7
-5
-3
-3
1
0
2
6
-1
3
-6
-3
-2
-3
-5
-8
-3
-5
-6
-6
-9
-1
3
2
0
0
-2
11
4
-1
4
-2
0
0
0
-1
-8
-6
-6
0
1
-3
-3
-1
4
1
2
4
3
-5
-1
3
5
-3
4
2
7
7
7
11
2
1
2
1
-3
-3
-1
-1
-1
3
1
-6
5
3
-4
0
-6
-1
-1
0
3
7
5
2
-2
5
-1
-2
-3
-5
1
-1
1
-2
1
-2
-7
-9
-5
3
2
-1
2
2
4
-6
0
7
-2
-3
-5
-4
0
-4
-8
2
-1
-2
5
2
4
0
-1
3
2
-4
-6
-8
-8
-2
-1
-1
3
-2
1
9
2
1
8
4
2
1
2
9
8
4
10
9
-2
0
7
5
3
-1
6
0
0
4
1
5
-1
-2
1
3
-2
2
-2
-7
-5
-4
-6
1
-2
-6
-1
-8
-11
-3
0
-1
-4
-11
-1
-3
-5
5
-3
-4
0
4
-8
-10
-3
-4
-6
-1
-2
-3
0
-10
-2
0
-1
-1
-6
-6
1
-2
4
9
6
5
-4
3
3
1
1
2
1
-6
0
5
-3
2
3
2
4
2
-9
-2
2
-3
-4
0
-3
2
6
4
3
-5
3
5
-3
0
-2
0
6
6
7
5
4
8
5
6
10
6
8
2
4
3
2
-3
-1
0
2
0
1
3
-4
-5
2
0
0
0
2
-1
2
4
-8
2
2
-8
-4
-3
3
3
1
6
4
3
1
-6
0
3
3
4
0
0
1
-1
-2
4
1
1
-1
-2
-3
-6
6
-2
-5
1
4
5
-1
4
4
4
5
3
2
0
-1
-1
3
-3
2
9
4
5
8
6
6
1
4
3
-3
2
1
2
-2
4
0
-1
-1
-5
-3
-3
1
-4
-3
0
-6
0
-4
-7
-6
-6
-1
2
1
2
0
-3
-5
-9
-4
-7
-6
-5
-5
-4
-2
-5
-9
-2
1
-4
-12
-8
-2
-5
-10
-14
-5
-9
-17
-12
-6
-7
-3
-6
1
-4
-4
2
0
-4
-10
-2
-14
-13
-6
-7
-8
-4
-4
-2
-3
4
-2
-5
3
3
9
0
2
4
2
5
1
4
0
3
7
-1
1
4
5
2
1
1
-2
1
6
2
4
4
-2
1
0
1
6
3
2
-1
2
3
1
9
6
8
5
14
15
6
10
7
6
6
5
9
4
4
7
11
11
11
7
7
5
1
7
0
-1
1
5
3
5
3
-2
1
1
1
-4
-1
1
3
1
6
7
1
-5
-3
-1
1
2
-2
-7
-7
-2
-6
-3
-6
-6
-4
-1
3
-1
-2
-4
-6
-7
-8
-10
-8
-8
-6
-4
-9
-7
-7
-15
-11
-9
-13
-5
-5
-8
-4
-3
-7
-4
-3
1
-5
-2
1
-6
-5
-5
0
2
2
8
7
2
3
0
5
11
6
5
6
6
1
-4
1
1
1
-1
2
2
-2
4
7
4
0
-2
-1
-1
-6
4
3
4
3
3
4
-6
3
5
6
-1
-1
3
3
-4
3
-2
-2
4
1
1
-3
6
3
0
-2
-2
0
-1
4
1
1
-2
-2
-3
-5
-6
-5
-4
-5
-7
8
3
7
5
2
11
7
4
3
7
3
6
6
1
2
3
2
6
-2
-2
1
-4
2
-3
2
0
2
-1
-7
0
-5
-7
-8
0
-4
-12
-9
-6
-1
1
-4
-5
5
-2
-2
-3
-2
4
9
9
4
6
1
-2
0
-2
-9
-5
-1
-3
-6
-3
4
-3
0
-2
-4
2
1
-1
0
4
8
1
4
4
5
6
5
4
-1
-1
-5
3
2
2
0
0
-8
-2
-2
-1
2
0
11
-1
-3
-3
-4
4
2
-3
0
-6
-3
-3
-4
4
-3
3
-2
-3
2
0
3
0
3
6
3
5
6
0
0
1
-1
-5
-4
-1
3
0
-1
-3
-1
0
0
1
-2
-1
2
0
1
3
3
6
6
-2
2
2
1
3
10
7
1
-2
1
1
-2
-1
-2
5
-1
-4
-8
-4
0
3
-3
-6
1
-4
-3
-6
-5
-7
-10
-9
-4
-3
-4
2
0
4
6
7
5
7
6
4
2
5
11
3
3
3
5
9
5
5
1
-10
2
1
2
8
1
10
4
5
9
5
-1
-2
5
-6
-2
-1
1
1
-2
1
-4
-3
0
-1
-3
-5
-5
-4
-5
4
7
1
-1
-3
-1
-2
-1
-1
-4
-1
-4
-2
2
-1
-2
-1
-1
-5
-9
2
1
-3
-2
-8
-1
1
-3
-5
-5
-3
-5
-8
-8
-2
-8
-5
-10
-9
-7
-12
1
1
-1
-2
0
-1
2
5
5
1
1
0
-2
3
0
2
3
8
4
5
5
-3
3
4
2
5
3
2
6
6
-1
0
4
0
5
3
0
1
-2
4
0
-3
0
0
1
1
1
-1
1
5
5
12
13
2
9
1
3
3
-4
-1
0
0
0
6
4
5
8
-4
1
-3
-1
2
-1
4
0
0
0
5
4
-4
-6
0
-8
-1
-1
-7
5
-1
5
1
-4
2
-3
-4
-4
-3
2
0
-1
1
4
0
-2
-4
-4
-1
-9
-11
-5
-7
-2
-3
-1
2
-3
1
-1
3
-1
0
0
4
-3
-2
4
2
0
-2
2
0
3
1
3
3
4
7
9
10
7
3
3
9
7
7
6
6
-2
2
4
-4
1
-4
-4
-7
-2
6
-4
-2
-3
-5
-2
-2
-9
-12
-5
-8
-6
-6
-7
-3
-6
0
-2
-4
-7
-4
-1
-3
-4
-2
-3
-5
-1
2
2
-6
-7
-7
-4
4
0
-1
6
4
2
-3
0
4
-1
10
8
8
6
3
3
7
8
5
9
2
4
5
6
8
0
-2
8
4
10
8
5
2
-3
6
2
3
5
4
1
4
9
8
12
9
-3
-3
0
-3
0
0
1
-2
-2
-4
-5
-7
-10
-7
-5
-8
-5
-10
-2
3
1
7
-3
-1
-2
-5
-4
-5
-5
-11
-6
-8
-10
-4
-4
-6
-10
-10
-11
-5
-6
-9
-2
-2
-3
-3
-7
-1
-1
-1
-4
-4
-1
-5
-1
-1
-3
-3
-3
-3
-6
1
-7
-6
-2
-2
2
-1
3
1
2
3
-1
1
7
0
1
7
6
8
5
3
10
8
7
9
8
4
5
6
2
7
2
5
9
8
10
6
12
13
9
13
14
3
4
-1
1
-3
-1
0
-2
4
5
5
9
3
7
10
6
5
-4
-6
2
-1
5
4
-1
2
-3
2
2
4
2
-2
0
2
-5
-7
-4
-3
-3
-4
1
-4
-5
-4
-4
-1
0
0
-6
0
-5
-4
-7
-9
1
0
-3
-4
-3
-5
-3
-6
-1
-6
-1
-3
-7
0
-7
-7
0
2
0
-1
-2
-2
-6
-3
1
-2
3
-2
3
2
1
-1
0
2
2
1
-1
-4
-1
0
-9
-1
-3
-7
-7
-5
-3
-2
-2
-9
-7
-7
-5
3
-1
0
-1
1
2
6
3
4
5
0
3
-7
0
-4
-5
0
2
5
2
-3
-3
3
-4
-6
-7
-6
-5
-4
0
3
-9
-5
0
-8
-3
0
1
-1
-7
0
0
-9
-8
-2
-5
1
-2
2
-3
-5
-1
-1
-2
-1
4
0
1
-2
6
5
5
11
9
7
4
6
12
11
9
12
12
10
14
12
9
11
11
11
11
10
11
9
16
11
8
10
-1
3
4
4
2
5
2
-3
-2
-9
-6
-2
-1
-5
-11
-6
-3
-7
-4
-6
-7
0
-3
-2
0
-4
-4
-3
-4
1
6
0
5
3
-2
0
0
-2
-5
-2
-2
-6
-5
1
-4
-7
-5
-3
-7
-3
-3
-7
-7
-5
-7
-9
-6
-6
-6
-2
1
2
0
-1
-5
-3
3
1
-3
-6
-7
-3
-1
2
1
3
4
0
-2
-4
2
5
2
5
8
8
10
3
5
13
8
0
5
6
5
1
0
1
7
13
8
7
3
3
0
2
-4
-4
1
-4
-2
-1
-4
3
3
-2
4
0
-4
-5
-5
-8
-9
-3
1
-3
-4
1
-6
-6
-4
-6
-5
-2
2
0
-5
1
-2
-5
-4
1
2
-3
-1
-4
-2
-3
-9
-5
5
3
1
-1
-4
4
-4
1
5
2
6
1
6
6
0
4
4
4
7
5
5
4
2
4
3
2
2
2
2
-4
0
-3
2
7
0
3
3
7
0
5
3
0
-1
-2
5
-2
-4
-1
-7
-2
-2
-1
4
-4
-2
0
2
-5
-8
-8
-6
-5
-3
-10
-15
-6
-4
-10
-8
-4
-8
-8
-5
-3
-10
-4
2
-1
-1
-1
-1
0
-4
-9
-2
-3
-2
-4
-2
-1
-4
-5
-5
-4
-4
-1
0
-2
0
-6
-6
-7
-2
0
2
3
-2
4
6
1
4
8
5
10
1
3
4
4
3
0
-2
0
0
0
5
2
2
6
3
6
5
0
1
7
-1
-1
9
5
3
5
9
12
10
2
5
8
6
3
4
7
4
4
5
5
0
1
-4
-4
4
5
7
3
4
2
3
1
-6
-3
-4
-2
0
-2
-1
0
-3
-6
-8
-11
-8
-7
-8
-4
-5
1
0
1
2
3
4
2
6
8
6
5
4
1
1
0
7
4
5
1
0
4
4
1
6
7
2
5
-2
-3
4
3
-1
-1
0
-2
5
-2
2
2
-6
0
1
4
-1
-5
-1
2
4
-5
-9
-2
-2
-5
-4
-9
-7
-7
-9
-2
-6
-1
-6
-3
-1
-4
-3
-8
-7
-7
-5
-3
-4
-4
-10
-7
-1
-6
-5
-9
-10
-5
-4
-1
-8
-5
-3
-6
-6
-2
2
-2
-2
0
1
1
1
6
2
-1
4
6
5
1
1
1
-5
-3
-1
2
3
4
12
1
3
8
1
2
-5
-3
3
2
7
8
4
0
1
1
-1
-1
2
-2
1
-2
-1
3
1
5
3
9
9
7
10
6
2
5
4
-1
0
-3
1
2
4
6
2
0
-5
2
2
0
-1
2
0
1
7
-3
2
3
6
9
7
4
7
4
4
6
-2
2
1
5
-1
1
3
2
-2
-2
2
-2
0
-1
3
2
0
-3
-3
1
-3
-2
-1
-2
-3
-5
-3
-5
-3
-3
-6
-2
1
-3
-2
-2
1
2
0
-1
-1
1
-3
-4
-5
3
3
8
8
9
9
4
9
4
6
3
1
1
0
0
4
8
4
4
7
7
2
1
7
4
-1
-2
-3
-2
-4
0
2
1
-3
-5
-13
-11
-12
-12
-7
-7
-6
-13
-9
-11
-12
-11
-17
-13
-9
-13
-17
-16
-12
-16
-13
-10
-12
-7
-13
-13
-8
-14
-10
-4
-3
-1
-3
0
4
10
11
11
14
10
11
20
15
13
12
12
17
18
24
19
26
22
19
17
12
11
12
10
8
11
6
6
3
2
4
5
-1
-6
0
-6
-9
-11
-4
-5
-9
-9
-15
-17
-13
-12
-14
-12
-15
-17
-11
-11
-14
-17
-14
-10
-14
-9
-6
-13
-13
-9
-6
-4
-8
0
1
-1
1
4
11
7
7
9
5
5
4
9
11
3
5
3
10
5
4
6
0
1
-4
-4
-1
-4
-4
4
6
2
-5
-1
-5
-12
-8
-12
-8
-7
-11
-11
-9
-5
-11
-5
-2
-2
1
3
0
-3
-2
-5
-2
-5
0
-5
-1
1
1
4
5
8
5
8
1
3
6
4
9
7
9
8
7
11
14
19
17
18
24
22
17
24
23
19
19
22
26
21
17
18
4
6
2
0
3
-8
-6
-6
-8
-12
-14
-21
-20
-23
-25
-21
-25
-27
-28
-35
-38
-40
-34
-32
-36
-34
-32
-30
-26
-29
-27
-27
-26
-17
-18
-15
-4
-2
1
8
12
17
22
28
30
41
46
48
48
50
54
54
60
56
66
66
60
61
59
53
51
48
47
44
34
25
16
10
2
1
-9
-15
-24
-34
-40
-52
-54
-70
-70
-71
-77
-79
-86
-82
-90
-87
-89
-95
-95
-98
-97
-83
-79
-75
-63
-61
-52
-41
-34
-23
-8
6
15
28
42
52
70
81
83
96
106
113
122
137
135
135
139
142
144
142
134
127
117
108
99
84
70
52
40
18
-3
-25
-41
-65
-89
-114
-135
-150
-165
-184
-199
-206
-213
-217
-223
-221
-214
-208
-200
-185
-176
-167
-146
-131
-106
-84
-61
-29
-4
29
53
85
110
138
161
177
193
217
233
240
257
267
276
272
277
276
267
263
251
234
219
201
180
152
132
112
79
54
28
-8
-34
-62
-96
-124
-150
-175
-199
-220
-237
-258
-272
-284
-291
-293
-297
-298
-288
-283
-268
-260
-254
-237
-219
-201
-181
-152
-119
-89
-62
-27
2
27
59
84
115
144
169
193
214
233
247
267
284
298
309
313
324
325
317
304
289
273
258
236
208
182
156
122
96
71
35
3
-27
-57
-88
-114
-142
-166
-181
-205
-222
-232
-245
-252
-250
-254
-258
-254
-249
-240
-239
-228
-212
-202
-184
-174
-152
-135
-124
-115
-98
-88
-72
-53
-36
-17
-7
11
22
46
61
71
90
98
103
118
129
138
159
162
167
180
187
193
196
203
205
205
202
194
192
185
177
168
156
142
130
111
95
73
46
24
1
-10
-29
-60
-80
-99
-116
-127
-145
-153
-160
-161
-161
-162
-167
-161
-156
-138
-131
-122
-103
-88
-69
-54
-29
-21
-8
11
24
34
48
56
52
57
59
59
57
51
48
41
35
19
0
-10
-28
-40
-50
-70
-77
-84
-93
-97
-105
-105
-111
-116
-107
-109
-102
-88
-82
-72
-63
-52
-39
-16
6
18
32
56
70
86
98
104
116
131
140
150
157
158
160
168
165
163
163
154
152
139
129
130
116
110
102
103
95
92
87
79
86
79
76
74
67
61
52
35
23
14
-1
-10
-28
-44
-65
-90
-105
-128
-145
-167
-191
-212
-238
-251
-271
-282
-298
-318
-322
-330
-335
-334
-333
-327
-317
-308
-288
-266
-242
-218
-183
-150
-115
-72
-38
3
40
84
131
170
208
249
288
326
354
380
399
420
434
442
447
438
438
425
409
394
369
345
311
268
231
200
165
124
91
57
32
-4
-31
-51
-73
-86
-100
-109
-131
-141
-155
-164
-170
-186
-194
-199
-202
-211
-212
-216
-232
-239
-244
-250
-259
-266
-268
-272
-279
-281
-277
-277
-279
-276
-280
-274
-271
-255
-239
-230
-201
-179
-142
-113
-81
-51
-18
18
50
78
110
144
176
214
247
287
322
351
387
416
441
456
471
476
467
466
459
447
426
405
377
342
299
262
218
165
122
78
33
-18
-59
-97
-133
-164
-196
-221
-236
-252
-268
-281
-283
-291
-285
-280
-280
-265
-260
-241
-230
-224
-204
-197
-183
-171
-161
-154
-151
-144
-140
-139
-142
-147
-150
-159
-173
-176
-186
-193
-199
-195
-188
-180
-159
-139
-120
-100
-75
-52
-24
-1
25
49
78
117
150
190
230
273
311
354
391
416
444
459
464
468
463
447
438
418
393
366
330
298
259
213
174
132
83
37
-4
-39
-73
-102
-121
-143
-166
-179
-192
-204
-209
-213
-218
-220
-212
-208
-197
-185
-176
-154
-147
-125
-104
-99
-88
-80
-78
-75
-72
-74
-78
-93
-106
-116
-140
-161
-179
-198
-216
-237
-243
-249
-247
-236
-223
-214
-199
-179
-160
-144
-126
-95
-77
-51
-7
25
71
119
177
229
282
337
370
396
423
438
443
439
430
422
406
384
357
323
291
262
227
186
151
112
63
24
-9
-44
-67
-83
-96
-104
-112
-114
-104
-108
-107
-96
-95
-87
-78
-78
-74
-59
-53
-42
-33
-32
-27
-40
-59
-69
-89
-114
-136
-166
-204
-241
-272
-304
-337
-361
-389
-417
-427
-441
-449
-434
-416
-400
-366
-325
-275
-222
-172
-114
-57
-1
53
106
168
224
285
348
402
457
504
544
578
596
605
594
573
548
509
464
413
364
305
244
189
135
94
48
1
-37
-70
-101
-126
-150
-160
-162
-178
-183
-180
-180
-178
-177
-168
-150
-137
-126
-111
-84
-69
-55
-38
-27
-26
-29
-50
-66
-91
-124
-156
-192
-219
-256
-277
-294
-318
-335
-345
-357
-348
-342
-339
-320
-289
-260
-216
-156
-86
-16
56
137
214
290
350
408
457
497
536
573
603
616
618
612
596
553
490
410
322
216
99
-5
-109
-208
-300
-359
-406
-442
-466
-471
-462
-448
-436
-423
-390
-353
-310
-261
-188
-107
-25
65
156
249
337
399
449
488
494
483
458
417
362
291
204
126
32
-72
-169
-269
-370
-472
-555
-625
-680
-707
-718
-702
-653
-593
-516
-420
-308
-194
-85
38
160
280
394
522
649
774
886
981
1074
1127
1136
1104
1038
929
768
570
371
156
-70
-287
-476
-630
-756
-857
-922
-954
-958
-952
-932
-892
-855
-801
-744
-661
-556
-445
-314
-161
15
175
350
521
674
803
904
975
1006
1004
953
869
748
598
412
211
-11
-242
-463
-688
-897
-1077
-1202
-1292
-1334
-1321
-1244
-1124
-967
-775
-558
-339
-131
71
254
434
607
762
920
1096
1269
1442
1612
1769
1888
1957
1950
1859
1691
1433
1089
675
242
-210
-650
-1055
-1376
-1627
-1796
-1887
-1905
-1846
-1742
-1613
-1462
-1297
-1134
-968
-801
-613
-424
-221
-6
237
496
752
1002
1230
1438
1589
1685
1708
1660
1546
1345
1087
784
433
57
-338
-731
-1107
-1441
-1724
-1946
-2093
-2156
-2123
-2015
-1836
-1577
-1271
-954
-636
-313
2
286
533
754
984
1214
1431
1670
1936
2212
2445
2639
2787
2835
2739
2458
2059
1544
915
190
-550
-1205
-1792
-2276
-2589
-2722
-2697
-2582
-2378
-2086
-1770
-1472
-1232
-1011
-804
-616
-455
-254
16
321
671
1067
1520
1976
2359
2650
2856
2943
2852
2587
2196
1699
1093
389
-314
-959
-1581
-2162
-2621
-2907
-3071
-3159
-3134
-2951
-2663
-2357
-2036
-1632
-1208
-841
-520
-183
195
530
796
1118
1519
1929
2298
2686
3116
3489
3715
3806
3776
3549
3045
2290
1419
485
-541
-1590
-2489
-3146
-3583
-3825
-3793
-3491
-3040
-2565
-2065
-1548
-1093
-785
-631
-514
-392
-250
-97
189
660
1240
1871
2533
3235
3841
4198
4287
4131
3747
3065
2123
1066
4
-1013
-1982
-2760
-3268
-3552
-3709
-3717
-3492
-3157
-2883
-2664
-2378
-2063
-1805
-1601
-1329
-930
-507
-91
413
1042
1663
2157
2595
3045
3433
3622
3659
3666
3612
3363
2965
2490
1924
1168
240
-673
-1506
-2299
-3090
-3671
-3918
-3915
-3758
-3385
-2786
-2097
-1491
-981
-484
-76
135
168
197
347
564
809
1207
1800
2481
3091
3593
3993
4172
3978
3409
2599
1664
552
-682
-1822
-2693
-3290
-3686
-3800
-3596
-3197
-2775
-2383
-1945
-1507
-1268
-1227
-1176
-1030
-868
-707
-417
59
628
1168
1704
2258
2707
2905
2908
2838
2687
2377
1991
1661
1394
1117
858
612
300
-180
-760
-1280
-1789
-2326
-2827
-3065
-3054
-2838
-2451
-1823
-1049
-392
90
518
884
1022
886
657
533
484
511
686
1122
1652
2139
2540
2873
3013
2810
2240
1442
522
-466
-1461
-2320
-2911
-3194
-3166
-2859
-2321
-1677
-1067
-611
-297
-129
-119
-323
-640
-932
-1065
-1035
-829
-455
56
628
1193
1691
2027
2125
1957
1646
1269
875
505
306
262
358
563
908
1199
1207
832
289
-237
-849
-1644
-2399
-2741
-2724
-2509
-2077
-1272
-340
328
623
866
1110
1061
560
15
-209
-187
-95
206
914
1777
2445
2845
3139
3194
2732
1752
606
-469
-1435
-2310
-2880
-2982
-2664
-2106
-1394
-629
19
346
298
-10
-424
-889
-1437
-1895
-2010
-1703
-1114
-381
406
1170
1736
2029
2009
1700
1079
384
-153
-454
-548
-355
242
1022
1737
2325
2856
2901
2051
586
-659
-1581
-2656
-3783
-4138
-3497
-2545
-1698
-558
923
1851
1682
1056
743
378
-580
-1661
-1870
-1244
-443
391
1694
3213
4130
4156
3796
3248
2162
411
-1348
-2492
-3008
-3170
-2928
-2110
-996
20
712
1185
1264
806
-195
-1216
-1926
-2268
-2376
-2138
-1464
-487
476
1267
1786
1877
1509
851
198
-432
-998
-1312
-1073
-444
336
1151
2118
2939
3284
3132
2863
2257
987
-781
-2107
-2648
-2952
-3322
-3233
-2285
-1183
-516
-117
526
840
281
-751
-1148
-1007
-965
-1148
-745
402
1607
2373
3005
3697
3861
3146
1983
999
107
-989
-2091
-2558
-2338
-1813
-1353
-785
-152
297
270
45
-200
-483
-996
-1445
-1460
-1000
-474
-55
419
915
1213
1105
834
466
67
-402
-675
-694
-487
-180
301
821
1249
1566
1897
2090
2000
1817
1724
1383
286
-1105
-1906
-2130
-2605
-3268
-3235
-2350
-1612
-1309
-712
404
981
504
-42
263
738
519
142
514
1372
1859
2063
2560
3110
2912
1951
922
136
-742
-1894
-2879
-3225
-2941
-2446
-1885
-1202
-434
166
422
469
518
524
241
-177
-359
-17
403
608
657
847
963
751
320
-24
-255
-524
-827
-856
-520
-83
277
523
815
1136
1502
1701
1789
1887
1963
1233
-334
-1733
-2188
-2517
-3386
-3969
-3246
-1883
-1108
-617
521
1783
1747
844
608
1205
1224
562
403
1186
1841
1965
2142
2612
2568
1587
189
-914
-1777
-2702
-3557
-3879
-3442
-2567
-1600
-764
60
787
1134
929
718
779
779
323
136
614
1182
1162
953
1000
866
159
-756
-1081
-1035
-1090
-1229
-783
-12
552
748
922
1051
1010
1000
1121
1485
1997
2332
1499
-204
-1499
-1767
-2302
-3705
-4534
-3711
-2294
-1641
-964
657
2086
1714
738
1038
2035
1817
760
662
1531
1990
1791
1885
2246
1915
610
-835
-1744
-2396
-3097
-3637
-3523
-2753
-1627
-639
-3
545
1082
1283
878
606
782
992
644
402
731
1081
793
241
65
-102
-606
-1235
-1240
-804
-413
-255
164
700
968
924
785
690
727
1106
1602
2241
3095
3518
2182
-532
-2544
-3111
-3820
-5405
-5993
-4377
-2103
-880
232
2272
3551
2435
612
601
1475
1164
100
278
1536
2314
2329
2349
2370
1481
-332
-2193
-3166
-3458
-3502
-3394
-2687
-1248
334
1238
1287
1184
1120
721
-84
-320
71
316
195
441
1060
1085
382
-365
-665
-1024
-1464
-1612
-1157
-548
-57
501
1065
1329
1218
1189
1126
1015
1204
1983
2777
3297
3829
3710
1660
-2003
-4665
-5446
-5774
-6644
-6254
-3650
-623
1054
2136
3720
4143
2237
-276
-706
73
299
69
844
2287
3157
3159
2733
2053
573
-1420
-3302
-3985
-3545
-2526
-1675
-805
476
1708
1996
1074
145
-428
-954
-1607
-1300
-195
481
369
404
922
696
-311
-1309
-1418
-1379
-1293
-970
-111
634
839
981
1191
1404
1146
1146
1227
1643
2150
3056
3701
4009
3849
2322
-986
-4911
-6743
-6948
-6669
-6475
-4352
-895
1933
2927
3371
3818
2649
-2
-2023
-1358
-63
694
1115
2485
3624
3634
2683
1481
380
-1187
-2663
-3712
-3176
-1818
-244
560
1110
1586
1654
885
-533
-1311
-1682
-1742
-1785
-703
440
799
245
1
-14
-592
-1287
-1545
-1049
-796
-415
-13
645
750
573
442
595
901
1330
2138
2674
3086
3443
4028
3998
3550
2341
-271
-4310
-7426
-7664
-6453
-5497
-4465
-1608
1637
3269
3011
2709
2162
186
-2329
-2721
-687
1111
1708
2066
3107
3473
2699
1179
-68
-959
-1639
-2120
-2069
-1015
307
1207
1241
1232
1136
685
-493
-1492
-1570
-1169
-993
-855
-19
481
98
-811
-977
-1053
-1349
-1590
-1125
-463
-246
-148
-28
246
84
96
291
1025
1640
2553
3457
3988
3952
3843
3880
3394
2529
625
-2304
-5945
-7555
-6925
-5383
-4350
-2667
56
2224
2714
2030
1640
550
-1280
-2755
-1654
512
1874
2055
2357
2734
2254
1232
10
-622
-1095
-1055
-1066
-547
268
1098
1313
1011
798
503
108
-816
-1169
-1003
-449
-551
-453
10
137
-735
-1609
-1416
-1208
-1277
-1568
-1041
-600
-355
-669
-588
-197
114
320
837
1892
2579
3295
3646
3946
3655
3668
3466
3142
2061
-191
-3537
-6516
-6946
-5953
-4664
-3740
-1370
1205
2786
2506
1802
1069
-360
-2063
-2613
-843
835
1481
1252
1759
1853
1341
324
-422
-623
-577
-249
-143
516
943
1236
973
962
762
375
-272
-877
-872
-543
-154
-442
-344
-226
-374
-1279
-1577
-1275
-1079
-1289
-1382
-948
-743
-738
-1058
-734
-227
340
666
1409
2184
2673
3042
3267
3302
3124
3402
3475
3189
1696
-1090
-4669
-6700
-6417
-5236
-4116
-2450
300
2430
3122
2441
1508
89
-1657
-2857
-2239
-300
979
1325
1393
1750
1469
823
-49
-618
-679
-234
236
442
860
1007
938
631
645
402
26
-518
-793
-541
-56
25
-286
-195
-266
-861
-1477
-1061
-575
-635
-1008
-884
-654
-750
-1154
-1231
-677
-99
231
634
1467
1941
2166
2426
2938
3207
3532
3785
3751
2741
152
-3618
-6546
-6778
-5613
-4275
-2573
451
3046
3868
3089
1905
417
-1629
-3235
-3153
-1202
453
1106
1240
1663
1438
613
-236
-732
-858
-628
-45
399
899
1033
915
663
781
706
368
-51
-362
-412
-124
154
-85
-237
-238
-636
-1372
-1282
-621
-294
-534
-669
-633
-547
-733
-1019
-862
-339
-7
132
652
1115
1367
1586
2155
2698
3415
4068
4264
3559
1495
-2104
-5878
-7225
-6288
-4706
-3048
-150
2989
4556
4074
2560
797
-1226
-3064
-3692
-2110
108
1247
1282
1477
1473
663
-431
-1213
-1311
-838
3
523
1031
1260
968
419
421
534
203
-103
-217
-153
49
402
155
-168
-205
-397
-1204
-1362
-683
-222
-309
-437
-419
-470
-495
-776
-739
-368
-93
-280
-105
213
346
627
1403
2308
3126
4121
4671
4533
2989
-394
-4888
-7292
-6638
-4930
-3334
-789
2545
4482
4405
2893
1107
-844
-2638
-3666
-2559
-3
1624
1632
1226
1066
257
-843
-1779
-1805
-1059
32
628
1011
1425
1096
229
-138
292
248
122
161
369
449
696
497
2
-109
-267
-997
-1627
-1179
-608
-233
-220
-209
-336
-189
-228
-395
-302
-206
-444
-656
-322
-119
216
896
1883
2740
3815
4671
4754
3552
348
-4141
-7012
-6615
-5084
-3639
-1292
2045
4166
4229
2916
1231
-550
-2226
-3021
-2045
299
1951
2062
1359
783
-74
-1196
-2061
-2033
-1130
110
826
959
1083
751
-213
-780
-233
223
230
360
735
941
1002
672
61
-165
-349
-999
-1395
-808
-234
-150
-170
-18
-16
-157
-294
-200
48
-43
-576
-834
-592
-462
-338
345
1491
2487
3508
4403
4652
3500
618
-3483
-6282
-6190
-4768
-3362
-1212
1775
3576
3448
2222
829
-630
-1965
-2422
-1300
777
2056
2084
1439
599
-507
-1462
-1799
-1495
-691
227
916
935
527
-198
-859
-1001
-362
284
547
822
1017
974
720
409
-192
-454
-448
-667
-944
-685
-257
-129
-35
16
20
-27
6
65
284
260
-257
-719
-719
-554
-408
142
1040
1998
3039
4007
4379
3526
980
-2834
-5560
-5644
-4469
-3346
-1453
1303
2957
2701
1609
587
-572
-1815
-2175
-885
1113
2153
1974
1428
746
-222
-1217
-1535
-1047
-207
380
633
517
-1
-878
-1548
-1320
-355
471
706
817
917
777
324
-94
-325
-353
-397
-383
-207
-63
-142
-261
-238
-122
-27
15
98
425
668
579
138
-239
-601
-785
-645
-16
817
1629
2635
3574
3940
2931
525
-2839
-4893
-4805
-3738
-2809
-1020
1382
2514
1877
683
42
-665
-1596
-1939
-549
1381
2163
1759
1146
672
-83
-791
-991
-255
544
701
304
-44
-493
-1350
-1852
-1422
-174
636
886
671
507
249
-62
-388
-380
-36
102
71
79
134
-115
-303
-451
-315
-29
180
172
505
838
657
98
-208
-295
-338
-278
56
703
1418
2334
3168
3504
2652
523
-2539
-4498
-4377
-3510
-2895
-1414
998
2227
1657
460
-219
-765
-1520
-1841
-721
1188
2145
1925
1235
679
96
-374
-592
-116
670
907
484
-148
-677
-1367
-1693
-1314
-253
509
682
417
154
-89
-309
-382
-215
207
374
249
95
76
-146
-408
-562
-403
-23
279
216
299
604
655
279
-78
-129
-14
141
260
577
1219
2114
2818
3119
2628
838
-2051
-4073
-4017
-3192
-2812
-1668
712
2171
1448
34
-607
-840
-1345
-1620
-824
803
1968
1989
1304
556
-23
-444
-500
-35
705
991
646
-1
-587
-1274
-1666
-1318
-392
337
581
438
188
-35
-316
-451
-167
189
208
332
531
267
-226
-316
-257
-383
-451
-449
-277
185
523
406
277
339
283
240
388
657
786
1180
1874
2551
2777
2289
488
-2114
-3563
-3201
-2528
-2297
-1165
766
1660
739
-475
-892
-942
-1271
-1337
-521
775
1605
1558
903
197
-267
-500
-334
349
1040
1177
732
-15
-697
-1320
-1635
-1281
-219
567
634
319
16
-265
-501
-487
-162
337
479
354
390
452
56
-358
-339
-152
-260
-607
-701
-310
173
224
189
437
767
799
778
813
876
1032
1595
2331
2569
1761
-80
-2044
-2848
-2483
-2300
-2050
-617
1179
1150
-142
-872
-821
-990
-1182
-959
-232
719
1335
1199
487
-78
-461
-388
134
956
1260
1088
565
-155
-1079
-1725
-1656
-873
223
798
685
109
-218
-401
-469
-462
-115
316
608
741
667
386
6
-131
-295
-432
-617
-648
-489
-86
131
44
144
524
819
799
855
917
1024
1240
1720
2143
2051
877
-999
-2140
-2114
-1906
-2047
-1257
352
1000
-80
-1048
-960
-626
-758
-858
-562
-8
535
702
467
40
-253
-305
211
965
1450
1266
776
126
-608
-1442
-1818
-1290
-162
606
618
273
-190
-538
-675
-537
-239
211
532
739
921
819
292
-10
179
156
-373
-737
-632
-347
-297
-385
-342
188
802
1031
878
788
867
929
1120
1471
1914
1730
670
-866
-1667
-1732
-1858
-1898
-800
733
692
-533
-1095
-654
-606
-874
-856
-527
-201
143
321
114
-96
-169
-8
342
1018
1438
1309
701
35
-571
-1163
-1433
-996
-8
496
235
-234
-414
-678
-879
-700
-138
256
346
500
887
942
444
282
643
579
-221
-708
-598
-352
-432
-529
-333
335
868
956
842
747
706
828
1179
1384
1429
1018
153
-759
-1074
-1256
-1452
-1011
147
707
-31
-931
-961
-531
-534
-608
-480
-284
-352
-380
-326
-308
-396
-263
215
720
1079
1254
1136
513
-175
-664
-891
-832
-210
431
395
-215
-637
-744
-858
-851
-497
31
278
315
385
543
463
323
485
736
465
-49
-207
-203
-443
-659
-576
-194
378
892
1027
866
696
547
567
755
1014
1053
754
66
-519
-770
-898
-924
-452
293
400
-132
-584
-489
-307
-279
-402
-387
-377
-518
-710
-693
-534
-564
-462
-75
508
864
1048
857
302
-269
-534
-499
-232
294
589
397
-182
-530
-678
-703
-606
-211
107
130
111
218
212
106
328
618
554
82
-113
-142
-351
-771
-733
-297
138
475
906
1087
723
271
83
245
490
828
979
908
498
-18
-429
-523
-387
-231
-88
-58
-37
-74
-83
-149
-99
-112
-262
-511
-685
-693
-636
-576
-650
-594
-353
53
389
562
397
-29
-376
-442
-256
25
364
535
421
92
-202
-418
-447
-246
-17
-77
-122
38
155
33
28
296
511
287
-104
-180
-162
-468
-886
-740
-291
62
383
836
908
523
78
-15
201
554
878
1021
988
752
350
-50
-133
6
65
-17
-8
88
132
115
97
135
96
-160
-491
-649
-622
-664
-735
-786
-687
-493
-202
55
266
151
-314
-684
-633
-347
-95
172
378
430
203
-91
-260
-219
-106
-36
-101
-111
28
66
-66
26
408
489
152
-138
-210
-325
-612
-831
-720
-354
-50
242
593
703
415
98
54
195
469
863
1174
1153
882
579
411
325
292
222
173
99
123
192
259
312
386
323
-20
-415
-676
-719
-781
-789
-810
-770
-661
-416
-234
-150
-231
-502
-700
-602
-307
-136
106
371
411
142
-59
-102
-49
40
18
-81
-104
-55
-90
-36
191
411
426
212
-91
-323
-440
-557
-578
-471
-270
-74
188
428
430
152
-52
52
275
518
881
1276
1261
916
592
493
393
271
135
160
181
117
43
166
387
440
297
4
-309
-647
-763
-776
-688
-724
-757
-735
-511
-328
-345
-461
-588
-677
-710
-521
-262
81
326
374
238
212
242
224
155
35
-84
-107
-48
-94
-63
93
249
277
214
10
-223
-300
-322
-329
-297
-203
-107
147
410
401
150
30
133
287
457
718
1056
1177
998
675
450
280
94
-32
-11
58
27
61
221
453
446
214
-118
-328
-506
-678
-725
-635
-555
-696
-765
-698
-538
-520
-498
-556
-610
-617
-528
-343
-61
197
254
294
375
478
401
268
39
-114
-130
-133
-243
-190
58
216
214
152
32
-132
-200
-226
-232
-197
-115
-48
152
326
289
174
217
296
323
419
671
971
1171
1046
690
428
271
17
-185
-141
-12
113
234
387
443
396
113
-183
-348
-402
-552
-609
-492
-407
-548
-722
-757
-696
-559
-478
-473
-562
-559
-536
-385
-194
14
118
266
432
495
408
226
83
9
-19
-169
-257
-111
184
276
234
168
110
-24
-200
-258
-188
-101
-103
-49
83
132
27
46
235
270
161
184
471
791
1020
978
772
599
437
154
-128
-105
27
198
364
523
471
317
63
-198
-404
-560
-675
-659
-413
-317
-414
-597
-641
-687
-669
-616
-554
-506
-403
-331
-361
-271
-136
-6
136
369
461
426
340
236
110
32
-95
-192
-39
225
310
258
290
271
74
-198
-288
-212
-96
-88
-71
5
-13
-166
-171
45
115
47
99
386
669
857
889
792
652
486
179
-133
-146
97
374
537
624
551
346
21
-305
-527
-646
-675
-580
-369
-308
-485
-706
-768
-789
-787
-696
-536
-341
-209
-223
-382
-441
-346
-153
117
437
603
586
489
309
112
18
26
29
113
243
315
283
304
291
127
-147
-264
-196
-75
-47
-38
-22
-123
-270
-306
-162
-68
12
141
357
511
649
756
812
726
500
195
-64
-115
89
444
688
764
660
397
-15
-370
-563
-574
-527
-427
-295
-273
-451
-663
-764
-826
-837
-722
-498
-259
-93
-121
-325
-501
-513
-344
-20
339
604
695
615
389
179
61
36
100
174
224
226
198
194
185
77
-113
-232
-205
-131
-98
-78
-76
-164
-309
-384
-323
-177
-30
122
268
400
560
701
791
752
521
207
-20
-65
109
454
736
823
755
513
77
-335
-513
-508
-392
-200
-65
-134
-334
-563
-732
-842
-839
-694
-417
-126
-3
-92
-315
-488
-567
-475
-172
258
592
743
669
431
153
-4
-10
108
220
236
219
186
130
12
-81
-190
-264
-239
-177
-168
-149
-132
-181
-308
-409
-410
-314
-153
42
252
402
504
601
688
627
446
244
95
71
175
377
565
730
769
602
204
-187
-392
-409
-304
-141
-1
-54
-243
-502
-661
-760
-767
-673
-414
-176
-101
-212
-373
-493
-565
-469
-203
193
510
692
633
423
155
-21
-22
118
265
304
270
219
134
-40
-189
-215
-171
-126
-115
-104
-120
-123
-166
-285
-415
-431
-351
-201
35
240
374
415
506
526
456
299
212
192
206
263
377
506
603
679
596
303
-69
-249
-263
-186
-61
65
-3
-207
-441
-638
-769
-741
-588
-436
-305
-271
-341
-480
-531
-540
-449
-265
-6
268
471
515
347
162
68
94
148
227
305
341
292
159
-11
-135
-115
-42
13
-30
-120
-186
-185
-188
-260
-341
-347
-294
-181
1
143
249
372
503
454
287
219
243
291
335
399
455
496
526
537
503
362
143
1
-14
6
30
87
71
-126
-397
-624
-728
-661
-500
-398
-366
-348
-389
-499
-582
-535
-439
-296
-112
74
217
286
241
154
131
166
197
240
340
368
288
137
-28
-122
-91
-8
56
46
-25
-120
-185
-228
-303
-377
-405
-374
-308
-185
-32
121
305
419
347
172
121
199
272
365
521
613
585
527
478
427
346
275
214
201
197
218
193
123
-72
-346
-547
-618
-555
-446
-342
-310
-314
-413
-551
-651
-599
-462
-318
-190
-62
64
136
139
151
209
227
204
233
310
320
255
159
40
-60
-74
-26
43
95
70
-38
-123
-196
-299
-389
-403
-418
-389
-284
-161
-14
165
277
202
79
0
18
110
290
484
625
605
502
410
365
302
260
314
370
379
361
338
190
-39
-294
-451
-529
-471
-338
-230
-220
-298
-455
-641
-720
-671
-504
-323
-197
-165
-106
-56
-27
26
176
283
298
291
297
276
231
191
84
-16
-11
108
177
211
202
125
6
-103
-223
-345
-382
-372
-370
-318
-188
-57
94
188
136
-2
-63
-67
-14
167
393
521
555
520
410
293
233
245
301
423
495
477
417
276
-4
-282
-402
-423
-368
-219
-75
-89
-222
-421
-650
-770
-705
-559
-431
-300
-208
-200
-209
-143
-53
55
193
295
305
265
229
206
176
85
9
13
136
243
277
257
222
133
-2
-141
-259
-313
-341
-318
-282
-205
-103
13
56
32
-56
-116
-109
-40
96
248
379
439
432
375
297
225
253
353
434
484
533
485
303
75
-125
-265
-268
-131
-21
27
22
-110
-367
-594
-665
-638
-528
-379
-285
-256
-263
-294
-301
-178
-21
92
200
278
254
192
176
154
47
-24
52
159
244
313
332
261
164
63
-69
-200
-274
-297
-307
-286
-235
-147
-50
-36
-117
-216
-255
-222
-143
2
124
200
260
298
252
203
222
290
379
465
517
492
463
371
188
8
-84
-101
-41
57
104
55
-53
-230
-436
-550
-536
-464
-399
-307
-279
-319
-359
-330
-257
-134
10
112
157
192
218
183
117
47
29
72
180
269
320
359
347
232
107
-5
-129
-228
-253
-243
-270
-237
-132
-72
-116
-219
-322
-363
-287
-167
-66
48
154
172
124
84
75
140
286
445
497
526
512
424
307
212
101
13
23
111
138
112
78
-40
-179
-306
-390
-442
-393
-344
-336
-359
-379
-429
-430
-320
-186
-76
49
152
148
153
156
91
12
56
157
200
258
374
410
360
283
167
38
-56
-124
-180
-201
-187
-169
-103
-56
-143
-290
-360
-355
-303
-183
-60
15
66
97
30
-80
-83
56
222
382
525
561
499
395
288
183
97
104
172
234
223
140
50
-8
-89
-194
-237
-228
-234
-261
-313
-378
-429
-446
-426
-355
-214
-81
8
65
115
96
60
41
61
93
142
196
240
299
347
346
275
210
132
25
-67
-94
-128
-171
-154
-80
-88
-177
-267
-324
-349
-334
-262
-168
-80
-20
8
-57
-149
-190
-104
85
283
426
512
511
397
250
137
71
90
219
328
315
229
157
55
-61
-124
-135
-121
-98
-88
-167
-289
-361
-397
-412
-359
-243
-129
-42
25
54
24
19
33
47
66
98
127
176
249
314
316
285
216
110
33
-16
-61
-103
-93
-67
-60
-100
-182
-276
-330
-344
-347
-318
-239
-153
-103
-99
-128
-196
-227
-163
-29
122
270
388
427
374
294
199
136
181
253
286
285
294
236
129
41
-12
-62
-62
-31
-43
-110
-173
-255
-328
-338
-315
-282
-190
-77
-44
-31
-4
7
11
59
69
38
59
144
184
241
311
303
208
132
54
-17
-36
-8
29
41
34
-65
-194
-281
-329
-359
-331
-272
-229
-212
-178
-197
-224
-249
-238
-195
-97
65
190
294
337
321
248
187
180
228
289
327
321
300
259
193
97
58
66
56
29
-3
-40
-110
-169
-222
-275
-286
-236
-170
-108
-66
-49
-61
-51
-21
3
-2
-1
22
73
128
200
264
285
245
135
36
-10
-15
22
107
174
132
0
-117
-237
-321
-330
-272
-218
-180
-167
-202
-246
-281
-294
-295
-244
-115
1
97
177
201
173
124
107
148
222
302
346
313
272
230
168
138
162
183
157
109
62
-35
-101
-135
-158
-178
-173
-143
-128
-114
-103
-116
-125
-101
-93
-76
-63
-47
-14
50
103
149
186
226
198
125
77
48
23
45
130
178
160
74
-26
-144
-228
-261
-223
-166
-132
-126
-176
-239
-306
-339
-327
-272
-175
-66
38
92
95
66
26
-2
24
108
202
259
298
303
234
177
168
173
164
187
184
115
41
7
-64
-123
-127
-126
-142
-117
-79
-88
-80
-59
-99
-155
-144
-136
-120
-43
49
90
129
156
133
88
90
77
59
80
110
130
166
171
106
10
-62
-121
-155
-136
-110
-113
-121
-147
-239
-299
-317
-296
-271
-203
-106
-25
15
25
-5
-57
-83
-52
18
106
193
242
260
248
228
184
169
203
228
190
167
137
82
22
-23
-74
-104
-88
-80
-60
-28
-3
-36
-77
-123
-176
-188
-138
-76
-5
85
129
124
107
81
29
10
41
79
107
150
174
142
88
23
-53
-107
-94
-63
-57
-50
-53
-109
-193
-263
-299
-307
-275
-190
-102
-30
-4
-5
-50
-105
-113
-87
-29
52
112
148
161
171
181
176
192
219
236
226
193
150
119
85
27
-12
-24
-58
-72
-35
8
33
38
16
-45
-100
-129
-149
-111
-23
72
127
136
92
20
-7
-8
7
55
129
165
159
125
52
-22
-53
-58
-60
-44
-17
-5
-35
-97
-177
-240
-257
-249
-223
-178
-133
-87
-67
-67
-101
-133
-128
-104
-58
-22
10
53
88
90
88
112
135
160
203
211
174
136
112
63
22
7
-16
-37
-27
-2
19
40
52
35
2
-40
-93
-100
-62
-7
38
86
105
76
42
13
0
1
49
98
136
165
141
68
7
-32
-49
-47
-28
9
32
2
-57
-112
-174
-217
-241
-225
-202
-157
-109
-90
-93
-115
-144
-158
-132
-98
-64
-36
-8
5
18
47
77
98
137
149
155
163
152
135
111
85
35
4
-7
-9
12
54
55
43
29
23
-12
-52
-41
-27
2
31
52
43
46
45
15
-5
13
49
100
134
159
143
91
43
15
-6
-21
-12
14
35
22
-14
-65
-112
-166
-214
-216
-189
-150
-120
-109
-113
-149
-173
-170
-149
-118
-79
-48
-41
-33
-18
-2
22
56
84
103
131
164
175
170
144
97
59
51
32
37
76
97
77
58
58
32
0
2
13
22
38
49
46
36
29
18
-5
-8
7
35
79
124
138
124
89
37
3
-5
2
8
40
54
27
-28
-57
-91
-139
-155
-157
-167
-182
-155
-142
-154
-161
-155
-174
-165
-132
-110
-104
-81
-80
-85
-67
-37
-22
4
49
81
105
140
165
139
124
102
63
39
66
101
114
124
120
80
47
26
12
26
78
94
98
88
56
28
6
9
-10
4
56
102
118
125
98
42
1
-3
5
17
49
71
52
16
-24
-56
-73
-81
-95
-113
-129
-137
-142
-155
-153
-164
-173
-162
-140
-135
-133
-115
-116
-134
-130
-111
-97
-77
-40
-20
9
50
85
110
114
100
73
60
64
74
88
121
121
109
97
72
27
28
53
48
59
95
92
63
49
35
0
-21
5
29
53
90
103
70
44
15
-14
-12
8
31
51
60
40
14
-15
-41
-71
-79
-85
-91
-91
-104
-115
-134
-141
-145
-134
-122
-122
-121
-124
-121
-130
-138
-118
-95
-78
-54
-28
-2
21
50
71
81
75
82
81
80
99
118
123
125
131
110
73
53
54
48
63
83
96
92
72
51
28
22
19
29
39
54
64
60
48
27
11
11
11
28
52
62
57
47
18
3
-20
-33
-41
-62
-76
-72
-89
-112
-120
-128
-121
-122
-122
-134
-135
-127
-127
-145
-148
-133
-113
-101
-74
-43
-23
7
35
52
49
46
54
70
81
103
120
130
135
125
93
71
60
63
75
81
81
78
72
47
34
31
28
32
49
46
38
43
38
25
17
10
7
21
39
56
51
40
35
19
-5
-15
-19
-31
-29
-33
-50
-72
-98
-116
-118
-113
-98
-99
-111
-116
-126
-149
-167
-150
-132
-114
-96
-80
-56
-31
-3
7
9
17
14
18
37
66
87
109
115
116
93
69
65
68
78
72
74
68
59
39
19
7
13
27
31
38
43
36
31
18
-2
-7
1
5
20
36
37
32
25
24
13
4
8
3
2
3
-5
-19
-39
-61
-74
-86
-80
-69
-67
-72
-89
-95
-125
-142
-131
-125
-104
-83
-68
-40
-22
-13
-11
-5
2
1
9
18
31
62
86
101
109
102
84
63
76
83
82
87
89
68
38
22
4
10
35
47
43
46
32
15
-1
-10
-5
-3
11
19
18
22
14
13
6
6
13
18
20
17
11
-3
-18
-27
-25
-42
-48
-50
-62
-64
-64
-75
-85
-99
-114
-129
-128
-119
-104
-74
-44
-22
-20
-18
-12
-12
-20
-15
-11
7
40
81
96
101
93
80
69
66
81
90
103
92
70
37
7
2
10
22
23
23
19
7
-1
-8
-12
-12
-12
-9
-6
-6
-1
9
11
5
-3
11
19
19
26
18
14
15
16
7
0
-4
-5
-10
-18
-30
-47
-58
-68
-77
-86
-80
-78
-76
-64
-47
-38
-21
-10
-4
-2
-16
-35
-33
-24
-4
37
68
84
78
69
58
41
41
62
69
70
60
41
16
4
7
9
-3
-1
8
5
-7
-2
6
-13
-14
-15
-18
-22
0
22
25
32
28
11
12
19
19
26
40
50
43
32
21
7
2
8
-4
-15
-28
-38
-47
-63
-69
-88
-99
-89
-84
-67
-40
-38
-28
-29
-53
-72
-80
-74
-65
-43
-10
9
18
25
16
1
5
9
18
30
36
37
21
13
7
6
2
-6
5
12
13
17
15
11
13
4
-1
-7
-2
11
34
55
52
48
36
29
27
29
44
55
66
72
53
38
42
37
29
33
19
5
-7
-17
-32
-50
-53
-61
-67
-58
-50
-42
-29
-26
-25
-40
-51
-61
-63
-59
-54
-33
-13
8
18
16
10
-3
1
4
12
26
36
35
32
28
10
1
-2
6
16
23
26
26
18
14
6
1
-2
4
22
36
42
45
35
27
29
31
35
45
58
59
47
48
44
39
48
44
33
21
8
-5
-21
-30
-41
-55
-62
-70
-72
-75
-66
-53
-55
-53
-59
-75
-84
-88
-87
-75
-53
-33
-18
-10
-8
-16
-16
3
2
14
34
40
39
41
39
23
14
19
22
27
44
45
41
30
18
7
0
3
11
25
34
37
27
24
13
10
16
19
37
39
41
38
27
22
21
31
33
38
33
15
1
-15
-31
-46
-45
-51
-60
-59
-63
-70
-61
-50
-55
-64
-69
-77
-89
-82
-63
-59
-46
-32
-27
-29
-26
-8
-6
4
18
19
30
37
41
27
26
27
22
33
44
44
41
41
28
15
12
10
8
16
22
23
21
17
20
12
10
17
24
35
39
37
33
26
25
28
34
44
48
44
43
27
7
-8
-19
-28
-38
-35
-33
-40
-32
-35
-47
-50
-61
-70
-78
-78
-71
-62
-55
-52
-56
-55
-50
-44
-31
-14
-12
-5
6
9
10
11
16
22
24
29
32
38
44
51
47
35
35
30
21
27
27
31
35
33
32
26
26
25
25
29
26
26
29
31
30
24
17
22
30
30
41
46
34
17
-4
-23
-34
-33
-27
-25
-23
-27
-32
-44
-52
-56
-66
-68
-69
-61
-55
-54
-54
-62
-64
-73
-61
-41
-28
-18
-2
-1
-6
2
1
7
22
28
30
31
36
43
40
46
48
41
41
42
36
38
45
46
45
44
33
33
27
30
35
32
37
34
37
33
24
17
16
26
39
44
43
33
15
-2
-15
-20
-26
-21
-21
-27
-32
-44
-45
-52
-58
-65
-73
-75
-70
-66
-68
-68
-74
-79
-83
-79
-68
-57
-40
-32
-28
-25
-24
-12
-1
12
12
13
14
17
25
41
54
56
59
52
44
38
43
58
68
77
68
56
49
40
38
44
49
53
58
53
44
30
24
25
34
38
42
35
24
18
1
-7
-16
-23
-21
-34
-43
-50
-60
-55
-51
-63
-72
-82
-93
-96
-95
-93
-89
-90
-93
-101
-106
-99
-89
-73
-62
-58
-50
-46
-29
-20
-14
-11
-9
-4
3
12
31
49
55
62
59
54
55
62
77
88
89
93
90
81
77
80
79
82
87
90
86
83
72
67
67
60
65
62
59
58
47
38
30
13
2
-2
-15
-26
-33
-34
-37
-43
-51
-75
-79
-86
-97
-88
-89
-91
-95
-103
-114
-116
-110
-100
-85
-77
-73
-64
-55
-47
-35
-25
-19
-10
-7
-6
3
22
39
54
63
64
63
58
66
78
83
90
96
89
82
82
82
82
85
82
87
84
76
71
70
72
63
64
58
48
42
38
41
24
21
15
0
-13
-26
-36
-38
-37
-51
-54
-68
-81
-85
-95
-93
-103
-100
-106
-118
-122
-132
-120
-115
-114
-103
-101
-97
-80
-68
-54
-40
-34
-26
-35
-30
-20
-1
23
41
53
54
52
50
59
65
75
86
87
87
79
83
81
80
77
79
88
80
78
80
81
73
69
68
56
50
49
52
46
39
34
24
9
-3
-8
-13
-18
-28
-42
-50
-66
-74
-76
-75
-80
-91
-95
-110
-124
-129
-130
-121
-119
-126
-118
-121
-113
-100
-91
-70
-60
-52
-51
-54
-47
-39
-17
2
16
28
31
33
39
50
56
71
80
89
82
77
86
83
82
87
94
94
89
93
94
90
91
95
88
78
73
71
72
67
64
62
52
39
28
25
17
7
-1
-8
-18
-34
-37
-44
-51
-64
-74
-80
-87
-95
-105
-104
-120
-124
-130
-128
-117
-116
-105
-94
-89
-89
-82
-84
-79
-65
-55
-38
-29
-15
-12
-5
-1
11
30
37
56
71
70
64
72
67
73
85
92
100
98
97
97
96
100
100
109
102
93
92
89
83
82
79
77
67
54
54
46
39
27
24
16
-1
-12
-19
-30
-39
-48
-54
-62
-66
-78
-85
-101
-115
-121
-121
-113
-121
-113
-109
-108
-107
-103
-97
-100
-84
-76
-70
-60
-54
-38
-35
-24
-20
-9
3
17
36
44
54
60
60
61
60
66
79
83
89
93
91
98
92
97
100
91
92
95
93
85
88
82
73
66
61
52
51
45
41
40
23
11
-3
-14
-22
-26
-34
-36
-46
-61
-68
-84
-92
-101
-102
-97
-110
-111
-110
-108
-111
-107
-101
-99
-92
-88
-82
-77
-67
-57
-44
-37
-37
-29
-17
-5
5
21
35
46
47
50
53
52
62
70
74
78
81
84
89
85
90
91
87
89
84
82
89
88
84
82
65
57
54
45
48
49
47
38
17
5
-11
-19
-24
-17
-29
-37
-46
-63
-71
-83
-88
-91
-90
-101
-105
-103
-110
-105
-104
-107
-99
-104
-103
-91
-84
-76
-64
-55
-60
-58
-52
-40
-33
-16
3
11
18
19
26
28
31
43
51
56
62
64
69
72
72
79
83
81
80
83
90
91
92
95
87
84
77
67
70
73
69
75
69
45
39
31
16
20
12
8
6
-13
-22
-37
-46
-55
-54
-57
-70
-75
-77
-83
-90
-89
-91
-95
-92
-89
-88
-77
-74
-65
-64
-70
-64
-55
-49
-37
-26
-21
-9
-7
-3
11
13
23
30
35
46
42
51
63
57
65
71
72
75
73
83
84
84
85
90
88
74
74
72
65
63
68
68
58
49
40
31
18
12
9
10
-5
-11
-17
-34
-46
-50
-54
-62
-66
-73
-75
-84
-90
-91
-94
-98
-101
-92
-89
-89
-82
-74
-71
-74
-69
-62
-58
-53
-39
-31
-27
-19
-7
-1
4
10
17
26
27
37
42
49
47
54
60
52
58
63
70
72
72
79
79
73
69
65
62
55
60
61
57
53
44
41
31
11
15
12
5
1
-5
-17
-32
-39
-44
-47
-52
-57
-56
-63
-78
-80
-79
-83
-89
-83
-83
-88
-80
-72
-69
-67
-65
-64
-59
-57
-52
-40
-31
-24
-15
-11
-7
-1
7
21
27
36
45
51
51
53
56
59
64
69
82
82
82
88
81
86
74
76
82
72
75
72
69
66
58
54
46
39
34
36
31
19
13
4
-9
-17
-21
-20
-26
-33
-38
-48
-60
-59
-62
-61
-67
-76
-73
-83
-86
-79
-76
-64
-66
-67
-62
-69
-62
-56
-46
-40
-34
-25
-20
-20
-15
-1
5
15
21
30
34
36
44
45
51
54
63
66
65
70
71
76
76
73
74
69
63
66
61
59
61
55
52
41
35
34
28
26
17
9
0
-7
-16
-16
-25
-29
-33
-41
-47
-51
-54
-57
-61
-70
-72
-80
-83
-78
-74
-74
-71
-72
-75
-73
-69
-65
-54
-51
-41
-36
-42
-30
-28
-18
-7
2
12
17
28
28
34
36
42
52
53
58
63
63
66
70
66
70
67
62
66
60
57
58
55
51
46
36
37
30
27
32
20
19
5
1
-6
-14
-17
-19
-24
-31
-36
-40
-41
-52
-52
-55
-62
-67
-67
-71
-68
-67
-69
-65
-72
-68
-66
-58
-50
-47
-37
-39
-39
-31
-24
-17
-5
5
9
16
21
25
31
38
44
51
54
58
58
61
64
63
70
66
73
69
66
66
59
56
56
54
49
47
42
36
30
26
22
22
14
12
8
-6
-9
-19
-21
-23
-31
-28
-34
-37
-41
-47
-53
-58
-65
-64
-56
-58
-60
-60
-67
-73
-72
-63
-60
-50
-43
-45
-40
-46
-38
-29
-24
-13
-6
1
7
15
20
28
33
37
42
47
52
56
64
63
64
68
68
74
67
68
67
60
63
64
59
59
52
44
40
30
35
36
30
31
22
12
4
-2
-5
-8
-9
-12
-16
-22
-29
-35
-38
-39
-52
-45
-46
-50
-51
-62
-62
-68
-65
-58
-57
-56
-59
-57
-56
-57
-48
-43
-43
-34
-32
-31
-20
-15
-8
2
6
6
15
19
26
38
37
43
44
49
55
58
65
62
62
63
61
66
65
64
62
57
47
46
46
43
43
39
33
27
17
12
5
1
0
-5
-7
-16
-21
-30
-34
-41
-44
-45
-44
-46
-58
-61
-68
-73
-67
-64
-63
-69
-71
-73
-74
-68
-59
-54
-54
-49
-54
-50
-46
-33
-24
-17
-4
-7
-3
4
6
20
27
31
41
42
47
54
55
55
60
60
61
71
69
67
65
64
57
53
54
55
47
47
48
36
32
26
18
13
9
5
6
0
-9
-15
-24
-25
-38
-34
-32
-40
-39
-50
-55
-61
-63
-56
-55
-61
-64
-65
-64
-66
-59
-51
-58
-51
-51
-52
-44
-43
-30
-23
-18
-13
-10
-9
-1
7
18
27
30
38
41
46
48
55
58
63
67
74
78
72
74
73
70
70
73
70
69
62
60
59
49
48
45
36
33
29
18
14
6
0
4
-5
-11
-20
-25
-31
-38
-37
-41
-47
-49
-47
-60
-63
-67
-69
-61
-67
-60
-59
-68
-62
-66
-61
-59
-53
-45
-43
-36
-35
-28
-26
-18
-14
-2
4
6
15
16
24
31
36
40
44
43
53
56
57
62
63
61
59
62
56
57
61
56
55
51
45
43
40
35
34
24
22
19
10
11
7
2
-9
-10
-21
-21
-22
-27
-25
-38
-38
-42
-50
-53
-52
-55
-53
-50
-57
-55
-63
-63
-59
-57
-54
-48
-49
-46
-46
-47
-38
-36
-27
-18
-17
-11
-12
-8
3
5
15
22
21
27
29
34
40
44
42
48
50
48
52
54
53
50
51
49
47
44
46
43
39
33
28
27
20
22
18
12
4
2
1
-9
-4
-13
-17
-20
-24
-26
-29
-37
-37
-36
-43
-38
-41
-46
-47
-46
-50
-46
-42
-43
-41
-39
-43
-42
-35
-30
-24
-19
-18
-14
-13
-11
0
6
11
17
19
20
22
26
35
38
37
45
44
43
46
43
44
44
46
48
47
43
37
41
32
30
34
29
30
22
20
13
5
9
6
3
0
-2
-9
-13
-15
-18
-16
-23
-23
-25
-32
-29
-31
-31
-34
-33
-35
-36
-33
-35
-36
-32
-31
-33
-29
-28
-25
-26
-19
-15
-15
-14
-4
-4
-1
-1
6
11
10
22
26
22
26
26
31
34
37
41
38
38
41
36
38
38
34
38
37
31
29
27
21
20
22
15
12
8
0
6
0
-3
-2
-9
-11
-14
-16
-21
-21
-22
-26
-23
-29
-32
-30
-34
-35
-36
-35
-33
-34
-34
-33
-39
-37
-33
-28
-27
-25
-20
-26
-23
-18
-16
-10
-8
-1
-1
-4
2
4
7
11
16
17
19
21
21
21
21
28
22
29
30
21
28
26
22
23
18
23
24
17
16
12
3
7
8
6
4
-5
-6
-10
-11
-9
-10
-12
-17
-21
-21
-23
-22
-21
-23
-24
-28
-25
-26
-28
-28
-25
-27
-26
-26
-22
-24
-24
-25
-21
-22
-17
-9
-11
-11
-6
-8
-5
3
4
11
14
13
16
20
19
26
25
33
33
30
35
34
35
32
37
34
31
32
35
29
26
24
20
19
19
20
14
8
1
-1
2
0
4
-6
-10
-16
-22
-14
-19
-13
-17
-24
-26
-30
-30
-25
-23
-23
-26
-26
-25
-32
-23
-24
-22
-12
-15
-15
-13
-14
-16
-4
-4
-1
8
5
6
6
8
8
14
24
25
27
26
22
23
24
33
37
36
37
33
25
29
31
28
34
31
23
20
19
16
16
15
6
7
3
0
1
-6
-12
-13
-11
-15
-13
-12
-19
-24
-25
-20
-24
-20
-19
-25
-27
-28
-27
-28
-25
-25
-22
-23
-20
-27
-26
-22
-23
-12
-14
-9
-10
-12
-9
-7
-6
1
2
9
11
8
10
11
9
14
21
18
25
23
16
18
19
18
26
25
22
20
15
16
19
16
15
18
13
8
13
7
3
-1
-2
0
-4
-3
-8
-13
-19
-14
-15
-18
-15
-23
-23
-24
-22
-22
-21
-22
-23
-26
-21
-21
-22
-21
-22
-22
-19
-16
-17
-14
-18
-17
-17
-13
-8
-7
-6
-5
-6
-4
1
5
6
11
10
15
18
13
16
21
21
26
27
22
23
19
23
25
22
20
19
19
16
13
13
14
5
9
8
6
9
-2
-1
-3
-3
-1
-3
-3
-14
-13
-14
-10
-10
-11
-15
-20
-22
-22
-13
-15
-14
-18
-21
-21
-18
-14
-11
-14
-14
-8
-16
-7
-5
-7
-4
3
-2
2
5
4
8
6
13
11
19
17
13
20
18
19
25
24
25
22
22
19
21
21
19
26
20
13
15
10
8
8
11
12
3
4
-5
-3
-4
1
-4
-1
-8
-14
-5
-9
-7
-12
-12
-12
-13
-8
-11
-12
-15
-19
-15
-12
-7
-14
-10
-12
-20
-11
-9
-6
-6
-4
-8
-7
0
-3
1
6
4
8