806
932
1124
1369
1225
706
84
140
108
82
-476
-995
-1417
-1071
-519
-555
-840
-940
-799
-310
334
959
1026
1233
1768
1410
56
170
1578
2527
2277
190
-1705
-1684
-384
-356
-852
-1434
-2385
-2759
-1753
-1091
-1145
-697
-683
-939
-171
736
855
1206
1652
1377
1508
1915
1506
1379
1838
1470
544
456
152
-416
-401
-455
-1109
-1538
-1623
-1862
-1483
-999
-1110
-1272
-726
-453
-275
-48
-107
124
654
1397
970
265
275
743
810
978
308
-367
-45
389
499
142
-78
-409
-21
1026
1351
1106
987
-183
-988
414
2106
2001
686
-1386
-2462
-1368
-59
-612
-1499
-1965
-2750
-2360
-1108
-654
-859
-374
-383
-428
648
1181
1206
1956
2202
1461
1481
1871
1724
1824
1785
777
31
296
-54
-632
-772
-1273
-1930
-1881
-1738
-1827
-1643
-1388
-1463
-1101
-567
-839
-571
-178
308
567
749
828
914
696
968
1198
1218
1198
798
701
642
587
536
416
247
580
452
1207
1378
-355
-2086
-917
1153
2054
894
-1917
-3255
-1949
-328
-774
-1354
-1872
-2451
-2110
-764
-672
-453
382
395
91
1112
1369
1334
2153
2642
2052
1662
1606
960
1429
1779
995
-135
-214
-850
-1158
-799
-869
-1776
-2210
-2183
-1852
-1369
-822
-987
-960
-830
-578
-87
335
462
24
534
958
922
443
673
592
867
726
335
160
593
766
588
40
38
217
1253
1707
1877
1375
-636
-1932
-40
2667
2861
663
-2972
-3942
-1818
123
-1210
-2499
-3308
-3457
-2451
-678
-1160
-1258
-374
177
471
1707
1687
1310
2906
3405
2833
2567
2474
1474
2285
2664
1371
-68
56
-734
-1277
-977
-1639
-2816
-2771
-2561
-2559
-1983
-1856
-2159
-1956
-667
-546
-344
-382
-96
459
1574
1689
892
528
1276
2083
1841
1434
643
570
1053
1369
996
267
85
356
1338
2460
1500
-1615
-3027
45
2572
2895
-267
-3854
-4431
-1142
0
-1505
-2943
-3495
-3152
-1746
-673
-1655
-1344
65
404
625
1528
1134
1744
3137
3691
2424
2523
2179
2166
2915
2864
904
-21
410
-379
-620
-1402
-2220
-2583
-2116
-2450
-2938
-3363
-2777
-1661
-1419
-1308
-1696
-1376
-262
250
523
922
896
1283
1608
2398
2625
2110
2115
2498
2028
2298
2216
1727
1523
2051
1932
769
-642
-2305
-761
961
730
-2274
-4335
-4564
-2740
-2339
-3002
-4294
-4196
-2877
-2061
-1104
-912
-597
647
1573
2065
2509
2366
3315
4076
4820
3657
2588
2173
2627
3099
2474
584
-924
-1017
-1033
-962
-1742
-2837
-4114
-3652
-2572
-2199
-2397
-3535
-3333
-1882
-336
33
-1259
-1644
-169
1061
2028
1196
425
1199
2174
2811
2226
1561
1723
1967
2601
2433
1973
2021
3432
3468
2268
-545
-1802
605
3343
3314
-1689
-5592
-6539
-2553
-1392
-2717
-6362
-7666
-5978
-3135
-1976
-2529
-3242
-1970
136
1941
2854
2454
3579
4834
6174
5578
5326
4089
4697
5038
4888
2667
751
-193
-487
-298
-1671
-3533
-5192
-5105
-4474
-3853
-4293
-5884
-5674
-3649
-1585
-951
-2298
-2716
-972
1497
3182
2458
1474
1879
2877
4479
4302
3156
2590
2473
3032
3413
2568
2165
2071
3473
4337
834
-3631
-3330
1319
4726
2331
-4904
-9043
-6134
-1837
-2134
-4917
-7908
-7935
-4844
-1687
-2114
-3552
-2359
-153
2061
3762
2989
2752
5348
7330
7075
6163
5138
4060
5349
6115
4118
1077
-79
-722
-587
-1237
-3322
-5452
-6059
-5662
-5150
-4797
-5331
-5727
-5128
-3529
-2382
-1855
-1722
-741
98
2169
3125
2531
2195
3278
4781
4869
4039
3301
3052
3624
3999
2757
2200
2633
3597
4495
928
-5076
-3975
1895
5446
2047
-6110
-10806
-6517
-1122
-2077
-6280
-8930
-8396
-5418
-1246
-1806
-3921
-2666
194
2248
4276
3592
2933
5601
8344
7247
5998
5464
4636
5720
6560
4266
590
-116
-144
-526
-1551
-3034
-5800
-6776
-5887
-4765
-4789
-5857
-6447
-6036
-3383
-1320
-2307
-2924
-1340
42
2625
3626
2536
1698
3292
5431
5012
4210
3978
3154
3678
4287
2855
2723
3397
4139
5020
-90
-5573
-3679
3075
6836
2165
-7739
-12214
-6005
-654
-1944
-7088
-9800
-9898
-5246
-954
-2537
-4776
-2757
-101
2550
4644
2885
2633
6903
9253
7149
6528
5589
4922
6678
7856
4069
732
71
58
-174
-717
-3655
-6818
-7115
-5703
-4846
-5201
-6349
-7823
-6576
-3483
-1865
-3056
-2691
-1509
132
2222
3783
2609
2235
4751
5821
5280
4609
4125
3601
5036
4628
2727
1697
2666
3138
5141
3755
-5872
-6941
-240
6397
4806
-3640
-13109
-9539
-1595
-676
-5680
-9502
-9235
-7186
-1102
-1409
-4702
-3807
389
2421
4588
3514
2020
5123
10052
8475
6095
5678
4359
5826
8255
5766
739
-696
14
257
-647
-3023
-6799
-7414
-5668
-4465
-4953
-6304
-8362
-7192
-3920
-1258
-2540
-3715
-2464
-552
1990
3708
3075
1750
3450
5824
5809
4818
4430
3980
4905
4953
3423
2160
3391
4693
5630
2062
-5560
-6113
926
6968
4219
-5898
-13148
-8596
-1409
-1051
-6224
-10633
-10720
-6749
-1221
-1514
-4875
-4167
-868
2777
4933
3254
2236
5758
9712
8616
6858
5935
4989
6632
8558
5953
1443
-99
328
777
-99
-2745
-6788
-7375
-5486
-4588
-5295
-7397
-8970
-7738
-3842
-2339
-3575
-4442
-2553
-750
1574
2999
2406
2447
4575
6466
5905
5203
4760
4937
6008
5407
3187
2473
4014
6136
5858
-394
-7554
-5005
3291
8077
2017
-9354
-14341
-7035
-186
-1353
-7258
-11865
-10880
-5471
-443
-2623
-4641
-3313
337
3305
4598
2205
2655
7537
10160
7819
5752
4800
5151
8119
8548
4526
407
-224
601
1468
119
-3343
-7340
-7178
-4910
-3902
-5065
-7773
-9334
-7222
-3228
-2293
-4257
-5081
-2889
-386
2137
2749
1557
2332
5449
6691
5734
5046
5177
5634
6809
5365
2944
2642
5467
6584
3467
-3976
-6947
-969
6035
5627
-4455
-12331
-11474
-3441
-1137
-4335
-10373
-11701
-8542
-3108
-1402
-3628
-4159
-1835
1872
4502
4276
2632
5077
9019
10150
7653
6000
4831
6525
8623
7109
2535
88
-243
303
270
-1446
-5222
-8010
-6866
-5466
-5238
-6004
-7839
-8331
-5770
-3770
-3513
-3522
-2977
-1461
251
2595
2991
3069
4982
6576
6184
5809
5706
5972
6638
6433
4916
3613
5569
5288
874
-4725
-3100
1092
4818
996
-7580
-11961
-8148
-3899
-4937
-6953
-10212
-10008
-7545
-3715
-4284
-3530
-1721
188
1810
3666
3541
4865
8349
9593
8562
8116
7217
6576
8126
8029
5053
2240
1978
134
-527
-1741
-3183
-5527
-6915
-7540
-7649
-6979
-7425
-7350
-6578
-5909
-6201
-5175
-2745
-815
312
803
1835
2758
4901
7298
7415
6750
5762
6248
6885
7657
6767
5738
5828
5245
633
-4645
-2185
1911
4377
-196
-8658
-12744
-7420
-3207
-5779
-9522
-11740
-10472
-6872
-3261
-5208
-5571
-2898
-272
1871
4056
3562
4182
8497
10405
8294
8385
8663
8432
9359
8805
4373
2182
3215
2455
775
-2197
-5152
-6979
-5488
-5720
-7482
-8733
-9391
-8959
-6411
-4208
-5295
-6572
-5151
-2151
583
3222
3292
1927
2844
6379
8449
8658
7124
5899
5729
7440
7616
6893
7882
5541
-998
-6130
-1376
3521
5689
-1288
-10458
-13730
-7253
-3191
-5666
-9019
-12739
-11831
-7678
-3115
-4883
-4658
-3275
-1285
1157
3939
3796
5285
8847
9786
8455
9067
8585
8531
10511
9984
5362
2553
2290
1683
1712
-840
-4757
-7736
-7147
-7151
-6744
-7558
-9620
-10591
-7802
-5410
-5379
-5264
-4554
-3161
-554
2951
4087
3911
4466
5564
7300
8730
8771
7810
7169
7345
6722
8882
7990
3804
-3933
-2648
1541
4526
753
-6685
-11305
-10052
-5503
-7965
-8612
-11100
-10517
-10581
-7291
-6872
-5043
-2162
-705
-1340
540
3192
5970
9018
9901
7907
8224
10427
10823
10861
9267
6805
4756
5638
3429
1196
-1552
-2956
-5406
-6085
-7927
-9069
-9483
-9108
-9417
-9309
-8231
-7563
-6164
-4672
-2685
-1374
1477
3230
4361
5746
7384
8589
8574
9028
8393
8926
8302
9440
8863
6990
1481
-4115
332
3652
4733
-3845
-9890
-12597
-6271
-5481
-9260
-12784
-13190
-9927
-8392
-6800
-9213
-6465
-2394
541
316
739
1493
5817
10822
11626
8415
8061
8911
11508
13398
11563
6208
4197
4593
4147
2816
-193
-4059
-6333
-7113
-8265
-9031
-9503
-9996
-10643
-9576
-9695
-7867
-6070
-3325
-2869
-973
1169
4003
6283
7323
8384
9172
9923
10184
10792
9804
10656
8651
6783
264
184
2591
5033
1048
-5988
-11788
-10226
-5112
-7240
-10345
-14830
-13520
-11005
-7011
-7985
-8940
-6944
-3106
-829
1117
863
2588
6271
9700
8875
8824
9760
10226
12046
12138
9516
6516
7312
6144
4957
1460
-2148
-3980
-3978
-4560
-7460
-9740
-11096
-11142
-9069
-7989
-8933
-9344
-7476
-4488
-1573
523
1305
2454
4675
8068
8957
9810
9650
9843
11650
12194
9487
3018
2695
5333
7656
3926
-2597
-8578
-7288
-3777
-6413
-9979
-13589
-13042
-10731
-7631
-9656
-11801
-9455
-5510
-2696
-853
-1398
-1182
2963
7358
7644
7750
8292
8739
10775
11898
9989
7455
8539
7779
5754
3928
1406
-759
-1938
-3375
-5461
-5488
-7056
-9988
-9658
-7925
-6838
-6803
-6886
-6965
-5553
-980
1419
2119
1907
3325
5532
8739
10558
9595
9003
4897
5500
7127
10025
6718
1926
-2026
-2367
-474
-2575
-4991
-8677
-8987
-9706
-7667
-8167
-9201
-9042
-7793
-7034
-5488
-4578
-2678
153
1867
1447
2284
4911
6754
8258
8409
7119
6577
8869
8722
6629
4390
3197
2535
2813
746
-1849
-3218
-3601
-5022
-5284
-5150
-5770
-5595
-5500
-5627
-5182
-3034
-965
98
816
1561
2798
5315
6635
6021
3400
4087
5687
7616
6323
2790
-689
-182
1115
-707
-2737
-4871
-5004
-5446
-4600
-6118
-6939
-6089
-4904
-4629
-4206
-4335
-3327
-987
602
-395
-232
1549
3061
4745
4867
3819
3256
5386
5848
5165
3992
2733
2006
2557
1990
379
-927
-1937
-2819
-2665
-2524
-2932
-3373
-3412
-3561
-3140
-1420
-392
136
815
1268
2133
4393
5644
4834
1664
2051
4195
6501
5435
1086
-2473
-1491
438
-695
-2933
-5628
-6093
-5311
-4103
-5195
-6241
-5403
-3925
-3511
-3348
-3589
-2044
981
2279
1161
755
1932
3425
5522
5899
4008
2613
3556
4078
4378
3652
1751
608
125
-172
-642
-667
-1912
-3377
-3488
-3117
-3413
-3181
-2796
-2829
-2312
-1507
-543
288
1605
2293
3040
3764
5009
6353
6608
3090
925
3531
6366
6187
1525
-3008
-3739
-746
-678
-3027
-6097
-7317
-6654
-4682
-4653
-6443
-6289
-4980
-3700
-2926
-2778
-2655
-275
2244
2420
2017
2632
2905
4528
6663
5994
4430
4202
3557
4396
4565
3724
727
-408
-682
-683
-515
-1737
-3532
-4643
-3566
-3952
-2665
-3111
-3319
-3228
-1928
-373
438
1169
1312
2647
4511
5847
5643
3113
1049
3229
6153
6718
2957
-1464
-3071
-155
344
-1564
-4458
-6140
-6175
-4935
-3836
-5289
-5522
-5109
-4341
-3521
-2660
-2517
-1035
675
826
461
1534
2621
3652
4907
4482
3500
3803
4131
3967
3880
3269
1970
1471
959
156
-359
-677
-2063
-2497
-2217
-2328
-2226
-2569
-2606
-2529
-1556
-625
297
1028
1587
2383
3304
4667
3255
1099
2169
4133
4551
2631
-246
-2420
-713
-466
-2307
-3909
-4539
-4518
-4127
-3416
-4890
-5249
-3833
-2487
-2223
-2023
-2669
-1771
1260
2472
1311
1169
1564
2285
4210
4989
3119
2005
1967
2768
3035
2764
914
-542
-403
-86
65
-914
-2066
-2961
-1051
-736
-1079
-2159
-1573
-646
78
779
1248
1625
2254
3718
4436
5106
4243
1359
763
3784
5248
3813
142
-3584
-3847
-791
-1772
-4720
-6719
-6631
-6164
-4727
-4716
-6204
-5132
-3335
-2477
-1861
-1323
-1282
869
3588
3005
2154
3354
3881
4474
5283
4801
3175
3217
2705
2161
2036
1612
-217
-1298
-1918
-2705
-2653
-2324
-3072
-3812
-2943
-2847
-2437
-2126
-1153
-435
881
2168
2507
2849
4168
5698
6651
7315
5335
1677
2827
5537
5958
3393
-896
-4406
-3100
-1157
-3512
-5772
-7172
-7424
-7372
-5786
-6869
-7162
-5037
-3779
-3795
-2520
-2072
-1173
1962
3563
2427
3192
4762
4693
5326
5799
4870
4621
5132
3423
2494
2462
1269
352
-530
-2159
-3189
-2824
-2370
-4187
-4114
-4226
-3938
-3774
-2647
-2371
-1831
-133
1144
2337
2818
4136
5091
6843
7607
5127
3280
5735
6737
6074
3134
-410
-2307
-225
-1624
-4477
-5799
-6359
-6922
-6691
-6129
-8037
-6915
-5454
-4958
-4421
-2992
-3139
-1365
1619
1740
1640
3792
4405
4649
5661
5788
5083
5791
5184
3549
3417
3127
1842
526
-184
-2091
-2080
-1885
-3303
-4886
-3865
-3869
-4093
-3734
-2987
-2772
-1586
-317
223
1526
3340
4736
5752
7151
2656
2040
6428
9310
6589
2889
-1096
-1372
2312
656
-2721
-5070
-5377
-6718
-5510
-5287
-7262
-6449
-5194
-5681
-5129
-3357
-2924
-1374
818
168
638
3102
3800
3852
5088
4773
4435
5245
4711
3563
3439
3029
1865
1197
-72
-1764
-1752
-1541
-3078
-3479
-3231
-3139
-3444
-3358
-2887
-2302
-707
152
730
879
2898
4377
7056
5852
518
1501
6483
9053
5281
1066
-3211
-327
1478
-1149
-4245
-5142
-5232
-5648
-4322
-5832
-6680
-4772
-3243
-4157
-3511
-3226
-2011
957
2484
625
1467
2966
3587
4535
5287
3803
3519
4076
3168
3148
2556
1613
123
-261
-1636
-2166
-1827
-2124
-3940
-3904
-3179
-2740
-2194
-2684
-2425
-1657
234
1656
2174
2096
3843
5370
7715
4874
405
2938
7551
8113
3991
-967
-3897
84
831
-2169
-5535
-6164
-6682
-5920
-4345
-6402
-7102
-5172
-3980
-4045
-2837
-2713
-1154
2305
2730
1066
2813
4551
4713
5718
5852
4313
4244
4635
3706
3053
2667
1225
-36
-821
-2323
-2783
-2049
-3048
-4622
-4601
-4079
-3262
-3055
-3061
-2944
-1636
268
2280
1965
2720
4040
6788
6785
2291
2587
6209
8706
5621
1991
-2480
288
985
-1192
-4233
-5470
-5956
-6220
-4311
-6598
-7832
-6452
-4747
-4759
-3093
-3529
-3285
-244
1853
857
2068
3423
3505
4929
6231
4850
4802
5648
4807
3841
3766
2430
1467
1174
-604
-2042
-1264
-2538
-3792
-3466
-3888
-3371
-3626
-3425
-3506
-2448
-807
1138
971
2072
2387
6184
4433
533
3528
7186
7677
4146
979
-2029
2725
1480
-1137
-4161
-3726
-5348
-4732
-2915
-6245
-7075
-5034
-4517
-4909
-2781
-3536
-3152
-8
903
-740
2187
2764
2299
3793
5259
3857
4296
5090
3628
2927
3457
2523
1626
1505
-496
-1465
-150
-1668
-2517
-2463
-2494
-2496
-2941
-2099
-1887
-1707
305
1264
1490
1830
3663
5631
258
260
4552
7447
5399
1527
-3500
-528
2693
-984
-3257
-3942
-4130
-6297
-3099
-4137
-6266
-4768
-3275
-4539
-2882
-2584
-2991
-106
2360
126
555
3448
2111
2825
4662
4191
3017
3949
3438
2327
2594
2338
694
391
-430
-1498
-681
-1002
-2929
-2728
-2200
-1623
-2100
-2075
-784
-863
400
1964
2230
2825
3509
6594
2272
-560
3372
6799
6403
3186
-2549
-3510
2000
-399
-3242
-4404
-3624
-6833
-5302
-3920
-6354
-5532
-3214
-4536
-4333
-2377
-3182
-1357
1891
1088
-546
3679
3707
2815
4437
4958
3321
3974
5323
3427
2589
2471
1329
660
530
-1627
-1733
-878
-2701
-3750
-3101
-1532
-1759
-2981
-2038
-1586
-327
1979
2546
2696
3015
6026
2470
297
4928
7445
5677
3522
-1588
-2513
3171
876
-3662
-5299
-3633
-6188
-4775
-3482
-6580
-6637
-3965
-5236
-4501
-1926
-3011
-2755
307
497
-666
3630
3672
1948
3396
4895
4245
4219
4694
3381
2695
3208
2382
1335
614
-886
-1689
-748
-1211
-2849
-3320
-2246
-1811
-3033
-1354
-987
-1450
715
1599
2575
3114
6341
2278
-1636
4138
7764
6582
3526
-1264
-3247
3418
2508
-3207
-5034
-3178
-4825
-4338
-2789
-6615
-6617
-2921
-4320
-5319
-2841
-3551
-3236
49
432
-2208
1696
3250
1574
2647
3509
2722
3775
5625
4026
2034
2512
2315
2440
2412
123
-1304
-445
-207
-1564
-1937
-1358
-1335
-2886
-1587
-695
-768
558
1471
1582
2856
5596
431
-1656
4821
7663
4673
2520
-2256
-2196
3478
1364
-3648
-4492
-2803
-5152
-3436
-2229
-6331
-5570
-2068
-4273
-4204
-2165
-3000
-3067
-5
-208
-1480
2284
1651
60
2336
3358
2252
2699
3869
3244
2304
2510
1949
1776
1605
827
-9
-129
-325
-1031
-1015
-356
-295
-2219
-868
169
-165
1147
2080
1678
3121
5764
-594
-2087
5075
7498
3673
1466
-2899
-2055
3040
471
-4077
-4295
-2704
-5799
-3763
-2286
-6358
-5215
-1839
-4781
-3946
-1739
-2537
-2860
16
-117
-925
2760
1708
-326
1876
3346
2158
3295
3813
1988
1126
2664
2703
2075
1149
-58
-95
161
8
-738
-551
-106
-1048
-2406
-55
882
830
1081
1503
1207
4258
4493
-1370
300
6291
5724
2140
645
-2983
730
2091
-1741
-4754
-2658
-2981
-5662
-2593
-3480
-6603
-3181
-2367
-5381
-2787
-1157
-2276
-2226
-528
-2021
928
3956
-147
-1030
2147
2481
1643
2660
3032
1132
1440
2307
975
1389
1255
525
893
429
-552
-171
1053
1245
-1112
-1268
1196
1380
1454
1941
1424
2498
5055
605
-1873
3249
6755
3055
965
-2229
-2262
1941
215
-3933
-4526
-2036
-4856
-4376
-1690
-5092
-5302
-1512
-3838
-4085
-788
-590
-1982
-426
-783
-1315
3155
3460
-1250
68
2286
1061
1729
2570
1046
-327
1350
983
-193
697
117
-357
407
-452
-718
614
2290
1040
-1219
399
2343
3400
3344
2472
2134
4767
3433
-192
1843
5617
3940
1295
-480
-2765
-123
-264
-3009
-4951
-3249
-4214
-6318
-3509
-3562
-5636
-2791
-3228
-4878
-2272
-206
-654
-862
577
-1132
1199
4498
1937
144
2536
1861
889
2784
2758
24
13
1273
-574
-439
363
-492
-635
-724
-1428
-716
1463
1395
-1231
-258
1250
2130
3595
3173
1895
3365
4004
1261
1300
5164
4469
1814
1056
-1459
-494
381
-1375
-3728
-3565
-2856
-5214
-4308
-2929
-5276
-3629
-2438
-4187
-3900
-1871
-744
-1403
-279
-342
-467
1981
2488
999
1830
2197
998
1408
3299
2311
521
939
450
-372
241
773
-112
-832
-1017
-1316
-415
1233
463
-680
-848
-195
2249
3277
2049
577
1960
3542
1033
1091
3611
2902
1808
831
-469
-649
-209
-157
-1566
-2311
-2700
-3420
-2025
-1860
-3223
-2849
-1804
-1695
-2006
-1912
-1515
-1010
288
648
75
-107
403
1525
1751
1032
19
1057
2072
970
242
97
175
110
-110
-182
-830
-1082
-793
-525
-314
-374
-671
-763
-341
354
1246
1534
445
193
1452
2371
1845
1522
1476
1324
1527
1403
1021
145
168
149
-117
-535
-1030
-1221
-1018
-1188
-1379
-1307
-952
-1264
-1455
-1014
-1103
-812
-364
216
-102
-163
516
736
486
269
257
1177
1282
306
-76
-2
-29
-234
-61
-226
-947
-896
-1144
-1319
-756
-423
-826
-1516
-1195
-307
402
336
-137
75
811
1257
1462
1538
1581
1372
1574
1775
1699
1300
1141
844
433
286
306
153
-691
-1022
-875
-661
-768
-1202
-1442
-1555
-1391
-789
-506
-338
-997
-772
161
253
237
177
585
759
811
849
354
477
515
469
553
-50
-416
-453
-199
-480
-993
-982
-1436
-1455
-650
-344
-668
-1220
-735
158
528
644
239
342
1061
1142
1401
1308
1345
1269
832
963
780
885
959
277
-376
-679
-164
-11
-524
-1153
-1669
-1147
-809
-695
-819
-756
-780
-305
-89
-13
175
384
731
619
758
552
473
917
809
289
123
36
224
-4
-8
-299
-842
-765
-1139
-928
-436
-185
-403
-1129
-740
1
632
626
-111
-266
411
1050
1235
793
709
596
611
751
436
494
240
43
-131
-713
-644
-301
-143
-694
-1355
-1291
-620
-32
-54
-746
-830
-3
471
650
328
59
446
970
742
381
558
838
344
55
-139
-164
211
-52
-364
-447
-778
-997
-945
-539
-499
-238
-92
-896
-462
379
468
491
417
172
276
977
1025
556
824
723
197
344
564
280
165
-1
-584
-823
-472
-192
-308
-693
-1363
-1260
-422
-119
-196
-454
-438
-170
43
468
682
570
417
292
326
610
1021
958
-7
-378
-280
294
473
-40
-354
-662
-453
-625
-522
-159
-322
-266
-332
-511
217
487
163
-39
163
401
565
724
251
218
669
501
6
97
376
153
8
-245
-424
-289
-273
-237
-501
-701
-673
-343
-221
-294
-334
-288
148
313
-186
-2
304
478
170
167
345
-135
448
316
-277
-2
180
93
-275
12
136
-178
56
-423
-454
81
330
190
-266
-74
218
331
541
224
54
255
337
186
253
401
228
-81
-213
-167
253
335
-186
-640
-592
-417
-129
55
-471
-753
-763
-367
-140
83
-7
-440
-79
6
-63
321
291
230
-175
44
184
195
546
-291
-434
-111
16
134
116
188
-239
-184
170
-161
223
512
324
130
160
543
579
616
469
244
417
591
518
248
142
212
179
76
-164
-227
-170
-211
-457
-542
-530
-896
-788
-509
-560
-795
-962
-806
-370
-37
-353
-619
-184
128
171
202
10
-158
146
680
386
187
53
-184
40
271
232
-20
190
175
-108
197
137
-140
168
380
267
74
461
561
357
432
397
622
796
680
379
376
638
717
456
264
77
115
204
-99
-411
-368
-362
-707
-849
-780
-715
-1067
-1118
-943
-839
-749
-678
-697
-691
-262
-101
-83
-59
-261
69
481
659
384
6
109
200
499
625
337
218
61
172
391
180
-68
-150
140
23
-20
262
125
-123
104
315
222
346
266
216
436
766
543
327
538
434
486
623
302
-55
103
150
-231
-314
-103
-581
-974
-748
-598
-500
-633
-867
-934
-615
-249
-485
-553
-475
-425
-186
131
186
-13
-106
73
137
292
363
374
390
144
190
252
233
208
120
38
-14
72
406
172
-48
34
91
184
81
15
41
132
437
397
235
290
205
312
416
403
238
110
192
39
-5
104
-314
-410
-261
-191
-290
-403
-368
-287
-97
-147
-529
-453
-193
-137
-170
-248
-213
-275
-94
-118
-278
-194
-48
26
116
107
-6
-24
23
117
186
205
73
97
235
52
126
237
171
74
-86
66
176
243
291
29
62
174
163
224
136
102
-36
-51
107
42
110
-16
-361
-369
-121
124
-66
-160
-146
-249
82
176
-159
-72
31
-73
-88
149
221
-20
1
-48
-235
9
173
133
224
-16
-193
-241
19
163
73
-19
-269
-207
-4
73
23
-138
-262
-94
-54
-50
-96
5
122
45
111
-82
13
196
158
191
39
-30
-31
31
203
-86
-310
-235
-175
-52
-93
-79
-147
-126
15
-56
-29
146
55
12
119
239
262
273
147
72
152
256
255
261
401
146
65
108
120
56
47
53
-103
-207
-237
-148
19
-213
-447
-378
-368
-122
-46
-89
-250
-159
68
-17
106
82
18
133
150
96
76
193
103
-274
-217
-79
-59
-92
-213
-293
-265
-89
-118
-259
-153
-36
-79
-49
-18
41
213
360
136
35
139
354
463
413
323
77
224
384
285
139
1
70
29
25
-18
-79
-1
-219
-244
-263
-227
-51
-107
-80
-206
-151
-5
35
158
2
-53
40
89
168
92
191
-11
-325
-227
-12
30
-97
-285
-355
-305
-144
-33
-214
-189
-209
-242
-71
36
7
-11
98
87
-26
86
237
284
310
198
192
273
277
298
226
152
97
80
134
97
120
18
-176
-94
-153
-61
52
-77
-124
-197
-19
82
102
-24
-300
-44
145
29
2
-47
-48
-111
-187
-159
-128
-32
-208
-274
-141
-213
-128
-63
-105
-119
-120
-70
-25
59
20
-20
172
222
34
72
234
313
332
271
298
176
165
253
214
194
157
31
-66
-4
72
18
-54
-197
-315
-83
27
-81
-193
-192
-113
-106
54
-16
-170
-60
-22
32
55
48
-39
-174
-108
-63
-11
2
-210
-232
-125
-89
-57
-128
-108
-90
-123
-30
-13
-23
-86
-64
108
70
62
154
176
195
188
254
383
330
290
222
192
304
335
244
139
92
120
53
-18
-158
-187
-8
-4
-262
-341
-122
-142
-193
-180
-291
-299
-63
-73
-140
-109
-106
-191
-228
-64
-61
-31
31
-166
-201
1
60
13
-89
-78
-42
-14
26
-161
-136
-41
-33
23
-74
-66
-23
137
193
77
125
234
238
346
314
279
364
420
385
309
333
305
264
210
76
5
131
31
-72
-45
-95
-196
-235
-199
-199
-206
-233
-335
-248
-125
-235
-344
-343
-177
-110
-108
-150
-269
-148
-35
-28
-89
-112
-41
-41
-48
-80
-132
-75
-49
-69
-131
-137
-49
-37
64
33
-72
96
246
232
194
177
248
412
463
325
280
380
416
349
312
239
201
249
160
112
135
77
-43
-89
-21
-84
-87
-102
-211
-138
-86
-199
-298
-273
-141
-161
-191
-298
-320
-160
-107
-127
-234
-219
-142
-143
-159
-203
-214
-182
-189
-182
-219
-172
-140
-127
-78
-88
-62
59
149
143
81
114
244
367
371
220
211
370
414
400
289
172
247
267
264
251
164
110
108
105
64
44
80
-40
-50
116
52
-85
-178
-136
-2
61
-27
-279
-247
-142
-99
-25
-108
-267
-334
-239
-156
-213
-264
-314
-365
-299
-276
-249
-242
-243
-281
-266
-174
-85
0
30
-10
-48
142
214
216
218
276
279
249
339
345
353
329
254
241
260
304
281
233
158
64
127
182
78
12
80
63
-46
-114
-34
25
-35
-148
-139
-65
-99
-135
-73
-47
-187
-167
-149
-174
-140
-180
-210
-240
-195
-161
-206
-205
-256
-277
-168
-135
-130
-121
-133
-141
-76
45
43
5
100
145
106
165
260
270
227
262
266
268
291
304
247
218
246
202
198
170
129
143
152
68
-60
-37
62
16
-143
-215
-148
-85
-102
-141
-160
-155
-145
-127
-157
-159
-96
-124
-112
-130
-109
-104
-105
-102
-156
-137
-119
-72
-10
-52
-148
-160
-60
18
-5
12
15
-7
-22
86
178
116
90
104
124
133
211
255
141
88
160
209
218
151
90
146
167
120
33
67
53
-17
-52
-51
-31
-68
-108
-109
-108
-120
-118
-163
-194
-165
-131
-188
-174
-120
-116
-149
-136
-147
-113
-42
-63
-99
-63
-93
-68
33
30
-45
-17
103
96
77
94
189
177
124
102
173
195
142
148
106
71
117
160
133
64
42
82
103
108
0
-11
137
95
-71
-78
9
22
-21
-33
-103
-109
-47
-63
-135
-156
-128
-146
-159
-188
-202
-157
-132
-189
-244
-199
-128
-110
-105
-124
-176
-86
38
39
20
35
79
102
155
218
229
239
213
198
270
289
237
202
174
124
137
174
113
74
87
88
23
-7
-23
43
143
53
-90
-114
-19
15
-16
-58
-112
-131
-83
-61
-121
-135
-135
-170
-191
-174
-170
-197
-197
-253
-263
-199
-197
-187
-197
-222
-197
-140
-72
-62
-47
-17
-4
37
123
179
185
199
175
225
281
296
257
209
205
208
236
212
144
107
135
159
106
13
37
85
127
71
-10
-37
-15
30
11
10
-56
-111
-39
-24
-77
-135
-156
-156
-155
-115
-154
-225
-223
-250
-224
-163
-200
-257
-266
-224
-192
-142
-125
-155
-131
-28
-29
-5
84
121
126
116
173
227
261
248
155
181
271
242
223
200
151
148
183
207
95
24
80
116
114
74
12
-10
20
9
-11
5
2
-54
-55
-48
-84
-66
-73
-95
-138
-113
-113
-145
-127
-194
-203
-147
-191
-224
-232
-225
-197
-170
-119
-156
-105
-61
-105
-25
70
108
88
67
124
186
248
224
158
208
236
224
232
214
183
160
178
148
63
46
81
85
37
-1
-9
-26
-53
-32
-43
-47
-81
-101
-84
-82
-72
-78
-100
-121
-121
-94
-86
-99
-101
-126
-104
-104
-145
-112
-132
-140
-123
-122
-134
-131
-46
-47
-64
3
38
21
40
102
160
165
140
84
149
239
202
162
150
152
169
206
192
115
60
89
122
71
24
31
11
-50
-72
-60
-53
-56
-81
-112
-126
-115
-100
-91
-107
-141
-161
-150
-90
-94
-95
-77
-100
-128
-137
-35
-32
-77
-106
-136
-74
19
25
-63
-52
49
92
86
39
46
110
142
123
93
121
143
140
147
120
126
164
196
155
83
57
99
139
97
56
38
27
17
5
-15
-28
-52
-64
-84
-92
-100
-105
-119
-124
-129
-143
-136
-127
-97
-104
-110
-105
-144
-146
-71
-62
-88
-119
-111
-69
17
8
-80
-15
72
66
39
69
98
104
126
121
102
157
148
129
118
113
131
146
138
92
61
74
91
67
58
49
40
6
-34
-31
-23
-25
-37
-80
-97
-80
-61
-53
-108
-121
-107
-69
-66
-108
-99
-100
-80
-77
-91
-87
-84
-71
-89
-101
-91
-66
-38
-63
-71
-14
36
20
2
52
117
113
83
97
130
150
169
141
115
140
154
152
163
125
57
62
82
62
57
62
10
-60
-75
-30
-10
-9
-75
-125
-90
-69
-50
-59
-67
-105
-93
-34
-44
-53
-26
-25
-59
-73
-44
-27
-54
-55
-85
-80
-66
-57
-56
-85
-58
-47
-26
-40
-37
13
28
7
8
55
112
105
85
76
121
157
139
135
127
102
96
115
90
71
87
76
29
29
27
1
-7
-18
-57
-37
-31
-51
-62
-37
-45
-71
-36
-25
-59
-60
-24
-26
-54
-65
-28
-37
-60
-68
-77
-42
-33
-74
-95
-67
-35
-38
-64
-72
-64
-6
12
-40
-37
16
48
37
27
17
44
101
112
88
71
72
85
104
79
52
74
74
62
60
34
16
32
44
18
-6
-6
-10
5
0
-51
-72
-26
-16
-65
-54
-38
-60
-68
-55
-44
-65
-68
-73
-86
-70
-42
-56
-76
-51
-33
-34
-32
-27
-11
27
24
-13
-1
53
81
52
36
38
68
112
101
77
51
42
59
79
54
42
41
30
43
55
43
15
12
23
18
20
6
-14
-20
-15
-18
-26
-22
-54
-62
-36
-26
-65
-86
-62
-61
-77
-85
-100
-92
-63
-44
-67
-80
-49
-32
-29
-27
-9
8
28
23
5
40
88
80
46
50
84
131
127
88
74
64
72
75
83
72
40
26
27
44
37
14
6
1
-5
-19
2
0
-36
-58
-59
-32
-14
-43
-78
-82
-71
-52
-43
-61
-87
-75
-61
-71
-71
-64
-55
-45
-46
-46
-31
-42
-33
-12
7
22
6
4
12
60
94
76
49
40
76
124
96
65
63
65
59
67
75
63
44
30
35
33
21
6
6
-4
-31
-24
2
-31
-67
-72
-53
-39
-57
-77
-76
-68
-70
-84
-76
-64
-57
-62
-71
-85
-75
-24
-14
-37
-48
-30
-6
15
23
13
16
42
38
18
51
80
72
72
57
62
100
132
87
50
75
73
69
78
61
35
29
38
33
10
23
10
9
-17
-44
-9
-1
-40
-75
-62
-54
-59
-66
-71
-72
-66
-77
-75
-71
-89
-92
-73
-85
-108
-82
-48
-62
-65
-34
-18
-11
3
-5
9
42
48
30
34
68
71
80
85
80
92
115
120
85
85
115
82
66
69
64
58
51
52
14
0
22
22
-1
-27
-37
-17
-12
-35
-57
-51
-33
-56
-57
-56
-61
-58
-61
-61
-70
-93
-93
-71
-71
-87
-94
-78
-88
-77
-46
-38
-47
-37
-21
4
19
12
13
34
66
65
57
62
74
101
116
101
90
93
105
94
72
60
66
65
47
34
-2
-9
19
8
-24
-37
-34
-32
-28
-26
-42
-44
-53
-52
-32
-26
-29
-49
-48
-42
-38
-40
-48
-57
-59
-54
-55
-56
-66
-56
-32
-24
-32
-33
0
21
13
11
27
50
63
63
54
52
82
111
108
92
86
83
103
99
64
47
61
58
38
20
-17
-11
2
-15
-49
-45
-38
-52
-58
-55
-65
-55
-54
-62
-65
-53
-43
-53
-42
-48
-55
-44
-39
-45
-50
-46
-40
-47
-52
-38
-17
-13
-25
-24
5
25
16
15
30
45
46
47
54
52
61
80
85
80
72
75
78
58
55
64
62
38
14
7
8
7
-6
-17
-24
-37
-42
-34
-21
-37
-46
-57
-59
-44
-33
-24
-41
-61
-44
-26
-18
-17
-38
-55
-50
-6
-6
-26
-31
-22
-1
-1
-1
4
23
29
11
21
43
49
37
41
49
43
54
63
55
55
57
57
44
34
28
29
43
23
1
-4
3
-3
-7
-6
-33
-36
-25
-25
-33
-42
-51
-57
-47
-43
-43
-45
-51
-52
-47
-47
-39
-27
-45
-63
-43
-17
-17
-27
-27
-17
-5
7
3
15
32
24
26
48
63
58
54
66
66
63
74
72
59
55
66
62
54
46
34
36
42
25
17
6
-2
5
3
-10
-33
-30
-10
-17
-21
-31
-46
-48
-40
-30
-46
-53
-59
-63
-57
-60
-55
-52
-58
-62
-52
-40
-44
-53
-40
-34
-30
-23
-25
-3
2
3
11
27
44
34
36
58
66
68
70
53
54
72
81
64
47
46
36
45
53
29
20
15
11
12
13
7
-10
-11
-18
-16
0
-13
-30
-35
-33
-25
-27
-21
-34
-43
-41
-44
-36
-41
-47
-39
-38
-46
-49
-35
-27
-29
-28
-27
-18
-13
-8
-7
0
15
25
19
27
42
51
53
57
47
44
61
61
49
49
45
30
37
48
29
18
24
14
6
4
3
-9
-22
-21
-12
-9
-24
-34
-33
-31
-28
-36
-33
-31
-41
-46
-48
-41
-42
-40
-36
-43
-51
-46
-25
-27
-29
-29
-24
-18
-12
0
1
3
15
23
22
27
39
47
49
46
40
57
70
57
47
47
44
47
63
53
36
31
29
29
25
21
18
6
-5
-6
4
8
-15
-25
-28
-30
-26
-27
-39
-41
-43
-54
-49
-50
-59
-61
-50
-56
-69
-53
-42
-44
-41
-27
-35
-25
-5
-10
-10
1
6
16
23
9
28
44
44
53
51
50
54
53
42
47
43
36
54
48
33
41
31
27
22
16
16
8
-4
-3
4
-6
-18
-12
-23
-25
-26
-30
-34
-41
-34
-44
-54
-59
-42
-37
-56
-56
-53
-32
-37
-40
-41
-36
-27
-32
1
-6
-2
11
21
30
30
33
23
40
43
37
40
50
53
45
45
52
57
57
47
31
33
31
20
18
14
-7
11
0
-8
-3
-10
-6
-25
-28
-30
-11
-30
-32
-19
-37
-26
-36
-46
-38
-38
-32
-40
-40
-37
-10
-8
-15
3
-7
-6
-23
1
8
-12
-1
15
34
41
33
45
72
60
33
49
44
40
44
26
49
54
49
38
38
50
27
12
4
8
-7
-23
-22
-5
-16
-31
-33
-41
-26
-36
-47
-55
-53
-61
-55
-54
-64
-29
-27
-57
-37
-30
-39
-22
-54
-55
-21
-29
-52
-12
8
-2
13
-11
9
23
-2
7
22
24
14
52
27
30
52
31
46
32
21
30
40
28
48
48
27
40
33
5
25
9
-16
-19
-30
-17
-22
-22
-18
15
-10
-49
3
1
-41
-45
-35
-32
-32
-63
-34
15
-38
-46
5
1
-10
-12
2
-3
-8
-9
-7
-9
12
26
7
24
38
51
25
43
19
48
5
9
64
39
37
55
83
56
62
17
56
17
-7
-10
-18
23
-21
-4
45
19
-4
43
4
-34
10
-49
-83
-28
-75
-48
-7
-30
-34
52
11
-33
25
-24
-22
-48
-77
-84
-21
-34
-95
-33
53
67
-48
-16
117
78
-92
-87
-41
118
-71
-305
181
267
-23
-234
151
184
-26
-202
-78
309
-78
-202
43
251
-29
-3
-28
-163
52
-188
-288
41
102
-60
-8
123
106
37
-22
-79
4
-126
-208
-117
-109
47
-36
91
183
64
81
220
-79
-94
121
-207
-20
-120
-134
266
-63
26
231
237
46
109
82
20
198
-420
264
-76
-86
251
-154
318
199
74
5
323
-133
55
95
-431
238
21
-350
160
180
-49
162
-5
-90
245
-45
-388
142
134
-276
-64
19
107
15
-148
32
177
117
-390
229
75
-126
17
-145
197
91
-436
194
268
-432
174
212
-342
444
-219
-271
663
-403
-15
207
49
-310
327
-449
242
318
-748
554
141
-194
-269
482
-293
104
-179
-293
452
-301
-409
260
94
-285
112
-388
540
-90
-633
423
164
-520
-109
145
-219
-62
-3
-259
468
-210
-250
373
-162
-80
18
-232
187
3
-541
413
77
-339
61
70
143
-240
-99
418
-142
5
-237
366
-37
-243
-159
324
86
-452
240
-7
406
-334
-264
615
-125
-412
231
-98
276
-201
-285
390
105
-362
60
320
-322
307
-173
-126
402
-154
-225
388
-112
-68
146
24
9
160
-157
283
70
-402
429
164
-247
184
210
8
75
-245
318
126
-146
11
369
-62
-3
113
-101
409
17
-459
582
93
-441
265
13
67
70
-223
176
74
-14
-20
-85
284
-110
8
-456
537
-171
-369
357
-237
288
-376
131
-36
-57
89
-156
14
-61
69
-67
-169
147
-6
-82
-176
-13
48
4
-94
-47
200
170
-490
-25
541
-573
33
-41
-32
112
-323
12
477
-262
-90
171
-189
-14
-238
93
-54
26
-109
-179
129
-124
-56
-17
227
-235
-139
105
-301
-15
107
-117
36
58
-392
61
17
-300
265
-61
-18
80
-321
101
54
2
-79
136
40
-245
-41
-5
55
110
-88
-79
416
-409
-57
589
-413
279
292
-559
175
190
-555
437
168
-355
568
-210
-147
332
-42
3
238
-306
58
274
-602
320
274
-51
21
48
-66
191
-217
-23
360
-186
149
-198
-70
310
-114
-88
352
-164
83
-98
-3
260
-95
218
7
-164
120
-27
-134
158
224
-58
-38
102
-84
162
-147
233
146
-268
111
-124
-59
106
-4
124
134
-218
21
17
-172
178
-37
-79
188
-349
-100
218
-286
203
64
-329
239
-143
-342
180
73
-74
-148
-180
61
-131
-214
46
260
-29
-237
-66
40
-14
-233
49
169
-69
-258
-40
51
9
-12
63
-4
52
-118
-216
159
67
10
-16
44
-93
35
-120
-140
402
-132
-175
243
-128
-6
84
-40
119
86
-225
-25
94
-115
78
50
-17
88
-130
-34
87
-28
78
88
-94
-3
25
-172
99
54
-11
106
47
-80
63
73
-91
171
-53
66
-23
-1
53
-4
203
-42
129
2
-28
101
-50
100
77
52
-17
55
-11
-5
78
83
86
-66
132
-68
-13
79
-19
59
63
4
-46
55
-15
-7
11
7
-34
-25
-4
24
18
86
48
-106
54
-87
-62
-45
-2
138
-37
-64
43
65
-104
6
21
37
45
-145
7
130
-19
-52
9
95
-42
-130
-15
167
-17
-54
115
-63
-7
-16
-57
54
77
-24
-58
-12
-76
-33
49
-48
56
81
-44
-90
-42
47
-5
-41
-46
12
8
-168
-135
194
-17
-16
27
-19
59
-59
-138
59
111
-133
-119
-6
42
-88
11
73
108
76
-170
41
32
-52
-76
-13
81
-83
-7
4
79
-2
13
9
-61
-35
-28
16
-36
68
-21
-47
6
-100
15
44
-66
-39
66
-124
-54
4
5
21
-73
-70
22
-85
-100
48
74
-33
-80
-11
-39
-34
-90
57
-10
-19
-24
-94
47
60
-97
37
76
-127
-24
34
87
-47
84
-54
-10
-31
-104
69
109
79
-94
113
-13
-47
7
89
45
25
-60
-27
-16
10
75
57
96
-22
-13
-37
-55
96
82
34
10
-65
11
-61
36
59
89
84
-79
-43
-8
27
91
53
62
25
-45
-35
-51
101
110
52
-3
-38
37
-22
21
122
141
54
-54
-29
-7
60
18
93
84
-28
24
-75
-25
185
61
-11
84
-32
-30
-23
38
96
117
-108
-84
-4
-98
36
71
97
131
-120
-83
-63
-29
11
36
114
-84
-42
-122
-24
-38
45
101
-33
-102
6
-53
-123
124
56
-28
-83
-32
-106
-49
60
-38
107
-25
-131
-12
-47
33
10
28
20
-121
-144
-18
-57
46
110
-52
30
-79
-123
-47
31
-18
49
-23
-153
-64
-45
-79
49
86
-12
-16
-91
-112
-57
17
-73
35
53
-98
-49
-39
1
20
-75
42
14
-134
5
1
-3
15
-17
9
-3
-55
-37
115
-47
-35
113
-115
-30
73
-55
77
46
-33
49
-38
-64
47
-10
7
65
-2
-9
24
27
8
9
15
4
14
-60
-7
65
3
-29
54
46
-7
22
23
72
-20
-18
39
-28
18
51
26
3
71
-15
-16
79
-5
63
104
-21
38
42
5
-18
72
51
-2
45
-5
70
-4
24
91
44
-12
31
56
-1
36
34
37
2
-31
-13
52
9
9
64
-2
36
-44
-28
81
6
-43
5
-2
-63
-39
22
27
57
20
-69
-20
-19
-85
-40
49
69
-21
-29
-10
-37
-53
-42
-35
48
34
-47
52
-8
-31
0
-69
-52
11
-14
-13
34
4
-5
29
-97
-7
48
-60
14
15
-18
20
-41
-80
58
-23
-70
29
4
-1
-26
-18
-31
27
-44
-46
74
-28
-13
-39
-46
10
-42
-46
52
44
-48
-17
-12
-35
-12
-29
13
33
-13
-6
21
-19
26
-9
-9
-32
-24
11
-9
52
28
76
-2
-33
-37
7
4
-11
47
65
54
-52
27
18
-24
21
-15
-23
72
13
-19
95
42
-24
1
-65
-12
27
-7
68
70
27
-20
-9
-61
6
41
-18
47
7
2
-2
-36
42
26
2
11
4
-21
-9
42
2
-8
32
-45
-1
-14
-24
62
21
-14
-29
0
-30
-5
-11
20
68
-74
-47
-10
-24
-36
11
0
11
-10
-79
-34
-16
-12
-60
16
-24
-15
-8
-55
28
-23
-74
-34
-50
-38
-18
-14
32
3
-32
-49
-38
-32
10
-29
29
43
-42
-33
-29
-33
-27
29
13
8
51
4
-12
-20
-5
16
-32
11
33
38
12
-1
24
17
-30
-14
17
35
6
25
59
-9
-7
4
-18
16
11
20
79
-9
-35
16
4
-54
29
86
23
34
22
-9
-28
-26
-20
31
37
6
41
35
24
-6
26
38
-27
17
16
18
21
46
35
-2
4
-21
2
25
64
61
71
13
7
-19
-65
37
31
40
54
41
-2
-21
-18
-18
53
-5
59
41
2
5
-7
-3
-23
-19
7
4
-24
23
21
18
-5
-15
5
-14
-29
-13
1
11
-34
-13
-12
-6
-22
-9
29
-17
-2
-11
-40
-37
11
-68
0
13
-7
-9
-20
-10
-44
-14
-51
-9
13
-38
17
5
-72
21
-56
-64
-22
-16
-47
6
26
-31
27
-31
-66
-31
-59
-46
-1
10
27
3
-30
-25
-57
-49
-13
-7
22
24
9
-44
0
-10
-54
33
13
-3
22
-4
0
-4
11
-3
16
9
-14
48
7
-4
49
10
4
12
1
45
41
-19
53
1
-38
4
3
43
36
52
48
2
-18
-26
-7
-6
28
27
24
36
-11
-7
24
-12
4
20