4
9
4
-1
0
1
-1
-1
3
-6
-4
-3
-6
-1
-4
-6
-6
-1
1
-2
0
0
2
4
6
5
10
7
3
-1
0
8
2
-1
-6
-9
-11
-6
-9
-12
-4
-5
1
-1
5
8
14
17
15
15
16
11
9
15
7
6
4
-5
-2
-4
-8
-8
-13
-12
-10
-5
-2
0
4
5
3
4
8
14
11
3
8
10
6
5
2
1
-2
-9
-12
-7
-6
-11
-17
-15
-12
-11
-6
1
8
9
8
10
11
4
5
0
5
0
-9
-5
-9
-8
-13
-15
-23
-24
-16
-17
-13
-9
-4
4
0
-3
7
14
17
20
17
15
16
10
6
-3
-10
-9
-14
-17
-20
-18
-17
-15
-15
-11
-13
-5
3
5
17
20
19
18
20
23
22
19
14
8
2
3
-6
-12
-18
-17
-18
-21
-16
-17
-10
-5
-1
3
13
16
18
22
22
26
20
19
20
17
6
3
4
-5
-14
-18
-20
-24
-28
-20
-17
-15
-10
-5
2
11
17
22
19
16
20
21
16
20
19
14
5
1
-9
-17
-15
-19
-21
-28
-21
-22
-19
-11
-9
-1
2
10
14
17
16
22
28
24
19
15
8
2
-1
-9
-17
-21
-29
-27
-26
-24
-20
-17
-10
-8
-1
3
4
20
23
20
29
21
16
13
5
3
-1
-14
-15
-8
-20
-24
-26
-30
-27
-21
-15
-14
-6
-1
11
15
17
17
21
20
20
19
10
9
7
-1
-7
-15
-20
-18
-24
-18
-18
-19
-16
-8
0
2
3
6
18
20
19
22
25
24
20
17
11
3
1
-6
-14
-17
-12
-15
-19
-14
-13
-6
-6
4
8
11
19
20
24
20
20
17
19
19
7
5
-3
1
-5
-15
-13
-17
-17
-16
-13
-14
-4
4
4
10
16
15
22
21
22
16
15
10
-1
0
-11
-9
-10
-17
-21
-24
-18
-14
-13
-13
-5
-2
-4
3
10
10
17
19
10
17
19
14
8
7
3
-5
-5
-10
-15
-11
-13
-19
-18
-8
-6
-6
-2
2
0
2
10
9
14
13
15
13
5
9
1
2
-7
-13
-12
-17
-12
-9
-12
-5
-2
-3
3
1
9
9
7
6
5
8
9
5
-2
2
-8
-10
-8
-13
-13
-11
-18
-18
-18
-17
-3
-4
-6
1
0
4
8
14
10
13
14
5
8
8
4
-2
-9
-12
-8
-18
-15
-10
-13
-10
-9
-9
-4
-8
-4
7
12
17
15
13
14
17
4
7
5
5
3
2
3
-5
-3
-6
-3
-10
-6
-2
-5
1
4
5
5
11
16
12
13
15
9
8
6
8
3
-3
-1
0
-3
-2
-4
-4
-3
-2
-4
-4
1
0
6
2
6
10
9
7
8
12
9
3
-5
-7
-5
-4
-10
-4
-10
-13
-9
3
2
-6
1
3
2
-1
2
6
0
5
10
5
-6
-1
4
-3
-6
-15
-10
-5
-10
-14
-11
-10
-11
2
-5
-5
-3
-2
-1
-1
2
3
4
5
7
6
4
-2
-2
5
3
-2
-2
-6
-7
-9
-10
-5
-9
-6
-6
-5
0
2
-2
2
3
1
-1
6
12
1
7
10
6
6
4
2
-3
0
-1
3
-1
-2
1
-2
-4
-6
3
3
1
1
2
4
1
1
10
11
8
5
-2
8
4
0
1
-1
-1
-3
0
-9
-9
-3
-2
-7
-7
1
3
6
6
10
8
6
3
5
6
6
9
4
5
0
-3
-3
-7
-6
-8
-7
-6
-9
-6
-6
0
-2
1
5
5
9
3
0
1
-1
2
0
1
8
12
7
-2
1
-1
2
-3
-4
-2
-2
-7
-6
0
-2
2
-6
-2
-5
-2
5
3
9
10
2
4
4
2
0
2
2
-6
-5
-10
-9
-10
-7
0
-3
-4
-2
1
3
-1
6
7
2
2
1
3
1
2
0
0
0
1
2
2
-5
-8
-10
-10
-10
-10
-2
-4
-4
-1
-4
1
-1
1
1
1
9
5
2
5
2
2
-1
-5
-6
0
-1
-4
-6
-12
1
-4
-6
-4
-5
5
9
14
9
7
7
9
4
2
8
4
-3
2
0
-5
-5
-6
-8
-9
-8
-11
-7
-1
0
5
10
12
10
3
8
4
6
12
8
4
3
2
-5
-5
-10
-5
-9
-11
-6
-7
-6
-6
-3
-8
-7
5
3
7
12
9
11
13
16
8
8
3
-5
-5
-7
-9
-8
-16
-18
-12
-15
-14
-6
-7
-1
7
4
8
10
12
11
15
14
12
7
4
7
3
4
-1
-9
-10
-5
-5
-3
-1
3
2
4
7
10
12
10
16
15
8
6
4
3
-2
-4
-7
-14
-16
-14
-13
-17
-14
-18
-13
-2
-5
3
5
12
14
13
16
14
9
10
11
0
-7
-9
-18
-16
-15
-24
-19
-20
-20
-16
-16
-9
-5
2
3
3
12
18
20
20
16
17
15
3
-2
-2
-2
-9
-16
-22
-21
-16
-18
-13
-13
-10
3
10
8
16
18
17
24
21
23
21
17
12
4
-7
-12
-16
-14
-13
-22
-16
-16
-13
-6
-6
3
5
12
16
18
27
26
24
17
18
11
11
5
-5
-10
-18
-19
-21
-23
-22
-24
-21
-17
-12
1
7
13
17
18
19
22
23
23
19
14
5
-1
-7
-17
-14
-25
-24
-21
-19
-18
-12
-9
-6
1
7
13
21
21
21
26
22
22
16
10
11
1
-7
-9
-18
-20
-20
-24
-16
-21
-18
-11
-8
1
8
16
11
17
22
21
27
21
17
13
9
4
3
-4
-10
-16
-22
-21
-14
-18
-18
-11
-13
-7
-2
2
10
20
20
13
19
13
11
7
0
-1
-6
-10
-19
-22
-26
-23
-15
-12
-13
-9
-2
3
10
9
11
24
18
17
17
12
14
4
6
-6
-10
-12
-20
-23
-32
-26
-20
-19
-17
-9
-5
2
13
9
15
25
29
24
25
21
14
6
3
3
-8
-11
-21
-18
-19
-22
-19
-20
-4
-2
1
9
14
17
19
21
22
23
25
19
21
11
3
1
-6
-9
-14
-21
-22
-20
-22
-16
-13
-11
-3
3
6
13
20
26
25
30
27
23
21
10
0
1
-5
-17
-24
-30
-31
-30
-29
-25
-20
-13
-9
2
13
6
13
16
21
27
18
18
19
16
12
4
-4
-9
-12
-18
-21
-21
-16
-20
-17
-15
-6
2
0
7
12
12
17
22
13
21
21
18
18
0
-3
-5
-11
-19
-15
-18
-23
-23
-19
-16
-14
-6
-2
13
9
11
15
12
24
18
13
12
5
6
7
0
-3
-7
-15
-17
-17
-16
-18
-17
-11
-10
-6
4
6
13
15
18
21
20
19
21
12
6
-1
-8
-10
-16
-13
-20
-22
-24
-26
-27
-22
-18
-12
-5
-4
8
8
10
11
14
23
22
24
23
22
16
7
9
2
-8
-5
-10
-16
-18
-14
-9
-10
-13
-4
-2
0
5
8
10
15
14
15
14
10
12
10
8
1
2
-4
-11
-8
-7
-13
-10
-15
-11
-12
-19
0
2
2
10
12
20
15
21
19
12
15
16
15
5
4
-4
-7
-9
-13
-15
-24
-21
-20
-17
-14
-10
-9
-3
-4
2
12
6
11
18
17
17
15
13
3
4
-2
-6
-10
-19
-17
-29
-16
-10
-14
-9
-10
-5
-2
-1
11
11
4
11
14
12
12
15
9
5
6
4
-4
-8
-7
-5
-6
-11
-10
-9
-10
-5
5
7
9
8
11
12
9
9
8
6
3
5
-5
-4
-9
-9
-4
-15
-11
-6
-5
3
1
6
9
6
12
17
13
9
5
10
10
2
-3
-9
-8
-18
-16
-16
-18
-14
-15
-7
-6
-1
2
4
11
14
12
17
10
12
16
6
6
0
-7
-5
-10
-17
-17
-15
-14
-21
-15
-10
-11
-2
-1
4
19
12
20
21
19
16
14
10
9
7
-5
-8
-13
-21
-23
-21
-22
-19
-19
-14
-8
-1
2
10
17
29
29
28
32
29
21
21
15
1
3
-6
-8
-12
-23
-26
-29
-27
-23
-16
-10
-11
-3
6
14
16
15
23
22
23
22
21
16
11
1
1
-5
-16
-18
-22
-30
-33
-31
-29
-21
-14
-9
-5
8
10
17
26
25
22
27
29
20
18
5
-1
-7
-7
-12
-17
-16
-23
-21
-21
-24
-25
-20
-15
-6
0
8
17
21
20
19
20
20
14
16
13
3
0
-3
-6
-14
-15
-12
-15
-14
-17
-13
-10
-1
-3
-4
3
4
6
13
13
11
13
9
16
12
4
3
3
-1
-7
-2
-6
-13
-7
-1
-8
-2
-3
-2
9
4
3
6
6
6
11
10
8
5
2
7
4
-3
-4
-3
-6
-13
-10
-9
-10
-10
-13
-7
-9
-8
-5
-5
-5
-2
2
4
1
10
13
8
8
4
13
6
8
9
-1
3
4
-4
-7
-7
-12
-9
-9
-10
-12
-9
-4
-2
1
7
9
13
13
16
13
14
15
9
5
5
-5
-4
-4
-5
-9
-12
-14
-22
-16
-18
-10
-5
-9
-2
-1
4
13
7
7
10
11
14
5
4
1
-2
-2
-9
-8
-6
-6
-14
-13
-10
-10
-5
0
2
0
11
5
9
5
7
11
3
7
-1
4
2
-7
-6
-1
-7
-4
-10
-7
-8
-9
-3
-1
2
0
5
2
9
7
4
13
12
6
1
4
-2
-6
-6
-7
-4
-6
-5
-4
-7
-9
0
3
0
-3
4
3
4
4
2
1
7
6
3
8
6
0
-3
-1
0
-6
-7
0
-4
-3
-3
-6
0
1
2
6
-1
5
0
-2
3
4
2
-1
0
2
2
-1
-2
-7
-8
-6
-7
-6
2
-2
-1
2
5
7
7
7
10
8
6
8
3
-1
-6
-4
-10
-7
-7
-18
-8
-15
-16
-11
-3
-4
-2
-3
1
11
5
11
10
10
8
5
4
7
1
-3
-5
-14
-16
-12
-12
-8
-4
-9
-4
-11
-6
-3
-5
3
2
8
6
8
6
7
5
7
7
5
6
-2
0
-4
-9
-11
-13
-12
-6
-4
-5
-1
6
5
6
14
11
9
1
7
8
8
11
11
4
-4
-7
-9
-8
-7
-3
-2
-2
-3
-7
-8
-7
-6
-8
-3
1
6
0
-3
1
-2
-3
2
9
2
-1
6
3
7
0
0
4
-4
-5
-6
-6
-7
-2
-8
-13
-9
-5
3
-2
5
0
3
5
8
16
11
15
10
10
10
12
6
7
4
-1
-3
-6
-9
-10
-16
-16
-8
-7
-4
-2
5
-1
-1
11
8
13
16
12
15
12
14
5
5
4
-3
-8
-14
-14
-14
-8
-12
-14
-15
-12
-4
2
-2
-2
3
0
5
8
3
10
10
-1
2
0
-8
-9
-9
-12
-11
-9
-9
-11
-14
-4
-3
-5
0
-3
2
5
5
4
-1
6
6
3
4
3
-3
-2
-3
-10
-11
-10
-14
-14
-9
-8
-6
1
2
-3
4
7
10
10
14
14
14
18
10
9
8
11
6
5
6
7
0
-4
-1
-5
-4
-3
9
1
-2
0
4
8
7
4
6
5
4
3
5
0
1
6
-3
-1
-4
-8
-10
-5
-1
-1
0
-2
-1
1
-4
-1
-2
1
12
5
1
3
2
0
-2
-2
-5
-3
0
-2
2
-3
-2
2
-4
-4
-3
-2
0
4
7
4
0
2
2
2
2
0
-5
-5
-3
0
-3
3
1
0
12
8
6
0
3
7
7
6
2
-2
-4
0
-2
-3
-4
-9
-11
-14
-9
-7
0
-2
-3
2
-5
0
-4
-3
2
0
-1
-1
0
-1
-2
-6
1
-9
-13
-3
-10
-3
-2
-3
-5
-5
0
3
6
3
3
10
4
5
10
10
6
2
3
-1
4
4
-2
-5
2
-1
-6
-6
4
-1
-3
-1
-8
-7
-3
-2
-5
-3
0
-3
3
2
5
3
5
5
0
5
5
0
2
4
1
3
0
-4
-10
-6
-3
-1
2
2
-1
1
0
9
7
10
9
0
6
4
7
5
3
-1
-4
-6
-3
-3
-6
-2
-1
-1
2
5
15
9
8
6
6
12
7
7
8
7
3
-3
-1
-5
-10
-13
-13
-14
-21
-17
-14
-11
-11
-13
-7
-1
-2
0
7
5
9
9
7
8
9
6
7
-1
0
0
-8
-4
-3
-6
-4
-3
-4
-6
-3
3
5
7
7
9
11
14
12
9
9
12
6
2
-1
-1
-4
-2
-4
-9
-4
-8
-8
-15
-13
-10
-11
-8
-8
-7
-3
4
6
9
6
4
7
9
2
1
2
1
-3
-4
-7
-13
-5
-9
-9
-8
-10
-7
-12
-11
-10
-7
-3
0
4
12
7
11
14
9
10
5
0
0
1
1
0
-1
-2
-1
-2
-4
-10
-10
-7
-1
-5
-6
0
-5
3
1
8
8
7
4
0
7
3
1
-5
-4
1
-2
3
6
7
5
5
5
3
3
3
6
3
4
7
1
4
10
2
2
-4
-4
-2
-3
-9
-3
-1
-4
4
0
9
8
4
-1
1
0
-1
6
2
1
-4
-1
3
1
2
1
-1
-4
-5
-1
1
6
11
10
13
13
9
10
4
3
0
-12
-15
-19
-24
-19
-17
-20
-15
-14
-8
-9
-10
-6
-3
3
3
5
10
9
10
17
12
16
10
6
5
4
0
-10
-3
-5
-5
-7
-3
-2
-1
6
-4
-2
-1
-7
-2
-4
-1
-4
-2
-5
-2
1
-4
-2
-3
-3
-3
1
2
9
12
15
18
13
19
8
4
3
-7
-7
-6
-2
-15
-13
-9
-9
-4
-4
1
-7
-3
-1
3
4
8
10
5
9
6
9
9
1
1
-2
-1
-7
-13
-8
-4
-5
-3
3
0
4
6
2
1
-4
-4
-9
-3
-4
2
-6
-10
1
-11
-4
-3
2
-4
-4
-6
-5
1
3
17
16
15
20
17
15
19
14
4
4
-2
0
7
6
9
9
11
13
13
9
11
6
-2
2
-4
0
-9
-7
-2
-8
5
6
-5
-5
-11
-10
-18
-19
-12
-3
17
7
15
18
11
3
12
14
2
-3
-7
-14
-29
-7
9
11
8
20
3
-25
-9
-11
-30
-24
-13
-9
-31
-23
8
-33
-18
-22
-12
-43
-71
-52
-135
-105
-18
40
61
34
69
71
22
54
37
38
40
48
42
-23
17
43
18
26
9
-17
-67
-188
-121
-143
-104
-53
-45
4
-80
-23
-6
35
101
116
120
47
-14
46
15
66
127
153
151
33
65
-19
-101
-98
-21
27
2
26
43
-72
-108
-14
11
62
68
128
6
-89
-42
-49
-32
26
136
108
11
52
7
-96
-52
31
73
-8
89
67
-43
-35
34
31
-14
97
88
9
-42
29
-54
-63
11
40
23
33
69
-11
-36
-27
-21
-11
31
47
11
-48
-13
-86
-62
-35
7
4
-63
2
-89
-85
-60
-34
-6
7
102
35
-23
53
-12
-19
23
74
54
-17
51
-39
-81
-47
-8
-40
-29
24
-27
-130
-95
-48
-163
-69
-19
24
-58
-26
16
-101
-21
33
32
16
29
71
-55
-27
82
-6
64
67
120
9
-19
62
-52
-53
-5
19
-34
-18
8
-33
-107
3
-19
-36
10
-13
-3
-78
-18
3
-26
75
83
42
63
8
34
-34
39
49
-16
58
-47
-15
-29
10
19
-3
60
33
-35
-10
-13
-35
-23
25
63
1
47
50
-5
-7
52
19
-17
-5
63
-29
-34
52
15
10
-33
61
-21
-24
61
12
7
42
67
11
-46
23
11
-11
57
67
87
18
31
1
-14
28
46
45
40
0
-34
0
-19
22
21
66
16
-26
-29
-88
-80
-37
44
44
42
100
36
-28
11
32
40
28
139
58
-39
14
45
-9
-97
40
35
-67
-68
-47
-111
-139
-57
-24
-95
-37
17
-80
-110
-22
30
-37
13
87
-1
-72
2
-2
-2
-16
42
11
-55
5
-72
-73
-50
-15
-8
-61
-50
-88
-98
-41
-69
-16
20
17
-45
-101
-48
-83
-63
-20
0
24
41
4
-76
-101
21
8
-46
71
121
47
-86
-27
17
-53
-7
56
74
74
37
8
-99
-21
47
-63
-16
77
122
-21
-41
73
53
14
46
81
69
-3
4
5
-6
71
33
50
90
104
-18
-105
-16
62
33
29
90
130
96
-14
-5
21
130
112
62
67
74
59
5
11
14
38
63
36
-40
-57
-75
-39
-38
-17
-34
-20
37
4
-49
-59
23
73
33
-9
17
14
63
35
-2
11
62
76
-27
-68
-54
-19
-4
-24
-51
-29
-16
-21
-83
-64
18
27
9
-39
-68
-62
-36
-26
-54
-47
39
28
-49
-98
-68
-30
-42
-15
-33
4
46
26
-50
-76
-23
10
-26
0
31
-1
-30
-61
-72
-99
-42
-24
-38
-22
-32
-77
-133
-137
-65
-27
3
34
11
30
12
-9
-87
-89
28
70
64
16
35
87
59
-2
-68
-45
77
90
30
-30
9
72
46
-12
-42
21
103
91
22
-31
-18
19
-41
-63
-42
32
99
76
19
-38
-17
29
28
20
38
81
95
57
44
23
38
94
111
79
46
63
58
26
10
20
46
77
71
36
6
34
69
37
16
12
24
27
10
22
19
12
30
20
-5
-33
-27
-9
-33
-41
-13
16
-2
-26
-36
-45
-26
4
8
-16
-4
27
1
-59
-49
-1
-20
-26
3
16
3
-16
-11
-53
-73
-15
16
3
-3
3
-51
-75
-31
-25
-30
-31
9
7
-56
-82
-113
-120
-70
-21
-38
-79
-76
-61
-66
-82
-83
-44
-17
-8
-36
-45
2
33
18
6
7
-2
16
19
10
7
48
48
-25
-69
-87
-25
31
62
7
-6
100
42
-235
-385
-154
184
211
10
-97
42
208
-22
-394
-463
-23
352
176
-142
-138
117
186
-53
-259
-136
235
454
206
-107
-153
26
134
12
-45
48
328
486
241
-106
-218
-35
115
25
-40
88
336
302
-52
-279
-223
18
52
-80
-48
169
304
76
-251
-266
-63
109
35
-47
108
284
260
-33
-208
-70
139
170
-36
-65
131
177
-34
-287
-246
-5
67
-47
-173
-86
87
-3
-195
-261
-57
82
26
-41
-34
107
128
-44
-140
-45
139
171
34
6
16
49
-53
-180
-162
-3
118
15
-98
-35
3
-79
-169
-181
-37
34
78
18
-18
45
50
-7
-73
3
71
106
142
135
22
-37
-4
13
-87
-123
5
87
42
-108
-159
-101
-13
-95
-231
-203
-15
19
-133
-195
-84
28
-3
-62
-69
64
108
25
-41
28
139
107
16
64
141
166
86
8
127
281
312
83
2
159
248
147
-2
98
294
338
162
-26
32
228
223
39
-63
66
163
22
-124
-145
-60
-49
-128
-173
-181
-162
-180
-289
-330
-352
-326
-304
-276
-236
-277
-286
-267
-258
-268
-293
-238
-115
-27
3
-39
-6
50
21
-41
-40
66
217
304
270
207
267
295
136
68
206
409
456
369
342
362
390
268
164
277
444
458
338
305
369
312
85
-94
-9
154
102
-27
-73
-36
-135
-401
-570
-529
-364
-339
-461
-530
-507
-531
-653
-781
-729
-554
-410
-398
-441
-397
-375
-376
-373
-330
-203
-49
73
106
108
167
179
156
175
284
451
532
516
461
443
451
450
438
508
610
650
571
472
478
499
458
395
408
456
413
281
185
187
199
124
32
21
54
-40
-246
-404
-454
-469
-520
-562
-547
-520
-576
-699
-795
-830
-823
-737
-591
-494
-511
-554
-526
-464
-419
-389
-326
-204
-62
-6
-7
-15
31
67
88
163
280
406
497
503
425
378
461
601
651
699
792
887
889
836
832
890
933
821
681
640
713
674
541
416
418
340
182
49
-15
-108
-340
-564
-693
-741
-811
-864
-911
-963
-1106
-1260
-1267
-1070
-911
-895
-911
-845
-733
-724
-727
-583
-301
-148
-159
-132
28
122
69
33
87
184
194
207
194
269
272
188
68
139
297
420
481
599
677
595
546
694
934
1045
1106
1191
1320
1248
968
647
676
971
1156
920
644
561
510
213
-120
-275
-332
-520
-783
-905
-856
-900
-1166
-1467
-1612
-1588
-1528
-1338
-1048
-872
-1017
-1271
-1249
-885
-593
-525
-471
-191
49
66
-33
35
234
341
262
272
394
521
422
265
255
325
283
162
193
431
562
513
434
489
565
576
653
833
1040
1151
1177
1135
943
637
618
929
1280
1083
602
379
506
470
118
-180
-203
-360
-746
-1046
-919
-777
-1082
-1613
-1859
-1718
-1560
-1492
-1298
-1102
-1182
-1489
-1522
-1063
-571
-414
-492
-430
-208
-6
110
243
318
333
283
437
624
718
637
537
482
436
366
367
409
517
570
524
445
414
509
664
812
864
866
966
1186
1280
1035
617
512
860
1212
1155
788
610
641
553
264
53
36
-219
-665
-918
-777
-710
-1008
-1453
-1694
-1801
-1820
-1669
-1299
-1087
-1311
-1725
-1730
-1240
-768
-657
-633
-514
-433
-354
-32
414
514
248
105
338
695
861
844
687
485
345
360
588
788
712
413
303
422
494
451
599
911
1044
777
611
933
1436
1331
598
200
774
1500
1362
717
585
832
582
66
88
376
-8
-831
-1058
-673
-667
-1261
-1724
-1703
-1714
-1918
-1870
-1405
-1193
-1621
-2083
-1774
-1044
-728
-862
-713
-380
-429
-586
-61
681
629
23
-12
471
786
779
802
696
409
254
408
667
843
730
266
-69
173
602
620
521
694
869
742
704
984
1395
1454
967
285
455
1432
1894
1105
493
722
867
309
208
632
356
-725
-1177
-709
-496
-999
-1553
-1746
-1864
-2003
-1955
-1525
-1145
-1389
-2025
-2049
-1231
-653
-788
-853
-479
-335
-529
-176
609
780
242
22
370
714
793
928
857
517
204
285
541
748
744
397
-70
-66
327
583
486
466
627
728
695
805
1150
1456
1145
389
322
1335
2023
1351
563
759
1072
546
188
552
556
-410
-1065
-786
-430
-822
-1507
-1837
-1888
-1901
-1932
-1675
-1279
-1425
-2103
-2275
-1461
-730
-804
-1015
-695
-439
-481
-286
347
626
311
38
213
579
804
919
807
467
202
295
580
793
763
509
107
-64
162
493
598
479
441
564
787
949
1077
1342
1392
841
193
697
1918
2101
1017
451
865
969
485
378
645
189
-731
-1063
-635
-418
-925
-1710
-2095
-1966
-1870
-1868
-1500
-1093
-1533
-2445
-2218
-1021
-450
-881
-995
-597
-450
-506
-32
648
598
35
-200
218
767
1037
875
463
137
168
447
749
851
634
158
-97
193
654
756
527
477
678
850
969
1275
1623
1281
520
292
1305
2056
1715
845
801
1077
844
630
717
581
-323
-887
-627
-289
-566
-1243
-1710
-1959
-2015
-1891
-1619
-1326
-1488
-2007
-2301
-1731
-1004
-792
-980
-957
-784
-564
-107
370
479
206
-14
111
412
869
985
771
276
68
330
659
803
539
287
4
-92
170
555
628
193
60
481
951
946
978
1412
1251
330
-27
1363
2426
1719
350
414
1182
1069
661
634
546
-370
-1012
-574
-95
-434
-1365
-1879
-1933
-1875
-1771
-1618
-1279
-1434
-2039
-2325
-1615
-753
-685
-962
-935
-693
-503
-13
574
599
174
-32
360
687
928
916
799
450
161
378
676
823
491
248
112
38
130
316
509
325
88
247
634
904
922
1173
1235
629
-4
715
2075
2102
796
188
867
1320
997
649
577
61
-685
-690
-186
-72
-793
-1578
-1883
-1780
-1567
-1514
-1307
-1254
-1655
-2249
-2001
-989
-474
-788
-1155
-1019
-645
-225
320
624
372
-218
-166
427
1002
956
612
290
112
357
656
841
513
181
28
17
227
390
523
196
-37
281
730
863
696
1117
1297
616
-113
678
2156
2006
643
104
972
1428
1027
715
651
217
-576
-413
123
181
-768
-1552
-1624
-1504
-1421
-1535
-1305
-1259
-1732
-2240
-1970
-971
-734
-1142
-1372
-1027
-747
-574
45
541
178
-626
-424
502
1045
851
493
107
-105
357
977
1017
382
-53
4
216
435
474
403
163
-11
282
774
1002
837
867
1196
785
-62
368
2083
2600
837
-274
631
1753
1541
730
557
148
-409
-465
204
445
-601
-1646
-1847
-1344
-1134
-1379
-1526
-1414
-1543
-2147
-2091
-1079
-449
-1057
-1541
-1224
-632
-340
-15
532
259
-428
-552
357
1153
964
586
23
-135
317
1022
1176
417
-63
-108
300
535
495
443
224
57
153
800
976
771
854
1432
1055
-284
72
1973
2958
990
-406
484
1653
1649
732
716
181
-440
-470
117
565
-607
-1565
-1901
-1434
-1163
-1447
-1459
-1516
-1568
-2189
-2182
-1177
-520
-1028
-1657
-1293
-640
-268
-36
347
59
-597
-531
466
1203
766
348
33
-11
336
956
1071
310
-106
31
424
567
483
459
301
-25
168
962
1304
926
775
1209
707
-14
778
2407
2336
185
-245
1219
2180
1187
251
487
187
-363
-264
440
178
-1178
-1804
-1523
-1114
-1439
-1652
-1378
-1342
-2008
-2442
-1734
-720
-750
-1640
-1721
-1117
-484
-225
215
329
-616
-924
-77
1271
1093
151
-102
73
542
671
1025
654
-17
-116
380
894
445
201
218
538
319
314
882
1138
1125
841
1151
296
-55
1246
2741
1892
-674
-155
1707
2521
972
-147
289
-6
61
72
698
-320
-1653
-1489
-961
-712
-1683
-1715
-1300
-1107
-1809
-2455
-1465
-647
-829
-1800
-1535
-898
-510
-225
149
193
-893
-961
194
1415
811
-251
-133
183
619
783
904
345
-197
54
677
1000
501
-11
138
594
560
631
830
1086
1009
1093
1217
114
178
1503
2951
1299
-929
135
2119
2532
392
-189
240
16
-1
173
709
-777
-1835
-1343
-515
-689
-1903
-1708
-1107
-1017
-2047
-2226
-1151
-509
-1139
-1923
-1404
-810
-390
-276
44
-291
-1190
-592
563
1149
-2
-469
4
338
638
543
619
90
-82
251
806
799
182
56
455
909
492
620
903
1241
1046
912
1624
236
104
1224
3091
1543
-1144
301
2050
2611
64
-492
678
318
187
-504
645
-650
-1546
-1041
-747
-702
-2160
-1680
-1076
-629
-1826
-2774
-1362
-466
-715
-2009
-1540
-957
-468
-324
-208
-88
-1145
-648
363
1105
8
-533
267
283
590
372
551
306
106
345
510
765
242
91
707
793
535
547
899
1259
1138
1342
842
8
771
2234
2814
88
-735
1316
2727
1578
-546
325
646
275
-162
217
399
-1347
-1520
-709
-251
-1454
-2280
-1169
-717
-1343
-2582
-1930
-678
-562
-1690
-1953
-1162
-698
-452
-320
-122
-938
-1053
11
941
609
-595
-183
360
600
460
400
438
28
267
513
682
396
198
306
772
557
458
748
1021
1202
778
1464
511
80
1136
2608
2235
-872
-14
2052
2886
768
-949
817
729
589
-411
329
-41
-1584
-991
-530
-282
-1999
-2245
-984
-546
-1504
-2948
-1613
-486
-751
-2084
-1822
-912
-642
-532
-490
-157
-1190
-1008
249
1108
108
-1026
-22
447
594
309
224
174
-20
415
594
620
272
141
585
845
526
688
880
1085
1203
1201
1533
133
494
1725
3088
1317
-1094
820
2713
2645
-170
-525
1032
684
398
-345
541
-642
-1635
-831
-248
-606
-2456
-1843
-753
-697
-2125
-2640
-1086
-415
-1180
-2214
-1466
-816
-552
-484
-276
-518
-1492
-526
612
948
-573
-784
294
395
402
119
452
46
-27
369
595
611
156
305
644
631
440
765
1053
1199
1045
1207
951
208
1146
2209
2469
-25
-457
1843
2931
1662
-810
184
961
848
158
-63
330
-1209
-1228
-573
-60
-1243
-2449
-1280
-642
-977
-2477
-1926
-713
-666
-1690
-1955
-1020
-804
-558
-581
-308
-1053
-1150
15
659
260
-984
-117
450
356
145
77
454
-6
347
404
368
296
224
626
693
345
375
833
1249
1147
845
1312
547
416
1356
2604
1875
-814
198
2391
3015
603
-1000
768
1021
781
-316
166
-88
-1395
-960
-455
-288
-1830
-2191
-971
-654
-1561
-2640
-1434
-462
-937
-2092
-1698
-850
-532
-564
-578
-453
-1305
-712
441
910
-353
-1191
282
723
567
-37
101
237
120
657
623
437
83
198
814
849
357
461
808
1235
1088
991
1081
192
954
1739
2461
643
-763
1306
2779
2354
-541
-380
1120
1116
620
-380
195
-751
-1051
-560
-261
-830
-2327
-1576
-684
-667
-2074
-2261
-1047
-596
-1240
-2005
-1228
-818
-604
-654
-445
-635
-1283
-222
512
418
-844
-634
605
525
281
-164
138
124
264
750
438
23
-24
528
1112
522
172
532
1062
1365
857
1220
778
154
1188
2311
2385
-471
-416
2064
3187
1469
-1165
273
1289
1194
132
-75
138
-1129
-816
-326
-204
-1481
-2264
-1072
-483
-1117
-2543
-1742
-633
-742
-1848
-1859
-949
-743
-604
-744
-399
-1139
-1100
229
752
-232
-1481
-8
927
499
-255
-289
267
126
441
538
396
-52
-4
750
1035
398
219
755
1186
1218
903
1243
425
595
1622
2544
1404
-871
630
2699
2902
224
-930
942
1273
970
-312
145
-272
-1091
-651
-372
-455
-2002
-1884
-747
-576
-1777
-2534
-1103
-442
-1094
-2084
-1425
-705
-637
-616
-512
-460
-1374
-537
559
579
-761
-995
503
629
260
-191
69
84
-40
544
673
245
-269
129
989
858
239
398
823
1289
1140
1222
782
105
1315
2408
2356
-216
-464
1991
3143
1799
-908
-24
1068
1220
397
-249
-40
-1122
-817
-469
-307
-1351
-2340
-1233
-643
-1019
-2478
-1815
-634
-720
-1713
-1909
-858
-694
-633
-691
-423
-923
-1135
189
665
-103
-1284
-292
854
501
-18
-333
195
129
284
588
399
121
-69
611
971
500
526
621
1135
1240
1333
1044
4
1017
2280
2718
381
-780
1320
2977
2517
-160
-299
743
1030
868
44
154
-1037
-1070
-467
-167
-781
-2202
-1598
-860
-782
-2120
-2168
-843
-618
-1483
-2170
-1090
-626
-659
-865
-591
-707
-1346
-319
684
316
-1284
-1065
588
836
198
-400
-105
115
231
566
564
197
-100
299
916
756
559
574
729
1190
1472
1202
-77
562
2281
2788
766
-835
942
2760
2584
406
-196
775
841
985
400
290
-738
-1147
-385
-185
-543
-1882
-1604
-803
-890
-1772
-2112
-835
-602
-1343
-1990
-1229
-507
-707
-792
-690
-709
-1244
-525
582
327
-1005
-1259
205
785
308
-315
-225
80
228
507
447
207
97
306
671
558
738
795
729
841
1311
1506
-16
282
1970
2967
909
-902
881
2607
2429
334
44
1074
698
697
400
694
-524
-1176
-508
-230
-487
-1718
-1508
-825
-988
-1922
-2070
-772
-593
-1471
-2075
-1170
-474
-732
-979
-675
-530
-1192
-759
381
529
-708
-1259
-127
609
399
-226
-243
-32
79
356
478
253
39
173
579
486
675
826
741
726
1095
1611
238
140
1597
2885
1329
-813
740
2478
2487
367
-11
1307
820
612
199
844
-163
-1099
-590
-321
-308
-1530
-1485
-838
-882
-1747
-2194
-825
-450
-1330
-2189
-1298
-411
-554
-964
-795
-519
-1229
-764
297
621
-713
-1337
-108
550
461
-307
-289
-48
41
468
360
311
-38
250
654
389
672
818
934
739
1089
1577
231
444
1701
2811
998
-700
1184
2733
2325
-89
101
1604
1128
590
22
808
-54
-720
-412
-396
-494
-1491
-1113
-689
-1033
-1960
-2034
-654
-585
-1628
-2369
-1189
-385
-673
-1266
-1036
-580
-1143
-672
-86
202
-701
-897
9
108
158
-144
61
-129
-230
380
507
390
-64
236
483
234
644
1024
856
355
893
1660
399
252
1550
2772
869
-742
1226
2981
2214
-282
91
1730
1268
540
137
824
-67
-629
-226
-211
-626
-1476
-1001
-507
-1012
-2089
-2003
-562
-428
-1680
-2480
-1301
-328
-537
-1169
-1085
-700
-1230
-682
238
242
-908
-1136
246
493
90
-250
-53
106
-106
309
591
388
-17
205
661
329
409
943
1106
556
825
1075
328
794
1911
2536
65
-581
1653
3333
2123
-822
191
1610
1609
665
92
603
-488
-182
22
-244
-1006
-1709
-645
-438
-1158
-2411
-1871
-407
-554
-1826
-2413
-1253
-404
-426
-1107
-1015
-912
-1116
-287
223
27
-1214
-713
460
436
12
-479
116
117
59
231
410
400
-40
396
594
303
350
826
1137
688
898
524
222
1152
2287
2011
-545
-332
2010
3339
1526
-858
452
1465
1488
559
327
410
-612
-136
149
-62
-1168
-1758
-540
-285
-1265
-2449
-1630
-319
-747
-2001
-2160
-1091
-536
-625
-1020
-865
-1142
-1098
-26
273
-273
-1426
-475
613
461
-2
-590
30
118
281
322
145
236
57
506
520
380
455
641
876
994
1101
47
190
1581
2697
1147
-905
442
2506
2990
606
-359
966
1252
1294
530
741
-97
-609
178
237
-93
-1469
-1353
-422
-417
-1514
-2242
-1028
-448
-1214
-2147
-1636
-800
-748
-924
-952
-755
-1344
-870
274
254
-803
-1436
2
723
423
-133
-514
53
186
529
402
8
33
204
603
386
378
612
625
526
1022
868
12
550
1843
2350
90
-399
1399
2826
2048
-253
537
1353
1305
754
457
850
-389
-291
95
102
-439
-1430
-790
-500
-900
-1852
-1634
-501
-732
-1833
-2026
-1049
-534
-869
-1281
-834
-859
-1108
-630
157
29
-1035
-981
-1
448
360
-119
-332
-177
119
518
453
184
-47
118
410
489
714
798
484
353
994
557
423
1078
2027
1248
-465
607
2135
2616
703
-295
1100
1358
1223
325
617
271
-387
37
-44
-212
-990
-993
-534
-679
-1499
-1909
-939
-427
-1115
-2187
-1632
-794
-455
-840
-1247
-819
-1179
-711
-180
200
-480
-1113
-303
144
364
109
-58
-85
-80
223
346
478
269
235
182
223
496
858
1066
473
572
409
129
1098
1851
1872
-427
-369
1666
2775
1784
-547
299
1298
1440
822
280
563
-293
56
271
-82
-769
-1145
-209
-235
-1076
-2040
-1317
-204
-492
-1662
-2046
-1169
-623
-439
-862
-1006
-1158
-1155
-272
16
-194
-961
-643
-36
-65
136
30
34
-126
-50
196
168
427
441
381
6
95
675
1103
938
579
651
-158
487
1679
2403
600
-1061
745
2433
2566
155
-261
1119
1218
1089
199
784
103
-293
177
110
-227
-1349
-650
84
-414
-1836
-2052
-413
-12
-1089
-2182
-1471
-809
-645
-754
-788
-1015
-1541
-682
-9
-68
-968
-896
-93
-59
-149
-126
80
-22
-20
200
109
105
382
765
307
-3
291
955
1156
688
828
87
109
1174
2122
1558
-861
123
1918
2639
848
-601
991
1282
1242
213
354
518
-140
259
68
-61
-1001
-1041
-59
2
-1085
-2194
-1142
-36
-364
-1824
-1755
-895
-617
-838
-978
-557
-1309
-1046
-311
-3
-654
-1122
-129
-56
-123
-272
-63
61
-63
328
189
4
112
799
732
92
122
836
1271
875
763
27
208
1385
2134
1152
-875
194
2122
2680
694
-816
700
1483
1601
315
-3
13
-15
692
235
-240
-1201
-995
82
-24
-1042
-2095
-1046
-118
-680
-1622
-1664
-772
-701
-913
-1038
-935
-1095
-798
-227
-432
-1139
-921
135
68
-574
-525
64
231
-67
77
186
98
95
634
698
229
66
782
1341
829
567
-46
409
1415
1957
997
-902
258
1995
2585
756
-756
523
1338
1700
520
92
-9
-92
608
440
-55
-984
-960
-14
115
-917
-1842
-1023
-41
-563
-1742
-1421
-730
-615
-1012
-940
-689
-1412
-1020
-143
35
-1141
-1561
-48
330
-258
-757
-279
163
-65
170
190
118
-34
527
695
491
169
586
1289
1099
927
-434
258
1701
2424
859
-1332
511
2175
2574
489
-606
667
874
1634
712
415
-407
-422
755
543
-63
-1320
-880
29
122
-996
-1832
-849
-121
-528
-1782
-1251
-712
-542
-900
-955
-675
-1542
-661
-23
18
-1402
-1523
277
404
-234
-1009
-338
318
127
235
-138
13
38
743
692
196
-5
588
1479
1155
759
-699
113
1914
2554
707
-1765
470
2453
2732
164
-1038
794
1069
1697
375
282
-325
-354
839
411
-26
-1402
-924
171
253
-870
-2016
-777
87
-404
-1802
-1334
-481
-403
-942
-1015
-540
-1368
-773
-115
83
-1337
-1613
161
428
-139
-1048
-414
208
124
248
-119
3
-63
652
715
278
50
460
1376
1158
832
-612
45
1863
2518
741
-1689
406
2413
2624
216
-950
697
926
1615
552
312
-496
-421
912
465
-113
-1316
-743
22
8
-725
-1585
-728
-191
-405
-1526
-1228
-594
-310
-721
-1071
-714
-1232
-388
-202
-129
-1240
-1314
57
92
-64
-776
-349
-41
-66
330
-78
67
-36
565
461
240
290
655
1156
944
763
-510
246
1793
2482
438
-1631
521
2451
2514
-142
-826
776
922
1328
406
585
-488
-542
682
653
-2
-1379
-680
167
-26
-1066
-1421
-331
-60
-771
-1592
-866
-454
-385
-743
-792
-753
-1378
-338
143
-34
-1440
-1344
198
231
-146
-787
-384
-41
-10
365
-14
-86
-78
629
639
256
70
641
1232
1129
709
-687
239
1858
2577
252
-1613
584
2373
2395
-216
-678
633
828
1271
384
514
-651
-419
664
528
-148
-1388
-548
126
-11
-1132
-1463
-316
29
-655
-1592
-926
-429
-303
-666
-752
-865
-1248
-228
180
-245
-1492
-997
322
95
-530
-822
-97
78
-55
-13
-115
58
223
646
288
113
179
940
1268
932
438
-629
652
1967
2295
-161
-1353
990
2429
2007
-521
-419
742
901
1016
205
378
-563
-180
503
245
-350
-1163
-284
4
-337
-1223
-1130
-109
-89
-851
-1489
-778
-298
-242
-607
-831
-954
-921
-12
91
-489
-1343
-696
215
64
-501
-683
-170
6
71
-8
-87
-20
300
671
222
159
268
1130
1165
761
352
-338
1003
1797
1920
-360
-948
1293
2404
1593
-823
-185
1017
977
682
-19
410
-458
-73
338
152
-491
-1156
-168
52
-473
-1421
-996
16
-141
-1050
-1435
-669
-335
-326
-621
-625
-1067
-978
59
275
-541
-1521
-557
361
60
-585
-638
-59
-83
24
50
-19
-123
249
736
307
47
221
1253
1208
759
-119
-237
1445
2114
1389
-1135
-440
1898
2463
794
-1189
221
1070
1162
418
-130
36
-458
401
354
-148
-978
-961
171
69
-766
-1679
-732
178
-216
-1298
-1329
-460
-268
-354
-702
-634
-916
-626
158
-54
-717
-1196
-80
347
-282
-697
-452
258
83
-90
-138
-93
226
544
657
98
-66
553
1429
1177
504
-258
31
1544
2112
1115
-1241
-382
1939
2557
570
-1398
75
1208
1239
193
-289
-35
-446
317
357
-157
-1176
-1066
265
198
-884
-1759
-657
263
-270
-1331
-1229
-400
-281
-404
-751
-569
-781
-427
-19
-261
-565
-807
60
47
-423
-511
-122
353
-173
-231
-67
179
287
404
440
113
45
767
1483
975
248
-354
656
1770
1841
493
-1042
398
1952
2156
112
-1039
283
1029
1200
-47
-268
-260
-243
278
23
-286
-1162
-839
31
-5
-997
-1609
-519
105
-446
-1495
-1033
-284
-184
-514
-855
-582
-761
-122
65
-320
-853
-820
338
214
-316
-789
-381
408
184
-18
-391
-19
395
627
451
38
80
783
1478
1126
83
-585
1003
2278
1738
-476
-907
1276
2334
1542
-564
-622
541
1168
1119
-166
-471
-545
166
514
-131
-828
-1335
-431
214
-317
-1406
-1398
-170
20
-810
-1359
-800
-323
-275
-485
-797
-825
-624
184
-42
-612
-898
-301
374
-84
-407
-506
-81
272
41
92
-205
157
425
544
413
53
444
996
1255
733
-134
71
1388
2044
1023
-634
-161
1623
2087
864
-663
-182
675
1079
653
-275
-356
-462
137
198
-245
-835
-1131
-316
-67
-664
-1316
-951
-66
-406
-1087
-1097
-484
-271
-477
-670
-678
-749
-344
51
-164
-676
-746
-28
269
-105
-391
-424
128
253
74
-85
-73
426
410
355
282
248
719
972
1166
374
-440
663
1909
1939
-213
-732
923
2057
1562
-129
-435
231
860
1103
77
-476
-531
98
323
-295
-751
-922
-549
-104
-511
-1212
-1206
-351
-1
-951
-1236
-794
-306
-287
-644
-697
-865
-500
29
-168
-595
-744
-60
97
-237
-279
-73
-87
-87
155
262
19
-14
485
563
373
285
509
929
831
893
453
187
843
1525
1477
94
-107
975
1669
1251
27
-175
349
829
767
-23
-317
-329
-110
50
-240
-677
-986
-647
-153
-613
-1268
-1080
-322
-321
-1122
-1086
-589
-391
-562
-657
-657
-696
-415
-129
-316
-687
-486
-16
38
-323
-373
11
84
112
-17
-19
137
436
586
292
262
440
865
1061
974
173
2
1059
1963
1258
-428
61
1412
1876
765
-163
288
334
942
705
149
-582
-459
460
140
-429
-1019
-834
-350
-179
-580
-1386
-1209
-341
-98
-1035
-1310
-751
-245
-651
-796
-393
-652
-598
-419
-12
-398
-681
-100
-61
-155
-327
71
124
-236
60
304
277
51
330
587
449
500
768
725
584
772
736
637
698
1206
998
396
486
936
1201
583
273
292
313
525
354
213
-257
-280
-150
-218
-240
-615
-747
-734
-450
-581
-1001
-962
-517
-479
-963
-1035
-589
-337
-784
-768
-410
-386
-588
-579
-51
-244
-427
-380
-159
63
-129
69
-90
-68
157
376
426
128
244
569
629
718
772
861
587
25
813
1484
1436
79
-172
1181
1526
1060
34
222
489
385
765
287
-47
-520
5
280
-303
-707
-787
-386
-393
-632
-1002
-971
-669
-434
-746
-1086
-857
-647
-381
-766
-786
-634
-501
-200
-602
-378
-458
-93
-107
-407
-151
-75
263
-6
-79
79
285
494
384
313
300
584
745
996
763
761
282
324
1270
1478
989
-418
399
1440
1451
632
-274
455
396
770
471
-54
-258
-325
376
-64
-548
-871
-547
-195
-401
-883
-1192
-874
-433
-380
-1014
-1128
-937
-389
-391
-811
-788
-789
-250
-434
-430
-471
-403
-133
-295
-85
-208
-86
52
180
140
-88
199
528
684
227
319
607
868
948
817
935
18
491
1332
1770
614
-525
719
1403
1491
276
-51
292
336
969
370
-70
-596
-52
322
-163
-568
-849
-558
-384
-263
-901
-1197
-940
-232
-462
-1187
-1109
-813
-225
-760
-754
-848
-638
-271
-511
-355
-734
-200
-157
-242
-249
-288
109
-56
229
59
164
231
494
690
437
563
565
1010
910
1011
624
304
982
1389
1342
67
267
1001
1272
937
85
276
45
670
653
68
-442
-506
256
-115
-411
-743
-713
-591
-477
-343
-971
-1182
-811
-182
-596
-1105
-1176
-568
-261
-604
-697
-928
-445
-386
-164
-360
-709
-387
-248
226
-167
-333
-206
135
394
91
142
280
536
575
656
582
633
868
1350
797
-37
627
1724
1725
-79
-125
1043
1519
886
113
410
-75
251
794
585
-447
-1015
45
276
-189
-874
-861
-564
-411
-424
-814
-1026
-780
-390
-619
-878
-974
-680
-498
-470
-557
-856
-611
-337
-118
-382
-616
-483
-330
52
55
-196
-453
-77
408
402
107
162
534
499
681
786
930
575
820
1387
631
415
810
1858
944
-193
562
1232
1300
98
234
439
77
352
236
198
-672
-475
-33
-160
-611
-976
-647
-455
-490
-949
-948
-778
-393
-631
-903
-884
-917
-327
-404
-446
-927
-776
-104
-106
-154
-744
-491
-252
8
115
-218
-333
-293
313
493
190
-129
266
792
775
572
485
759
865
1193
1130
275
271
1100
1923
839
-246
301
1126
1403
504
7
-141
43
738
439
-145
-818
-535
11
-28
-454
-1076
-985
-396
-193
-733
-1224
-927
-255
-444
-852
-1123
-807
-325
-298
-462
-989
-779
-243
123
-168
-868
-655
-224
250
-7
-277
-414
-195
342
490
265
-115
362
778
859
542
548
929
1049
1149
516
532
947
1526
1126
243
394
826
1285
842
310
-99
-51
670
551
-75
-745
-501
-149
-210
-387
-765
-1019
-882
-320
-360
-947
-1258
-633
-314
-613
-1045
-978
-334
-385
-516
-843
-582
-241
-224
-207
-668
-452
-273
40
-8
-331
-270
-90
370
290
75
21
445
832
710
434
451
974
1244
1148
352
294
1070
1664
1145
16
329
938
1354
832
272
-7
-47
631
614
64
-730
-614
-129
-56
-396
-916
-899
-780
-451
-687
-869
-940
-724
-570
-835
-781
-890
-439
-391
-567
-796
-669
-36
-81
-246
-636
-487
-55
69
17
-351
-232
-56
241
280
165
105
330
677
680
558
545
981
1045
958
647
613
1060
1216
1147
436
452
837
1064
888
235
206
90
403
362
-60
-315
-492
-279
-420
-413
-601
-775
-780
-731
-721
-911
-727
-660
-703
-1148
-895
-487
-409
-676
-953
-514
-366
-158
-378
-487
-266
-232
22
-323
-192
-86
164
138
-81
33
173
493
553
490
319
460
819
1054
986
775
557
522
1050
1461
991
233
319
1200
1164
590
198
438
356
235
288
145
-291
-408
-160
-194
-611
-763
-593
-483
-691
-966
-1029
-767
-561
-615
-1042
-1147
-778
-444
-391
-804
-776
-630
-270
-198
-365
-352
-398
-119
-142
-199
-108
12
247
-10
27
130
449
612
556
428
398
676
966
1052
887
736
409
717
1260
1431
686
14
646
1147
1136
417
140
184
177
516
228
-87
-560
-372
-164
-279
-512
-772
-716
-673
-602
-843
-876
-842
-655
-820
-980
-832
-755
-468
-739
-676
-688
-405
-261
-502
-286
-373
-77
-246
-129
-10
-22
175
119
278
157
266
486
657
597
447
518
744
913
922
841
470
538
881
1322
889
265
428
874
1091
548
304
183
169
365
270
65
-465
-407
-213
-197
-479
-737
-707
-714
-655
-690
-762
-970
-946
-693
-593
-770
-1097
-776
-465
-366
-675
-693
-399
-294
-188
-245
-168
-247
-190
120
190
133
-14
288
474
415
323
466
774
729
656
515
706
891
1128
818
364
446
1001
1330
689
191
305
789
967
489
156
-178
132
285
258
-181
-620
-568
-326
-110
-463
-883
-974
-697
-494
-627
-933
-1045
-973
-618
-503
-778
-1095
-849
-379
-269
-539
-643
-554
-236
-48
17
-198
-312
-51
310
387
196
91
285
509
585
536
490
635
693
751
704
738
778
747
778
683
594
659
812
832
445
331
426
684
544
116
-94
-36
171
17
-242
-447
-517
-477
-453
-402
-647
-970
-880
-567
-522
-976
-1023
-741
-556
-717
-904
-729
-559
-470
-489
-507
-458
-386
-128
-43
-155
-235
-75
288
247
149
145
409
545
436
447
547
712
744
658
630
607
854
963
730
464
532
896
905
599
366
383
528
536
451
213
-153
-89
152
196
-293
-637
-473
-293
-356
-626
-737
-797
-796
-630
-613
-790
-1016
-861
-573
-537
-771
-876
-650
-396
-297
-459
-478
-318
-65
35
-47
-83
13
218
362
294
232
306
499
594
466
456
508
615
688
682
669
433
549
861
896
521
246
622
833
693
358
219
290
363
400
126
-224
-277
-65
-48
-298
-572
-643
-570
-406
-403
-818
-976
-764
-411
-596
-909
-838
-647
-470
-551
-565
-591
-541
-311
-191
-210
-351
-243
8
124
59
6
126
275
306
322
407
467
404
411
558
659
590
536
592
622
646
670
767
574
437
497
725
698
350
245
313
424
359
160
-39
-206
-78
-6
-171
-471
-576
-442
-475
-560
-643
-706
-806
-817
-675
-655
-802
-855
-743
-599
-612
-630
-575
-464
-361
-300
-221
-157
-69
38
91
145
178
277
364
408
385
405
539
630
522
452
539
700
669
548
564
575
639
670
716
504
289
473
726
647
153
-1
198
404
280
-134
-400
-392
-128
-90
-375
-747
-791
-590
-395
-502
-808
-1000
-840
-522
-498
-664
-815
-731
-523
-354
-298
-499
-519
-319
11
7
-154
-104
123
323
216
185
239
407
477
426
390
387
572
609
528
420
445
617
586
524
390
469
546
584
460
313
357
457
465
277
108
63
125
185
12
-283
-438
-258
-194
-347
-597
-677
-644
-619
-495
-574
-775
-914
-644
-404
-471
-630
-614
-433
-370
-249
-197
-231
-297
-165
118
134
24
7
229
280
216
267
338
388
293
368
442
476
423
417
452
464
483
485
463
434
452
499
523
413
305
329
402
350
171
67
83
3
-6
-87
-191
-436
-437
-292
-336
-534
-667
-578
-530
-598
-572
-583
-628
-677
-559
-396
-441
-454
-437
-314
-245
-182
-132
-123
-78
36
104
148
143
247
286
293
307
369
418
390
416
447
464
405
383
452
505
453
326
341
430
453
423
354
323
218
286
369
311
70
-45
38
65
-25
-137
-245
-373
-422
-332
-326
-513
-649
-624
-557
-550
-572
-577
-631
-647
-517
-392
-372
-479
-405
-266
-154
-144
-120
-67
-23
88
188
185
135
202
346
389
315
300
376
438
425
431
460
406
366
409
550
491
334
295
420
475
365
333
335
252
169
265
327
124
-103
-64
4
-102
-193
-232
-336
-527
-478
-310
-392
-621
-735
-560
-489
-511
-559
-603
-593
-529
-368
-272
-361
-430
-333
-78
19
-126
-173
-45
141
204
152
149
113
248
382
384
269
202
407
440
432
364
422
398
355
458
482
397
270
358
438
348
277
324
336
160
104
225
246
18
-132
-64
-37
-136
-189
-210
-374
-480
-379
-235
-420
-648
-619
-418
-373
-485
-539
-530
-466
-365
-278
-310
-417
-354
-159
-31
-100
-188
-119
35
162
137
100
67
155
295
355
279
204
311
410
409
356
371
387
352
369
443
405
322
314
385
366
248
278
312
228
116
129
213
101
-15
-59
-48
-68
-129
-150
-265
-338
-301
-240
-308
-484
-470
-381
-345
-419
-457
-436
-423
-381
-315
-281
-389
-399
-256
-60
-127
-253
-210
-41
79
42
52
43
80
175
308
283
167
227
364
391
304
341
399
350
327
386
440
330
291
356
365
280
223
295
247
136
109
169
111
-27
-69
-11
-61
-145
-168
-177
-239
-307
-246
-272
-374
-465
-394
-305
-377
-441
-469
-395
-349
-336
-294
-361
-376
-330
-135
-75
-204
-262
-135
66
98
38
13
42
157
289
293
201
171
321
400
369
336
377
362
340
418
469
374
258
317
410
345
229
205
216
153
135
135
97
-24
-61
-22
-18
-62
-140
-159
-197
-157
-176
-217
-290
-335
-305
-311
-317
-360
-362
-388
-416
-365
-313
-278
-386
-417
-297
-161
-142
-244
-198
-135
-64
17
78
37
-34
71
257
289
197
159
245
290
328
363
330
238
264
418
461
324
235
327
386
327
254
250
216
168
211
203
102
5
35
72
-4
-60
-85
-103
-148
-141
-133
-208
-277
-271
-231
-250
-297
-314
-320
-338
-348
-316
-292
-320
-393
-367
-252
-183
-248
-319
-238
-146
-83
-85
-82
-84
-39
108
166
121
86
181
256
257
278
309
285
262
357
417
343
260
305
384
329
269
253
265
201
207
225
174
95
60
97
68
42
22
-32
-99
-98
-33
-58
-170
-250
-226
-186
-200
-232
-287
-340
-354
-275
-206
-259
-380
-397
-261
-157
-197
-281
-285
-213
-142
-74
-79
-129
-138
-31
82
79
14
36
99
170
187
195
181
183
276
327
313
244
262
349
354
297
228
241
270
266
249
169
125
96
146
109
16
-22
-5
-24
-88
-92
-73
-91
-151
-178
-162
-151
-168
-180
-216
-280
-273
-193
-155
-239
-358
-305
-185
-149
-228
-286
-272
-185
-126
-91
-137
-159
-88
13
60
8
9
42
119
182
175
142
154
260
314
278
224
246
303
323
301
253
217
221
263
249
195
124
114
97
94
71
30
-3
-54
-36
-51
-37
-86
-132
-140
-145
-116
-154
-162
-166
-207
-226
-213
-125
-176
-268
-291
-213
-145
-201
-231
-240
-212
-156
-108
-116
-154
-140
-37
-12
-21
-31
6
57
81
151
128
97
133
244
276
168
143
214
281
273
221
189
177
196
252
230
138
84
112
147
112
68
32
23
22
13
0
-34
-62
-69
-70
-95
-122
-116
-99
-118
-196
-210
-141
-107
-157
-242
-218
-172
-136
-141
-171
-205
-215
-121
-67
-113
-185
-141
-47
-23
-44
-48
-27
11
77
122
77
50
129
222
198
128
132
211
235
207
175
158
158
158
181
152
113
88
93
108
89
79
54
35
23
24
26
16
-12
-41
-46
-44
-43
-46
-67
-118
-146
-115
-72
-97
-171
-176
-135
-100
-124
-131
-144
-170
-143
-97
-81
-130
-153
-95
-57
-65
-66
-45
-43
-37
29
49
16
-4
75
111
77
51
92
140
107
106
120
137
106
115
146
118
90
83
115
92
68
81
71
49
34
67
56
24
5
20
22
-1
1
-4
-30
-66
-44
-24
-53
-120
-131
-88
-82
-122
-151
-138
-130
-143
-119
-109
-135
-151
-96
-45
-70
-88
-47
4
-7
-10
35
48
18
24
91
96
34
37
94
119
63
61
106
107
59
80
140
117
73
93
135
119
93
104
100
56
54
85
67
8
-29
-4
4
-8
-24
-78
-106
-94
-34
-39
-114
-156
-101
-28
-46
-106
-116
-86
-81
-79
-71
-81
-138
-120
-54
-43
-95
-110
-51
-24
-38
-29
-5
-10
-3
58
79
47
21
81
124
91
57
78
110
79
70
83
82
59
58
95
95
55
57
81
77
42
65
73
47
15
26
60
28
-8
-9
-15
-41
-53
-25
-44
-111
-124
-64
-32
-92
-118
-100
-82
-85
-76
-64
-85
-98
-59
-28
-53
-75
-49
-31
-38
-42
-17
-32
-56
-24
29
6
-34
-14
53
53
15
28
82
100
73
80
109
127
116
110
125
116
102
107
107
87
60
76
77
56
19
26
41
25
-18
-35
-25
-23
-23
-25
-54
-93
-77
-30
-46
-104
-130
-101
-87
-99
-98
-94
-123
-116
-58
-40
-73
-102
-64
-26
-21
-33
-32
-27
-10
25
36
5
-7
27
69
57
33
36
62
75
72
78
81
83
85
102
104
88
83
88
85
86
62
53
42
37
26
15
14
-8
-13
-32
-28
-28
-25
-33
-66
-81
-67
-30
-47
-90
-95
-77
-46
-45
-47
-60
-75
-58
-22
-9
-46
-68
-44
-15
-11
-27
-50
-39
-11
3
-17
-39
-19
11
28
7
-1
17
38
58
56
50
44
51
72
88
81
55
49
65
72
60
55
56
46
31
46
64
48
2
-13
5
23
14
-5
-43
-72
-49
-17
-14
-67
-115
-96
-40
-30
-50
-80
-67
-67
-36
-12
-24
-53
-72
-16
-3
-11
-45
-35
-20
-22
-14
-18
-14
-17
1
22
24
16
30
51
65
63
55
70
64
76
88
83
75
45
64
62
60
50
34
20
-4
27
28
13
-35
-42
-3
10
1
-39
-53
-47
-19
-4
-24
-70
-81
-44
-7
-20
-59
-63
-45
-28
-32
-24
-36
-51
-38
-10
-4
-37
-46
-1
14
-25
-40
3
23
7
9
1
6
16
39
40
7
11
43
53
33
29
50
51
45
44
38
28
38
55
36
1
-1
46
51
7
-34
-19
17
27
3
-39
-49
-26
2
-2
-31
-65
-52
-1
6
-28
-64
-53
-27
-22
-27
-36
-53
-64
-30
-1
-36
-68
-39
-4
-11
-41
-32
10
8
-3
16
33
17
22
54
45
30
33
60
49
28
43
54
41
25
37
44
34
34
42
25
7
19
44
35
-14
-20
4
19
-4
-27
-27
-40
-30
-14
-15
-37
-67
-52
-7
2
-39
-53
-33
-8
-1
0
-18
-43
-31
1
13
-29
-47
-26
3
0
-11
-3
-2
2
6
25
31
11
19
39
39
35
45
48
36
24
50
58
42
32
23
35
37
32
13
-6
-6
15
28
3
-29
-32
-5
18
-4
-37
-40
-28
-15
-14
-22
-45
-62
-41
-14
-23
-50
-70
-54
-34
-17
-34
-55
-59
-34
-5
-17
-25
-21
-4
10
2
18
18
13
3
23
51
38
35
24
43
44
48
43
40
36
36
52
50
42
27
34
45
39
23
8
6
24
38
26
-11
-26
-4
17
1
-36
-53
-34
-22
-20
-33
-52
-71
-60
-35
-25
-44
-68
-62
-37
-21
-28
-37
-41
-33
-13
-5
-10
-14
-16
0
3
2
10
13
15
17
25
46
45
45
27
31
47
55
64
47
39
35
50
61
43
25
18
35
40
25
6
4
17
22
15
-6
-23
1
19
6
-17
-33
-13
-6
-13
-27
-42
-53
-47
-21
-32
-60
-73
-59
-31
-40
-50
-43
-35
-24
-15
-22
-15
1
3
5
3
7
17
18
19
11
10
13
21
18
7
12
13
20
26
26
12
10
26
40
35
12
22
30
28
19
23
30
16
22
20
15
2
5
11
2
-23
-22
-7
-14
-21
-34
-38
-40
-36
-28
-29
-38
-42
-36
-26
-24
-35
-35
-27
-21
-23
-31
-18
-18
-18
-20
-14
-11
-7
0
9
3
-6
17
30
21
8
23
33
35
35
40
28
20
27
34
21
9
20
26
19
15
22
21
10
2
14
21
11
1
12
-1
-11
-7
-4
-14
-29
-32
-25
-23
-36
-35
-36
-41
-41
-32
-26
-30
-29
-10
0
-12
-18
-5
7
14
5
9
16
13
20
27
23
8
3
14
32
23
8
27
21
25
29
24
20
15
21
27
31
27
21
7
7
19
25
5
-12
-8
7
10
-3
-14
-17
-14
-10
-6
-7
-25
-28
-11
-3
-11
-25
-20
-12
-16
-10
-8
-18
-26
-22
-7
-15
-26
-26
-11
-2
-7
-8
-7
-6
-1
15
19
1
-10
12
29
27
17
18
16
15
22
21
18
5
9
17
18
16
-2
0
4
-5
1
2
-15
-20
-13
1
-3
-18
-13
-15
-21
-22
-6
-18
-31
-24
-13
-10
-27
-31
-27
-18
-20
-19
-13
-19
-23
-10
4
-2
-16
-8
14
18
10
3
5
13
24
32
17
2
12
29
37
23
14
10
22
26
21
23
19
10
22
26
21
12
10
10
7
7
7
12
-3
-15
-13
-5
-8
-21
-25
-25
-25
-16
-12
-19
-34
-30
-6
-3
-23
-20
-12
-4
-3
-2
-10
-18
-13
5
9
-15
-19
-9
8
3
-6
-8
3
14
24
25
13
18
27
35
33
20
28
27
26
30
31
28
18
18
20
19
13
20
15
4
-3
2
6
1
-15
-26
-16
-17
-11
-22
-31
-35
-31
-24
-23
-30
-43
-35
-16
-16
-29
-29
-18
-18
-10
0
-7
-18
-15
8
12
-11
-14
9
15
13
10
8
11
10
19
22
10
9
22
24
12
14
27
25
9
20
30
15
10
14
21
14
8
4
7
4
-8
2
-4
-8
-12
-17
-17
-14
-14
-15
-10
-13
-13
-10
-11
-12
-12
-8
-4
-5
-6
-8
-5
-8
-6
-5
-12
-15
-9
3
0
-9
-1
4
2
0
5
10
-4
-4
14
19
14
8
5
8
11
22
19
2
6
11
23
24
10
4
11
12
10
11
2
0
-4
3
-3
-14
-21
-12
-6
-15
-19
-18
-21
-22
-22
-22
-18
-20
-15
-16
-17
-14
-14
-11
-17
-16
-9
-7
-10
-5
4
5
2
2
0
4
7
12
17
18
16
15
23
26
27
17
13
28
26
20
17
15
16
24
29
20
11
8
16
11
-1
-3
-3
-10
-13
-9
-12
-24
-22
-8
-14
-25
-30
-25
-16
-21
-20
-19
-22
-23
-20
-13
-15
-16
-10
-12
-10
-5
-6
-6
-5
-3
0
-1
-2
4
-3
-5
4
11
8
3
0
0
13
14
3
0
7
13
19
15
12
18
12
16
24
3
-3
6
11
12
6
-1
2
3
3
3
-5
-12
-2
6
-3
-9
-9
-6
-7
-7
-3
-6
-11
-14
-6
0
-6
-7
-2
-4
-7
-1
2
-2
-2
-6
2
8
1
3
2
-1
11
18
22
13
10
22
28
27
22
22
21
21
16
15
5
1
4
8
7
-3
-1
-1
2
2
-2
-2
0
1
0
1
-8
-9
-5
-8
-9
-13
-20
-21
-22
-25
-17
-16
-22
-23
-13
-9
-17
-14
-7
-9
-6
0
6
2
-8
3
13
7
8
10
6
7
8
11
9
10
-1
5
10
0
2
-4
-3
-3
7
4
0
5
11
10
10
7
2
4
2
0
-3
-2
-3
-4
-7
-15
-10
-16
-13
-10
-11
-6
-9
-15
-11
-5
-3
-4
-7
-9
-7
1
-5
-5
-5
-15
-7
5
-1
-8
-6
0
4
2
-2
-6
2
7
8
11
5
5
9
6
9
13
10
14
14
15
16
12
7
12
9
-1
6
10
5
3
5
7
6
6
3
-2
1
3
2
-1
-4
1
-3
-7
-6
-10
-7
-6
-4
-9
-16
-12
-5
-2
0
-6
-8
-5
0
3
-6
-8
-8
0
4
-5
-8
0
1
9
8
8
8
14
23
19
20
17
15
18
14
12
10
6
9
5
1
0
-4
-6
-3
0
-10
-9
-2
-7
-5
-9
-12
-6
-8
-10
-10
-10
-10
-15
-15
-15
-16
-16
-18
-17
-24
-18
-12
-4
-11
-20
-9
-1
3
6
2
1
5
16
24
11
2
15
19
17
13
13
12
1
10
11
2
-3
-3
5
2
-1
1
-2
-4
2
0
1
-3
-1
0
-4
-5
-4
-2
-9
-10
-11
-9
-7
-12
-8
-6
-5
-7
-14
-9
1
-3
3
3
6
3
1
12
7
-4
2
3
4
3
-1
-3
-2
1
5
5
0
0
7
9
2
8
8
7
1
5
8
7
4
6
11
0
-2
2
1
-1
-2
-4
-6
-4
1
-5
-5
0
2
7
-6
-8
-1
-5
-4
-5
-11
-4
-5
-6
-9
-12
-12
-10
-7
-11
-14
-20
-13
-4
-11
-18
-10
-7
-3
-1
-5
-1
-4
2
6
4
6
5
12
11
11
18
17
14
17
20
19
14
18
22
16
13
13
17
10
8
7
6
13
6
-1
-2
-3
0
0
-6
-7
-5
-2
-6
-10
-12
-12
-8
-9
-10
-13
-19
-20
-15
-15
-13
-20
-20
-16
-14
-19
-15
-11
-12
-3
-3
-3
5
3
1
6
10
12
6
6
10
9
9
5
7
1
-1
7
3
1
3
0
0
1
3
4
2
1
3
2
-7
-4
-6
-2
0
-8
-7
-6
-10
-6
-9
-11
-7
-7
-5
-7
0
-6
-11
-4
1
-3
1
2
3
5
7
9
2
1
2
4
4
6
7
1
0
0
4
9
0
4
13
7
7
11
11
7
9
20
18
13
11
9
13
9
5
4
0
3
5
7
2
-1
6
5
0
2
5
8
1
3
6
-5
-3
-2
-5
-1
0
-6
-8
-9
-8
-8
-9
-9
-12
-9
-9
-10
-10
-13
-13
-6
-5
-7
-2
-7
-13
0
5
-1
-1
1
4
8
3
1
0
-6
-2
3
-2
-8
-1
0
1
-8
-6
-1
-7
-3
1
-2
-8
-7
0
-1
-12
-5
-2
-4
-2
-4
-5
-3
-7
-6
0
-7
-11
-4
-4
-7
-7
-8
-5
-7
-7
-3
-3
-2
-2
-3
-2
1
9
4
1
5
5
12
12
4
5
3
10
11
3
8
7
6
14
19
14
12
14
20
17
7
6
10
11
14
15
10
7
3
9
4
-6
-1
8
5
0
2
3
-3
-7
-5
-10
-10
-10
-13
-3
-7
-6
-1
-10
-6
1
-3
-6
1
-1
-4
0
1
3
4
-3
-6
2
0
0
-2
-4
3
7
6
8
7
6
6
11
5
1
1
1
6
2
-7
-5
-7
-9
-4
-9
-5
-8
-9
-3
-3
-7
-6
-4
-3
-8
-12
-9
-8
-3
-1
-2
-3
-2
4
1
-4
-3
-2
-6
-4
-8
-5
-4
-6
-3
-6
-6
-2
-2
-3
-3
2
12
7
3
4
4
8
6
8
9
4
0
2
6
9
5
6
3
4
12
0
2
13
13
8
10
9
8
6
7
1
-1
1
-4
-5
-5
-2
-5
-5
-7
-8
-11
-6
-4
-5
-3
-3
-8
-6
-4
-3
2
0
-1
-5
-1
3
1
3
6
4
3
4
-1
1
0
1
0
8
3
4
5
5
9
6
2
7
1
-2
5
-1
1
6
6
1
-2
3
1
4
7
3
4
4
0
5
3