6
-4
0
1
1
10
18
20
22
6
-11
-11
-8
-2
3
13
16
10
-14
-17
-16
-16
-3
5
19
16
6
-8
-14
-14
-10
0
22
31
21
22
9
-3
-13
-18
-5
6
11
7
7
-6
-23
-23
-20
-2
8
11
12
0
-10
-15
-16
-11
-5
2
9
11
0
-6
-13
-23
-21
-1
10
17
15
8
3
-2
-9
-7
3
13
18
17
15
4
1
-6
-3
4
9
14
6
4
3
-6
-8
6
16
13
13
15
12
3
-4
3
3
3
7
7
-2
-2
0
-17
-9
5
0
1
-2
-8
-12
-16
-17
-14
-9
-9
-5
-6
-4
-7
-2
-3
-6
-2
-1
4
-1
-3
-10
-8
-5
1
5
5
4
5
-5
-2
6
0
8
2
4
1
-3
-5
-6
2
9
12
8
10
2
-5
-5
-5
0
8
14
14
11
-3
-10
-10
-7
3
16
22
15
18
10
2
-12
-8
9
8
16
9
-1
-10
-19
-14
-10
1
9
12
7
2
0
2
-5
-2
13
25
25
18
15
-5
-9
-7
0
4
13
17
15
9
-3
-11
-19
-1
5
16
24
11
1
-5
-10
-11
1
10
15
8
8
-4
-15
-14
-11
-6
2
11
9
4
-1
-14
-9
-12
-5
6
8
16
11
-1
-11
-12
-19
-15
-7
-1
9
6
-1
-13
-15
-15
-14
-3
10
8
0
-2
-6
-16
-17
-10
1
9
16
4
-7
-14
-22
-18
-16
-11
-2
3
2
3
-2
-11
-13
-4
3
3
9
12
8
2
-5
-5
-7
-9
-4
3
17
12
-3
-11
-4
-7
0
14
11
18
14
1
-3
-8
2
1
5
14
8
2
-4
0
-5
-3
8
10
8
8
9
2
-4
-4
0
6
10
16
13
9
4
-2
-6
3
13
14
14
9
1
-5
-7
-3
1
6
17
17
10
-1
-1
-13
-12
-4
6
12
11
12
-2
-5
-15
-10
5
10
14
13
8
-1
-11
-15
-10
-11
0
4
7
-5
-12
-16
-22
-15
-6
3
3
10
1
-20
-27
-31
-23
-8
3
14
12
-1
-12
-14
-16
-12
3
15
17
14
6
-10
-18
-17
-7
6
16
22
19
5
-6
-8
-12
-4
2
4
8
-2
-9
-16
-22
-18
-16
-7
3
4
0
-9
-17
-18
-13
-10
4
4
6
12
1
-9
-10
-12
-5
8
15
17
7
-5
-9
-12
-2
10
8
13
1
-4
-5
-6
1
1
-1
-1
6
7
12
7
3
10
9
9
8
7
13
14
5
4
7
1
-1
0
-3
-1
-2
-6
7
0
-2
0
-4
2
-3
-3
-2
0
4
6
3
-7
-5
-11
-9
-7
-4
-2
-3
-14
-13
-10
-16
-11
-7
-8
-11
-3
-16
-15
-12
-13
-12
-9
6
4
2
-6
-14
-14
-8
-3
4
4
3
-1
-7
-1
-8
-8
-1
7
16
11
-1
-5
-8
-12
-13
-7
1
6
10
7
3
-3
-6
-5
0
8
15
20
10
0
-9
-14
-15
-8
6
12
14
4
-9
-9
-6
-10
4
12
18
23
14
6
9
-2
-7
0
8
15
19
18
10
-1
-4
-8
-10
3
15
18
12
3
-8
-7
-12
-4
16
21
24
16
7
-6
-11
-14
-2
8
20
24
10
0
-11
-22
-18
-6
5
6
4
3
-19
-21
-26
-24
-11
-4
14
9
-1
-18
-27
-24
-18
9
19
13
11
-2
-20
-38
-36
-23
-2
15
20
9
3
-7
-19
-11
-4
15
27
28
18
-3
-22
-31
-26
-12
14
31
30
19
4
-12
-19
-8
-2
11
31
31
19
-7
-26
-29
-20
0
15
27
20
1
-8
-28
-21
-14
-4
18
16
13
-8
-19
-28
-26
-4
13
28
25
18
4
-6
-10
-5
9
21
30
28
4
-11
-23
-28
-11
1
11
23
20
8
-10
-24
-18
-7
4
20
23
8
-4
-22
-24
-20
-9
7
13
17
10
-2
-18
-20
-7
6
14
20
20
8
-14
-16
-11
-6
12
19
14
12
0
-12
-15
-8
4
13
21
21
11
-4
-16
-12
-2
5
14
25
19
6
-8
-18
-13
-3
10
19
21
10
0
-8
-11
-10
3
16
13
16
10
-3
-13
-25
-18
-2
10
18
7
1
-11
-17
-17
-10
8
7
11
9
8
-10
-10
-12
-4
13
10
8
2
-2
-15
-12
-16
-7
5
6
7
-8
-13
-16
-18
-10
-3
2
11
19
6
-3
-9
-20
-14
1
13
16
5
-4
-5
-11
-11
-8
3
13
6
9
1
-4
-11
-9
-5
3
11
9
4
-2
-2
5
10
4
6
0
6
4
7
12
4
7
8
7
2
-2
3
2
7
4
5
6
3
4
4
5
2
9
11
8
7
3
0
-2
4
4
9
10
9
2
11
13
-2
-7
-2
6
3
10
3
4
3
-4
-2
7
4
3
3
-1
0
-5
-5
-6
0
0
-2
1
-3
-3
-7
-4
-3
-1
4
-3
-6
-11
-8
-3
-8
-7
-5
-3
-6
-3
-9
-9
-7
-2
-6
-8
-2
-3
-5
-11
-7
-6
-10
-1
-1
-10
-11
-8
-3
-2
-5
-6
1
0
6
12
8
4
0
2
1
3
2
-5
-5
5
3
6
7
6
6
1
4
7
5
4
-4
0
4
-3
1
6
4
7
7
8
14
9
2
8
5
13
18
6
7
1
-5
-7
1
4
6
9
9
6
-3
-8
-9
-5
4
12
10
4
1
-2
-10
-11
0
-1
3
10
10
6
-9
-7
-11
-11
-5
-1
2
2
-2
-7
-6
-11
-12
5
3
9
6
-7
-5
-4
1
-2
0
-1
4
4
-5
-6
-8
-2
3
-5
-3
-4
-5
-4
-2
0
-4
3
0
-5
4
2
3
7
9
13
10
6
2
-7
-8
-4
-9
0
-1
-3
0
-8
-15
-17
-8
0
-4
-5
-5
-13
-13
-16
-13
-9
-5
1
0
-2
-3
-8
-12
-11
-3
-3
4
5
8
5
-11
-9
-9
-3
2
2
6
0
-11
-13
-7
-5
3
7
13
14
-1
-13
-12
-15
-7
3
11
13
8
3
-11
-6
1
2
4
14
17
10
-1
-8
-15
-20
-5
5
13
14
8
-1
-16
-15
-12
3
15
19
26
14
0
-9
-12
-2
10
12
11
6
5
-2
-10
-1
2
9
18
20
17
1
-14
-12
-10
5
9
22
20
5
-6
-18
-17
-8
3
12
17
13
-7
-18
-25
-26
-10
2
7
7
-2
-14
-19
-22
-25
-14
-1
1
5
-2
-5
-11
-20
-14
-6
-2
-1
2
-2
-8
-16
-23
-11
-10
-3
5
3
3
-7
-9
-15
-12
-3
4
5
-2
-7
-10
-2
-4
-4
-4
5
6
3
0
0
2
7
2
1
8
6
5
-3
-8
-4
0
6
8
4
3
-2
-1
-3
0
3
2
12
7
5
4
1
1
5
11
12
14
12
6
-3
-1
2
3
15
13
4
5
-4
-9
-9
-4
3
5
0
-3
1
-7
-12
-11
3
10
6
4
1
0
-14
-5
-1
4
8
3
4
0
-12
-14
-6
2
7
7
3
-4
-7
-14
-17
-12
-5
2
8
0
-8
-5
-21
-15
-3
3
12
13
8
-4
-10
-6
-6
2
15
11
22
12
-2
-8
-7
-8
-2
8
13
13
3
-4
-12
-11
-4
1
8
16
11
5
-4
-9
-6
-3
4
13
12
10
10
-1
-13
-8
-7
1
11
15
12
3
-3
-10
-11
-4
-2
9
13
1
-4
-13
-8
-4
-3
4
10
6
3
-6
-11
-8
-6
-6
6
15
11
1
-7
-5
-12
-5
-1
1
3
4
-2
-8
-9
-5
-5
-4
5
-4
6
-1
-7
-7
-16
-7
-9
5
12
12
5
-4
-8
-11
-8
-2
3
11
8
4
0
3
1
-3
12
17
23
22
16
10
1
0
-2
8
13
17
13
-3
-7
-7
-10
-6
2
9
17
14
7
-6
-7
-13
-7
0
3
9
10
4
-5
-10
-10
-2
3
9
9
-2
-6
-2
-3
-3
1
5
2
3
7
0
6
-2
-3
3
-1
2
3
-1
-5
-8
-10
-7
-3
-2
-5
-3
1
-3
-2
-8
-5
-8
-10
-10
-1
1
5
3
3
12
6
7
9
0
3
4
-5
1
5
2
2
-4
-8
-1
-5
-1
-2
-1
0
-8
-4
-4
-2
3
11
7
3
6
-1
4
4
5
13
16
7
-5
-2
-9
-2
-3
0
6
1
-1
-2
2
1
9
7
13
14
19
13
8
3
-2
4
8
10
9
12
5
-5
-4
-6
-5
-1
5
8
5
11
7
-3
-2
-6
-8
-7
-5
4
2
-3
-3
-10
-5
0
2
7
14
12
13
1
0
2
-5
-3
-2
0
-14
-12
-8
-4
-3
-5
-1
2
2
-3
-5
-7
-9
-6
4
5
4
5
-1
-8
-4
-2
-6
-5
-5
-4
-1
1
0
-4
-6
4
10
9
18
11
9
1
-8
-4
2
8
8
6
2
2
-4
-3
-3
1
8
3
4
11
-4
-4
-2
-4
-2
5
6
7
10
0
5
7
11
7
10
10
8
12
4
-1
-1
-2
2
5
1
0
-2
-4
-9
-7
-3
-1
2
-2
0
-5
-18
-12
-6
-1
2
2
3
0
-8
-13
-13
-9
-3
2
3
1
-8
-7
-12
-7
-1
-1
12
9
11
-1
-8
-8
-9
1
6
7
5
-2
-8
-15
-16
-11
-7
1
6
11
12
-1
-8
-11
-11
5
9
9
8
10
0
-6
-10
-10
6
8
10
12
7
-9
-10
-13
-6
2
7
13
8
0
-11
-14
-5
-4
2
11
11
6
-3
-6
-4
-14
-6
-2
-4
5
-6
-6
-14
-15
-17
-5
5
1
14
4
-9
-5
-4
-1
2
7
14
15
14
0
-11
-6
5
11
9
22
13
4
2
-10
1
5
8
14
10
8
2
-13
-20
-14
-6
-3
-8
-3
-9
-18
-23
-17
-17
-8
12
8
7
2
-7
-10
-16
-5
-3
6
18
12
10
-2
-6
-4
-10
-1
10
16
15
6
6
-3
-6
-2
-2
5
16
22
11
11
7
-3
0
6
13
10
18
6
-9
-4
-4
-2
-6
-5
0
-9
-4
-14
-23
-20
-25
-26
-21
-26
-23
-19
-30
-40
-40
-33
-23
-15
-6
-9
-11
-15
-18
-10
-18
-10
0
1
3
1
3
3
-2
1
12
18
14
15
16
14
11
12
23
30
22
30
28
23
22
20
23
21
24
23
26
24
13
10
1
-3
2
5
14
5
-9
-16
-25
-29
-35
-30
-28
-27
-26
-26
-27
-40
-42
-37
-34
-31
-26
-16
-22
-29
-30
-37
-26
-17
-8
3
14
18
23
17
13
26
22
32
38
47
51
55
48
48
50
50
59
60
69
75
70
67
66
57
53
45
49
47
38
31
18
8
-2
-19
-23
-23
-35
-37
-56
-66
-76
-94
-108
-112
-112
-110
-112
-121
-132
-145
-144
-135
-128
-120
-109
-103
-93
-88
-84
-75
-65
-42
-23
-2
19
34
49
63
72
88
118
142
165
172
171
175
186
187
191
204
205
210
202
189
179
165
157
138
129
118
104
86
47
12
-26
-58
-73
-85
-103
-126
-157
-187
-219
-243
-261
-268
-269
-268
-274
-283
-287
-291
-283
-275
-245
-225
-208
-183
-156
-136
-121
-99
-62
-13
20
66
99
129
153
173
202
231
261
293
323
340
348
351
349
351
358
356
359
355
342
320
282
247
215
186
158
138
99
56
8
-43
-89
-141
-179
-214
-247
-281
-311
-351
-387
-421
-451
-461
-465
-459
-458
-453
-451
-432
-421
-401
-367
-329
-277
-237
-180
-135
-99
-50
10
63
123
187
238
289
331
375
412
446
480
512
532
551
565
557
547
536
525
513
490
461
423
371
318
265
218
172
122
75
15
-49
-110
-176
-237
-290
-338
-383
-420
-465
-510
-547
-580
-603
-621
-622
-615
-614
-604
-598
-579
-559
-527
-486
-438
-389
-338
-289
-239
-173
-111
-48
15
87
156
222
286
350
411
455
495
543
588
624
657
671
679
693
687
684
669
655
629
594
553
499
448
386
324
264
206
141
74
2
-68
-139
-202
-258
-316
-377
-425
-476
-537
-573
-607
-638
-652
-667
-671
-677
-672
-664
-642
-608
-574
-528
-476
-425
-370
-305
-247
-187
-128
-64
5
70
141
200
249
293
334
376
420
451
484
504
519
531
531
533
533
525
518
504
480
459
415
388
347
314
281
239
198
139
93
43
-1
-48
-90
-127
-161
-197
-238
-270
-305
-327
-354
-377
-387
-399
-411
-416
-425
-431
-424
-419
-408
-389
-371
-343
-316
-289
-255
-218
-184
-138
-90
-45
3
47
87
133
182
219
257
292
323
357
382
387
401
408
420
419
411
402
378
353
328
297
258
229
183
140
101
54
4
-41
-81
-129
-170
-202
-226
-245
-277
-296
-307
-331
-339
-336
-337
-336
-320
-312
-307
-301
-279
-255
-223
-181
-146
-114
-86
-57
-29
-4
22
52
80
114
143
166
193
210
221
236
254
277
298
316
329
335
335
321
310
311
304
297
284
267
244
207
173
146
120
88
56
22
-16
-60
-99
-139
-185
-226
-253
-281
-318
-352
-379
-405
-429
-450
-460
-465
-465
-453
-449
-439
-421
-397
-362
-327
-292
-246
-201
-164
-124
-80
-37
4
51
106
160
209
252
299
326
360
387
407
443
464
483
485
485
493
484
471
465
452
438
419
399
375
338
299
260
237
202
166
132
88
45
5
-40
-86
-126
-168
-210
-239
-277
-316
-352
-396
-433
-459
-479
-488
-495
-503
-512
-526
-525
-521
-511
-491
-468
-438
-415
-388
-354
-322
-288
-238
-193
-144
-91
-44
-1
38
85
118
153
196
235
273
303
332
355
376
396
406
430
450
460
468
467
459
438
428
412
402
393
389
371
345
319
285
258
227
205
177
151
127
91
56
21
-19
-55
-80
-99
-129
-153
-191
-222
-257
-279
-295
-317
-333
-345
-360
-379
-394
-408
-415
-423
-414
-401
-394
-383
-369
-372
-365
-346
-332
-305
-279
-240
-219
-193
-167
-139
-112
-82
-39
-4
34
62
87
113
134
164
193
226
256
282
307
331
343
353
369
380
398
408
423
421
426
422
409
401
382
375
361
340
322
290
254
227
188
152
115
80
47
11
-22
-66
-108
-140
-172
-201
-233
-260
-279
-312
-332
-346
-355
-369
-367
-372
-371
-366
-365
-356
-347
-339
-326
-300
-291
-265
-246
-227
-196
-181
-158
-131
-105
-79
-53
-23
-7
12
31
47
67
87
105
122
135
149
161
175
184
199
210
218
224
236
246
249
251
246
245
239
241
238
226
221
214
209
193
173
151
130
121
105
83
74
51
32
17
-5
-20
-33
-47
-58
-66
-80
-92
-105
-109
-107
-109
-110
-112
-110
-111
-118
-123
-118
-113
-114
-112
-115
-113
-113
-125
-132
-142
-146
-148
-156
-152
-157
-161
-163
-173
-178
-186
-181
-176
-166
-158
-156
-143
-133
-116
-101
-88
-64
-47
-21
5
18
48
61
85
105
121
160
185
200
219
230
239
253
268
288
298
301
302
292
285
282
268
268
262
244
242
228
212
197
175
167
151
137
116
95
77
48
27
7
-21
-47
-67
-90
-111
-132
-161
-191
-222
-244
-261
-275
-279
-297
-317
-326
-341
-352
-356
-358
-360
-348
-341
-337
-326
-327
-314
-296
-267
-237
-211
-177
-151
-119
-88
-61
-30
4
44
83
124
157
177
192
214
234
264
294
314
341
350
355
360
360
367
366
378
383
380
370
358
331
296
280
262
245
229
201
183
152
111
77
43
18
-4
-23
-49
-79
-109
-136
-167
-197
-217
-235
-239
-248
-268
-290
-300
-311
-324
-333
-332
-319
-308
-309
-312
-292
-275
-278
-277
-248
-215
-196
-180
-163
-139
-133
-112
-86
-70
-40
-5
34
49
53
71
101
114
125
150
187
203
197
206
204
211
219
225
235
238
237
243
229
208
207
212
207
192
191
182
164
138
117
97
77
72
64
49
25
7
1
-17
-35
-41
-41
-50
-62
-62
-66
-84
-91
-88
-89
-93
-94
-68
-52
-58
-51
-49
-59
-65
-62
-52
-38
-40
-34
-26
-45
-58
-55
-51
-66
-77
-72
-65
-82
-100
-107
-126
-139
-123
-117
-150
-171
-129
-101
-171
-215
-156
-81
-145
-271
-156
5
-53
-235
-159
82
85
-109
-99
129
218
73
-11
137
275
197
98
197
333
282
184
234
330
307
236
253
320
316
252
232
249
226
190
175
189
175
146
113
106
98
68
36
19
25
15
-12
-28
-45
-58
-99
-94
-77
-100
-135
-148
-147
-178
-212
-227
-221
-249
-280
-286
-280
-304
-347
-354
-334
-351
-395
-352
-307
-336
-370
-309
-231
-293
-317
-227
-87
-142
-194
-93
56
37
-53
40
222
242
153
219
382
375
304
336
458
464
411
443
498
491
413
410
452
415
351
353
380
326
247
222
210
161
90
71
66
42
-8
-47
-73
-99
-119
-166
-178
-172
-181
-211
-231
-223
-227
-262
-276
-252
-258
-272
-283
-263
-271
-308
-306
-289
-297
-328
-276
-236
-277
-325
-261
-186
-277
-311
-193
-73
-173
-256
-94
50
-66
-229
-23
199
104
-65
64
377
226
53
193
400
377
157
351
448
439
256
369
471
412
312
365
471
386
241
266
388
291
123
129
286
224
0
-1
105
71
-143
-168
-41
-61
-205
-263
-188
-167
-294
-352
-273
-235
-290
-327
-285
-225
-304
-315
-282
-220
-210
-247
-209
-145
-163
-216
-204
-100
-68
-149
-126
-52
41
-54
-169
-5
104
31
-143
0
250
96
-112
-38
240
262
-70
-103
295
413
91
-202
261
515
110
-159
212
599
182
-70
199
462
284
-4
148
296
304
91
74
155
223
47
-60
59
100
-10
-135
-56
-12
-126
-191
-180
-112
-178
-244
-210
-142
-216
-308
-227
-147
-175
-269
-184
-95
-126
-187
-167
-56
-60
-125
-121
32
11
-76
-85
27
89
-98
-24
-40
90
133
-125
-34
24
214
-96
-209
231
50
116
-270
113
91
176
-89
-183
208
319
66
-310
298
339
167
-265
192
440
130
16
-14
479
266
-74
31
324
375
-87
42
360
138
-104
22
210
42
-189
35
108
-102
-191
-97
48
-191
-254
-100
-30
-219
-314
-129
-62
-235
-260
-139
-109
-146
-203
-102
-73
-85
-150
-112
-72
-54
-69
-69
-57
-35
-11
-71
-135
18
90
-60
-143
83
186
-115
-146
110
313
-85
-256
166
406
-35
-279
156
534
-64
-293
235
559
-15
-165
301
320
205
-212
433
111
329
-24
186
245
114
83
66
282
57
14
69
79
-38
5
-7
4
-173
-95
-101
-157
-84
-217
-193
-238
-139
-188
-308
-229
-159
-167
-298
-225
-139
-193
-261
-144
-93
-95
-194
-179
26
-22
-112
-131
78
58
-75
-76
162
111
-78
-22
199
134
73
27
66
286
143
134
-45
308
269
4
159
306
253
-131
414
143
149
222
136
226
66
365
-47
82
429
-71
-12
133
500
-280
-287
350
257
-212
-411
59
331
-394
-448
-9
144
-303
-678
-52
81
-388
-519
-188
39
-297
-534
-127
-110
-121
-323
-122
29
-169
-206
-20
45
-48
-65
7
94
-11
93
69
40
81
124
33
65
59
223
-31
170
-76
282
17
-197
273
261
158
-398
451
202
102
-271
467
331
-160
168
339
282
-120
194
477
81
-148
480
118
200
-181
583
50
-295
287
-164
404
-380
48
-40
-23
-418
-196
181
-261
-618
-211
354
-515
-633
-76
142
-473
-476
-74
52
-274
-426
-61
206
-168
-414
-2
183
-1
-261
206
173
-169
-117
194
117
-68
-104
210
10
-44
-37
34
-14
-109
33
27
-90
-72
81
-39
114
-325
344
3
9
-52
225
579
-431
435
172
480
-155
385
714
-68
126
538
611
-181
343
470
452
-264
191
612
100
-82
-205
353
67
-252
-323
57
52
-420
-380
-91
-97
-520
-446
-121
-132
-482
-449
-177
-149
-345
-251
-139
-151
-362
-160
55
-81
-163
-149
5
16
-95
-22
22
-75
55
-101
63
-106
-1
-67
-73
52
13
-80
-157
-78
263
74
-311
157
130
130
-165
298
532
-55
-68
490
562
19
320
306
555
377
271
325
358
576
231
202
314
488
-74
331
-51
321
91
-155
-216
-140
262
-307
-464
-302
32
-332
-661
-303
11
-446
-629
-328
117
-544
-585
-37
-84
-297
-505
80
-86
-286
-119
48
98
-323
-249
148
165
-236
-256
63
12
-116
-251
35
8
-234
-153
79
-83
-11
-246
71
208
-73
149
-39
339
-10
470
432
61
228
610
589
207
388
745
560
17
559
949
413
-157
294
833
381
-289
136
416
-3
-423
123
-60
-183
-627
-250
7
-382
-603
-540
-85
-479
-326
-375
-222
-611
-288
46
-223
-181
-397
-64
-31
39
-63
-45
-122
-80
106
-11
-41
-196
-90
-79
-83
-50
-233
-277
-238
-166
-43
-157
-370
-407
58
0
-182
-150
225
-191
-32
280
557
252
-247
491
622
726
55
477
742
495
212
878
787
127
-17
627
1026
-129
-139
100
603
-243
-284
80
-83
-412
-638
233
-235
-623
-683
-119
-190
-347
-383
-423
-113
-292
-111
-48
130
-194
-166
115
265
203
-117
58
237
153
-1
-38
73
111
-173
-155
-83
-185
-360
-355
-221
-134
-404
-604
-569
-135
-183
-467
-239
-111
-214
-469
225
332
106
-145
276
565
393
409
367
626
668
666
309
546
459
582
494
458
144
65
166
23
260
-98
-186
-430
-174
-270
-382
-352
-318
-269
-524
-290
-263
-231
-227
-94
60
3
-78
21
238
285
310
272
300
166
240
380
372
199
72
103
49
-139
-121
31
-209
-520
-380
-348
-456
-639
-517
-379
-652
-622
-320
-411
-464
-422
-49
42
-233
57
95
375
209
424
514
556
507
370
593
554
715
325
290
236
361
121
58
-72
-103
-90
-475
-101
-407
-477
-574
-186
-334
-468
-351
-363
-120
-207
161
-24
160
28
361
482
370
574
462
680
431
639
530
523
407
521
273
71
193
-39
-56
-258
-210
-332
-472
-690
-568
-530
-559
-738
-475
-574
-688
-531
-296
-109
-178
-191
-165
220
253
180
398
670
256
217
366
771
388
80
353
264
-10
-179
-27
-134
-137
-544
-428
-456
-530
-595
-621
-331
-479
-615
-422
-149
-320
-208
167
304
217
-28
423
709
781
671
644
754
740
744
716
937
619
445
294
517
380
16
-64
-1
-93
-421
-402
-537
-482
-555
-593
-503
-466
-723
-720
-268
-107
-201
-206
-54
-147
117
353
532
501
120
130
363
872
470
-155
43
214
2
-222
-198
-351
-604
-750
-544
-491
-864
-1101
-964
-364
-582
-944
-731
-331
-417
-226
133
131
88
-3
709
885
879
824
682
972
1148
1133
1107
1005
671
791
842
764
501
188
175
101
-82
-117
-366
-526
-602
-606
-417
-628
-788
-777
-578
-424
-214
-227
-302
-270
67
377
340
705
431
73
120
1037
948
110
-114
47
361
-142
-227
-413
-577
-840
-840
-634
-817
-1231
-1525
-793
-576
-1082
-1185
-768
-579
-576
-91
104
-73
-203
486
937
878
913
744
1041
1341
1391
1115
1329
1194
835
989
1184
847
221
357
356
108
-77
-167
-654
-610
-527
-656
-712
-780
-921
-931
-503
-325
-453
-465
-196
-146
152
489
693
107
58
534
927
724
93
244
188
62
-137
-11
-319
-561
-811
-743
-539
-994
-1220
-1129
-644
-903
-1060
-946
-703
-671
-343
57
-121
-17
84
516
838
1062
960
792
1122
1377
1317
1284
1314
1079
1066
1124
889
685
492
368
227
91
-154
-448
-555
-617
-697
-727
-654
-970
-1038
-797
-468
-426
-441
-428
-372
-48
153
674
263
-54
25
680
805
97
60
66
94
-227
-159
-309
-401
-808
-795
-507
-803
-1069
-1193
-540
-707
-877
-850
-602
-518
-426
151
187
207
66
501
817
1136
1125
1007
1175
1207
1388
1358
1361
1090
1150
1125
992
629
300
386
257
169
-93
-441
-849
-788
-581
-544
-673
-986
-988
-945
-553
-295
-276
-379
-302
-202
287
450
-68
-75
298
767
-90
-305
-145
-9
-326
-351
-475
-798
-910
-1218
-697
-669
-942
-1630
-1130
-666
-797
-730
-580
-457
-674
111
436
423
335
669
937
1129
1437
1335
1513
1470
1610
1659
1638
1399
1334
1505
1412
1015
541
419
368
406
245
-91
-715
-1075
-824
-438
-535
-822
-1104
-1194
-972
-481
-60
-337
-450
-517
206
287
-136
-335
186
834
-135
-721
-571
10
-483
-540
-596
-860
-1278
-1547
-897
-816
-964
-1678
-1295
-1016
-957
-995
-558
-208
-673
-231
276
665
513
728
1040
1354
1535
1534
1646
1785
1878
1791
1917
1828
1555
1504
1580
1349
936
648
451
337
362
59
-471
-880
-861
-695
-619
-666
-980
-1048
-1083
-712
-484
-155
-282
-346
-42
-302
-531
-206
721
221
-773
-971
-512
-476
-755
-698
-897
-1222
-1761
-1561
-1111
-961
-1539
-1580
-1009
-1237
-1395
-928
-199
-503
-395
234
406
241
636
1345
1504
1610
1457
1732
1963
2133
2078
2197
2159
1797
1742
1981
1738
1036
1016
935
668
391
251
-228
-598
-660
-537
-533
-663
-915
-1128
-835
-633
-498
-480
-296
-293
23
-379
-644
-278
496
270
-928
-941
-715
-616
-1043
-842
-1038
-1418
-1886
-1785
-1189
-1331
-1742
-1981
-1185
-1313
-1445
-1164
-663
-815
-612
285
346
151
264
1046
1253
1634
1688
1699
1774
1860
2061
2329
2444
1914
1919
1957
1795
1302
1359
1367
802
642
630
187
-308
-307
-231
-176
-260
-538
-825
-853
-437
-166
-95
-167
-191
-184
-585
-665
78
812
-387
-1533
-1156
-479
-793
-1288
-1028
-1300
-1908
-2233
-1515
-1168
-1683
-2240
-1915
-1204
-1598
-1575
-968
-718
-1172
-534
339
237
-6
368
1117
1202
1450
1534
1752
1766
1800
2032
2304
2152
1689
2012
2064
1627
1215
1385
1315
870
810
662
269
-207
-130
-13
-19
-136
-341
-460
-631
-271
25
281
27
159
-128
-799
-384
613
725
-959
-1465
-971
-558
-1106
-1212
-1174
-1578
-2193
-2283
-1308
-1425
-2086
-2423
-1479
-1541
-1929
-1339
-743
-1060
-1276
-81
336
97
-53
740
1141
1302
1419
1682
1915
1584
1826
2208
2377
1705
1768
2078
1856
1218
1066
1319
1039
894
544
298
-202
-361
-52
213
30
-479
-505
-542
-95
198
520
229
309
105
-690
-152
833
1006
-805
-1285
-987
-653
-797
-891
-1111
-1677
-2099
-2430
-1410
-1130
-1744
-2554
-1889
-1609
-1960
-1290
-644
-1129
-1575
-418
117
181
315
625
793
1032
1544
1762
2064
1894
1612
1827
2318
2105
1853
2002
1650
1112
959
1133
938
854
489
-51
-551
-453
-242
-122
10
-410
-741
-861
-260
259
633
525
571
-134
-992
-68
1398
1483
-747
-1388
-1085
-687
-679
-348
-540
-1702
-2526
-2413
-928
-792
-1466
-2196
-1727
-1931
-2100
-779
-154
-1049
-1633
-419
-12
56
477
1007
835
763
1315
1706
2106
1880
1707
1914
2043
1612
1675
2056
1624
1023
890
705
314
620
722
54
-800
-767
-677
-274
26
-196
-696
-993
-646
18
786
778
803
-529
-1139
-122
1680
1394
-750
-1202
-1184
-975
-839
58
-461
-1728
-2867
-2296
-848
-831
-1499
-1976
-1373
-2218
-1935
-494
-16
-1192
-1184
-6
-39
40
715
1374
943
1105
1460
1882
2080
1985
2072
2280
2100
1567
1715
1918
1640
1292
1135
538
151
406
710
-38
-754
-784
-737
-498
-397
-224
-731
-1014
-707
96
369
672
575
-994
-1100
152
1574
205
-985
-1127
-1325
-1368
-739
-34
-900
-1975
-2900
-1788
-939
-1086
-1719
-1322
-1425
-2526
-1548
4
-267
-1484
-427
200
-156
39
1151
1369
1102
1469
1693
2080
2055
2222
2256
2604
2110
1811
1929
1861
1506
1538
1467
551
225
476
614
-291
-545
-638
-570
-600
-394
-448
-899
-877
-453
324
391
631
-582
-1386
-722
801
769
-931
-1258
-1551
-1645
-1691
-571
-392
-1377
-2832
-2891
-1460
-1076
-1404
-1642
-1081
-2012
-2259
-1014
83
-536
-789
-19
148
23
301
1243
1662
1813
1577
1947
2181
2264
2254
2743
2929
2364
1993
1739
1717
1728
1800
1366
915
353
261
68
50
-184
-368
-396
-483
-472
-797
-671
-563
134
235
473
-546
-1549
-1251
76
693
-921
-1643
-2088
-1822
-2021
-1376
-854
-1181
-2489
-3344
-2214
-1270
-1142
-1824
-1401
-1571
-1758
-1483
-552
-72
-317
-126
106
615
456
641
1226
2184
2171
1839
1858
2171
2406
2363
2727
2776
2506
1677
1458
1659
1856
1507
1239
948
562
70
-65
161
234
126
-219
-175
-411
-504
-343
329
628
779
-167
-1387
-1425
-307
634
-622
-1633
-2297
-2291
-2346
-2005
-1239
-1220
-2353
-3558
-2921
-1861
-1390
-1789
-1635
-1650
-1891
-1677
-1101
-390
-201
-139
-126
243
488
635
921
1567
2005
2087
1953
1753
2061
2391
2487
2417
2471
2164
1523
1378
1639
1742
1519
1213
899
579
346
246
398
696
592
312
184
-61
-48
400
1009
1319
661
-695
-1477
-874
472
40
-1253
-2066
-2384
-2557
-2638
-1903
-1341
-1748
-3100
-3569
-2807
-1833
-1700
-1839
-1642
-1703
-1665
-1536
-1093
-526
66
219
62
95
303
636
1066
1664
1949
1961
1648
1484
1702
2147
2293
2207
2023
1600
1293
1198
1366
1422
1490
1237
846
386
287
532
850
1040
752
687
333
131
363
989
1462
1026
23
-1012
-919
-228
-78
-881
-1461
-1900
-2373
-2540
-2332
-1678
-1558
-2072
-2824
-2724
-2051
-1671
-1645
-1438
-1270
-1226
-1019
-932
-790
-438
195
379
353
312
379
584
982
1350
1580
1702
1528
1238
1208
1573
1811
1806
1557
1160
874
908
1009
1016
936
911
621
238
225
475
707
631
456
345
301
169
170
357
510
277
-409
-813
-774
-560
-674
-936
-1207
-1536
-1735
-1599
-1257
-1076
-1231
-1505
-1539
-1186
-891
-871
-771
-735
-670
-585
-310
-191
-366
-262
-13
173
190
201
222
303
436
649
862
934
920
752
802
908
1077
1154
1047
829
674
740
849
808
778
760
580
388
340
560
633
517
246
167
168
179
140
62
-4
-341
-671
-790
-630
-572
-718
-943
-1086
-1233
-1122
-780
-524
-534
-792
-923
-798
-465
-228
-153
-304
-429
-509
-390
-158
-124
-148
-284
-291
-182
-48
42
47
114
254
350
504
631
537
472
589
789
877
794
788
704
558
613
774
918
808
494
309
307
490
633
649
414
-12
-197
22
193
138
-12
-347
-756
-909
-669
-434
-462
-710
-997
-1127
-955
-649
-431
-351
-494
-664
-582
-372
-247
-34
-48
-182
-318
-252
-111
-109
-20
-87
-179
-185
-111
-68
53
42
51
90
164
306
354
397
253
306
505
589
534
547
500
393
463
597
785
753
584
282
264
546
731
791
615
174
-121
23
331
453
246
-203
-594
-638
-460
-323
-270
-465
-882
-1024
-735
-517
-475
-519
-631
-646
-516
-416
-386
-389
-439
-420
-344
-223
-291
-283
-290
-301
-185
-36
-68
-87
3
-11
51
164
288
279
299
317
370
422
471
487
542
594
484
516
511
630
766
911
726
390
369
566
859
867
626
113
-104
-24
302
452
149
-335
-652
-565
-464
-327
-306
-526
-807
-841
-718
-556
-440
-487
-564
-586
-423
-312
-263
-339
-471
-390
-205
-184
-275
-398
-476
-414
-271
-187
-285
-270
-387
-422
-186
80
83
-85
-63
26
271
441
468
409
473
497
609
734
811
834
888
903
652
648
758
878
826
796
476
162
155
331
430
259
-6
-322
-372
-283
-170
-208
-458
-696
-628
-411
-452
-664
-711
-525
-365
-318
-267
-183
-139
-303
-403
-177
74
134
-118
-486
-662
-504
-170
-125
-255
-553
-925
-899
-429
39
-46
-350
-466
-266
204
364
376
386
565
603
567
562
725
1051
1129
931
564
664
764
897
939
788
437
119
228
412
456
146
-139
-267
-247
-243
-158
-235
-548
-655
-472
-240
-362
-493
-606
-582
-378
-110
-33
-135
-300
-494
-336
-52
144
-22
-309
-469
-454
-207
-128
-220
-371
-477
-608
-564
-357
-249
-201
-243
-149
-28
0
42
117
343
377
310
299
370
489
570
710
777
778
595
436
604
862
868
488
325
535
773
707
353
95
88
211
262
-125
-603
-744
-545
-361
-538
-860
-984
-901
-860
-838
-778
-592
-630
-778
-744
-634
-307
-40
-63
-304
-412
-112
267
386
200
-21
-9
296
539
456
205
40
171
379
399
178
6
75
279
288
123
101
240
372
273
213
298
512
627
547
496
527
649
747
846
779
647
682
814
780
456
234
90
-3
-309
-693
-925
-959
-987
-1190
-1344
-1486
-1464
-1350
-1254
-1309
-1427
-1332
-1116
-858
-632
-531
-433
-246
-70
98
294
539
664
627
594
777
1090
1255
1111
846
758
731
801
706
519
311
263
333
329
268
153
127
178
257
209
226
259
366
494
528
578
712
871
650
462
750
1137
948
237
-262
-146
38
-313
-1068
-1516
-1390
-1346
-1598
-1894
-1900
-1707
-1618
-1782
-2021
-1910
-1508
-1228
-1210
-1124
-812
-394
-107
47
274
648
983
1075
1064
1201
1507
1740
1706
1470
1356
1384
1290
981
734
615
474
273
57
32
148
220
71
-105
27
306
459
381
312
429
823
1096
1164
1125
1090
1223
1267
1114
528
-10
-161
-394
-988
-1578
-1755
-1691
-1801
-2233
-2596
-2570
-2301
-2242
-2393
-2416
-2244
-1975
-1672
-1337
-885
-385
-114
-36
149
628
1102
1406
1493
1511
1649
1904
2074
2064
1942
1675
1303
889
609
514
516
339
35
-102
19
262
378
282
133
201
443
629
732
981
1286
1565
1727
1859
1892
1557
977
484
304
-29
-727
-1432
-1786
-1947
-2094
-2319
-2581
-2780
-2977
-3108
-3126
-2899
-2636
-2411
-2191
-1842
-1323
-757
-362
-147
131
500
867
1088
1353
1604
1887
2112
2106
2003
1902
1832
1501
1035
691
522
287
25
-109
-25
34
-133
-211
-85
206
328
312
391
899
1588
2077
2141
2191
2519
2698
2399
1725
1320
967
305
-658
-1213
-1231
-1367
-1976
-2730
-2987
-2922
-2866
-3139
-3424
-3417
-3153
-2781
-2392
-1854
-1330
-936
-742
-444
73
653
960
984
1093
1449
1837
1978
1895
1754
1738
1480
955
401
165
106
-165
-430
-487
-363
-368
-443
-429
-120
109
179
296
717
1291
1770
2287
2817
3303
3377
3022
2389
2116
1853
1121
30
-669
-901
-1254
-1764
-2228
-2340
-2462
-2777
-3337
-3517
-3385
-3157
-2985
-2636
-1983
-1426
-960
-629
-123
446
799
770
793
1099
1476
1681
1706
1774
1765
1592
1087
510
125
-49
-401
-825
-1046
-938
-660
-579
-545
-380
-34
5
-116
-12
564
1149
1630
2123
2691
3320
3407
3134
2699
2534
2027
994
-109
-734
-976
-1313
-1724
-2047
-2052
-2292
-2768
-3202
-3149
-2984
-3063
-3030
-2552
-1755
-1077
-569
-52
650
1156
1289
1142
1238
1579
1790
1769
1722
1839
1801
1509
938
489
50
-457
-1058
-1461
-1505
-1404
-1234
-988
-739
-539
-322
-190
-19
209
554
903
1378
2053
2749
3271
3383
3142
2765
2525
1828
685
-369
-906
-1321
-1767
-1985
-2103
-2185
-2490
-2704
-2798
-2757
-3046
-3397
-3127
-2321
-1631
-1157
-452
386
1115
1525
1718
1806
2027
2064
1888
1826
1974
2031
1743
1401
1007
611
-14
-712
-1297
-1563
-1786
-1943
-1703
-1279
-978
-843
-516
-103
257
446
712
1074
1628
2258
2891
3383
3333
3070
2847
2607
1647
417
-548
-1122
-1821
-2365
-2510
-2424
-2430
-2719
-2825
-2713
-2626
-3046
-3258
-2804
-2139
-1722
-1203
-203
799
1483
1829
2160
2461
2550
2235
1930
2026
2070
1854
1506
1259
829
296
-339
-855
-1287
-1696
-2099
-2193
-1817
-1420
-1106
-740
-191
160
465
784
1253
1738
2204
2669
3148
3328
3117
2975
2906
2264
940
-168
-885
-1664
-2391
-2723
-2727
-2791
-3018
-3075
-2703
-2361
-2580
-2939
-2654
-2083
-1792
-1381
-606
346
1106
1752
2180
2570
2732
2549
2176
2057
1959
1603
1228
889
579
194
-150
-598
-1044
-1554
-2011
-2144
-1890
-1637
-1485
-1055
-501
-12
431
978
1387
1742
2184
2721
3248
3383
3137
2964
3034
2507
1216
74
-596
-1395
-2318
-2855
-3023
-3088
-3300
-3305
-2988
-2482
-2541
-2767
-2457
-1876
-1667
-1332
-442
392
931
1524
2329
2808
2823
2600
2501
2438
2016
1362
939
674
179
-297
-511
-756
-1230
-1654
-1840
-1805
-1729
-1649
-1388
-970
-600
-275
430
1127
1486
1670
2134
2762
3308
3365
2996
2858
2881
2285
974
88
-497
-1410
-2485
-2989
-3153
-3344
-3497
-3409
-2912
-2490
-2560
-2673
-2077
-1396
-1226
-826
143
875
1150
1847
2799
3303
3190
2916
2700
2512
2075
1412
901
445
-240
-833
-960
-1178
-1719
-2119
-2029
-1908
-1805
-1613
-1268
-900
-499
32
672
1284
1596
1843
2310
2977
3444
3424
3018
2754
2464
1659
468
-389
-1022
-2039
-2990
-3410
-3462
-3652
-3780
-3583
-3119
-2817
-2905
-2690
-1980
-1338
-1102
-401
622
1246
1606
2393
3239
3566
3566
3388
3074
2626
2242
1683
1058
298
-415
-946
-1233
-1572
-1918
-1968
-1836
-1713
-1596
-1202
-831
-486
-96
550
1138
1561
1962
2335
2931
3539
3738
3202
2804
2576
1792
439
-515
-1125
-2186
-3168
-3713
-3788
-3943
-3947
-3917
-3539
-3150
-3180
-3061
-2361
-1635
-1424
-702
343
1054
1492
2438
3155
3355
3518
3607
3341
2761
2342
1771
1243
623
-121
-791
-1173
-1562
-1975
-1974
-1807
-1742
-1713
-1266
-783
-317
113
685
1172
1688
2179
2511
3012
3698
4100
3600
3244
3050
2400
956
-124
-912
-2070
-3203
-3901
-4015
-4149
-4083
-4115
-3767
-3317
-3227
-3199
-2568
-1924
-1829
-1220
-76
715
1131
2224
3142
3405
3483
3625
3418
2894
2388
1629
1045
489
-167
-861
-1162
-1571
-2007
-1996
-1807
-1959
-2001
-1462
-948
-527
-55
652
1199
1812
2371
2858
3329
3812
4035
3793
3604
3222
2498
1204
221
-707
-1835
-3005
-3764
-4013
-4152
-4004
-3920
-3560
-3281
-3095
-2885
-2245
-1854
-1923
-1413
-366
394
875
1983
2899
3151
3216
3428
3265
2712
1992
1213
725
194
-651
-1250
-1256
-1460
-1921
-1823
-1530
-1743
-1788
-1296
-814
-522
42
664
1168
1910
2618
3218
3738
4231
4077
3829
3771
3254
2080
934
246
-897
-2045
-2965
-3479
-4004
-4115
-3970
-3757
-3328
-3164
-3003
-2489
-1599
-1489
-1458
-779
-39
276
965
2151
2700
2908
3097
3288
3033
2576
1784
912
231
-587
-1301
-1680
-1729
-2041
-2023
-1653
-1440
-1557
-1399
-925
-713
-541
-92
630
1179
1794
2563
3416
4110
4309
4124
3949
3686
2679
1334
576
-251
-1533
-2526
-2814
-3207
-3711
-3669
-3427
-3255
-3183
-3055
-2722
-2091
-1720
-1537
-835
-4
339
784
1799
2440
2630
2922
3193
2969
2499
2048
1479
744
-178
-915
-1416
-1701
-2022
-1950
-1668
-1512
-1412
-1202
-801
-642
-536
-421
75
539
934
1603
2510
3319
3575
3806
3866
3594
2669
1500
675
-207
-1312
-2393
-2660
-2777
-2941
-2970
-2625
-2316
-2405
-2455
-2292
-1955
-1998
-1857
-1250
-500
-79
590
1564
2161
2401
2602
2808
2523
1977
1432
1054
556
-153
-611
-773
-994
-1406
-1297
-989
-901
-996
-874
-565
-426
-317
-187
167
471
767
1262
1996
2628
2781
2980
3208
3086
2270
1342
675
-276
-1304
-2085
-2324
-2600
-2628
-2375
-2000
-1669
-1604
-1496
-1384
-1292
-1621
-1616
-1157
-844
-623
126
1160
1552
1822
2224
2454
1981
1248
670
211
-407
-1163
-1302
-1144
-1126
-1178
-616
-95
-81
-151
-36
98
-96
-148
-50
360
580
823
1438
2208
2470
2363
2581
2510
1863
931
481
-189
-1112
-1810
-2024
-2049
-2189
-1928
-1533
-1007
-842
-804
-593
-297
-388
-792
-601
-350
-397
-246
572
1123
1202
1504
1858
1767
1239
666
-72
-760
-1456
-2007
-2055
-1792
-1637
-1283
-342
320
499
777
1079
832
502
481
453
337
570
1050
1566
1914
2036
2220
2307
1813
605
-111
-710
-1666
-2620
-2743
-2588
-2627
-2166
-1419
-685
-346
72
282
359
146
-137
-88
0
-10
5
671
1176
1352
1515
1905
1725
1038
527
111
-577
-1563
-1965
-2101
-2010
-1866
-1267
-557
50
559
1015
1412
1355
1168
963
938
669
635
970
1464
1556
1667
2042
1985
1346
414
-89
-1067
-2157
-2991
-3191
-3321
-3249
-2612
-1808
-895
-314
293
713
1024
720
423
450
346
22
218
843
1008
1194
1673
1988
1569
1095
476
-224
-1060
-1819
-2310
-2354
-2253
-2193
-1420
-446
238
623
1302
1582
1447
1301
1266
1144
935
961
1173
1583
1628
1866
2078
1964
1041
334
-209
-1308
-2460
-3184
-3231
-3491
-3267
-2761
-1809
-993
-381
236
810
1054
660
622
660
490
199
585
962
995
1221
1702
1804
1306
924
443
-262
-1234
-1887
-2216
-2269
-2254
-1887
-1070
-339
257
934
1691
1780
1559
1415
1351
951
673
789
1030
1014
1081
1469
1641
1207
492
113
-704
-1799
-2732
-2979
-3243
-3339
-2862
-2001
-1060
-422
382
1094
1577
1293
1047
1060
724
155
120
582
517
609
1093
1430
1067
740
514
-32
-878
-1665
-2015
-2157
-2197
-2010
-1118
-254
207
786
1738
2170
1927
1910
1944
1475
815
756
943
731
544
737
899
432
-139
-327
-813
-1772
-2649
-2810
-2942
-3124
-2908
-2032
-1020
-498
145
1149
1879
1704
1605
1873
1595
851
559
682
478
358
564
716
548
302
44
-271
-815
-1534
-1910
-1984
-2052
-2015
-1289
-510
58
762
1681
2211
2158
2229
2248
2100
1589
1313
1099
682
443
425
384
-249
-667
-1079
-1657
-2373
-2833
-3019
-3184
-3032
-2738
-1896
-1007
-261
443
1386
1904
1790
1956
2068
1777
1379
1385
1134
767
787
759
476
142
-85
-582
-1039
-1489
-1860
-1997
-1929
-1821
-1493
-750
-211
329
940
1612
1836
2057
2279
2201
2002
1901
1932
1387
1038
821
507
-366
-967
-1181
-1847
-2505
-2977
-3014
-3260
-3132
-2816
-2224
-1423
-858
-168
654
1456
1591
1953
2358
2137
1761
1803
1791
1228
1081
1040
749
294
38
-265
-747
-1164
-1647
-1803
-1913
-1957
-1759
-1128
-553
-108
591
1274
1602
1813
2162
2219
1943
1768
1853
1417
920
753
653
-149
-880
-1139
-1776
-2574
-3124
-3128
-3327
-3211
-2908
-2292
-1391
-706
-95
674
1501
1491
1647
2140
2069
1583
1630
1883
1402
1063
1082
954
438
22
-302
-652
-1081
-1479
-1533
-1369
-1327
-1243
-621
-51
275
625
1289
1550
1577
1739
1993
1970
1777
1850
1602
1281
838
581
-190
-900
-1482
-2130
-2736
-3298
-3389
-3509
-3119
-2893
-2295
-1470
-653
-156
445
1253
1350
1499
1697
1805
1389
1350
1351
1149
942
767
619
286
20
-433
-581
-860
-1241
-1414
-1168
-1027
-942
-331
289
750
1004
1518
1809
2019
2013
1980
1963
1776
1669
1334
1181
745
453
-176
-826
-1400
-2105
-2627
-3122
-3217
-3429
-3025
-2551
-2029
-1266
-415
268
711
1412
1478
1446
1520
1449
1003
772
773
393
223
191
92
-135
-281
-543
-767
-875
-1134
-1256
-1022
-764
-571
-36
548
989
1446
1949
2123
2182
2244
2140
1990
1802
1633
1270
974
585
217
-350
-1047
-1652
-2270
-2800
-3276
-3352
-3318
-2952
-2403
-1730
-887
-27
653
1155
1659
1780
1642
1576
1371
873
565
421
156
-148
-180
-325
-486
-572
-721
-881
-961
-970
-1096
-893
-677
-416
-41
511
940
1311
1812
2095
2321
2434
2537
2367
2202
1794
1259
830
376
-263
-1032
-1430
-2009
-2516
-2807
-2727
-2779
-2724
-2288
-1801
-1250
-703
-8
483
944
1189
1336
1464
1404
1141
902
777
394
4
-135
-214
-479
-630
-680
-744
-786
-782
-735
-628
-467
-365
-101
210
410
670
1109
1421
1594
1872
2105
2078
2090
1946
1575
1138
686
-8
-804
-1263
-1848
-2319
-2613
-2563
-2527
-2260
-1766
-1321
-709
-225
235
466
817
833
733
777
726
520
339
414
221
138
162
143
-54
-128
-174
-353
-381
-420
-445
-377
-163
-130
16
328
489
578
849
1088
1065
1218
1437
1495
1535
1495
1235
853
527
-73
-754
-1222
-1701
-2169
-2386
-2254
-2125
-1728
-1193
-662
-180
214
454
555
644
464
270
153
22
-196
-201
-99
-101
-94
0
110
86
84
96
226
220
213
311
415
442
416
599
577
566
548
682
779
807
909
946
1123
948
729
481
217
-359
-950
-1180
-1589
-1924
-2094
-1824
-1648
-1323
-783
-287
172
480
837
895
901
649
346
76
-239
-576
-869
-860
-912
-888
-680
-321
-96
125
486
792
923
937
1018
1034
998
834
819
816
806
797
890
1053
1042
1093
993
932
563
130
-282
-685
-1216
-1864
-2071
-2260
-2344
-2329
-1908
-1517
-1105
-518
14
520
794
1015
1083
1105
797
408
220
-59
-512
-790
-776
-896
-976
-837
-581
-384
-198
48
365
630
736
923
1202
1254
1188
1317
1456
1395
1335
1417
1430
1376
1280
1156
1036
683
161
-294
-662
-1373
-2041
-2283
-2517
-2743
-2669
-2202
-1859
-1331
-645
-45
454
838
1105
1144
1168
862
507
267
-17
-439
-707
-729
-903
-931
-714
-508
-474
-275
95
278
405
625
845
877
884
1019
1121
1155
1243
1378
1552
1618
1644
1650
1642
1357
792
356
-170
-913
-1731
-2087
-2415
-2786
-2733
-2332
-1907
-1559
-830
-263
133
382
580
602
452
271
-33
-92
-203
-349
-434
-219
-114
-156
5
165
156
72
169
173
136
143
250
316
356
428
601
811
984
1172
1392
1616
1697
1752
1726
1657
1233
696
213
-304
-1015
-1623
-1850
-2112
-2206
-2054
-1680
-1373
-897
-380
-87
176
303
251
116
15
-281
-581
-644
-739
-876
-724
-468
-350
-186
158
335
407
516
568
560
480
426
300
296
252
292
414
556
755
971
1266
1390
1530
1569
1521
1206
782
379
-115
-741
-1320
-1538
-1737
-1860
-1759
-1336
-983
-562
-66
330
522
551
489
231
-20
-424
-715
-939
-1017
-1104
-924
-604
-369
-118
200
553
564
593
582
613
381
194
169
154
78
73
362
499
696
862
1118
1226
1288
1258
1166
1037
607
198
-137
-486
-1073
-1323
-1351
-1504
-1538
-1214
-839
-643
-210
162
319
403
465
248
3
-192
-588
-883
-940
-969
-1054
-766
-442
-254
54
470
630
638
805
749
548
388
274
88
27
93
148
364
607
822
1028
1250
1299
1162
1073
863
431
-63
-375
-687
-1135
-1378
-1398
-1362
-1351
-1039
-658
-392
-44
327
542
611
723
588
355
159
-175
-590
-754
-838
-1084
-1050
-753
-615
-492
-97
204
268
430
608
537
465
457
389
302
297
320
400
615
767
938
1165
1315
1287
1208
1126
799
316
-149
-549
-1046
-1573
-1783
-1844
-1902
-1737
-1261
-834
-507
10
427
620
731
766
585
341
147
-221
-443
-474
-559
-607
-367
-165
-186
4
233
169
21
64
27
-135
-149
-44
62
229
483
733
1000
1222
1373
1484
1536
1429
1207
1041
844
456
23
-258
-611
-1143
-1476
-1597
-1811
-1986
-1782
-1506
-1305
-899
-375
12
340
689
796
803
739
478
171
12
-199
-461
-455
-391
-375
-258
-19
69
102
135
74
-25
-138
-246
-306
-229
-141
112
482
841
1195
1568
1833
1908
1939
1768
1480
1060
549
-23
-508
-983
-1492
-1719
-1881
-1958
-1893
-1647
-1482
-1179
-729
-472
-205
128
350
350
481
532
396
362
405
347
285
360
335
245
247
213
64
-95
-237
-395
-534
-609
-659
-608
-465
-245
25
361
751
1082
1361
1619
1826
1846
1782
1658
1312
847
397
-138
-754
-1187
-1500
-1835
-1966
-1901
-1843
-1632
-1207
-914
-733
-362
-94
-78
32
186
157
160
335
420
494
707
832
831
887
863
621
387
172
-178
-524
-704
-846
-981
-902
-699
-508
-268
78
424
682
964
1199
1331
1424
1451
1305
1080
863
508
64
-264
-562
-944
-1194
-1242
-1328
-1348
-1137
-923
-781
-550
-345
-306
-221
-125
-176
-227
-133
-74
-28
184
419
606
817
1035
1093
1069
976
774
480
151
-162
-428
-616
-755
-748
-636
-436
-197
53
300
553
736
806
831
727
522
269
91
-226
-497
-628
-775
-878
-812
-683
-692
-456
-242
-174
-133
1
-4
-164
-132
-220
-330
-345
-247
-220
-82
144
256
445
630
730
681
710
661
517
383
284
175
58
39
58
85
67
144
235
289
300
356
384
358
289
133
-38
-237
-488
-796
-957
-1126
-1280
-1257
-1093
-930
-676
-256
46
308
571
721
654
586
453
149
-89
-254
-376
-403
-278
-100
133
430
634
787
870
819
664
477
285
46
-106
-209
-193
-94
58
271
497
693
743
819
783
605
337
49
-292
-683
-985
-1290
-1489
-1620
-1621
-1524
-1332
-1100
-824
-427
-86
204
448
650
687
657
594
434
227
50
-55
-119
-118
-41
140
324
496
661
798
824
766
668
506
318
116
-50
-125
-85
-33
83
310
541
685
793
841
753
572
300
-83
-541
-960
-1365
-1671
-1844
-1894
-1785
-1514
-1129
-718
-225
232
579
831
967
942
776
551
250
-57
-279
-430
-487
-429
-235
2
266
547
765
923
937
888
763
561
320
112
-19
-121
-112
-6
178
376
596
783
852
848
740
465
50
-428
-932
-1430
-1813
-2055
-2142
-2020
-1724
-1284
-775
-207
318
735
1033
1158
1136
947
702
386
84
-175
-339
-384
-346
-188
25
276
436
595
678
656
534
360
178
-40
-188
-262
-232
-133
68
318
595
821
1013
1136
1129
983
729
390
-49
-504
-983
-1370
-1690
-1832
-1869
-1762
-1505
-1173
-780
-395
23
322
541
653
705
627
492
343
196
100
42
66
126
272
407
544
655
711
661
556
422
188
-57
-284
-455
-571
-564
-493
-326
-85
173
409
631
805
807
753
629
394
55
-235
-530
-797
-952
-1014
-994
-921
-719
-529
-321
-126
43
124
137
122
59
-5
-101
-156
-168
-130
-72
49
202
372
508
650
777
815
801
749
670
474
290
141
-31
-179
-240
-238
-229
-158
-82
-16
65
128
111
36
-21
-158
-350
-491
-593
-710
-760
-701
-627
-482
-284
-68
105
274
395
409
395
313
148
-30
-149
-284
-391
-404
-349
-282
-173
-4
143
263
369
437
467
468
414
351
309
269
212
183
212
218
231
256
266
204
146
86
-33
-181
-311
-418
-556
-637
-684
-694
-685
-646
-537
-414
-289
-143
43
196
319
421
487
507
490
430
356
269
145
39
-24
-65
-115
-101
-53
-14
9
82
124
109
110
97
73
44
47
42
72
103
136
180
234
235
180
171
96
-27
-145
-227
-344
-468
-515
-562
-594
-608
-572
-532
-466
-380
-280
-145
-21
96
209
345
419
460
508
510
478
432
379
309
250
207
188
180
168
141
124
109
70
13
-25
-73
-130
-144
-162
-156
-158
-113
-64
-34
-4
14
29
4
-2
-40
-89
-132
-155
-204
-260
-278
-321
-356
-387
-390
-382
-335
-258
-197
-89
24
137
252
356
407
426
446
419
367
310
266
213
185
189
189
188
194
202
190
162
97
35
-31
-132
-225
-283
-295
-310
-293
-246
-197
-140
-92
-51
-39
-38
-80
-133
-195
-267
-320
-369
-379
-371
-315
-241
-161
-62
33
118
196
273
300
323
341
347
326
298
283
264
234
225
223
192
168
144
137
127
113
91
51
14
-13
-48
-89
-98
-102
-102
-87
-66
-62
-62
-48
-62
-89
-122
-154
-203
-251
-299
-351
-364
-369
-364
-328
-261
-213
-134
-40
17
70
161
238
267
311
348
356
364
368
333
305
281
215
159
128
63
6
-22
-52
-101
-119
-125
-153
-157
-146
-140
-122
-80
-56
-12
28
54
77
93
87
45
26
-35
-113
-182
-241
-305
-344
-349
-348
-304
-267
-207
-119
-32
34
109
199
249
273
322
357
348
362
382
375
353
331
299
246
184
126
55
-25
-97
-189
-269
-314
-338
-361
-342
-279
-229
-175
-96
-11
27
57
93
92
71
38
-2
-52
-109
-169
-228
-237
-258
-273
-255
-207
-168
-133
-52
-14
23
72
125
135
164
205
229
272
293
333
358
407
418
409
397
356
274
173
90
-15
-127
-214
-258
-314
-322
-302
-257
-215
-156
-77
-38
-19
-13
8
-25
-51
-96
-132
-161
-191
-203
-193
-153
-140
-85
-35
0
18
56
72
53
56
43
34
16
36
58
96
147
192
255
314
354
362
381
361
310
248
177
100
16
-50
-107
-158
-183
-191
-194
-190
-174
-151
-144
-143
-143
-143
-169
-193
-208
-233
-261
-289
-288
-276
-259
-236
-181
-104
-45
29
107
164
185
204
201
177
153
117
99
89
91
92
111
148
178
206
248
278
253
243
232
194
147
95
58
26
5
-9
-18
-13
-18
-25
-19
-40
-71
-106
-134
-168
-217
-258
-308
-339
-366
-370
-367
-337
-297
-239
-159
-85
0
72
147
189
204
201
198
178
144
135
109
91
95
125
135
147
169
186
195
184
161
120
90
54
22
-11
-38
-43
-35
-19
-14
15
52
61
65
72
53
-3
-60
-114
-187
-249
-312
-360
-377
-388
-375
-336
-278
-209
-124
-37
31
85
130
172
185
182
166
158
157
139
130
132
141
151
187
203
197
205
197
168
131
94
27
-38
-69
-100
-119
-112
-91
-57
7
50
84
120
126
100
64
21
-73
-169
-225
-287
-348
-374
-365
-336
-298
-240
-180
-108
-39
17
61
93
110
109
123
110
98
95
109
130
154
169
186
222
225
230
233
207
152
106
49
-18
-70
-115
-128
-123
-106
-77
-31
21
59
91
109
104
73
40
-14
-81
-144
-202
-256
-289
-297
-293
-266
-236
-176
-119
-62
-11
19
50
61
70
63
55
52
56
61
86
124
162
209
267
306
313
323
301
245
183
105
9
-74
-142
-201
-224
-222
-195
-143
-83
-21
14
47
68
44
1
-49
-98
-155
-204
-229
-242
-235
-195
-149
-100
-33
7
34
51
46
15
-34
-60
-97
-127
-121
-94
-66
-10
80
142
210
284
333
361
374
351
307
243
173
90
9
-57
-107
-126
-147
-142
-120
-86
-68
-43
-27
-29
-45
-67
-93
-132
-151
-182
-180
-174
-133
-90
-42
21
49
99
115
118
80
48
14
-46
-89
-119
-145
-155
-138
-110
-48
19
97
175
251
304
326
333
320
278
204
143
63
-16
-76
-117
-147
-150
-135
-112
-76
-59
-42
-48
-69
-101
-145
-187
-225
-248
-257
-234
-190
-133
-60
34
114
178
215
227
205
153
98
15
-79
-150
-199
-233
-224
-181
-125
-38
62
155
243
301
332
338
325
282
213
141
75
15
-31
-51
-64
-68
-47
-16
-7
-19
-23
-42
-80
-125
-171
-221
-248
-253
-252
-215
-164
-100
-16
74
136
172
216
221
190
155
102
32
-42
-107
-154
-189
-203
-184
-138
-77
-9
54
120
177
204
228
224
196
165
124
83
40
19
8
1
11
19
26
33
29
9
-11
-59
-114
-159
-211
-241
-258
-258
-232
-180
-124
-51
25
85
132
165
178
157
130
93
37
-15
-56
-94
-118
-113
-102
-78
-37
8
43
79
111
118
119
110
99
82
53
41
37
43
43
54
89
104
105
117
102
74
41
-9
-62
-108
-151
-199
-205
-212
-208
-175
-129
-80
-34
19
52
70
75
68
44
13
-17
-43
-58
-75
-84
-80
-50
-25
1
28
47
69
73
80
73
56
35
29
33
21
18
37
51
66
92
104
106
103
102
91
69
38
3
-23
-54
-88
-116
-133
-144
-139
-123
-104
-88
-66
-43
-29
-14
-15
-20
-12
-14
-28
-43
-42
-47
-41
-18
1
21
44
77
96
103
99
99
91
75
58
34
11
-7
-6
-15
-11
0
17
41
55
74
72
68
69
57
28
-2
-43
-73
-91
-123
-134
-139
-129
-108
-90
-72
-52
-43
-38
-26
-30
-36
-42
-54
-58
-53
-45
-24
0
35
78
109
137
148
162
166
159
137
115
97
68
39
24
-3
-24
-20
-18
-14
-12
3
13
12
20
16
11
6
-8
-24
-44
-78
-100
-106
-112
-116
-109
-89
-74
-52
-30
-15
-2
2
5
6
-6
-15
-17
-18
-7
9
36
63
94
125
146
164
167
167
151
128
95
57
20
-10
-50
-75
-74
-76
-65
-41
-22
-9
6
8
6
-14
-30
-51
-82
-102
-127
-140
-146
-133
-122
-103
-72
-44
-16
2
18
29
27
19
10
4
-6
-8
10
19
39
72
96
125
151
175
177
180
169
140
119
78
31
-7
-36
-63
-77
-74
-60
-43
-16
9
19
23
25
11
-23
-51
-89
-125
-153
-172
-180
-172
-151
-123
-78
-33
-6
25
41
45
36
11
0
-22
-41
-41
-30
-25
-4
41
75
121
151
174
193
192
172
133
97
52
-1
-35
-61
-82
-89
-68
-38
-19
19
44
61
74
58
40
13
-32
-73
-112
-137
-157
-173
-152
-124
-103
-64
-23
1
27
46
33
21
2
-22
-44
-54
-64
-58
-32
-7
34
69
110
142
159
174
169
144
121
87
46
20
-7
-22
-24
-19
-10
8
16
26
36
33
31
16
2
-14
-40
-67
-87
-109
-111
-122
-117
-93
-86
-57
-31
-10
10
24
31
35
28
13
0
-19
-33
-45
-57
-53
-37
-25
3
31
55
74
86
99
91
82
75
60
44
30
18
23
16
16
26
29
39
41
44
33
17
-1
-32
-61
-85
-112
-126
-131
-130
-113
-95
-66
-39
-2
25
47
64
67
64
49
34
9
-9
-24
-31
-32
-33
-26
-15
-3
9
23
26
32
36
35
33
34
27
29
37
39
46
52
59
65
66
67
61
43
36
13
-8
-34
-70
-92
-116
-132
-140
-141
-132
-115
-84
-59
-37
-8
20
38
50
53
46
40
31
15
5
-4
-11
-12
-8
-8
-9
-6
0
10
14
18
12
13
13
5
9
15
18
25
46
56
64
76
80
82
77
64
50
26
-2
-23
-54
-79
-99
-113
-117
-113
-108
-91
-69
-49
-20
-3
12
22
22
26
17
10
2
-9
-9
-15
-13
-3
2
17
32
37
40
41
34
29
20
2
-10
-20
-23
-15
-12
0
13
33
48
58
69
62
53
38
18
-4
-27
-47
-69
-70
-75
-76
-58
-42
-23
-8
5
19
19
20
16
1
-8
-25
-35
-43
-57
-51
-49
-33
-14
4
22
44
58
62
65
62
54
41
35
29
19
9
4
7
12
22
32
42
47
45
41
35
9
-7
-24
-44
-54
-64
-64
-57
-51
-32
-8
8
34
47
50
50
41
20
4
-13
-45
-62
-75
-83
-81
-71
-54
-36
-21
-2
15
17
22
28
28
28
31
37
37
42
54
54
61
59
58
60
45
32
14
-9
-28
-45
-58
-68
-73
-76
-67
-61
-52
-34
-23
-6
15
20
38
53
51
53
42
31
10
-2
-6
-25
-36
-40
-49
-46
-45
-50
-42
-34
-27
-15
-5
3
16
27
38
49
51
64
68
72
73
69
58
47
37
23
9
-7
-21
-28
-47
-58
-61
-76
-73
-66
-57
-44
-30
-17
-9
7
10
13
18
17
19
11
7
-4
-15
-12
-16
-16
-12
-11
-4
6
6
5
7
5
-2
-4
-1
-3
-1
6
10
16
30
36
41
48
52
46
42
39
24
12
2
-7
-15
-12
-12
-12
-8
-15
-6
-6
-10
-12
-10
-13
-25
-26
-33
-40
-37
-31
-34
-25
-21
-16
-4
6
14
18
30
31
33
33
37
34
23
18
11
0
-8
-11
-17
-25
-23
-18
-21
-11
-5
0
10
17
28
30
34
34
32
32
30
26
23
20
16
12
5
1
-3
-9
-19
-25
-32
-43
-50
-56
-59
-60
-54
-44
-35
-16
-1
17
37
43
52
56
49
46
34
25
13
-4
-9
-14
-21
-19
-17
-16
-6
2
8
15
16
8
11
11
12
17
23
25
29
34
34
36
36
35
33
27
20
6
-8
-22
-38
-44
-48
-50
-46
-44
-39
-34
-31
-27
-24
-20
-14
-12
-9
-8
-3
-2
2
10
13
21
20
27
32
19
21
13
3
3
-3
1
5
9
13
14
15
14
17
22
21
17
13
8
1
-3
-11
-10
-10
-6
0
3
2
6
7
4
9
-2
-6
-7
-24
-24
-30
-38
-33
-31
-29
-27
-21
-16
-12
1
6
12
17
16
20
20
20
21
26
27
34
34
32
39
36
36
34
24
19
7
-2
-7
-22
-31
-34
-40
-44
-41
-38
-29
-23
-14
-2
-2
-3
-4
-9
-13
-13
-11
-9
-3
2
2
2
3
5
2
4
-2
-13
-15
-21
-26
-29
-22
-11
-3
16
25
30
36
38
39
42
33
35
31
24
25
17
16
17
13
14
10
6
-4
-12
-16
-29
-34
-39
-44
-47
-50
-42
-41
-34
-23
-18
-5
3
10
22
27
30
30
30
30
21
22
14
9
7
3
4
-2
-1
-3
-4
-2
-6
-5
-5
-9
-2
-10
-4
0
-4
8
7
16
24
29
35
37
32
24
18
9
-7
-15
-28
-46
-53
-61
-69
-68
-60
-47
-35
-22
-11
-1
7
17
28
35
38
40
41
41
36
39
38
31
36
31
23
20
11
4
-2
-9
-18
-27
-31
-32
-35
-35
-27
-22
-10
1
12
24
30
40
43
39
30
16
9
-9
-21
-28
-44
-56
-55
-57
-60
-48
-38
-29
-14
-11
-8
-4
-8
1
9
9
17
22
19
27
29
31
39
38
39
31
19
7
-11
-23
-34
-40
-45
-46
-39
-35
-31
-19
-7
2
14
19
21
17
11
9
2
-3
-4
-9
-8
-9
-13
-14
-17
-20
-19
-18
-15
-16
-12
-10
-5
-1
0
10
18
24
34
36
37
37
39
34
33
29
24
23
13
4
-2
-12
-17
-17
-19
-20
-16
-15
-14
-11
-10
-7
-9
-5
-1
-7
-6
-9
-5
-3
-2
5
1
-1
0
-2
-10
-10
-11
-20
-21
-25
-26
-24
-26
-12
-8
1
16
24
34
36
39
39
32
33
28
22
20
15
13
11
8
6
3
2
-1
-3
-7
-15
-16
-19
-25
-25
-23
-22
-18
-5
-3
-1
8
4
11
8
5
6
0
1
2
-2
-4
-4
-8
-14
-18
-17
-17
-17
-11
-10
-4
1
9
19
23
29
37
38
37
34
26
15
7
3
-3
-5
-11
-13
-12
-17
-18
-17
-22
-21
-20
-29
-33
-38
-37
-32
-24
-16
-7
-2
2
7
3
9
12
8
14
11
8
7
-1
0
-5
-8
-2
-2
-2
-3
-1
0
2
11
19
25
31
35
37
35
31
25
17
11
7
5
-3
-3
-3
-12
-8
-10
-18
-17
-18
-19
-18
-22
-22
-18
-22
-13
-8
-9
-2
1
8
10
10
20
11
14
16
7
11
5
-1
3
-4
-5
1
-5
-3
4
-2
1
8
8
4
2
6
-1
-1
1
-4
-6
-5
2
0
0
3
1
3
-5
-4
-9
-17
-16
-15
-20
-20
-17
-24
-17
-12
-8
5
3
10
17
11
16
15
8
6
6
2
2
1
5
7
8
17
17
17
17
8
6
-3
-7
-7
-14
-12
-12
-11
-5
-2
7
10
15
23
14
16
7
-8
-7
-15
-20
-18
-21
-17
-15
-10
-8
-6
-4
-3
3
0
-1
0
-2
-4
-1
0
-2
-1
5
5
4
12
13
11
15
11
10
8
1
1
-2
-7
-2
-3
-4
-2
5
5
8
16
15
17
17
16
12
5
6
3
-3
1
0
-1
1
-1
-2
-5
-9
-7
-9
-12
-2
1
1
10
7
5
7
3
4
5
2
1
6
7
6
11
12
14
21
20
19
17
12
4
2
-3
-7
-5
-6
-2
0
2
4
0
-1
0
-8
-5
-7
-12
-11
-12
-14
-16
-14
-11
-14
-6
-4
-8
-3
-7
-9
-2
-6
-3
-2
-7
-9
-9
-11
-13
-5
-4
-2
9
8
11
14
10
15
15
19
23
16
14
11
6
7
6
7
5
8
6
0
-3
-14
-14
-17
-20
-20
-22
-22
-24
-17
-14
-9
2
0
11
9
11
13
9
9
4
5
6
3
5
0
2
4
4
6
2
0
-3
-1
-5
1
-5
-5
2
-2
7
12
12
19
20
18
17
14
7
7
4
-4
-6
-9
-18
-23
-23
-24
-23
-18
-18
-16
-16
-14
-14
-14
-10
-2
5
13
15
18
23
14
17
18
10
19
18
15
21
20
16
11
7
-2
-6
-6
-11
-15
-17
-18
-19
-14
-7
-6
8
12
13
19
14
8
4
2
-5
-3
-2
-5
-4
-1
-8
-6
-9
-17
-15
-17
-18
-16
-17
-13
-14
-10
-9
-9
0
1
5
12
15
18
20
23
20
24
23
16
14
3
-5
-7
-15
-15
-15
-20
-18
-17
-17
-13
-12
-8
-2
-4
1
0
-6
0
3
5
9
11
6
5
3
-2
-3
-6
-4
-2
-6
-5
-6
-9
-8
-11
-11
-8
-9
-1
3
2
10
12
14
14
14
15
11
16
14
8
9
3
0
-4
-6
-11
-12
-11
-16
-9
-12
-14
-6
-7
-7
0
2
-2
2
2
-3
-3
-5
-9
-9
-8
-4
-4
0
-4
-2
-4
-7
-7
-8
-7
-5
2
3
1
6
5
4
8
7
8
4
7
6
0
0
2
2
-1
1
-3
-3
-3
-10
-7
-13
-13
-5
-11
-7
-5
-2
2
3
6
3
2
2
-5
-7
-10
-11
-11
-10
-11
-10
-11
-13
-10
-5
-5
1
1
-2
-2
-5
1
2
6
14
13
15
12
6
3
-1
3
6
9
3
-1
-5
-10
-10
-7
-8
-4
-5
-4
-8
-13
-8
-5
-3
3
5
3
5
2
1
2
-2
5
5
-3
0
-1
-2
1
1
-2
-7
-8
-8
-8
-6
0
4
4
6
4
2
4
7
13
14
16
15
8
2
-2
0
-2
1
4
-2
-1
-8
-11
-14
-18
-10
-11
-7
-4
-11
-8
-18
-16
-12
-16
-1
1
5
9
4
3
2
4
4
8
11
10
11
5
1
-1
0
6
4
1
5
1
-4
2
-2
5
12
10
13
6
1
4
0
2
3
5
4
2
4
1
0
8
5
1
-1
-10
-13
-15
-22
-21
-19
-19
-11
-11
-9
0
2
10
12
13
15
10
15
16
11
18
15
9
12
4
0
2
4
6
7
1
-2
-6
-13
-15
-18
-18
-18
-12
-12
-14
-3
1
3
11
12
11
12
8
5
0
-2
-2
-5
-11
-8
-10
-11
-7
-7
-6
-4
-3
-2
-6
-6
-2
-1
4
8
11
14
14
19
17
14
19
18
13
11
6
1
-2
-6
-10
-13
-14
-14
-15
-16
-19
-15
-11
-11
-4
-3
-7
1
-1
-3
6
5
4
14
7
4
7
-2
-1
2
2
4
4
2
-2
-8
-11
-12
-9
-5
-2
0
1
-3
2
2
-2
9
12
14
17
10
7
2
-3
0
-5
-1
1
1
-1
-4
0
-5
-6
-2
-5
-4
-1
-2
-1
-2
-4
2
1
-4
7
3
8
14
14
12
12
5
4
4
2
5
4
0
1
-1
-4
-8
-6
-7
-2
4
1
7
6
5
5
3
-1
-3
2
-2
1
6
4
9
7
5
7
4
8
12
8
3
-2
-6
-13
-13
-9
-6
-2
6
10
4
3
3
-1
2
8
9
8
8
7
8
1
2
1
3
4
3
6
-3
-1
3
-7
-1
1
-2
3
1
1
0
-1
-1
4
-1
4
9
10
10
9
6
4
0
3
-1
-4
-3
-8
-7
-10
-6
-8
-10
-3
-6
-5
-5
-9
-2
-5
2
1
0
2
1
3
1
2
1
1
2
0
-2
-5
-2
-5
-7
-9
-11
-6
-5
0
3
5
5
12
3
-2
0
-2
2
3
4
0
0
-1
-6
2
-6
0
6
-2
4
-1
-7
-12
-9
-6
-5
-1
5
11
8
6
6
7
7
12
14
9
12
11
7
-2
-3
-2
-2
4
0
0
-4
0
5
1
3
6
9
5
2
0
-3
-2
4
0
0
2
0
1
-3
-4
-1
-4
-2
-1
-4
-7
-4
-5
-7
-1
-4
-5
-2
-1
0
-2
-2
3
2
6
10
2
10
7
4
6
-2
1
-1
-4
-5
-6
-9
-10
-4
-7
-7
1
-2
-4
2
-3
-7
-2
-9
-5
-5
-8
-2
0
-3
5
5
-2
5
5
3
5
5
2
-2
-1
-3
-8
-8
-7
-2
4
6
5
6
4
8
2
5
5
6
9
7
5
3
2
3
-2
-3
-3
-1
2
-3
-2
-8
-13
-9
-13
-18
-8
-4
3
5
7
3
1
3
2
4
7
11
11
9
7
5
3
-1
7
8
4
9
6
3
-3
-7
-11
-13
-6
-1
-6
-2
2
3
8
4
6
4
6
8
3
0
-4
-6
-10
-13
-15
-12
-14
-10
-5
-9
-6
-4
-3
-8
-6
-5
-9
-1
-2
1
2
2
5
1
6
3
2
5
0
5
1
-8
-3
-7
-5
-4
-12
-7
-12
-8
-7
-15
-7
-9
-7
-3
-3
-2
-3
-1
-4
-1
-5
-7
-4
-7
-4
-8
-7
-3
-4
-1
-3
-5
-5
-3
-5
-1
0
3
11
9
7
8
0
0
6
6
6
5
6
5
1
-2
-1
-2
3
7
3
4
1
1
-2
-5
-3
-3
-1
0
2
2
1
4
0
-1
2
3
7
8
10
6
4
-4
-3
-6
-6
-3
-1
-1
-2
-1
-1
3
2
4
12
7
7
8
0
1
2
3
0
-1
-1
-5
-7
-3
-3
1
0
0
6
-3
-6
-6
-13
-9
-4
-8
-4
-4
-1
4
0
1
6
6
8
8
6
2
-1
2
-4
-8
-5
-5
-5
-2
-7
-6
-5
-5
1
-4
-11
-2
0
-2
8
5
5
9
6
2
-1
-7
-3
0
-1
3