21
22
15
15
17
14
17
15
10
13
9
5
2
-1
-2
-7
-12
-8
-9
-14
-14
-11
-17
-15
-14
-16
-15
-20
-14
-17
-12
-10
-4
-1
-8
-7
-6
-7
-4
-1
-1
-2
-1
1
-1
2
0
1
4
3
2
4
4
2
-2
-4
-2
-4
1
-9
-5
-4
-4
-2
-7
-5
-10
-7
-4
-8
-6
-1
4
0
-1
8
7
7
11
10
7
3
5
6
4
11
12
10
8
6
12
4
10
1
4
4
-4
2
-4
4
2
-1
-2
-1
0
-5
-5
-3
2
1
0
1
-1
-2
-5
1
-1
-4
0
1
2
4
5
6
5
1
3
2
-2
3
-3
2
6
-2
4
1
2
7
3
4
2
1
3
-4
-2
1
0
-2
-5
2
3
1
0
-2
3
6
6
6
6
2
3
3
2
3
4
-2
-3
0
-8
0
0
-4
-7
-8
-6
-7
-9
-11
-4
-12
-13
-2
-1
-1
-4
-11
-7
-3
-1
-1
-2
2
-1
-5
1
8
4
7
5
10
9
10
10
4
9
9
6
5
11
9
3
-2
1
3
-1
0
-1
-6
-3
-1
-2
-7
-9
-8
-10
-4
-2
-5
-2
-8
-7
2
0
-3
-5
-5
2
-4
-3
0
-1
7
6
4
-1
-1
5
2
-2
1
-4
-5
-3
1
-4
-4
-1
-6
0
-3
-8
-3
-2
-9
-5
-1
-4
-6
-7
-3
0
1
-1
4
2
3
4
1
2
1
-1
-2
0
4
1
0
1
3
0
2
2
5
4
-1
1
0
6
11
9
5
5
3
4
4
11
15
5
11
15
12
11
16
10
8
6
0
-3
0
5
-1
1
3
-3
-9
-6
-8
-11
-9
-12
-12
-14
-8
-17
-11
-8
-9
-4
-14
-7
-6
-6
-4
3
2
1
0
0
4
2
7
11
10
7
7
6
4
3
7
1
0
4
3
4
-1
1
-1
4
-2
-7
-11
-10
-7
-10
-2
-7
2
2
-6
1
-1
3
2
-1
5
-1
-1
5
8
5
8
9
15
15
9
14
8
11
6
8
2
-1
2
-5
-3
-7
-12
-13
-13
-17
-15
-15
-14
-20
-19
-14
-15
-12
-7
-2
2
-1
3
8
0
11
10
20
18
11
19
20
23
26
22
21
18
11
11
11
13
12
-1
-3
0
-7
-10
-16
-15
-19
-25
-22
-24
-27
-22
-24
-26
-24
-17
-21
-24
-20
-11
-8
-6
-4
-7
-3
3
12
12
17
15
21
20
18
28
24
27
29
28
27
23
20
21
12
11
14
9
7
4
4
0
0
-1
0
-6
-8
-9
-14
-10
-6
-6
-14
-7
-2
-12
-10
-1
4
5
5
7
-1
0
5
1
1
4
5
1
0
-1
-6
-3
-7
-9
-5
-10
-8
-8
-13
-14
-18
-15
-15
-17
-17
-15
-13
-15
-15
-15
-17
-17
-17
-11
-7
-1
-1
1
4
7
7
8
8
14
14
13
20
15
16
13
7
8
4
4
2
-4
7
5
-1
0
-1
-4
-4
-4
-6
-5
-10
-13
-11
-9
-5
1
-1
3
5
7
10
15
19
21
23
25
23
18
15
16
21
21
15
14
19
15
13
8
0
7
4
-5
-4
-8
-16
-10
-15
-21
-13
-14
-12
-16
-17
-20
-19
-7
-11
-15
-16
-16
-9
-14
-11
-3
-2
2
5
0
4
6
7
10
12
9
9
13
8
12
14
13
7
8
5
3
10
9
8
-1
-1
-2
-14
-11
-15
-13
-9
-10
-7
-8
-10
-7
-4
-9
-4
0
5
2
1
4
1
-2
6
11
8
19
12
14
12
9
10
16
11
5
5
4
6
2
5
-3
-7
-4
-2
-5
-9
-12
-15
-19
-14
-15
-18
-18
-16
-16
-17
-11
-13
-13
-11
-13
-4
-2
-3
-1
0
0
2
-1
-2
0
1
2
0
2
6
0
-4
1
4
6
2
5
2
0
2
-1
-1
2
5
3
0
1
0
1
5
0
7
12
6
15
11
13
12
9
13
10
16
14
14
14
12
21
14
10
10
10
11
8
11
5
5
7
1
2
2
1
-2
-4
1
-7
-7
-6
-4
-6
-11
-3
-6
-12
-11
-5
-7
-8
-5
-7
-7
-2
-8
-6
-8
-4
-6
-3
0
-5
-2
-2
-2
-5
-7
0
-5
-8
-5
-9
-14
-11
-16
-12
-6
-14
-10
-12
-9
-11
-6
-8
-8
-9
-10
-4
-3
7
-1
-2
7
6
7
7
8
11
13
14
10
12
16
15
10
11
11
8
14
10
3
1
10
8
0
5
0
1
9
1
2
5
-5
2
-2
0
5
1
7
1
0
-3
-8
-4
-8
-6
-5
-7
-6
-6
-9
-3
2
-1
-5
-6
-8
-8
-1
-4
-5
-5
1
1
-4
-7
-2
-5
-7
-6
-2
-3
-8
-6
-11
-9
-7
-7
-3
-4
-4
-4
0
-1
4
1
9
8
9
12
12
11
12
3
1
8
2
7
3
4
4
6
8
3
2
5
6
3
6
5
3
8
4
4
6
10
11
9
9
2
7
3
10
8
2
3
8
4
2
9
-1
3
1
-2
-4
0
-2
-3
-6
-7
-3
-14
-4
-7
-7
-8
-9
-9
-11
-9
-12
-6
-6
-11
-14
-6
-10
-12
-12
-12
-13
-12
-9
-9
3
-6
-7
0
6
5
-1
4
7
1
8
5
4
8
2
3
1
0
2
0
3
1
-3
0
1
2
-3
-3
-2
-2
-1
-2
0
1
-1
-3
-2
0
-3
-3
3
-4
4
-1
0
-1
-3
-4
-4
5
3
6
1
5
5
5
3
3
6
9
8
10
12
9
13
12
8
10
8
10
7
7
5
10
7
1
2
2
5
0
-2
-3
-4
0
-6
-7
-5
-3
-3
-5
-3
-5
-3
-4
-4
1
-2
-6
4
5
4
3
-3
-2
3
2
-2
-2
-4
2
-4
-6
0
-5
-6
-1
-4
-6
-8
-11
-7
-4
-8
-5
-5
-2
1
-6
-3
-1
0
-4
-2
4
4
9
9
9
3
12
13
5
11
8
5
9
10
10
12
10
12
9
13
8
3
3
-5
-1
2
3
1
3
0
0
3
-2
-6
-1
-1
-9
-5
-7
-8
-10
-9
-5
-10
-11
-14
-7
-6
-9
-5
-7
1
-5
-6
-11
-15
1
-5
-3
-6
-12
-4
-6
-8
-11
-12
-12
-8
-12
-9
-1
-2
-5
0
-4
-6
-4
-8
-3
-3
-2
4
6
8
5
10
7
2
12
7
13
15
13
14
16
15
11
11
11
13
15
19
14
8
8
14
7
9
7
-2
2
-1
-4
-9
-2
-9
-10
-2
-3
-3
-2
0
-4
-1
0
4
2
2
10
1
-4
1
-2
0
2
3
3
3
2
1
1
6
3
3
8
5
8
2
-2
3
4
5
-2
-1
8
3
3
3
1
0
6
2
6
0
1
5
-3
2
-1
-1
-5
-3
-10
-11
-9
-11
-7
-6
-6
-7
-6
-4
-4
-2
-3
-5
-7
0
1
2
5
0
8
9
-3
0
3
3
1
-1
1
2
3
3
1
4
5
3
1
3
-4
-7
-2
-1
-5
-1
1
2
1
0
2
3
2
-3
-3
-4
-2
1
1
-1
1
-3
-2
-2
-7
-3
-4
-5
-6
-4
-4
-6
-14
-11
-7
-7
-7
-7
-7
-2
-6
-7
1
0
-7
-10
-3
-3
-3
-4
-3
-2
-7
-9
-6
-4
-8
-5
-3
2
7
7
2
8
12
9
11
8
7
9
17
13
7
11
2
9
6
13
10
2
12
8
11
16
11
3
6
11
11
5
6
3
-5
0
0
0
-2
-2
-1
-4
1
-1
1
4
3
-6
-3
3
1
3
-3
-1
2
3
-1
-4
-2
-6
-5
-13
-11
-8
-9
-7
-15
-10
-10
-14
-8
-10
-17
-14
-10
-7
-12
-8
-10
-9
1
-4
-3
5
3
-3
1
4
5
4
1
-3
-2
0
-1
0
-4
2
1
4
2
2
6
0
2
-3
5
9
6
5
1
6
1
1
1
3
0
-2
-1
-3
-5
-2
0
-5
-4
-4
-9
-7
-12
-9
-10
-15
-8
-4
-8
-3
-2
-8
-3
1
-2
1
5
-1
2
2
-8
-6
-1
-3
-7
-4
-5
-5
-3
5
7
-1
0
2
-1
4
5
3
-1
-2
-5
-6
-1
-7
-4
-2
-5
-2
-1
1
1
8
7
1
3
7
7
5
3
3
4
2
6
0
3
1
-2
3
0
5
-1
1
8
2
3
4
5
2
1
2
-7
-8
-3
2
3
1
2
5
-6
-11
-7
-13
-9
-8
-13
-8
-13
-9
-7
-10
-4
-5
-6
-8
-6
-3
-7
-2
-6
-4
1
0
0
-6
-2
1
0
1
3
4
-2
-1
4
1
3
-3
-4
-5
-2
0
-6
1
8
2
-3
1
4
-2
1
1
-1
0
-3
2
3
-1
1
0
-3
8
4
3
1
-3
-4
-1
3
0
3
-4
0
7
6
5
4
2
1
6
7
3
-1
3
0
6
4
-2
3
5
7
3
4
6
3
-2
-2
2
3
3
-2
0
-7
0
5
5
9
0
8
-1
-2
6
-6
2
3
2
4
-3
-7
-1
10
3
6
7
5
6
6
10
2
5
5
5
8
0
0
-2
-3
0
0
-2
0
-1
0
2
4
3
1
2
2
3
4
-3
-2
2
-1
2
7
4
5
2
1
2
-4
-4
-11
-7
-8
-4
4
2
4
4
5
3
3
-2
0
-2
3
1
-6
2
6
5
1
-5
-8
-2
2
-2
1
3
-2
2
-1
1
6
2
-3
-1
1
1
3
8
7
6
4
5
4
1
11
6
3
4
1
3
0
5
5
0
-1
7
-5
1
-1
-9
-1
-4
-3
-2
0
-2
2
5
2
5
1
4
7
-1
1
-5
-3
1
6
4
-6
0
2
4
5
7
2
4
2
0
3
2
3
2
-2
5
5
10
11
7
9
5
7
8
6
5
4
6
4
6
6
2
-1
3
6
-1
0
-2
-1
4
3
0
5
10
8
6
4
10
4
0
7
6
2
2
2
2
7
0
2
7
2
-5
-3
1
2
0
-1
-7
-12
-9
-8
-5
-5
-4
-5
-4
-2
-7
-9
-4
-7
-3
-6
-8
-5
-5
-10
-1
0
-8
2
-2
-8
-2
-1
-4
-6
1
-1
-5
-5
-5
-3
3
4
-2
0
-1
0
3
0
4
0
1
6
7
7
3
5
7
3
-4
-5
1
0
0
0
1
-3
0
2
0
4
-2
-7
-1
0
3
1
-2
-2
3
-2
-1
2
-6
-5
-3
-2
-3
-4
-5
-7
-6
-5
-3
0
-2
-3
-8
-1
2
-3
-3
0
-2
-4
-3
1
-3
-4
-2
-4
-2
1
2
0
-2
0
2
-7
-2
0
-5
5
5
1
-1
-4
2
-2
-2
0
-2
7
0
-1
-1
-3
-5
-2
4
-6
2
3
0
0
-11
-3
-2
-1
-4
-9
1
2
8
9
-5
0
-1
1
3
-3
0
-9
-7
-4
-2
-7
-7
-3
-4
-3
-3
-7
-7
-8
-7
0
-5
-11
-9
-6
-7
-6
-5
-8
-9
-11
-7
-6
-7
-5
-9
-8
-4
-13
-9
-9
-11
-6
-2
-8
-8
-5
-6
-10
-19
-12
-7
-3
-1
0
-9
-9
-8
-11
-4
-9
-13
-8
-2
1
-5
-2
-1
0
-1
2
8
-1
-5
1
-1
3
1
-1
2
1
1
1
-2
-5
-2
-3
-1
-3
-8
-4
3
6
4
-1
1
6
3
3
4
0
-2
2
4
-1
6
2
-4
-2
-2
9
5
1
3
-3
-7
-1
-3
-4
-5
-4
-5
-3
3
4
1
3
0
3
3
1
4
1
-3
-1
1
-3
3
3
0
-2
-1
-7
-4
-2
-2
1
-2
2
0
6
2
0
3
0
10
8
3
3
7
5
3
3
1
-5
-1
4
4
2
0
4
5
2
-2
6
4
0
-1
-4
-10
-7
-2
4
-3
-3
-4
-10
-7
-4
-6
-8
-6
-6
-6
-4
-1
-5
-9
-3
2
-5
2
0
1
-8
-4
0
-4
-8
-11
-3
-6
-11
-4
4
-1
-2
0
-5
-6
2
1
7
9
6
5
1
-1
3
5
2
6
1
2
7
8
2
7
11
8
4
5
2
2
7
5
8
8
6
11
12
10
14
7
2
4
4
11
10
6
6
2
7
7
1
2
9
7
4
3
0
2
-1
1
5
6
3
6
6
10
11
8
11
9
9
4
11
2
3
8
7
10
6
2
2
3
0
7
6
4
9
9
5
12
12
10
7
5
6
4
12
15
9
9
8
7
13
10
13
12
10
8
4
1
4
3
4
4
3
8
6
6
7
7
6
8
7
8
5
4
-1
4
0
-9
0
-2
4
3
5
9
7
4
5
2
-1
5
1
3
4
4
6
7
3
3
4
2
7
8
3
2
4
2
-3
2
0
1
7
3
-2
1
-3
3
7
-2
1
-1
1
0
4
3
5
5
-2
5
-1
0
-2
2
1
1
1
0
0
-5
-1
-5
-1
-6
0
3
-1
3
0
3
4
5
6
7
7
0
8
1
0
10
5
4
4
5
5
5
1
-1
1
5
1
3
-1
4
2
0
7
7
6
1
7
9
8
1
3
4
-1
1
2
0
3
6
-4
-1
0
2
1
9
6
-3
5
1
0
-2
-5
-4
0
0
-5
2
9
7
0
2
4
-2
-3
0
5
-1
2
0
-4
3
1
4
-3
2
-4
-1
0
-5
0
-1
-1
-6
-1
-3
0
2
-3
-7
-5
-2
-7
-7
-3
1
-3
-2
-7
0
2
-1
-4
-3
2
-3
-3
-3
-5
-1
-1
-5
-4
-10
-10
-9
-6
-5
1
0
1
-1
-5
0
-6
-4
-4
-1
-7
-3
1
-1
-3
1
0
-1
8
-1
3
4
-3
1
-1
-4
3
1
-5
-1
-5
-1
-3
-2
2
-5
-5
-1
-3
-8
-7
-6
-7
-10
-5
-9
-4
-6
-8
-5
-10
-8
-8
-11
-7
-14
-10
-9
-10
-14
-16
-10
-11
-8
-13
-12
-13
-8
-8
-6
-8
-4
-1
-7
-1
-1
-5
-1
-4
-3
-6
-6
2
-1
-6
2
-2
-2
0
-1
2
0
-4
-3
-1
-6
-1
2
-4
0
2
2
3
9
5
-2
1
7
9
11
2
2
7
9
10
7
11
7
2
-1
0
-2
2
2
0
2
-7
-4
-3
-2
0
-3
0
0
-1
-3
-4
-3
-8
-2
-4
0
1
-5
-5
-3
-2
-9
-12
-10
-7
-7
-9
-12
-17
-19
-15
-13
-10
-11
-8
-6
-3
-4
-5
-2
-7
-4
0
-3
-7
-2
0
-2
0
1
-1
0
-6
-6
-5
-4
-5
-8
-1
-8
-8
-5
3
2
0
-1
-5
-2
-1
5
-1
1
9
-1
1
0
-8
2
2
-2
-6
-3
-3
-3
-4
-4
-2
-4
-3
-5
-1
3
1
3
6
3
4
1
-4
-1
-6
-3
-2
-3
-4
-4
-3
-5
-2
-5
-1
0
-5
3
-1
-3
-3
-6
-2
5
0
-5
-6
-9
-5
-7
-2
-9
-8
-4
-8
-2
1
3
-2
5
4
-1
0
4
7
5
3
5
6
2
10
12
3
5
3
6
9
5
0
5
5
5
6
2
3
2
2
1
6
5
0
1
1
6
7
6
4
9
14
8
7
5
-1
6
-2
-8
-3
-2
-2
-3
1
-2
-9
0
-2
-8
-8
-7
-4
-5
-4
-7
-9
-8
-6
-6
-7
-7
1
1
-5
4
3
-4
0
-2
-3
-7
-2
-1
-8
-5
-7
-13
-13
-11
-5
-7
-11
-5
-4
-4
-6
-3
-1
-4
-1
0
3
2
-1
-1
4
9
7
4
-2
1
6
2
7
5
4
-2
2
6
6
5
2
4
8
6
4
6
5
7
4
6
6
1
4
2
6
9
2
6
4
0
-2
1
8
3
1
3
5
6
8
9
4
9
13
3
1
2
3
6
9
8
4
8
4
4
5
1
6
6
7
7
3
3
0
-4
-2
3
-1
2
-2
2
-3
-8
-2
-5
-3
-2
-6
-6
-4
-6
-1
-3
-3
-3
2
2
0
2
7
9
6
5
1
6
6
4
5
5
-1
-8
-6
-4
-4
-7
0
0
0
6
5
2
3
6
5
6
2
4
7
4
-1
0
5
2
3
4
3
6
3
4
4
-4
-8
-3
-3
-2
-2
-2
-4
-8
-5
-8
-2
-2
-2
1
-4
-1
1
-2
-4
1
-2
-1
1
0
3
-2
-3
1
2
3
5
9
4
2
5
4
3
0
3
2
-1
-1
0
3
3
4
0
2
0
1
2
-5
2
-1
-1
-1
-4
-1
-1
3
1
-5
-5
0
5
0
-3
-1
0
1
-3
-1
2
3
-2
5
3
1
5
2
5
6
4
5
6
6
2
4
6
9
3
5
7
-9
-7
-5
-4
5
4
0
0
-3
3
5
1
3
0
-2
-3
-4
-3
-1
-3
-1
3
-2
-1
4
-4
-9
-7
-3
-8
-6
-10
-3
-2
-6
-8
-12
-5
-4
-7
-8
-3
-4
-10
-7
-4
-3
-5
-3
-1
-3
-2
-1
-1
-2
2
-3
-3
-1
-2
-4
2
1
-4
-1
2
3
6
4
3
2
-1
-1
-1
0
1
4
7
9
0
2
1
1
3
-1
1
-1
3
11
6
2
2
-1
5
1
1
3
1
1
-4
1
-5
-2
-1
-2
-2
-8
-3
-4
-1
-5
-5
-7
-8
1
-6
-11
-7
2
-9
-1
4
3
2
2
6
-2
5
2
-3
-7
-6
-3
-8
-3
0
-5
-4
4
5
7
6
-1
0
6
0
3
5
2
4
-1
-1
-1
1
6
1
-3
-3
-2
-2
-3
-1
-5
-2
-3
-3
1
-3
1
4
-2
-4
-3
0
1
2
1
-1
-2
-1
2
-2
-8
-3
0
-3
0
2
-3
-6
-2
0
0
-1
-3
-7
0
-7
-3
-2
-4
0
0
-4
-8
-7
-2
1
-2
-3
-5
-9
-6
-3
-6
-9
0
5
1
-1
0
-4
-1
10
5
-2
0
0
1
1
3
6
6
3
5
3
-5
-4
1
6
6
2
4
2
-1
-3
3
-4
-9
-1
-2
1
-1
-1
-3
2
-4
4
2
2
7
1
3
4
8
6
3
4
3
3
7
4
4
3
5
-1
0
1
-2
-5
-1
4
1
2
0
-2
-5
0
-1
-4
0
-2
-2
-3
-3
-6
-1
-4
-6
-1
-5
1
2
-2
-2
-3
2
6
-2
3
5
3
0
-1
0
0
6
0
2
2
4
0
-6
0
-3
-5
-2
0
-4
-3
-3
4
-2
-1
-3
-9
1
-1
-1
1
3
5
3
2
6
3
7
7
4
7
9
6
2
0
0
7
5
3
6
1
2
-1
-2
-3
-5
-5
-2
3
-1
1
-5
-7
0
-7
-6
-8
-3
2
0
1
-2
1
2
9
1
3
4
1
4
1
3
1
2
5
-4
0
0
-2
-2
0
1
-1
3
-5
0
2
6
7
-1
0
4
0
4
4
-2
2
2
0
-2
-1
0
1
-1
-4
5
-2
-1
0
0
1
-5
-1
-3
3
2
2
-5
2
1
3
1
-5
-1
-2
-1
5
2
0
6
5
4
3
5
3
8
7
8
5
3
8
4
2
2
4
-1
3
4
2
-1
-6
-2
-2
0
2
4
-2
1
0
3
6
2
12
8
5
9
7
8
11
7
5
1
1
-1
-3
-3
-3
-1
-10
-5
-6
-6
-12
-12
-2
-9
-9
-8
-4
-4
-5
2
1
-5
-6
-1
1
-2
-3
3
-1
-1
3
-2
1
-2
-1
-7
0
-2
-10
-3
-11
-4
-10
-8
-9
-12
0
0
-1
2
3
4
6
0
5
6
4
8
10
7
9
5
0
3
3
2
2
-4
-3
4
3
-4
-3
4
0
-3
1
4
0
2
4
3
-1
4
1
1
7
-5
3
4
0
3
5
3
1
3
1
1
0
1
6
-4
0
3
3
-6
-7
-4
-8
-4
-2
4
5
2
-5
-4
8
2
-3
2
6
9
6
-1
5
6
0
2
-4
-7
-1
-6
-8
5
0
0
1
-1
-2
3
7
1
2
1
0
-1
2
2
-3
-1
-1
3
-1
2
2
0
-4
-6
-2
-1
-6
-8
-3
-4
-4
-3
0
-4
-3
-5
1
2
1
3
-2
1
1
-1
-4
1
-4
-1
6
-2
-1
-3
0
2
-5
-5
0
-2
-3
-3
-5
-6
-3
0
-3
-5
-5
-3
-7
-3
0
0
-1
-3
-3
-8
-6
-3
-10
-6
-2
-12
-9
-6
-8
-8
-8
-5
-6
-9
-1
1
1
-2
-2
2
5
5
3
5
5
4
9
5
4
12
10
2
9
8
6
1
10
6
3
9
2
3
-1
4
6
5
8
5
4
7
5
3
4
6
0
5
6
0
2
6
5
-2
2
2
-2
2
-5
-6
-4
-9
-7
-4
-3
-11
-11
-7
-9
-5
-6
-2
1
-7
-5
2
-2
0
4
-1
-4
-5
-5
1
-6
-8
-8
-12
-8
-7
1
-4
-8
-3
-4
-3
-4
-5
-11
-3
-1
-2
-5
-10
-1
-1
0
1
2
-2
0
-1
1
6
5
5
3
7
3
1
7
2
7
8
6
2
6
7
5
4
0
7
-3
-4
0
4
-1
6
2
5
11
7
12
7
6
5
9
11
4
7
9
3
1
1
7
-3
-7
-2
-1
2
-3
2
-3
-3
-5
-9
0
-7
-15
-10
-8
-7
-6
-9
-4
3
-1
0
9
10
11
10
2
-4
0
-2
-9
-4
-5
-11
-16
-10
-8
-11
-10
-12
-7
-2
0
0
-3
2
0
4
8
3
5
2
3
-3
1
0
-5
-1
-7
-6
-15
-24
-17
-21
-24
-26
-20
-13
-18
-19
-11
-5
-6
-2
4
1
-6
-5
-2
3
1
0
3
15
26
39
47
47
45
41
43
41
47
38
17
9
-3
0
4
14
17
11
17
26
43
53
47
52
44
40
41
25
18
5
-13
-25
-38
-39
-37
-44
-44
-47
-57
-58
-53
-56
-61
-60
-78
-81
-84
-89
-88
-92
-89
-89
-78
-62
-47
-35
-23
-16
-2
17
31
45
47
55
57
65
74
80
85
90
99
104
107
108
118
111
113
119
104
104
89
78
69
55
45
29
10
-2
-13
-29
-45
-59
-73
-86
-99
-108
-118
-121
-123
-130
-133
-135
-140
-130
-124
-120
-111
-104
-93
-86
-68
-56
-41
-24
-10
6
29
42
45
58
66
75
82
85
94
98
105
116
121
125
140
142
137
134
134
133
120
105
86
65
49
31
14
1
-21
-35
-48
-58
-71
-81
-91
-106
-123
-139
-153
-158
-174
-187
-185
-190
-181
-166
-155
-142
-124
-101
-82
-58
-28
1
21
38
61
81
96
111
124
135
141
150
164
173
184
195
211
220
230
244
248
248
251
235
209
186
159
123
89
57
14
-26
-57
-81
-111
-132
-152
-173
-181
-204
-220
-237
-258
-270
-285
-299
-300
-300
-297
-283
-269
-252
-229
-198
-171
-148
-125
-103
-88
-75
-61
-50
-27
-18
-9
3
12
31
50
68
90
120
141
170
200
216
246
269
295
319
338
363
373
382
386
382
371
347
325
294
256
217
172
127
86
41
-6
-47
-89
-134
-181
-218
-253
-289
-313
-345
-365
-381
-385
-371
-357
-336
-304
-271
-233
-193
-160
-124
-99
-88
-79
-82
-71
-73
-88
-95
-102
-104
-99
-87
-73
-64
-44
-28
-17
-1
13
30
38
54
77
108
140
185
232
284
346
399
452
496
532
550
552
540
515
473
421
368
300
228
157
98
40
-20
-78
-133
-189
-238
-286
-326
-373
-406
-437
-462
-469
-469
-453
-428
-392
-356
-304
-256
-207
-148
-106
-65
-17
14
40
64
82
102
104
99
97
87
66
31
-4
-46
-95
-120
-159
-186
-200
-210
-207
-194
-164
-131
-91
-50
-4
39
80
125
170
216
265
314
365
426
479
525
566
588
586
563
525
469
389
297
200
85
-26
-122
-206
-288
-358
-397
-437
-465
-482
-483
-473
-458
-435
-410
-370
-324
-269
-210
-147
-73
-7
64
129
199
251
286
315
335
346
341
328
301
260
222
166
105
36
-41
-112
-187
-262
-326
-376
-433
-457
-470
-466
-447
-409
-358
-302
-242
-168
-96
-37
44
108
176
254
329
395
464
530
578
617
639
640
615
575
510
425
323
218
106
-8
-108
-198
-273
-334
-365
-402
-421
-417
-404
-387
-362
-333
-311
-258
-216
-170
-117
-64
-7
49
108
162
216
257
288
314
321
320
314
289
254
210
158
96
34
-39
-113
-175
-252
-322
-380
-431
-473
-496
-501
-507
-501
-476
-438
-397
-348
-288
-229
-160
-78
6
95
197
298
395
486
575
646
687
711
695
656
612
523
424
317
206
88
-19
-97
-173
-240
-287
-315
-336
-353
-355
-354
-354
-339
-319
-298
-260
-209
-152
-81
-10
75
159
233
300
342
376
392
391
377
341
298
241
181
116
54
-6
-71
-140
-204
-265
-330
-385
-433
-481
-518
-535
-547
-544
-526
-498
-451
-397
-331
-258
-169
-76
19
128
230
333
434
535
615
679
722
746
746
698
633
555
448
337
212
93
-18
-120
-202
-274
-316
-355
-376
-390
-386
-377
-370
-353
-334
-301
-262
-209
-146
-70
13
100
199
293
372
433
483
506
507
480
434
374
288
203
109
16
-79
-165
-236
-303
-361
-409
-453
-500
-538
-577
-609
-634
-654
-666
-660
-645
-607
-542
-464
-357
-227
-92
55
216
374
519
656
773
855
902
921
899
848
768
667
559
436
309
189
79
-21
-104
-168
-213
-256
-302
-334
-362
-386
-406
-420
-423
-416
-387
-336
-266
-170
-58
62
183
297
388
463
510
526
506
452
387
300
197
93
-5
-96
-176
-246
-299
-349
-385
-428
-474
-506
-547
-584
-619
-653
-675
-688
-677
-651
-598
-518
-419
-299
-153
10
181
361
536
696
845
970
1063
1119
1123
1100
1042
948
828
693
547
401
269
135
22
-68
-154
-230
-305
-368
-436
-511
-576
-640
-693
-725
-729
-703
-638
-543
-418
-266
-104
59
203
339
436
498
524
502
457
384
295
208
125
54
-11
-60
-94
-139
-183
-228
-272
-336
-405
-476
-557
-633
-702
-743
-758
-753
-716
-652
-555
-428
-281
-115
66
259
441
623
795
943
1067
1156
1203
1205
1167
1084
963
825
671
496
329
172
29
-93
-201
-289
-379
-454
-527
-606
-681
-755
-818
-860
-869
-849
-784
-670
-517
-339
-132
89
291
473
611
722
773
769
724
653
563
456
351
255
174
93
34
-25
-96
-170
-252
-352
-473
-589
-708
-816
-909
-966
-991
-995
-951
-875
-775
-633
-472
-301
-105
102
309
506
704
891
1046
1176
1272
1324
1323
1274
1181
1054
896
708
507
320
144
-34
-181
-306
-433
-545
-633
-718
-797
-862
-933
-974
-980
-954
-894
-784
-619
-429
-217
24
263
481
668
812
918
960
948
894
803
700
567
434
311
197
87
-21
-124
-227
-332
-452
-573
-685
-796
-904
-997
-1054
-1082
-1074
-1027
-943
-824
-676
-506
-305
-82
146
366
580
798
999
1169
1309
1412
1472
1460
1384
1284
1148
952
724
502
290
78
-115
-273
-411
-529
-644
-749
-830
-918
-1017
-1108
-1162
-1184
-1178
-1122
-991
-798
-573
-312
-16
281
557
777
942
1070
1123
1101
1032
951
837
693
547
427
318
194
63
-48
-162
-313
-468
-618
-764
-907
-1043
-1149
-1193
-1201
-1170
-1103
-980
-825
-661
-459
-239
-1
224
446
683
924
1138
1316
1468
1588
1628
1597
1505
1366
1172
907
633
373
125
-102
-297
-453
-577
-701
-821
-931
-1029
-1131
-1257
-1357
-1403
-1408
-1356
-1225
-1004
-727
-403
-57
309
670
956
1173
1323
1405
1405
1338
1228
1098
950
777
625
493
350
187
8
-179
-383
-603
-830
-1044
-1224
-1387
-1517
-1572
-1544
-1461
-1350
-1188
-983
-755
-513
-270
2
275
539
793
1060
1338
1565
1741
1879
1941
1902
1768
1566
1308
989
629
272
-37
-301
-531
-703
-814
-907
-1015
-1103
-1172
-1256
-1366
-1456
-1507
-1492
-1401
-1226
-959
-601
-203
203
640
1048
1371
1592
1722
1752
1695
1560
1377
1185
976
764
549
366
202
14
-201
-425
-661
-920
-1170
-1381
-1564
-1704
-1803
-1817
-1731
-1585
-1390
-1167
-890
-604
-321
-30
267
566
843
1108
1380
1651
1882
2053
2157
2172
2066
1831
1511
1140
715
243
-203
-551
-820
-1014
-1132
-1173
-1170
-1196
-1231
-1261
-1317
-1385
-1489
-1549
-1498
-1356
-1115
-769
-312
191
684
1156
1590
1911
2071
2085
1985
1802
1534
1229
947
686
434
182
-21
-174
-361
-597
-828
-1061
-1292
-1517
-1699
-1802
-1834
-1817
-1722
-1508
-1219
-914
-622
-296
28
308
562
815
1079
1313
1516
1730
1962
2150
2246
2220
2091
1827
1405
888
340
-197
-734
-1191
-1476
-1592
-1600
-1533
-1402
-1247
-1133
-1109
-1125
-1145
-1202
-1289
-1309
-1168
-889
-513
-35
545
1131
1642
2039
2335
2470
2396
2125
1760
1362
945
529
183
-64
-291
-501
-686
-810
-958
-1194
-1459
-1679
-1841
-1972
-2019
-1932
-1726
-1457
-1138
-729
-261
153
458
711
932
1090
1190
1288
1449
1618
1774
1961
2174
2332
2321
2111
1728
1194
485
-309
-1035
-1668
-2173
-2468
-2487
-2251
-1882
-1481
-1095
-769
-586
-570
-659
-779
-908
-1008
-952
-652
-144
481
1192
1912
2535
2957
3131
3053
2727
2151
1420
684
54
-467
-854
-1065
-1142
-1152
-1155
-1177
-1265
-1436
-1719
-2028
-2245
-2333
-2277
-2035
-1598
-1025
-380
280
899
1384
1662
1737
1667
1516
1338
1195
1156
1234
1416
1678
1963
2191
2242
2010
1489
716
-235
-1246
-2168
-2878
-3335
-3438
-3156
-2546
-1763
-961
-252
228
420
352
101
-235
-572
-806
-775
-426
223
1059
1983
2832
3414
3663
3566
3124
2347
1328
242
-731
-1456
-1900
-2023
-1870
-1585
-1291
-1035
-892
-967
-1246
-1663
-2088
-2408
-2511
-2304
-1773
-989
-106
798
1637
2278
2593
2562
2258
1752
1156
635
312
243
397
724
1181
1686
2055
2135
1883
1261
276
-938
-2082
-2972
-3538
-3739
-3508
-2792
-1773
-696
281
1041
1398
1207
692
126
-428
-907
-1182
-1029
-433
447
1473
2543
3416
3797
3622
3048
2211
1112
-138
-1269
-2065
-2462
-2469
-2096
-1472
-843
-426
-275
-361
-711
-1284
-1908
-2408
-2638
-2497
-1919
-943
224
1315
2167
2740
2956
2747
2179
1437
674
-9
-460
-510
-165
375
942
1471
1907
2086
1910
1421
633
-478
-1732
-2674
-3090
-3122
-2918
-2369
-1455
-451
367
958
1322
1199
501
-364
-914
-1149
-1259
-1153
-585
332
1312
2249
3109
3596
3387
2599
1653
770
-146
-1060
-1709
-1907
-1758
-1374
-817
-235
72
-82
-535
-1086
-1634
-2169
-2587
-2677
-2326
-1625
-658
475
1513
2150
2316
2177
1853
1350
715
162
-146
-205
-39
382
976
1464
1683
1707
1620
1372
940
411
-231
-1033
-1785
-2117
-2027
-1830
-1674
-1357
-833
-375
-111
87
199
-52
-640
-1066
-1011
-737
-492
-175
389
1077
1702
2263
2733
2825
2380
1671
1057
580
79
-459
-863
-1006
-952
-804
-622
-496
-607
-991
-1461
-1790
-1961
-2072
-2104
-1879
-1336
-644
108
844
1359
1462
1281
1046
839
591
301
144
220
452
773
1178
1510
1604
1523
1394
1207
948
677
352
-251
-1080
-1611
-1633
-1568
-1726
-1757
-1350
-849
-595
-385
-39
57
-441
-1055
-1125
-792
-609
-541
-124
631
1330
1908
2540
2988
2847
2152
1429
994
586
-44
-646
-851
-806
-731
-634
-485
-487
-883
-1479
-1875
-1946
-1967
-2020
-1792
-1170
-411
274
898
1370
1418
1021
540
283
124
-105
-205
38
468
845
1203
1501
1555
1343
1105
982
898
835
778
605
33
-740
-1127
-1141
-1376
-1863
-1894
-1405
-962
-767
-419
80
72
-585
-1105
-939
-610
-686
-737
-160
712
1384
1978
2667
3021
2638
1780
1088
732
284
-412
-905
-861
-622
-518
-442
-347
-539
-1154
-1812
-2055
-1943
-1927
-1951
-1492
-552
305
893
1379
1558
1157
476
34
-107
-256
-473
-416
82
741
1239
1566
1739
1646
1347
1137
1189
1363
1291
613
-471
-1190
-1258
-1311
-1714
-1995
-1744
-1286
-940
-579
-119
-38
-717
-1527
-1531
-907
-521
-387
41
808
1534
2157
2722
2975
2570
1641
818
451
251
-105
-470
-570
-437
-266
-201
-335
-708
-1324
-1969
-2334
-2261
-1906
-1466
-911
-201
614
1340
1755
1725
1250
532
-104
-487
-637
-544
-257
12
239
601
991
1031
743
506
486
592
874
1487
2073
1684
228
-907
-990
-1100
-1950
-2454
-1879
-1038
-636
-216
569
852
-182
-1587
-1775
-1037
-745
-833
-313
725
1518
2064
2720
3138
2627
1305
183
-83
-49
-393
-772
-674
-319
-149
-197
-301
-580
-1319
-2163
-2329
-1765
-1143
-718
-163
563
1113
1404
1582
1535
960
57
-427
-342
-240
-249
-112
-3
-103
-158
-60
-58
-186
-216
36
644
1465
2335
2806
1958
22
-1238
-1291
-1554
-2392
-2438
-1414
-396
144
732
1410
1156
-501
-2068
-2004
-1160
-948
-836
59
1149
1797
2249
2728
2732
1727
170
-719
-577
-360
-590
-710
-432
-179
-202
-366
-528
-886
-1598
-2050
-1547
-623
-97
263
835
1291
1288
1106
1066
985
399
-358
-374
118
117
-196
-140
-96
-430
-730
-740
-656
-604
-389
284
1268
2083
2671
2938
1777
-513
-1704
-1499
-1760
-2602
-2292
-901
234
639
948
1429
999
-888
-2331
-1692
-485
-379
-361
591
1565
1838
1778
1882
1834
930
-542
-1056
-337
77
-337
-659
-496
-412
-691
-1015
-1003
-946
-1293
-1416
-561
536
847
781
962
1118
925
617
622
761
436
-91
2
403
212
-377
-731
-864
-988
-1065
-929
-439
93
426
990
1992
2884
2907
1548
-689
-2020
-1856
-1792
-2267
-1879
-626
218
533
946
1308
729
-1027
-2419
-1763
-94
468
359
998
1748
1638
1297
1316
1231
419
-849
-1278
-391
283
-273
-915
-816
-778
-1188
-1419
-1165
-855
-922
-865
130
1497
1741
934
586
942
958
455
352
747
780
300
96
423
370
-567
-1527
-1567
-1099
-1007
-1033
-413
472
809
940
1639
2685
3139
2079
-303
-2024
-1990
-1688
-2214
-2272
-1211
-242
23
196
706
866
-275
-1974
-1962
-121
1141
1015
1133
1882
1975
1309
949
1169
958
-211
-1189
-684
301
-11
-1123
-1484
-1226
-1391
-1780
-1556
-821
-443
-498
-50
1026
1631
1257
739
789
1002
838
562
722
961
624
103
103
156
-370
-1064
-1267
-977
-691
-691
-572
78
679
873
1139
1701
2267
2544
1700
-596
-2269
-2184
-1933
-2414
-2172
-994
-70
175
182
453
641
-234
-1783
-1639
254
1474
1303
1379
1970
1907
1074
486
710
745
-278
-1305
-778
175
-279
-1418
-1605
-1282
-1561
-1914
-1400
-392
-31
-225
127
1161
1664
1159
645
881
1165
857
540
780
917
331
-337
-388
-200
-468
-1121
-1269
-643
-129
-194
39
816
1171
976
1022
1621
2336
1995
-285
-2443
-2348
-1581
-2048
-2232
-1016
-90
-161
-316
40
415
-69
-1500
-1821
29
1827
1878
1476
1769
1742
967
169
268
756
302
-892
-871
358
367
-1086
-1924
-1623
-1564
-1853
-1553
-567
97
-5
-12
780
1596
1327
595
591
1170
1253
885
824
860
317
-467
-691
-552
-608
-879
-1005
-585
124
359
306
721
1093
890
832
1173
1593
2078
1563
-953
-2931
-2396
-1622
-2229
-2171
-900
-103
-24
-8
174
357
-156
-1473
-1449
596
2127
1908
1516
1657
1349
524
-113
71
556
139
-821
-481
583
120
-1399
-1891
-1510
-1551
-1696
-1202
-237
333
196
210
1008
1513
837
145
555
1169
1076
790
863
823
181
-616
-879
-784
-955
-1263
-1005
-62
658
624
533
992
1225
842
678
1034
1489
1904
1480
-673
-2504
-2307
-1792
-2435
-2428
-1204
-321
-162
-104
76
343
173
-809
-962
628
1973
1737
1330
1422
1006
160
-238
146
676
424
-507
-672
-111
-460
-1527
-1869
-1602
-1481
-1139
-500
99
504
582
533
752
825
529
601
1022
1071
946
994
868
358
-226
-842
-1237
-1277
-1070
-763
-344
53
346
620
844
1035
1054
1151
1300
1342
1585
2146
1237
-1567
-3084
-2216
-1791
-2573
-2113
-717
-125
-220
-317
-159
305
147
-924
-562
1313
1993
1287
1342
1558
714
-172
-140
609
1136
456
-744
-651
-245
-1127
-1974
-1560
-1226
-1414
-974
-64
483
440
96
87
549
598
276
631
1302
1267
859
805
804
335
-479
-1127
-1180
-895
-607
-402
6
340
316
199
616
1123
992
870
1219
1756
2237
2246
182
-2503
-2949
-2052
-2346
-2478
-1176
-235
-239
-196
-87
36
149
-499
-943
510
2013
1717
1062
1195
810
-122
-623
-156
902
1273
258
-518
-262
-663
-1734
-1863
-1229
-1065
-942
-367
393
688
244
-349
-298
33
253
590
1014
1229
1218
912
575
292
-305
-1081
-1144
-797
-542
-106
364
379
182
89
91
537
869
696
914
1769
2279
2400
1760
-581
-2689
-2536
-1955
-2382
-1861
-454
-161
-576
-538
-420
-312
-236
-626
-314
1293
2165
1565
1152
1040
253
-590
-571
240
1197
1205
156
-459
-590
-1311
-2044
-1654
-969
-764
-494
31
405
397
-31
-482
-186
488
672
708
1340
1630
940
189
40
-198
-691
-967
-764
-299
-30
-136
-12
354
165
-292
7
647
766
771
1162
1548
1637
1863
2226
1296
-1430
-3201
-2366
-1492
-2223
-2108
-515
313
-217
-638
-484
100
234
-422
-317
1399
2306
1422
782
842
186
-538
-268
428
820
554
-452
-1019
-745
-993
-1837
-1661
-698
-237
-125
47
103
99
78
-122
50
572
865
903
955
755
485
304
-67
-466
-554
-524
-427
-81
87
-30
-182
-299
-295
82
382
240
307
875
1369
1470
1662
2104
1901
74
-2184
-2430
-1271
-1416
-2444
-1724
142
531
-298
-662
-348
-156
-173
-208
449
1463
1535
690
531
889
422
-197
-16
595
620
-25
-894
-906
-449
-789
-1571
-1136
-124
-21
-468
-397
-56
12
11
84
294
629
814
594
409
534
468
14
-243
-56
114
-12
-79
44
88
-267
-587
-404
22
60
-119
63
561
973
1265
1486
1564
1608
1147
-528
-2109
-1715
-794
-1591
-2233
-655
906
395
-463
-542
-507
-345
-17
41
496
1422
1176
157
338
965
242
-617
-23
854
606
-306
-674
-297
-112
-834
-1470
-893
-49
-201
-650
-226
293
32
-291
202
744
582
163
147
451
593
308
-118
-3
324
48
-438
-85
464
153
-477
-427
-95
-205
-547
-393
278
784
880
1133
1549
1533
1088
415
-790
-1913
-1679
-960
-1076
-1166
-19
908
385
-601
-802
-518
-265
-50
249
713
969
591
21
109
320
-22
-364
36
588
582
107
-167
-121
-201
-740
-989
-524
-75
-106
-135
-66
-217
-389
-231
132
301
34
-230
135
608
431
44
97
229
166
42
-13
152
366
180
-225
-258
-246
-447
-374
61
374
537
804
1021
909
502
205
56
-495
-1365
-1410
-647
-318
-352
208
946
690
-209
-564
-188
128
127
176
419
478
193
-162
-319
-301
-389
-636
-356
493
852
278
-150
-10
19
-252
-372
-190
163
350
94
-167
-83
-36
-232
-174
-97
-285
-347
-39
132
158
220
214
86
32
-22
-75
36
202
114
-108
-193
-208
-245
-161
153
465
576
482
397
268
76
-112
-202
-384
-650
-668
-317
74
355
562
549
352
265
278
194
187
391
422
148
-55
-83
-185
-363
-503
-621
-662
-450
-109
159
269
126
-145
-285
-292
-260
-16
244
190
54
178
174
-74
-203
-140
-235
-353
-176
203
383
292
157
21
-198
-388
-395
-261
-59
57
-115
-405
-399
-296
-311
-148
360
618
444
311
420
485
329
61
-220
-355
-298
-115
182
688
915
551
144
211
262
54
38
272
311
201
124
-60
-372
-613
-724
-726
-520
-200
103
294
258
-62
-385
-549
-509
-237
98
230
240
228
126
9
-58
-234
-367
-130
98
-12
47
452
510
136
-35
-27
-244
-496
-404
-139
-61
-156
-224
-266
-381
-405
-276
-11
252
407
344
378
603
640
316
18
-59
-9
50
265
709
1046
802
281
86
79
-103
-201
-61
52
100
91
-79
-352
-568
-787
-827
-565
-240
1
274
420
162
-241
-437
-455
-327
-9
240
218
187
218
97
-174
-253
-258
-233
-12
251
144
42
291
438
158
-121
-181
-243
-253
-144
-123
-242
-290
-339
-451
-497
-353
-145
14
169
380
468
398
307
244
165
250
361
240
245
594
811
702
653
420
-91
-357
-142
-94
-192
-62
97
-105
-490
-653
-646
-527
-376
-132
-29
10
61
162
19
-240
-435
-356
-69
233
277
175
103
-27
-220
-341
-279
-148
15
146
235
244
288
327
311
127
-1
-23
-26
-102
-75
-35
-98
-200
-291
-463
-502
-267
-145
-120
146
421
207
-97
-136
-141
-117
275
662
594
404
514
634
521
339
229
35
-72
-23
32
-52
-1
62
-157
-504
-594
-451
-281
-32
102
28
-170
-202
-235
-261
-276
-173
-96
19
194
293
191
28
-46
-129
-140
-61
29
41
146
238
195
96
90
79
88
171
223
57
-178
-229
-111
-52
-149
-333
-426
-341
-162
-82
-71
17
84
-80
-350
-400
-277
-62
315
696
775
605
421
302
212
137
56
73
93
94
140
205
27
-184
-199
-207
-305
-213
105
266
207
-38
-311
-577
-675
-573
-256
0
120
107
63
-6
-9
-3
-86
-80
81
240
223
250
320
290
92
20
56
63
105
281
322
44
-267
-352
-307
-305
-335
-392
-398
-259
-52
-55
-178
-188
-190
-370
-419
-150
70
125
346
590
622
567
508
232
8
59
75
4
230
504
263
-81
-119
-150
-327
-153
199
374
353
361
193
-79
-331
-589
-781
-673
-266
52
161
91
36
-83
-114
-110
-4
38
94
222
414
463
335
151
24
30
71
129
112
203
216
78
-169
-303
-461
-569
-520
-421
-395
-240
-23
-43
-173
-234
-334
-486
-359
-39
178
223
335
422
386
293
319
322
197
80
95
141
167
232
204
-11
-248
-297
-173
43
354
644
625
295
-30
-229
-406
-538
-546
-411
-206
-33
-35
-21
45
51
-51
11
119
126
140
288
431
377
181
9
4
-17
-2
80
194
134
115
73
-105
-303
-378
-482
-586
-482
-359
-299
-195
-53
-91
-224
-361
-371
-228
-28
73
158
256
233
159
201
331
394
405
306
162
72
63
32
31
43
-44
-171
-50
268
414
392
400
335
45
-237
-338
-348
-289
-146
-134
-277
-316
-176
-9
82
111
129
177
251
275
279
197
97
31
4
-60
-53
29
137
214
217
106
-17
-88
-229
-368
-429
-449
-505
-454
-324
-200
-233
-306
-298
-198
-137
-60
24
55
24
11
21
88
237
362
477
609
632
372
51
-90
-85
-76
18
147
203
203
289
302
174
64
97
71
-83
-142
-53
-2
-76
-211
-363
-419
-321
-118
79
202
221
230
243
212
62
-80
-164
-155
-107
-7
70
93
117
144
130
15
-54
-67
-86
-243
-391
-453
-442
-435
-385
-328
-290
-303
-265
-126
8
-15
-108
-84
-58
-106
-119
66
286
417
505
621
622
433
117
-69
-45
42
102
239
392
350
147
25
-12
-86
-93
52
167
166
88
-7
-110
-190
-251
-303
-227
-23
180
295
344
315
208
51
-60
-171
-238
-227
-108
19
122
139
133
111
37
-29
-51
-67
-175
-249
-301
-369
-436
-382
-351
-357
-341
-278
-248
-202
-146
-117
-85
-19
14
-56
-73
24
242
407
456
458
504
416
220
78
65
61
117
210
254
230
133
-29
-149
-134
-113
-75
110
309
247
43
-106
-183
-259
-259
-157
4
157
301
381
309
126
-24
-92
-126
-175
-175
-88
24
114
177
175
61
-72
-113
-55
-80
-162
-205
-161
-224
-382
-455
-407
-391
-396
-282
-198
-251
-282
-138
4
29
-65
-124
-96
45
178
278
357
405
410
379
376
332
270
204
176
155
136
73
52
36
7
-33
-59
-2
111
208
175
58
-101
-204
-218
-170
-103
21
147
205
201
177
82
-82
-154
-99
-24
3
14
50
95
81
11
-54
-93
-106
-77
-5
-12
-115
-199
-246
-374
-490
-464
-379
-341
-315
-256
-239
-206
-136
-87
-106
-92
-40
48
148
195
201
238
300
302
321
429
537
490
380
266
129
-6
-50
-18
57
124
146
117
71
82
88
66
15
-28
-87
-103
-49
16
20
5
4
6
18
33
24
-11
25
81
88
41
38
24
-33
-90
-52
-15
-37
-9
42
-33
-209
-316
-348
-421
-468
-419
-392
-399
-398
-362
-321
-250
-231
-235
-148
42
142
118
122
167
105
29
102
267
340
436
602
586
362
173
78
-44
-85
19
119
147
211
199
86
-9
-29
-58
-31
48
89
64
34
25
-30
-113
-132
-54
5
60
165
203
156
155
189
147
43
-35
-80
-87
-27
44
90
66
-37
-153
-237
-297
-334
-342
-355
-348
-356
-407
-434
-399
-367
-318
-214
-118
-36
115
194
138
90
69
12
-34
46
167
281
413
526
531
392
202
73
31
38
71
148
227
239
209
109
8
-92
-132
-74
47
129
150
119
29
-92
-161
-173
-123
10
142
221
246
248
209
166
106
27
-57
-67
-31
31
56
29
-48
-151
-248
-297
-281
-257
-229
-269
-338
-397
-449
-490
-460
-386
-289
-176
-54
31
81
79
33
-1
-16
-45
-3
131
203
238
329
386
349
292
242
186
179
234
203
183
237
241
131
30
-31
-81
-120
-76
26
102
122
66
2
-65
-145
-190
-126
-13
83
114
154
195
157
51
-21
-23
-13
12
50
60
27
-31
-99
-153
-192
-196
-213
-229
-230
-284
-407
-479
-467
-460
-441
-346
-219
-137
-91
-66
-78
-94
-89
-61
13
105
191
266
283
229
193
210
246
314
385
390
356
332
288
208
163
126
48
3
43
51
21
41
112
156
136
109
95
75
58
27
-32
-42
-16
14
31
59
39
-17
-25
13
48
75
124
122
65
0
-42
-74
-80
-71
-83
-162
-254
-329
-401
-462
-444
-392
-395
-385
-318
-251
-256
-246
-217
-206
-167
-46
81
163
230
270
198
95
76
101
146
249
393
436
381
285
189
99
46
-25
-46
34
103
75
62
124
154
137
134
157
170
173
157
107
21
-39
-76
-85
-63
-38
-46
-58
-14
63
80
70
112
155
150
86
-1
-62
-64
-59
-91
-155
-236
-338
-428
-446
-418
-406
-407
-383
-352
-371
-419
-394
-303
-237
-166
-31
90
136
151
134
66
-4
-9
38
83
187
326
393
364
279
147
34
-16
-12
15
82
155
177
162
144
133
145
190
234
254
254
235
191
100
-29
-124
-158
-161
-123
-35
41
90
137
153
145
169
189
160
147
120
29
-77
-111
-127
-185
-235
-245
-289
-358
-379
-365
-361
-351
-331
-355
-411
-393
-268
-139
-65
-8
58
91
90
67
48
37
57
110
160
207
280
347
370
323
213
101
76
113
128
146
202
240
184
170
161
144
149
207
268
284
259
172
75
-14
-141
-244
-222
-123
-6
77
134
153
136
119
127
127
95
73
71
16
-125
-230
-242
-235
-259
-268
-259
-276
-325
-340
-338
-350
-379
-401
-427
-392
-306
-227
-172
-131
-105
-106
-85
-61
-33
-27
9
58
123
156
170
185
207
211
188
179
174
158
145
148
154
171
191
198
196
200
173
175
228
306
295
206
99
28
-51
-130
-124
-35
50
89
160
185
147
114
118
116
94
69
45
-11
-75
-155
-217
-240
-228
-220
-200
-174
-195
-244
-293
-338
-374
-384
-373
-334
-299
-286
-264
-228
-228
-217
-176
-122
-93
-53
4
45
54
71
81
47
32
85
183
257
280
277
233
201
212
215
235
284
335
322
293
287
278
284
302
252
165
108
94
85
82
83
110
143
169
189
201
184
131
112
97
55
11
2
-17
-66
-120
-167
-226
-248
-212
-153
-146
-196
-272
-335
-371
-381
-351
-302
-266
-292
-333
-319
-294
-288
-259
-198
-160
-152
-108
-47
-22
-37
-49
-65
-73
-47
43
177
295
349
316
238
181
174
187
214
282
347
325
266
218
157
101
83
93
100
107
120
147
174
181
150
87
62
92
116
102
96
94
46
-20
-45
-60
-101
-127
-137
-155
-190
-209
-188
-148
-163
-228
-282
-288
-291
-292
-271
-238
-245
-305
-344
-356
-333
-296
-229
-171
-133
-112
-106
-121
-121
-86
-51
-21
16
65
134
221
279
303
316
302
262
208
212
263
306
318
292
251
159
79
49
91
170
240
278
295
315
287
222
183
133
72
62
82
82
59
63
59
0
-77
-116
-113
-79
-44
-39
-89
-147
-174
-185
-200
-203
-205
-215
-228
-237
-255
-287
-326
-365
-370
-351
-306
-264
-204
-145
-119
-134
-172
-154
-106
-72
-25
31
66
78
104
142
169
209
266
308
321
334
310
266
233
197
159
134
131
118
127
185
236
244
276
307
288
213
167
134
81
52
40
11
-36
-35
-16
-32
-76
-97
-87
-67
-72
-89
-98
-125
-174
-214
-227
-226
-207
-202
-212
-228
-271
-326
-334
-314
-316
-326
-290
-241
-226
-235
-232
-218
-208
-194
-161
-99
-44
-3
26
54
62
75
125
195
233
269
327
373
374
324
227
133
109
130
160
200
248
273
273
269
252
250
287
299
258
197
161
114
57
14
-24
-80
-110
-91
-56
-30
-39
-55
-73
-114
-131
-102
-98
-119
-136
-155
-191
-221
-221
-218
-247
-271
-282
-283
-284
-276
-260
-235
-218
-225
-249
-227
-156
-115
-98
-74
-46
-30
9
61
89
108
147
202
256
286
308
329
329
294
238
163
121
145
196
214
240
268
260
245
261
259
238
252
260
225
161
95
16
-36
-78
-102
-134
-124
-92
-44
-22
-39
-64
-98
-132
-142
-124
-114
-102
-117
-161
-237
-287
-310
-300
-263
-226
-212
-216
-230
-237
-252
-260
-260
-261
-238
-201
-139
-92
-47
-25
-35
-30
12
56
99
140
195
237
270
264
232
201
175
164
153
176
207
232
237
242
210
174
168
199
207
194
198
194
162
109
65
-9
-64
-78
-66
-54
-40
-31
-34
-46
-63
-80
-83
-84
-89
-83
-82
-103
-137
-171
-208
-235
-263
-270
-249
-216
-182
-163
-156
-182
-226
-252
-248
-211
-167
-119
-66
-47
-37
-29
-31
-18
15
59
97
150
176
183
213
237
214
180
175
186
181
204
247
255
237
225
204
160
148
168
193
207
214
182
121
74
44
17
-5
-4
-2
1
11
12
-4
-34
-47
-45
-57
-63
-47
-30
-72
-132
-192
-239
-252
-223
-188
-178
-176
-181
-193
-199
-205
-223
-229
-237
-240
-229
-174
-125
-95
-72
-70
-59
-54
-36
-4
47
90
93
97
105
98
110
135
164
186
204
213
208
216
223
195
172
180
170
159
157
174
175
165
145
107
74
68
58
53
44
39
19
8
20
-1
-30
-46
-31
-9
-3
-25
-42
-84
-145
-218
-238
-225
-208
-184
-155
-140
-157
-193
-236
-245
-241
-237
-226
-191
-170
-147
-125
-94
-98
-86
-66
-42
-13
14
30
30
39
31
39
33
58
99
151
203
227
232
223
227
220
191
167
158
160
157
141
130
112
95
98
88
61
63
69
80
69
48
29
18
35
42
39
31
33
39
35
1
-44
-76
-99
-125
-149
-159
-157
-145
-127
-119
-125
-138
-155
-169
-184
-187
-187
-171
-131
-107
-110
-102
-88
-87
-85
-67
-38
-18
-4
-14
-16
-24
-26
-13
7
41
80
136
190
211
202
205
204
190
154
116
103
99
82
67
61
54
35
46
54
49
58
87
111
83
60
59
66
54
52
50
44
21
12
1
-22
-44
-53
-70
-87
-91
-101
-100
-108
-115
-127
-141
-145
-138
-139
-129
-129
-128
-133
-110
-96
-93
-81
-67
-73
-92
-88
-74
-61
-56
-61
-68
-58
-39
4
52
96
126
155
171
174
162
168
158
132
112
89
82
73
79
74
75
72
59
64
77
82
85
106
124
113
103
99
91
72
58
57
36
22
5
-2
-10
-35
-69
-81
-87
-97
-101
-104
-109
-128
-141
-164
-174
-166
-154
-144
-136
-129
-129
-135
-119
-110
-106
-104
-106
-111
-96
-78
-80
-82
-69
-55
-38
-1
56
105
144
177
180
156
132
123
126
130
111
101
92
95
101
96
91
93
85
77
90
112
118
104
111
121
105
86
83
79
66
51
26
12
3
-8
-26
-51
-79
-102
-105
-95
-76
-92
-115
-128
-144
-166
-177
-177
-178
-174
-159
-158
-157
-160
-156
-149
-145
-132
-120
-106
-100
-87
-87
-89
-77
-49
-16
21
65
93
125
146
143
122
108
103
98
109
138
160
146
139
149
138
129
129
144
156
167
170
162
144
135
120
117
131
126
111
98
102
91
70
38
16
-8
-27
-40
-60
-71
-76
-68
-85
-111
-141
-151
-155
-158
-173
-200
-213
-209
-206
-206
-198
-200
-190
-174
-159
-147
-137
-124
-122
-123
-124
-104
-82
-48
-2
39
51
49
52
68
78
75
95
119
140
145
147
160
162
149
147
161
172
181
187
197
207
188
153
133
119
119
135
150
147
127
115
96
69
54
34
20
11
-17
-30
-46
-80
-105
-117
-127
-156
-172
-170
-170
-188
-208
-236
-248
-245
-242
-230
-212
-196
-179
-175
-167
-163
-159
-141
-127
-117
-99
-73
-58
-38
-10
10
13
18
39
78
109
119
135
162
177
161
165
179
176
184
187
201
215
217
207
196
187
174
162
151
146
144
138
128
109
90
86
66
47
27
25
17
0
-20
-48
-75
-109
-143
-165
-176
-188
-196
-205
-225
-240
-249
-258
-254
-244
-221
-204
-194
-180
-180
-174
-168
-155
-132
-100
-83
-79
-60
-40
-26
-16
-4
23
40
71
109
148
180
185
188
190
194
192
204
217
226
230
225
226
214
207
213
205
192
181
187
180
165
148
126
102
82
73
71
71
59
41
23
-5
-33
-64
-88
-106
-139
-177
-205
-218
-228
-237
-258
-265
-277
-288
-272
-249
-234
-222
-212
-217
-230
-226
-207
-189
-179
-157
-128
-121
-107
-97
-76
-58
-29
12
40
73
109
144
173
184
184
177
186
198
204
210
215
223
232
237
230
220
214
226
226
211
200
195
187
167
139
121
102
98
97
95
93
72
49
29
1
-38
-72
-108
-116
-136
-168
-185
-198
-202
-212
-220
-227
-234
-227
-221
-218
-215
-219
-220
-233
-236
-224
-203
-183
-173
-161
-144
-130
-120
-109
-87
-53
-25
11
44
78
107
118
136
137
142
150
166
183
193
201
196
192
203
211
207
207
202
214
220
210
198
186
178
160
144
135
131
121
116
105
87
54
25
3
-25
-53
-87
-102
-112
-128
-144
-161
-171
-186
-191
-189
-189
-201
-211
-212
-219
-231
-239
-240
-235
-227
-221
-195
-176
-169
-156
-137
-120
-104
-88
-61
-32
7
33
55
76
85
99
106
108
126
146
156
171
170
166
170
164
167
189
195
199
203
206
210
199
183
170
159
151
129
115
113
105
92
68
41
11
-7
-27
-35
-51
-69
-83
-103
-117
-135
-145
-149
-162
-168
-169
-185
-194
-205
-215
-219
-233
-224
-218
-208
-192
-187
-183
-173
-153
-129
-104
-76
-52
-33
-17
3
19
36
49
64
78
87
105
111
123
141
150
156
166
173
182
188
203
210
206
206
216
208
202
195
170
158
146
135
116
97
89
80
65
46
29
10
-6
-19
-33
-46
-56
-68
-79
-95
-118
-129
-147
-151
-152
-169
-183
-201
-202
-212
-224
-213
-212
-218
-219
-218
-210
-200
-179
-150
-120
-97
-80
-59
-52
-33
-23
-19
-5
0
11
29
43
55
69
82
101
120
138
163
188
197
200
206
208
200
206
207
199
207
190
178
158
154
150
135
129
104
97
82
68
53
33
23
12
2
3
-7
-26
-35
-44
-69
-104
-126
-141
-148
-163
-183
-200
-214
-225
-224
-215
-216
-210
-210
-196
-179
-171
-153
-129
-120
-107
-99
-89
-76
-67
-61
-52
-41
-36
-20
-6
20
41
68
85
104
128
150
167
174
181
179
189
189
186
186
181
177
171
167
160
148
139
136
133
123
104
93
83
73
58
50
40
30
30
21
5
-14
-42
-68
-91
-113
-131
-147
-151
-160
-172
-185
-193
-197
-201
-184
-173
-169
-159
-149
-141
-139
-137
-125
-120
-108
-92
-77
-67
-59
-47
-36
-23
-5
8
31
61
88
114
128
141
149
159
171
173
177
181
186
181
170
159
156
149
140
138
137
136
130
123
107
96
79
65
58
50
42
32
29
11
1
-24
-47
-61
-91
-112
-129
-138
-152
-160
-170
-183
-194
-194
-190
-189
-183
-172
-160
-152
-155
-147
-144
-145
-139
-139
-130
-120
-101
-94
-84
-68
-56
-32
-6
24
49
81
99
121
136
146
158
163
167
165
165
162
163
163
162
147
144
155
159
158
161
163
164
160
148
137
123
118
108
103
89
72
56
38
24
-5
-33
-52
-64
-78
-92
-97
-116
-122
-128
-135
-142
-152
-146
-146
-143
-148
-156
-156
-167
-173
-171
-165
-167
-163
-156
-149
-135
-129
-120
-103
-80
-53
-37
-10
10
36
54
68
86
87
100
101
104
111
110
110
111
107
117
123
123
137
154
166
170
160
160
155
149
144
133
137
120
106
94
81
66
44
24
-1
-17
-30
-41
-55
-64
-72
-76
-92
-112
-107
-106
-103
-104
-106
-121
-129
-141
-152
-153
-162
-173
-175
-169
-162
-156
-143
-131
-114
-102
-90
-72
-48
-24
-8
12
26
30
47
55
61
72
79
84
84
86
93
107
109
110
112
119
130
140
152
157
158
154
148
141
133
123
122
121
104
80
57
39
19
8
-12
-25
-32
-39
-47
-56
-66
-69
-64
-73
-78
-81
-84
-91
-104
-113
-126
-139
-148
-168
-166
-166
-163
-148
-144
-138
-127
-105
-87
-64
-44
-35
-12
-2
5
15
22
34
43
55
60
63
66
80
91
96
98
105
122
134
140
145
155
149
155
149
145
148
145
141
135
125
106
92
78
60
53
33
13
4
-13
-21
-25
-33
-40
-53
-67
-81
-80
-82
-90
-98
-102
-115
-131
-140
-149
-149
-151
-152
-160
-159
-156
-150
-136
-128
-121
-115
-104
-95
-75
-66
-50
-37
-38
-29
-25
-16
0
12
25
35
38
45
56
67
77
89
104
114
119
121
124
123
128
126
125
126
136
134
131
129
121
115
103
86
73
69
51
39
24
11
5
-7
-12
-17
-24
-30
-38
-46
-50
-58
-64
-67
-78
-87
-96
-104
-101
-101
-107
-110
-108
-104
-100
-91
-91
-85
-75
-68
-64
-63
-59
-45
-38
-34
-21
-15
-8
2
11
13
23
35
47
58
70
73
81
87
93
97
95
99
93
102
99
99
106
106
103
103
86
87
83
73
66
53
47
32
24
5
3
-5
-15
-23
-32
-33
-41
-49
-57
-68
-73
-78
-87
-88
-84
-89
-87
-86
-91
-91
-90
-91
-89
-86
-83
-81
-78
-76
-72
-72
-67
-55
-36
-25
-17
-3
1
15
19
19
32
42
50
57
63
71
73
78
76
81
87
86
95
91
95
98
96
88
88
86
86
85
75
68
62
50
37
29
15
6
-7
-14
-20
-32
-42
-52
-52
-58
-68
-70
-75
-77
-75
-79
-87
-86
-89
-89
-86
-94
-85
-89
-87
-85
-84
-83
-80
-70
-66
-55
-50
-42
-32
-19
-4
1
6
18
19
23
32
42
50
55
57
58
72
69
72
81
80
95
101
101
101
102
103
106
98
88
84
85
86
78
68
56
44
35
27
19
11
-3
-1
-10
-21
-33
-41
-42
-48
-49
-55
-57
-60
-61
-61
-69
-70
-77
-77
-80
-81
-80
-76
-74
-78
-78
-75
-70
-70
-55
-50
-40
-27
-29
-19
-12
-8
-1
8
11
8
18
19
28
33
27
34
42
47
52
56
64
73
77
86
82
82
81
78
74
68
62
58
60
46
46
37
21
14
5
-1
-2
-6
-14
-19
-26
-38
-37
-39
-45
-47
-49
-50
-54
-57
-65
-73
-75
-81
-84
-82
-87
-80
-73
-74
-74
-68
-63
-50
-40
-35
-28
-18
-9
-13
-4
5
3
6
8
14
17
23
25
41
43
43
54
57
66
74
85
92
93
90
87
84
83
80
73
68
63
54
59
49
41
38
32
30
19
14
5
0
-5
-14
-18
-27
-35
-41
-41
-49
-53
-59
-68
-67
-76
-81
-85
-87
-85
-89
-83
-80
-78
-68
-68
-61
-56
-55
-44
-38
-32
-27
-17
-19
-21
-13
-6
2
11
18
27
30
34
37
42
49
57
68
76
81
84
88
91
95
89
89
84
83
83
77
75
64
60
59
47
41
34
30
31
17
12
1
-5
-15
-26
-29
-34
-39
-47
-52
-56
-65
-71
-74
-81
-84
-89
-92
-89
-93
-91
-90
-89
-87
-85
-76
-70
-65
-58
-51
-50
-43
-38
-35
-26
-28
-21
-10
-5
-1
8
14
15
23
24
34
45
51
64
67
77
80
82
88
83
89
84
83
83
74
75
69
67
63
58
50
48
41
42
43
31
29
20
18
4
-3
-13
-13
-17
-26
-30
-40
-49
-59
-58
-66
-65
-63
-68
-69
-72
-76
-73
-69
-71
-64
-58
-57
-49
-52
-49
-50
-49
-43
-40
-29
-28
-18
-16
-11
-5
-6
10
13
22
32
33
49
54
54
62
59
62
66
66
70
68
70
71
67
63
59
59
64
61
60
56
49
45
38
37
28
27
23
12
6
-4
-9
-11
-18
-22
-28
-34
-42
-47
-48
-52
-54
-54
-55
-57
-59
-60
-62
-60
-59
-59
-55
-58
-52
-53
-51
-52
-48
-43
-42
-32
-28
-26
-20
-22
-18
-13
-3
9
13
21
25
31
36
43
42
46
45
42
47
42
41
45
43
43
45
41
41
43
47
46
47
44
34
33
24
17
15
14
7
-2
-4
-16
-14
-23
-26
-26
-26
-33
-38
-40
-50
-45
-46
-42
-44
-40
-40
-44
-41
-42
-46
-41
-44
-41
-35
-41
-35
-32
-29
-23
-20
-11
-8
3
8
8
16
21
26
29
40
41
40
41
39
43
43
44
45
43
43
42
46
46
43
47
50
45
48
46
41
45
37
30
29
18
7
6
6
-4
-4
-10
-19
-18
-22
-28
-24
-24
-28
-27
-31
-39
-42
-41
-44
-40
-34
-43
-40
-48
-48
-49
-49
-45
-47
-34
-34
-31
-23
-27
-16
-9
-6
3
5
8
13
17
22
19
22
25
25
28
29
28
30
34
34
36
40
37
39
45
41
41
45
39
39
42
34
38
31
22
22
16
12
4
8
-1
-2
-4
-10
-14
-18
-19
-23
-22
-22
-28
-28
-30
-34
-34
-40
-43
-42
-43
-43
-47
-49
-52
-51
-50
-48
-43
-36
-32
-30
-23
-21
-17
-11
-6
-2
5
4
7
10
13
14
17
17
17
24
23
31
34
36
40
37
42
38
40
44
43
46
47
44
32
35
25
28
26
22
21
17
12
3
2
-3
0
0
1
-4
-3
-7
-15
-15
-17
-16
-18
-19
-25
-30
-35
-41
-42
-38
-42
-38
-35
-38
-34
-28
-31
-21
-11
-13
-8
-9
-10
-6
-4
-5
3
6
4
5
3
5
7
14
16
20
23
31
29
30
33
33
37
36
39
39
40
35
33
33
31
26
28
22
19
21
8
10
9
2
4
-1
-2
-3
-6
-8
-12
-9
-11
-13
-18
-22
-27
-28
-30
-36
-33
-37
-44
-41
-45
-41
-36
-35
-33
-26
-23
-24
-20
-19
-12
-9
-8
0
-6
3
-2
5
7
5
11
7
9
11
17
17
19
24
26
28
31
32
37
38
41
34
34
34
27
30
24
24
23
15
14
13
9
12
9
8
8
1
0
0
-2
-4
-4
-12
-14
-15
-22
-20
-21
-28
-27
-33
-42
-38
-38
-41
-34
-38
-33
-25
-27
-24
-19
-18
-18
-12
-17
-13
-11
-10
-10
-11
-11
-11
-10
-4
1
6
14
10
17
17
22
27
36
37
42
41
33
38
34
36
33
35
29
27
24
18
22
23
23
23
21
18
22
19
18
15
11
8
1
-3
-5
-11
-10
-16
-23
-23
-28
-30
-23
-23
-26
-24
-34
-30
-31
-27
-24
-26
-21
-26
-23
-26
-27
-23
-21
-22
-22
-17
-22
-15
-16
-17
-10
-14
-11
-9
0
1
9
9
6
11
11
16
18
24
21
23
24
13
20
18
18
26
17
19
16
15
20
20
19
17
13
12
10
6
7
6
5
4
-1
-5
-4
-6
-6
-6
-10
-14
-17
-19
-19
-19
-19
-18
-22
-19
-17
-19
-12
-18
-12
-11
-11
-9
-10
-9
-14
-8
-13
-7
-7
-7
0
-4
-1
-2
-3
7
12
18
22
20
16
19
19
17
24
23
23
25
14
13
10
10
14
14
20
15
18
16
15
16
15
10
13
9
7
7
0
-2
-10
-6
-11
-13
-8
-13
-10
-11
-16
-17
-9
-20
-13
-12
-17
-11
-14
-14
-12
-11
-18
-16
-17
-20
-14
-13
-12
-14
-11
-12
-13
-8
-7
0
3
4
2
5
6
4
13
6
11
11
8
10
7
9
9
10
11
12
13
13
17
14
16
16
11
12
7
8
5
-1
-4
-6
-10
-8
-7
-8
-4
-3
-5
-3
-6
-4
-3
-5
-6
-11
-14
-15
-22
-23
-24
-24
-21
-21
-16
-14
-14
-13
-14
-15
-8
-5
-4
-2
-4
-2
-4
-9
-7
-1
4
10
7
6
9
7
9
9
12
14
15
13
12
16
13
17
16
19
22
24
22
23
19
21
17
13
11
8
11
4
2
3
0
3
3
0
4
2
-1
1
1
-1
2
-8
-7
-11
-14
-7
-14
-11
-9
-10
-12
-13
-15
-9
-4
-3
-3
-5
-8
-4
-5
-5
0
1
2
0
2
-3
5
8
8
9
12
13
11
13
9
14
13
10
9
11
13
11
16
9
10
13
9
12
12
12
8
2
-2
-7
0
-5
-5
-2
-4
-5
-7
-8
-6
-2
-2
-12
-11
-13
-17
-16
-20
-27
-25
-26
-30
-25
-23
-18
-15
-17
-22
-18
-15
-12
-8
-6
-9
-7
-11
-15
-6
-5
0
2
-2
-1
-4
1
3
6
6
11
6
8
9
8
16
18
15
22
15
18
20
20
24
19
19
13
13
11
12
8
10
4
5
7
0
7
8
8
10
8
5
7
8
7
3
1
0
-3
0
-5
-2
-5
-7
-9
-12
-7
-5
-2
-5
-3
-9
-7
-8
-4
2
7
8
3
3
-4
4
2
6
10
4
5
4
1
3
6
8
8
8
7
3
6
10
6
12
8
4
9
7
11
9
10
8
10
2
4
2
-2
2
-7
-2
-9
-9
-7
-7
-7
-4
-8
-8
-3
-7
-8
-7
-13
-14
-12
-16
-16
-16
-16
-17
-16
-19
-13
-10
-9
-8
-10
-12
-11
-12
-9
-7
-5
0
-8
-3
-6
-5
5
2
6
6
8
4
2
2
4
7
8
7
6
7
8
7
12
11
14
14
11
14
9
10
10
5
7
5
3
2
0
5
1
2
1
-1
3
0
0
-2
-2
1
-4
-4
-9
-9
-11
-9
-10
-7
-8
-5
-5
-11
-5
-9
-7
-3
-2
-4
0
-8
-8
-5
-7
0
1
-2
3
4
3
8
5
5
9
10
9
8
8
10
8
10
8
8
12
11
14
10
14
11
10
13
11
12
8
8
3
5
4
1
3
0
1
3
-5
-1
-3
-3
-1
-3
-8
-7
-4
-13
-8
-10
-12
-13
-15
-14
-11
-7
-8
-10
-10
-9
-8
-10
-8
-5
-3
-1
-7
-6
-8
-2
-1
-3
3
-2
1
2
0
6
1
3
6
1
7
6
5
11
13
12
12
11
8
14
14
9
11
6
7
5
0
2
1
0
-2
2
-2
-1
2
-2
1
1
-3
0
-3
-2
-5
-8
-7
-13
-11
-15
-12
-11
-16
-14
-18
-17
-11
-10
-11
-8
-5
-6
-11
-11
-9
-7
-3
-3
-6
-2
-2
-6
0
-1
1
2
0
5
6
4
4
6
4
10
7
4
6
11
8
8
7
6
13
9
6
10
8
7
9
1
8
5
1
3
-1
5
-1
-2
-1
-1
2
-4
-1
-3
-1
-2
-5
-4
-8
-2
-6
-6
-5
-5
-4
-5
-2
-2
0
-2
-6
3
-2
-4
2
-6
-2
-3
-7
-2
2
1
4
3
6
4
4
8
9
13
11
8
6
7
7
8
5
7
13
6
5
3
4
10
6
6
3
5
3
-1
0
5
3
-4
3
-2
2
1
-1
-1
2
-3
-7
-7
-10
-4
-6
-11
-12
-14
-11
-13
-9
-7
-3
-5
-9
-4
-6
-2
-8
-5
-3
-5
-6
-8
-4
-3
-2
-6
-6
-5
-2
0
4
3
2
1
-1
0
3
8
7
9
6
5
3
0
6
10
9
4
2
-1
0
2
0
4
3
-1
-4
-2
2
-2
4
3
1
0
-2
-3
1
6
4
0
-6
-2
-4
-3
-3
-3
1
-4
-5
-8
0
1
-1
4
0
8
2
0
4
5
6
1
0
-1
4
5
3
4
0
3
4
1
9
7
9
5
3
2
0
6
4
10
6
1
-1
-2
2
5
1
4
1
-1
-5
-1
-2
0
1
-2
-4
-5
-7
-10
2
-6
-3
-5
-13
-10
-6
-9
-10
-9
-12
-11
-16
-14
-13
-8
-9
-10
-10
-12
-8
-10
-8
-3
-8
-7
-11
-11
-5
-9
-2
-5
-4
0
-1
-1
1
4
1
2
-1
-2
1
0
-3
-3
-2
-6
-4
0
2
7
5
2
6
7
5
12
10
11
10
9
3
5
3
8
11
5
8
5
6
4
7
5
9
9
5
8
8
6
8
11
6
14
8
12
10
7
15
5
6
3
2
3
5
2
1
4
-3
3
-3
-1
4
2
5
5
5
-2
4
-1
2
3
1
6
6
5
2
1
1
0
2
7
1
7
1
2
2
-4
1
-3
1
2
1
1
-4
-5
-1
-5
-3
-3
-4
-2
-7
-7
-10
-9
-9
-8
-6
-5
-4
-4
-8
-6
-7
-4
-8
-7
-2
-9
-6
-11
-12
-10
-13
-12
-10
-9
-7
-6
-8
-10
-9
-12
-16
-7
-9
-7
-6
-10
-11
-12
-8
-12
-4
2
3
4
0
-3
-2
-4
0
0
4
5
1
-1
1
1
2
4
9
13
8
9
11
8
8
7
2
9
7
9
9
7
7
6
4
4
8
7
9
4
3
2
-4
-5
-8
-2
0
-2
-3
0
4
-2
-1
3
0
5
6
1
8
6
0
0
-4
1
2
1
9
5
2
1
-4
-6
2
3
1
4
1
2
-1
-1
2
10
10
10
11
9
11
1
2
5
2
2
-2
0
-1
4
-3
0
8
3
9
4
9
6
9
2
-3
-3
-1
-3
-9
-3
-7
-6
-7
-10
-7
-8
-8
-7
-13
-2
-13
-12
-9
-14
-10
-10
-11
-9
0
-7
-6
-5
-5
-7
-8
-3
-5
-4
-8
-7
-11
-9
-4
-6
-1
5
1
1
0
0
5
6
4
3
8
4
1
3
3
5
6
2
3
7
4
2
-1
2
2
-4
0
-2
2
4
4
-2
3
8
7
4
12
7
1
7
-2
-3
4
-4
-2
-2
-2
1
-7
0
1
5
3
-1
4
3
5
-3
-8
2
-5
-9
0
-6
-2
0
-3
-5
2
2
0
8
7
6
8
2
0
3
5
3
3
5
6
-1
-2
2
-1
3
2
-3
4
4
-4
-1
0
1
2
0
-1
4
2
0
-2
-1
1
-5
-4
-3
-2
-6
-6
-4
-8
-3
-3
-9
-2
3
0
-2
-2
-3
0
-3
-4
-7
5
4
-8
-3
-4
-6
-6
-5
-2
2
2
1
1
-3
2
-1
0
5
2
8
3
-2
2
1
-5
-3
4
2
3
3
-4
0
1
-6
-2
2
8
7
2
6
3
5
2
5
6
8
6
-4
-1
-3
-6
-11
-4
-7
-7
-5
-10
-5
-4
2
-1
-2
1
4
3
-1
1
4
4
-8
-6
-2
-3
-2
-6
2
-6
-1
-3
-8
4
2
1
3
10
1
5
2
1
7
3
3
2
1
6
0
-5
-2
1
1
-3
4
4
7
8
2
4
12
4
9
7
4
13
3
-3
1
6
-2
-3
3
1
3
3
0
2
0
5
0
-3
5
3
1
-1
0
1
1
1
2
1
7
-1
-2
2
0
-1
-4
-5
-3
-1
-8
-3
2
0
1
1
0
6
4
3
6
2
7
1
-4
0
1
1
-2
1
0
3
2
-8
-2
2
-3
-6
-6
-3
-5
-6
-5
-9
-2
-3
-3
-2
2
4
-3
-3
-3
-5
-6
-8
-5
-7
-3
-10
-11
-4
-8
-2
-5
1
-1
0
-3
-7
-3
-3
-4
-6
-3
-2
0
-5
-4
3
1
2
-5
3
5
-2
1
-3
0
-2
-4
0
0
6
10
5
6
13
8
6
5
5
11
10
0
2
1
0
-5
-2
-2
0
7
4
3
-2
6
0
-1
3
4
1
1
3
4
-4
-7
-1
-5
1
-3
-4
-3
-5
-6
-11
-6
-10
-3
0
-3
3
-2
6
-1
3
8
8
5
-1
6
3
-2
-5
-3
-2
0
-1
1
-1
3
5
0
4
7
8
6
8
13
9
5
2
1
5
4
5
4
4
12
0
1
0
-2
4
3
7
5
5
4
-2
2
7
0
0
4
7
2
0
-5
-1
-5
-6
-5
-12
-8
-4
-5
-8
-7
-7
-8
-7
-6
-5
-2
-5
-5
-3
-6
-6
-11
-7
-4
-5
-7
-9
-9
-5
-8
-10
-3
-6
-5
-4
-9
-7
-7
-10
-4
-2
1
1
1
-3
-3
1
-5
-5
0
1
0
-3
-6
-7
-7
-9
-3
-2
1
5
-2
1
7
6
2
1
7
7
0
8
3
4
3
7
1
-4
6
2
9
6
11
7
6
7
5
11
6
9
11
13
10
8
5
11
10
9
7
3
9
0
4
2
3
3
6
7
5
7
4
9
4
12
10
3
8
3
-1
2
-7
-4
-3
-3
0
-7
-3
-3
-4
-8
-7
-4
-7
-9
-10
-6
-5
-10
-12
-10
-16
-15
-7
-12
-10
-7
-8
-10
-13
-14
-15
-13
-10
-11
-12
-9
-15
-7
-5
-7
-6
-5
-3
-3
-6
-5
-3
3
-3
-3
-4
-4
-2
-3
2
5
2
4
6
2
3
4
0
4
5
2
8
2
6
8
7
6
4
5
8
12
7
13
10
12
11
7
11
8
7
9
9
9
6
7
7
4
1
3
0
2
1
4
6
4
7
2
2
0
4
3
0
2
-3
-2
-3
-7
-7
-6
-5
-8
-10
-5
-4
-4
-3
3
0
2
-2
-2
3
0
3
6
5
1
-1
-6
-3
-5
-5
-2
-7
-4
-3
-4
-4
-2
0
1
3
-1
3
5
5
7
9
5
1
1
-3
2
0
3
-1
4
0
-2
-1
-1
1
2
8
3
5
6
6
9
7
11
11
6
7
7
4
5
4
4
-1
-2
-10
-12
-5
-7
-5
-7
-6
0
-4
-4
-2
-2
4
1
-1
1
-2
1
0
-4
-2
-5
-9
-11
-5
-8
-7
-9
-9
-8
-11
-10
-11
-9
-8
-1
-9
-5
-1
-7
-4
-3
0
-5
-7
-4
-7
-6
-8
-5
-4
-9
-6
-4
-11
-3
-2
-2
-1
0
9
2
-1
8
7
2
9
10
9
16
14
13
9
11
14
10
9
11
11
14
11
5
8
9
8
10
5
11
12
10
16
9
12
9
5
11
8
10
7
6
11
6
5
0
4
5
2
6
1
-1
-1
1
-4
-1
1
-2
-1
-5
-1
-5
-2
-2
-4
-2
-6
-4
-8
-7
-12
-9
-15
-9
-10
-18
-6
-12
-11
-11
-10
-12
-12
-3
-2
-4
1
-2
-4
1
-7
2
2
2
4
0
-2
0
-2
-4
-1
-2
-3
1
0
1
-1
5
4
6
8
2
8
10
8
8
2
-1
5
-1
-1
-2
-2
-1
1
-2
-6
2
5
6
8
8
10
6
7
11
3
12
10
4
9
3
1
0
-1
-3
-1
-1
-3
-2
-7
0
-2
-7
0
-2
0
-1
2
3
4
3
3
-1
-3
-1
-4
-2
-7
-1
-7
-10
-7
-6
-5
-5
0
1
1
2
7
3
5
5
6
6
2
1
-1
-1
0
1
-1
-7
-5
1
-6
-3
-1
-4
-3
-2
-3
1
-3
0
5
-6
2
0
-2
3
2
6
3
1
-3
2
-1
0
2
2
5
0
2
1
-1
2
-2
0
-6
-1
-2
-4
-4
-2
0
-6
-1
-6
-1
-1
-3
0
1
2
-7
-3
-8
-5
-6
-9
-7
-11
-4
-7
-4
-6
-5
0
-1
0
2
2
3
3
6
-1
2
0
-3
3
-5
-4
-1
-2
-3
-2
-2
-5
0
-3
0
1
1
2
4
4
0
4
0
1
7
3
1
3
3
3
9
5
0
6
6
5
7
7
9
4
9
6
0
6
1
-1
1
5
2
2
-1
2
2
2
4
-3
-2
-1
0
-5
-6
-7
-10
-11
-11
-9
-15
-9
-10
-6
-2
-7
-8
-9
0
-4
-4
-6
-6
-1
-7
-4
-11
-11
-10
-9
-7
-14
-7
-8
-5
-6
-7
-8
-6
-2
-4
-3
-6
-4
-3
-3
-4
-6
-5
-4
-7
-6
-1
-2
-1
6
3
4
9
4
5
8
8
12
10
7
5
8
2
2
6
3
3
8
6
6
8
9
8
10
10
7
9
2
7
11
6
4
0
0
-1
-2
-1
-4
0
4
1
1
0
2
-2
6
4
5
2
4
6
-2
7
-3
1
-2
-2
0
-8
-4
-5
-3
-2
-3
-4
-7
-8
-6
0
-4
-4
-2
-4
-4
-3
-7
-5
-5
-7
-2
-8
-1
-1
-3
-2
-4
-5
-5
-5
-6
1
3
-2
0
-3
-3
1
-1
3
-2
4
1
2
4
-2
0
4
-4
-5
2
-3
0
-1
5
1
-4
4
-5
0
2
-1
9
4
0
3
-1
1
4
9
6
0
4
3
2
3
6
7
5
2
2
1
-1
1
10
10
3
5
3
-1
3
2
2
2
1
1
-3
-1
0
0
3
-4
1
-3
0
3
0
3
4
5
-3
-2
-3
-6
0
6
2
2
0
-3
-1
-3
-4
4
3
-1
4
-2
-4
-1
-4
-4
1
-3
-2
-3
-6
-2
0
1
1
-3
-1
3
1
0
-1
3
4
5
5
-3
2
-1
0
5
2
1
1
3
2
2
7
7
1
8
5
3
9
4
11
10
7
3
1
1
-1
6
3
3
6
3
4
1
-1
4
4
8
6
6
7
4
7
1
1
5
2
0
1
1
5
4
1
5
2
1
2
2
-2
-2
5
-1
-6
-5
-5
-4
-1
-4
-6
-3
-3
-2
1
-2
-5
0
-3
-5
-6
-7
-2
-4
-7
-3
-6
-3
0
-2
-4
-3
-3
-2
2
-1
-4
1
-1
-6
-5
-2
-3
0
2
4
2
0
3
4
2
0
4
3
2
3
3
2
3
4
6
4
2
6
5
7
8
11
5
8
12
6
9
8
10
12
13
8
6
8
8
8
2
-3
0
-1
6
2
-2
6
3
1
9
4
4
5
5
7
5
3
-5
3
-3
-4
-4
-4
-7
-6
1
-4
-4
-5
0
0
-7
-2
-7
-3
-7
-5
-3
-8
-4
-7
-10
-12
-6
-2
-7
-6
-8
-11
-4
-5
-11
-13
-6
-6
-7
-8
-11
-3
-6
-1
0
-10
-3
-1
-1
-3
1
4
0
8
-2
-5
5
-1
1
5
3
2
6
-1
1
3
-2
6
5
3
6
5
9
8
9
8
5
6
4
10
7
4
7
3
6
3
4
5
3
3
7
8
4
8
9
9
2
5
3
2
6
1
0
3
2
0
0
-2
-6
1
0
-1
-4
1
1
-3
1
-5
-1
-9
-5
-2
-7
-4
0
-3
-5
-2
-7
-9
-5
-8
-3
-4
-4
-8
-7
-7
-7
-6
-9
-8
-5
-5
-3
1
-7
0
-4
-4
-4
-5
-1
-5
6
-9
0
-2
-6
3
-8
-3
-6
-1
-3
1
1
2
-1
-1
-1
1
4
-1
6
8
3
11
5
-4
6
3
0
3
0
-1
0
1
1
1
0
-1
0
-1
0
3
2
7
5
1
1
1
-6
-4
2
0
2
1
-2
-3
-5
-2
-4
-8
-5
-4
-3
-4
-3
-6
-6
-4
-7
-5
-6
-5
-5
-6
-6
-5
-7
-7
-8
-9
-7
-10
-3
-4
-3
-2
-4
-1
-1
-7
-4
-6
-6
2
-1
-1
-5
-5
3
-6
-4
1
-2
2
3
4
0
1
3
3
1
2
3
-3
4
4
3
7
5
0
3
4
0
7
5
7
9
7
11
6
5
2
8
4
6
6
4
5
1
5
-1
2
5
-2
8
7
3
9
7
2
4
3
2
-2
-3
-1
-2
-5
-2
-3
-7
-6
-3
-3
-5
-5
0
1
-3
4
-4
-2
-3
-5
-1
-5
-4
-3
-2
-8
-8
-6
-4
-9
-8
-6
-7
-7
-6
-2
-5
-4
0
-6
-4
-1
-6
-1
-4
-1
-4
-1
-5
-4
-4
-6
2
-3
0
3
4
0
2
0
-2
0
-3
-1
0
-5
4
5
-4
0
2
1
5
5
8
4
4
5
1
-2
-1
1
0
1
-1
2
3
6
7
8
7
2
3
3
3
3
4
3
0
0
2
-2
1
3
5
8
7
4
3
3
0
1
-2
-1
-1
-5
-6
-7
-2
-2
6
3
-3
0
-2
0
0
4
-2
5
0
-2
-5
-4
2
-2
11
5
5
3
5
4
2
3
2
1
-4
2
-2
3
1
-1
3
5
4
2
2
1
5
6
8
-3
-6
-4
1
-3
-2
1
5
4
3
6
3
3
3
5
-1
0
3
1
0
-4
-2
3
-2
-4
4
4
5
5
3
-3
3
4
0
1
-5
-9
-5
-5
-7
-7
-4
0
-14
-7
-6
-10
-3
-1
-2
-2
0
-6
-3
-5
-5
1
1
-2
-4
-1
-2
-1
-1
-2
-1
1
-1
-3
1
3
3
3
3
2
-1
-2
0
2
0
3
4
-1
4
0
4
-3
4
7
-1
6
2
1
6
2
-3
4
-1
1
8
3
5
6
10
6
4
7
4
9
7
5
5
3
6
6
3
6
0
7
2
5
4
3
7
2
4
-1
-1
-3
-5
0
-2
0
2
-4
-1
-3
1
-2
-5
0
-2
3
-3
-6
-2
-4
-5
-2
-1
-5
-2
3
2
2
3
3
-1
-4
0
-1
-2
-12
-3
-4
-6
-2
-6
-4
-6
-4
-4
1
-6
3
5
-6
-3
-4
-5
-8
-6
-2
-5
-1
0
-4
-3
-4
2
0
-1
-3
-3
-3
1
1
-5
-3
-2
-3
-2
-1
-4
3
1
1
3
-4
-2
-5
-5
-3
0
-4
-5
-1
-2
0
2
-1
-4
-2
1
-2
-7
1
-3
-5
0
-7
-6
0
-4
1
5
4
-1
2
9
-2
5
2
-4
-4
-3
-1
-3
-1
2
4
-1
-3
-1
0
4
5
2
5
-3
-1
2
-4
-2
-3
3
4
9
5
4
5
7
5
10
4
-3
6
4
1
2
3
0
3
5
3
3
4
-1
5
9
3
2
0
-1
-1
2
0
-4
0
1
5
3
1
-2
1
0
-2
-1
-2
-4
-4
2
-2
-1
-5
1
-2
0
2
0
0
3
2
-2
-3
2
-3
-8
2
-6
-2
0
-4
-1
-5
-1
-7
-9
-5
-7
3
0
-6
-2
-3
-5
-5
-3
-4
-3
5
-2
-4
-6
-5
1
0
1
0
-2
5
5
5
2
1
5
3
1
-4
-2
-2
2
4
3
1
5
5
3
1
2
3
-1
1
2
-2
-6
-3
-6
-4
1
-1
4
2
8
6
4
5
3
-1
0
-2
-2
-3
-3
0
0
4
0
4
4
3
7
8
5
3
4
-1
-7
-9
-3
-4
-6
0
3
-2
3
1
2
1
2
3
-6
-5
-4
-4
-6
-5
-6
-1
-2
-3
1
2
7
4
7
6
1
4
-1
0
-3
0
0
-2
1
2
10
-1
7
5
-1
3
-1
-3
0
0
0
1
-6
-5
0
-4
1
6
2
3
8
2
-3
0
-3
-2
1
-2
-2
-2
1
5
4
4
2
5
3
-1
6
0
1
0
-3
-3
-8
-2
-3
-4
-1
0
0
1
2
-3
0
-2
2
-1
-5
-3
-6
-5
0
-4
-3
-2
-4
-2
-3
-3
2
1
5
7
0
9
-3
1
3
2
3
2
3
3
-3
2
-1
-3
-1
1
6
3
6
5
0
2
7
1
-1
2
-1
-1
-1
1
-2
0
7
2
0
9
6
11
11
9
10
6
7
0
3
0
3
2
1
2
1
4
6
2
1
6
6
3
2
-2
1
1
-3
-3
-3
-7
-3
-1
-3
-4
1
-1
-2
0
-4
-3
-1
-7
-5
1
-3
2
1
-3
6
0
-4
-1
-1
0
1
4
-7
-7
-2
-5
-6
-6
-4
-3
3
-2
-3
-2
-5
-6
-6
-6
-10
-7
-6
-4
-6
-9
-3
-5
-1
1
-1
-1
-3
2
5
-1
1
0
1
-3
2
2
0
6
7
3
2
6
2
1
0
5
-2
0
4
0
0
3
1
1
4
2
-1
-1
2
5
5
1
-3
0
1
1
3
2
8
8
10
9
7
8
10
7
7
6
2
7
5
8
5
7
4
1
2
5
9
8
6
3
5
0
3
4
1
-3
3
3
-1
2
-2
0
-2
1
2
0
-3
-3
5
2
2
2
4
1
5
6
0
0
7
6
3
4
-4
1
2
-4
-4
-4
1
2
-2
0
-4
-1
3
-3
-6
-8
-4
-1
-3
-2
-7
-7
-1
-6
-4
-5
-6
2
3
0
-1
-5
-3
4
-3
-1
-1
-2
-2
3
2
-1
5
-6
0
-1
-6
4
-3
-3
-2
-2
-5
-8
-5
-4
-2
2
-2
-7
0
0
-1
-2
-6
-4
-3
-9
-5
-2
-8
0
0
-6
-1
-1
2
-4
1
6
2
4
-2
-3
5
-3
-2
0
-7
-3
0
-1
-6
-2
0
-3
-3
-7
-8
-2
-4
0
2
-5
-6
-3
-2
-7
-2
-3
-5
-3
-3
-3
-4
-5
-13
-3
-1
-5
3
1
-3
4
3
4
-3
3
8
1
-1
-2
-6
0
-2
-5
-5
-6
-5
-3
-4
1
-1
1
6