1
-5
-4
-6
-5
-7
-4
3
-2
3
-1
0
6
7
3
4
7
8
9
10
7
4
7
5
6
4
3
-1
2
3
-8
0
-3
-7
-8
-8
-2
-7
-11
-3
0
2
1
5
8
1
2
-1
5
12
7
7
11
7
6
4
2
9
-1
1
3
0
4
0
0
-1
-3
-5
-11
-13
-11
-4
-6
-7
-3
-8
-6
-5
-6
1
-2
7
5
3
6
6
9
8
4
2
3
6
6
5
10
10
8
5
9
6
9
10
-4
-2
-3
-3
-2
0
-8
-7
-4
3
3
-3
-6
-11
-7
-7
-13
-9
-8
-8
-7
-8
-1
0
0
-1
-2
-5
-3
3
3
0
-8
-2
-6
-2
1
3
1
1
5
4
10
8
6
5
5
6
5
6
9
2
3
4
-1
6
7
3
7
4
3
2
0
-1
-11
-6
-1
-8
-12
-10
-11
-9
-6
-8
-7
-2
-4
1
4
-1
0
0
1
2
0
1
5
1
2
3
3
-1
3
8
2
-2
0
2
3
-1
-3
-8
-6
-4
-6
-3
-7
-6
-5
-8
-6
-11
-5
-12
-10
-2
-4
-5
-3
1
4
-1
0
-1
-8
-4
-2
1
1
0
4
11
14
17
17
19
22
23
16
13
18
13
11
14
13
-1
1
1
-2
-4
-14
-26
-23
-21
-15
-14
-17
-29
-24
-3
-3
-9
-5
-1
1
19
20
22
20
9
18
27
25
8
6
9
7
-1
-7
-4
-25
-34
-18
-1
-10
-40
-56
-27
2
-3
-11
-3
14
-18
2
55
74
36
19
46
38
61
77
77
15
-14
-1
39
49
-21
-50
-70
-59
-54
-46
-75
-124
-142
-109
-78
-86
-157
-190
-76
37
-7
-119
-87
38
127
112
94
69
85
155
281
310
180
120
177
285
293
210
132
92
88
108
88
-11
-108
-104
-105
-179
-240
-273
-288
-285
-277
-329
-364
-332
-234
-173
-195
-214
-161
-37
54
90
100
110
170
281
363
358
304
301
366
421
403
343
238
182
204
197
88
-73
-172
-182
-147
-217
-362
-472
-478
-471
-449
-439
-514
-603
-532
-345
-261
-286
-312
-214
-36
149
216
191
222
358
505
580
591
558
555
601
630
578
511
458
402
283
174
142
110
-3
-101
-163
-412
-655
-492
-128
-304
-808
-903
-573
-334
-296
-288
-454
-641
-484
84
412
164
-184
-143
267
611
704
561
331
230
433
733
715
407
184
167
189
191
128
-69
-284
-377
-409
-433
-502
-613
-697
-670
-645
-713
-680
-517
-413
-465
-454
-255
-37
77
137
210
313
458
661
832
788
648
693
914
1043
1042
885
411
51
434
1030
693
-279
-677
-335
-55
-63
-230
-733
-1369
-1339
-471
50
-493
-1319
-1354
-694
-67
198
14
-437
-554
98
888
985
513
252
509
922
1123
991
688
506
528
614
546
270
16
-60
-134
-415
-653
-661
-696
-888
-978
-1021
-1234
-1283
-931
-621
-811
-1075
-851
-326
-66
-48
23
162
333
609
901
1002
1019
1095
1183
1188
1183
1167
1222
1364
1243
427
-280
233
1172
791
-602
-1229
-898
-480
-265
-251
-1026
-2151
-2187
-798
296
-280
-1592
-1999
-1098
129
791
450
-401
-678
211
1372
1591
977
557
730
1065
1333
1356
1029
574
465
525
379
72
-94
-252
-541
-860
-1050
-1116
-1181
-1155
-1232
-1511
-1748
-1457
-960
-743
-928
-1022
-730
-184
244
402
402
335
615
1235
1719
1575
1279
1260
1533
1696
1666
1710
1744
1058
-134
-93
1313
1689
-153
-1666
-1239
-374
-402
-452
-718
-2061
-3062
-1832
207
142
-1603
-2621
-1862
-430
615
698
-84
-965
-552
1120
2137
1495
519
571
1148
1640
1789
1496
778
477
729
868
463
3
-170
-338
-745
-1137
-1092
-958
-1221
-1783
-1830
-1557
-1489
-1605
-1365
-1140
-1165
-1087
-604
-82
10
-41
188
839
1178
1099
1022
1430
1883
1956
1668
1400
1356
1551
2092
2308
1075
-963
-741
1734
2450
-248
-2393
-1732
-440
-93
65
-586
-2713
-3656
-1532
1022
498
-1885
-3053
-1949
-34
1179
924
-377
-1249
-455
1459
2281
1373
325
494
1191
1609
1551
1173
703
565
620
488
169
-83
-151
-350
-844
-1369
-1271
-925
-1105
-1645
-1724
-1560
-1647
-1524
-971
-735
-1123
-1145
-435
187
220
141
367
786
1130
1220
1202
1437
1794
1773
1436
1354
1455
1619
2029
2010
340
-1360
-7
2595
1758
-1612
-2524
-834
38
-114
-73
-1167
-3252
-3078
-148
1393
-422
-2711
-2756
-1079
600
1258
476
-921
-1255
272
1954
1908
702
247
783
1216
1282
1247
1020
652
477
376
185
41
82
-90
-661
-1243
-1252
-925
-989
-1366
-1493
-1443
-1697
-1787
-1195
-526
-753
-1227
-863
-88
197
178
394
666
821
983
1195
1553
1879
1787
1407
1312
1527
1759
2307
2445
718
-1625
-555
2842
2779
-1113
-3001
-1258
60
80
134
-755
-3275
-3914
-1045
1525
353
-2650
-3618
-2026
360
1423
714
-881
-1502
-344
1557
2253
1230
234
524
1324
1411
1254
1207
1072
642
342
262
261
181
-73
-469
-1104
-1491
-1418
-1047
-1053
-1444
-1976
-2321
-1957
-987
-391
-955
-1628
-1193
-30
604
457
201
204
776
1672
2050
1753
1502
1762
1956
2153
2196
1954
2101
2332
998
-1170
-40
2904
2247
-1750
-2811
-658
126
-462
-393
-1054
-3693
-3969
-613
1658
-638
-3755
-3607
-1214
730
1088
292
-1271
-1539
292
2416
2093
453
136
1148
1675
1446
1238
917
777
887
804
101
-176
-25
-54
-588
-1232
-1721
-1704
-1097
-940
-1536
-2392
-2445
-1692
-665
-447
-1020
-1505
-968
168
843
700
288
325
1096
2151
2360
1750
1343
1911
2384
2458
2156
1912
1762
1433
705
32
658
1181
387
-1205
-1425
-942
-751
-715
-841
-1763
-3057
-2388
-502
142
-1511
-2870
-2211
-367
824
603
-165
-672
-182
1088
2164
1596
385
496
1570
1734
1117
719
576
518
686
616
-122
-825
-901
-463
-697
-1711
-2332
-1669
-1120
-1686
-2386
-2214
-1463
-1099
-1073
-1029
-668
-496
-79
603
936
467
389
1321
2489
2753
1920
1240
1412
2554
3320
3289
1994
750
-40
405
2156
2637
141
-3018
-2205
177
1064
-345
-1973
-3196
-3123
-1512
-99
164
-1875
-3670
-3275
-555
1250
939
-482
-1478
-692
1057
2360
2123
1177
300
540
1659
2411
1866
788
195
244
414
739
753
-300
-1575
-1678
-1030
-1144
-1528
-1954
-2394
-2563
-2127
-1842
-1745
-1594
-1480
-1274
-742
-180
112
262
378
754
1121
1643
1984
2326
2176
2329
2372
2212
2412
3032
3361
2268
875
-736
153
2482
2741
-1008
-3751
-2088
333
774
-885
-2314
-3852
-3444
-1220
829
-156
-3216
-4240
-2395
565
1555
771
-946
-1383
51
2080
2718
1906
966
646
1148
2057
2285
1328
577
553
502
-25
263
351
-594
-1747
-1777
-1553
-1833
-1874
-2004
-2275
-2748
-2684
-2328
-1509
-949
-1052
-1291
-933
-60
660
919
900
872
1166
1986
2775
2828
2244
2306
2385
2555
2800
3351
2891
1557
108
-615
902
2343
1256
-2336
-3300
-1455
308
-66
-1515
-2802
-3797
-2781
-583
769
-1231
-3722
-3541
-899
1175
1253
199
-898
-574
1102
2603
2356
1391
932
1282
1737
2031
1473
722
581
808
363
-257
-183
-413
-1053
-1612
-1650
-2037
-2225
-2085
-2020
-2394
-2690
-2557
-2088
-1359
-848
-805
-948
-577
233
1019
1064
918
1012
1758
2451
2841
2502
2073
2332
2798
2979
2649
2638
2190
1418
-112
-344
1030
1718
-260
-2598
-2252
-1056
-343
-813
-1547
-2905
-3410
-2311
-232
368
-1916
-3874
-2865
202
1584
913
-525
-927
140
1972
2794
1930
704
732
1802
2317
1830
703
225
636
1154
462
-408
-732
-845
-973
-1151
-1665
-2398
-2353
-1966
-1832
-2264
-2779
-2733
-1757
-885
-673
-1006
-1044
-493
601
1151
892
743
1101
1971
2525
2691
2257
2341
2538
2750
2828
2923
2665
1932
1092
-190
63
1326
1554
-891
-2500
-1945
-757
-406
-873
-1698
-3158
-3360
-2044
55
-195
-2610
-4071
-2344
520
1440
415
-953
-909
427
2206
2619
1591
493
1013
2011
2171
1481
736
565
900
1074
357
-330
-661
-684
-791
-1235
-1964
-2208
-2083
-2014
-2164
-2334
-2737
-2433
-1545
-968
-846
-1081
-848
-274
720
848
776
893
1429
2227
2563
2425
2346
2784
2756
2739
3052
3209
2447
1539
402
113
1036
1765
259
-2016
-2211
-1147
-250
-730
-1421
-2702
-3310
-2572
-858
-126
-1752
-3527
-3311
-839
981
887
-368
-1120
-465
1336
2612
2169
903
595
1328
2070
1945
1092
535
623
829
496
134
-358
-765
-942
-998
-1622
-1987
-1949
-1953
-2196
-2277
-2212
-2411
-1854
-1224
-600
-885
-883
-349
469
811
793
1154
1248
1727
2343
2605
2273
2418
2825
2711
2538
2948
2830
1927
553
-86
673
1554
893
-1488
-2242
-1571
-369
-476
-1168
-2255
-3110
-2551
-1290
-95
-1178
-2914
-3279
-1373
476
758
110
-816
-802
629
2247
2172
1050
643
1001
1512
1901
1409
512
170
746
645
150
-326
-664
-815
-924
-1172
-1778
-1714
-1809
-1939
-2085
-1931
-2057
-1878
-1286
-734
-501
-723
-535
213
928
751
789
1191
1520
1798
2299
2305
2061
2215
2587
2571
2454
2563
2218
1220
-180
131
1382
1568
-599
-2113
-1674
-702
-207
-582
-1302
-2794
-2950
-1745
-46
-223
-2177
-3437
-2332
-23
813
371
-634
-1120
-368
1518
2325
1352
376
577
1162
1714
1624
830
211
451
807
441
53
-438
-556
-725
-906
-1371
-1437
-1539
-1928
-1895
-1827
-1941
-2109
-1435
-906
-679
-947
-962
-260
648
734
270
521
1146
1726
2079
2097
1864
1930
2420
2784
2788
2667
2320
1542
350
447
1676
1953
26
-1763
-1422
-525
39
-352
-1042
-2482
-3001
-1973
-368
-122
-1992
-3438
-2936
-687
547
374
-724
-1489
-779
1110
2164
1351
472
462
947
1630
1917
1034
268
589
1076
621
238
-80
-450
-585
-664
-1024
-1492
-1553
-1886
-1735
-1633
-1898
-2424
-1929
-902
-488
-851
-1320
-712
210
784
649
638
719
1208
2101
2353
2175
1933
2244
2509
2896
3026
2527
1580
480
683
1685
1877
180
-1393
-1253
-556
-145
-556
-1156
-2184
-2632
-1995
-987
-663
-1830
-2809
-2682
-1274
-125
136
-353
-1220
-848
644
1729
1262
781
759
658
1185
1848
1452
374
434
955
698
252
57
-205
-619
-806
-826
-1046
-1497
-1986
-1758
-1270
-1424
-2154
-2189
-1214
-303
-221
-874
-1019
-313
711
1074
987
810
830
1455
2192
2548
2084
1911
2122
2626
2809
2446
1518
423
818
1740
1536
-300
-1200
-763
-241
-212
-840
-1599
-2208
-1879
-1303
-1025
-1466
-2356
-2432
-1614
-818
-745
-690
-601
-811
-425
635
1135
604
513
965
895
927
1297
1254
568
487
781
638
304
-36
-198
-444
-610
-803
-915
-1521
-1934
-1400
-819
-1424
-2380
-2049
-984
-224
-316
-702
-1056
-681
470
1415
1301
581
569
1283
2202
2578
2299
1946
2052
2537
2672
2347
1308
903
1540
1893
646
-714
-520
58
112
-587
-1334
-2018
-1966
-1205
-828
-1298
-2542
-2762
-1818
-731
-765
-1238
-1079
-856
-452
224
857
614
351
839
1077
1023
1224
1416
1078
649
780
702
523
348
-44
-367
-759
-686
-891
-1230
-1863
-1967
-1180
-1203
-1854
-2634
-1826
-834
-452
-581
-878
-787
-607
717
1703
1484
725
731
1963
2506
2752
2427
2366
2395
2390
2587
1751
1492
1600
1876
665
-561
-426
-106
109
-609
-1392
-2412
-2399
-1506
-977
-1243
-2538
-3116
-2460
-939
-316
-962
-1382
-1196
-463
337
998
964
519
677
1045
1339
1542
1655
1369
860
641
588
671
575
23
-579
-956
-1046
-964
-1092
-1566
-2138
-1814
-1420
-1499
-1957
-1970
-1386
-822
-487
-536
-448
-191
417
1258
1834
1614
1231
1646
2543
2952
2720
2405
2150
2430
2320
2019
1537
1560
1199
499
135
-434
-566
-661
-568
-1546
-2388
-2428
-1960
-1359
-1676
-2230
-2811
-2242
-1374
-699
-518
-1038
-1161
-556
569
974
905
835
722
1035
1521
1846
1474
1199
1150
870
609
506
497
-4
-590
-1109
-1179
-1091
-1164
-1434
-1894
-2147
-2089
-1448
-1228
-1458
-1730
-1497
-760
-167
222
294
496
768
1333
2121
2250
2294
2244
2492
2647
2637
2407
2002
2600
2242
1408
547
738
1020
663
-147
-1391
-1612
-1476
-1111
-1362
-2114
-2765
-3081
-2043
-1378
-1290
-1951
-2143
-1695
-815
203
220
-103
-353
308
1097
1686
1682
1113
1039
1300
1563
1500
1421
915
135
4
166
28
-661
-1213
-1405
-1453
-1517
-1705
-1953
-2178
-2072
-1610
-1500
-1490
-1490
-1091
-580
-11
404
546
917
1251
1771
2096
2345
2516
2821
2867
2187
1996
2757
3086
2099
1087
1168
1128
774
386
44
-707
-1488
-1691
-1498
-1393
-2018
-2646
-2534
-2228
-2099
-1824
-1426
-1551
-1593
-938
-467
-336
106
752
740
466
852
1471
1757
1652
1333
1105
969
1156
1160
851
114
-546
-499
-344
-623
-1391
-1718
-1725
-1913
-1906
-1950
-1930
-1956
-1651
-1374
-1223
-801
-412
97
435
701
1131
1394
1776
2126
2920
2386
1537
2356
3722
3446
1526
1578
2065
2134
1357
985
560
-335
-695
-961
-653
-1030
-1982
-2597
-2283
-1757
-2061
-2040
-2082
-2305
-1849
-1139
-786
-1029
-578
-309
-126
513
943
1018
865
1193
1240
1298
1428
1336
1071
735
592
512
386
18
-533
-824
-800
-1056
-1355
-1692
-1731
-1823
-1770
-1736
-1719
-1288
-1088
-1000
-707
-46
456
368
666
1137
1895
1886
1230
1733
2785
3206
1736
1631
2389
2851
2227
1385
1225
825
647
169
193
-72
-1179
-1837
-1643
-1011
-1419
-1942
-2195
-2292
-1832
-1415
-1340
-1696
-1432
-961
-739
-357
8
203
218
410
733
914
1124
1148
1036
853
608
797
956
730
-5
-271
-58
-304
-576
-824
-924
-1268
-1360
-1077
-1139
-1172
-1322
-949
-742
-622
-336
-171
250
391
1034
630
444
1348
2410
1985
679
1352
2205
2403
1585
1275
1220
1074
1138
851
754
70
-557
-550
-188
-246
-1061
-1225
-1281
-1237
-1075
-1043
-1175
-1427
-1174
-1126
-847
-441
-432
-755
-729
-85
266
224
145
-71
-102
260
674
562
19
-39
42
165
92
5
-116
-422
-377
-319
-214
-356
-297
-100
-254
-464
-165
273
287
14
350
36
-501
248
1495
1247
-428
-168
736
1407
1107
689
231
62
625
644
792
475
-190
-436
148
821
325
-37
-293
-224
185
302
97
-266
-80
-242
-361
-165
-83
-272
-566
-585
-666
-572
-304
-413
-816
-1117
-884
-408
-263
-573
-1206
-1068
-426
-24
-268
-623
-476
-129
420
482
357
213
396
839
927
857
705
1022
569
104
629
1454
952
-447
-358
344
695
65
-384
-475
-452
-442
-544
-73
-110
-803
-1086
-315
381
25
-177
-171
-8
426
810
796
474
603
684
839
1028
896
514
280
372
405
293
7
-403
-557
-503
-680
-812
-906
-1036
-1352
-1263
-920
-1067
-1316
-1125
-567
-484
-790
-468
34
364
173
349
728
1071
1422
654
288
1053
2316
1504
0
173
943
1262
611
139
-330
-353
-304
-476
-179
-399
-1241
-1816
-1004
-131
-526
-1105
-1316
-767
-117
191
-10
-262
85
373
731
891
835
544
555
975
1047
817
637
646
515
237
157
104
88
-120
-578
-871
-763
-508
-686
-904
-941
-970
-784
-503
-316
-475
-511
-246
285
639
-219
-445
583
1612
735
-109
339
908
1216
963
458
-88
178
537
304
215
-132
-646
-810
-208
154
-410
-803
-1000
-549
-223
-251
-536
-661
-342
-289
-82
43
109
-22
-24
243
424
404
332
302
351
263
240
422
463
186
-119
218
310
104
-61
85
102
14
117
168
80
-95
-18
473
647
-369
-814
282
1206
92
-760
-315
261
296
262
-182
-728
-312
65
-231
-468
-227
-532
-771
-461
-105
-275
-387
-522
-486
-94
128
-114
-193
-86
-111
-48
271
331
38
35
-25
108
128
429
247
-50
-165
-9
223
133
69
-50
44
22
-30
180
319
360
302
160
263
462
740
595
831
260
-394
373
1685
1063
-636
-457
534
803
458
104
-617
-684
37
169
-437
-523
-673
-990
-876
-291
-384
-595
-792
-1083
-780
-87
-54
-584
-595
-427
-324
-81
204
-143
-427
-166
180
70
158
240
3
-131
111
473
498
286
-79
-30
371
603
542
167
23
385
724
746
263
296
666
1235
310
-515
259
1462
901
-544
-462
169
393
266
268
-338
-710
-492
-56
13
243
-483
-1262
-978
121
354
-146
-661
-1124
-486
381
494
-250
-738
-449
-92
214
38
-305
-439
-353
-248
-460
-219
-101
-264
-653
-784
-383
90
162
-450
-600
-245
187
519
477
325
52
419
923
1125
1002
1327
955
-192
479
2358
2071
-223
-477
795
1172
538
315
-120
-347
-435
-408
-685
-105
-183
-1089
-1865
-1230
-386
-4
-298
-1390
-1545
-704
227
368
211
-546
-977
-252
991
1085
306
-330
-232
142
718
917
358
-512
-701
-61
495
310
-507
-846
-552
-107
-133
-161
-261
-119
-266
-339
73
806
1158
-9
-981
111
2293
1870
-89
-351
720
1217
1388
1227
243
-320
243
523
296
384
-33
-959
-1234
-291
-141
-435
-789
-1179
-1409
-935
-509
-515
-566
-808
-1229
-933
-157
190
34
-276
-442
-362
249
782
817
164
-249
86
811
1022
577
100
94
329
658
813
428
12
87
487
441
610
499
-297
-663
496
1281
160
-850
-302
385
210
133
128
-236
-474
-334
-162
151
243
-300
-955
-815
-242
302
241
-580
-1262
-717
156
223
-158
-546
-777
-544
163
130
-251
-317
-206
-464
-222
268
126
-287
-151
84
11
45
136
202
347
388
195
251
667
944
762
525
604
1058
948
435
475
1172
1047
249
186
611
595
399
384
-203
-573
-53
77
-719
-930
-418
-568
-1149
-1152
-824
-771
-723
-738
-966
-1255
-869
-308
-155
-561
-687
-515
-150
34
191
178
72
-127
2
278
507
446
141
17
37
216
290
478
324
106
16
188
468
675
515
258
418
601
513
297
559
850
772
352
375
525
753
715
515
254
177
115
-13
79
101
-202
-650
-664
-525
-449
-545
-594
-848
-1052
-952
-616
-620
-697
-757
-862
-817
-531
-207
-306
-525
-443
-170
-57
-64
-9
-36
-48
150
240
95
-106
165
389
371
106
175
315
394
550
517
494
437
460
329
475
644
794
671
351
163
473
863
895
543
151
-79
119
560
562
25
-418
-314
-203
-93
-19
-167
-581
-631
-404
-234
-371
-402
-328
-338
-578
-492
-241
-122
-201
-347
-475
-519
-87
83
-164
-511
-396
-158
-178
-153
-303
-545
-503
-170
-147
-365
-391
-373
-258
-60
-14
-95
-67
-5
-3
181
495
439
232
244
536
732
824
843
553
440
705
1015
1006
673
450
400
564
643
616
452
65
-46
55
258
169
-43
-323
-437
-280
-166
-261
-382
-431
-487
-615
-437
-248
-313
-521
-515
-380
-423
-378
-319
-247
-384
-388
-361
-282
-299
-164
-135
-326
-495
-322
59
-43
-384
-468
-129
19
22
-46
-179
-158
201
376
126
-22
304
471
348
354
478
619
605
586
468
623
805
819
593
373
427
671
772
468
178
91
207
311
223
-49
-271
-372
-305
-147
-199
-569
-748
-553
-442
-565
-553
-537
-676
-616
-378
-386
-578
-383
-181
-257
-361
-271
-188
-110
102
33
-228
-257
97
215
106
52
-60
-162
43
292
203
-37
-18
-10
36
269
308
133
13
181
292
317
317
308
285
339
351
284
321
427
400
322
212
139
284
422
271
-45
-16
103
106
8
-103
-201
-202
-153
-117
-207
-359
-335
-217
-157
-317
-387
-345
-189
-200
-306
-397
-282
-6
-24
-339
-400
-3
200
-6
-186
-148
-27
157
217
132
-100
-106
146
292
199
7
-1
37
146
147
81
53
0
-41
-85
-32
54
44
-91
-225
-174
-12
149
70
-103
-138
-45
51
197
210
57
-14
67
247
318
292
153
194
234
230
179
187
208
162
20
-108
-29
147
112
-210
-360
-199
-11
-143
-208
-288
-333
-239
-23
-18
-240
-241
-29
111
28
-20
31
48
78
154
112
120
106
66
-48
52
146
66
-117
-236
-141
-93
-99
-194
-266
-324
-287
-227
-181
-197
-175
-184
-184
-125
2
104
78
93
61
108
157
252
305
284
199
143
263
347
332
282
231
98
101
232
256
61
42
60
-42
-59
155
191
-104
-200
-57
95
91
11
-159
-222
-53
109
0
-174
-252
-124
-38
11
-132
-230
-194
-142
-120
-157
-110
-192
-244
-302
-158
-38
-27
-146
-205
-176
-52
83
50
-116
-136
3
19
-4
92
117
-64
-68
165
239
65
78
148
117
58
189
232
135
93
189
227
190
242
273
213
163
258
312
248
136
143
164
117
103
66
17
-51
-46
-85
-174
-119
-99
-186
-310
-294
-225
-256
-228
-267
-300
-365
-262
-106
-105
-217
-293
-151
-6
55
-16
-171
-115
29
111
-23
-89
-35
-63
-28
-14
-18
-55
-62
-95
-132
-22
21
-60
-142
-89
0
71
105
67
21
135
304
378
268
201
240
376
495
468
292
162
341
462
368
192
153
141
142
131
36
-121
-140
-61
-105
-224
-320
-312
-269
-204
-243
-313
-314
-253
-203
-157
-139
-139
-150
-118
-35
-23
-22
-2
78
0
-66
-50
72
102
-23
-146
-139
-65
-52
-53
-87
-159
-219
-104
-19
-34
-110
-33
-11
-3
34
121
127
140
186
210
227
236
305
375
326
217
212
234
276
275
201
65
7
54
88
93
-43
-202
-199
-38
3
-184
-276
-229
-165
-126
-94
-166
-253
-153
-56
-70
-83
-74
-82
-107
-29
2
-7
-43
-66
-61
-32
16
21
-18
-106
-135
-35
72
10
-91
-74
-61
-77
47
110
14
-66
-2
51
84
132
165
81
15
76
113
156
184
138
-22
-7
142
192
146
77
24
-4
89
193
125
-20
-60
42
46
31
34
2
-46
-67
-16
11
27
-77
-152
-171
-69
-13
-91
-223
-219
-112
-76
-101
-170
-173
-121
-62
-63
-64
-63
-62
-38
12
46
56
53
70
65
77
142
165
80
75
122
92
4
40
92
55
-25
-40
-14
-39
-1
-2
-26
-96
-64
-23
-38
-44
-7
-1
-25
-6
29
55
61
75
27
15
53
94
43
-5
-20
22
61
23
-59
-60
-18
-23
-35
-30
-61
-125
-61
38
52
-55
-82
-19
50
97
85
17
-23
86
158
115
61
68
56
20
55
95
28
-70
-66
-26
-65
-64
-55
-91
-165
-171
-129
-105
-115
-111
-125
-155
-107
-19
-4
-65
-50
9
28
28
37
69
52
25
57
118
138
76
44
24
58
93
96
55
-9
-31
32
69
59
18
-16
-30
7
49
53
29
-18
-10
20
29
76
84
2
-71
0
95
60
-9
-23
0
-39
-3
56
19
-61
-83
-47
-9
29
-4
-64
-101
-32
26
18
-59
-58
-43
-47
-34
-10
-39
-86
-59
-33
-3
-29
-59
-79
-43
-5
-20
-65
-21
31
-10
-36
26
80
37
33
64
65
29
85
141
106
38
18
74
119
97
11
-9
41
34
-14
-23
-28
-29
-40
-67
-127
-99
2
14
-74
-136
-63
25
80
48
-21
-29
58
100
75
64
78
63
38
44
67
72
76
26
-43
-39
-21
-22
-60
-88
-151
-171
-103
-61
-123
-173
-124
-93
-88
-53
-50
-82
-68
19
44
15
6
22
42
99
142
77
25
76
125
108
89
78
38
4
32
34
21
2
-19
-41
-18
27
34
-5
-34
-9
34
32
15
35
39
21
20
54
79
89
81
32
12
38
74
60
16
-34
-61
-15
-5
-44
-58
-62
-96
-115
-60
-68
-105
-115
-115
-117
-131
-82
-84
-78
-107
-108
-76
-36
2
-28
-41
-29
25
49
36
-4
19
55
72
63
67
75
86
118
101
86
80
131
128
54
47
90
113
68
23
16
31
45
41
25
-33
-52
-8
35
26
-41
-54
-48
-4
20
15
-41
-60
-21
14
15
-25
-41
-36
-13
0
-25
-56
-77
-70
-38
-31
-80
-133
-117
-78
-47
-75
-118
-145
-108
-35
-14
-49
-75
-54
7
53
78
50
37
50
85
142
147
130
90
100
119
120
126
107
55
16
43
72
22
-45
-51
-17
-26
-47
-66
-75
-61
-47
-30
-48
-69
-32
5
-1
-13
4
36
45
43
26
32
74
101
52
-7
9
55
50
11
-22
-29
-47
-44
-35
-57
-65
-61
-76
-102
-89
-33
-29
-57
-80
-64
-44
-1
41
24
-19
-26
37
82
93
46
18
14
45
91
72
18
-6
26
44
26
19
-1
-20
-11
0
-23
-24
37
6
-67
-45
42
21
-28
-20
-4
-6
8
31
9
6
-2
3
4
16
4
-13
-14
-23
-27
12
19
-17
-62
-23
8
9
7
-20
-42
-41
16
19
-15
-25
-18
-34
-35
13
46
-4
-53
-59
-10
32
33
-12
-49
-46
-9
51
43
4
-28
-20
13
75
77
32
-8
17
54
75
56
25
32
36
32
21
54
50
21
-19
-15
9
32
12
-32
-40
-26
-24
-28
-11
-20
-43
-48
-18
-10
3
-33
-55
-17
2
-2
-4
-18
-50
-27
2
-8
-33
-23
-18
-30
-1
23
5
-24
-8
7
17
28
32
11
-4
18
57
65
42
5
16
36
61
56
34
-2
-13
15
32
30
-13
-30
-37
-21
11
18
-41
-65
-25
7
-5
-26
-20
-17
-10
0
26
-14
-39
0
50
27
-18
-32
-20
8
29
8
-58
-74
-28
2
-14
-33
-56
-68
-25
18
-5
-34
-19
7
1
-1
48
65
37
29
49
68
70
82
62
25
34
59
76
33
-4
-19
5
16
-11
-45
-61
-45
-42
-41
-42
-59
-68
-52
-33
-29
-22
-18
-14
-3
9
25
30
34
42
51
26
27
64
70
34
3
-1
12
19
27
-6
-50
-50
-10
-6
-23
-42
-53
-65
-53
-10
-9
-34
-46
-28
-5
10
13
17
-3
-12
30
58
36
14
7
17
20
14
10
-1
-21
-21
-15
-17
-3
-9
-40
-58
-39
-8
-5
-20
-44
-36
-15
10
24
7
-13
-16
21
49
51
24
4
28
43
52
49
36
24
30
42
36
38
41
27
10
-4
-1
9
24
21
-22
-42
-6
21
-3
-27
-27
-11
-19
-28
-24
-28
-33
-34
-42
-56
-42
-18
-22
-42
-42
-24
3
3
-13
-32
-15
10
17
7
-11
-5
15
57
31
-5
2
27
12
15
25
6
-17
-9
19
20
5
-1
9
4
8
8
18
15
10
4
24
34
15
13
29
38
26
35
45
33
18
25
25
15
16
14
-24
-29
-3
-6
-28
-44
-37
-44
-32
-27
-41
-57
-67
-49
-33
-27
-40
-50
-34
-18
-9
-2
2
-7
5
21
5
3
28
49
23
-7
11
32
34
31
13
-4
-10
22
31
1
-19
-17
8
5
-5
-14
-2
8
4
-5
-3
10
17
-3
-11
7
39
9
-16
3
32
28
6
6
0
10
20
32
-4
-26
-19
-1
5
-11
-20
-30
-33
-20
-8
-21
-40
-43
-32
-28
-31
-24
-27
-26
-24
-17
2
8
10
2
15
36
36
29
11
35
62
59
43
34
23
35
69
52
16
0
16
26
23
17
0
-28
-33
-22
-12
-20
-31
-38
-45
-36
-23
-9
-20
-35
-39
-21
-9
-3
-11
-13
-11
-7
7
12
18
4
-8
2
16
9
7
-2
-13
-23
-3
2
-4
-3
-11
-26
-23
1
16
0
-28
-18
2
21
22
8
-7
0
18
44
47
23
13
32
38
42
51
30
5
6
26
30
21
8
-12
-19
-6
1
-7
-27
-35
-35
-34
-23
-15
-25
-34
-30
-25
-16
0
7
-7
-21
-11
19
33
29
5
-11
10
44
39
10
1
2
8
23
33
9
-21
-15
-1
11
-2
-22
-29
-23
-5
-14
-25
-16
-5
-22
-25
-7
-1
-5
-6
-6
-13
6
22
16
4
12
13
6
17
26
20
9
-1
-4
7
10
12
-3
-19
-21
-2
7
-8
-22
-32
-21
-9
3
-10
-26
-19
-9
5
9
6
-9
-9
10
23
16
10
18
5
11
13
22
26
6
-3
-5
15
23
7
-12
-17
-7
10
9
-6
-20
-14
-11
-10
-3
-2
-1
-8
-15
-4
5
9
2
-4
-2
2
8
11
14
18
6
-5
4
14
13
-6
-3
1
-9
-4
0
-6
-15
-18
-11
4
-4
-21
-17
-4
-6
-16
-6
4
-5
-8
10
11
4
6
10
15
13
21
17
11
10
22
23
17
9
8
14
9
11
19
12
-3
-6
-5
-7
-4
-3
-16
-22
-14
-4
-12
-22
-13
-8
-9
-15
-8
-10
-14
0
-1
-15
-11
1
6
4
4
0
-5
5
12
4
-5
4
3
-3
2
10
7
1
2
0
4
3
5
6
-13
-14
-5
0
-5
0
-7
-13
-4
6
2
-13
-21
-7
2
3
-15
-17
2
8
6
-7
-11
-8
5
12
16
-12
-13
2
8
5
-3
-5
1
4
9
6
-8
7
16
13
2
7
17
15
7
9
7
7
9
15
13
1
7
20
13
11
14
13
12
3
3
5
13
13
-5
-16
-8
1
9
0
-23
-27
-12
1
-7
-28
-37
-33
-24
-5
-14
-27
-27
-21
-13
-21
-19
-15
-15
-11
-1
-4
-3
-9
-4
3
11
18
10
9
13
18
12
13
10
12
18
17
11
8
5
7
4
6
-1
-4
9
10
4
-8
-4
1
-10
-2
1
-5
2
2
4
5
5
15
11
0
1
13
10
2
3
3
2
10
7
-10
-13
2
7
0
-7
-8
-8
6
5
-8
-15
-16
-11
-1
-6
-15
-10
-2
0
2
7
0
-1
2
5
16
12
5
13
6
4
12
15
4
-3
-2
-4
-7
-5
1
-6
-12
-11
-11
-17
-3
-7
-16
-10
-11
-12
-6
3
-1
-9
-7
-2
10
13
14
13
5
13
26
25
12
9
13
8
14
16
3
0
-3
4
2
-5
-2
-11
-16
-4
-7
-14
-11
-12
-26
-19
-12
-20
-17
-13
-9
-7
-4
-12
0
-8
7
14
5
5
0
15
13
3
3
16
20
5
5
13
9
10
17
1
-17
1
7
-10
6
6
-4
-6
26
8
-15
19
24
10
-11
24
20
4
32
10
13
27
29
4
0
27
1
4
-12
12
4
-39
-10
19
35
-41
-32
17
-5
-32
-31
1
-17
-40
-4
-25
-34
-15
11
-30
-41
27
13
-31
-30
37
-2
-22
10
40
-31
-14
38
-2
-23
25
24
-38
-5
-3
10
1
19
-15
-10
22
-20
-30
17
20
-37
-17
-4
0
-16
6
-8
21
27
11
-14
1
50
-2
8
4
11
-39
-18
1
-7
26
-12
-26
10
5
-11
4
48
-9
-105
-16
28
-15
-77
24
21
-50
40
-8
-23
31
86
-66
-48
76
7
-43
-19
55
14
9
8
6
61
30
35
-14
8
78
-50
-36
41
37
-39
-54
21
-31
-4
40
20
-53
-30
17
-79
23
22
-36
-59
14
-63
-97
21
44
-43
-116
15
-3
-100
-62
98
51
-117
-116
73
-81
-78
73
-13
-235
3
184
-564
-168
562
129
-658
104
459
-382
-276
534
-198
-315
299
-22
-617
72
634
-258
-254
182
311
-374
-104
472
66
-370
337
-59
-295
54
176
30
-25
65
19
-79
-90
309
126
-267
297
108
-468
170
275
-109
13
203
-75
-104
104
28
223
8
195
-92
-108
207
140
-124
237
189
-165
128
-127
59
344
-116
15
253
-140
24
2
293
-127
243
-24
-133
97
-121
276
-264
232
97
-238
-2
160
40
-77
275
-6
-167
122
5
-182
274
-76
-3
-188
194
-66
-154
243
-41
111
-165
36
-166
154
-98
34
-241
151
-57
-225
5
159
-41
-158
232
-388
87
182
-325
25
174
-282
9
-133
48
-39
38
7
-187
9
1
85
-342
158
286
-681
221
68
-370
79
244
-173
-419
393
-173
-17
-360
398
7
-454
77
259
-512
235
178
-316
26
-135
332
-551
276
2
183
-455
256
-79
-42
37
167
-279
221
-49
-421
393
-263
366
-445
468
-419
114
26
-42
230
-315
593
-631
69
228
-211
-23
401
-260
82
-307
526
-398
175
338
-138
119
-404
522
-546
504
-47
75
-125
54
-28
2
83
209
140
-121
-85
40
35
-65
359
-100
22
-19
-84
-4
209
135
-20
205
-110
30
-362
566
-105
96
85
-92
136
-227
236
35
297
-201
64
68
-176
-19
436
-136
153
-173
170
-15
-388
573
36
-217
-80
563
-601
-127
787
-446
-143
582
-327
-350
423
-20
-85
19
105
-106
-46
-299
490
-317
-94
534
-533
-75
229
-78
-271
357
-126
-277
175
-160
-159
249
-277
142
-91
-80
-95
-3
99
-242
317
-440
124
-109
21
-99
-33
141
-68
-233
165
-147
160
-99
-117
191
-438
310
-269
176
-51
175
-311
16
22
-72
135
-23
-35
-14
5
-270
214
50
5
-50
87
-233
-27
177
44
-31
114
-96
-189
79
41
91
47
150
-155
-134
39
62
80
83
165
-191
-114
82
-74
187
276
-219
-51
147
-171
-124
379
116
-59
27
-170
-99
90
134
197
-67
-174
187
-204
-63
218
97
159
-109
-381
130
157
-141
159
60
-85
-4
-159
-196
335
236
-219
-163
105
-89
-97
118
-22
182
-32
-260
-131
157
14
37
-145
80
-108
-171
-7
152
17
-29
3
-253
82
10
-66
-36
270
-388
-100
134
-195
66
111
-72
-183
151
-254
128
91
-112
-56
-19
-140
-18
-9
49
33
-104
-144
44
-76
-91
351
-270
5
-38
-71
-17
-6
119
-65
10
-248
108
-80
58
167
-239
167
-109
-151
166
29
23
105
-203
-31
113
-177
287
37
-198
177
-87
-129
196
139
-85
180
-133
-90
195
-83
123
112
-71
-99
65
5
69
163
-21
54
105
-238
166
208
-39
142
-43
-87
41
43
6
168
-13
50
12
-34
32
247
50
-66
125
-194
108
105
-13
127
134
-267
103
22
22
144
104
-30
77
-155
-20
311
-66
99
-20
21
-124
25
-18
249
51
-238
74
81
-149
123
107
4
49
-135
-110
26
242
-135
180
-198
-3
-11
-153
185
37
17
-111
-91
-117
82
24
99
-51
-8
-121
-137
-19
188
9
-121
95
-202
-116
122
-6
82
-52
-40
-117
-205
90
54
-49
7
-16
-125
-169
121
29
-32
122
-223
-137
-15
11
-112
112
-10
-81
-88
-119
-7
86
48
-86
-85
-15
-99
-99
22
140
-63
-158
-56
59
-47
-96
95
22
-3
-155
-62
46
47
5
-45
5
6
-8
-10
-29
96
-7
-15
-97
15
97
-45
53
-28
91
0
-51
22
88
35
-30
41
-54
108
-7
-27
72
-20
21
54
-30
72
54
-21
-4
6
102
-105
129
53
-74
31
24
10
-5
109
20
-24
-94
111
27
-43
65
18
24
-24
-58
73
1
89
16
-122
57
4
6
34
1
7
31
-119
-47
128
-9
38
1
-68
-21
36
-46
-15
130
-25
-135
-4
30
15
43
15
42
-154
-69
34
35
-61
46
73
-147
-64
35
18
77
37
-93
-14
-25
-123
120
61
-43
20
-91
-53
16
77
24
107
-38
-156
73
-122
94
102
33
5
-90
-45
-31
167
17
17
39
-74
1
-94
65
229
-17
-52
-25
-52
-16
126
62
17
89
-50
-136
35
71
181
-12
-49
110
-166
-17
105
65
75
13
-90
1
-12
23
99
118
-44
-5
-79
-18
105
13
104
-8
-22
-99
-13
6
87
36
-7
7
-91
-8
4
63
25
46
-53
-53
-51
8
55
-12
21
-60
-24
-38
8
-42
92
46
-103
-52
-39
-1
-3
18
-11
-22
-44
-43
-16
-26
25
26
-81
-60
4
-26
-13
68
-61
-11
-53
-60
1
-33
61
-27
-76
-83
27
-46
-33
44
-9
-29
-74
-84
46
-9
18
-8
-82
-44
-51
-15
-5
50
-24
-7
-102
-33
21
-1
43
-17
-72
-58
-15
-81
83
34
-1
-38
-78
-43
34
34
17
67
-56
-36
-19
-26
16
97
-13
-34
-43
-29
15
10
110
-1
-18
-37
38
-24
51
67
19
42
-102
1
-7
41
78
3
0
38
-32
15
58
69
28
10
8
10
0
-13
119
-26
6
10
-2
18
30
84
12
55
13
12
28
18
33
35
36
36
-43
64
25
-15
41
61
1
56
4
17
40
30
7
46
59
-35
17
-9
23
1
47
61
15
-27
40
-19
6
57
13
7
12
-26
-19
4
7
75
-52
-8
-27
15
-14
-28
64
28
-36
-89
36
-5
-24
4
0
-18
-48
-22
-49
30
12
-40
-15
-12
-52
-14
-3
9
-30
-75
6
-29
-82
35
10
-27
-26
-46
15
-54
-5
-25
4
-16
-61
-19
-3
-35
1
-18
-47
-17
20
-5
-88
76
-34
-14
-35
-15
15
-35
12
-51
7
11
-29
-8
0
31
-16
-76
71
-10
-24
12
-33
18
35
-28
-65
98
5
-48
10
-8
22
5
-13
24
1
4
39
-45
-7
60
-1
-48
39
19
-19
17
-19
32
46
-52
32
0
-4
6
-12
1
9
40
-38
9
9
-16
18
19
-21
-6
34
-24
-15
18
16
3
-42
9
23
-91
42
35
-31
13
-3
-18
-4
21
-45
51
36
-44
-41
29
5
-28
-6
35
14
-13
-44
3
39
12
-16
-15
41
-12
-26
9
42
5
-17
7
-18
3
21
24
15
16
2
-23
19
-1
39
32
-7
-6
19
0
-2
34
32
-4
4
-5
-8
31
31
41
-1
1
7
27
2
16
77
-12
-22
8
-9
29
13
7
46
-2
-31
32
2
41
16
-22
20
-2
-13
12
7
35
-14
-34
26
-16
33
0
4
-3
4
-41
-7
32
-29
31
-32
-15
-24
17
-17
1
-22
10
-16
-41
5
9
18
-71
15
-28
-5
-14
-21
15
-17
-32
-27
-30
24
-11
-16
-9
-21
4
-38
21
-42
19
-29
-40
-1
-21
27
-5
-7
-28
9
-23
-7
-11
27
13
-32
-20
-8
12
-15
7
-13
9
2
-5
10
-2
27
14
-31
-8
30
-11
21
-12
16
8
-14
-18
45
7
-26
42
-19
11
43
-32
37
23
-35
12
21
-16
9
36
-5
3
-3
4
38
9
-16
7
-5
11
11
1
17
33
-32
0
8
-23
45
25
-4
-19
-5
0
2
-1
31
10
-37
0
-18
-4
20
19
2
-4
-27
-6
2
-4
46
-8
-39
-25
2
-23
-6
41
-5
-34
-4
-19
-9
4
33
20
-50
-12
1
-33
9
39
-15
-12
-30
-27
-9
22
3
-7
39
-43
-32
-3
26
4
9
3
-23
-13
-21
11
17
13
5
-22
-15
12
-28
41
-7
22
-17
-20
1
-12
43
-4
11
-1
0
-48
44
14
-10
35
-3
-6
-4
-16
5
58
-32
9
-2
-3
10
19
-2
39
16
-43
14
-13
37
-5
-10
21
11
-33
-10
49
19
2
1
6
8
-9
-2
41
4
-20
-9
8
0
-8
28
10
-10
-14
-10
6
14
17
3
-1
-11
-4
-1
3
14
14
-13
-16
-19
24
7
-8
16
-11
-5
-23
5
8
1
7
-20
-24
-7
5
3
10
4
-6
-5
-22
12
16
-3
12
-14
-25
16
-25
-2
15
2
-3
-34
9
-1
12
-25
21
13
-32
9
5
1
4
-10
-4
-5
2
1
-17
21
5
9
-29
5
20
-9
-19
0
3
1
2
-9
6
-4
8
-13
-3
7
5
0
-11
0
14
-5
-13
6
9
-27
-9
17
-5
9
-13
14
-26
-10
17
-13
12
-6
-2
-10
-12
-5
-8
21
9
-36
-2
-4
-4
-9
2
20
-27
1
-35
9
15
-10
1
9
-13
-32
-1
1
17
-6
-8
-5
-25
1
11
-10
4
21
-31
-22
11
-1
12
21
-16
-12
17
-32
-6
31
6
-4
-3
-2
0
7
2
23
-5
-7
12
-7
7
18
18
-3
-7
13
-14
10
24
-9
29
0
-3
19
16
3
17
-2
17
10
-16
26
18
-12
-8
24
-1
-3
26
0
11
-1
-2
14
15
29
-8
9
9
1
-9
6
33
-16
-1
-9
-7
9
7
14
-2
1
-6
-5
-24
20
32
-9
-7
-10
-10
16
-4
-9
18
10
-26
-30
0
7
15
-11
-7
1
-16
-11
2
3
3
2
-33
-2
6
-9
5
13
-4
-9
-18
-9
7
7
-6
-1
-10
-21
4
-10
11
0
-8
2
-5
-16
11
9
0
-2
-1
-26
-1
17
-11
9
6
3
-10
-1
10
-5
9
8
-13
-14
2
-3
-3
12
-2
0
3
-9
-1
4
13
3
-8
5
3
-5
-3
-6
10
12
-35
8
3
-14
9
0
-6
-7
5
-8
-14
3
22
0
-7
1
2
-24
-1
1
-13
10
7
-13
-7
9
-10
-3
-5
1
-7
0
-18
11
2
-16
7
-7
11
-16
3
7
6
-8
-6
5
-2
-6
-4
-3
10
-10
0
10
-7
7
-9
3
7
2
6
7
4
-13
7
0
3
18
-4
15
1
-21
17
5
-6
2
13
-4
2
-6
14
21
-13
21
-3
-4
9
16
8
5
2
-2
-6
-17
19
-1
9
-9
9
-5
-5
13
8
18
-8
-3
7
-3
3
15
-4
6
-14
-4
0
5
-17
5
9
-20
-3
-3
16
2
2
-13
-6
4
-10
-2
7
5
-13
5
-13
7
4
1
4
-13
0
-11
0
-13
8
5
-20
3
-5
1
7
-9
-2
14
-8
5
9
-8
3
8
-13
-4
5
-2
27
-18
-7
6
10
-2
-5
15
14
-2
-8
7
2
2
2
4
-9
22
-15
7
7
14
0
-4
25
-5
12
-5
12
-4
1
13
0
-2
4
0
-3
1
-7
14
12
-4
-3
8
-1
8
-6
3
10
-4
-5
-3
12
1
1
-6
5
-8
1
1
2
7
-7
-4
-7
-9
9
2
-5
9
-8
-9
-10
4
5
-11
-2
6
-6
-9
-6
10
6
-19
-3
-1
-4
-4
-5
4
3
-20
-5
0
-14
1
5
-4
-13
5
-3
-13
-3
4
-5
-5
-3
0
10
-3
-9
-4
-3
-7
-6
-7
12
-3
-8
-2
0
1
-7
4
-8
-4
5
-15
10
8
-14
7
-4
-10
-1
15
-6
5
1
-6
1
-9
12
10
-4
-8
5
0
-12
6
12
5
-2
-12
4
3
4
11
-7
2
4
-5
-2
16
13
4
-3
-6
-6
6
5
11
14
-6
-1
-6
2
15
8
5
5
-1
-15
2
11
4
23
-9
0
3
-6
6
6
9
1
2
1
2
4
5
15
-3
-6
6
-1
6
8
5
4
-9
9
-8
-6
18
-7
7
-4
-1
6
6
-2
4
-1
-7
4
-1
-14
18
11
-21
9
-7
0
-7
-2
4
1
-7
3
-5
-8
13
-9
-8
12
-5
-12
4
-8
-1
0
-14
0
0
-2
-2
-3
-6
5
-2
-10
0
4
1
2
-7
5
7
-14
0
1
-14
-5
-5
-8
3
1
-8
6
1
-4
-1
-3
12
3
-5
4
4
-4
0
10
-5
1
-3
-6
2
3
-5
4
4
1
-13
1
8
7
4
-4
6
-4
0
-8
8
2
3
-1
-4
1
12
6
1
6
-6
0
-11
9
3
0
5
-4
-10
-5
-1
1
1
-1
3
-11
7
-10
5
8
-1
-9
5
6
-11
9
5
-2
-8
-7
-7
-5
3
-2
-8
2
-10
0
-3
-6
1
-6
-6
-11
1
3
2
0
1
-1
-4
-5
-1
2
-4
-2
-10
-1
5
-5
1
0
-4
-13
-8
-1
-1
-11
8
-2
-11
-2
5
12
2
2
7
-6
-10
10
3
3
2
6
-6
-5
-7
3
13
-5
1
-10
11
0
-4
12
1
5
-6
2
3
6
14
4
0
2
5
-1
4
17
7
1
0
1
6
-3
-1
8
5
-3
-7
3
2
0
2
5
4
8
6
9
8
2
4
5
1
-8
7
2
3
1
-3
1
6
-6
-8
11
0
-2
3
1
-1
0
-1
6
5
-3
7
-8
0
2
-4
9
1
-4
-3
-3
-8
0
4
2
-2
-4
-6
1
4
3
3
2
-10
-8
-2
-3
7
1
7
-5
-13
6
-8
-4
2
-1
-9
-9
6
1
2
5
3
-13
-3
-1
-4
11
4
-5
-6
-14
-2
0
-2
8
-1
-2
-7
-4
-8
-1
4
-6
-6
-6
0
6
1
1
7
-7
-6
-4
1
0
0
1
-6
-2
-11
-4
7
-5
0
-6
-8
-5
-5
3
-11
3
9
-2
-3
0
3
4
-6
-7
0
2
0
-6
-2
2
-1
-14
-2
7
-7
1
0
-1
3
3
-4
3
1
-2
-2
-5
-2
8
0
0
8
4
4
1
-1
0
5
-8
-4
9
1
3
6
0
2
-3
0
3
3
1
5
5
-3
5
9
4
6
6
6
0
-1
8
0
6
4
6
1
0
5
-3
4
4
4
4
4
-2
5
3
6
2
-3
10
1
-1
2
7
3
11
-2
0
2
3
-1
0
3
4
3
-8
4
0
0
-2
5
-4
-1
-5
-4
2
-3
2
1
7
-2
2
1
0
1
0
-4
0
0
-7
0
-3
2
-8
-2
1
-4
-4
-3
1
-6
-1
-7
-1
-3
1
3
3
2
0
-2
-7
-3
0
-4
-1
-1
-4
-3
-12
3
-7
0
1
0
0
-2
4
-1
-1
-3
3
0
-7
-1
3
2
-4
-7
4
-2
-3
7
2
1
2
2
-6
1
-1
-2
0
-5
-4
-3
-1
3
-2
2
4
5
-6
4
10
-2
8
-3
1
3
-4
-7
-3
-6
-3
-3
1
7
5
4
1
0
-3
-1
-5
4
1
-1
0
-1
7
-1
3
-2
1
-3
-6
-1
4
5
2
7
2
-3
-2
-1
-3
-3
-4
-3
-1
5
2
3
11
3
1
-1
-1
0
-2
4
0
1
3
4
2
2
5
6
-2
-5
4
1
-4
-2
5
-2
-4
4
2
3
5
5
1
2
5
2
3
5
9
2
-1
1
-3
-4
0
-7
0
0
-3
1
3
7
8
1
3
6
-4
-1
3
2
1
2
-4
0
1
-3
-1
3
-3
-6
1
-5
-3
-2
1
-2
2
-1
-4
4
1
-3
0
0
-3
5
-1
-1
0
-4
-4
-6
-1
-5
1
-6
-7
-2
-7
-4
4
-2
2
-2
-2
3
-5
-2
2
-2
-5
0
-6
-1
-3
0
-1
-8
0
-1
-1
0
-1
2
-1
-5
-4
-7
2
-2
-4
2
2
1
-1
3
-1
3
1
-6
5
-3
-1
2
0
3
4
-2
-1
0
-2
-3
-3
-3
-5
3
-3
2
6
4
7
0
1
6
-3
0
1
2
-1
-1
-1
-1
7
-6
-1
-2
-5
1
-3
1
7
5
0
-2
-4
3
1
6
5
4
0
-3
-7
-3
3
1
3
2
-3
-3
-2
-2
0
-2
1
-1
1
3
1
1
2
4
-4
-1
5
2
4
4
-5
-2
-1
-6
-2
0
-1
4
-3
-1
-1
1
0
0
1
0
-1
1
0
1
2
4
4
4
-1
0
3
-5
-1
-1
-1
-2
-5
-2
1
-1
0
3
1