-1
7
6
2
6
6
4
5
3
3
-4
-4
1
-1
-2
1
-1
-4
-2
-9
-8
-8
-6
-4
-8
-4
1
2
-4
3
3
1
0
-8
-1
-7
-2
-5
-12
-10
-2
-1
-4
-6
-6
-6
-7
-5
-7
-2
0
1
0
1
1
-2
-2
3
6
3
3
-1
-5
-4
-5
-9
-10
-6
-6
-5
-8
-4
-6
-2
-3
-3
-2
1
-1
-11
-8
-4
2
0
3
-1
-2
-2
0
-3
-3
2
-7
-4
-6
-9
-5
-2
0
3
-5
-4
-2
-2
2
-2
-1
0
-3
-4
2
-5
1
3
0
-1
-5
4
-1
-4
-3
-2
2
0
-1
2
1
-1
1
9
-1
-1
4
-2
4
1
2
-2
-1
0
-4
-2
-6
-5
-5
-5
-9
-9
-4
-4
2
-2
-2
0
3
6
5
10
10
10
10
9
4
3
1
0
0
1
5
6
0
5
7
2
1
-2
5
9
7
3
3
9
8
11
5
9
7
1
7
0
-4
0
-4
-4
1
1
1
2
0
6
4
2
5
6
4
7
-2
2
6
3
7
11
5
5
12
2
3
-1
2
3
2
-5
-1
1
1
2
-3
2
-6
0
-3
-5
-1
-5
-2
-2
-10
-5
-4
-7
-6
-8
-7
-5
-9
-10
-4
-9
-5
-6
-1
-3
-2
1
-2
-1
-1
2
-3
-6
-4
2
2
4
1
-2
-2
-1
3
-3
-3
-9
-2
0
1
-1
-5
3
-1
-1
3
0
-6
-5
-4
-7
-5
-12
-11
-5
-6
-13
-10
-1
-3
-5
-5
-10
-9
-4
-6
-5
-1
1
2
-2
-4
-3
-12
-13
1
-3
-8
-4
-1
-2
-9
-12
-8
-8
-14
-7
-4
-12
-9
-4
-4
-5
-6
-4
-3
-1
2
0
2
2
4
5
4
2
3
4
5
2
8
3
3
9
3
8
8
11
13
8
11
10
5
3
0
9
9
2
4
-2
-1
2
-1
-6
-1
-5
-6
1
1
-3
-1
-2
3
4
3
3
3
4
9
12
8
10
8
8
5
5
13
12
9
9
6
6
0
0
2
-4
1
1
-2
5
1
-2
1
-1
5
5
1
8
3
-3
6
7
12
12
3
6
7
7
7
5
7
8
5
7
7
5
2
1
8
-1
-5
-4
-4
1
0
0
3
3
0
4
2
3
1
-2
-3
-2
-3
4
3
4
5
-2
-4
-6
-1
-2
-3
-1
-5
-5
-8
-2
0
-6
-6
-8
-11
-12
-13
-8
-10
-10
-11
-4
-3
-13
-6
-5
2
0
-1
-4
-10
-9
-6
-6
-14
-20
-14
-6
-12
-16
-17
-14
-7
-13
-12
-14
-19
-12
-12
-12
-17
-10
-7
-3
-6
-5
4
9
7
-1
-4
-14
-11
-12
-11
-7
-9
-12
-12
-15
-7
0
13
17
6
-4
-5
7
9
11
4
4
1
9
13
3
2
-3
-3
-6
-14
-14
-1
-9
-16
-10
-19
-12
-14
-9
-12
-10
-4
-2
1
-13
-15
-10
0
-1
0
-6
-8
-6
-4
6
-4
-5
-6
-4
2
8
5
-3
-2
1
7
13
26
17
11
10
12
14
21
25
22
30
21
29
30
25
26
19
17
13
7
1
5
13
13
4
-2
-3
-3
1
11
11
6
9
5
6
6
0
14
29
29
25
15
12
12
10
2
-6
-10
-9
-3
-8
-8
-2
1
17
23
15
11
6
15
14
-1
-19
-28
-22
-14
-3
-8
-16
-8
-1
15
21
12
4
3
7
17
18
8
-6
-18
-15
-9
2
-1
-4
-17
-25
-16
-3
7
-2
-4
1
15
25
22
17
20
24
31
32
21
9
5
21
31
24
13
3
3
6
14
14
12
-3
-7
-18
-24
-16
-5
-1
-8
-1
-7
-7
-13
-25
-31
-32
-21
-21
-27
-37
-54
-61
-53
-41
-28
-23
-16
-14
-7
4
8
3
3
3
18
30
37
40
23
24
16
20
15
-3
-3
3
13
12
-5
-29
-38
-39
-30
-13
-6
8
11
20
9
-7
-13
-6
8
8
0
-5
1
6
-4
-9
2
10
14
-4
-18
-16
-9
-22
-48
-66
-53
-31
-23
-42
-50
-44
-33
-28
-31
-14
-33
-33
-36
-20
-6
-4
26
32
7
-11
-27
-18
-40
-43
13
53
7
-260
-516
-411
71
494
396
-198
-668
-652
7
612
619
-61
-908
-1027
-509
196
239
-361
-812
-684
-18
509
550
402
367
678
970
975
737
551
594
747
689
285
-31
-114
92
195
-42
-148
-277
-60
-40
-240
-375
-457
-273
-170
-86
-5
-59
-91
-38
21
200
160
136
-2
-8
72
147
133
-47
-323
-515
-356
-57
228
61
-225
-432
-339
-136
-95
-239
-415
-404
-191
20
56
19
-26
146
347
510
545
527
732
920
1099
993
795
704
663
916
1057
1168
1008
520
250
-16
267
385
201
-177
-947
-1220
-1453
-1318
-1151
-1348
-1515
-1995
-2097
-2007
-1793
-1557
-1632
-1720
-1809
-1737
-1479
-1194
-822
-636
-411
-251
75
450
699
971
1180
1542
2008
2191
2303
2101
2053
2189
2445
2755
2810
2529
2305
2232
2274
2418
1461
874
3
49
529
139
-98
-1643
-2461
-3128
-3223
-2530
-2635
-2525
-3427
-3631
-3626
-3058
-2512
-2363
-2342
-2590
-2381
-1743
-764
266
424
299
46
218
1080
1647
2131
2148
1936
2307
2321
2729
2431
1877
1721
1463
2197
2280
2210
1748
962
825
730
1055
1372
1163
909
715
709
1270
764
206
-633
-1193
-471
-650
-221
-1172
-2022
-2751
-3380
-2659
-2577
-2037
-2694
-2858
-2756
-2187
-1378
-1301
-1156
-1471
-1434
-802
-16
1340
1725
1702
1334
1050
1453
1700
1848
1890
1535
1728
1629
1642
1497
642
308
-377
-199
26
-7
178
-470
-488
-750
-509
-42
-10
-4
-173
-43
948
1779
2374
2339
908
577
-178
857
1695
1451
1144
-841
-1150
-1688
-1471
-1099
-1819
-1910
-2934
-2550
-2296
-1456
-1379
-1818
-2380
-2737
-2200
-1518
-593
-141
-130
-184
-176
43
380
261
163
127
351
1203
1324
1619
891
478
438
424
1180
965
1275
908
951
1294
1585
2045
1964
1452
1562
1320
2488
3233
3641
3809
1704
1442
71
1060
1569
923
399
-2079
-2579
-3215
-2923
-2434
-3424
-3849
-5005
-4521
-3872
-2778
-2532
-2690
-3326
-3482
-2741
-1589
-142
168
388
110
578
1075
1686
1710
1514
1343
1536
2288
2524
2816
2125
1779
1382
1161
1627
1338
1589
946
1003
1220
1404
1768
1342
1295
846
1032
1836
2539
3232
1839
844
-47
204
1197
664
321
-1748
-3182
-3742
-3699
-2474
-3079
-3722
-4785
-4567
-3716
-2749
-2301
-2174
-2754
-3118
-2490
-1020
613
894
666
470
865
1405
1897
2023
1993
1357
1167
1636
2330
2701
1794
1130
520
497
648
655
810
216
-100
-156
620
1063
1204
630
779
665
1607
2424
3124
3280
1375
1252
306
1846
1560
1092
6
-1900
-2505
-3231
-2448
-2409
-3032
-4166
-4351
-3812
-2938
-2418
-2464
-2388
-3183
-3032
-2056
-762
379
-125
-43
222
642
1270
1324
1613
1462
583
1193
1456
2488
2026
1170
1163
585
984
545
950
915
441
329
630
1464
1626
1445
1276
1594
1711
2490
3047
3798
3119
1770
1716
1352
2542
1197
945
-605
-1909
-2697
-3539
-2698
-3522
-3923
-5088
-4296
-4099
-3396
-3496
-3248
-3108
-3702
-2919
-2032
-727
-341
-566
238
907
1324
1593
1631
1961
1455
1081
1937
2446
2984
2118
1886
1888
1421
1207
635
1166
574
406
-5
986
1071
1201
918
1025
1458
907
2054
2160
3365
2312
1524
1586
1204
1834
527
548
-958
-2339
-3320
-3579
-2893
-3645
-4179
-5020
-3949
-4086
-3142
-3393
-2559
-2808
-3326
-2369
-1613
-256
-327
17
722
1394
1645
2066
2123
2370
1536
1351
2091
2216
2534
1714
1848
1449
984
963
650
749
-198
-370
-467
428
322
697
802
921
1125
784
2342
2619
3169
2695
1805
2333
1620
2054
1359
955
-79
-1833
-2650
-2719
-2847
-3399
-4339
-4814
-3968
-3927
-3215
-3574
-3018
-3090
-3377
-2721
-1707
-1024
-900
-1136
-194
829
1395
1917
1489
1799
1354
1187
1900
1946
2112
1423
1226
1386
1103
1489
1337
976
390
3
154
705
705
951
1088
1367
1647
1712
2635
3308
3187
3383
2707
2671
2415
1877
2083
705
207
-1254
-2312
-2443
-3566
-3651
-4591
-4693
-4744
-4523
-4262
-4085
-4201
-3573
-3485
-3084
-2278
-1950
-1294
-1366
-588
295
1017
1591
1754
1718
2252
1817
2477
2477
2354
2075
1338
2038
1700
1864
1704
1240
1132
764
866
1004
915
859
798
1105
1389
1630
1794
2585
2781
2973
3200
2265
2428
1385
1680
685
-208
-841
-2214
-2719
-3651
-3930
-4145
-4648
-5071
-5075
-4655
-4115
-4298
-3926
-3283
-3001
-2521
-1927
-1292
-646
-517
462
1009
1637
1933
1926
2488
2510
2325
2457
2372
2336
1872
1688
1974
1401
1472
975
931
719
663
796
761
701
539
727
1054
1272
1436
1842
2465
2670
3092
3195
2496
2328
1490
1553
237
-335
-1235
-2265
-3011
-3853
-3898
-4331
-4660
-5332
-4688
-4411
-3919
-4242
-3362
-2917
-2990
-2535
-1803
-803
-801
-378
436
1327
1631
1760
2042
2622
2349
1990
2338
2425
2377
1654
1839
1781
1288
1281
915
1230
815
932
703
769
640
633
926
1045
1247
1510
2212
2495
2668
3150
3380
2497
2195
1442
1499
188
-506
-1379
-2491
-3041
-3958
-3999
-4391
-4802
-5097
-4522
-4101
-3798
-3919
-3006
-2920
-2909
-2322
-1487
-1037
-1090
-544
408
1062
1404
1825
2097
2360
1798
1996
2422
2348
1848
1381
1720
1333
1052
1233
1407
1334
991
1130
1056
1075
871
1201
1368
1353
1336
1768
2467
2609
2779
3500
3388
2484
2119
1613
1495
-293
-829
-1765
-2629
-3329
-4397
-4213
-4864
-5140
-5397
-4537
-4089
-3989
-4127
-3128
-2915
-2716
-2006
-1555
-1056
-1242
-395
499
1121
1742
1890
2141
2374
2145
2641
2544
2360
1719
1369
1533
1209
1462
1723
1510
1237
1285
1604
1434
1141
1173
1152
1072
868
1359
1836
2219
2197
2626
3365
2692
2041
1792
1532
619
-906
-1038
-1898
-3020
-3929
-4470
-4289
-5179
-5315
-5186
-4222
-4107
-4089
-3407
-2327
-2308
-2303
-1685
-1045
-1054
-1015
-67
654
1129
1479
2033
2475
2738
2499
2814
2475
2242
1361
1290
1318
1026
1249
1205
1281
1179
1540
1682
1377
1120
1135
954
1053
939
1396
1404
1774
2176
2741
3394
2396
2401
1804
1681
534
-236
-598
-1971
-3123
-3729
-3943
-4277
-4951
-5176
-4759
-4395
-3884
-3538
-2728
-2147
-2358
-1926
-1402
-1180
-1298
-1123
-345
-235
375
1077
1796
2023
2272
2469
2667
2205
1783
1256
1209
1039
623
962
847
1192
1076
1708
1735
1651
1731
1685
1674
1490
1565
1613
1492
1787
2257
2884
3187
2412
2599
2142
2002
865
172
-590
-2103
-3132
-3784
-4260
-4795
-5486
-5589
-5308
-4669
-3854
-3459
-2589
-2376
-1941
-1640
-1013
-1194
-1295
-1236
-842
-644
21
826
1226
1821
2018
2668
2546
2651
2289
1857
1695
1157
961
819
774
965
1099
1666
1668
1879
2091
2194
2242
2086
2022
1776
1549
1862
1962
2471
2411
1781
2122
1527
1826
619
210
-856
-2288
-2865
-3860
-4467
-5439
-5881
-6112
-5721
-5116
-4057
-3619
-2607
-2272
-1621
-907
-490
-607
-988
-706
-583
-418
48
569
871
1321
1768
2474
2700
2944
2669
2431
2300
1928
1533
1305
863
836
758
1200
1186
1454
1946
2201
2593
2279
2456
2075
2234
2121
1959
2224
1629
1344
1215
1170
1179
283
-38
-1033
-1972
-2466
-3546
-4258
-5349
-5764
-6047
-5692
-4958
-4344
-3835
-2970
-2271
-1436
-648
-243
-213
-364
-43
-25
137
439
414
488
781
1301
1927
2030
2582
2458
2672
2763
2483
2418
1695
1302
941
891
977
654
948
1219
1616
2042
2143
2574
2380
2713
2542
2555
2503
1627
1360
898
799
272
-320
-682
-1513
-2284
-2625
-3549
-4112
-4991
-5326
-5357
-5093
-4476
-4390
-3829
-3185
-2511
-1854
-1130
-720
-619
-423
138
350
631
637
537
709
871
1323
1426
1651
2038
1989
2489
2626
2695
2545
1913
2019
1656
1765
1309
1048
1141
1092
1504
1651
2020
2183
2270
2623
2700
2893
2686
1864
1733
1065
862
22
-534
-1186
-2301
-2827
-3427
-4187
-4748
-5276
-5250
-5073
-4672
-4153
-4094
-3352
-2894
-2268
-1802
-1244
-1072
-928
-538
29
243
595
669
792
1148
1387
1883
1699
2060
2113
2219
2483
2382
2407
2119
1831
1990
1766
1854
1376
1244
1354
1272
1714
1568
1834
1724
1920
2304
2392
2631
2055
1577
1446
996
750
-71
-575
-1527
-2607
-2967
-3766
-4312
-5102
-5356
-5416
-5080
-4533
-4097
-3673
-2994
-2367
-1764
-1115
-713
-594
-518
-84
125
236
408
433
723
1011
1448
1764
1734
2271
2142
2384
2393
2306
2234
1755
1869
1806
1700
1539
1189
1362
1389
1532
1728
1694
1968
1831
2295
2521
2694
2583
1853
1786
1367
1156
512
-148
-834
-1940
-2616
-3029
-3806
-4524
-5214
-5265
-5277
-4957
-4537
-4190
-3614
-3020
-2284
-1656
-817
-696
-450
-282
226
111
98
239
284
653
891
1512
1566
1856
2185
2294
2611
2493
2418
2108
1866
1941
1736
1723
1473
1282
1420
1472
1815
1724
1831
1927
2102
2534
2530
2639
2190
1854
1740
1310
966
122
-520
-1576
-2551
-2936
-3603
-4297
-5146
-5342
-5366
-5221
-4826
-4454
-3978
-3419
-2720
-1995
-1173
-692
-524
-261
104
327
49
263
294
402
657
1072
1576
1501
2027
2323
2618
2696
2509
2480
2029
1988
1834
1704
1626
1272
1326
1422
1766
1909
1777
2139
2163
2546
2542
2729
2498
1840
1881
1405
1257
234
-243
-1132
-2121
-2665
-3375
-3937
-4874
-5267
-5426
-5326
-5000
-4695
-4348
-3717
-3018
-2209
-1489
-746
-562
-263
60
407
272
184
383
255
499
670
1264
1283
1551
1972
2256
2554
2421
2479
2157
2053
2040
1756
1674
1259
1285
1220
1429
1783
1657
2103
2126
2631
2729
2968
3061
2279
2295
1771
1549
622
-91
-664
-1925
-2528
-3204
-3749
-4515
-5217
-5266
-5410
-5019
-4831
-4489
-3951
-3306
-2573
-1949
-983
-663
-381
-42
446
478
275
398
366
453
607
1026
1205
1349
1777
1983
2399
2365
2420
2167
1999
2188
1808
1867
1394
1364
1250
1308
1790
1553
2008
1977
2416
2750
2887
3318
2575
2656
2206
1845
1182
189
-305
-1714
-2491
-3215
-3899
-4492
-5369
-5307
-5474
-5043
-4876
-4558
-3978
-3492
-2747
-2276
-1288
-888
-540
-237
292
532
376
480
406
597
606
965
1143
1257
1724
1811
2266
2302
2366
2230
1930
2238
1802
1826
1449
1341
1318
1170
1785
1546
1974
1954
2296
2702
2831
3292
2703
2743
2380
2016
1430
578
-118
-1528
-2412
-3248
-4015
-4664
-5419
-5530
-5735
-5222
-4872
-4481
-3895
-3379
-2598
-2217
-1395
-1075
-641
-387
30
362
372
636
440
667
751
1023
1209
1225
1719
1674
2038
2144
2227
2166
1791
2106
1673
1660
1286
1257
1278
1155
1653
1544
2035
2080
2459
2785
3031
3377
2859
3031
2541
2373
1616
984
152
-1231
-1973
-3052
-3838
-4744
-5330
-5545
-5819
-5322
-4967
-4423
-3876
-3299
-2448
-2045
-1250
-1207
-669
-506
-179
86
204
545
209
594
718
1095
1087
1241
1668
1598
1908
1849
2119
1922
1712
1832
1478
1602
1051
1244
1144
1333
1570
1663
2279
2296
2914
3064
3546
3502
3192
3292
2726
2488
1576
958
-64
-1362
-2025
-3258
-3922
-5075
-5468
-5857
-5951
-5567
-5338
-4567
-4184
-3234
-2610
-1817
-1347
-1083
-605
-408
-90
-126
235
300
261
547
748
1138
999
1453
1678
1785
1959
1833
2090
1743
1975
1717
1615
1530
1203
1414
1257
1777
1579
1932
2368
2697
3241
3443
3961
3578
3636
3349
2970
2241
1397
458
-915
-1675
-2753
-3746
-4735
-5343
-5676
-6140
-5692
-5576
-5110
-4595
-3829
-2964
-2475
-1488
-1441
-890
-596
-240
-212
-230
181
-14
362
669
944
1093
1336
1853
1808
2149
2179
2033
1837
1798
1883
1380
1473
1158
1198
1114
1528
1686
1744
2150
2469
3070
3394
3848
3670
3797
3665
3236
2595
1951
961
-393
-1492
-2239
-3484
-4455
-5277
-5569
-5931
-5894
-5495
-5339
-4612
-4115
-3149
-2572
-1800
-1437
-1103
-584
-262
-207
-92
22
71
135
600
861
950
1302
1662
1955
2065
2391
2195
2005
1849
1779
1461
1259
1052
881
963
1199
1391
1616
2081
2467
2780
3476
3804
3821
3859
3803
3559
2695
2255
1162
-36
-1080
-2176
-3140
-4298
-4859
-5501
-5723
-5467
-5486
-5053
-4595
-3774
-3299
-2594
-1788
-1640
-1211
-878
-454
-502
-395
-260
-364
-24
229
469
627
1082
1449
1675
2188
2288
2263
2116
2208
1842
1555
1353
1007
816
794
1036
1117
1443
2002
2346
2977
3543
3747
3947
3967
4094
3485
3086
2246
1065
-16
-965
-2113
-3286
-4287
-4868
-5525
-5499
-5370
-5232
-4773
-4303
-3498
-3045
-2171
-1961
-1694
-1319
-1017
-936
-931
-696
-758
-687
-240
24
222
444
1011
1296
1788
2118
2205
2337
2355
2464
2012
2047
1592
1155
1078
1091
1270
1088
1644
2026
2479
3294
3534
3969
3862
4087
3770
3270
2891
1611
605
-458
-1422
-2547
-3696
-4239
-5185
-5353
-5350
-5250
-4995
-4542
-3694
-3319
-2411
-1893
-1584
-1397
-1094
-945
-1130
-991
-1079
-1025
-813
-418
-135
121
780
977
1561
1968
2324
2342
2381
2736
2369
2341
2063
1744
1469
1171
1413
1075
1401
1628
1940
2731
2892
3658
3504
3984
3738
3263
2975
1834
1004
-256
-1203
-2274
-3514
-3939
-4791
-4886
-5063
-4868
-4582
-4330
-3481
-3202
-2295
-1966
-1421
-1253
-892
-686
-884
-839
-1068
-1031
-1163
-873
-633
-464
133
444
1193
1480
2043
2298
2339
2698
2342
2551
2048
1958
1634
1332
1551
1105
1445
1363
1813
2262
2326
3136
2903
3503
3159
3187
2752
1770
1192
-129
-851
-2159
-3064
-3833
-4595
-4584
-4804
-4370
-4080
-3566
-2845
-2477
-1554
-1453
-889
-947
-645
-702
-798
-716
-1078
-1012
-1285
-956
-1028
-764
-387
-138
561
803
1514
1718
2103
2421
2225
2620
2051
2234
1671
1754
1630
1275
1648
1423
2043
1918
2368
2679
2627
2969
2549
2718
2025
1377
840
-269
-744
-2236
-2559
-3667
-4006
-4314
-4485
-4019
-4026
-3048
-2750
-1726
-1201
-758
-284
-278
5
-461
-411
-797
-1089
-1164
-1468
-1146
-1461
-843
-849
-253
193
551
1235
1253
2029
1896
2393
2285
2117
2198
1778
2121
1512
1835
1693
1799
2107
1964
2754
2310
2750
2371
2455
2103
1183
975
-266
-682
-1854
-2235
-2899
-3551
-3538
-3934
-3535
-3550
-2909
-2592
-2096
-1330
-1047
-330
-302
241
-48
23
-157
-513
-607
-1155
-942
-1380
-1036
-1054
-821
-322
-146
693
720
1464
1632
1878
2167
2027
2374
1875
2146
1782
1826
1826
1863
1930
1767
2286
2092
2212
2036
2105
1529
899
665
-314
-959
-1936
-2344
-3201
-3605
-3543
-3826
-3442
-3311
-2513
-2256
-1500
-834
-580
31
87
522
240
376
162
-167
-237
-653
-631
-945
-742
-794
-677
-282
-198
334
434
1111
1133
1495
1735
1793
1916
1770
2066
1699
1853
1817
1916
1777
1893
2046
1832
1753
1702
1419
892
400
-10
-928
-1473
-2194
-2623
-3197
-3421
-3412
-3583
-3043
-2885
-2117
-1684
-938
-444
-12
581
696
925
838
710
479
167
48
-335
-472
-674
-705
-579
-477
-169
34
394
606
960
1208
1396
1521
1605
1632
1678
1742
1726
1611
1857
1728
1759
1772
1798
1643
1293
1380
751
267
-246
-867
-1590
-2356
-2580
-3300
-3610
-3597
-3589
-3279
-2991
-2176
-1868
-1120
-391
57
602
813
1202
948
1105
927
573
333
26
-39
-453
-267
-312
-328
-127
78
479
531
1063
1182
1299
1584
1587
1751
1527
1767
1548
1501
1754
1600
1554
1568
1654
1461
1143
1190
605
-43
-384
-1047
-1718
-2535
-2861
-3475
-3821
-3748
-3783
-3640
-3159
-2587
-1957
-1355
-450
-48
556
1078
1351
1464
1439
1486
1021
910
608
335
-42
-89
-145
-211
23
117
415
608
1045
1279
1393
1826
1696
1886
1824
1928
1787
1514
1878
1413
1444
1357
1324
1122
681
900
172
-322
-749
-1426
-2015
-2928
-3067
-3897
-4119
-4130
-4148
-3876
-3516
-2697
-2260
-1400
-568
-55
609
1123
1562
1528
1808
1750
1391
1249
1029
814
283
385
91
-5
135
267
474
603
1173
1274
1413
1999
1877
2136
1982
2388
2056
1925
2257
1667
1744
1448
1558
901
590
543
-383
-837
-1280
-1952
-2692
-3424
-3384
-4309
-4202
-4273
-4263
-3995
-3546
-2694
-2532
-1395
-839
-200
436
1167
1479
1439
1948
1756
1543
1470
1335
954
477
820
249
355
358
508
510
675
1429
1067
1657
1877
2055
2140
2206
2673
2091
2524
2439
2042
2159
1659
1819
687
1020
228
-641
-987
-1825
-2281
-3458
-3458
-4166
-4678
-4437
-4613
-4275
-4094
-3211
-2882
-2348
-1246
-1022
-198
137
943
788
1317
1566
1269
1466
1383
1413
764
1168
960
596
814
823
968
701
1360
1381
1268
1947
1629
2117
1861
2546
2215
2270
2895
2140
2563
2204
2456
1553
1256
1168
-183
-557
-1371
-2079
-3081
-3779
-3832
-4909
-4522
-4837
-4620
-4376
-3788
-3047
-2884
-1552
-1365
-545
-59
582
689
740
1331
825
1004
943
976
642
649
1136
619
1092
1046
1290
1274
1492
1917
1371
2078
1745
1969
1917
2081
2268
1782
2620
2062
2441
2329
2358
2128
1556
1825
571
216
-593
-1549
-2392
-3491
-3592
-4940
-4793
-5058
-5111
-4629
-4267
-3186
-3183
-1699
-1289
-644
65
509
899
631
1322
855
780
720
582
321
99
554
135
485
722
972
1276
1509
2192
1728
2456
2255
2285
2268
2093
2298
1599
2384
1764
1929
2006
1966
1961
1444
1846
870
379
-11
-980
-1674
-2807
-3037
-4230
-4520
-4711
-5060
-4790
-4570
-3717
-3518
-2236
-1573
-771
3
818
1253
1190
1752
1362
1254
902
750
303
-147
141
-345
-69
66
384
705
958
1853
1614
2329
2338
2564
2492
2457
2632
1983
2297
1766
1791
1483
1499
1288
906
1058
485
231
-231
-722
-1375
-2186
-2427
-3407
-3602
-4136
-4203
-4315
-4086
-3536
-3418
-2373
-1939
-1002
-459
429
933
1141
1742
1630
1734
1454
1306
948
448
534
-67
82
-143
138
234
541
1068
1098
1666
1776
2148
2123
2338
2307
2191
2089
1967
1757
1542
1305
1068
702
415
-129
-395
-1049
-1363
-2030
-2310
-2691
-3096
-3112
-3487
-3173
-3346
-2898
-2716
-2246
-1718
-1402
-683
-251
280
574
922
1341
1303
1507
1439
1463
1250
1121
1091
846
809
613
687
604
708
745
735
982
980
1227
1277
1537
1658
1522
1766
1624
1665
1321
1164
913
310
-41
-598
-1099
-1731
-2333
-2573
-3112
-3169
-3397
-3321
-3172
-2949
-2475
-2148
-1551
-1157
-716
-235
112
404
527
789
867
965
1057
1117
1206
1179
1384
1316
1566
1481
1615
1599
1677
1685
1475
1462
1305
1074
941
780
824
634
569
715
666
861
646
797
536
309
-109
-466
-1069
-1684
-2418
-2841
-3406
-3625
-3830
-3885
-3653
-3364
-2755
-2339
-1609
-998
-477
114
562
945
1063
1186
1343
1176
1277
1105
1243
1087
1286
1445
1644
1910
2133
2422
2530
2685
2661
2451
2296
1911
1601
1138
915
597
52
161
-198
-29
-450
-157
-401
-679
-738
-1126
-1517
-2138
-2554
-3051
-3603
-3691
-4088
-4107
-3920
-3610
-3186
-2692
-1734
-1344
-534
140
814
1007
1422
1669
1622
1682
1645
1576
1382
1549
1614
1579
1977
2168
2465
2668
3045
3259
3023
3278
2863
2660
2148
1785
1359
508
409
-206
-460
-750
-1002
-998
-1494
-1351
-1658
-2020
-2191
-2761
-2857
-3532
-3499
-3833
-4076
-3847
-3810
-3319
-3144
-2386
-1879
-1303
-524
9
616
907
1383
1470
1737
1745
1748
1678
1649
1803
1642
2037
2065
2365
2641
2914
3418
3180
3635
3395
3273
3071
2530
2519
1272
1292
509
113
-375
-955
-915
-1873
-1748
-2061
-2501
-2645
-3146
-2925
-3644
-3432
-3517
-3823
-3508
-3551
-2941
-3077
-2345
-2033
-1669
-1043
-578
-128
79
626
791
1059
1247
1451
1403
1582
1802
1735
2005
2133
2279
2430
2643
3064
2701
3201
3069
2996
2919
2695
2873
1769
2056
1415
986
495
-58
-241
-1429
-1475
-1988
-2724
-2901
-3517
-3383
-4050
-3599
-3549
-3780
-3107
-3034
-2296
-2389
-1597
-1373
-1219
-724
-580
-277
-293
34
90
372
584
721
905
1253
1537
1642
2095
2252
2301
2556
2647
2892
2418
2899
2505
2415
2399
2174
2288
1388
1996
1240
1201
833
483
143
-853
-785
-1710
-2398
-2818
-3517
-3644
-4366
-3839
-4093
-3951
-3323
-2973
-2103
-2000
-927
-791
-211
100
332
470
352
467
405
566
490
540
718
973
1190
1457
2002
1994
2377
2618
2839
2752
2604
2881
2116
2257
1878
1834
1187
958
1173
381
476
115
22
-637
-1029
-983
-1993
-2315
-2882
-3262
-3742
-4038
-3739
-4209
-3758
-3386
-2761
-2330
-1654
-855
-438
241
769
1134
1197
1401
1417
1500
1365
1332
1294
1336
1438
1488
1838
1909
1920
2326
2434
2533
2224
2555
2267
1822
1895
1595
1275
564
851
303
-209
-361
-560
-1140
-1655
-1637
-2122
-2878
-2935
-3231
-3605
-3841
-3528
-3619
-3676
-3046
-2572
-2224
-1762
-947
-582
-47
446
1038
1074
1421
1591
1849
1906
1975
2060
2161
2185
2288
2409
2478
2291
2352
2533
2251
2189
2070
2038
1459
1524
1424
985
520
623
243
-219
-508
-559
-1309
-1843
-1904
-2406
-3029
-3426
-3467
-3948
-4046
-3859
-3694
-3674
-3097
-2584
-2049
-1602
-919
-481
-51
416
776
1007
1208
1340
1624
1757
1877
2001
2274
2400
2417
2787
2813
2782
2734
3025
2648
2460
2474
2252
1747
1566
1632
970
604
668
257
-278
-624
-643
-1500
-1988
-2120
-2797
-3277
-3716
-3662
-4167
-4126
-3850
-3800
-3414
-3028
-2372
-2006
-1457
-967
-565
-85
154
449
710
922
1003
1372
1612
1655
1911
2283
2472
2427
2921
2914
2754
2892
3035
2725
2359
2590
2270
1815
1854
1832
1305
987
1126
670
52
-193
-577
-1462
-2027
-2308
-3102
-3671
-3986
-4063
-4408
-4217
-3894
-3715
-3173
-2663
-1987
-1528
-984
-543
-214
295
330
583
757
806
887
1085
1380
1213
1612
1928
2040
2174
2568
2609
2417
2713
2733
2351
2248
2305
2005
1631
1869
1577
1116
1170
1081
661
64
78
-658
-1427
-1765
-2323
-3093
-3670
-3773
-4040
-4336
-3940
-3802
-3425
-2909
-2199
-1594
-1149
-410
2
471
812
1046
1185
1269
1383
1497
1462
1547
1512
1632
1675
1770
1853
1757
1726
1825
1791
1640
1538
1497
1409
1180
1409
1180
961
838
833
626
110
-21
-511
-1138
-1530
-1974
-2556
-3222
-3415
-3523
-3833
-3573
-3423
-3065
-2725
-1953
-1301
-939
-283
289
756
1079
1465
1731
1739
1942
2199
2221
2204
2250
2326
2170
2137
2064
1792
1434
1331
1152
754
564
450
319
63
268
260
31
82
102
14
-408
-500
-845
-1484
-1808
-2157
-2640
-3196
-3355
-3382
-3591
-3326
-3021
-2665
-2218
-1529
-865
-406
154
711
1123
1454
1833
2023
2239
2354
2677
2837
2827
2989
3032
3095
2861
2746
2531
1953
1707
1297
884
333
34
-73
-574
-466
-640
-817
-905
-941
-921
-1503
-1549
-1893
-2396
-2684
-3059
-3313
-3779
-3755
-3572
-3587
-3154
-2862
-2228
-1683
-1069
-318
49
624
1007
1554
1844
1968
2322
2522
2710
3091
3295
3482
3445
3789
3866
3623
3583
3146
2766
2310
1937
1392
665
347
-48
-420
-470
-995
-1026
-1436
-1412
-1782
-2217
-2484
-3271
-3487
-3975
-4322
-4645
-4963
-4666
-4575
-4028
-3513
-3024
-2030
-1513
-469
76
707
1126
1503
2074
2152
2400
2561
2689
3053
3258
3521
3669
3847
4078
3999
4117
3821
3390
3157
2682
2201
1631
1140
712
146
209
-354
-643
-853
-1164
-1443
-2070
-2352
-3184
-3839
-4201
-4931
-5267
-5785
-5734
-5604
-5316
-4599
-4135
-3113
-2305
-1287
-310
285
1081
1571
2160
2462
2687
2980
2917
3340
3489
3590
3689
3889
4054
3958
4095
3943
3484
3316
3011
2561
1981
1584
1229
713
602
176
-145
-438
-750
-1073
-1597
-2115
-2827
-3508
-4016
-4774
-5244
-5732
-5923
-5781
-5589
-5066
-4570
-3661
-2819
-1940
-828
-214
613
1261
1896
2309
2611
3040
3067
3457
3698
3767
3905
4022
4110
3968
3982
3772
3317
3138
2728
2260
1800
1479
987
642
468
57
-293
-489
-774
-1355
-1684
-2186
-2886
-3465
-3916
-4507
-5063
-5229
-5285
-5323
-4968
-4544
-3957
-3285
-2399
-1605
-931
-161
535
1123
1614
2047
2442
2705
3064
3422
3600
3730
3905
4125
4024
3995
3876
3546
3214
2946
2564
1998
1625
1269
874
590
230
-132
-525
-771
-1261
-1747
-2230
-2919
-3452
-3929
-4357
-4912
-5095
-5019
-5035
-4649
-4133
-3617
-2975
-2134
-1259
-735
-25
605
1030
1444
1829
2127
2278
2574
2959
3159
3386
3649
3889
4029
4035
4091
3875
3566
3300
2937
2465
1917
1553
1163
669
324
-49
-469
-929
-1350
-1834
-2501
-3172
-3730
-4292
-4859
-5291
-5493
-5516
-5482
-5009
-4446
-3909
-3132
-2178
-1242
-672
237
963
1332
1833
2335
2607
2543
2921
3232
3117
3315
3569
3634
3538
3769
3882
3537
3437
3377
3104
2666
2447
2132
1631
1182
906
412
-216
-684
-1261
-1892
-2675
-3277
-3936
-4663
-5098
-5487
-5655
-5773
-5531
-5122
-4677
-3924
-3190
-2334
-1533
-745
104
683
1329
1821
2344
2662
2910
3297
3457
3552
3647
3820
3724
3560
3588
3433
3092
2910
2823
2511
2152
2101
1855
1482
1142
966
429
-163
-631
-1261
-2056
-2870
-3441
-4127
-4811
-5172
-5383
-5451
-5434
-4991
-4443
-4005
-3214
-2400
-1597
-1036
-223
514
900
1424
1987
2379
2559
2946
3367
3402
3555
3800
3817
3632
3564
3515
3097
2802
2623
2311
1866
1682
1507
1143
729
598
204
-340
-825
-1300
-2007
-2846
-3346
-3920
-4579
-5008
-5140
-5137
-5084
-4684
-4043
-3524
-2760
-1919
-1015
-406
282
1014
1463
1882
2262
2593
2715
2865
3180
3213
3238
3370
3411
3311
3171
3232
2924
2594
2491
2231
1842
1521
1362
934
414
265
-212
-793
-1343
-1793
-2476
-3239
-3634
-4228
-4784
-5028
-5100
-5084
-4941
-4427
-3858
-3260
-2372
-1586
-741
-33
713
1406
1881
2373
2668
3006
3198
3310
3487
3464
3534
3498
3459
3359
3172
3070
2734
2577
2351
1996
1703
1437
1175
648
319
-40
-671
-1226
-1763
-2348
-3147
-3714
-4158
-4748
-5105
-5257
-5235
-5149
-4795
-4178
-3598
-2854
-1960
-1113
-337
427
1223
1788
2222
2753
3005
3198
3333
3516
3478
3416
3580
3462
3343
3304
3262
2997
2802
2769
2452
2045
1904
1570
1037
503
145
-540
-1294
-1858
-2532
-3356
-4030
-4452
-4970
-5371
-5523
-5381
-5291
-4873
-4281
-3589
-2924
-2065
-1115
-383
345
1110
1744
2236
2697
3146
3300
3422
3658
3640
3614
3515
3517
3246
3154
3089
2839
2658
2512
2379
2127
1933
1699
1212
804
336
-303
-1021
-1801
-2533
-3447
-4115
-4774
-5339
-5751
-5921
-5821
-5591
-5103
-4458
-3653
-2755
-1752
-788
132
896
1711
2284
2795
3186
3442
3567
3657
3762
3687
3595
3542
3417
3266
3164
2984
2789
2567
2483
2148
1971
1707
1342
866
497
-2
-775
-1424
-2082
-2871
-3766
-4355
-4959
-5584
-5970
-5961
-5935
-5776
-5262
-4444
-3752
-2819
-1702
-637
209
1220
2180
2737
3280
3774
4045
4016
4182
4138
3881
3721
3677
3411
3186
3157
3003
2760
2737
2620
2303
2055
1818
1281
671
220
-578
-1459
-2184
-2878
-3855
-4569
-5006
-5602
-6029
-6020
-5908
-5814
-5370
-4600
-3978
-3207
-2132
-1220
-347
606
1607
2198
2857
3534
3815
3998
4253
4306
4053
3956
3914
3542
3251
3223
3029
2749
2729
2714
2465
2318
2218
1791
1267
878
104
-806
-1613
-2482
-3594
-4467
-5017
-5862
-6328
-6354
-6310
-6153
-5575
-4684
-4074
-3033
-1824
-967
-57
934
1802
2204
2869
3342
3356
3528
3721
3673
3420
3468
3406
3120
3113
3095
2881
2747
2765
2652
2376
2243
1925
1443
1025
520
-264
-1030
-1794
-2605
-3487
-4151
-4854
-5490
-5702
-5851
-5792
-5550
-4949
-4342
-3490
-2347
-1402
-445
659
1642
2403
2992
3646
3786
3895
4035
3888
3573
3240
3115
2721
2516
2416
2238
2109
2167
2206
2101
1962
1848
1438
1010
491
-282
-1134
-2048
-2853
-3786
-4536
-5223
-5748
-5964
-5983
-5829
-5399
-4787
-4033
-3158
-2054
-1063
-137
953
1867
2655
3312
3940
4237
4430
4649
4614
4390
4185
3926
3567
3184
2905
2577
2214
2019
1812
1646
1347
1117
828
424
-121
-730
-1457
-2356
-3270
-4088
-4987
-5877
-6409
-6801
-7001
-6914
-6390
-5819
-4971
-3769
-2512
-1377
-19
1223
2294
3193
4082
4606
4869
5213
5226
5135
4910
4780
4435
4163
3996
3713
3436
3288
3104
2830
2527
2276
1743
1160
562
-207
-1169
-2181
-3079
-4185
-5206
-6070
-6747
-7429
-7721
-7670
-7468
-7023
-6191
-5141
-4085
-2792
-1376
-153
1021
2184
3146
3803
4368
4821
4938
5025
5050
4992
4810
4737
4667
4527
4488
4459
4329
4152
3992
3659
3133
2535
1787
797
-268
-1383
-2592
-3871
-5000
-5998
-6891
-7554
-7931
-8029
-7880
-7412
-6668
-5732
-4639
-3421
-2150
-918
218
1240
2112
2817
3315
3655
3891
3968
3991
4011
4047
4062
4148
4328
4469
4617
4776
4848
4764
4567
4234
3632
2833
1916
802
-455
-1755
-3020
-4248
-5401
-6293
-6976
-7402
-7556
-7385
-6934
-6305
-5436
-4403
-3303
-2215
-1140
-127
680
1370
1924
2240
2470
2626
2734
2750
2871
3040
3212
3476
3846
4214
4495
4806
5003
5012
4822
4462
3885
3077
2098
1005
-195
-1422
-2638
-3704
-4653
-5403
-5930
-6187
-6213
-6026
-5571
-5021
-4320
-3530
-2695
-1944
-1215
-522
22
449
838
1120
1277
1428
1625
1794
1946
2219
2537
2884
3249
3651
3977
4240
4434
4490
4355
4060
3540
2881
2059
1137
87
-999
-1972
-2938
-3724
-4379
-4782
-5024
-4987
-4734
-4348
-3814
-3192
-2529
-1840
-1222
-678
-288
69
326
420
506
546
594
615
798
995
1238
1556
2004
2412
2840
3212
3514
3653
3688
3611
3234
2764
2162
1446
591
-209
-995
-1824
-2489
-2946
-3349
-3598
-3636
-3486
-3304
-2915
-2433
-1984
-1488
-995
-540
-231
118
298
394
453
511
467
406
466
497
588
788
1069
1324
1609
1993
2266
2456
2613
2617
2474
2175
1846
1281
642
-2
-656
-1314
-1894
-2281
-2636
-2822
-2784
-2615
-2396
-2030
-1581
-1141
-723
-294
23
232
386
453
423
363
269
173
125
127
181
283
506
708
985
1279
1541
1737
1875
1942
1852
1700
1440
1043
610
134
-367
-874
-1293
-1633
-1940
-2052
-2056
-1961
-1772
-1446
-1076
-717
-301
74
378
592
757
833
774
676
540
339
124
-37
-148
-262
-261
-165
-19
156
401
669
874
1051
1170
1178
1075
891
609
225
-188
-616
-1032
-1381
-1650
-1818
-1844
-1756
-1530
-1216
-795
-368
78
549
915
1206
1415
1541
1490
1395
1265
1008
713
485
269
53
-78
-105
-152
-121
-13
81
155
205
264
205
136
-13
-233
-483
-756
-1033
-1291
-1503
-1689
-1791
-1771
-1687
-1540
-1258
-930
-552
-142
325
713
1047
1388
1631
1757
1812
1812
1693
1527
1360
1157
923
758
605
509
449
421
378
386
384
310
195
59
-174
-452
-738
-1054
-1399
-1720
-1923
-2123
-2207
-2215
-2100
-1933
-1658
-1320
-972
-593
-208
149
483
758
977
1149
1267
1345
1366
1416
1375
1373
1348
1342
1282
1261
1235
1170
1107
1045
913
759
606
386
147
-108
-357
-699
-936
-1206
-1485
-1713
-1845
-1965
-2042
-1985
-1873
-1764
-1509
-1212
-921
-613
-262
83
334
624
822
982
1077
1161
1186
1172
1147
1119
1089
1075
1049
1031
1023
994
975
930
854
725
594
436
196
-49
-288
-568
-812
-1043
-1215
-1395
-1499
-1533
-1540
-1462
-1365
-1198
-1025
-805
-578
-393
-186
-7
144
268
377
476
521
588
651
713
757
804
871
906
945
964
962
929
861
788
677
523
367
195
15
-166
-335
-501
-663
-758
-849
-918
-934
-912
-873
-830
-696
-596
-500
-363
-237
-126
-64
39
71
65
103
90
69
31
56
67
84
174
225
317
437
559
641
681
752
732
700
617
488
324
161
8
-169
-290
-401
-478
-481
-431
-388
-314
-199
-90
5
99
142
142
123
113
20
-51
-132
-234
-295
-322
-345
-395
-357
-322
-293
-250
-190
-167
-147
-106
-68
-70
-46
-25
11
47
94
134
164
218
254
266
281
290
268
275
278
285
282
319
360
385
444
483
478
476
459
387
268
163
16
-178
-315
-454
-606
-739
-761
-788
-818
-745
-664
-603
-527
-408
-347
-326
-254
-228
-235
-207
-168
-133
-97
27
137
247
402
566
683
790
900
946
950
924
882
785
686
569
461
321
209
116
11
-84
-179
-272
-363
-466
-545
-666
-762
-817
-883
-902
-921
-878
-841
-747
-629
-520
-383
-253
-112
10
143
242
299
408
495
539
620
683
737
775
847
875
853
840
797
717
607
473
320
146
-14
-182
-335
-459
-602
-696
-759
-802
-859
-895
-889
-896
-885
-841
-800
-747
-661
-518
-400
-266
-89
82
251
414
573
689
788
875
940
956
956
959
927
878
840
788
702
619
543
435
309
162
25
-138
-298
-451
-623
-768
-898
-1000
-1098
-1156
-1170
-1191
-1141
-1078
-994
-883
-747
-574
-429
-231
-51
130
311
485
641
769
897
981
1046
1094
1108
1089
1053
1003
927
817
719
605
465
345
231
93
-25
-141
-255
-372
-474
-580
-704
-787
-888
-972
-1057
-1100
-1135
-1148
-1097
-1036
-949
-823
-651
-471
-283
-70
134
331
524
687
821
917
1004
1039
1062
1052
1018
965
915
856
771
694
599
505
403
288
159
22
-124
-257
-412
-539
-681
-782
-870
-936
-955
-979
-952
-917
-847
-769
-689
-589
-495
-388
-280
-187
-76
9
131
222
337
441
533
647
723
807
866
903
919
913
878
818
735
622
490
359
215
72
-72
-202
-306
-404
-488
-539
-598
-634
-658
-664
-682
-705
-683
-683
-675
-641
-595
-555
-486
-376
-284
-178
-43
89
203
322
452
530
579
654
681
670
658
647
590
547
525
468
410
375
329
264
221
166
87
6
-43
-140
-220
-295
-373
-443
-483
-525
-570
-572
-570
-567
-537
-496
-458
-418
-356
-280
-246
-182
-112
-45
3
86
163
221
284
365
413
446
482
509
493
486
477
430
401
351
312
264
236
190
157
128
103
67
34
-11
-54
-102
-148
-210
-258
-302
-358
-386
-410
-433
-457
-430
-429
-413
-382
-337
-310
-270
-194
-153
-109
-31
24
67
129
186
208
231
288
298
306
309
330
321
317
326
317
321
321
316
321
302
280
249
210
159
83
23
-68
-150
-225
-290
-350
-404
-431
-439
-445
-434
-422
-410
-384
-367
-343
-336
-320
-306
-271
-235
-199
-133
-66
19
126
230
331
418
531
601
648
700
700
684
655
618
536
458
379
285
208
132
63
-21
-76
-124
-197
-245
-300
-360
-425
-468
-519
-582
-629
-663
-683
-704
-691
-673
-641
-578
-510
-426
-329
-213
-100
33
170
297
436
555
681
775
864
928
960
977
959
917
839
758
644
509
392
261
127
2
-100
-201
-307
-380
-453
-523
-594
-647
-708
-784
-830
-882
-934
-969
-977
-967
-931
-860
-767
-643
-483
-302
-104
86
291
488
662
821
944
1038
1089
1129
1137
1096
1042
978
895
797
701
599
475
381
287
180
79
-19
-113
-222
-324
-433
-572
-696
-816
-945
-1069
-1177
-1246
-1305
-1312
-1267
-1193
-1072
-895
-682
-463
-209
40
258
485
668
809
906
965
1006
989
967
926
866
817
775
741
705
675
656
626
586
529
456
358
224
89
-78
-259
-445
-627
-797
-949
-1065
-1153
-1210
-1222
-1194
-1123
-1031
-916
-767
-611
-442
-279
-109
36
167
298
401
475
537
588
625
647
674
696
697
717
740
742
744
739
714
674
616
543
432
307
179
32
-129
-281
-426
-569
-681
-775
-845
-886
-897
-871
-833
-756
-664
-570
-448
-332
-224
-120
-22
55
112
165
197
218
232
256
262
275
317
344
382
432
486
527
563
593
603
588
557
498
409
302
188
49
-95
-234
-361
-471
-567
-626
-666
-663
-624
-566
-495
-397
-293
-197
-108
-32
14
42
56
47
14
-22
-45
-71
-86
-85
-53
-10
45
124
209
282
358
423
455
472
472
430
374
308
218
121
30
-47
-129
-179
-214
-231
-239
-208
-177
-154
-102
-63
-42
-19
-4
-22
-47
-66
-100
-149
-185
-211
-237
-256
-245
-239
-209
-170
-123
-70
-8
44
88
137
170
189
203
208
189
179
162
137
114
100
92
92
105
121
140
170
194
219
224
236
220
194
162
109
50
-24
-82
-155
-218
-265
-310
-339
-356
-362
-359
-340
-310
-290
-246
-208
-161
-124
-87
-46
-18
12
37
60
64
81
101
112
123
145
172
196
236
269
297
338
365
377
380
379
352
303
249
178
94
2
-85
-179
-256
-319
-376
-411
-423
-421
-408
-374
-332
-295
-247
-199
-165
-129
-106
-87
-67
-54
-39
-20
1
31
67
111
154
202
257
302
347
384
403
415
420
394
357
315
252
182
109
34
-37
-115
-172
-215
-262
-288
-304
-306
-312
-305
-285
-276
-269
-245
-231
-213
-194
-170
-150
-116
-84
-50
0
40
92
140
190
233
273
305
325
344
350
333
322
295
261
222
176
134
81
30
-15
-61
-110
-154
-189
-229
-263
-278
-305
-323
-321
-310
-307
-285
-249
-227
-187
-142
-103
-67
-28
14
49
83
122
155
192
227
260
290
321
331
337
347
340
310
287
247
195
146
96
37
-26
-67
-115
-160
-189
-220
-243
-251
-252
-264
-265
-253
-257
-254
-246
-233
-240
-226
-197
-186
-159
-120
-79
-34
22
82
136
190
245
292
327
345
362
361
351
327
294
258
212
166
119
71
25
-15
-49
-77
-106
-120
-133
-140
-148
-151
-144
-152
-159
-159
-162
-188
-197
-205
-224
-227
-219
-215
-193
-160
-108
-66
-7
57
111
166
208
240
254
258
245
224
192
157
113
77
50
29
7
5
7
18
25
41
51
50
58
54
35
7
-12
-51
-80
-117
-146
-174
-191
-195
-200
-195
-170
-144
-119
-82
-40
-9
23
53
78
91
90
99
79
59
43
21
-14
-32
-42
-58
-51
-44
-21
12
48
91
128
160
192
212
214
204
189
155
119
74
24
-23
-67
-98
-124
-142
-151
-146
-132
-115
-101
-77
-56
-43
-33
-30
-36
-45
-61
-77
-96
-118
-133
-137
-137
-135
-116
-88
-54
-16
30
74
123
168
200
230
252
254
251
236
206
178
137
95
58
22
-10
-34
-46
-54
-55
-48
-44
-42
-36
-37
-53
-70
-89
-117
-149
-179
-205
-230
-240
-238
-238
-218
-183
-142
-100
-47
10
57
111
153
189
213
233
242
237
228
215
195
173
151
128
107
92
75
63
54
43
41
23
17
6
-18
-38
-57
-88
-119
-152
-174
-202
-231
-247
-263
-264
-259
-243
-224
-189
-143
-102
-56
-7
38
77
115
143
153
170
174
165
162
154
151
139
138
139
136
137
137
133
124
115
100
71
44
13
-30
-59
-93
-128
-150
-167
-185
-187
-183
-182
-174
-159
-134
-121
-105
-79
-61
-45
-21
-6
8
24
42
60
70
79
97
107
116
122
132
134
128
134
125
113
97
82
64
49
32
7
-13
-27
-45
-64
-77
-88
-105
-105
-112
-118
-117
-117
-102
-99
-85
-65
-47
-38
-15
9
17
30
47
53
57
64
70
62
60
66
65
65
62
62
61
65
60
47
44
35
18
7
-12
-34
-49
-62
-79
-92
-89
-91
-88
-76
-64
-52
-39
-25
-14
-5
6
10
12
16
19
24
28
33
42
49
61
69
68
71
78
70
60
51
36
21
4
-15
-32
-49
-58
-63
-71
-71
-67
-60
-56
-50
-38
-38
-33
-24
-27
-26
-22
-24
-24
-21
-13
-9
2
17
30
50
66
76
92
106
111
115
112
103
92
75
50
23
0
-26
-55
-72
-91
-108
-111
-115
-115
-103
-88
-78
-62
-48
-37
-29
-26
-22
-19
-26
-29
-25
-30
-29
-22
-16
-5
15
29
50
71
97
116
130
146
156
155
155
146
126
107
80
51
16
-13
-41
-71
-94
-111
-121
-132
-137
-131
-131
-120
-104
-96
-88
-74
-64
-59
-57
-58
-48
-48
-45
-39
-32
-24
-9
15
35
54
87
112
129
149
164
165
165
162
151
136
115
99
73
57
40
17
4
-10
-29
-40
-55
-71
-88
-102
-108
-119
-124
-125
-125
-115
-106
-99
-84
-72
-59
-43
-30
-20
-15
-3
7
13
19
33
44
52
70
79
82
96
105
106
106
107
103
90
81
67
47
30
18
-3
-20
-32
-49
-64
-70
-78
-85
-86
-82
-72
-71
-66
-46
-41
-35
-20
-7
-4
4
20
10
12
20
12
5
8
7
5
6
10
13
19
27
36
47
49
60
63
53
51
42
27
15
0
-16
-36
-42
-53
-66
-67
-59
-53
-44
-25
-10
5
23
36
49
56
62
66
56
49
38
20
7
-9
-26
-30
-40
-42
-40
-35
-23
-16
-8
5
18
17
22
16
8
1
-15
-32
-44
-57
-66
-72
-77
-77
-66
-49
-40
-20
11
32
51
70
80
91
96
94
82
73
64
40
25
9
-7
-13
-21
-25
-23
-20
-13
-11
-3
2
5
9
7
1
-5
-13
-28
-42
-52
-66
-76
-83
-90
-89
-82
-75
-65
-41
-19
0
24
49
70
85
94
103
103
101
95
78
66
54
36
24
5
-4
-3
-10
-13
-14
-9
-9
-10
-5
-11
-17
-18
-27
-41
-51
-62
-73
-81
-81
-85
-82
-76
-68
-55
-42
-28
-11
5
17
30
44
52
58
63
71
76
73
74
70
74
65
58
60
46
36
34
19
9
1
-12
-20
-31
-39
-44
-53
-57
-60
-59
-56
-66
-60
-51
-53
-47
-39
-34
-27
-23
-19
-13
-7
-1
3
13
17
25
37
44
52
63
72
78
77
80
78
67
56
44
31
13
-4
-18
-31
-45
-47
-50
-57
-52
-49
-49
-39
-36
-35
-30
-26
-27
-28
-24
-29
-25
-22
-22
-16
-13
-6
1
5
17
32
37
47
62
68
76
81
81
86
82
71
60
49
29
9
-6
-27
-43
-54
-67
-73
-77
-73
-64
-62
-51
-35
-27
-22
-16
-11
-10
-10
-13
-19
-26
-24
-27
-29
-24
-15
-3
10
24
44
57
73
90
92
97
99
93
78
61
48
26
5
-12
-33
-44
-55
-64
-63
-66
-62
-50
-47
-42
-31
-26
-21
-19
-23
-23
-25
-28
-32
-40
-38
-37
-39
-33
-23
-16
-1
19
33
47
68
78
87
95
96
95
86
74
60
40
21