-4
-1
-6
-3
-4
-3
1
0
-1
-4
-3
-2
-3
-2
2
2
0
1
-5
2
7
4
-3
-3
0
0
4
2
1
-2
-1
1
-6
-6
2
5
5
7
2
3
5
-1
3
0
6
3
-2
8
7
3
-1
2
4
-3
4
4
-3
-2
-5
7
5
-4
0
4
-3
-3
5
-4
-2
-7
-10
-3
-5
-5
-7
-3
-6
-4
-5
-11
-1
1
-1
-2
-4
-11
-14
-8
-8
-9
-6
-4
-4
-6
-9
-12
-13
-6
-11
-12
-4
-1
-9
-8
-4
-5
-1
-8
-6
-10
-7
-4
-10
1
-1
-6
-6
-2
-4
-9
4
2
7
4
-5
-2
-1
-5
-2
1
-5
3
8
1
3
3
-2
1
2
9
7
1
6
3
4
4
2
4
2
-1
0
3
1
5
5
8
6
3
6
6
4
5
8
5
2
2
-7
-4
1
-4
-6
-9
-4
0
-3
-4
-4
1
0
-1
1
-2
-11
-13
-8
-3
-4
-4
-3
-9
-11
-13
-14
-10
-12
-12
-14
-15
-10
-14
-17
-11
-3
-14
-9
-14
-17
-16
-15
-11
-13
-12
-15
-9
-13
-18
-11
-17
-17
-11
-15
-13
-19
-9
-12
-17
-14
-11
-8
-16
-8
-8
-2
-2
-10
-8
-9
-6
-7
-6
-10
-13
-8
-5
-12
-8
-8
-9
-7
1
-3
-3
2
-4
2
6
8
2
-2
3
12
5
3
2
3
1
-3
-3
-2
3
9
8
0
6
9
4
3
6
6
7
9
4
6
6
3
5
3
2
6
7
9
3
2
8
-1
-3
-3
3
7
5
5
3
2
2
3
-1
6
11
7
0
-1
3
-1
-2
1
-3
-8
-10
-11
-9
-5
-10
-12
-4
-2
1
0
-5
-6
-4
-2
-7
-10
-3
-10
-12
-9
-13
-10
-14
-12
-11
-12
-12
-12
-10
-7
-7
-10
-4
-10
-6
-3
-3
-5
-4
-7
-12
-10
-10
-8
-6
-2
-12
-14
-7
-9
-7
-3
-7
0
0
-2
1
-3
-2
0
5
5
2
8
2
1
3
3
1
1
5
12
5
7
5
-1
3
8
15
17
13
12
9
9
16
18
10
7
8
12
12
11
5
7
9
5
6
2
5
5
5
8
10
8
8
9
8
11
0
2
6
3
7
2
-3
-3
-1
0
2
5
-1
8
1
-6
-4
0
1
4
3
3
5
-2
2
-1
-1
-6
-3
-7
-4
-3
-13
-7
-10
-9
-4
-7
-4
-2
-10
-1
-3
-6
-7
-8
-6
-7
-1
-1
-4
-6
-2
-4
0
0
-3
2
1
0
1
-3
1
4
-1
-2
-3
5
5
2
6
4
2
1
3
5
4
1
-3
2
-1
0
-1
-3
1
-2
-4
0
-4
-3
2
3
4
10
11
4
8
6
6
1
3
6
7
9
7
7
3
4
9
8
7
13
1
-1
7
8
10
5
6
7
6
0
-2
-1
1
-2
6
3
1
2
1
-4
-5
-4
-2
6
2
2
0
3
0
-1
-1
0
-4
2
8
1
-1
5
-2
0
-1
-7
3
5
5
1
0
-2
0
2
0
0
1
-4
-6
-4
-1
-2
-4
-1
1
-4
-5
0
2
3
1
2
0
-3
0
1
-3
3
4
4
6
10
6
7
9
9
11
7
12
10
10
13
11
12
16
14
15
12
11
15
15
9
11
12
10
9
0
10
10
5
7
10
15
11
7
4
7
11
13
6
5
6
8
11
9
3
1
6
9
4
5
11
7
10
7
6
9
6
4
6
3
2
3
1
0
2
2
3
-1
-4
-4
-7
-7
-2
-2
-7
-10
-4
-5
-6
-2
-8
-1
-3
-4
-1
-4
-2
-1
-1
-3
1
1
1
2
-3
0
5
4
0
-5
0
3
1
5
9
3
5
4
-1
4
-2
3
5
6
6
8
0
2
1
2
5
5
1
-2
4
0
0
-2
6
7
9
7
2
9
5
2
6
6
5
5
4
2
3
-2
-1
2
0
2
9
6
-2
0
0
1
0
0
1
2
-3
1
-6
-6
1
-7
-6
0
-1
-5
-3
-4
-6
-4
-4
-7
-4
-3
-7
-8
-13
-12
-5
-5
-1
-3
0
1
-6
-7
-2
1
1
4
-7
-11
-4
-4
-6
-4
0
-5
-2
-9
-6
-4
-6
3
-2
0
-1
-1
2
-3
0
-4
-1
3
0
-5
-5
-6
-12
-5
-2
-5
-3
-3
-4
2
5
1
-1
4
1
2
8
-1
-1
-4
-2
2
-5
2
-4
-4
-5
-1
-1
-6
2
-4
-1
0
-4
-1
1
0
1
4
-2
-5
-7
-6
-4
-6
-7
-6
-8
-6
3
-2
-6
-5
-5
-1
-8
-5
-11
-7
-2
-4
-3
-4
-3
-8
-4
-7
-9
-2
0
-2
-11
-8
-9
-9
-7
-9
-5
-11
-3
-3
-12
-9
-7
-9
-6
-5
-6
-8
-4
-6
-6
-8
-9
-4
-8
-14
-7
-14
-18
-8
-10
-12
-10
-5
-12
-11
-6
-7
-6
-6
1
1
-3
-2
-3
-6
-9
-4
-1
-5
0
-3
-6
-4
-12
-5
-4
-1
-1
0
4
2
0
1
2
4
1
-6
-2
-2
1
1
-3
-5
-5
-4
-4
-6
-5
-1
-3
-3
5
2
-2
7
8
5
4
11
7
-3
-2
-4
2
3
0
-4
-3
-5
-6
-4
-2
-3
-3
-6
-4
3
-5
3
2
-4
-5
0
-10
-6
-6
-10
-10
-17
-11
-16
-17
-15
-15
-15
-10
-12
-4
-8
-1
2
-12
0
-2
-8
-7
-12
-7
-6
-13
-12
-17
-9
-11
-10
-7
-14
-14
-6
-7
-11
-10
-10
1
4
2
0
-5
-2
-5
-6
-5
-11
-11
-5
-7
-5
-3
-7
-8
-2
4
5
9
5
5
13
11
12
3
6
9
11
13
11
6
3
6
4
10
8
5
4
8
11
11
16
11
13
8
11
15
11
11
14
8
6
5
3
14
7
6
10
12
11
5
8
12
6
9
10
8
12
10
12
8
7
8
7
16
3
6
7
4
5
2
7
3
5
0
5
0
3
5
1
1
0
5
5
5
0
-5
0
5
-2
-2
0
-3
3
-2
-3
8
-2
-2
8
-1
1
-3
-2
0
0
0
-3
-5
-6
3
1
0
1
-8
-3
3
-2
3
-5
-4
-2
-7
-1
-5
-1
4
4
3
-7
-11
-13
-5
-1
1
-3
-5
-3
-2
-3
-8
-2
-5
-4
4
-5
-4
-8
-6
-2
-6
-5
-7
-7
-4
-3
-4
-8
-7
-6
-7
-4
-6
-2
3
5
3
3
2
3
6
-4
-3
-1
2
1
0
-1
-4
-3
-1
-4
-4
5
2
4
8
8
2
3
4
0
4
3
6
1
1
8
5
5
8
5
5
10
5
7
16
13
11
17
20
18
17
15
15
14
15
12
14
17
10
2
7
10
6
11
10
7
4
5
5
8
11
13
11
10
12
10
9
8
12
8
9
5
9
9
4
11
7
6
8
8
8
8
10
8
8
4
4
5
5
2
4
4
1
-10
-7
-8
-8
0
-7
-9
-13
-12
-11
-5
-4
0
0
0
0
-10
-7
-6
-3
-6
-2
4
-2
-4
-5
-5
-6
-8
-7
-5
-2
-6
-8
-5
-5
-1
-1
-3
0
-1
-4
-8
-2
0
-3
-6
-8
-1
1
0
0
8
8
2
8
-1
6
5
7
9
10
17
8
11
15
12
12
12
13
16
12
8
13
19
11
8
12
15
12
14
11
14
12
12
17
15
17
11
12
12
13
14
16
19
11
16
18
19
10
9
5
5
9
9
5
3
9
3
6
7
6
8
-3
0
-2
-2
-1
-2
1
-2
-9
-2
-7
-2
-4
-11
-9
-16
-11
-11
-10
-9
-6
-12
-3
-6
-14
-6
-16
-13
-15
-13
-4
-14
-16
-11
-9
-6
-11
-6
-11
-8
-6
-7
-9
-9
-6
-12
-12
-4
-1
-1
6
-10
-10
-2
-7
-5
-2
-2
-2
0
6
1
-3
-2
0
1
5
4
7
-4
0
5
3
11
5
8
5
5
3
2
2
4
-1
5
9
7
9
0
2
3
5
5
3
0
-4
-2
-1
0
-1
-3
0
0
-1
-6
-3
-2
3
1
-4
-2
-8
-10
-2
2
6
-3
-2
-2
-5
0
-1
-2
1
-5
-4
-3
-4
1
-5
-2
4
1
1
2
-3
2
1
0
-1
1
3
-7
-5
-4
-1
0
-2
0
0
-6
-4
-11
-9
-1
1
9
2
4
1
-4
2
3
4
-1
-1
-6
-9
-6
-8
-6
-3
-4
-8
-11
-5
-8
-6
-9
-5
-5
-15
-6
-12
-12
-10
-11
-11
-11
-16
-19
-16
-18
-17
-17
-9
-12
-15
-10
-8
-14
-8
-6
-11
-6
-2
-8
-13
-4
-6
-11
-10
-15
-12
-12
-11
-9
-9
-9
-7
-8
-7
-2
-2
2
5
-1
-1
3
-2
-4
1
6
6
-2
0
9
9
9
5
5
8
5
5
7
2
7
8
3
7
7
3
8
4
-1
2
0
2
-1
-11
-8
-7
1
0
-10
-4
-1
-3
-2
-8
-7
-9
-8
-8
-15
-11
-14
-15
-17
-9
-12
-15
-14
-21
-20
-16
-13
-19
-23
-19
-22
-20
-16
-21
-19
-17
-15
-18
-17
-14
-16
-17
-16
-13
-14
-12
-7
-6
-12
-16
-17
-19
-13
-6
-9
-9
-4
-4
-4
-6
0
2
4
-1
1
4
4
3
3
0
2
6
8
8
5
10
14
16
16
13
13
14
17
13
5
10
11
6
12
7
8
12
16
10
7
14
10
9
7
6
9
12
8
8
6
3
3
6
10
8
7
10
7
7
8
-2
1
6
3
1
-1
-3
-4
2
0
1
0
-1
2
-2
-2
-6
-1
-6
-3
-2
-4
0
-5
-5
-1
-2
8
2
3
-1
-2
-1
-9
1
-3
0
-2
-8
-4
1
5
-1
7
2
2
6
1
3
1
4
1
3
-2
-4
2
-2
-4
8
7
4
7
5
9
11
10
7
10
8
11
4
4
1
-3
-4
-2
8
7
6
5
7
-1
1
3
6
6
2
2
5
5
5
12
8
9
7
8
7
9
10
15
13
4
9
10
12
14
9
10
8
10
10
5
8
13
22
16
15
4
4
5
3
3
0
7
8
7
4
8
7
7
11
14
9
9
9
4
8
4
4
2
9
3
-4
1
1
6
10
9
-1
6
8
5
-5
0
0
-3
-2
-2
1
1
-2
-1
1
-1
0
2
2
-3
-2
0
0
6
3
-2
0
3
3
1
5
6
4
9
8
3
9
9
9
8
3
7
8
10
13
19
14
9
14
16
18
14
15
16
13
12
11
15
19
14
12
7
13
12
7
10
11
14
17
12
12
8
11
14
6
8
2
8
13
13
10
10
14
11
7
8
5
2
5
2
8
3
2
4
-2
1
9
7
4
-3
-2
1
-1
3
2
-4
1
5
0
-3
-9
-7
-13
-5
2
-2
3
8
4
0
1
-2
-1
-2
3
1
4
4
0
3
1
-2
-2
-3
-3
-1
6
4
3
0
-5
-1
1
4
6
7
3
6
4
5
8
1
4
2
-4
-6
-5
-3
-7
-4
-3
-6
-6
-2
4
4
3
10
7
-3
3
2
-3
1
4
-5
-6
-8
-15
-11
-8
-4
-7
-8
0
-7
-5
1
-4
2
2
1
-2
-4
-4
1
1
-4
-3
-6
-5
0
-5
-6
1
1
1
-3
3
1
1
3
4
1
0
3
2
8
3
-2
-3
-4
-1
-2
-1
0
-1
7
0
4
3
-1
7
6
3
1
14
8
4
7
-3
5
3
4
5
5
9
2
3
-3
2
1
-10
-4
-3
-3
-2
0
-7
-4
-4
-6
1
-1
0
-3
-2
2
-1
0
-3
-9
-5
-11
-8
-9
-12
-14
-15
-9
-12
-8
-6
-5
-2
-3
-2
-4
-5
-2
-11
-14
-8
-7
-13
-9
-13
-19
-14
-16
-17
-14
-9
-8
-7
-3
-3
-8
-5
2
-5
-1
-3
-9
-1
0
0
-9
-10
-8
-8
-1
-10
-7
-7
-7
-9
-6
-7
-3
-3
-7
2
1
5
0
-6
-3
-1
-7
-9
-9
-12
-12
-9
-8
-6
-5
-5
-6
-10
-5
-8
-6
-8
-8
-7
-11
-10
-2
-7
-11
-7
-13
-5
-10
-11
-3
-6
-6
-8
-8
-9
-9
-9
-14
-8
-8
-11
-10
-9
-13
-10
-5
-8
-10
-8
-6
-2
0
-1
1
2
-1
-1
-1
-5
-2
1
4
2
-1
-4
4
-1
-7
-7
-8
-4
-8
-2
0
3
-2
-10
-11
-11
-4
1
1
3
2
-5
-7
-5
-3
-5
-2
0
-3
-2
-3
-5
-5
-7
-4
0
-5
-5
-5
-10
-14
-11
-13
-12
-11
-13
-3
-11
-7
-5
-6
-8
-7
-1
-8
-9
-3
-7
-5
-5
-8
-5
-11
-10
-10
-9
-5
-12
-5
-9
-16
-9
-12
-15
-13
-15
-9
0
0
-8
-7
-7
-6
-3
0
-4
-6
-1
-4
-6
-6
-8
-10
-5
3
6
0
5
7
6
10
7
7
5
0
2
6
7
9
10
9
10
10
6
6
9
12
9
11
8
7
9
5
6
2
-3
1
5
1
2
9
7
7
10
6
8
7
1
1
3
-7
-8
-1
-6
-7
-4
-5
-5
1
-1
-3
-1
0
-6
-8
-4
-8
-11
-9
-5
-16
-16
-12
-13
-12
-13
-8
-13
-8
-8
-11
-11
-13
-11
-10
-8
-11
-16
-14
-5
-6
-1
-3
4
-2
-3
7
3
0
7
4
-1
2
2
5
0
5
1
7
12
7
10
8
11
8
2
5
8
5
5
3
6
3
0
7
1
8
12
13
16
4
7
6
12
10
5
7
5
8
7
7
13
9
9
19
22
18
16
15
11
18
13
13
12
4
9
7
4
3
3
3
8
6
6
11
8
11
5
7
4
-2
3
1
-8
-8
-4
-14
-4
-3
-6
-5
-8
-3
-2
-8
-3
-6
-7
-12
-14
-8
-9
-3
2
0
0
2
6
6
6
8
3
1
-4
0
1
-5
3
5
1
-3
-3
3
7
5
4
5
3
8
14
11
9
9
11
9
11
6
3
2
7
5
7
12
4
7
10
10
14
13
10
6
3
8
11
6
10
9
10
11
10
10
9
9
11
18
5
2
4
6
6
4
-3
-4
2
4
2
9
14
13
15
15
4
8
8
5
11
4
5
2
6
-5
1
-3
-4
2
0
6
1
5
6
1
3
3
0
-1
-5
-10
-8
-6
-3
-2
4
-6
-15
-7
-6
-3
-2
7
2
2
5
4
9
0
4
4
6
6
5
10
10
9
5
6
6
6
12
3
3
3
0
2
7
5
4
8
4
12
11
15
16
8
3
6
10
10
1
4
15
8
7
6
4
8
4
3
9
7
6
4
10
12
11
9
1
5
0
5
8
5
8
1
-3
-8
-9
-4
0
-1
-4
-6
-2
-1
-7
-12
-10
-11
-8
-5
-15
-9
-5
0
-3
-7
-5
-15
-10
-11
-9
-8
-10
-12
-5
-7
-8
-2
-7
-3
-1
0
-3
-4
-5
-12
-13
-6
-5
-10
-7
-9
-9
-7
-6
-2
-3
-2
2
-1
1
-1
-2
-1
-1
1
10
6
6
1
5
4
1
5
3
5
4
6
10
3
6
7
6
5
0
9
8
6
4
4
6
5
12
9
5
3
2
3
2
3
1
1
-4
-10
-6
-6
-12
-2
-1
-4
-3
-5
-3
-7
-7
-9
-12
-12
-16
-14
-12
-12
-16
-15
-17
-20
-18
-18
-17
-11
-9
-8
-3
-5
-3
-2
-2
2
2
1
-6
-4
-2
-6
-1
1
1
4
-1
-2
3
3
3
2
2
4
8
5
4
4
0
-9
-11
-13
-19
-22
-18
-14
-21
-21
-17
-20
-19
-16
-16
-19
-11
-8
-12
-14
-18
-15
-16
-14
-13
-10
-12
-14
-14
-13
-5
-9
-7
-7
-2
7
3
5
6
8
14
9
10
13
16
20
18
17
13
11
12
11
11
6
2
0
-1
-4
-8
-10
-10
-7
-13
-15
-19
-22
-21
-28
-34
-41
-38
-47
-53
-51
-54
-53
-59
-54
-47
-47
-46
-46
-35
-31
-23
-19
-17
-3
-1
9
17
19
32
36
43
47
56
61
68
75
76
82
81
85
88
85
89
86
85
79
69
60
54
44
22
11
0
-17
-34
-46
-66
-80
-93
-108
-121
-134
-138
-156
-161
-166
-171
-172
-175
-181
-173
-170
-167
-151
-142
-124
-114
-97
-78
-60
-37
-16
15
35
55
78
103
130
147
179
198
214
229
243
253
264
277
269
276
273
257
254
239
224
203
174
153
126
90
60
24
-14
-50
-91
-128
-162
-203
-242
-270
-306
-329
-354
-379
-392
-405
-410
-415
-418
-411
-399
-378
-347
-314
-280
-238
-188
-139
-89
-37
14
67
125
173
231
275
315
362
397
435
461
484
505
518
523
529
532
530
509
495
476
439
404
364
315
263
213
152
90
24
-41
-100
-174
-242
-299
-357
-404
-451
-489
-525
-556
-573
-595
-609
-617
-622
-620
-618
-607
-586
-569
-546
-513
-479
-432
-378
-325
-257
-191
-120
-43
40
124
205
284
366
440
509
568
618
673
715
743
767
775
779
781
767
741
714
686
644
590
542
495
433
371
314
244
174
94
16
-66
-150
-228
-314
-388
-466
-542
-612
-671
-718
-764
-796
-811
-820
-816
-795
-766
-737
-692
-643
-595
-537
-476
-415
-356
-297
-234
-180
-119
-64
-14
43
96
151
205
262
318
382
434
490
551
596
643
678
714
738
751
753
747
732
707
680
636
595
548
498
444
384
326
269
212
152
86
26
-31
-96
-153
-216
-281
-348
-413
-471
-528
-597
-654
-704
-753
-789
-816
-827
-838
-828
-805
-769
-720
-671
-605
-530
-449
-362
-271
-187
-96
-8
67
154
225
290
350
396
437
471
496
509
534
542
547
556
563
563
560
557
549
540
521
507
480
449
415
369
326
285
239
193
141
85
39
-4
-43
-82
-122
-150
-181
-213
-231
-248
-268
-288
-314
-337
-353
-378
-409
-441
-465
-489
-509
-527
-536
-537
-533
-519
-497
-459
-416
-363
-297
-231
-155
-73
7
83
165
242
311
381
427
478
510
530
547
549
550
524
501
468
426
402
362
313
269
230
194
152
114
79
42
0
-34
-69
-103
-130
-172
-198
-215
-237
-259
-273
-280
-278
-269
-266
-254
-237
-222
-205
-180
-156
-146
-135
-124
-123
-123
-125
-126
-134
-145
-144
-152
-146
-138
-130
-113
-93
-66
-24
17
59
112
170
225
283
331
371
422
455
487
505
521
522
512
494
462
425
378
322
261
192
116
44
-27
-97
-167
-233
-288
-339
-382
-419
-448
-471
-479
-487
-489
-480
-472
-450
-428
-401
-371
-344
-312
-279
-238
-206
-168
-128
-96
-51
-27
5
37
69
92
105
129
144
156
166
179
187
193
197
212
227
238
249
267
286
302
327
346
366
384
402
406
421
427
424
414
401
388
365
331
278
231
175
117
59
-8
-77
-151
-224
-289
-352
-404
-454
-501
-529
-556
-573
-585
-588
-568
-553
-524
-490
-465
-425
-389
-341
-301
-271
-232
-197
-159
-130
-103
-78
-53
-29
-3
22
48
77
104
135
162
188
217
243
267
288
312
331
351
372
396
417
434
438
455
467
469
478
477
475
463
450
432
406
380
346
311
263
225
180
131
81
24
-29
-84
-139
-194
-247
-304
-356
-409
-459
-503
-541
-582
-608
-627
-642
-658
-663
-645
-631
-611
-587
-555
-518
-474
-434
-392
-360
-320
-280
-241
-205
-177
-136
-105
-61
-19
21
70
118
169
222
282
343
401
464
513
564
615
660
691
716
735
742
740
742
729
707
685
647
614
570
520
470
412
360
298
232
166
97
30
-25
-85
-148
-207
-266
-319
-374
-428
-474
-519
-555
-591
-625
-656
-682
-702
-726
-745
-753
-756
-760
-749
-738
-720
-689
-649
-606
-549
-483
-430
-363
-291
-226
-149
-69
2
74
135
200
265
320
374
426
476
513
547
579
607
629
650
665
681
686
686
681
674
661
637
608
574
535
487
439
387
340
276
211
152
84
21
-41
-92
-153
-211
-257
-295
-336
-368
-396
-417
-426
-437
-447
-444
-441
-441
-430
-429
-422
-416
-403
-392
-395
-378
-371
-361
-353
-341
-318
-295
-270
-241
-202
-169
-137
-96
-53
-16
20
60
101
134
160
171
193
202
211
220
222
231
223
228
223
220
223
224
235
233
238
239
240
242
244
245
245
253
251
241
239
226
215
206
191
175
148
128
104
77
47
18
-3
-25
-41
-63
-80
-98
-109
-119
-121
-115
-118
-117
-117
-118
-114
-109
-110
-111
-119
-124
-133
-152
-160
-179
-195
-208
-224
-229
-236
-247
-245
-242
-238
-230
-218
-210
-199
-189
-187
-169
-154
-149
-144
-127
-117
-112
-102
-85
-73
-55
-28
-8
22
46
77
111
145
181
224
255
287
322
348
369
386
404
410
414
412
410
405
382
365
347
324
300
280
257
224
210
184
160
144
123
103
85
68
43
20
-5
-29
-51
-76
-107
-133
-152
-176
-210
-238
-265
-292
-314
-333
-352
-378
-399
-412
-422
-442
-456
-460
-465
-463
-462
-454
-439
-413
-390
-364
-332
-291
-259
-220
-169
-127
-80
-35
9
53
102
148
193
240
282
317
360
394
427
464
494
520
544
558
562
565
565
559
545
524
496
466
431
396
353
313
270
225
182
138
90
41
-3
-53
-94
-136
-175
-205
-237
-270
-294
-320
-341
-356
-367
-381
-376
-379
-384
-378
-378
-367
-361
-356
-350
-337
-329
-325
-317
-305
-290
-271
-259
-236
-214
-188
-163
-121
-78
-45
1
40
85
132
158
191
226
251
280
294
312
323
339
341
341
349
338
339
335
329
319
305
292
280
261
242
218
200
176
147
115
82
60
25
2
-26
-53
-77
-98
-117
-138
-149
-153
-163
-168
-165
-163
-156
-150
-147
-137
-131
-123
-104
-93
-83
-66
-59
-52
-43
-37
-37
-30
-31
-36
-35
-42
-50
-53
-58
-66
-68
-75
-80
-73
-77
-77
-67
-60
-53
-46
-44
-39
-33
-31
-24
-29
-31
-30
-30
-20
-30
-31
-27
-33
-30
-27
-22
-16
-6
4
15
29
42
63
72
97
121
135
151
157
171
177
190
195
190
196
190
190
185
171
164
157
148
129
126
112
103
92
83
77
67
59
55
50
32
22
11
-2
-22
-37
-53
-70
-91
-112
-137
-163
-189
-209
-223
-250
-276
-291
-294
-298
-305
-300
-297
-300
-298
-283
-267
-264
-255
-240
-232
-219
-211
-196
-178
-172
-157
-129
-110
-89
-64
-31
-2
25
73
109
140
172
214
257
278
313
332
361
389
396
414
418
426
429
429
419
405
385
369
354
332
311
283
258
240
216
193
161
132
113
81
49
21
0
-36
-73
-100
-132
-165
-203
-237
-270
-304
-342
-368
-399
-432
-447
-468
-487
-502
-506
-506
-502
-494
-484
-468
-445
-421
-385
-356
-332
-296
-259
-216
-183
-144
-102
-64
-28
10
48
88
126
169
214
242
271
308
346
362
390
432
450
467
486
504
509
512
518
516
500
484
471
453
417
386
362
326
286
244
217
175
130
88
58
26
-26
-58
-86
-118
-165
-194
-209
-242
-280
-305
-317
-350
-381
-395
-405
-430
-453
-461
-466
-483
-493
-489
-470
-472
-469
-430
-414
-397
-369
-324
-287
-256
-215
-172
-126
-90
-47
2
36
67
98
132
164
190
207
222
249
265
288
307
318
345
354
359
380
395
409
409
418
425
418
403
395
384
363
333
312
296
242
203
185
152
95
57
40
9
-50
-77
-77
-124
-168
-190
-185
-219
-260
-270
-247
-272
-325
-316
-279
-294
-414
-342
-274
-327
-390
-327
-231
-318
-354
-266
-208
-271
-279
-200
-166
-197
-207
-122
-80
-105
-102
-10
20
-28
16
114
107
31
90
196
156
92
155
235
208
131
196
259
236
186
245
315
270
231
287
349
290
257
298
351
271
240
270
266
205
169
186
150
98
57
61
28
-9
-44
-44
-73
-110
-138
-123
-132
-189
-174
-179
-184
-225
-205
-192
-240
-228
-231
-229
-264
-249
-246
-259
-270
-249
-269
-286
-250
-221
-232
-289
-195
-144
-168
-234
-122
-14
-109
-148
29
97
-30
-21
137
215
-8
135
240
209
152
170
326
216
252
247
296
282
271
273
282
341
231
291
277
311
228
215
312
213
163
152
225
123
40
89
82
-8
-86
-1
-20
-152
-165
-121
-135
-230
-211
-168
-221
-253
-223
-229
-257
-244
-239
-242
-258
-231
-234
-250
-237
-249
-220
-205
-210
-240
-182
-169
-159
-169
-155
-39
-99
-77
-92
47
83
-81
41
207
185
5
129
334
219
100
222
414
217
178
329
258
359
155
327
268
255
315
120
297
278
207
148
232
239
118
79
180
153
-6
56
28
25
-79
-84
-22
-146
-166
-170
-151
-241
-275
-222
-245
-311
-324
-238
-289
-320
-263
-226
-246
-242
-232
-169
-176
-178
-139
-116
-89
-112
-144
26
-79
-114
-62
63
-20
-138
41
101
47
-114
123
214
57
-50
172
325
125
-71
290
347
79
86
145
459
-16
79
387
135
156
89
331
224
20
290
169
135
164
226
-14
157
139
55
62
-92
196
-101
48
-166
-47
42
-215
-173
-108
12
-371
-224
-57
-123
-332
-283
-38
-229
-252
-215
-146
-166
-179
-142
-129
-60
-123
-72
-40
86
-89
-74
114
75
-94
91
12
-17
49
9
60
-113
83
44
-3
-24
137
-93
201
-18
84
181
137
116
16
412
117
4
101
464
-71
-22
255
191
-115
15
238
-38
175
-69
4
161
308
-144
-151
530
84
-219
123
313
66
-238
46
169
-39
-22
-329
-30
129
-232
-322
-118
33
-269
-229
-94
-32
-295
-128
-66
-61
-131
-142
-169
22
1
-238
-105
-51
28
-284
-74
36
-134
-84
-165
99
-143
138
-237
54
147
-23
81
-239
501
-221
202
-89
310
82
-49
323
-89
248
215
107
-7
241
73
527
-332
400
-13
503
113
-409
837
159
-97
-88
784
203
-470
302
591
43
-323
177
293
83
-337
8
147
-92
-402
-111
37
-354
-297
-166
-216
-305
-237
-278
-334
-140
-207
-366
-225
-224
-178
-208
-270
-198
-270
-122
-185
-179
-341
-41
-186
-127
-74
-306
167
-250
142
-124
-30
345
-257
111
287
239
-116
136
442
88
182
327
98
261
218
559
-301
783
75
-79
792
120
479
-481
1035
255
-107
530
370
42
138
439
230
212
-72
-31
204
361
-161
-533
206
221
-527
-215
17
-238
-541
-165
-38
-261
-595
-329
-91
-134
-302
-458
-225
-160
-286
-144
-268
-265
-457
-32
-87
-339
-408
-123
48
-504
68
-224
-39
-234
-86
193
-139
2
-103
194
208
-179
68
285
309
-266
224
516
-140
230
175
563
-190
123
798
81
113
163
819
147
80
598
409
93
-59
997
337
-287
-160
885
209
-452
-23
383
57
-690
277
117
-348
-483
-165
386
-367
-558
-288
154
-178
-483
-148
-49
-288
-517
106
-109
-325
-482
-171
65
-325
-415
-143
-266
-307
-5
-231
-373
-433
136
83
-493
-393
282
-162
-88
-502
457
-40
-284
-96
276
547
-827
409
407
423
-245
-67
1130
-47
192
299
731
228
112
654
391
552
-183
587
648
146
24
25
702
43
-113
101
-33
191
-152
-40
-243
92
-257
-210
10
10
-429
-283
211
-176
-106
-307
21
-131
-63
-22
-154
-299
-5
20
-140
-284
-215
-156
-141
-91
-152
-353
-351
-137
-27
-223
-347
-182
-191
-88
-351
-84
-135
-96
-297
108
-83
-216
-164
206
315
-10
-492
500
548
-241
260
220
932
-378
297
490
289
325
164
345
-100
190
228
-36
134
-211
83
-182
-264
29
-64
-184
-367
18
34
-188
-267
57
40
0
71
0
-45
120
213
231
13
-77
113
214
366
-114
-82
68
129
143
-28
-16
-138
-102
40
131
-312
-118
-298
-13
-65
-234
-312
-89
-101
-332
49
-67
132
-881
504
487
-124
-270
-215
1132
-171
196
275
246
169
-192
994
224
-376
-275
466
489
-424
-425
-128
234
-429
-382
-204
-68
-582
-556
257
-76
-526
-459
251
93
-116
-55
79
318
89
271
195
379
313
64
475
412
247
159
163
387
271
121
135
96
-42
-8
245
-36
-315
-237
-111
-124
-319
-225
-306
-459
-142
-239
-453
-253
23
-147
-210
-284
144
268
-123
323
128
245
-332
372
797
23
-516
-135
650
-208
-455
-260
-68
-270
-701
-216
-356
-396
-719
-301
176
-425
-668
-146
322
123
-177
136
317
121
351
573
544
412
161
502
737
637
346
307
502
451
541
302
343
141
194
418
243
-1
-250
-39
117
15
-272
-263
-251
-191
-307
-138
-160
-197
-164
-278
297
-271
-69
84
546
152
-615
146
266
521
-361
-201
-288
-100
-195
-577
-353
-542
-469
-824
-573
-696
-649
-620
-507
-372
-485
-591
-368
117
39
79
27
249
166
415
750
496
688
384
556
498
924
839
210
464
501
637
278
354
348
33
133
218
139
-258
-108
28
-184
-221
-220
-214
-137
-257
-121
-61
-37
17
-159
314
156
195
323
347
36
-155
781
529
-294
-595
139
309
-522
-634
-475
-560
-811
-792
-608
-806
-1083
-988
-648
-408
-864
-888
-313
-182
-215
-258
254
194
90
485
617
837
429
848
801
824
862
842
903
637
739
730
759
507
297
323
487
344
-57
-83
2
-177
-282
12
-219
-501
-487
-174
-64
-243
-47
-54
-247
-21
197
507
368
-156
-165
178
818
-16
-299
-275
-73
-292
-591
-294
-793
-827
-935
-661
-915
-1112
-1118
-975
-440
-758
-937
-1035
-253
-152
-174
59
152
-27
122
968
937
800
578
983
912
1271
1257
1039
861
995
1202
886
902
464
585
579
646
112
-119
-9
-79
-282
-278
-184
-573
-599
-467
-311
-409
-185
-185
-423
-191
-111
393
59
-172
-243
-26
570
-290
-410
-629
-67
-353
-833
-734
-1025
-815
-1073
-743
-1037
-1357
-1196
-866
-568
-702
-989
-780
-218
-207
-11
90
484
253
474
893
948
1200
1204
1232
1077
1551
1461
1370
1249
1351
1389
1253
1013
596
712
759
684
268
141
-316
-484
-143
-92
-266
-858
-713
-663
-495
-355
-316
-400
-496
-279
-76
136
-334
-337
-254
496
-185
-758
-826
-419
-243
-910
-775
-1271
-1286
-1416
-953
-892
-1371
-1588
-1489
-835
-737
-797
-914
-553
-368
-44
221
469
380
572
1108
1137
1306
1330
1597
1518
1810
1909
1539
1528
1552
1945
1720
1291
895
697
1013
1006
725
244
-186
-282
-291
-6
-167
-506
-724
-757
-630
-497
-169
-337
-545
-550
131
-135
-654
-470
-90
369
-640
-897
-1136
-681
-716
-937
-991
-1682
-1660
-1952
-1165
-1123
-1668
-1913
-1692
-1095
-1179
-1103
-844
-615
-513
-164
189
355
430
753
1272
1335
1448
1398
1760
2010
1855
2185
1891
2055
1682
2009
2187
1559
1365
987
1422
1062
891
553
-19
-82
-126
86
-205
-574
-770
-735
-594
-449
-387
-550
-711
-431
-84
-481
-782
-902
142
-214
-963
-1494
-1343
-666
-1268
-1201
-1660
-1820
-2107
-1960
-1305
-1540
-1919
-2144
-1540
-1177
-1321
-1249
-738
-659
-386
-63
401
408
422
1149
1480
1725
1468
1885
2023
2335
2375
2269
2441
2223
2407
2379
2379
1854
1426
1693
1874
1324
895
466
238
124
184
263
-346
-633
-834
-726
-385
-351
-530
-800
-653
-266
-531
-909
-936
-258
-265
-1150
-1603
-1609
-1115
-1363
-1541
-1716
-2203
-2400
-2462
-1654
-1642
-2258
-2504
-2148
-1435
-1544
-1508
-1091
-985
-761
-407
295
502
224
739
1238
1800
1714
1844
2034
2178
2608
2480
2515
2523
2624
2700
2381
2214
1837
1770
1982
1758
1330
615
363
165
360
529
9
-488
-798
-641
-396
-161
-203
-542
-811
-205
-512
-733
-877
-145
-104
-1266
-1475
-1756
-972
-1387
-1413
-1813
-2300
-2313
-2573
-1707
-1829
-2178
-2683
-2214
-1607
-1784
-1540
-1242
-1095
-1012
-410
134
188
170
844
1080
1481
1614
1922
2055
2019
2515
2391
2616
2426
2637
2761
2486
2224
1846
2023
2014
1789
1410
909
507
280
488
500
130
-284
-375
-586
-426
-65
-16
-331
-609
49
-531
-703
-819
33
-107
-1258
-1477
-1621
-935
-1574
-1581
-1735
-2110
-2479
-2622
-1735
-1992
-2472
-2586
-2011
-1845
-2103
-1739
-1175
-1231
-1135
-525
7
59
15
810
1032
1344
1433
1908
2106
1815
2191
2387
2702
2230
2439
2666
2408
1967
1711
2186
1912
1566
1228
854
544
301
540
518
104
-369
-358
-316
-65
-66
50
-251
-289
200
-275
-518
-752
400
-79
-1156
-1579
-1363
-751
-1573
-1421
-1949
-2026
-2518
-2471
-1591
-1995
-2465
-2859
-1947
-1681
-2019
-1811
-1257
-1325
-1295
-416
275
40
-160
677
1121
1520
1580
2044
1954
1712
2227
2535
2997
2251
2365
2475
2389
2058
1768
2300
1838
1439
966
742
568
283
519
488
-39
-523
-493
-184
-31
27
162
-350
-186
-243
-356
-433
-187
331
-1028
-1441
-1663
-1011
-1087
-1551
-1656
-2519
-2296
-2476
-1817
-1801
-2290
-2685
-2620
-1662
-1699
-1680
-1489
-1307
-1292
-713
173
364
94
456
1024
1340
1812
2044
2288
1923
2070
2453
2796
2780
2411
2599
2363
2125
1673
1928
2120
1598
1092
461
294
48
252
465
40
-639
-924
-755
-213
-57
36
-285
-504
-299
-742
-320
-246
355
-600
-1609
-1580
-1374
-641
-1367
-1448
-2307
-2415
-2336
-1988
-1389
-1974
-2412
-2792
-1948
-1546
-1446
-1279
-1191
-1377
-1050
-70
571
552
476
873
1105
1761
2192
2545
2357
2195
2326
2551
2991
2805
2771
2577
2164
1774
1719
2081
1840
1316
740
81
-115
-50
242
104
-511
-916
-1205
-739
-422
-213
-123
-464
-430
-1100
-816
-350
320
-12
-1571
-1794
-1601
-896
-1067
-1308
-1721
-2641
-2525
-2112
-1362
-1659
-2332
-2510
-2260
-1632
-1503
-1155
-1028
-1241
-1124
-250
545
662
623
994
1198
1607
2238
2689
2636
2283
2377
2707
2979
2963
2856
2735
2403
1873
1834
1911
1897
1451
916
258
-229
-132
-13
112
-365
-858
-1295
-1127
-574
-328
-201
-514
-574
-1243
-1270
-690
209
39
-1633
-2269
-2157
-1127
-1135
-1259
-1972
-2863
-2954
-2467
-1350
-1637
-2188
-2878
-2546
-1950
-1491
-967
-1023
-1269
-1375
-315
487
800
836
1188
1321
1621
2314
2897
3037
2685
2899
2931
3232
3117
3285
3239
2907
2391
1939
1986
1930
1954
1357
578
-263
-279
19
240
-79
-728
-1248
-1386
-759
-300
-52
-424
-707
-1481
-1698
-1013
162
-115
-1838
-2796
-2665
-1727
-1514
-1355
-2191
-3198
-3601
-2845
-1629
-1776
-2218
-2946
-2656
-2303
-1688
-872
-792
-1117
-1365
-281
528
879
1151
1560
1663
1684
2478
3197
3333
3104
3229
3420
3498
3448
3494
3533
3334
2851
2367
2100
1901
2017
1767
871
-105
-438
-55
125
66
-496
-1289
-1587
-1094
-300
-168
-360
-787
-1822
-2079
-1372
22
-345
-2070
-2946
-3078
-2280
-1916
-1382
-2166
-3457
-3852
-3256
-1783
-1914
-2252
-2852
-2775
-2439
-2135
-892
-750
-1108
-1286
-369
387
524
1248
1767
1712
1779
2514
3140
3156
3207
3493
3594
3598
3374
3344
3401
3395
3136
2495
2136
1657
1840
1818
1072
258
-343
-164
-38
122
-110
-998
-1390
-1065
-280
-13
-171
-389
-1633
-1965
-1348
147
-227
-2013
-2712
-2986
-2279
-2140
-1396
-2021
-3387
-3843
-3363
-1872
-2093
-2309
-2795
-2724
-2568
-2283
-1120
-958
-1212
-1251
-273
153
231
973
1725
1792
1831
2479
2970
2930
3011
3569
3700
3598
3237
3273
3256
3227
3155
2763
2216
1574
1833
1845
1231
426
45
115
93
217
166
-557
-967
-711
44
263
101
-112
-1340
-1700
-1285
189
-338
-1943
-2784
-3166
-2554
-2438
-1616
-2380
-3582
-4191
-3739
-2389
-2406
-2482
-3098
-3026
-2891
-2459
-1370
-1214
-1336
-1337
-364
64
183
879
1503
1714
1954
2563
2878
2714
2957
3484
3692
3646
3302
3159
2981
3119
3181
2891
2202
1557
1707
1678
1234
594
264
188
77
390
335
-279
-617
-300
421
500
556
108
-1068
-1384
-813
473
-453
-1863
-2712
-2926
-2557
-2398
-1595
-2536
-3502
-4203
-3530
-2502
-2501
-2410
-2997
-2808
-2963
-2329
-1285
-1120
-1236
-1167
-187
26
267
1015
1518
1650
1976
2666
2827
2662
2839
3324
3558
3527
3242
3001
2751
2692
2790
2704
2086
1279
1306
1223
802
373
151
101
-109
187
119
-257
-419
-60
443
699
844
-10
-1000
-1176
-232
336
-481
-1754
-2693
-2904
-2628
-1994
-1787
-2501
-3582
-4087
-3454
-2613
-2298
-2465
-2783
-2827
-2796
-2189
-1374
-1042
-993
-753
-191
17
464
1070
1604
1975
2380
2664
2611
2761
3003
3360
3573
3515
3075
2633
2556
2564
2474
2344
1763
1176
823
573
391
130
50
-201
-122
-124
-340
-449
-226
391
387
763
644
-137
-847
-779
243
89
-636
-1843
-2480
-2707
-2457
-1825
-2000
-2459
-3498
-3778
-3420
-2614
-2138
-2450
-2590
-2822
-2456
-2057
-1390
-913
-723
-350
-212
143
622
1254
1747
2186
2651
2704
2680
2779
3085
3475
3611
3482
2977
2554
2442
2400
2377
2094
1611
1118
702
372
166
53
-99
-145
21
-139
-465
-533
-135
404
620
919
342
-440
-976
-604
87
-71
-752
-2130
-2591
-2732
-2273
-2057
-2120
-2398
-3361
-3583
-3548
-2646
-2200
-2187
-2374
-2626
-2277
-2114
-1435
-861
-260
-37
-68
219
540
1286
1915
2545
2829
2760
2757
2760
3121
3548
3790
3645
2982
2610
2435
2451
2380
2078
1808
1235
716
280
159
77
-105
-9
74
-80
-574
-663
-220
189
633
639
76
-776
-1313
-879
-438
-297
-1176
-2210
-2754
-2884
-2548
-2329
-2122
-2485
-3115
-3474
-3426
-2742
-2271
-2006
-2174
-2167
-2042
-1997
-1505
-981
-182
90
155
168
358
1049
1667
2388
2629
2688
2562
2565
2913
3241
3559
3342
2922
2588
2522
2534
2320
2028
1718
1460
1135
795
590
363
130
122
225
294
-29
-330
-334
-222
122
20
-328
-928
-1403
-1433
-1380
-1219
-1768
-2197
-2504
-2536
-2489
-2518
-2276
-2257
-2184
-2327
-2349
-2068
-1730
-1441
-1295
-1005
-926
-925
-757
-433
43
496
714
682
722
1066
1531
1897
2172
2199
2101
2061
2095
2218
2351
2249
1879
1604
1617
1622
1489
1275
1032
817
641
585
457
299
46
-145
-220
-253
-319
-593
-688
-767
-791
-1007
-1298
-1427
-1509
-1440
-1387
-1419
-1644
-1732
-1523
-1246
-1032
-930
-907
-879
-827
-551
-405
-253
-186
-256
-198
-209
-105
-162
-134
-69
-12
87
33
78
198
495
719
789
860
889
973
1126
1332
1446
1450
1324
1240
1265
1448
1594
1555
1349
1078
982
991
1019
906
705
417
143
3
-73
-232
-456
-619
-780
-985
-1250
-1468
-1580
-1594
-1540
-1492
-1568
-1695
-1731
-1521
-1291
-1040
-912
-846
-807
-810
-554
-420
-168
-62
-44
4
-77
-22
-68
140
314
364
244
13
70
223
601
794
775
665
540
719
925
1186
1308
1231
1099
879
992
1253
1463
1444
1168
963
860
944
1031
990
836
521
299
184
157
-18
-257
-477
-744
-888
-1091
-1297
-1558
-1729
-1636
-1576
-1585
-1697
-1766
-1652
-1497
-1184
-1020
-926
-905
-866
-736
-640
-342
-181
-133
-85
-75
-39
-145
35
290
463
380
116
130
230
568
777
889
811
512
606
829
1103
1144
1114
1008
773
858
1068
1332
1263
1110
933
867
979
1021
1005
888
680
475
425
424
280
31
-152
-364
-501
-628
-757
-998
-1242
-1224
-1174
-1064
-1133
-1269
-1359
-1274
-1031
-901
-863
-940
-976
-989
-838
-603
-479
-527
-542
-483
-410
-360
-270
-106
-12
18
-83
-24
83
285
453
578
610
413
449
650
944
1077
1027
851
730
900
1134
1341
1294
1079
835
808
1023
1111
1016
807
536
294
334
412
351
40
-276
-479
-549
-486
-585
-751
-1017
-1096
-1040
-854
-770
-915
-1028
-1029
-827
-634
-498
-535
-661
-671
-582
-364
-213
-226
-300
-368
-347
-387
-284
-132
-76
-155
-286
-261
-223
-93
77
257
296
69
-53
73
442
751
806
626
412
459
777
1137
1288
1090
795
713
872
1074
1143
1014
642
361
423
516
465
233
-41
-272
-329
-243
-319
-540
-728
-780
-714
-605
-559
-679
-777
-789
-676
-487
-417
-426
-527
-517
-458
-350
-214
-193
-196
-257
-222
-251
-259
-214
-145
-64
-110
-120
-190
-169
-12
210
343
200
78
76
251
529
718
687
536
437
606
905
1140
1045
723
606
662
830
778
520
186
32
56
-4
-82
-249
-379
-478
-413
-222
-144
-238
-459
-558
-401
-146
-132
-431
-707
-769
-582
-386
-433
-630
-742
-675
-549
-519
-552
-569
-456
-338
-343
-470
-457
-281
-130
-77
-69
19
85
102
134
275
500
623
551
388
376
638
895
912
730
638
848
1065
1051
802
708
726
636
497
357
327
161
69
-14
13
254
268
79
-222
-86
305
514
345
-95
-170
202
542
319
-124
-262
-302
-373
-634
-845
-1023
-1141
-1311
-1581
-1602
-1544
-1546
-1725
-1780
-1615
-1427
-1337
-1427
-1384
-1075
-582
-284
-241
-211
52
532
927
1122
1248
1489
1760
1925
1941
2005
2074
2059
1928
1722
1576
1418
1276
1057
833
693
577
319
-131
-387
-382
-266
-372
-739
-982
-881
-552
-415
-470
-455
-352
-161
-24
156
270
387
338
52
-154
-211
-153
-508
-1008
-1376
-1358
-1239
-1480
-1863
-2040
-1817
-1614
-1686
-1909
-1919
-1666
-1359
-1150
-915
-547
-169
109
404
817
1294
1731
1978
2096
2283
2530
2686
2641
2518
2477
2443
2296
1918
1499
1266
1201
1068
656
162
-229
-400
-487
-574
-776
-1057
-1205
-1161
-964
-799
-640
-491
-387
-169
163
527
689
567
245
1
-17
-86
-441
-1039
-1480
-1663
-1641
-1766
-2043
-2239
-2236
-2156
-2220
-2294
-2251
-2063
-1860
-1640
-1288
-779
-332
-81
158
619
1248
1750
2014
2133
2358
2717
3010
3051
2935
2862
2767
2641
2344
1988
1641
1396
1208
911
608
297
-31
-396
-672
-772
-800
-935
-1140
-1152
-836
-405
-153
-59
79
446
743
723
386
3
-226
-425
-747
-1208
-1586
-1850
-2061
-2273
-2420
-2438
-2515
-2614
-2697
-2593
-2324
-2121
-2055
-1942
-1511
-887
-324
3
219
533
1043
1630
2039
2270
2441
2592
2737
2825
2832
2759
2573
2280
1953
1799
1703
1434
962
584
410
339
185
-140
-543
-796
-792
-680
-534
-450
-285
-39
353
785
1134
1361
1314
1089
715
485
215
-272
-988
-1655
-1974
-2128
-2296
-2667
-2962
-3114
-3162
-3239
-3298
-3202
-3009
-2757
-2461
-2064
-1614
-1013
-444
58
504
983
1465
1767
2070
2397
2727
2896
2978
3048
3024
2885
2561
2243
1955
1698
1436
1173
919
594
263
25
-68
-95
-231
-487
-785
-837
-512
20
452
734
979
1304
1672
1833
1712
1340
912
379
-290
-982
-1459
-1820
-2229
-2698
-3044
-3129
-3218
-3403
-3700
-3743
-3561
-3337
-3115
-2813
-2234
-1641
-1041
-553
-12
603
1123
1530
1811
2196
2494
2647
2689
2838
3038
2977
2626
2164
1919
1777
1550
1164
788
522
374
284
154
22
-176
-361
-522
-479
-277
-29
199
452
929
1462
2063
2295
2200
1825
1428
1074
488
-181
-1023
-1650
-2209
-2629
-2929
-3122
-3187
-3478
-3754
-3944
-3858
-3689
-3544
-3258
-2795
-2141
-1531
-883
-196
528
1129
1505
1824
2153
2473
2600
2649
2688
2725
2638
2410
2101
1737
1383
989
709
484
316
89
-100
-189
-235
-213
-200
-148
-169
-146
-42
297
853
1443
1904
2220
2520
2639
2561
2293
1868
1153
230
-637
-1269
-1774
-2331
-2865
-3226
-3340
-3457
-3692
-3907
-3955
-3926
-3878
-3614
-3071
-2414
-1768
-1093
-315
459
1160
1712
2147
2471
2627
2611
2577
2631
2633
2489
2183
1890
1529
1108
702
387
113
-199
-478
-657
-685
-657
-624
-566
-449
-298
-124
125
498
960
1449
1924
2391
2771
2859
2690
2375
2054
1510
697
-190
-961
-1559
-2073
-2441
-2706
-2929
-3200
-3446
-3527
-3530
-3582
-3639
-3494
-3093
-2627
-2033
-1259
-416
339
986
1636
2173
2518
2611
2594
2600
2553
2399
2097
1785
1493
1174
888
563
226
-148
-469
-645
-745
-812
-880
-867
-745
-566
-275
30
380
785
1216
1716
2185
2656
2830
2737
2525
2247
1855
1077
243
-575
-1194
-1769
-2264
-2537
-2750
-2980
-3230
-3265
-3167
-3127
-3205
-3188
-3014
-2660
-2165
-1481
-740
-82
509
1174
1904
2399
2694
2792
2811
2673
2437
2185
1922
1671
1332
929
514
187
-71
-237
-402
-626
-841
-935
-905
-836
-689
-436
-80
260
658
1100
1630
2150
2570
2792
2705
2539
2234
1808
1050
177
-579
-1235
-1819
-2399
-2739
-2999
-3181
-3306
-3229
-3059
-3104
-3229
-3135
-2696
-2269
-1893
-1402
-765
-136
502
1230
1870
2260
2392
2475
2511
2487
2368
2164
1828
1349
977
751
563
202
-169
-403
-539
-648
-735
-756
-754
-650
-426
-112
117
348
750
1265
1788
2291
2813
3063
2899
2573
2322
1970
1179
145
-773
-1495
-2137
-2634
-2842
-2968
-3135
-3236
-3084
-2893
-2891
-2923
-2765
-2401
-2004
-1552
-978
-390
153
787
1528
2067
2212
2195
2158
2069
1929
1759
1444
926
460
271
230
70
-224
-496
-638
-714
-727
-633
-538
-595
-573
-278
146
508
894
1432
1882
2275
2723
3222
3313
2973
2581
2226
1684
681
-352
-1247
-1992
-2648
-3009
-3110
-3261
-3373
-3286
-2970
-2749
-2598
-2433
-2212
-2023
-1698
-1052
-273
393
972
1737
2374
2688
2736
2726
2531
2052
1568
1090
615
86
-214
-345
-503
-726
-896
-906
-1039
-1182
-1177
-1020
-1004
-964
-657
-201
242
674
1315
1932
2463
2865
3322
3558
3378
2998
2567
1989
931
-83
-948
-1707
-2510
-3034
-3202
-3336
-3408
-3338
-2992
-2749
-2583
-2436
-2173
-1879
-1541
-953
-218
455
1091
1912
2649
3069
3265
3384
3186
2605
1930
1362
799
182
-283
-537
-740
-1006
-1054
-923
-889
-1046
-1120
-1093
-1174
-1203
-1023
-633
-283
131
731
1481
2142
2686
3205
3423
3237
2790
2328
1582
532
-472
-1250
-1974
-2706
-3113
-3297
-3327
-3299
-3067
-2808
-2665
-2542
-2325
-1918
-1621
-1262
-720
6
637
1304
2168
2919
3392
3575
3611
3313
2751
2097
1472
809
114
-387
-658
-820
-934
-835
-589
-466
-543
-585
-592
-637
-719
-679
-511
-225
219
794
1458
2075
2637
3004
3074
2804
2303
1511
466
-615
-1578
-2421
-3138
-3553
-3752
-3733
-3508
-3066
-2697
-2469
-2293
-2144
-1913
-1716
-1430
-1029
-467
179
935
1836
2654
3255
3625
3760
3497
2956
2337
1685
928
245
-239
-626
-844
-833
-552
-289
-117
-21
30
21
-56
19
81
73
103
423
963
1512
2082
2624
2936
2895
2688
2319
1535
319
-915
-1944
-2889
-3745
-4267
-4420
-4349
-4007
-3431
-2836
-2465
-2194
-1927
-1677
-1512
-1325
-979
-550
-31
689
1660
2510
3053
3487
3738
3534
2957
2295
1553
653
-138
-665
-1013
-1212
-1158
-780
-300
93
295
429
481
381
344
453
528
516
774
1410
2111
2777
3344
3572
3408
2997
2396
1405
125
-1235
-2509
-3509
-4210
-4554
-4587
-4351
-3981
-3440
-2750
-2206
-1963
-1835
-1618
-1414
-1207
-894
-468
47
677
1496
2349
3014
3367
3346
3022
2456
1788
977
130
-696
-1351
-1654
-1631
-1339
-942
-401
88
419
581
667
695
640
617
683
863
1219
1802
2531
3291
3815
4044
3940
3448
2494
1268
-22
-1445
-2889
-4034
-4685
-4976
-4867
-4359
-3676
-3013
-2341
-1736
-1338
-1174
-1175
-1217
-1123
-831
-411
181
923
1711
2483
3145
3447
3275
2803
2073
1080
80
-734
-1385
-1924
-2133
-1917
-1432
-860
-282
216
542
688
673
635
539
504
609
927
1425
2083
2874
3498
3891
3984
3757
3024
1891
573
-829
-2218
-3446
-4299
-4800
-4875
-4541
-3870
-3098
-2364
-1676
-1095
-728
-608
-590
-604
-574
-434
-87
463
1103
1800
2429
2873
2991
2795
2326
1480
466
-490
-1224
-1809
-2111
-2013
-1592
-970
-249
514
1034
1278
1282
1169
922
623
442
498
760
1246
1942
2673
3266
3584
3625
3142
2217
993
-339
-1686
-2937
-3865
-4435
-4522
-4223
-3577
-2766
-1941
-1265
-792
-502
-435
-453
-537
-618
-674
-523
-155
346
902
1386
1726
1835
1804
1510
987
285
-440
-1061
-1510
-1676
-1616
-1240
-706
-67
600
1206
1582
1734
1680
1415
1114
881
814
780
1006
1409
1834
2203
2502
2618
2258
1616
713
-313
-1470
-2490
-3218
-3638
-3697
-3388
-2642
-1744
-837
-54
571
823
718
431
97
-319
-713
-902
-908
-691
-380
118
502
643
568
354
60
-426
-877
-1215
-1355
-1349
-998
-330
359
970
1546
2092
2364
2359
2171
1835
1326
906
697
703
808
911
1078
1214
1366
1238
867
268
-541
-1408
-2235
-2754
-3098
-3135
-2834
-2236
-1449
-559
340
1051
1501
1699
1657
1327
844
286
-191
-573
-801
-884
-854
-763
-693
-610
-596
-697
-938
-1223
-1430
-1518
-1416
-1088
-537
154
876
1637
2302
2705
2876
2855
2653
2182
1657
1204
829
570
401
346
266
180
-49
-378
-810
-1365
-1961
-2505
-2846
-3048
-2954
-2555
-1893
-1067
-129
778
1482
2008
2291
2310
2057
1635
1041
444
-44
-438
-717
-866
-861
-922
-1004
-1013
-1020
-1153
-1363
-1477
-1484
-1329
-966
-413
181
849
1578
2237
2688
2929
2992
2826
2556
2180
1774
1400
1065
725
434
221
-109
-638
-1173
-1700
-2346
-2945
-3291
-3492
-3607
-3336
-2688
-1868
-984
10
940
1604
2114
2387
2389
2139
1751
1306
811
364
-61
-344
-507
-653
-794
-911
-1021
-1221
-1362
-1384
-1363
-1350
-1161
-755
-254
302
928
1529
1943
2264
2532
2695
2593
2373
2137
1894
1658
1354
1077
710
337
-133
-639
-1149
-1774
-2422
-3001
-3343
-3520
-3421
-3076
-2581
-1946
-1082
-103
764
1419
1812
1985
1928
1763
1439
1046
594
160
-186
-362
-410
-539
-611
-657
-698
-806
-854
-834
-829
-719
-416
6
420
873
1326
1746
2045
2272
2340
2235
2026
1771
1605
1432
1183
849
547
263
-156
-672
-1202
-1763
-2368
-2818
-3046
-3131
-3065
-2714
-2098
-1369
-600
140
738
1096
1282
1322
1228
944
512
88
-240
-431
-582
-598
-598
-661
-701
-651
-565
-572
-560
-459
-309
-138
165
570
969
1320
1712
2081
2314
2413
2436
2400
2233
1958
1660
1392
1017
582
172
-216
-729
-1286
-1720
-2136
-2566
-2860
-2881
-2816
-2572
-2091
-1409
-732
-71
625
1205
1639
1810
1790
1568
1172
618
69
-432
-955
-1392
-1610
-1656
-1698
-1576
-1333
-1127
-969
-699
-374
-140
148
502
864
1212
1596
1969
2276
2498
2602
2630
2577
2417
2164
1889
1499
961
426
-86
-705
-1396
-1942
-2423
-2901
-3233
-3258
-3108
-2820
-2277
-1568
-793
-4
794
1462
1897
2091
2104
1926
1575
1075
558
52
-466
-855
-1093
-1238
-1451
-1549
-1531
-1524
-1504
-1363
-1128
-932
-635
-211
301
783
1252
1678
2020
2259
2399
2491
2503
2395
2192
2056
1843
1475
1013
547
-63
-837
-1518
-2149
-2768
-3301
-3497
-3431
-3202
-2694
-1928
-1071
-231
630
1371
1881
2128
2212
2103
1783
1340
841
355
-118
-490
-750
-902
-1044
-1164
-1192
-1153
-1112
-1082
-982
-865
-736
-512
-154
230
591
1023
1485
1862
2141
2349
2444
2412
2262
2092
1779
1296
757
225
-338
-1023
-1635
-2193
-2731
-3162
-3322
-3240
-3059
-2661
-2028
-1261
-471
364
1129
1663
1984
2125
2103
1893
1512
1033
532
102
-202
-406
-547
-650
-692
-647
-575
-519
-505
-472
-432
-389
-265
-40
212
418
692
1062
1404
1694
1982
2195
2224
2179
2141
1913
1429
852
260
-480
-1287
-1977
-2585
-3110
-3459
-3481
-3301
-2971
-2429
-1728
-993
-280
409
955
1290
1436
1491
1396
1167
849
485
174
-96
-258
-327
-309
-296
-294
-192
-38
50
61
123
164
152
203
379
543
659
876
1151
1391
1601
1841
2004
2014
1954
1835
1535
1006
405
-256
-985
-1714
-2312
-2778
-3188
-3344
-3221
-2865
-2351
-1706
-988
-334
276
786
1143
1300
1276
1048
719
367
22
-317
-555
-630
-648
-574
-419
-200
-46
99
248
317
315
314
372
409
527
728
955
1178
1460
1777
2000
2191
2339
2353
2226
2012
1643
1090
453
-206
-957
-1737
-2361
-2901
-3358
-3553
-3456
-3199
-2791
-2135
-1389
-687
1
644
1090
1304
1349
1179
877
495
105
-275
-562
-720
-781
-703
-541
-308
-77
127
272
329
328
300
239
160
146
214
381
619
979
1413
1821
2237
2641
2907
2957
2849
2528
1902
1120
278
-672
-1619
-2355
-2892
-3244
-3273
-3037
-2682
-2219
-1603
-1020
-538
-127
130
219
220
144
-35
-184
-309
-458
-550
-438
-306
-222
-21
238
411
512
678
754
683
601
551
423
241
150
99
60
175
463
782
1119
1516
1905
2195
2418
2427
2136
1683
1086
277
-597
-1286
-1927
-2507
-2714
-2581
-2345
-1923
-1224
-579
-84
407
715
674
467
176
-319
-854
-1243
-1583
-1854
-1815
-1549
-1223
-750
-155
316
672
1049
1281
1289
1183
1042
783
507
365
261
185
247
456
694
986
1343
1609
1725
1788
1706
1378
951
471
-162
-867
-1350
-1693
-2010
-2091
-1899
-1638
-1268
-659
-67
360
719
973
947
798
545
82
-456
-898
-1306
-1696
-1778
-1673
-1543
-1246
-725
-227
181
673
1087
1271
1355
1427
1299
1052
876
699
494
393
462
544
688
946
1182
1299
1370
1288
936
492
-11
-663
-1346
-1789
-2129
-2402
-2337
-1952
-1520
-1009
-256
416
853
1224
1440
1299
997
645
87
-528
-976
-1361
-1700
-1729
-1561
-1397
-1082
-583
-186
129
567
922
1050
1177
1310
1249
1143
1168
1152
1071
1136
1278
1306
1359
1485
1459
1278
1091
694
45
-563
-1123
-1792
-2357
-2589
-2714
-2731
-2365
-1762
-1244
-646
112
651
962
1223
1284
1035
715
383
-102
-540
-815
-1090
-1265
-1157
-985
-854
-545
-180
-16
179
511
639
608
699
785
711
716
896
1042
1189
1483
1809
2072
2296
2399
2321
2066
1546
773
-23
-847
-1789
-2562
-2937
-3145
-3232
-2897
-2244
-1600
-927
-127
520
840
1011
1008
727
297
-147
-585
-975
-1234
-1355
-1295
-1012
-675
-340
118
528
694
801
942
876
596
419
306
86
-22
135
374
602
991
1476
1913
2282
2542
2614
2467
2059
1356
580
-229
-1158
-1991
-2450
-2704
-2856
-2630
-2051
-1467
-886
-160
423
699
812
762
446
-32
-524
-1028
-1424
-1631
-1701
-1590
-1228
-794
-367
176
686
948
1077
1172
1061
753
472
218
-91
-282
-247
-56
254
685
1190
1684
2122
2399
2509
2439
2038
1394
706
-27
-861
-1544
-1906
-2139
-2209
-1907
-1363
-856
-306
313
732
855
834
624
146
-415
-948
-1447
-1800
-1917
-1876
-1610
-1113
-578
-109
386
808
934
946
909
640
214
-77
-293
-548
-599
-375
-103
204
679
1193
1552
1795
1959
1921
1687
1286
737
139
-440
-1007
-1400
-1481
-1473
-1384
-1010
-459
-28
409
899
1130
1038
874
604
69
-505
-991
-1428
-1758
-1842
-1679
-1347
-872
-366
158
655
978
1077
1065
927
587
205
-78
-294
-507
-553
-365
-78
211
588
1032
1309
1400
1430
1365
977
400
-127
-662
-1264
-1704
-1788
-1730
-1573
-1139
-493
87
588
1084
1448
1542
1397
1128
725
193
-394
-864
-1141
-1298
-1359
-1195
-806
-442
-117
287
614
668
602
570
423
104
-129
-180
-214
-207
26
395
676
895
1161
1366
1351
1197
996
685
150
-459
-904
-1279
-1706
-1946
-1845
-1691
-1537
-1139
-575
-200
88
474
725
741
704
644
463
261
93
-40
-67
-25
1
111
341
433
412
487
492
223
-48
-166
-408
-709
-739
-558
-442
-216
269
742
1041
1321
1623
1687
1516
1298
1022
548
-32
-551
-986
-1401
-1741
-1838
-1759
-1630
-1466
-1163
-805
-584
-428
-209
-55
-83
-116
-45
7
6
125
355
537
675
853
1048
1131
1057
951
843
610
263
-5
-197
-498
-770
-771
-651
-596
-401
3
333
531
795
1068
1154
1128
1116
1055
817
477
147
-177
-559
-932
-1137
-1246
-1381
-1426
-1277
-1106
-1016
-893
-678
-551
-526
-440
-317
-234
-188
-29
238
478
671
919
1186
1314
1317
1320
1257
991
663
420
165
-202
-484
-570
-621
-671
-542
-243
-35
104
317
520
555
537
575
514
329
144
5
-175
-382
-540
-631
-693
-780
-840
-817
-764
-788
-790
-676
-609
-644
-568
-368
-243
-150
74
338
458
576
763
882
873
859
892
865
761
672
636
538
381
259
194
74
-100
-181
-189
-252
-326
-296
-250
-249
-228
-120
-55
-109
-179
-229
-329
-494
-603
-653
-680
-676
-595
-419
-215
-56
85
236
275
179
88
35
-96
-233
-221
-149
-108
14
268
489
642
828
995
1044
1010
952
845
676
495
344
249
183
132
129
156
152
92
23
-71
-248
-450
-632
-845
-1108
-1318
-1455
-1553
-1564
-1434
-1219
-962
-643
-295
55
378
649
848
955
927
806
648
470
282
116
41
4
-20
33
139
227
292
382
477
519
548
596
606
560
537
550
530
508
533
564
544
523
498
395
223
25
-218
-531
-877
-1225
-1562
-1858
-2072
-2176
-2133
-1963
-1689
-1319
-865
-381
60
450
795
1021
1075
1049
980
811
621
534
488
422
418
499
556
564
604
626
555
453
375
299
223
191
201
249
329
429
555
686
748
731
687
585
389
156
-91
-382
-686
-964
-1224
-1446
-1608
-1711
-1740
-1673
-1558
-1406
-1169
-883
-624
-347
-33
206
345
489
608
615
599
634
660
644
674
730
744
722
702
679
635
569
479
405
346
301
283
316
372
410
465
541
584
557
488
386
228
10
-191
-389
-630
-848
-1013
-1132
-1220
-1249
-1236
-1188
-1127
-1064
-950
-812
-686
-548
-348
-164
-62
77
244
316
361
486
595
620
657
725
720
666
628
574
490
414
361
318
311
330
349
422
512
550
583
649
653
564
481
402
238
47
-91
-237
-412
-566
-662
-741
-837
-879
-877
-906
-953
-965
-944
-927
-876
-750
-577
-400
-212
-14
168
303
393
476
538
545
513
504
488
431
393
386
366
327
307
315
315
292
277
278
252
196
195
214
194
172
190
211
188
164
142
81
-13
-109
-215
-333
-436
-519
-586
-634
-669
-713
-732
-741
-734
-676
-578
-496
-412
-279
-152
-42
79
225
333
414
503
581
622
610
586
549
500
425
384
373
344
336
365
394
381
353
311
250
146
31
-67
-172
-267
-322
-314
-302
-289
-237
-151
-108
-77
-18
-8
-73
-156
-234
-356
-474
-531
-534
-503
-431
-335
-230
-125
-50
5
52
74
33
-5
-12
-33
-51
-3
82
141
209
321
425
482
530
592
615
579
533
478
382
254
143
53
-56
-174
-258
-337
-420
-485
-526
-544
-540
-499
-422
-329
-257
-216
-188
-177
-192
-201
-187
-167
-127
-61
37
159
272
376
458
489
451
359
239
73
-109
-240
-336
-421
-433
-363
-239
-73
145
362
528
671
766
781
739
657
520
366
233
119
13
-71
-117
-161
-198
-218
-242
-281
-331
-396
-464
-537
-624
-714
-755
-733
-677
-555
-373
-183
2
195
377
519
616
662
633
543
428
280
129
-2
-134
-249
-302
-319
-327
-280
-177
-83
-14
106
223
266
309
372
373
328
304
271
201
143
127
99
63
56
43
11
-11
-51
-139
-240
-350
-484
-601
-661
-701
-717
-648
-528
-399
-232
-32
154
304
429
513
531
492
421
323
213
100
-1
-73
-108
-111
-79
3
90
148
207
255
240
199
166
103
15
-49
-86
-119
-114
-66
-11
46
112
142
133
113
47
-68
-186
-291
-394
-475
-492
-458
-417
-336
-226
-134
-62
6
68
91
89
100
104
105
119
153
180
181
178
186
183
172
169
172
162
154
153
155
161
163
167
172
167
139
102
68
29
-17
-33
-36
-54
-61
-69
-83
-123
-183
-234
-292
-350
-386
-393
-379
-346
-287
-196
-101
-18
67
126
152
161
164
134
89
62
42
28
24
52
94
137
191
261
314
323
300
258
178
70
-13
-85
-137
-164
-146
-101
-40
41
113
179
211
198
150
74
-54
-204
-329
-445
-544
-586
-557
-501
-420
-310
-186
-84
-2
65
102
96
36
-6
-24
-59
-74
-20
41
85
153
258
340
376
427
460
437
395
340
250
137
33
-55
-115
-145
-160
-155
-102
-32
23
96
176
215
207
201
171
75
-33
-112
-202
-296
-343
-349
-348
-329
-260
-163
-86
-24
40
74
56
14
-28
-80
-148
-188
-183
-160
-121
-47
61
184
297
409
498
534
519
468
385
262
116
-23
-141
-228
-277
-287
-244
-173
-106
-6
101
160
186
198
167
70
-33
-120
-231
-319
-342
-334
-295
-220
-117
-4
82
150
195
189
130
32
-73
-175
-279
-342
-348
-321
-267
-156
-9
130
263
394
486
517
505
456
360
237
116
-5
-110
-182
-234
-249
-224
-176
-131
-62
16
53
69
91
65
-5
-68
-124
-195
-254
-265
-262
-247
-182
-85
9
100
192
251
260
243
197
110
5
-91
-174
-235
-261
-248
-188
-82
42
176
300
405
466
486
480
423
328
215
101
-17
-113
-173
-206
-217
-201
-156
-99
-53
-8
23
18
-8
-44
-90
-153
-212
-244
-264
-266
-249
-198
-121
-40
54
155
224
257
263
251
216
147
82
25
-52
-116
-149
-152
-132
-90
-16
67
133
189
229
241
228
197
152
94
31
-40
-93
-120
-144
-145
-117
-88
-66
-47
-20
-19
-51
-78
-103
-154
-205
-231
-259
-277
-269
-238
-192
-132
-76
-17
44
87
120
165
202
210
217
216
187
156
128
96
71
54
42
39
42
49
54
68
83
79
76
77
64
30
10
1
-19
-32
-25
-16
-6
18
47
67
66
67
58
33
8
-23
-60
-104
-147
-179
-198
-213
-219
-212
-191
-164
-127
-80
-31
15
51
81
98
102
100
93
88
93
101
100
95
91
76
57
49
32
13
6
-8
-25
-33
-27
-27
-30
-11
3
2
16
37
41
45
60
72
60
67
70
51
45
28
-9
-37
-71
-108
-136
-161
-169
-168
-153
-128
-102
-77
-55
-38
-26
-8
0
12
29
52
82
119
157
177
195
198
173
142
114
64
14
-29
-68
-92
-113
-111
-91
-72
-34
11
45
74
93
101
100
84
60
28
1
-28
-60
-76
-83
-90
-85
-70
-60
-58
-61
-62
-74
-101
-123
-152
-184
-199
-195
-167
-116
-64
-2
71
125
162
198
210
184
147
106
57
3
-42
-76
-103
-122
-121
-114
-105
-80
-55
-22
22
56
84
110
122
120
115
106
77
44
22
6
-18
-29
-13
0
9
26
34
19
-10
-48
-91
-131
-165
-190
-193
-176
-140
-79
-9
65
128
176
213
228
223
202
173
133
82
28
-22
-76
-117
-143
-157
-156
-154
-143
-125
-109
-88
-58
-31
-13
8
25
27
29
37
41
40
50
66
66
68
77
63
37
10
-27
-71
-109
-134
-150
-160
-151
-135
-112
-81
-43
-5
29
67
96
121
146
168
184
185
183
165
125
87
48
5
-36
-72
-95
-125
-142
-132
-131
-120
-102
-83
-69
-63
-47
-34
-31
-14
5
28
55
73
98
110
111
112
99
76
38
-2
-37
-69
-89
-102
-104
-92
-77
-62
-38
-15
5
21
46
67
74
82
87
77
73
81
76
75
76
52
27
3
-38
-72
-102
-131
-152
-168
-170
-168
-153
-124
-100
-73
-43
-19
2
24
45
57
62
75
79
73
70
62
42
21
8
-13
-33
-49
-60
-72
-85
-81
-68
-57
-26
13
42
77
97
109
112
107
103
95
89
78
55
39
26
8
-8
-16
-22
-53
-76
-87
-120
-144
-153
-150
-136
-109
-63
-9
48
101
144
177
188
175
157
125
76
28
-2
-31
-51
-46
-36
-27
-21
-15
-7
-12
-16
-17
-26
-32
-35
-30
-13
0
18
41
63
76
81
84
82
60
34
14
-23
-77
-118
-153
-189
-213
-219
-207
-193
-163
-105
-48
2
60
107
133
152
151
136
120
84
56
32
11
2
-3
2
12
15
30
41
36
43
48
42
29
24
11
-15
-18
-22
-24
-8
7
31
67
92
118
130
126
106
64
17
-42
-108
-164
-204
-220
-218
-187
-129
-73
-14
56
110
141
159
168
148
108
74
40
-3
-24
-22
-13
6
28
47
66
73
78
83
74
57
37
11
-8
-35
-56
-56
-61
-57
-41
-22
5
22
42
63
60
48
27
-6
-40
-83
-124
-146
-169
-185
-166
-137
-104
-56
-6
37
66
85
99
88
65
49
21
-3
-19
-32
-28
-23
-9
12
33
57
75
94
107
104
97
79
53
27
-4
-26
-41
-52
-53
-42
-31
-17
0
14
29
32
23
12
-10
-41
-63
-78
-92
-91
-75
-50
-21
20
58
79
100
112
112
104
87
67
41
16
4
-9
-21
-27
-31
-31
-20
-5
13
33
55
74
83
95
95
84
70
46
21
-7
-36
-54
-68
-72
-64
-56
-47
-36
-32
-33
-38
-52
-62
-74
-87
-88
-86
-74
-61
-33
5
35
62
83
97
95
88
77
61
37
13
-11
-34
-50
-68
-76
-78
-73
-52
-30
0
30
57
82
90
92
85
66
46
22
3
-18
-31
-42
-45
-34
-25
-19
-6
3
-1
-5
-11
-26
-40
-48
-50
-49
-38
-19
4
28
51
79
91
93
93
90
82
62
46
28
4
-16
-30
-32
-34
-28
-11
6
24
40
59
67
75
81
77
70
57
47
29
19
5
-12
-20
-33
-50
-54
-56
-62
-62
-64
-62
-62
-74
-73
-75
-80
-69
-57
-38
-25
-14
5
3
5
13
9
2
-3
-14
-32
-41
-52
-51
-41
-33
-19
-4
11
23
35
46
56
60
63
73
74
77
80
79
75
67
56
39
18
-4
-22
-38
-53
-60
-66
-72
-73
-65
-55
-48
-33
-19
-1
22
36
53
61
58
55
53
40
30
24
9
1
-9
-17
-19
-25
-22
-12
-10
-5
2
11
21
33
43
55
65
65
65
64
60
48
38
26
15
-2
-17
-26
-45
-56
-65
-77
-88
-102
-107
-118
-123
-115
-102
-79
-61
-31
4
23
33
44
48
36
26
20
6
-4
-12
-19
-25
-27
-31
-31
-33
-37
-35
-37
-31
-23
-17
2
20
36
52
64
69
63
53
47
28
4
-5
-17
-32
-37
-42
-39
-39
-33
-28
-26
-26
-37
-40
-43
-44
-40
-31
-13
-5
14
34
48
63
76
85
84
79
71
54
28
5
-16
-37
-48
-56
-60
-48
-39
-33
-22
-9
-8
-8
2
0
-4
-7
-11
-13
-18
-22
-19
-19
-23
-19
-19
-19
-18
-14
-13
-12
-9
-14
-15
-22
-40
-41
-51
-61
-63
-59
-47
-33
-5
25
51
73
83
94
85
67
51
24
3
-13
-22
-18
-18
-10
4
14
22
26
25
18
-1
-16
-31
-51
-63
-73
-67
-59
-50
-30
-12
1
18
28
36
37
30
22
9
-11
-32
-51
-62
-75
-81
-69
-66
-50
-33
-20
2
8
15
19
15
7
1
-1
-3
-3
9
16
26
32
40
42
39
39
37
25
12
1
-16
-29
-41
-48
-57
-63
-62
-62
-56
-44
-29
-11
9
24
31
38
38
27
16
3
-10
-26
-32
-35
-36
-24
-13
1
17
26
36
36
30
26
15
3
-1
-7
-9
-2
3
12
26
34
37
46
55
50
48
44
28
13
-2
-18
-29
-41
-49
-47
-46
-43
-29
-19
-13
-2
5
4
4
4
-7
-10
-13
-26
-26
-25
-27
-20
-12
-3
4
8
12
12
4
1
-6
-14
-20
-25
-29
-32
-38
-42
-38
-33
-27
-13
-1
8
21
24
27
30
27
25
20
11
3
-5
-6
-8
2
13
22
35
41
41
46
41
32
29
19
4
-6
-15
-21
-18
-12
-4
12
21
32
43
43
44
41
31
23
14
3
-1
-4
-13
-17
-17
-18
-17
-13
-5
2
7
16
24
22
23
24
24
18
14
10
8
9
13
17
27
33
36
42
38
34
28
19
8
-8
-20
-35
-49
-53
-56
-51
-40
-30
-13
2
9
19
19
22
20
8
1
-5
-19
-23
-24
-24
-19
-11
0
7
9
13
13
10
-1
-8
-16
-27
-29
-25
-22
-14
-1
10
20
29
35
42
47
44
42
40
33
28
23
14
6
-5
-13
-25
-30
-31
-32
-20
-10
-2
14
17
20
23
22
22
12
8
0
-13
-13
-13
-7
5
16
29
35
36
39
33
23
18
7
0
-6
-13
-16
-14
-6
1
13
22
30
40
44
49
48
46
44
34
18
4
-9
-21
-30
-31
-28
-28
-21
-17
-14
-4
-1
-1
3
-1
-6
-9
-13
-21
-25
-25
-31
-28
-24
-19
-12
-8
2
10
14
17
20
19
14
12
9
-1
-3
-7
-7
-2
1
5
14
13
20
20
13
11
-1
-12
-24
-37
-45
-48
-49
-42
-35
-25
-11
-8
-2
4
5
7
5
4
1
-1
0
-1
4
8
11
18
17
18
17
11
10
6
7
8
10
16
19
27
32
36
45
45
47
44
38
39
35
32
35
29
23
18
18
11
6
7
-3
-4
-8
-15
-17
-18
-14
-9
-6
0
6
10
12
15
18
17
18
17
17
19
18
16
12
5
-4
-14
-22
-34
-42
-44
-48
-47
-37
-33
-27
-17
-12
-3
3
6
7
4
0
-1
-7
-11
-14
-16
-13
-9
-5
-4
-5
-3
-8
-13
-22
-29
-35
-44
-47
-50
-46
-40
-31
-19
-2
15
27
38
46
40
41
39
22
18
13
2
4
4
1
7
4
8
10
6
8
9
2
10
12
12
15
17
15
15
19
20
25
28
29
31
34
30
38
39
34
31
23
13
-3
-17
-32
-50
-53
-60
-58
-48
-43
-23
-8
1
17
22
21
27
20
17
17
12
11
12
7
9
8
7
11
10
4
5
-7
-22
-33
-52
-62
-68
-72
-67
-63
-56
-41
-30
-15
-1
15
24
36
44
39
29
22
4
-11
-20
-36
-43
-51
-59
-59
-59
-56
-44
-35
-23
-9
5
12
18
20
19
22
24
34
35
39
45
46
47
50
46
41
36
27
9
-8
-29
-47
-58
-67
-66
-62
-53
-44
-26
-9
7
23
38
41
45
48
42
34
20
11
-3
-16
-17
-27
-27
-27
-32
-21
-22
-23
-17
-22
-18
-15
-15
-10
-6
-1
10
20
27
36
43
48
47
43
36
23
11
-4
-13
-23
-34
-40
-45
-50
-49
-46
-36
-30
-24
-15
-6
-1
2
8
8
11
12
13
8
4
-3
-7
-14
-22
-22
-28
-30
-33
-30
-28
-35
-31
-32
-36
-25
-23
-12
3
10
16
20
23
22
24
27
22
19
10
-1
-10
-24
-34
-40
-45
-46
-46
-37
-37
-36
-25
-20
-21
-8
-2
6
10
15
21
19
20
18
21
17
16
15
9
1
-2
-5
-13
-13
-15
-15
-11
-10
-3
6
6
20
27
33
42
46
47
50
51
50
50
40
38
28
20
12
3
-11
-21
-27
-34
-34
-35
-35
-31
-32
-21
-5
-7
12
22
23
31
30
25
18
11
6
-3
-11
-10
-16
-15
-16
-21
-20
-30
-39
-38
-40
-39
-34
-31
-25
-26
-17
-13
-9
-2
3
7
13
9
8
5
-11
-10
-19
-28
-30
-37
-40
-38
-47
-50
-46
-50
-47
-32
-23
-10
1
7
18
18
17
14
13
9
8
10
6
6
9
8
9
13
19
23
28
32
33
33
30
19
10
7
6
8
11
15
24
30
36
48
54
53
57
51
41
35
25
19
11
4
6
2
2
7
15
19
18
24
19
9
12
9
9
8
7
8
7
11
12
13
15
18
18
23
18
20
19
13
10
7
1
-3
-12
-18
-23
-30
-32
-38
-34
-25
-21
-16
-8
-6
-6
-5
-9
-14
-15
-17
-20
-22
-26
-26
-32
-32
-27
-29
-19
-16
-19
-13
-19
-23
-24
-28
-29
-25
-16
-9
1
10
13
22
28
27
30
34
30
25
28
19
9
11
4
-2
1
3
1
-1
2
2
-2
2
-3
0
11
15
25
35
34
36
39
34
31
31
29
29
29
27
28
26
30
32
33
35
31
27
25
21
20
22
24
23
24
28
32
38
37
35
34
27
22
15
9
6
-3
-8
-13
-22
-24
-25
-25
-27
-25
-21
-28
-29
-24
-22
-23
-25
-25
-23
-22
-16
-14
-14
-17
-15
-16
-14
-11
-4
-2
-6
-12
-16
-25
-31
-27
-29
-29
-22
-19
-23
-17
-18
-17
-12
-11
-12
-9
-10
-5
-9
-18
-17
-19
-18
-14
-6
-1
4
10
12
16
19
15
21
18
15
25
19
17
20
21
21
26
33
42
53
60
58
59
51
44
43
34
33
29
26
22
21
24
32
34
33
33
32
25
28
22
12
9
-3
-6
-12
-15
-12
-6
1
2
0
3
0
4
10
7
7
7
1
-12
-12
-22
-29
-30
-36
-38
-33
-34
-34
-33
-34
-31
-28
-31
-32
-30
-35
-39
-34
-34
-35
-29
-26
-25
-21
-19
-19
-15
-15
-19
-20
-27
-28
-25
-25
-20
-18
-18
-23
-22
-14
-5
4
11
20
27
33
36
39
44
47
39
32
21
19
14
8
10
6
8
9
8
10
23
28
30
28
32
29
34
36
36
39
34
32
31
25
22
22
19
19
16
20
15
19
17
10
7
1
0
-8
-14
-13
-14
-16
-14
-11
-4
3
3
-3
-2
-6
-11
-14
-22
-26
-34
-44
-50
-47
-47
-48
-52
-52
-49
-44
-39
-31
-21
-19
-12
-18
-23
-16
-18
-17
-15
-16
-14
-16
-14
-8
-2
0
-1
3
2
-1
-1
-5
-11
-17
-16
-20
-12
0
2
5
8
12
10
10
11
10
13
10
4
9
3
4
7
2
3
10
10
13
18
18
11
5
7
3
8
12
12
11
10
8
10
19
21
29
28
18
19
11
3
3
-2
-5
-12
-17
-21
-23
-22
-21
-19
-22
-25
-20
-23
-25
-21
-23
-26
-20
-22
-21
-15
-21
-27
-24
-28
-20
-15
-13
-5
1
0
-1
-4
-3
-5
-10
-18
-21
-20
-22
-20
-19
-10
-3
-5
-2
4
13
18
10
8
3
-1
-5
-13
-12
-11
-10
-14
-14
-7
-5
0
-4
-3
2
-1
-1
0
-2
-4
-10
-14
-13
-10
-7
-2
1
4
7
7
9
14
13
11
5
1
-1
-6
-8
-8
-10
-14
-19
-19
-16
-14
-14
-15
-6
-5
-9
-10
-13
-9
-14
-23
-23
-19
-15
-19
-20
-22
-19
-13
-15
-8
-4
0
-11
-17
-15
-13
-12
-11
-13
-6
-8
-8
-7
1
10
9
15
13
15
20
18
14
17
11
8
2
2
7
5
8
5
-1
5
6
10
11
9
7
3
1
0
2
-2
1
2
-1
-5
0
6
2
0
1
-4
-2
-4
-3
-6
-5
-3
-11
-11
-8
-5
-1
-4
-3
3
0
-3
2
-2
-6
-6
-15
-14
-10
-11
-13
-14
-12
-12
-12
-16
-13
-16
-17
-24
-28
-20
-21
-14
-10
-16
-15
-8
-9
-3
2
3
7
5
-2
0
-2
2
5
4
7
2
8
10
11
19
26
24
25
25
19
20
13
11
13
5
12
12
12
22
21
22
27
27
32
28
21
15
13
10
10
9
10
7
10
8
4
12
10
16
19
19
15
17
21
17
15
12
6
3
1
1
3
8
12
11
13
12
13
13
2
1
1
-6
-12
-8
-14
-11
-12
-13
-10
-4
5
1
-1
3
4
-4
-1
2
5
8
5
-3
-2
-5
0
-1
-2
2
-2
-1
-1
1
0
-5
-2
-1
-7
-5
-6
-6
0
2
6
12
16
20
17
12
15
13
7
9
12
6
5
5
-2
2
3
3
5
5
11
8
6
14
19
16
11
10
12
16
16
19
21
26
31
25
20
20
19
20
7
5
6
-2
-2
-2
-4
2
8
14
21
24
26
28
27
28
23
22
21
17
17
12
10
16
14
14
8
8
5
3
3
2
6
6
5
1
-2
-5
-2
-6
0
6
5
9
10
5
6
6
2
6
8
8
9
-2
-11
-14
-23
-22
-22
-22
-19
-18
-13
-14
-7
2
5
9
7
10
9
4
8
3
6
7
1
0
-7
-2
1