0
9
-1
0
-8
2
2
-7
5
-9
3
1
3
0
0
0
0
0
0
-5
-1
-13
-6
-7
-9
1
-3
4
-2
3
-7
0
-3
-1
1
-9
-11
-7
-9
0
-1
7
-6
-2
6
-12
-4
-12
-3
-3
9
-2
-1
2
0
0
-7
-8
-9
-3
-1
5
-2
7
3
10
0
2
-10
-2
6
-10
4
-6
6
-1
0
-1
4
9
11
1
-8
-7
-3
2
2
5
-5
4
-10
7
1
2
7
4
9
8
3
2
0
2
-10
-2
-2
-13
4
-4
2
-2
6
5
3
5
6
0
-6
-6
-7
1
-8
5
-3
11
10
10
5
-2
1
-5
4
-13
-12
-7
-11
-5
2
8
6
4
11
2
7
6
-4
-4
-4
-2
-6
-4
1
-1
0
-2
13
7
4
-2
5
-2
-10
-6
-13
7
-6
5
1
6
11
7
0
0
-5
-2
-5
-6
-4
-2
6
0
8
2
-3
-5
6
5
6
2
-5
-8
-1
1
4
-2
-9
-3
-6
5
-1
3
2
0
-4
-10
0
3
-1
3
4
4
-3
0
-7
0
2
-3
7
0
-3
-11
-10
-7
-1
-11
5
7
16
16
1
8
-4
-1
-8
-7
-4
-3
3
-5
3
-5
-6
7
-7
8
1
2
2
-12
-1
-11
-1
2
-2
2
0
-1
-1
-1
3
4
3
-7
1
-9
-1
-1
-11
-1
-8
4
-4
5
2
11
6
7
1
-8
-9
-16
-12
-13
2
-5
11
18
12
9
5
-2
-2
-10
-11
-6
-12
-3
-4
6
5
-1
2
2
4
12
-1
-1
-2
5
2
-2
10
-6
12
-3
2
5
8
13
-3
4
-14
-10
6
6
7
3
5
2
1
2
1
-1
5
2
3
2
6
10
-2
4
-9
-8
-5
0
9
6
8
6
2
-1
-3
4
-4
6
8
-9
-4
-8
3
-8
-3
-4
-3
9
-2
0
10
-1
11
-3
2
-3
-13
-2
-4
8
3
1
-10
-14
-12
5
7
6
-2
0
-5
-15
-2
-3
-5
-4
11
4
0
5
4
5
-6
-3
2
-3
4
2
0
-4
2
-6
-10
3
10
11
4
8
-2
-8
-8
-10
-6
-9
-8
0
7
-6
3
16
5
10
6
-2
-19
-13
1
7
15
12
3
6
-13
-10
-14
-11
0
8
12
13
3
-6
2
-6
-1
-9
-8
-4
15
-5
-4
4
1
-2
-6
6
17
26
7
6
-15
-19
-17
-4
-8
-2
6
9
19
14
-8
-23
-20
-19
1
6
16
-7
6
4
20
11
11
1
-9
1
6
-5
-5
-2
-15
-12
-4
0
13
16
13
4
-15
-9
-17
-1
-7
3
-1
2
7
-2
6
6
16
-9
6
-8
-12
-20
-9
-10
8
23
11
3
-8
-5
-2
-3
-3
-8
6
4
5
3
-10
-7
1
11
11
12
2
-8
1
1
-11
-6
-4
11
-2
10
8
5
-6
-12
-14
-15
0
2
16
9
9
5
0
-6
0
-11
3
10
17
9
2
-4
-24
-14
-7
9
15
11
3
7
-4
1
-20
-3
0
-3
-4
5
8
3
17
-1
-1
0
7
3
10
-7
-9
-5
-10
-12
2
0
1
15
2
6
-13
-6
-18
-10
-17
7
-5
1
-3
12
14
-1
12
7
9
-5
-8
-13
-13
-8
-3
9
11
7
1
-4
-12
-10
13
11
3
-7
-19
-16
-5
15
0
20
1
-8
-6
-14
-3
-7
4
-2
-12
-15
0
16
22
22
15
-6
-16
-13
-15
-13
-14
4
-2
5
1
18
10
19
6
7
0
-12
-14
-21
-7
-11
15
6
6
10
14
25
13
10
-9
-15
-24
-25
-22
-3
13
15
32
20
17
16
6
-2
-18
-14
-20
-20
-11
8
10
10
6
6
9
3
7
5
6
-7
-6
-17
-14
-5
-3
10
22
19
16
-4
-9
-10
-6
-5
-3
3
-5
-5
4
3
19
-3
3
-10
-1
-9
0
-5
-1
14
2
1
-6
-24
-12
2
12
1
7
-4
-5
-15
6
7
11
11
0
-15
-1
6
21
15
4
-8
-26
-26
-6
23
20
28
8
-15
-19
-11
-7
19
21
8
4
-20
-24
-7
17
14
25
17
2
-2
-21
-18
3
4
12
-1
6
-20
-13
6
5
24
7
-6
-36
-21
-13
15
17
19
-5
-19
-15
-3
10
36
24
-3
-21
-38
-25
-11
19
19
14
-7
-8
-15
7
-9
3
-1
7
9
-4
-15
-26
-8
-7
24
19
29
9
-3
-29
-11
-10
14
4
6
-12
-7
11
37
34
5
-12
-33
-14
-10
7
-6
-2
-11
-3
-7
11
21
26
17
2
-12
-24
-26
-30
-26
-11
14
33
49
26
16
-20
-15
-32
-22
0
-4
-2
0
4
1
14
11
44
8
0
-28
-19
-35
-35
-27
1
12
42
35
37
14
-14
-19
-15
-10
-12
-8
-26
-18
-18
24
26
38
27
3
-17
-31
-19
-18
-4
6
12
-2
5
7
25
14
20
-7
0
-13
3
4
14
11
1
-8
-12
-4
2
11
17
21
12
-8
-28
-32
-19
11
43
45
18
-18
-53
-52
-9
22
37
30
16
-6
-1
-15
-23
-40
-32
-23
5
27
43
21
-13
-25
-27
-30
-1
15
20
9
-3
-22
-33
-27
-9
20
33
22
13
-7
-21
-19
-23
-22
-16
6
32
37
28
-4
-31
-28
-4
29
29
8
-25
-26
-8
16
17
-13
-23
-3
18
36
29
14
-40
-22
-1
38
22
15
-32
-24
-4
26
33
6
-14
-15
0
17
18
-5
-21
-33
-2
-2
18
9
19
10
-4
-10
-25
-25
-24
27
20
26
-13
-19
-31
7
10
22
-5
6
-2
28
30
9
-32
-73
-48
-3
50
52
36
-28
-42
-46
-17
14
29
18
15
17
-6
-24
-50
-32
-7
48
51
50
8
-7
-39
-36
-26
9
15
26
28
17
5
-7
-2
9
22
-13
-14
-32
-29
-23
25
27
27
3
11
3
24
33
22
-3
-24
-46
-41
-11
-1
25
18
29
26
23
4
-11
-28
-30
-26
-20
14
-9
12
8
31
19
25
-21
-31
-42
-21
-4
25
-7
-33
-48
-10
33
73
56
15
-26
-50
-20
3
3
-20
-38
-35
10
56
67
40
-7
-40
-31
2
2
16
-1
-13
-21
2
15
31
15
19
7
17
-1
-16
-41
-33
-15
7
24
20
9
2
5
10
20
21
14
-12
-46
-67
-74
-30
34
70
73
18
-40
-69
-27
24
56
55
-15
-74
-114
-68
-19
55
85
82
42
-11
-62
-81
-63
-10
40
61
38
-14
-46
-46
7
28
56
19
-13
-40
-41
-36
-22
-9
3
15
30
46
47
40
17
-1
-38
-59
-53
-28
28
63
76
53
10
-27
-29
-11
20
22
8
-23
-25
-23
-1
8
36
39
44
36
17
-6
-36
-43
-30
-10
0
0
3
16
31
53
48
21
-35
-73
-83
-52
-9
21
18
-6
-15
-11
10
29
34
9
-7
-32
-22
-18
-10
-10
-11
-18
8
31
47
46
19
-27
-62
-67
-67
-17
7
22
4
-6
-22
-5
25
53
58
22
-24
-74
-64
-30
18
41
56
34
21
1
6
7
4
1
-6
-6
-30
-35
-34
-27
-1
58
75
53
7
-37
-52
-35
-7
6
-1
-10
-23
-24
-3
9
19
19
14
12
3
4
-28
-23
-4
24
25
17
8
2
0
14
16
6
-9
-38
-46
-55
-57
-53
-39
-29
-16
-8
-11
-31
-37
-31
-13
14
23
33
18
25
16
27
28
28
34
51
61
53
32
12
-2
12
38
36
20
-18
-39
-42
-36
-26
-23
-21
-24
-4
25
43
54
38
27
1
-17
-20
-21
-13
0
10
28
38
36
33
8
-20
-45
-52
-65
-77
-77
-86
-86
-66
-37
-11
19
28
25
25
16
1
6
2
-3
-1
17
40
54
61
59
41
25
18
15
22
30
42
39
30
12
3
-5
3
7
29
26
14
-4
-20
-29
-49
-38
-37
-40
-49
-48
-37
-21
-9
7
23
28
22
11
-6
-23
-58
-76
-90
-87
-88
-66
-51
-28
-5
20
28
15
-18
-54
-49
-54
-31
-11
5
9
23
67
123
158
200
212
200
193
197
219
227
215
157
107
45
26
20
39
39
6
-27
-78
-91
-102
-79
-55
-55
-106
-171
-260
-340
-383
-407
-412
-407
-406
-413
-403
-378
-327
-252
-169
-117
-100
-89
-64
-39
-8
39
87
138
197
304
418
514
605
723
817
884
914
903
838
745
662
586
511
416
322
262
221
203
205
193
121
10
-139
-291
-545
-819
-1097
-1381
-1611
-1760
-1798
-1786
-1693
-1517
-1258
-977
-652
-359
-69
146
283
360
405
391
362
400
460
521
590
709
856
1021
1174
1352
1422
1392
1286
1147
970
742
522
310
88
-114
-222
-231
-173
-46
116
283
335
324
292
217
33
-248
-572
-966
-1363
-1706
-1837
-1911
-1892
-1780
-1525
-1218
-885
-491
-137
136
258
393
463
485
405
365
355
350
428
550
734
812
912
1002
1108
1055
920
679
349
-30
-358
-599
-794
-931
-995
-859
-654
-370
-10
385
712
943
1149
1276
1229
1081
949
811
668
537
500
457
344
336
386
416
237
-9
-326
-759
-1237
-1641
-1932
-2294
-2552
-2639
-2438
-2198
-1778
-1257
-689
-247
162
627
954
1080
1041
1041
879
721
593
634
631
615
691
852
946
912
920
838
628
277
-16
-350
-746
-1096
-1207
-1163
-1083
-802
-400
84
503
997
1481
1799
1934
1968
1996
1857
1679
1498
1344
1009
698
500
343
54
-343
-669
-1176
-1743
-2271
-2592
-3005
-3408
-3633
-3555
-3381
-3082
-2530
-1906
-1330
-867
-169
455
912
1154
1448
1586
1566
1568
1737
1839
1758
1816
1975
2166
2168
2262
2247
1974
1504
1055
583
-55
-768
-1425
-1976
-2511
-2740
-2694
-2429
-2054
-1526
-808
-124
582
1195
1698
1978
2152
2245
2233
2101
1918
1705
1339
1129
916
818
444
61
-364
-867
-1422
-1922
-2291
-2821
-3282
-3600
-3533
-3512
-3257
-2893
-2347
-1891
-1360
-621
30
536
857
1319
1644
1899
2050
2321
2347
2274
2264
2356
2382
2194
2062
1841
1522
1100
787
341
-244
-856
-1282
-1602
-1925
-2047
-2026
-1860
-1681
-1204
-581
-38
408
948
1492
1850
2118
2339
2426
2093
1844
1636
1380
806
187
-309
-1010
-1673
-2145
-2346
-2758
-3108
-3241
-2969
-2873
-2642
-2210
-1774
-1464
-1250
-623
-222
0
45
418
642
791
981
1396
1615
1618
1899
2248
2543
2401
2427
2318
2019
1538
1247
889
245
-403
-809
-1019
-1441
-1577
-1548
-1386
-1316
-948
-352
81
346
744
1236
1519
1694
1916
2060
1697
1395
1224
1001
393
-268
-746
-1385
-2072
-2449
-2530
-2854
-3179
-3206
-2789
-2578
-2272
-1749
-1225
-952
-716
-107
290
414
385
706
853
868
953
1341
1504
1440
1672
2026
2236
2077
2157
2137
1918
1441
1150
789
154
-506
-963
-1224
-1682
-1978
-2016
-1828
-1687
-1417
-847
-311
74
521
1134
1652
1905
2209
2505
2627
2395
2265
2069
1722
1064
452
-104
-934
-1710
-2351
-2640
-3251
-3563
-3666
-3403
-3330
-3058
-2493
-2046
-1687
-1405
-689
-382
-117
-4
453
617
742
1042
1471
1769
1787
2234
2583
2870
2805
2987
2962
2573
2079
1641
1130
267
-508
-1135
-1630
-2237
-2615
-2647
-2557
-2378
-2118
-1421
-815
-256
337
1080
1757
2045
2491
2801
3098
2837
2707
2498
2171
1497
794
277
-666
-1485
-2324
-2556
-3242
-3697
-3949
-3738
-3650
-3548
-2925
-2441
-1962
-1796
-946
-499
-93
60
600
981
1038
1368
1725
2139
2012
2390
2723
3036
2864
2975
2978
2599
2116
1653
1328
393
-343
-1069
-1544
-2274
-2759
-2870
-2845
-2781
-2594
-1954
-1408
-879
-321
569
1224
1665
2172
2690
3005
2951
2908
2837
2499
1950
1331
751
-68
-977
-1717
-2159
-2705
-3327
-3565
-3559
-3425
-3427
-2887
-2413
-2037
-1741
-1125
-448
-170
127
445
865
883
1110
1398
1776
1691
1808
2194
2449
2524
2503
2781
2530
2156
1795
1522
871
-12
-666
-1243
-1864
-2533
-2774
-2826
-2837
-2788
-2348
-1564
-1064
-397
393
1296
1749
2209
2901
3333
3372
3073
3083
2658
2157
1309
815
-76
-1130
-1952
-2419
-2703
-3511
-3594
-3586
-3258
-3381
-2784
-2201
-1851
-1647
-1138
-374
-333
-52
107
692
531
787
1160
1596
1605
1671
2335
2573
2680
2564
2979
2640
2216
1816
1607
890
-122
-645
-1224
-1807
-2629
-2761
-2787
-2814
-2830
-2333
-1586
-1181
-587
257
1239
1605
2051
2803
3319
3361
3141
3235
2906
2321
1612
1130
346
-811
-1667
-2140
-2497
-3358
-3623
-3578
-3406
-3501
-3061
-2301
-2020
-1796
-1334
-490
-364
-154
87
591
592
663
1098
1474
1603
1520
2136
2439
2553
2411
2714
2650
2166
1771
1488
980
-61
-677
-1195
-1701
-2488
-2853
-2807
-2818
-2783
-2455
-1583
-1006
-446
400
1497
2099
2471
3212
3789
3915
3450
3418
3103
2447
1533
856
115
-1193
-2163
-2675
-2907
-3797
-4109
-3994
-3636
-3678
-3224
-2323
-2002
-1713
-1247
-223
-58
84
325
850
852
861
1343
1679
1753
1562
2251
2526
2585
2392
2642
2534
1879
1537
1223
729
-382
-951
-1433
-1906
-2695
-2978
-2824
-2820
-2694
-2347
-1360
-859
-274
573
1636
2191
2487
3243
3796
3919
3483
3516
3204
2592
1717
1114
387
-958
-1892
-2524
-2816
-3782
-4185
-4164
-3975
-4036
-3674
-2791
-2452
-2086
-1587
-522
-245
31
404
916
1054
1058
1559
1828
1913
1760
2283
2547
2546
2456
2629
2579
2018
1753
1425
932
-73
-688
-1161
-1787
-2463
-2902
-2838
-2959
-2837
-2544
-1736
-1184
-578
351
1321
2044
2348
3189
3704
3976
3639
3637
3392
2739
2005
1250
596
-785
-1711
-2434
-2769
-3739
-4255
-4259
-4169
-4135
-3899
-2955
-2654
-2218
-1736
-645
-246
2
467
993
1235
1191
1738
1999
2122
1914
2436
2679
2609
2472
2552
2538
1884
1602
1228
741
-278
-873
-1317
-1917
-2622
-3040
-2923
-3058
-2930
-2662
-1803
-1277
-659
297
1310
2047
2444
3374
3979
4256
3915
3996
3706
3110
2250
1508
662
-822
-1776
-2511
-2959
-4036
-4460
-4464
-4266
-4278
-3761
-2912
-2542
-2077
-1409
-341
-137
140
506
1010
1023
1119
1565
1761
1713
1732
2339
2500
2456
2357
2560
2326
1825
1538
1130
457
-539
-1031
-1520
-2128
-2787
-2961
-2855
-2867
-2652
-2115
-1278
-786
-2
943
1901
2403
2934
3706
4135
4106
3800
3804
3334
2613
1721
1041
-116
-1445
-2322
-2848
-3563
-4490
-4641
-4553
-4382
-4257
-3451
-2756
-2350
-1766
-816
-6
160
504
978
1310
1222
1442
1784
1833
1689
1920
2378
2339
2236
2280
2391
2045
1598
1312
810
15
-755
-1195
-1759
-2420
-2956
-2960
-2915
-2827
-2466
-1828
-1088
-495
458
1406
2211
2677
3357
3948
4246
4081
3897
3682
3032
2307
1432
633
-666
-1775
-2558
-3166
-4018
-4596
-4677
-4588
-4487
-4077
-3272
-2768
-2190
-1484
-491
-7
311
768
1209
1375
1424
1728
1927
1889
1908
2318
2521
2451
2413
2582
2480
2044
1703
1305
586
-293
-923
-1479
-2255
-2949
-3253
-3262
-3294
-3079
-2540
-1812
-1141
-296
850
1801
2487
3122
3924
4356
4347
4201
4088
3518
2744
1953
1124
-30
-1319
-2148
-2877
-3657
-4421
-4601
-4603
-4587
-4382
-3689
-3091
-2647
-1980
-1053
-355
-70
444
960
1298
1383
1715
2025
2127
2153
2488
2776
2720
2623
2667
2666
2246
1776
1382
780
-128
-806
-1334
-1996
-2833
-3239
-3268
-3354
-3284
-2875
-2138
-1523
-764
329
1457
2163
2873
3752
4470
4551
4421
4482
4005
3181
2203
1469
209
-1233
-2214
-2909
-3845
-4710
-4860
-4779
-4705
-4570
-3713
-3075
-2515
-1882
-858
-166
6
467
1035
1371
1282
1631
1920
2018
1981
2461
2803
2685
2632
2761
2810
2307
1894
1459
819
-148
-821
-1328
-2043
-2871
-3271
-3186
-3293
-3226
-2774
-2024
-1492
-788
349
1353
1940
2627
3588
4174
4260
4211
4344
3906
3145
2358
1620
355
-1093
-1931
-2649
-3656
-4624
-4738
-4688
-4703
-4468
-3579
-2974
-2552
-1739
-653
-5
74
573
1097
1307
1189
1482
1735
1592
1581
2068
2506
2366
2336
2684
2793
2344
2004
1761
1082
69
-584
-1018
-1885
-2829
-3189
-3161
-3317
-3378
-2805
-2052
-1556
-887
302
1394
1843
2526
3520
4126
4013
3993
4205
3770
2924
2231
1671
353
-1022
-1795
-2309
-3393
-4326
-4394
-4333
-4438
-4328
-3413
-2888
-2593
-1916
-757
-155
-158
343
936
1148
985
1361
1676
1561
1500
2015
2509
2336
2332
2638
2819
2354
2046
1848
1252
251
-440
-826
-1686
-2599
-3042
-3006
-3298
-3378
-2865
-2131
-1686
-1079
104
1120
1656
2351
3333
3880
3793
3810
4039
3566
2781
2097
1531
271
-1016
-1704
-2284
-3285
-4091
-4105
-4077
-4147
-3965
-3076
-2633
-2262
-1592
-577
-69
-22
509
943
1117
950
1286
1512
1410
1430
1857
2224
2073
2172
2462
2634
2204
1953
1761
1185
335
-364
-737
-1634
-2423
-2826
-2849
-3140
-3246
-2652
-1991
-1476
-909
314
1187
1772
2490
3430
3837
3581
3750
3737
3239
2222
1647
876
-415
-1504
-2117
-2724
-3800
-4135
-4033
-3845
-3952
-3346
-2551
-2125
-1617
-847
82
132
416
873
1211
1052
1021
1344
1322
1204
1389
1853
1829
1786
1997
2327
2132
1765
1697
1303
706
-25
-408
-1006
-1869
-2285
-2425
-2539
-2847
-2575
-1960
-1453
-1007
-152
784
1300
1942
2760
3451
3311
3301
3499
3211
2455
1668
1165
1
-1191
-1901
-2418
-3440
-4203
-4102
-3880
-3904
-3695
-2648
-2113
-1656
-918
156
570
455
1033
1453
1395
1013
1243
1350
1024
934
1404
1634
1333
1484
1957
2165
1639
1580
1602
1039
277
-220
-428
-1407
-2129
-2222
-2171
-2572
-2666
-1940
-1327
-1012
-407
799
1386
1777
2441
3359
3369
2947
3148
3091
2355
1259
841
26
-1258
-2137
-2422
-3086
-4027
-4093
-3654
-3466
-3477
-2641
-1822
-1354
-838
52
749
693
909
1345
1509
1142
1031
1198
1089
842
990
1344
1255
1270
1566
1912
1667
1445
1465
1165
612
-12
-347
-994
-1660
-2014
-2099
-2258
-2376
-1984
-1369
-811
-295
634
1397
2020
2536
3174
3329
3035
2959
2652
2039
1013
327
-588
-1581
-2372
-2815
-3366
-3881
-3817
-3538
-3205
-2956
-2162
-1556
-970
-430
303
719
737
1010
1278
1322
997
1056
1080
966
847
1114
1233
1057
1186
1484
1596
1245
1180
1061
698
200
-121
-474
-1147
-1571
-1674
-1679
-1939
-1783
-1327
-764
-367
309
1204
1705
2235
2800
3358
3125
2857
2697
2303
1356
397
-363
-1405
-2399
-3104
-3381
-4033
-4269
-4057
-3480
-3082
-2625
-1719
-1049
-376
195
953
1186
1207
1326
1579
1501
1177
1142
1088
1042
913
1224
1257
1157
1171
1397
1430
999
824
556
190
-409
-730
-1074
-1538
-1851
-1831
-1618
-1627
-1290
-713
35
505
1189
1931
2489
2889
3248
3526
3131
2808
2346
1742
664
-300
-1295
-2379
-3221
-3796
-4234
-4737
-4599
-4247
-3637
-3073
-2159
-1319
-597
221
971
1543
1632
1803
1918
1927
1619
1466
1376
1158
1022
1124
1318
1146
1228
1411
1439
1172
965
743
168
-369
-858
-1285
-1926
-2264
-2402
-2287
-2190
-1833
-1114
-381
405
1175
2268
2909
3406
3882
4278
3950
3428
3063
2296
1079
-197
-1107
-2451
-3555
-4296
-4706
-5241
-5355
-4861
-4238
-3511
-2754
-1622
-756
136
833
1564
1890
1902
2059
2130
2006
1570
1544
1438
1262
1193
1426
1457
1287
1444
1527
1408
1009
800
322
-302
-890
-1466
-1935
-2489
-2711
-2785
-2551
-2235
-1634
-735
156
1050
2032
3108
3772
4328
4732
4734
4235
3738
3036
1793
407
-853
-2154
-3557
-4521
-5186
-5792
-6056
-5687
-5048
-4328
-3436
-2254
-1140
-164
765
1549
2066
2171
2318
2486
2334
1939
1817
1796
1528
1381
1586
1685
1400
1445
1634
1420
977
670
393
-396
-1088
-1566
-2053
-2616
-2994
-2942
-2740
-2445
-1891
-859
80
996
1962
3198
4026
4468
4995
5039
4760
4024
3357
2212
736
-695
-2086
-3392
-4551
-5411
-6109
-6247
-6129
-5519
-4813
-3735
-2646
-1621
-273
678
1529
1978
2455
2633
2631
2568
2347
2115
1866
1818
1684
1766
1564
1558
1601
1543
1354
975
794
141
-459
-980
-1536
-2195
-2687
-2848
-2959
-2872
-2484
-1726
-1010
-69
968
2093
3203
3875
4641
4944
4964
4625
4076
3345
1841
516
-867
-2213
-3686
-4730
-5538
-6151
-6293
-5975
-5312
-4791
-3632
-2626
-1293
-310
609
1447
1881
2386
2444
2664
2461
2247
2132
2158
1994
1874
1982
1922
1883
1786
1869
1378
980
645
37
-614
-1329
-1733
-2425
-2851
-2956
-2894
-2680
-2180
-1373
-488
502
1473
2751
3671
4394
4654
4899
4867
4119
3361
2215
869
-877
-2145
-3229
-4480
-5644
-6031
-5954
-5855
-5345
-4516
-3354
-2659
-1440
-204
702
1083
1439
2111
2172
1982
1878
1953
1717
1551
1742
2018
1833
1818
2203
2348
2135
1695
1561
1084
231
-425
-1010
-1673
-2541
-2902
-2845
-2864
-2764
-2074
-1095
-184
697
1971
3267
3959
4566
4881
5123
4580
3784
2884
1650
-20
-1644
-2807
-3930
-5167
-6046
-5912
-5844
-5500
-4832
-3575
-2555
-1789
-453
585
1117
1255
1695
1974
1689
1290
1225
1161
862
850
1153
1518
1354
1645
2258
2427
2132
1855
1878
1156
239
-319
-845
-1865
-2634
-2746
-2604
-2705
-2329
-1353
-375
550
1616
3027
3991
4460
4696
5117
4790
3872
2752
1796
229
-1625
-2774
-3771
-4975
-6081
-5939
-5602
-5381
-4797
-3524
-2329
-1546
-364
791
1476
1471
1743
2062
1797
1155
779
844
393
88
279
725
637
720
1519
1947
1797
1607
1898
1538
698
130
-209
-1006
-1951
-2196
-2086
-2118
-2061
-1213
-86
657
1627
3022
4269
4552
4690
5209
4934
3901
2670
1769
-16
-2000
-3254
-4117
-5531
-6660
-6422
-5947
-5611
-5043
-3428
-2169
-1281
3
1369
2051
1917
2311
2683
2269
1418
1121
1053
391
-47
131
392
-52
77
808
1067
724
620
1098
657
6
-250
-306
-957
-1619
-1396
-1130
-1150
-934
166
1140
1711
2614
3943
4811
4635
4875
5144
4595
3186
2060
1064
-1011
-2811
-3919
-4776
-6474
-7166
-6703
-6249
-6030
-5162
-3322
-2313
-1133
229
1768
2105
2237
2893
3163
2718
1885
2024
1622
1069
577
909
731
52
429
694
606
-244
-70
-160
-854
-1419
-1513
-1601
-2310
-2149
-1693
-965
-807
188
1591
2604
3551
4457
5926
5832
5678
5778
5527
4150
2329
1350
-489
-2495
-4127
-4811
-6335
-7330
-7271
-6676
-6202
-5897
-4209
-3095
-1769
-824
654
1584
1664
2146
2695
2867
2097
2149
2249
2044
1390
1697
1809
1212
1224
1268
1278
230
-74
-295
-1017
-1797
-2423
-2522
-3081
-3190
-2897
-1995
-1649
-684
786
2285
3453
4437
6107
6244
6538
6505
6285
4983
3344
2077
89
-1722
-3432
-4650
-6139
-6698
-6959
-6583
-6108
-5513
-4252
-3218
-1659
-1003
143
859
1100
1492
1817
1875
1275
1443
1595
1574
1348
1820
1716
1658
2015
2023
1861
1051
914
149
-484
-1219
-2100
-2667
-3176
-3294
-3262
-2659
-2298
-1319
-103
1473
2543
3837
5250
5479
6200
6270
6148
4800
3763
2532
569
-994
-2454
-3842
-5355
-5674
-5999
-5799
-5591
-4719
-3811
-2895
-1531
-944
118
406
826
1076
1234
1110
668
909
870
811
878
1279
1152
1423
1781
1917
1667
1301
1266
530
112
-630
-1276
-1872
-2367
-2488
-2468
-2250
-1888
-1053
11
1138
2019
3380
3921
4525
5080
5154
4628
3640
2954
1559
158
-1028
-2276
-3622
-4286
-4581
-4646
-4591
-4215
-3415
-2754
-1714
-1133
-394
154
243
586
822
715
340
336
619
320
275
665
662
729
971
1310
1141
851
851
701
363
-26
-438
-717
-908
-1226
-934
-861
-665
-306
431
1406
1619
2532
2735
3102
3281
3407
2896
2000
1367
346
-536
-1458
-2100
-3304
-3419
-3385
-3284
-3092
-2712
-1794
-1514
-546
-93
277
446
467
621
520
339
-106
-34
-44
-148
-387
29
89
-125
352
453
402
-101
283
238
-191
-241
-198
-229
-358
-31
340
572
846
1498
2012
2462
2761
2923
2912
2657
2341
1940
968
167
-1017
-1658
-2522
-3178
-3644
-3968
-3604
-3318
-2585
-2046
-1214
-504
431
1060
1432
1602
1531
1617
1237
1124
518
111
-16
-292
-309
-654
-530
-666
-607
-428
-507
-700
-887
-725
-866
-836
-985
-719
-614
-155
437
801
1441
1945
2825
3463
3797
4113
3852
3754
3319
2674
1604
309
-876
-2219
-3150
-4132
-4765
-5615
-5238
-4856
-4122
-3325
-2291
-988
-210
1305
2050
2607
2681
3021
2988
2628
2209
1596
1230
591
463
-205
-318
-829
-1075
-1062
-1298
-1557
-2063
-1788
-1958
-1925
-1894
-1427
-1317
-747
117
822
1471
2119
3183
3813
4499
4780
4718
4414
4159
3490
2482
1115
-188
-1765
-2920
-3943
-4871
-5917
-6179
-5756
-5245
-4629
-3822
-2482
-1445
-128
1114
2075
2458
2799
3446
3643
3407
2832
2750
2447
1942
1445
937
462
-584
-814
-1115
-1743
-2808
-3070
-2842
-3110
-3138
-2794
-2109
-1786
-709
509
1401
2123
2969
4331
4945
5299
5144
4798
4733
3746
2994
1575
433
-1491
-2561
-3340
-4269
-5510
-6057
-5402
-5447
-4725
-4306
-3032
-2489
-1432
59
772
1410
1548
2582
2974
3268
2982
3246
3284
3005
2789
2265
2085
585
313
-350
-1135
-2487
-3258
-3114
-3826
-3812
-3664
-2828
-2513
-1288
8
1080
2114
2887
4469
4860
5651
5032
4782
4656
3581
2786
1034
351
-1836
-2670
-3496
-4065
-5242
-5633
-4812
-4750
-3871
-3709
-2256
-1940
-875
59
715
1330
998
1893
2260
2690
2119
2452
2808
2607
2370
2215
2153
819
574
62
-515
-1970
-2689
-2678
-3149
-3305
-3461
-2597
-2193
-1291
-293
1106
1951
2554
4068
4920
5431
4524
4819
4499
3534
2263
943
-98
-2376
-3124
-4077
-4496
-6013
-5846
-5092
-4554
-3897
-3346
-1538
-1171
148
816
1899
1883
1851
2546
2766
2745
1902
2456
2318
2168
1558
1705
1277
148
2
-472
-1002
-2502
-2604
-2823
-3068
-3319
-2997
-2231
-1777
-646
192
1895
2385
3678
4615
5754
5600
4872
5280
4282
3284
1207
513
-1783
-3300
-4439
-4980
-6069
-6905
-5954
-5625
-4370
-4056
-2295
-1382
-190
860
1640
2544
2226
2803
3054
3487
2630
2699
2898
2721
2184
1845
1893
566
218
-472
-904
-2354
-3012
-3155
-3535
-3717
-3857
-2955
-2447
-1243
-565
1183
2105
3231
4484
5582
6195
5215
5768
5093
4339
2302
1252
-589
-2616
-3913
-4908
-5838
-7284
-6750
-6439
-5373
-4986
-3629
-2194
-1079
351
1170
2418
2407
2868
3363
3814
3262
2876
3229
3079
2604
2035
2188
1102
476
41
-335
-1488
-2504
-2516
-2909
-3235
-3620
-2971
-2605
-1880
-1339
120
1029
1906
3218
4516
5244
4574
5376
5245
4736
2932
2220
581
-1403
-2835
-3757
-4926
-6738
-6550
-6352
-5725
-5767
-4457
-3058
-2073
-764
485
1933
2001
2809
3643
4231
3664
3453
3894
3407
2825
2075
2084
734
77
-433
-639
-1758
-2467
-2237
-2342
-2516
-2707
-1755
-1485
-1099
-457
658
1187
1716
2790
3774
3538
3599
3916
4121
3111
2285
1364
157
-1222
-2264
-2896
-4362
-5063
-5452
-4817
-4940
-4923
-4083
-3206
-2243
-1678
-265
504
975
1888
3058
3616
3429
3975
4273
4175
3483
3187
2329
1146
320
-501
-1300
-2449
-2868
-2995
-2922
-2906
-2430
-1784
-854
-369
706
1554
2179
2831
3479
4064
3285
3489
3282
3020
1659
1066
2
-1198
-2166
-2630
-3182
-4381
-4287
-4222
-3694
-3808
-3411
-2867
-2404
-1815
-1237
-508
-177
243
990
2293
2379
2790
3190
3931
3853
3373
3420
2350
1434
400
40
-1334
-2228
-2832
-2767
-2945
-2784
-2077
-1741
-700
-104
1035
2037
2692
3430
3564
3904
3916
3419
3253
2120
1332
-157
-794
-2050
-2760
-3632
-3981
-4110
-4075
-3350
-3444
-2523
-2299
-1531
-1285
-740
-366
-388
28
520
949
1209
1763
2114
2616
2858
3109
2849
2457
2060
1337
669
-186
-1003
-1822
-2151
-2454
-2506
-2384
-1883
-1448
-878
88
1004
1897
2801
3176
3290
3650
3612
3295
2157
1619
107
-676
-1774
-2267
-3309
-3825
-3505
-3435
-2724
-2725
-1726
-1628
-816
-634
-263
-152
-440
-142
-93
611
280
718
1095
1657
1951
2039
2344
1609
1717
1277
1231
148
-220
-479
-860
-871
-1294
-790
-1233
-569
-625
49
372
751
1631
1234
1949
1734
2573
1866
1536
865
-9
-396
-1719
-1558
-3034
-2995
-3392
-2613
-2380
-2361
-1265
-924
22
-157
905
722
660
520
780
946
238
446
411
849
434
696
693
485
303
478
703
216
127
156
553
297
321
435
360
352
183
709
662
903
940
752
1144
932
1285
491
500
-679
-1060
-1671
-2188
-2577
-3458
-2813
-3002
-2113
-2041
-1134
-367
56
688
898
1543
1126
1122
1033
1130
758
494
720
429
426
181
584
135
-256
-267
-107
-204
-431
-216
-32
219
407
1109
1090
1253
1196
1459
1839
1497
1842
1019
1081
649
686
277
-618
-1080
-2033
-1948
-2966
-2835
-3573
-3246
-3061
-2534
-1676
-1710
-512
-154
838
769
1273
1594
1598
1588
1514
1605
1293
1278
1007
957
350
111
-221
-387
-1015
-1267
-1182
-1011
-915
-739
26
363
1130
1514
2154
2220
2129
2579
2462
2729
1553
1264
914
619
126
-969
-1184
-2571
-2502
-3170
-3006
-3724
-3743
-3095
-2555
-1675
-1888
-914
-397
607
491
800
1294
1162
1459
1575
2086
1398
1475
1854
1833
1163
488
353
-326
-738
-1466
-1408
-1783
-1646
-1554
-804
-132
10
1065
1721
2448
1966
2889
3116
3258
2734
2126
2201
1195
1342
-125
-440
-2187
-2672
-3239
-3636
-4006
-4954
-3910
-3528
-2274
-2303
-1173
-464
371
1044
1222
1565
979
1480
1342
1801
936
919
1104
1372
1304
564
540
-122
13
-741
-533
-1248
-1304
-1240
-653
-211
-437
474
838
1728
1481
2104
2403
2601
3019
2257
2390
1828
1909
1067
443
-624
-2054
-2436
-3134
-3438
-4680
-4328
-4050
-3149
-2481
-1972
-1140
-462
784
937
1394
1179
1278
1254
1632
1439
869
876
1000
1340
813
617
-198
-136
-474
-650
-966
-1279
-1136
-1132
-305
-83
389
477
1372
1830
2013
2412
2640
3162
2219
2286
1953
1929
965
137
-515
-1743
-2233
-3074
-3061
-3873
-3897
-3814
-2674
-2116
-2020
-1367
-557
466
285
922
987
1161
1053
1497
1668
1167
1126
1045
1478
826
470
-347
-96
-493
-999
-1002
-998
-803
-1073
-130
30
268
367
989
1294
1075
1484
1693
2643
1974
1864
1851
2146
1838
671
466
-1053
-1661
-2647
-2550
-3466
-3941
-3787
-2926
-1818
-1916
-1162
-708
485
488
789
956
745
732
790
1399
931
781
830
1353
1137
642
272
-42
-43
-617
-498
-777
-674
-691
-212
320
319
559
780
1170
904
1188
1160
1604
1269
1001
1228
1096
1251
408
177
-880
-1317
-1831
-2107
-2614
-3004
-2688
-2428
-1386
-1298
-798
-580
234
661
634
689
415
759
754
953
700
686
653
771
909
494
-154
-584
-289
-434
-663
-769
-483
-69
328
785
1028
1135
1271
1444
1462
1366
1096
1281
1137
726
450
567
593
-125
-595
-1241
-1711
-2225
-2398
-2598
-2780
-2524
-2116
-1173
-676
-355
-43
593
1080
913
905
683
778
570
645
564
354
240
267
444
72
-397
-729
-544
-527
-553
-541
-252
131
612
1044
1405
1453
1601
1805
1765
1658
1512
1750
1254
759
449
462
254
-378
-1102
-1821
-2184
-2526
-2577
-2871
-2704
-2499
-1782
-980
-371
-245
199
691
1020
954
807
590
479
624
415
317
74
137
-31
68
-317
-624
-1046
-745
-719
-516
-363
-39
536
1065
1488
1589
1972
1928
2154
1685
1866
1580
1964
1532
1063
624
400
391
-259
-1005
-2323
-2646
-3058
-2831
-3298
-3058
-2717
-1826
-848
-103
277
384
957
1257
1495
970
681
459
794
654
414
168
-22
-134
-267
-484
-1228
-1816
-1907
-1519
-1319
-1019
-772
62
943
1783
2115
2439
2628
2655
2685
2516
2425
2092
1790
1276
909
631
96
-441
-1423
-2188
-2874
-3084
-3345
-3645
-3235
-2670
-1685
-1153
-305
118
674
1122
1456
1531
1259
1156
1235
1475
1139
771
522
511
75
-408
-1044
-1632
-2169
-2225
-2125
-1911
-1660
-1159
-243
580
1156
1378
1808
2204
2382
2282
2293
2244
2582
2448
2166
1502
1222
828
265
-736
-2019
-2824
-3272
-3220
-3611
-3320
-2945
-1928
-1086
-257
51
295
788
1192
1365
1146
1054
1154
1479
1589
1308
1129
953
667
145
-564
-1230
-1975
-2058
-2274
-2002
-1892
-1336
-816
-76
396
768
985
1284
1587
1614
1794
1913
2489
2481
2361
1806
1707
1214
653
-491
-1518
-2444
-2861
-2909
-3051
-2890
-2650
-1523
-704
-72
-213
53
333
742
762
690
570
830
1446
1845
1765
1309
1242
1174
856
-158
-1112
-1732
-1801
-1921
-1777
-1692
-1383
-956
-91
246
264
60
395
782
907
974
1089
1826
2184
2384
2009
1795
1235
797
72
-844
-2013
-2525
-2378
-2146
-2007
-1898
-1127
-337
299
161
4
-141
10
182
264
139
194
831
1559
1769
1381
1139
1029
867
257
-618
-1343
-1568
-1404
-1085
-903
-881
-737
-150
265
93
-391
-591
-330
-90
126
245
642
1199
1723
1969
1803
1302
775
500
58
-661
-1415
-1486
-1143
-701
-470
-251
-23
280
408
237
-148
-610
-657
-585
-356
-327
-22
326
762
991
946
754
393
185
-199
-477
-792
-856
-747
-502
-231
-261
-208
-212
-216
-424
-607
-678
-639
-467
-263
204
610
891
1000
1228
1238
1038
745
548
270
-12
-70
64
260
306
435
493
496
286
-41
-282
-570
-850
-904
-909
-772
-624
-334
-97
59
118
170
190
38
-92
-228
-197
-285
-203
-169
-60
-106
-163
-186
-276
-411
-556
-515
-465
-300
-245
19
231
455
529
586
655
620
639
585
610
556
572
682
841
919
833
800
700
509
180
-126
-282
-657
-801
-966
-940
-979
-979
-812
-805
-672
-683
-435
-401
-313
-270
-141
95
146
258
230
337
192
140
14
-132
-331
-368
-230
-220
-165
-120
42
133
191
176
158
184
238
265
348
417
458
637
849
1008
958
944
958
856
652
436
278
-2
-212
-368
-534
-765
-950
-1097
-1140
-1148
-1151
-1080
-941
-736
-529
-281
-53
110
236
427
408
339
225
181
61
3
12
64
112
141
234
197
192
-14
-103
-215
-219
-251
-239
-121
26
190
433
665
810
900
870
921
808
763
540
515
430
364
224
105
-39
-309
-559
-810
-921
-1123
-1100
-1058
-887
-774
-555
-291
-100
-10
34
90
21
-78
-173
-192
-209
-156
28
223
332
365
454
417
257
3
-151
-230
-324
-338
-295
-85
-18
229
421
628
639
599
634
585
502
398
470
500
537
532
593
502
327
35
-174
-418
-657
-838
-875
-820
-800
-660
-485
-283
-301
-279
-252
-312
-395
-478
-448
-459
-349
-133
129
281
302
403
387
281
-31
-154
-239
-337
-307
-228
11
88
320
516
667
668
572
555
455
343
228
341
431
492
508
623
673
520
304
-14
-220
-453
-589
-649
-679
-665
-515
-234
-120
-161
-284
-306
-394
-487
-586
-771
-756
-613
-231
-44
139
233
372
483
367
140
-104
-169
-198
-70
-57
-6
97
390
568
578
511
390
321
315
286
140
92
271
539
653
585
510
426
314
73
-197
-390
-583
-535
-414
-240
-218
-101
106
145
-28
-337
-506
-695
-779
-893
-876
-773
-542
-215
60
257
266
311
321
244
61
18
52
167
236
379
479
519
502
494
416
172
-14
-53
11
-45
-39
68
310
426
412
307
188
-19
-166
-287
-327
-421
-370
-116
61
116
112
224
138
-40
-360
-565
-762
-861
-879
-796
-633
-499
-217
-16
113
91
115
137
86
66
163
319
435
553
705
801
775
638
479
313
92
-83
-151
-92
-79
19
149
286
317
248
146
-58
-237
-439
-519
-516
-456
-341
-140
99
197
205
216
173
-22
-256
-432
-551
-604
-614
-555
-481
-369
-246
-115
-82
-137
-182
-127
-71
-44
117
331
581
691
827
903
879
753
600
479
303
117
20
54
90
131
152
236
261
178
32
-107
-280
-441
-534
-481
-483
-426
-292
-72
28
41
38
17
-48
-224
-353
-478
-504
-546
-502
-434
-402
-378
-257
-166
-148
-189
-129
-70
-20
108
249
420
527
666
749
824
721
614
516
469
375
255
234
191
214
197
254
224
129
6
-74
-160
-334
-455
-484
-388
-378
-283
-192
-119
-73
-85
-65
-159
-278
-444
-490
-525
-527
-574
-530
-452
-440
-345
-325
-255
-242
-176
-72
50
179
321
490
656
735
761
812
737
609
459
406
323
237
261
271
303
303
329
326
243
120
-13
-123
-249
-362
-422
-363
-327
-252
-149
-91
-62
-115
-145
-210
-301
-423
-529
-529
-524
-523
-536
-445
-416
-408
-393
-329
-279
-281
-161
-38
162
294
500
630
724
725
749
697
552
417
289
267
182
241
257
372
402
432
417
334
221
43
-48
-217
-310
-388
-341
-310
-218
-132
-69
-30
-65
-129
-257
-321
-443
-507
-553
-482
-458
-452
-383
-350
-352
-409
-349
-344
-278
-238
-110
102
289
492
572
683
652
626
547
405
265
115
149
149
225
275
378
449
463
454
345
240
100
8
-62
-97
-133
-136
-95
-70
-57
-104
-155
-248
-297
-375
-425
-454
-479
-434
-387
-281
-320
-343
-399
-414
-482
-511
-434
-344
-185
-60
185
373
529
579
590
554
436
307
188
111
28
63
146
255
293
351
404
382
297
200
131
73
24
25
61
99
150
159
150
77
-46
-153
-248
-354
-417
-446
-375
-321
-265
-231
-189
-213
-284
-389
-492
-560
-583
-524
-393
-201
-44
176
363
525
541
508
459
385
289
201
122
65
98
151
219
213
193
175
161
94
-31
-98
-57
4
48
106
175
238
256
260
186
22
-102
-196
-190
-235
-295
-245
-148
-68
-66
-71
-115
-223
-330
-374
-456
-521
-490
-362
-192
-65
67
205
306
346
322
297
241
165
141
154
146
126
135
216
205
160
91
39
-31
-111
-130
-115
-69
-34
68
128
184
198
188
154
81
-5
-65
-90
-66
-61
-2
57
75
83
55
8
-100
-212
-305
-352
-374
-346
-292
-169
-71
8
96
143
129
87
63
65
32
6
4
22
50
83
87
76
51
12
-16
-44
-61
-93
-50
1
68
94
82
80
79
54
2
-38
-57
-54
-32
41
84
134
163
186
195
139
57
-48
-138
-230
-267
-267
-251
-234
-136
-15
24
50
76
94
55
38
37
13
11
2
32
37
47
19
26
11
-49
-86
-113
-82
-82
-37
8
76
103
111
85
65
28
-17
-52
-59
-34
-11
65
126
185
192
189
143
101
3
-87
-174
-242
-257
-240
-185
-149
-79
17
90
113
107
96
90
62
39
22
37
36
50
87
91
56
32
32
-11
-67
-108
-98
-88
-61
-33
7
49
54
32
6
-14
-59
-65
-57
-9
16
99
145
195
202
170
121
12
-52
-174
-235
-314
-323
-302
-215
-123
-76
33
91
153
132
133
101
76
78
58
64
43
77
77
84
50
32
31
16
4
-56
-41
-49
-16
-8
0
10
11
1
-19
-44
-87
-111
-99
-46
-23
24
68
136
162
143
99
34
-45
-132
-209
-277
-350
-356
-308
-219
-165
-80
2
81
134
159
174
155
161
143
170
147
156
162
168
145
94
61
32
-6
-44
-45
-31
-10
26
59
81
98
63
41
6
-54
-120
-127
-125
-106
-55
25
97
125
144
118
47
-14
-88
-185
-277
-332
-320
-282
-232
-181
-112
-49
-7
20
40
36
60
89
151
170
202
259
286
278
218
161
76
8
-64
-95
-118
-90
-46
23
69
90
93
82
43
-5
-55
-101
-94
-94
-66
-14
31
69
102
121
75
-7
-44
-77
-118
-169
-178
-165
-131
-105
-83
-58
-81
-73
-79
-66
-81
-79
-26
29
71
120
174
194
197
163
129
71
18
-16
-39
-53
-40
-22
17
40
48
34
12
1
-31
-54
-71
-57
-53
-16
26
75
83
98
117
102
55
-2
-14
-39
-55
-79
-67
-47
-39
-33
-25
-25
-53
-73
-88
-99
-105
-93
-70
-40
-7
25
55
65
50
29
26
4
-18
-45
-26
2
21
46
69
80
50
38
24
-19
-51
-66
-56
-47
-44
7
67
113
125
150
168
138
102
73
64
17
0
-5
14
11
-6
8
-7
14
-28
-44
-62
-96
-98
-93
-89
-101
-80
-52
-21
-33
-31
-37
-33
-12
-22
-29
-26
-2
24
45
46
38
26
24
16
-16
-33
-65
-50
-31
-12
12
43
80
97
127
136
117
71
61
47
28
7
1
26
22
41
46
42
29
-6
-14
-49
-90
-139
-139
-132
-122
-109
-83
-50
-40
-23
-24
-21
-44
-43
-46
-33
-17
-9
15
21
32
15
8
-22
-47
-65
-69
-58
-41
4
45
94
107
124
135
121
74
48
30
12
21
21
55
74
91
101
102
74
13
-19
-70
-112
-148
-146
-130
-101
-66
-32
-12
8
14
2
4
-10
-29
-36
-17
-10
0
11
-1
-6
-38
-44
-65
-90
-98
-100
-69
-37
18
51
92
116
126
123
91
65
38
30
24
36
42
73
97
122
142
122
102
57
5
-34
-80
-116
-123
-111
-86
-69
-44
-34
-8
1
6
16
26
14
19
39
35
31
21
20
-4
-36
-72
-114
-138
-149
-132
-119
-82
-24
25
73
82
97
79
57
40
16
-1
-14
12
48
81
108
135
138
136
118
76
28
-19
-42
-53
-57
-57
-48
-37
-30
-36
-50
-76
-110
-87
-62
-44
-17
27
75
102
111
85
47
-1
-47
-102
-150
-176
-187
-148
-109
-52
-25
6
34
30
23
-1
-18
-31
-19
-7
27
47
80
109
118
121
97
89
68
45
17
17
25
22
28
30
19
-16
-34
-73
-104
-124
-125
-93
-69
-41
-6
54
86
98
86
67
46
10
-25
-49
-60
-82
-82
-55
-31
-33
-22
-4
-4
-19
-17
-29
-30
-28
-9
14
33
44
64
85
83
69
80
84
61
53
44
49
28
32
27
24
-1
-17
-40
-60
-87
-107
-90
-87
-82
-68
-19
16
36
49
55
53
51
34
21
5
-16
-8
-5
-4
0
4
12
6
-2
-18
-18
-31
-41
-41
-30
-7
10
30
33
53
54
53
43
30
20
7
6
12
22
19
39
36
17
-2
-26
-47
-75
-85
-84
-79
-69
-41
-7
24
36
36
46
38
27
14
3
-6
-5
3
11
28
31
42
40
27
-3
-22
-25
-39
-43
-42
0
6
25
39
43
32
17
2
-12
-23
-47
-41
-46
-19
-11
26
40
35
29
13
9
-30
-59
-68
-54
-54
-38
-14
9
23
37
32
17
-4
-28
-37
-54
-50
-46
-26
5
23
30
41
35
15
1
-16
-38
-46
-32
-5
20
46
71
75
74
56
30
1
-26
-45
-52
-55
-52
-25
9
23
26
27
20
7
2
-12
-9
-10
17
45
51
63
66
51
19
-7
-50
-78
-103
-100
-89
-70
-49
-23
14
28
28
19
1
-17
-27
-31
-24
-5
22
45
81
98
99
90
80
52
26
4
-17
-25
-25
-12
-8
-8
-10
-20
-23
-28
-41
-33
-25
-10
22
61
83
103
108
103
82
42
-4
-47
-68
-103
-126
-127
-119
-98
-84
-63
-46
-38
-33
-28
-23
-19
-8
2
36
53
75
91
94
88
88
79
52
30
12
5
-5
-2
-9
-7
-3
-10
-22
-34
-49
-65
-64
-54
-34
-17
8
52
87
116
113
117
99
63
27
-16
-62
-108
-114
-132
-126
-123
-105
-88
-80
-66
-61
-46
-39
-12
11
46
71
96
121
130
125
103
92
57
32
1
-21
-34
-23
-20
-19
-2
-9
-8
-20
-39
-60
-69
-74
-67
-34
-11
31
68
102
118
123
122
88
59
25
-11
-51
-73
-90
-107
-109
-115
-111
-103
-102
-101
-83
-57
-33
-5
39
80
121
145
148
145
129
101
67
43
-1
-31
-30
-28
-27
-25
-16
-15
-21
-36
-51
-70
-87
-78
-57
-39
-15
31
80
109
117
116
103
85
58
22
-2
-29
-52
-61
-67
-79
-94
-102
-106
-116
-126
-122
-107
-80
-42
7
57
91
127
152
162
141
114
84
55
22
-7
-6
-9
-15
-14
-13
-29
-42
-62
-70
-81
-93
-74
-54
-22
17
55
83
105
103
94
78
50
29
2
-14
-23
-26
-33
-34
-43
-53
-64
-88
-108
-111
-119
-107
-84
-55
-15
26
68
89
112
113
108
95
81
63
47
39
32
33
18
4
-17
-29
-54
-78
-88
-89
-83
-71
-47
-13
24
53
81
93
91
85
67
44
21
-4
-11
-15
-18
-19
-20
-26
-39
-54
-72
-90
-94
-97
-86
-63
-38
-7
20
54
75
88
83
80
66
57
43
28
32
24
28
19
17
5
-18
-34
-63
-77
-88
-86
-70
-46
-3
36
64
91
97
93
83
61
36
11
-12
-6
-5
-6
-6
-8
-16
-27
-43
-63
-83
-92
-93
-79
-58
-28
10
53
79
91
94
74
58
33
13
-2
-10
-6
-3
1
10
3
-17
-39
-61
-82
-100
-102
-87
-62
-29
10
44
74
94
101
89
76
58
33
11
2
-8
-8
-9
-15
-19
-41
-52
-67
-83
-90
-89
-77
-55
-23
14
43
71
90
93
93
79
59
34
13
7
-6
-7
-14
-13
-10
-25
-42
-66
-80
-94
-99
-98
-83
-59
-29
9
45
76
94
100
102
96
76
57
32
21
14
4
0
-9
-24
-36
-59
-75
-94
-101
-93
-77
-54
-20
17
49
84
110
118
115
107
84
64
38
28
20
14
10
-4
-16
-27
-50
-78
-104
-114
-121
-116
-101
-69
-26
9
46
76
91
90
86
74
59
42
37
29
27
25
20
7
-20
-45
-70
-89
-100
-108
-105
-84
-53
-24
6
40
66
81
92
88
78
68
64
59
61
66
54
49
37
6
-22
-61
-93
-121
-140
-140
-132
-113
-79
-44
-7
26
44
62
65
65
65
59
49
49
51
46
44
26
6
-15
-48
-68
-93
-99
-98
-93
-77
-48
-23
1
26
46
58
48
49
46
55
53
66
85
93
93
90
78
42
9
-32
-60
-96
-116
-120
-120
-104
-81
-57
-29
-13
-1
25
31
32
33
48
62
69
73
74
73
56
31
3
-28
-64
-87
-90
-91
-84
-65
-38
-11
6
16
23
23
21
17
17
27
40
64
80
89
99
94
83
59
28
-3
-30
-49
-69
-80
-86
-81
-73
-69
-56
-47
-44
-32
-23
-17
-2
20
43
59
74
73
73
62
43
17
-9
-34
-51
-66
-73
-67
-63
-42
-31
-17
-12
-8
4
7
7
12
22
36
53
64
66
70
68
62
53
36
15
7
-9
-23
-35
-40
-46
-50
-52
-59
-57
-61
-55
-48
-35
-18
-2
19
40
54
59
65
61
51
35
13
-1
-13
-26
-35
-38
-35
-36
-33
-28
-25
-21
-14
-9
1
7
19
35
43
47
51
56
50
45
37
29
22
12
-1
1
-6
-15
-19
-28
-30
-40
-43
-48
-42
-44
-42
-22
-10
0
14
17
29
32
27
29
23
21
18
7
-1
-10
-13
-18
-20
-21
-18
-18
-20
-11
-13
-10
-5
0
13
23
26
31
36
39
36
31
30
16
12
3
-5
-3
-16
-19
-20
-21
-21
-22
-23
-18
-20
-19
-13
-9
-9
-8
6
9
12
11
4
9
6
0
-8
-11
-3
-1
-4
-11
-11
-9
-6
-11
-10
-8
-8
-9
-5
-3
3
10
19
22
23
24
22
24
21
12
4
0
-2
-5
-9
-12
-6
-8
-13
-10
-9
-6
-3
4
8
1
2
-5
-6
-4
-7
-3
-2
-1
-3
-2
-4
-12
-13
-17
-18
-19
-15
-8
-2
2
7
5
4
1
-3
1
-3
-2
3
8
11
23
26
23
18
13
10
1
-4
-14
-8
-9
-7
3
9
15
20
16
12
4
-7
-10
-12
-13
-10
-5
3
11
8
0
-5
-9
-15
-27
-28
-27
-24
-12
-7
0
10
13
13
12
-1
-3
5
0
6
16
19
23
24
24
13
8
0
-7
-9
-16
-17
-12
-5
3
12
18
23
27
22
10
8
-2
-12
-14
-9
-5
-4
1
2
3
-5
-14
-16
-22
-34
-35
-24
-22
-14
-7
2
5
9
11
7
3
-2
4
3
4
10
18
26
24
21
9
-1
-13
-27
-38
-37
-32