-2
2
0
2
4
0
3
7
4
0
1
3
7
4
1
-2
4
5
5
4
-8
2
5
5
12
12
11
8
0
1
-5
-4
1
-6
-1
-3
-1
-5
-5
-2
-6
-5
-5
-4
-3
-4
-1
4
0
-3
1
-4
-8
-4
0
4
1
2
-2
-3
1
5
7
3
-2
4
8
3
3
5
3
4
7
2
7
3
-1
0
1
2
4
5
6
6
7
7
3
7
4
5
5
5
3
-5
-7
-3
-5
-6
-4
-4
4
1
-6
-5
-5
3
-1
1
9
5
9
4
4
12
4
4
5
10
7
6
3
3
1
3
7
7
10
4
7
1
-1
0
-2
0
-3
-4
0
0
-4
-4
0
3
3
0
0
-1
3
3
3
7
4
-3
-9
-8
-11
-11
-7
-6
-6
-8
-9
-5
-2
-3
-1
-3
-1
-8
-12
-7
-4
-3
-4
-3
0
-5
-10
-7
-7
-7
-6
-3
-5
-6
-5
-6
-3
-5
-6
-5
0
2
-2
1
-5
-4
1
1
1
1
1
1
-5
-6
4
-1
-4
-8
-13
-9
-10
-7
-14
-17
-15
-17
-13
-16
-8
-7
1
1
-1
0
4
12
11
11
8
10
8
13
13
10
11
6
11
16
12
7
7
5
3
5
6
5
1
3
1
2
-4
-2
2
0
4
-2
2
-2
-4
-6
-9
-6
-3
-7
-12
-11
-6
-6
-5
0
-3
3
2
2
4
1
10
12
11
10
15
15
19
16
13
17
9
18
14
10
9
-1
3
-8
-8
-10
-12
-3
-11
-8
-5
-4
-2
0
2
1
11
8
6
11
3
6
3
2
6
0
-2
-5
5
7
-3
1
3
3
5
4
4
1
-3
-2
-2
-6
-6
-1
-8
-1
2
5
6
-2
1
-1
2
5
-4
-7
-1
0
-7
-3
-2
-8
-4
-5
-3
-1
-3
1
8
9
8
13
21
13
7
8
8
10
5
-5
-17
-16
1
1
-12
-22
-15
1
-3
-17
-19
-10
-5
-7
-5
0
17
13
1
-5
-10
5
1
-6
-5
-1
8
6
5
8
5
-1
-10
-1
7
6
0
5
10
10
12
8
5
6
5
-4
1
-1
-3
-4
-7
-2
-4
-2
-3
-8
-6
-7
-7
-11
-10
-19
-18
-19
-16
-6
-5
-6
0
2
0
1
7
13
10
6
9
10
8
11
2
1
-6
-14
-11
-12
-9
0
-4
-11
-8
-4
5
1
5
5
5
4
3
0
4
5
-5
2
0
-2
-6
-11
-12
-10
-14
-11
-7
-10
-6
0
-1
1
7
5
1
0
5
0
0
0
5
11
10
9
6
10
10
10
9
6
9
4
-1
0
-4
0
0
-2
-2
-15
-9
-2
-6
2
3
3
11
11
8
8
5
6
6
6
6
5
8
0
-6
-4
-1
-2
-3
-2
0
5
4
1
5
6
12
5
4
12
19
18
12
9
3
4
6
5
4
-3
0
2
0
-2
2
3
-1
-1
-1
2
5
3
3
13
5
7
14
7
3
6
5
4
6
5
10
8
3
3
5
5
5
0
1
2
1
-4
-8
-5
-10
-2
-3
1
-2
-2
-2
-1
1
-5
1
0
-4
-4
3
-2
-5
-8
-11
-13
-8
-9
-8
-7
-7
-3
-4
2
2
-4
-1
2
-2
-6
-8
0
0
-4
-4
-5
-6
-3
-5
-9
-13
-7
-7
-12
-9
-9
-13
-11
-7
-6
-4
-5
-1
0
-3
-3
-2
0
-4
-7
-4
-2
-4
-8
-5
-9
-13
-4
-9
-12
-13
-14
-11
-2
-5
-7
-7
-6
2
5
2
0
2
2
3
-3
1
5
-1
2
-1
0
5
-2
0
-5
-2
2
4
5
4
3
1
4
3
4
3
-1
0
4
0
6
5
2
7
4
6
0
6
3
-1
-2
-10
-12
-10
-8
-6
-1
-5
2
2
2
13
14
15
13
15
15
12
11
12
10
11
5
3
-1
-2
-4
-7
-3
-8
-7
-5
0
6
0
3
1
0
0
3
2
-1
2
6
3
9
7
5
11
9
9
8
7
9
6
4
2
7
12
5
3
8
9
5
11
7
8
10
14
14
13
18
18
17
8
1
-2
1
-1
0
1
-11
-13
-13
-9
-8
-5
-2
-4
-3
1
0
-1
-3
7
7
5
14
11
13
16
14
5
3
1
1
-1
3
3
2
-5
-5
-1
-13
-7
-7
-5
-3
-8
-4
-4
-4
0
-6
-2
-3
0
-2
-4
-3
-11
-7
-10
-7
-11
-14
-16
-15
-10
-10
-18
-16
-11
-14
-14
-11
-8
-4
-9
-1
0
-8
-1
2
3
1
-2
-2
-8
-8
-5
-9
-6
-7
-6
-8
-10
-6
-5
-13
-7
-1
-9
-6
-8
-1
5
1
1
6
7
4
2
7
5
8
3
6
12
3
3
1
4
-3
-5
-2
3
1
3
-1
-6
-2
0
0
2
7
1
2
0
0
1
3
-6
-7
-2
-3
-1
-7
-7
-11
-16
-12
-7
-5
-4
-2
1
-1
-8
-1
4
1
-2
-6
-1
-7
-8
-1
0
4
-8
-3
-2
0
6
0
3
3
6
6
1
4
7
1
2
2
4
4
8
11
10
10
10
17
11
9
12
11
7
1
1
6
7
11
4
-5
-2
-2
7
9
5
12
12
15
10
13
24
18
16
21
12
11
4
3
5
1
1
6
2
-6
-5
-5
-10
-6
1
-5
-12
-8
6
4
8
16
13
17
13
13
4
8
10
2
1
5
6
0
0
-3
-4
-11
-8
-3
-7
-6
-11
0
-4
-8
0
-1
-5
-2
3
2
0
-1
1
5
5
2
-1
4
2
-1
-9
-8
-9
-14
-10
-17
-12
-11
-15
-14
-10
-9
-9
0
3
9
7
-4
-3
3
2
7
3
3
-4
-6
-9
-10
-14
-13
-9
-16
-14
-12
-13
-16
-18
-18
-11
-15
-17
-13
-10
-11
-16
-10
-3
-5
-5
1
5
-3
-6
-14
-11
-5
-5
-10
-15
-9
-17
-15
-11
-11
-12
-9
-9
-4
-4
0
-2
-5
0
-1
1
0
3
3
-2
-1
3
-1
2
0
-1
-2
-7
2
-1
5
5
5
1
0
10
8
8
2
6
10
0
2
4
3
2
1
5
2
3
4
1
8
-1
-9
-5
-7
-5
-8
-4
-3
0
2
-4
7
10
10
16
8
4
0
3
6
-1
2
5
-1
-2
2
2
0
1
-1
-4
2
1
4
11
9
7
5
0
8
8
5
8
4
7
9
6
13
15
12
5
3
8
10
9
10
6
10
11
13
16
12
17
15
13
15
13
18
14
16
22
19
16
21
16
12
14
12
11
5
4
-1
-4
-1
2
-2
-4
0
3
4
4
5
-1
1
4
-5
2
4
0
3
2
3
-7
-10
-3
-6
-7
-4
-7
-8
-3
-6
-8
-10
-7
-5
-2
0
-6
-7
-13
-15
-15
-12
-10
-10
-4
-1
0
-3
-6
-9
-11
-12
-20
-21
-8
-12
-15
-20
-17
-13
-12
-5
-13
-4
-4
-12
-10
-7
-2
-4
0
-5
-2
-6
-6
-5
-7
-1
-5
-4
-10
-7
-4
-5
-5
-1
-3
-7
1
1
4
2
3
9
10
7
1
5
7
0
-1
1
-3
-3
-5
-3
-2
-6
-9
-2
-1
-3
0
0
2
4
1
-3
-1
-2
1
0
-5
-7
-1
2
-3
-1
0
-2
-2
-6
-10
-9
-14
-16
-8
-10
-5
3
2
-2
0
1
-5
2
0
6
8
8
8
7
4
0
-1
-3
6
6
1
6
4
2
-2
1
5
2
7
7
5
7
7
8
15
14
8
8
13
9
16
19
10
8
9
9
7
5
4
3
-1
-4
0
12
10
7
9
1
3
6
4
1
2
6
0
1
6
9
3
5
6
-2
3
-1
0
-3
-2
1
-7
-2
-2
-7
-6
-6
-4
-3
-2
3
2
4
4
1
10
8
5
4
4
3
3
2
4
4
4
-1
-6
-6
-5
-6
3
0
-1
-4
-8
-4
-5
-1
-1
1
-1
1
2
4
3
0
-4
-4
-5
-13
-11
-8
-4
-1
-5
-6
-8
-6
-5
-7
-4
-2
4
3
7
9
5
8
8
3
-1
-6
-6
-5
-7
-8
-11
-10
-5
-7
-6
-12
-14
-11
-5
-4
-2
7
4
2
1
7
-1
1
1
0
3
1
0
-1
-3
-4
-10
-15
-13
-15
-13
-15
-8
-16
-14
-9
-20
-9
-8
-12
-5
-18
-16
-10
-3
0
-6
-8
-12
-12
-15
-6
-9
-11
-13
-11
-6
-12
-9
-13
-12
-8
-8
-5
0
4
5
3
4
12
6
7
8
7
11
10
13
7
0
6
7
-3
-5
-4
-6
-7
-9
-7
-6
-6
-1
-4
2
1
2
1
10
18
15
17
20
16
11
15
8
8
5
7
6
3
9
1
0
4
0
2
5
4
6
5
2
0
1
0
3
8
3
-2
5
1
-2
-1
-9
-1
1
-8
0
2
5
3
1
3
4
7
5
11
12
20
27
23
20
17
19
17
17
13
15
16
13
13
8
3
4
4
8
-3
-13
-10
-4
-5
-4
-3
-1
-3
-11
-1
-4
-6
-4
-4
-8
-3
6
2
3
2
1
4
7
6
0
0
1
-1
6
10
6
4
6
2
7
14
7
12
6
7
11
8
5
2
2
1
-6
-11
-9
-11
-10
-9
-13
-11
-12
-12
-13
-19
-25
-23
-17
-9
-9
-9
-8
-5
-8
-6
1
-2
-1
-7
0
-2
-3
-1
5
4
-2
-3
-10
-10
-9
-4
-4
-5
-9
-10
-10
-8
-15
-13
-10
-15
-12
-7
-4
-2
-4
-11
-8
-11
-8
-1
3
4
0
-3
-1
5
7
6
-2
1
-2
-2
1
4
5
-2
-2
2
4
1
7
6
-3
1
4
6
6
4
0
-4
-2
-2
-4
-7
-4
-8
-19
-23
-19
-14
-10
-17
-20
-16
-16
-15
-8
-10
-12
-2
-3
-5
2
5
8
5
1
7
11
9
15
21
20
9
10
7
2
7
4
1
0
4
9
8
7
14
4
2
3
2
6
3
6
2
-2
3
-1
0
-1
-5
3
1
-4
-7
-5
-4
-7
-3
3
-2
9
11
2
7
-1
-2
0
3
9
4
10
17
12
15
9
11
7
-1
4
7
2
-7
-4
-4
-4
-7
-15
-11
-3
-5
-13
-5
-1
0
-1
-4
-2
-5
2
-1
2
2
-3
-3
1
5
4
9
5
3
-5
2
4
8
12
12
11
5
9
13
12
11
12
10
8
8
0
-1
2
-5
-5
3
-1
-2
-2
-3
-1
-7
-3
-8
-5
-4
-4
2
-6
0
2
-2
5
3
3
7
5
6
8
8
8
6
3
10
4
6
5
-3
2
1
1
4
6
6
-1
0
-5
-6
-1
-9
-7
0
-4
-8
-7
-11
-4
-8
-14
-10
-14
-14
-12
-17
-15
-17
-15
-8
-13
-14
-10
-8
-3
-4
-11
-14
-13
-9
-2
-1
-11
-11
-9
-3
-4
-4
3
-1
-1
-5
0
0
0
-2
-8
-4
-3
-2
-7
-7
3
6
0
-6
-6
-7
-7
-1
-1
-1
-1
4
3
4
2
-2
-3
-9
-4
-5
-3
1
3
7
5
9
2
0
0
0
1
-1
-1
0
0
-3
2
4
-3
-1
0
-2
-4
-6
-6
2
4
-4
-5
-8
-10
-12
-4
2
-3
-2
2
3
0
4
1
1
-2
-1
7
7
10
4
6
9
12
13
17
16
11
17
23
16
17
14
11
16
17
13
6
2
8
9
0
-3
-3
5
9
9
7
4
1
8
8
3
7
9
6
10
13
10
5
10
17
20
24
14
11
18
18
21
18
20
17
20
18
17
13
8
9
4
4
1
0
-1
-4
0
-3
-13
-13
-8
-13
-8
-15
-16
-8
-9
-7
-5
-7
-5
-10
-6
1
-7
-2
-5
-7
-1
4
1
1
-2
-5
2
-7
-3
-2
-7
-9
-7
-8
-13
-12
-14
-17
-21
-17
-11
-17
-17
-20
-22
-24
-21
-19
-22
-15
-18
-19
-14
-12
-10
-9
-6
-4
1
5
4
4
4
13
12
12
21
11
10
12
10
10
5
1
-2
2
3
2
-1
-7
-14
-17
-21
-22
-23
-21
-18
-22
-23
-24
-18
-20
-21
-18
-16
-12
-8
-5
-8
-6
-3
7
4
-2
8
7
3
12
11
4
6
2
5
1
1
5
9
10
8
2
-1
-4
-8
-5
-6
-13
-14
-15
-14
-11
-12
-4
-6
-7
-7
-13
-12
-8
1
1
0
3
11
12
9
9
21
21
21
24
22
22
19
19
13
16
18
12
12
10
10
6
15
12
15
14
10
9
2
0
-6
-7
-7
-8
-11
-6
1
2
3
3
-5
1
3
6
8
6
11
9
10
12
11
13
9
9
8
3
15
18
12
14
16
13
11
7
13
10
9
5
1
0
-2
0
-6
-1
2
-2
-2
-2
-2
-5
-5
-9
1
4
-1
3
12
9
7
14
8
3
4
8
5
4
5
1
0
6
4
1
6
7
7
6
2
5
6
11
2
0
0
-2
0
-4
-9
-19
-15
-11
-17
-14
-14
-8
-3
-9
-7
-7
-2
-4
-8
-8
-9
-8
-6
-6
-5
-4
-5
-2
-15
-8
-4
-4
1
-10
-2
0
-2
-1
-5
-3
2
0
-2
-11
-10
-10
-21
-10
-12
-20
-15
-14
-11
-14
-16
-17
-12
-13
-15
-13
-19
-12
-10
-13
-5
-11
-5
5
4
0
2
4
2
5
6
12
8
17
13
4
7
7
8
9
3
-2
-3
-2
4
2
5
-2
-2
-1
-1
-3
-8
-5
-6
-4
-8
-1
0
-6
-8
-6
2
2
1
8
4
3
-2
-2
-2
-1
5
8
18
12
2
9
6
9
9
4
3
8
15
14
16
6
10
-1
-8
-4
-4
-5
-11
-4
-8
-8
-8
-5
6
3
-2
-4
2
2
14
10
3
9
7
13
13
26
27
15
18
13
21
22
14
13
11
11
8
12
13
9
9
1
6
8
6
9
6
-1
1
1
-1
2
3
8
3
6
2
-2
6
5
5
6
9
13
16
16
16
13
11
13
14
12
7
10
7
6
5
4
5
-2
5
0
-2
-5
-6
-8
-9
-1
-9
-6
-8
-14
-7
-3
-12
-6
-9
-11
-12
-19
-11
-13
-6
-9
-7
-12
-10
-9
-12
-11
-12
-9
-8
-4
-9
-7
-9
-8
-8
-15
-7
-17
-20
-11
-12
-15
-11
-11
-15
-14
-13
-15
-15
-15
-12
-7
-14
-13
-11
-9
-1
-3
1
-4
-2
5
0
3
5
8
6
8
13
4
-1
2
3
-7
-5
-6
-9
-2
-6
-5
-5
-9
-9
-14
-18
-14
-17
-14
-3
-5
-9
-8
-8
-8
-6
-7
-5
-4
-11
-8
2
4
-2
2
1
3
1
7
6
0
8
4
5
6
10
10
8
6
5
8
1
0
4
0
-1
-2
-1
-2
-2
8
8
5
7
8
6
7
9
4
11
9
5
8
3
4
8
4
7
12
12
11
16
23
24
17
10
16
12
8
7
4
5
4
6
2
3
11
11
12
11
3
4
5
3
3
2
0
-3
-1
3
-5
-3
-1
3
1
2
1
-4
-5
0
0
-3
6
2
15
18
9
14
11
5
3
3
1
2
-3
-3
-7
-4
-2
-8
-4
-9
-12
-7
-1
3
8
2
0
3
3
5
5
0
1
3
7
0
1
-5
-6
-2
-5
3
-4
2
2
0
3
4
2
2
0
0
1
2
2
-4
-2
3
-2
-6
-5
-7
-9
-5
-5
-1
1
-4
-5
-4
2
1
0
-2
0
-6
-3
-4
-11
1
-1
-3
1
-5
-2
-5
-4
-1
-8
3
8
11
7
-4
-1
-8
-10
-11
-13
-11
-14
-12
-7
-9
-10
-6
-8
-12
-10
-1
0
-1
-5
-5
-4
-7
0
0
8
7
3
6
6
10
3
-4
-11
-3
0
-1
-1
5
10
9
11
2
4
3
4
2
-8
-4
-4
-2
-2
-7
-8
-5
-11
-4
-2
-2
4
7
7
6
8
2
5
7
2
1
-4
2
4
-2
3
5
4
5
6
8
4
0
-1
-3
1
2
5
6
-1
-2
-6
-11
-5
-7
-13
-12
-14
-10
-6
-6
-4
-5
-9
-5
-2
1
0
4
5
5
8
7
1
7
12
8
9
6
5
3
3
8
14
14
9
10
8
10
4
5
5
5
3
0
-7
-3
-1
-8
-2
-4
-4
-3
-3
6
10
6
8
9
7
7
3
10
12
6
5
5
13
3
0
7
7
13
10
9
12
5
7
4
0
9
7
4
4
0
0
-2
-2
-3
-7
-1
-3
-5
-4
-2
0
-1
0
-2
0
-6
-2
1
-1
-1
1
-2
0
3
-5
0
1
-1
-1
-2
-5
1
2
1
-2
-5
-6
-5
-3
-8
-10
-13
-13
-14
-11
-14
-12
-16
-15
-12
-7
-7
-6
-3
-4
0
-5
-4
2
-1
-7
-2
-3
1
3
1
11
8
0
3
1
0
10
1
6
4
0
3
-6
3
3
-1
1
-3
-11
-2
-1
-6
-1
-3
0
-6
-9
-8
-6
-4
-1
6
1
5
1
-3
-1
-3
-3
-6
-2
0
1
-4
-5
0
-4
0
3
3
1
5
-3
1
-2
-7
-5
-6
-7
-12
-6
-17
-15
-13
-11
2
-6
-7
-4
-1
3
6
7
6
7
10
6
-1
-3
5
10
4
0
5
9
5
6
4
10
10
7
11
11
8
8
6
10
11
8
6
6
9
9
11
6
4
0
2
5
0
6
1
1
4
-2
3
7
4
9
6
8
3
7
13
6
10
3
4
3
3
-3
-6
-5
-5
-2
-5
-6
-9
-4
-7
-2
4
0
1
-2
-3
-7
0
-2
0
1
0
-1
-2
-1
-2
1
6
-1
-3
2
-2
1
7
2
-4
-5
-2
-2
-1
-5
-3
-6
-8
-4
-5
4
1
1
-5
-6
-10
-1
2
1
3
-2
2
-6
-4
-5
-3
-3
-2
-2
-3
-2
-5
5
6
12
12
10
14
7
7
0
4
6
1
-1
-8
-4
-3
1
1
2
0
-1
-4
-5
-8
-13
-13
-15
-8
-3
-4
-3
-2
1
2
3
3
-6
-13
-11
-8
0
-8
-5
-3
-3
-1
-2
3
-1
-3
-2
-5
-5
-8
-8
-3
-3
-1
4
2
9
10
4
1
7
4
3
4
3
0
-3
-4
-5
-1
-1
-1
-6
0
1
3
4
0
1
5
9
8
5
7
1
1
3
-3
3
-1
0
-3
2
-2
-2
3
6
9
-4
2
0
-2
-5
-4
-4
-4
-4
-4
-4
-5
-1
-6
-5
-2
-2
0
-1
0
-3
-11
-6
-10
-7
-7
-8
-6
0
-2
-8
-4
-8
-9
-5
-1
-3
-2
7
0
-2
-1
1
3
4
7
5
7
5
3
1
-1
4
7
7
8
7
17
11
9
16
7
8
9
3
7
10
8
11
10
8
14
12
11
12
9
12
7
8
1
5
8
1
6
9
8
12
9
-2
-8
-10
-5
-6
-6
-11
-5
-1
-2
-4
-8
-2
-6
-8
-9
-10
-10
-5
-5
-3
-2
-4
-3
2
-2
-2
1
2
4
3
4
-5
1
1
-4
2
7
6
1
4
7
0
0
0
1
1
-6
-2
-4
-4
-5
-8
-4
-6
-7
-9
-7
-3
-7
-10
-1
1
-1
2
-3
-5
-6
-4
-4
-2
-6
-9
-6
0
-1
-3
10
5
5
0
-2
-2
0
3
1
3
1
-1
1
1
1
-4
-10
-13
-7
-6
-7
-9
-6
1
-2
2
6
1
-1
2
-11
-11
-6
-6
-5
1
4
-1
-3
-4
-2
-7
-3
-3
-5
0
2
1
3
9
12
7
7
13
7
3
6
0
-6
0
-1
-6
2
6
3
-4
3
7
12
14
11
9
9
12
13
15
7
9
7
6
5
5
4
1
-4
-4
-3
-7
-4
1
0
0
5
4
0
2
-4
-6
6
4
-3
-3
-7
-7
-13
-11
0
3
-2
0
0
8
11
5
6
1
5
7
-1
-1
0
-5
-5
-1
-2
0
5
4
1
4
3
2
6
-3
4
-3
-4
1
-3
-1
0
0
4
2
1
-1
-12
-4
-7
-2
-2
0
3
5
5
3
10
7
9
1
5
7
2
7
3
6
2
3
6
-1
-1
4
0
-4
-3
-8
-7
-7
4
1
0
-1
0
2
2
3
2
0
-2
-3
-7
-3
-2
2
-2
1
7
6
7
5
3
4
1
5
2
1
-2
-7
-9
-15
-12
-13
-11
-12
-11
-8
-5
-5
-5
1
-2
0
-5
1
4
1
-3
-1
-2
-4
0
-3
-6
-5
-3
-10
-6
0
-2
0
-1
0
-2
0
-4
-6
-4
-3
2
-1
-2
-4
-9
-8
-12
-7
-2
3
2
0
5
7
11
7
9
8
6
9
1
-3
-7
4
-1
-9
-2
-3
-5
-3
-4
1
-4
3
13
9
11
9
10
5
6
9
10
3
-2
3
-1
-7
-6
-3
-9
-5
0
-7
-1
-8
-8
2
0
-4
-2
-7
0
5
2
1
-3
7
7
1
-1
1
-2
-5
-6
1
5
3
12
4
1
2
-1
-2
-5
-7
-11
-15
-20
-14
-11
-20
-19
-11
-7
-2
6
8
12
13
17
24
22
21
14
10
11
4
5
-2
-8
-1
-9
-12
-7
-9
-6
1
-2
-8
-3
1
4
3
-2
-4
-1
0
-2
0
-2
0
0
-3
-2
8
10
10
20
18
17
17
16
13
14
12
12
10
3
5
5
-5
-7
-6
-5
-5
2
4
-4
-7
-1
1
6
5
3
4
9
7
9
4
4
-2
-8
-1
-13
-11
-15
-17
-14
-20
-18
-17
-10
-12
-7
-4
-1
-2
-8
-6
-9
0
0
0
-2
-2
-1
-3
-4
-7
-1
-5
0
2
2
4
8
5
4
11
6
3
4
4
-2
-1
-8
-6
-1
-8
-11
-7
-5
-2
7
10
16
15
17
18
18
26
21
18
11
9
10
1
1
-10
-17
-14
-19
-23
-23
-23
-19
-20
-17
-21
-18
-13
-14
-14
-16
-6
-6
-5
-8
-10
-7
-6
-7
-4
-5
-5
2
1
0
9
8
11
8
6
10
10
9
4
10
8
5
4
2
2
6
4
3
8
11
16
17
19
26
29
30
30
23
12
6
7
-3
-8
-7
-19
-24
-21
-21
-27
-27
-27
-24
-18
-19
-7
-3
0
-3
-1
1
3
4
-1
-1
-2
4
5
4
7
2
10
17
16
16
17
23
26
26
20
14
9
7
-1
-7
-9
-17
-17
-21
-23
-22
-19
-18
-13
-9
-12
-4
6
10
8
16
24
14
21
24
24
21
14
18
16
13
6
2
9
7
5
8
10
13
11
9
11
4
2
8
-1
-6
-4
-5
-11
-8
-16
-22
-22
-17
-17
-20
-15
-17
-20
-22
-23
-19
-11
-16
-18
-16
-24
-28
-27
-28
-21
-19
-20
-16
-10
-11
-4
10
6
9
17
15
22
32
26
23
19
23
20
20
17
10
12
3
-3
-12
-9
-10
-7
1
-2
-3
2
10
14
18
23
26
30
35
38
44
36
39
40
32
31
33
27
21
18
9
5
5
-1
-9
-14
-30
-41
-54
-68
-70
-86
-93
-99
-107
-111
-113
-108
-115
-111
-103
-97
-84
-86
-76
-60
-50
-38
-34
-22
-16
-7
4
16
27
37
51
60
75
93
111
133
142
166
177
189
206
210
217
220
222
212
205
195
181
158
143
121
100
78
48
19
-9
-32
-63
-90
-111
-142
-165
-182
-218
-244
-262
-290
-304
-317
-330
-323
-322
-320
-309
-296
-270
-250
-223
-186
-153
-121
-94
-58
-25
10
42
66
98
125
148
168
194
215
236
261
283
311
331
352
362
377
381
383
375
369
362
336
309
279
249
206
169
131
93
55
5
-41
-77
-117
-152
-195
-233
-266
-299
-323
-355
-381
-392
-406
-411
-417
-409
-396
-389
-365
-336
-313
-278
-242
-213
-173
-132
-95
-62
-29
2
29
56
78
101
120
136
158
181
191
209
224
237
253
269
289
301
312
323
321
317
319
310
297
279
261
243
209
177
149
116
90
57
21
-9
-33
-64
-98
-123
-149
-182
-202
-227
-247
-254
-276
-285
-293
-294
-287
-278
-264
-242
-223
-199
-178
-154
-123
-100
-75
-57
-42
-27
-16
-6
7
12
13
17
14
20
20
22
27
37
45
45
56
60
69
79
86
92
99
103
102
108
105
113
116
114
117
117
119
122
126
128
131
127
127
120
118
106
85
79
64
54
37
20
6
-7
-20
-31
-48
-68
-74
-88
-98
-103
-105
-106
-105
-100
-102
-101
-95
-87
-83
-80
-69
-69
-55
-40
-33
-21
-18
-12
5
24
27
27
31
36
36
31
23
14
-6
-17
-35
-54
-63
-84
-97
-104
-111
-118
-113
-111
-109
-106
-103
-109
-106
-100
-103
-95
-101
-94
-81
-69
-47
-30
-9
20
54
79
111
143
167
188
208
221
234
250
256
257
260
253
252
246
235
229
216
199
179
162
133
114
95
70
51
34
23
8
-11
-29
-52
-56
-60
-76
-77
-83
-94
-100
-105
-108
-118
-126
-125
-135
-139
-151
-159
-164
-181
-196
-216
-234
-254
-268
-288
-301
-309
-312
-316
-312
-295
-279
-251
-223
-193
-163
-128
-99
-67
-37
-6
24
52
86
115
152
187
226
274
308
343
369
386
406
424
431
424
421
406
383
359
330
298
262
236
209
177
142
116
89
58
35
13
-17
-40
-58
-80
-92
-112
-119
-137
-147
-153
-163
-167
-182
-188
-192
-195
-201
-194
-194
-196
-195
-204
-191
-190
-192
-190
-195
-205
-209
-219
-228
-239
-245
-253
-259
-261
-269
-252
-238
-228
-205
-181
-152
-130
-98
-63
-39
-8
20
47
81
121
151
190
227
272
322
366
415
467
505
533
564
576
592
583
557
529
489
443
377
323
263
193
133
83
26
-28
-73
-113
-151
-184
-215
-242
-266
-287
-305
-321
-322
-322
-317
-313
-299
-274
-254
-232
-207
-179
-152
-134
-112
-95
-78
-67
-58
-48
-48
-50
-62
-69
-84
-100
-119
-136
-155
-180
-206
-223
-246
-266
-279
-283
-272
-263
-246
-222
-184
-145
-100
-52
-5
49
98
153
215
274
329
386
442
499
550
597
632
660
680
674
656
619
570
507
432
358
276
184
105
28
-46
-116
-178
-228
-270
-307
-344
-371
-391
-407
-429
-432
-419
-410
-393
-373
-327
-288
-246
-192
-129
-71
-27
23
70
101
129
149
154
158
148
140
132
111
91
68
30
-5
-57
-118
-170
-227
-291
-350
-394
-435
-455
-476
-469
-438
-404
-355
-293
-213
-127
-52
26
106
186
257
331
403
469
529
581
636
677
707
712
708
691
645
582
498
409
311
198
83
-26
-112
-197
-271
-325
-365
-385
-399
-405
-408
-401
-394
-381
-359
-331
-286
-252
-193
-122
-54
23
104
180
244
296
338
367
367
358
327
305
270
210
154
91
30
-45
-128
-201
-287
-373
-468
-561
-630
-702
-759
-794
-806
-790
-767
-707
-616
-523
-415
-288
-155
-15
118
247
370
477
582
677
774
864
923
979
1006
1020
1008
964
899
808
692
552
411
266
116
-33
-175
-291
-386
-464
-530
-572
-598
-617
-631
-618
-597
-571
-537
-493
-423
-347
-261
-163
-56
48
156
251
344
421
466
498
513
504
457
400
336
253
164
59
-39
-134
-237
-335
-437
-530
-619
-695
-770
-828
-867
-890
-886
-852
-787
-695
-579
-433
-265
-76
120
303
486
661
819
956
1065
1143
1196
1227
1236
1218
1171
1082
959
815
649
461
254
33
-176
-390
-588
-738
-845
-926
-983
-998
-994
-961
-905
-841
-765
-684
-597
-502
-372
-225
-68
91
264
450
624
788
908
1004
1046
1038
989
905
778
625
443
252
69
-100
-255
-401
-530
-657
-754
-835
-900
-966
-1026
-1078
-1103
-1097
-1072
-1007
-918
-795
-631
-421
-183
67
305
549
778
983
1148
1284
1390
1445
1468
1468
1449
1403
1319
1176
994
760
504
221
-73
-383
-676
-918
-1113
-1229
-1284
-1278
-1228
-1152
-1048
-926
-808
-703
-621
-546
-454
-332
-187
-8
205
439
672
918
1154
1338
1462
1493
1454
1339
1150
906
612
292
-32
-344
-618
-838
-1022
-1174
-1298
-1361
-1392
-1410
-1407
-1399
-1375
-1322
-1258
-1153
-997
-806
-588
-332
-28
291
616
912
1187
1441
1640
1797
1914
1996
2015
1988
1937
1839
1697
1490
1199
828
398
-48
-511
-958
-1375
-1721
-1958
-2081
-2081
-1963
-1762
-1522
-1272
-1036
-790
-582
-430
-321
-222
-96
65
274
559
889
1227
1548
1846
2104
2247
2248
2089
1811
1429
962
436
-94
-603
-1073
-1446
-1721
-1869
-1939
-1950
-1926
-1871
-1782
-1685
-1602
-1532
-1431
-1306
-1141
-896
-589
-224
169
573
996
1411
1776
2047
2217
2308
2334
2284
2175
2043
1874
1687
1488
1265
1031
734
356
-135
-657
-1162
-1645
-2088
-2452
-2665
-2716
-2595
-2346
-1941
-1449
-979
-565
-194
158
425
547
601
668
770
906
1101
1395
1726
2023
2250
2448
2565
2501
2180
1672
1065
357
-419
-1179
-1835
-2374
-2786
-3009
-2991
-2784
-2480
-2156
-1815
-1477
-1180
-966
-813
-697
-614
-530
-379
-107
239
633
1050
1484
1889
2231
2463
2556
2487
2274
1982
1662
1332
1021
764
579
432
315
195
41
-230
-646
-1082
-1511
-1894
-2260
-2493
-2512
-2351
-2040
-1583
-983
-372
130
513
842
1081
1145
1055
947
900
907
966
1174
1497
1798
2008
2138
2203
2095
1713
1081
354
-450
-1283
-2058
-2640
-3006
-3173
-3125
-2827
-2317
-1747
-1215
-801
-464
-273
-230
-297
-390
-471
-520
-454
-213
187
661
1138
1567
1938
2185
2248
2116
1837
1449
1034
641
374
280
327
458
627
819
929
841
493
-17
-604
-1245
-1882
-2380
-2597
-2558
-2324
-1881
-1195
-445
165
575
868
1046
988
722
439
283
233
285
571
1112
1705
2179
2507
2718
2696
2283
1506
562
-426
-1450
-2381
-3014
-3273
-3268
-3040
-2550
-1829
-1087
-517
-155
49
63
-159
-470
-737
-890
-939
-801
-429
143
768
1315
1744
2050
2136
1957
1586
1100
579
103
-210
-322
-181
161
620
1092
1509
1759
1687
1226
435
-456
-1324
-2104
-2735
-2996
-2813
-2325
-1652
-838
49
723
986
941
807
566
134
-366
-580
-411
31
680
1576
2563
3288
3555
3444
3084
2314
1101
-383
-1707
-2703
-3365
-3631
-3422
-2821
-2072
-1315
-569
85
411
274
-223
-763
-1258
-1614
-1784
-1625
-1162
-474
350
1205
1988
2422
2427
2060
1558
977
386
-221
-654
-738
-484
-36
536
1262
1930
2296
2289
2140
1792
972
-378
-1615
-2335
-2693
-2964
-2869
-2112
-1157
-451
83
778
1222
881
3
-591
-753
-897
-1111
-834
68
1103
2024
2984
3969
4348
3792
2650
1535
440
-852
-2214
-3116
-3370
-3216
-2760
-1953
-941
-231
-35
-118
-142
-288
-778
-1399
-1735
-1676
-1360
-779
37
861
1369
1536
1534
1406
976
251
-479
-929
-1030
-831
-343
278
891
1343
1647
1795
1790
1624
1337
1067
904
903
814
514
-78
-635
-1064
-1441
-1891
-2191
-2171
-2005
-1759
-1322
-558
49
225
157
368
679
740
570
611
935
1319
1752
2359
2981
3038
2493
1651
881
-25
-1097
-2239
-3005
-3298
-3138
-2612
-1821
-936
-310
37
172
340
308
-4
-556
-896
-942
-777
-538
-174
204
373
370
281
244
24
-307
-597
-502
-168
210
467
786
1140
1378
1402
1425
1686
1925
1957
1909
2125
2064
1185
-425
-1664
-2407
-3141
-3969
-4016
-3075
-2104
-1380
-366
1143
1894
1428
594
483
550
158
-269
120
1008
1708
2365
3338
4126
3756
2370
784
-350
-1449
-2607
-3498
-3528
-2953
-2101
-1068
98
980
1019
485
-85
-284
-606
-1082
-1400
-1189
-713
-239
194
434
296
-351
-1030
-1407
-1418
-1378
-1190
-646
298
1357
2151
2425
2212
1723
1116
604
389
633
1134
1816
2469
3181
3436
2599
349
-2336
-4284
-5473
-6145
-6124
-4605
-2405
-211
1570
3397
4494
3855
1831
-41
-830
-1372
-1700
-1386
27
1614
3042
4190
4954
4544
2695
151
-1962
-3076
-3557
-3555
-3022
-1718
-133
1279
2026
2166
1478
107
-1509
-2413
-2404
-1990
-1518
-940
-58
578
775
324
-421
-1480
-2426
-2798
-2340
-1270
-117
1052
2077
2918
3184
2770
1906
928
174
-242
13
893
2124
3166
3732
3906
3178
1160
-2192
-5101
-6616
-6927
-6648
-5133
-2103
943
2983
3974
4790
4294
2040
-940
-2350
-2310
-2049
-1594
-177
1858
3071
3521
3591
3342
1799
-513
-2497
-2921
-2330
-1366
-408
773
1865
2260
1926
1024
-30
-1516
-2798
-3353
-2433
-1066
125
806
1216
964
-58
-1200
-2301
-3219
-3924
-3500
-2102
-172
1450
2726
3427
3351
2609
1566
438
-621
-1150
-840
61
1367
2898
4236
4661
4144
3023
907
-2314
-5709
-7159
-6834
-5677
-4157
-1284
2044
4078
4392
4113
3510
1354
-1672
-3604
-3179
-2124
-1233
-218
1494
2632
2702
2246
1894
1211
-238
-1564
-1780
-590
695
1592
1957
2339
2101
1188
-140
-1173
-1984
-2717
-2869
-2039
-529
414
789
622
-46
-1375
-2456
-2921
-3081
-3000
-2157
-487
1068
2026
2596
2854
2324
1152
327
32
-176
-325
201
1174
1961
2548
3065
3271
2631
1450
-386
-2625
-4946
-5849
-5181
-3768
-2365
-376
2151
3722
3889
3171
2426
755
-1318
-2799
-2450
-1441
-747
-412
245
1023
1065
733
345
354
67
-70
90
1133
2242
2665
2357
1992
1754
831
-643
-1971
-2307
-2288
-2116
-1578
-486
335
322
-92
-587
-1258
-2221
-2778
-2632
-1990
-1172
-119
1002
1583
1661
1578
1461
933
457
261
424
581
884
1295
1680
2039
2258
2451
2227
1567
-92
-2242
-4526
-5406
-4808
-3462
-2263
-563
1782
3371
3709
3130
2474
797
-1296
-2818
-2500
-1537
-906
-626
44
815
933
726
508
447
85
35
327
1242
2029
2409
2130
1785
1489
830
-382
-1712
-2239
-2107
-1668
-1261
-565
14
152
-196
-677
-1050
-1606
-2174
-2413
-1863
-930
-46
636
956
1143
1035
987
721
792
824
824
887
1165
1568
1513
1645
1613
1983
1914
1673
452
-1298
-3445
-5034
-4968
-3938
-2401
-1184
910
2582
3622
3236
2403
1002
-771
-2323
-2965
-2077
-1150
-310
-7
762
1045
1045
587
298
241
286
551
859
1669
2105
2163
1588
1345
947
50
-1316
-2117
-1875
-1395
-1040
-815
-229
28
-192
-902
-1457
-1649
-1829
-2007
-1789
-819
218
780
743
593
586
438
175
240
920
1489
1778
2082
2392
2452
2289
2295
2191
1954
1126
-625
-3185
-5291
-5536
-4413
-2945
-1729
246
2340
3347
2786
1912
1056
-731
-2565
-3060
-1660
-475
90
365
1066
1257
613
-96
-454
-423
-582
-75
732
1807
2228
2253
1978
1714
1432
668
-323
-1430
-1730
-1529
-977
-665
-450
-438
-668
-969
-1394
-1509
-1510
-1441
-1591
-1372
-688
-16
154
-62
99
388
527
486
973
1661
2005
2044
2163
2330
2167
2009
2089
2232
1868
580
-1675
-4159
-5362
-4676
-3148
-1830
-448
1530
3010
3001
1938
1063
-103
-1927
-3067
-2187
-280
518
489
556
1066
723
-110
-691
-545
-378
-265
399
1332
1978
1582
1115
840
997
832
452
-44
-348
-372
-384
-198
-257
-504
-1016
-1220
-1391
-1526
-1398
-1145
-1053
-1210
-1118
-921
-764
-885
-887
-425
126
451
732
1432
1993
2296
2439
2506
2413
2261
2351
2339
2201
1231
-771
-3518
-5292
-5038
-3539
-1995
-682
1183
2817
3229
2080
831
-226
-1691
-3039
-2711
-705
818
1078
771
805
593
-160
-989
-1065
-481
4
409
1005
1600
1356
606
163
344
634
714
650
589
581
323
-108
-383
-651
-1194
-1336
-742
-419
-747
-769
-386
-385
-1036
-1624
-1726
-1519
-1546
-1529
-695
354
657
568
1281
2111
2293
1952
1950
2318
2675
2781
2581
2253
672
-2267
-5090
-5196
-3650
-2221
-1172
675
2752
3352
2429
815
-141
-1382
-2639
-2834
-866
962
1098
543
367
344
-485
-1236
-1452
-603
160
617
966
1461
1178
-85
-726
-280
463
665
969
1348
1442
1037
384
-9
-402
-1109
-1605
-1042
-261
-382
-500
-160
-68
-845
-1456
-1591
-1375
-1301
-1321
-806
-68
304
129
549
1273
1768
1810
2013
2487
2813
2972
2805
2484
1296
-1012
-3991
-5353
-4408
-2645
-1246
257
2216
3290
2861
1321
46
-925
-2034
-2655
-1683
331
1260
1046
567
418
-142
-887
-1254
-854
-37
466
785
914
891
-39
-1081
-1280
-451
358
845
1244
1336
1154
436
-192
-558
-698
-1158
-1011
-149
341
146
140
250
-332
-1165
-1624
-1455
-1244
-1227
-1161
-573
-168
-344
-310
497
1288
1678
2025
2555
3026
3251
3204
2785
1945
25
-2720
-5079
-5163
-3610
-1754
-209
1517
2875
2924
1723
210
-798
-1732
-2388
-1911
-60
1546
1855
1288
536
-121
-821
-1263
-1190
-478
316
767
960
845
250
-818
-1489
-1238
-357
508
1068
1223
864
429
-58
-368
-562
-632
-604
9
615
481
255
222
-160
-930
-1294
-1317
-1157
-1076
-1231
-1234
-902
-839
-897
-271
852
1583
2120
2493
2758
2838
2939
2718
2191
1217
-566
-2789
-4461
-4373
-2950
-1057
353
1582
2415
2255
999
-242
-1021
-1787
-2037
-1051
649
1805
1907
1200
179
-602
-1190
-1366
-943
-161
605
1163
1287
776
-25
-1005
-1597
-1314
-374
506
1024
1002
435
51
-38
-159
-479
-445
-13
623
782
464
236
63
-655
-1398
-1307
-821
-796
-1030
-1068
-998
-1106
-1374
-1229
-297
994
1910
2593
3068
3065
2649
2381
2139
1522
488
-996
-2631
-3783
-3593
-2132
-398
556
1067
1678
1593
492
-487
-815
-1148
-1269
-370
919
1612
1223
349
-514
-887
-1187
-1093
-403
495
1027
1171
998
204
-746
-1557
-1603
-875
315
1027
1207
881
192
-378
-525
-511
-675
-394
420
1293
1245
596
54
-192
-824
-1339
-1109
-655
-696
-960
-1187
-1431
-1608
-1754
-1423
-191
1474
2385
2828
3081
2872
2242
1812
1508
1194
722
-340
-1554
-2296
-2482
-2062
-907
-45
264
822
1217
501
-317
-483
-707
-880
-167
620
804
584
114
-620
-879
-865
-792
-97
909
1375
1251
929
-157
-1162
-1525
-1286
-780
358
1163
1184
768
87
-665
-985
-838
-783
-186
868
1575
1315
842
318
-245
-852
-1212
-1119
-817
-762
-1079
-1369
-1717
-2087
-2181
-1455
24
1577
2506
2883
2944
2526
1798
1254
1071
1062
934
398
-290
-865
-1576
-2084
-1602
-777
-373
166
1033
963
250
-220
-418
-711
-596
-253
-67
190
280
-2
-355
-280
-239
88
672
1058
1001
641
-161
-959
-1019
-828
-554
187
915
770
181
-397
-1017
-1246
-1036
-690
54
1136
1660
1532
1228
412
-528
-903
-986
-1201
-1049
-745
-888
-1304
-1764
-2154
-1989
-1028
138
1249
2327
2839
2487
1786
1173
765
793
1217
1486
1421
956
-80
-1407
-2161
-1995
-1513
-867
-5
1063
1266
555
-227
-490
-788
-1055
-741
-265
165
463
542
101
-157
-162
-48
265
803
1099
752
97
-527
-728
-790
-572
-33
596
598
64
-628
-1024
-1097
-898
-439
411
1192
1544
1313
840
305
-156
-652
-1073
-1017
-696
-595
-881
-1182
-1560
-1876
-1776
-1003
110
1158
1928
2203
1970
1394
860
719
1094
1646
1963
1834
1122
-197
-1494
-2048
-1697
-1251
-649
319
1305
951
-79
-617
-587
-919
-1119
-680
-176
131
292
356
29
-237
-335
-53
493
1031
1212
929
359
-235
-549
-693
-474
42
365
79
-402
-862
-1273
-1312
-862
-329
234
784
1082
907
669
443
238
-111
-340
-342
-283
-555
-948
-1187
-1516
-1812
-1658
-845
70
821
1221
1340
1220
990
664
673
1176
1778
1972
1731
1003
-157
-1145
-1417
-1178
-796
-121
759
1129
505
-335
-655
-703
-953
-890
-417
-94
-153
-132
-99
-225
-413
-375
49
681
1077
1067
902
463
-82
-422
-358
-153
279
459
278
-118
-592
-1328
-1580
-1138
-592
-267
124
512
534
457
341
337
205
48
-225
-237
-279
-499
-861
-1074
-1114
-1001
-560
-10
468
622
613
518
438
344
432
894
1403
1542
1242
677
-34
-480
-519
-326
129
750
1136
935
444
-66
-388
-524
-582
-527
-474
-514
-681
-734
-778
-821
-775
-565
-135
412
761
760
601
322
76
110
366
651
892
975
747
354
-186
-850
-1198
-1130
-939
-811
-556
-298
-147
2
126
211
139
-56
-384
-469
-344
-244
-274
-320
-340
-392
-251
-58
137
213
233
225
297
494
621
786
889
980
716
282
-65
-37
88
230
623
979
1029
849
688
392
165
59
-83
-311
-484
-667
-878
-968
-1005
-1034
-929
-704
-368
-5
223
132
-46
-139
-158
87
516
919
1098
1238
1163
704
-54
-671
-874
-837
-862
-912
-682
-440
-359
-348
-195
-86
-119
-290
-424
-383
-258
-269
-305
-258
-309
-470
-406
-193
27
235
436
540
713
953
918
680
435
277
28
-28
138
397
507
666
746
716
658
657
644
563
592
552
336
-107
-441
-758
-983
-1136
-1102
-968
-737
-501
-359
-276
-382
-544
-576
-383
-154
181
632
995
1181
1313
1249
778
94
-388
-613
-766
-927
-862
-578
-386
-482
-539
-434
-347
-360
-376
-372
-364
-405
-496
-464
-405
-486
-581
-364
-65
174
450
813
1035
1139
1117
862
489
197
27
47
243
420
485
496
457
375
405
510
644
717
760
736
670
370
-80
-456
-715
-957
-1064
-925
-702
-520
-464
-515
-670
-772
-834
-670
-407
-124
180
621
952
1118
1259
1215
800
224
-180
-480
-659
-712
-592
-415
-367
-476
-524
-465
-478
-490
-476
-470
-480
-474
-487
-536
-522
-538
-491
-326
-28
228
587
988
1351
1460
1313
983
655
365
154
219
411
488
322
200
53
65
164
353
468
699
791
676
513
258
-140
-556
-685
-773
-669
-614
-471
-442
-457
-730
-904
-908
-855
-725
-392
-45
179
479
742
921
1003
1006
754
415
35
-263
-442
-410
-336
-215
-230
-321
-393
-366
-392
-447
-466
-507
-529
-552
-667
-885
-904
-754
-601
-424
-33
352
694
1073
1465
1574
1459
1148
819
500
372
339
374
301
126
2
-127
-77
60
257
306
465
486
376
221
109
-133
-400
-483
-557
-553
-472
-309
-288
-331
-555
-732
-749
-647
-529
-272
-9
133
242
417
524
548
564
471
255
-46
-219
-279
-195
-162
-152
-183
-209
-262
-251
-210
-248
-299
-373
-519
-707
-918
-1118
-1162
-993
-817
-588
-139
365
743
1118
1477
1543
1392
1078
790
514
416
421
469
410
200
-32
-187
-95
65
229
279
408
435
292
70
-42
-199
-422
-530
-544
-468
-344
-185
-158
-180
-325
-492
-532
-338
-147
12
175
240
241
301
395
409
405
323
151
-72
-192
-234
-199
-149
-171
-228
-250
-202
-147
-123
-161
-157
-220
-466
-792
-1085
-1291
-1320
-1131
-874
-506
-49
397
766
1093
1320
1306
1217
1074
869
619
541
546
534
394
228
75
-1
70
237
413
480
525
475
287
12
-180
-345
-493
-540
-498
-415
-317
-190
-134
-194
-393
-544
-480
-244
-30
127
233
257
243
233
212
225
273
227
65
-72
-151
-215
-210
-176
-100
-68
-66
-37
8
-46
-143
-157
-260
-570
-966
-1216
-1387
-1376
-1162
-846
-525
-146
235
540
835
1022
1104
1155
1152
971
794
701
604
455
320
180
93
92
229
449
648
687
616
491
221
-117
-349
-406
-504
-495
-409
-290
-302
-240
-201
-277
-451
-523
-394
-170
69
165
211
176
146
56
21
20
72
58
-31
-122
-182
-278
-308
-196
-33
76
121
123
90
57
-21
-113
-265
-558
-976
-1258
-1373
-1318
-1127
-867
-639
-345
11
328
566
772
950
1096
1174
1120
958
714
499
345
273
215
239
319
456
630
784
782
652
453
191
-115
-354
-441
-472
-407
-346
-312
-340
-288
-243
-306
-420
-428
-309
-89
147
248
247
220
154
9
-74
-111
-127
-135
-111
-151
-258
-349
-321
-202
-64
55
115
114
110
156
64
-74
-217
-452
-784
-1053
-1172
-1214
-1094
-903
-699
-490
-170
70
242
443
676
867
1018
1130
1036
777
468
318
284
366
472
602
729
853
909
864
722
490
263
17
-167
-284
-288
-343
-404
-465
-498
-537
-476
-395
-377
-322
-167
19
155
249
272
282
219
106
-37
-111
-163
-203
-162
-124
-173
-262
-257
-151
-21
78
87
67
81
78
7
-69
-217
-451
-710
-931
-1053
-1091
-997
-867
-716
-581
-375
-154
65
265
513
745
923
1035
1009
781
490
319
279
382
523
700
816
955
965
897
710
505
305
178
86
-28
-124
-257
-411
-575
-660
-725
-659
-533
-390
-275
-125
-17
37
114
163
134
58
-21
-74
-100
-137
-174
-150
-102
-132
-177
-190
-104
20
91
87
96
109
102
43
-66
-278
-550
-747
-885
-980
-1005
-961
-887
-772
-656
-496
-292
-55
164
430
663
812
877
870
738
523
357
287
368
529
707
771
839
843
751
587
454
352
272
240
160
63
-143
-381
-592
-684
-724
-683
-533
-362
-207
-121
-47
-22
45
65
63
42
25
-21
-82
-149
-239
-257
-253
-227
-207
-120
-45
38
121
170
176
178
173
89
-45
-232
-448
-657
-778
-813
-839
-872
-863
-767
-629
-522
-381
-171
48
255
435
599
705
722
678
636
585
494
437
494
618
709
755
783
756
664
562
447
330
243
220
175
-16
-278
-500
-572
-613
-538
-448
-338
-219
-103
0
73
123
117
129
130
111
31
-51
-183
-323
-442
-457
-398
-263
-86
58
135
172
240
289
296
263
186
29
-168
-385
-565
-720
-787
-819
-873
-890
-815
-704
-570
-415
-276
-139
25
209
399
589
684
703
729
723
619
530
549
617
680
765
785
753
705
631
502
381
298
245
194
84
-92
-283
-412
-496
-534
-516
-466
-397
-254
-94
41
105
111
81
73
49
-26
-176
-340
-463
-517
-524
-472
-273
-52
118
201
270
319
370
354
296
187
36
-135
-332
-511
-688
-801
-881
-906
-880
-804
-739
-624
-473
-354
-255
-107
79
308
556
705
731
737
735
669
600
610
658
698
764
779
729
637
531
400
312
254
188
143
86
-26
-206
-356
-471
-521
-525
-514
-458
-304
-103
70
166
178
110
20
-37
-105
-214
-363
-448
-491
-504
-469
-342
-163
-2
129
231
302
342
384
341
240
88
-68
-262
-435
-566
-678
-738
-752
-705
-669
-650
-598
-490
-403
-340
-236
-42
202
421
573
661
688
671
662
687
733
744
754
783
761
657
520
401
321
254
192
145
120
62
-17
-117
-254
-385
-453
-453
-420
-350
-225
-50
110
210
209
144
31
-61
-153
-245
-323
-373
-401
-399
-405
-377
-294
-158
17
184
294
345
362
278
156
15
-106
-255
-369
-460
-553
-651
-662
-594
-560
-532
-514
-497
-489
-440
-337
-140
72
243
371
505
611
656
708
760
786
796
818
811
754
672
587
478
383
313
267
239
209
148
60
-39
-148
-251
-308
-314
-309
-262
-178
-68
31
108
135
109
8
-130
-239
-300
-292
-293
-323
-360
-379
-364
-304
-182
-26
155
275
313
287
223
115
-42
-193
-340
-447
-528
-567
-583
-590
-594
-608
-611
-610
-608
-577
-472
-313
-129
22
149
282
440
583
672
729
780
865
929
915
843
738
644
540
444
357
294
242
187
120
46
-16
-55
-93
-157
-210
-218
-202
-174
-148
-129
-95
-48
-3
0
-41
-121
-208
-285
-318
-353
-382
-377
-361
-329
-296
-205
-80
85
225
268
217
150
43
-98
-241
-351
-432
-495
-519
-527
-522
-555
-581
-577
-581
-605
-547
-409
-241
-89
27
92
183
328
454
577
715
834
905
927
899
808
705
608
520
438
340
256
193
139
55
18
-8
-45
-87
-109
-140
-131
-109
-104
-135
-168
-155
-127
-58
-26
-49
-112
-177
-253
-296
-327
-325
-311
-297
-279
-240
-133
-17
105
185
215
167
92
30
-42
-151
-255
-342
-399
-430
-421
-392
-397
-438
-467
-494
-492
-426
-296
-155
-56
9
42
109
225
359
495
656
777
859
870
835
769
691
610
537
487
427
356
274
204
107
51
17
-6
-30
-61
-102
-114
-91
-108
-148
-187
-191
-194
-167
-137
-145
-175
-206
-253
-314
-362
-378
-353
-313
-268
-196
-92
1
79
135
145
119
74
28
-38
-125
-209
-271
-314
-330
-331
-338
-355
-378
-418
-443
-428
-368
-258
-154
-61
9
62
120
185
292
442
588
716
796
796
752
676
612
540
508
503
473
410
341
241
124
58
35
17
-14
-47
-88
-98
-126
-175
-241
-274
-303
-319
-293
-257
-258
-295
-297
-317
-355
-376
-354
-342
-310
-233
-143
-58
13
59
73
58
34
-2
-44
-94
-153
-211
-263
-300
-334
-340
-321
-319
-353
-367
-386
-358
-274
-173
-74
14
107
159
206
265
361
479
579
655
697
699
654
582
504
443
415
399
370
332
276
178
80
35
13
-18
-22
-19
-51
-89
-123
-188
-248
-270
-286
-303
-291
-264
-275
-314
-338
-362
-389
-399
-382
-343
-269
-149
-35
55
96
106
100
96
98
93
54
-13
-81
-154
-218
-264
-295
-298
-276
-274
-287
-298
-275
-223
-147
-70
19
114
210
278
330
380
456
533
588
639
647
612
559
483
413
364
319
295
275
243
182
125
67
24
-11
-39
-63
-83
-86
-105
-128
-151
-181
-221
-257
-267
-256
-272
-283
-332
-382
-411
-408
-394
-359
-288
-205
-111
-24
64
118
159
183
187
186
172
130
83
13
-45
-127
-194
-218
-229
-241
-263
-268
-274
-256
-207
-147
-72
40
139
219
282
336
397
467
514
535
538
536
516
468
411
357
327
274
217
181
167
136
106
49
-24
-86
-134
-170
-186
-184
-186
-190
-184
-190
-213
-230
-232
-248
-273
-305
-360
-394
-392
-372
-369
-324
-266
-201
-126
-51
24
82
132
152
142
120
109
94
51
1
-58
-134
-187
-220
-234
-267
-278
-277
-285
-257
-212
-145
-49
74
174
251
315
378
443
490
510
509
495
478
430
382
346
296
249
206
180
147
129
98
54
-14
-94
-153
-190
-225
-245
-235
-225
-205
-170
-143
-138
-166
-204
-240
-269
-318
-357
-366
-381
-397
-403
-363
-295
-225
-146
-57
11
76
133
149
151
148
142
123
92
37
-18
-73
-121
-157
-194
-222
-234
-226
-228
-223
-170
-79
23
144
247
323
374
422
484
507
511
513
513
473
416
357
312
266
227
202
178
172
167
139
90
21
-62
-124
-183
-218
-238
-231
-195
-144
-98
-67
-69
-100
-129
-181
-237
-267
-276
-307
-346
-376
-382
-344
-288
-232
-173
-90
-2
65
102
117
119
119
125
125
114
82
49
3
-48
-104
-141
-144
-142
-152
-155
-144
-96
-14
83
173
249
309
340
373
400
411
412
415
405
379
329
278
218
169
159
152
154
154
141
83
23
-31
-93
-158
-187
-202
-222
-197
-140
-86
-40
-18
-28
-64
-113
-159
-203
-227
-252
-296
-356
-411
-442
-438
-391
-341
-282
-221
-159
-102
-49
1
21
46
65
91
105
105
91
60
20
-14
-32
-37
-30
-28
-22
4
36
75
141
206
253
279
282
265
260
266
277
283
284
265
218
170
147
130
122
147
161
139
93
40
-28
-84
-120
-170
-202
-209
-203
-169
-123
-78
-36
-29
-30
-47
-89
-110
-154
-198
-251
-311
-363
-409
-423
-419
-408
-379
-327
-271
-210
-142
-68
-11
35
62
83
113
145
158
134
107
78
61
54
66
70
74
92
122
154
190
242
281
303
292
259
239
227
238
256
245
217
180
154
132
120
110
113
122
116
81
29
-24
-73
-128
-180
-214
-222
-212
-191
-164
-135
-100
-69
-50
-52
-53
-74
-108
-144
-183
-231
-272
-300
-328
-353
-374
-358
-329
-278
-212
-146
-78
-16
30
69
102
144
183
205
205
193
181
160
139
130
130
125
140
169
190
214
246
273
266
233
225
207
191
191
194
187
156
125
99
90
79
72
73
78
65
49
33
-10
-58
-108
-147
-160
-171
-162
-153
-158
-140
-103
-85
-75
-46
-42
-43
-55
-87
-126
-150
-164
-200
-240
-258
-274
-283
-265
-237
-190
-122
-71
-28
10
41
83
123
169
179
180
193
195
186
173
151
132
127
134
147
157
177
187
179
160
137
109
92
84
66
40
20
13
-7
-20
-24
-34
-49
-55
-54
-57
-42
-32
-49
-80
-108
-135
-147
-131
-115
-116
-117
-109
-106
-84
-63
-46
-34
-25
-28
-52
-71
-98
-135
-174
-213
-241
-248
-227
-210
-197
-164
-120
-66
-18
31
73
101
140
165
186
201
213
214
213
192
163
137
126
129
117
109
96
74
66
59
43
34
18
-8
-31
-32
-33
-25
-17
-17
-30
-51
-61
-90
-93
-89
-82
-70
-63
-61
-82
-94
-87
-93
-86
-62
-54
-49
-28
-16
-8
0
16
34
30
19
-12
-43
-80
-131
-168
-185
-188
-190
-179
-155
-128
-89
-31
23
67
117
147
168
191
212
233
229
232
222
202
200
194
184
169
153
116
89
84
61
47
39
18
-13
-42
-54
-62
-63
-52
-49
-51
-49
-50
-65
-80
-84
-93
-100
-71
-37
-25
-3
1
-19
-25
-7
20
41
51
60
47
51
62
71
100
116
101
60
21
-23
-74
-105
-132
-157
-180
-185
-183
-176
-136
-102
-66
-17
35
75
112
152
181
187
180
179
172
174
182
172
161
142
109
75
50
33
20
4
-28
-60
-84
-100
-105
-112
-117
-116
-122
-126
-113
-104
-98
-96
-104
-120
-116
-92
-59
-22
3
16
22
27
36
60
85
95
101
99
98
105
118
121
111
93
62
30
-11
-46
-86
-133
-161
-178
-190
-195
-193
-175
-155
-131
-98
-48
2
44
69
77
76
77
75
77
72
70
67
59
53
37
28
18
5
-10
-36
-53
-69
-80
-67
-88
-110
-118
-128
-128
-122
-113
-101
-85
-68
-67
-64
-50
-29
-1
29
63
89
116
133
150
137
136
145
135
142
144
139
128
111
83
54
34
13
-14
-50
-83
-117
-153
-154
-159
-166
-167
-156
-143
-118
-77
-36
10
46
75
81
90
96
88
82
67
58
37
38
40
30
23
8
-11
-33
-41
-53
-58
-47
-43
-49
-61
-73
-84
-81
-64
-54
-39
-25
-11
0
11
18
33
53
81
113
135
164
181
182
184
166
160
158
163
156
136
116
88
62
40
16
-16
-39
-66
-106
-141
-159
-182
-193
-191
-193
-189
-174
-145
-109
-73
-27
13
42
72
92
100
95
82
65
48
36
34
30
26
15
-7
-16
-24
-31
-34
-35
-38
-38
-35
-47
-47
-49
-57
-55
-49
-32
-17
-5
12
17
23
34
61
93
121
158
176
190
192
183
183
174
164
144
124
100
61
43
24
0
-23
-52
-77
-113
-149
-171
-194
-209
-227
-241
-241
-231
-207
-188
-157
-124
-84
-39
2
35
56
69
68
55
41
36
25
9
3
-11
-28
-30
-31
-33
-37
-38
-53
-57
-52
-44
-31
-21
-13
-24
-30
-18
-8
20
38
45
49
50
61
76
88
114
132
148
160
159
163
153
150
126
98
83
56
38
27
9
-16
-41
-58
-78
-92
-106
-123
-149
-165
-186
-202
-208
-205
-189
-177
-156
-143
-121
-91
-67
-42
-23
-2
-4
-1
8
6
4
-3
-7
-13
-8
-5
0
8
13
20
21
15
20
23
21
33
36
35
36
41
48
48
51
55
62
64
76
91
95
114
124
140
156
152
159
159
151
134
118
102
87
72
56
36
8
-7
-17
-30
-32
-48
-75
-100
-123
-145
-156
-164
-159
-150
-143
-130
-115
-104
-80
-60
-45
-20
-1
14
25
33
28
15
9
0
-3
6
14
21
26
31
36
42
54
59
66
72
80
84
93
101
101
89
82
79
65
71
74
68
67
65
64
76
87
91
89
92
87
86
79
66
53
32
18
1
-20
-32
-39
-42
-47
-54
-69
-95
-107
-135
-157
-166
-183
-186
-182
-183
-186
-190
-173
-160
-139
-107
-83
-58
-42
-31
-18
-7
-5
3
5
5
5
10
20
26
39
53
70
81
81
91
97
104
115
111
116
124
118
116
112
99
94
85
79
69
61
65
68
66
53
48
42
36
39
22
8
-5
-20
-36
-57
-69
-85
-97
-103
-117
-122
-121
-125
-141
-162
-188
-204
-211
-208
-202
-207
-214
-216
-218
-207
-187
-168
-140
-113
-96
-76
-53
-35
-16
-3
7
9
13
29
47
66
82
94
106
116
125
133
142
150
153
159
164
169
176
177
172
157
150
155
155
154
150
145
130
116
112
100
100
99
91
81
60
43
31
20
2
-14
-35
-52
-62
-75
-80
-91
-99
-120
-139
-155
-170
-178
-187
-188
-198
-209
-217
-219
-216
-211
-187
-166
-139
-109
-80
-49
-31
-3
16
36
54
65
75
86
93
98
108
118
128
136
139
139
134
142
148
152
158
161
162
160
155
149
146
141
140
135
133
126
120
114
107
99
82
76
60
48
38
24
4
-24
-50
-81
-92
-105
-117
-119
-132
-130
-137
-143
-148
-164
-170
-175
-185
-194
-189
-192
-202
-209
-213
-213
-193
-160
-134
-95
-64
-42
-23
-7
13
28
47
63
67
77
91
104
109
113
118
124
125
136
146
149
154
147
139
135
128
132
132
125
117
101
100
91
81
74
67
55
40
38
24
17
17
3
-14
-26
-48
-66
-84
-97
-107
-117
-127
-138
-139
-143
-146
-147
-158
-159
-160
-168
-168
-169
-172
-184
-193
-196
-192
-175
-153
-129
-105
-84
-59
-38
-16
3
24
45
53
62
66
80
87
92
103
106
117
127
140
143
144
145
141
145
141
141
138
137
125
109
102
91
89
83
75
66
53
42
35
27
19
14
-1
-9
-15
-22
-36
-51
-66
-85
-86
-90
-99
-95
-91
-92
-96
-104
-111
-112
-115
-114
-116
-124
-130
-135
-136
-141
-140
-133
-119
-105
-83
-60
-39
-17
-5
11
25
38
51
69
82
90
102
104
112
115
124
129
136
145
145
155
154
150
143
134
138
125
123
123
110
103
98
86
63
62
54
42
44
30
18
13
1
-14
-24
-33
-50
-56
-62
-71
-76
-82
-85
-87
-85
-81
-89
-88
-88
-95
-94
-90
-88
-93
-91
-92
-102
-99
-92
-82
-71
-56
-42
-34
-19
-13
2
18
29
46
56
64
73
86
92
94
99
99
100
107
107
104
110
111
103
102
100
96
102
106
91
86
86
77
74
63
50
35
22
16
-4
-12
-17
-37
-52
-62
-78
-90
-86
-97
-108
-108
-114
-116
-114
-106
-102
-100
-99
-106
-107
-98
-95
-90
-79
-79
-83
-78
-82
-81
-69
-64
-57
-47
-43
-39
-30
-24
-24
-15
-6
5
16
24
38
42
52
55
53
58
59
59
63
66
62
64
67
60
63
63
62
58
54
55
46
45
39
20
11
4
-9
-14
-17
-27
-33
-36
-44
-54
-56
-58
-67
-70
-74
-74
-76
-72
-68
-66
-62
-65
-59
-51
-53
-46
-41
-37
-31
-30
-28
-26
-22
-14
-9
-5
8
9
16
27
23
22
31
33
34
44
50
56
63
68
73
74
81
85
87
88
83
85
87
85
84
82
79
76
74
72
70
68
64
61
49
40
31
16
10
4
-8
-12
-14
-28
-34
-37
-42
-48
-52
-54
-56
-52
-48
-51
-53
-56
-55
-48
-45
-45
-40
-41
-38
-38
-41
-36
-36
-30
-25
-26
-20
-15
-14
1
3
-3
7
7
7
14
19
27
32
40
47
50
59
67
74
78
78
78
73
79
73
65
67
52
48
46
36
35
31
25
22
15
7
-2
-6
-15
-25
-29
-35
-40
-42
-44
-48
-51
-55
-60
-64
-65
-61
-62
-62
-61
-63
-64
-61
-55
-60
-52
-47
-53
-43
-39
-38
-27
-29
-31
-25
-24
-21
-9
0
0
8
11
5
10
8
14
20
25
34
37
47
49
55
60
65
67
72
71
65
64
53
48
38
31
26
19
14
11
4
0
4
-8
-11
-18
-34
-43
-49
-56
-66
-64
-72
-78
-79
-84
-83
-87
-78
-78
-71
-60
-64
-52
-50
-47
-45
-35
-30
-25
-15
-10
-4
-1
0
3
8
10
14
21
24
27
29
32
26
30
31
26
36
33
39
51
54
59
63
71
75
80
91
89
89
88
71
61
52
37
35
23
15
9
-7
-5
-12
-20
-20
-20
-28
-33
-34
-43
-48
-53
-59
-62
-66
-63
-65
-65
-67
-65
-61
-64
-60
-54
-47
-39
-35
-37
-28
-23
-16
-6
-2
6
16
23
30
38
43
53
60
67
70
75
82
78
81
81
76
75
68
68
70
73
77
79
78
83
83
86
87
84
83
72
67
51
37
38
21
15
4
-9
-13
-20
-24
-31
-34
-44
-49
-52
-66
-73
-73
-80
-85
-85
-92
-87
-83
-85
-82
-83
-83
-74
-70
-66
-57
-58
-54
-46
-47
-38
-27
-18
-10
0
9
14
27
35
42
50
57
63
67
73
75
79
80
74
73
70
68
73
75
72
71
72
67
61
65
55
55
54
41
34
23
8
-1
-9
-22
-31
-35
-40
-50
-56
-59
-68
-75
-75
-76
-85
-83
-89
-102
-103
-107
-105
-103
-108
-108
-108
-108
-105
-101
-99
-96
-87
-83
-77
-76
-66
-58
-50
-38
-35
-22
-13
3
12
20
34
39
50
60
72
79
84
95
91
94
99
96
97
96
93
92
92
89
82
77
73
66
66
60
50
50
37
28
25
13
3
0
-4
-16
-20
-25
-34
-42
-38
-44
-51
-50
-58
-62
-61
-66
-65
-64
-69
-65
-65
-66
-69
-66
-67
-65
-58
-57
-53
-47
-43
-36
-28
-22
-12
-5
7
19
25
37
41
51
57
66
76
74
84
90
89
99
98
95
98
96
96
98
95
93
91
91
88
82
76
70
66
54
51
40
27
24
8
4
-6
-14
-19
-29
-30
-40
-41
-45
-52
-52
-60
-67
-69
-75
-78
-84
-80
-81
-81
-78
-76
-80
-76
-68
-69
-67
-63
-60
-56
-52
-48
-44
-45
-39
-25
-21
-12
0
9
20
31
39
45
55
62
72
75
82
83
83
89
83
84
86
77
80
81
80
79
77
67
63
64
54
53
42
33
27
16
6
-5
-14
-21
-29
-37
-43
-50
-54
-60
-63
-71
-73
-80
-86
-86
-92
-90
-90
-97
-94
-92
-90
-86
-78
-77
-78
-72
-64
-62
-60
-49
-52
-47
-35
-35
-23
-19
-15
-3
2
9
17
20
29
41
44
53
54
59
68
74
79
83
84
86
90
89
87
90
85
86
86
80
82
72
67
60
50
45
37
27
21
9
-4
-6
-18
-26
-30
-37
-39
-45
-45
-51
-59
-56
-63
-64
-68
-70
-73
-72
-64
-66
-65
-65
-64
-65
-60
-59
-59
-59
-58
-53
-50
-51
-45
-38
-29
-20
-9
1
8
20
29
33
41
44
49
54
58
63
62
64
65
63
71
73
70
73
71
70
72
69
65
62
59
53
48
41
34
30
24
20
11
6
2
-5
-3
-9
-12
-14
-20
-25
-23
-26
-32
-29
-37
-39
-39
-43
-37
-43
-44
-39
-42
-41
-42
-42
-42
-40
-37
-33
-34
-28
-33
-23
-12
-19
-8
-3
-1
8
14
16
19
23
33
41
47
51
59
65
60
71
71
70
69
68
61
58
61
47
45
40
44
43
41
36
32
27
30
33
17
15
7
5
2
-10
-13
-18
-25
-24
-28
-31
-33
-35
-36
-41
-43
-45
-49
-54
-55
-57
-54
-59
-64
-64
-63
-60
-60
-58
-56
-51
-45
-41
-35
-34
-26
-16
-14
-6
1
3
11
11
14
21
21
26
26
26
30
30
33
31
35
32
30
36
29
31
30
30
32
29
27
24
22
15
17
9
2
-2
-15
-18
-22
-36
-36
-41
-45
-44
-47
-45
-46
-49
-45
-46
-50
-48
-49
-55
-57
-59
-63
-61
-64
-60
-56
-52
-51
-45
-41
-38
-26
-26
-20
-16
-16
-11
-7
-6
-2
3
7
14
18
26
34
39
46
53
56
59
64
66
72
69
67
66
64
65
63
63
62
60
59
58
56
48
47
41
37
31
26
18
11
7
-3
-1
-10
-12
-15
-15
-14
-20
-24
-28
-26
-34
-30
-28
-39
-38
-38
-38
-39
-38
-34
-32
-37
-32
-31
-31
-28
-26
-24
-22
-16
-15
-5
-3
1
10
17
17
23
27
26
35
39
40
43
49
48
52
61
61
61
61
62
65
59
55
52
44
43
45
41
37
34
36
34
29
31
23
17
12
3
-1
-12
-19
-26
-31
-31
-35
-36
-37
-39
-32
-33
-31
-30
-39
-38
-34
-44
-47
-42
-49
-51
-48
-54
-47
-46
-47
-42
-39
-34
-28
-26
-27
-23
-19
-11
-6
-7
-3
2
9
11
9
16
18
16
22
22
21
22
25
26
24
30
30
27
26
27
31
28
28
21
11
18
11
3
3
-3
-8
-4
-6
-14
-11
-17
-17
-17
-23
-20
-30
-32
-40
-44
-42
-53
-52
-61
-52
-50
-52
-50
-48
-45
-38
-32
-32
-30
-27
-24
-23
-15
-20
-16
-10
-11
-6
5
4
6
10
17
20
23
22
27
28
33
37
34
41
39
43
50
46
49
50
51
46
46
46
42
39
34
36
31
35
30
25
23
22
23
17
13
12
2
0
-4
-13
-16
-20
-22
-28
-29
-31
-33
-33
-33
-28
-29
-30
-29
-30
-26
-22
-22
-23
-20
-18
-15
-11
-10
-11
-5
-1
1
0
8
6
7
14
10
13
17
15
15
23
22
22
27
29
29
36
40
34
38
40
40
43
40
37
39
33
35
33
33
32
27
26
25
25
20
18
12
9
7
1
-3
-11
-14
-12
-21
-24
-24
-34
-27
-26
-32
-32
-26
-30
-29
-21
-26
-21
-23
-22
-15
-19
-12
-13
-19
-12
-15
-12
-7
-14
-7
-6
-7
-4
-3
0
5
5
10
13
8
9
13
13
11
18
14
10
12
12
11
12
13
10
9
12
8
7
8
3
2
0
6
-2
-7
-9
-12
-10
-11
-15
-18
-16
-20
-18
-20
-29
-24
-22
-22
-25
-25
-24
-25
-19
-20
-21
-18
-14
-17
-19
-11
-14
-11
-14
-15
-14
-17
-2
-10
-9
-8
-6
-2
-5
-2
-1
2
5
7
3
1
6
6
15
14
10
20
12
15
13
13
11
7
3
-3
-9
-12
-18
-21
-23
-26
-18
-23
-23
-21
-19
-15
-6
-8
-11
-10
-12
-15
-15
-22
-24
-21
-25
-27
-23
-28
-23
-20
-21
-16
-15
-8
-9
-16
-6
-6
-9
-2
-3
-2
7
15
16
21
21
31
33
36
42
41
43
40
42
39
35
37
34
34
42
34
29
30
23
27
26
24
19
18
21
13
14
16
15
20
22
15
17
13
15
9
3
4
-2
-5
-14
-18
-23
-19
-19
-17
-23
-18
-15
-16
-11
-18
-10
-11
-10
-12
-12
-13
-13
-11
-12
-6
-3
-1
0
7
5
14
13
10
18
15
19
23
19
19
27
21
25
27
28
29
31
31
27
27
26
20
21
24
20
24
14
16
12
14
13
10
8
4
1
-4
-12
-13
-12
-12
-15
-21
-18
-23
-19
-19
-16
-20
-20
-18
-28
-30
-36
-31
-39
-40
-40
-43
-43
-41
-36
-35
-29
-25
-22
-20
-22
-15
-12
-14
-11
-11
-11
-10
-4
-6
-2
0
4
4
3
5
3
6
6
10
6
1
4
4
5
11
7
13
11
8
11
7
0
5
9
0
-3
-7
-8
-10
-10
-7
-8
-5
-8
-7
-15
-13
-4
-7
-9
-11
-12
-16
-16
-13
-13
-16
-7
-11
-12
-10
-11
-5
-7
-3
-5
-7
-9
-8
-6
-8
-2
-2
-6
1
1
2
12
11
14
18
19
20
18
24
25
22
32
25
22
23
18
22
23
21
20
16
15
17
13
14
14
14
20
13
8
8
6
9
8
4
0
-4
-4
-6
-6
-8
-4
-2
-1
-7
-4
-5
-3
2
-2
-1
-4
-9
-8
-10
-11
-12
-10
-14
-14
-13
-14
-10
-8
-7
-5
-1
-5
0
1
1
5
5
5
6
7
9
7
12
11
7
12
8
6
9
10
6
8
7
3
10
2
5
7
1
8
5
2
3
1
-2
4
4
2
1
2
-1
-1
1
2
-1
3
4
-6
-4
-5
-8
-7
-6
-5
-10
-12
-13
-17
-12
-9
-10
-10
-11
-7
-6
-12
-5
-6
-9
3
0
-5
-1
-6
-1
-1
-5
0
-3
-3
-5
-3
-6
-6
1
-7
-2
3
-2
5
3
1
8
9
8
7
10
7
13
12
7
4
9
3
5
11
3
5
-2
4
0
-2
2
0
-1
3
-1
-5
-3
-3
2
2
0
-3
-2
-6
-6
-6
-4
-8
-5
-12
-11
-13
-15
-10
-17
-15
-11
-13
-16
-17
-18
-21
-16
-14
-19
-18
-16
-17
-18
-16
-18
-16
-15
-11
-10
-14
-13
-12
-16
-12
-11
-11
-11
-9
-10
-11
-5
-7
-5
-1
0
2
8
4
4
4
5
11
8
8
3
5
7
4
2
3
-1
6
9
-1
2
2
3
11
8
5
11
11
11
14
8
9
14
12
12
10
4
8
7
4
1
0
3
1
2
-1
-4
-1
-1
0
0
6
5
8
10
10
11
14
17
20
21
18
22
20
13
20
18
15
18
17
16
14
16
16
11
19
16
17
18
11
13
13
15
12
13
12
14
14
13
17
8
14
16
12
13
7
6
2
2
-2
-8
-6
-7
-5
-8
-12
-12
-10
-10
-8
-10
-14
-8
-11
-14
-14
-19
-15
-10
-16
-13
-8
-16
-6
-10
-11
-8
-5
-5
-5
-7
-12
-7
-8
-10
-8
-4
-6
-4
-5
-7
-7
-5
-3
-5
-1
-3
-3
-4
-7
-5
-3
-1
-3
-3
-1
-6
-2
-11
-9
-8
-13
-9
-14
-16
-20
-15
-14
-21
-11
-12
-15
-12
-14
-13
-15
-17
-17
-21
-21
-18
-21
-26
-20
-19
-16
-12
-15
-12
-5
-2
-3
-1
-4
-1
2
3
0
0
4
0
2
0
1
7
5
10
12
9
7
14
14
15
21
24
25
21
23
25
20
26
26
25
18
18
17
10
12
11
11
10
11
13
7
3
11
8
5
8
4
0
-1
-3
-6
-5
-9
-2
-6
-8
-1
-4
-3
1
1
3
4
1
5
1
-2
3
-6
-4
-7
-5
-3
-9
-4
-8
-5
-4
-4
-1
-3
2
4
2
2
0
7
2
7
8
3
3
4
4
-1
4
4
2
4
2
1
-3
-1
4
-4
0
-1
-2
-6
-8
-8
-13
-9
-10
-12
-15
-10
-10
-14
-13
-7
-10
-6
2
-7
-5
-2
-3
-4
-4
-2
-4
-2
-3
-9
-5
-5
-5
-3
-3
-4
-1
-2
-4
-2
-2
3
2
3
1
5
3
5
7
5
10
8
9
11
11
9
10
9
12
12
10
11
8
13
9
6
5
5
7
8
1
4
-2
0
3
-1
-5
0
8
0
4
4
-3
6
5
5
3
2
3
-2
-3
-7
-4
-3
-4
0
-5
-2
-6
0
3
3
10
4
6
8
5
2
4
2
2
7
1
-4
-3
1
0
-1
0
1
4
2
4
-1
-2
6
5
4
4
1
6
6
-1
0
-3
-4
0
-5
-8
-9
-10
-10
-13
-15
-13
-11
-12
-14
-12
-15
-14
-13
-13
-15
-19
-10
-16
-22
-19
-19
-20
-17
-16
-18
-17
-12
-13
-16
-15
-15
-8
-8
-12
-17
-14
-16
-16
-13
-17
-14
-12
-11
-8
-11
-9
-3
1
1
0
14
2
8
15
5
12
15
13
12
13
11
10
8
11
10
9
14
10
11
15
12
16
17
17
23
22
20
20
18
18
20
17
13
13
13
9
10
9
2
12
14
4
14
7
8
14
13
10
7
12
7
8
13
1
1
5
1
2
1
-1
3
2
2
0
3
2
5
8
3
2
7
4
1
0
2
3
0
4
0
-2
1
-2
2
1
1
8
2
1
5
1
2
3
3
1
-2
-2
-7
-5
-5
-7
-10
-9
-7
-9
-5
-7
-4
-6
1
1
-4
1
-1
-3
0
-2
-6
-7
-5
-7
-9
-8
-8
-12
-11
-10
-11
-9
-6
-8
-7
-7
-5
-4
-6
-1
0
-2
4
-5
-2
4
-2
2
2
-1
-2
-2
0
-6
-6
-6
-7
-6
-6
-6
-11
-9
-10
-6
-9
-8
-9
-12
-7
-11
-11
-8
-10
-9
-10
-9
-11
-8
-6
-11
-9
-11
-6
-10
-9
-6
-10
-9
-6
-7
-14
-10
-4
-8
-9
-7
-7
-10
-1
1
-4
-1
2
7
6
7
8
10
10
18
14
10
11
10
17
13
13
13
10
15
16
11
13
14
16
16
17
10
16
14
15
17
10
11
13
17
11
9
10
9
8
12
10
3
7
10
8
11
1
5
8
5
8
1
3
1
3
1
-6
-3
-6
3
-2
-7
-4
-5
-2
3
0
-3
4
2
3
2
0
-1
4
0
-1
-4
-2
-1
0
-4
-6
0
1
0
-2
-2
-2
1
0
-2
-1
-5
-2
3
-7
-3
-5
-3
-4
-7
-2
-6
-3
-8
-3
-7
-6
-4
-5
-5
-5
-3
-2
-8
-4
-1
-4
-2
-7
-6
-7
-4
-2
-11
-7
-4
-11
0
-6
-7
-8
-6
-1
-3
-2
-4
-2
-3
2
-1
-4
-3
1
-3
4
0
-6
1
3
1
-6
2
-1
-4
5
-2
-8
-4
-1
-3
-5
-4
-1
-3
-2
-5
0
1
-5
4
-4
-2
1
-2
-1
-3
-2
3
2
-3
2
-1
2
1
2
2
-1
6
2
-2
5
3
2
2
6
5
7
8
5
8
10
8
11
11
8
10
11
9
6
10
10
11
7
8
10
5
9
8
10
4
4
7
2
6
4
5
-1
2
2
1
0
-3
1
-5
-1
-6
-3
-4
-9
-10
-8
-9
-7
-7
-12
-5
-11
-8
-9
-14
-14
-12
-9
-17
-9
-15
-13
-8
-17
-13
-14
-15
-11
-11
-13
-9
-13
-12
-14
-13
-7
-14
-7
-7
-6
-4
-1
-1
0
3
5
5
4
4
7
7
7
5
7
6
5
8
4
9
6
10
9
8
10
15
17
14
15
18
19
17
17
17
17
18
19
18
15
12
16
11
8
9
6
16
12
12
9
8
9
7
14
2
4
7
5
6
7
-1
5
1
-2
1
-1
2
4
6
4
3
2
2
2
0
-3
-1
0
-1
-3
-3
-4
-8
-9
-6
-10
-5
-2
-6
0
-4
-3
0
-2
2
-1
2
2
3
-1
1
-1
-7
-4
-7
-3
-8
-3
-9
-9
-6
-7
-5
-5
-2
-3
1
-6
-7
-3
-8
-2
-3
-7
-3
-4
-3
-6
-6
-5
-7
-4
-5
-5
-1
1
-1
1
-6
-3
-3
-4
-5
-3
-1
-3
0
-3
-3
-6
-1
-4
-4
-2
3
6
7
3
2
3
-3
7
3
2
2
1
4
-1
-3
-8
-5
-6
-6
-2
-4
-7
-3
1
-4
-6
-4
0
-1
2
-2
-5
-2
-3
-3
-2
-6
-4
-1
-3
-4
-3
-3
-4
-3
-1
-4
-2
-1
0
-4
-1
-1
-4
-2
3
6
2
12
7
5
10
9
10
12
10
15
17
16
16
17
13
11
12
8
10
8
12
10
11
8
4
6
4
5
12
9
14
15
14
15
11
10
11
9
6
12
6
5
3
-1
-4
-2
-5
-4
-7
-5
-5
-11
-4
-9
-9
-8
-9
-13
-8
-9
-10
-7
-14
-6
-8
-6
-9
-5
-2
-7
-6
-7
-7
-8
-4
-6
-7
-11
-4
-3
-12
-9
-6
-15
-8
-4
-8
-3
-3
-2
1
-1
-3
-1
1
3
9
9
8
5
6
6
1
-3
1
-1
-2
4
-6
-3
-1
-6
-4
-6
-7
5
-1
-1
5
-1
-1
3
-1
-7
-1
0
-1
-4
-3
-4
0
-4
-2
-6
-6
1
-2
-2
-6
-3
-2
-3
-5
-4
-8
-5
-1
-3
-6
1
-3
-2
-2
-3
1
-2
5
0
-3
2
-1
-1
4
0
3
4
2
0
1
0
-1
0
1
3
2
3
1
3
1
2
4
3
6
10
5
10
3
5
8
-1
2
-1
1
6
4
2
4
1
4
5
6
1
10
10
4
8
7
2
3
8
3
3
3
2
2
9
4
7
4
-1
6
3
1
-1
1
1
5
-2
-3
-2
-3
-2
1
0
-8
-4
-3
-7
-10
-8
-7
-12
-11
-9
-13
-13
-16
-9
-12
-14
-7
-13
-12
-12
-15
-13
-18
-16
-14
-16
-14
-13
-16
-12
-13
-11
-13
-12
-10
-13
-4
-5
-6
-8
-9
-5
-6
-5
1
1
0
7
5
9
9
10
14
10
10
13
13
11
19
12
19
14
14
15
15
21
16
20
16
20
19
21
15
16
19
15
22
16
15
17
24
14
17
17
13
14
13
11
6
7
4
6
3
1
-1
-1
-2
-3
-2
-4
-4
-5
-4
-5
-7
-8
-10
-8
-10
-10
-12
-6
-9
-8
-4
-13
-7
-11
-10
-6
-10
-9
-12
-11
-13
-12
-9
-12
-8
-13
-10
-7
-14
-5
-4
-5
-4
-8
0
-4
-3
-2
-1
-3
-1
2
0
0
1
3
0
-3
-4
2
-3
1
0
-5
-1
-6
-1
0
-8
-4
-3
-3
-2
-5
-1
-5
-3
-2
-7
-5
-4
-4
1
-5
-5
0
1
1
-4
-2
-2
-5
0
-1
-5
-2
-5
-3
-9
-11
-4
-5
-4
-8
-5
-6
-4
-4
1
0
-5
4
0
0
4
2
4
3
-2
7
2
-1
4
2
0
-3
1
-2
-2
1
1
-2
-1
-3
-1
1
0
0
4
2
3
7
4
6
4
8
11
6
9
13
14
13
13
12
14
14
13
12
9
9
10
19
6
5
10
6
7
7
10
10
17
17
14
15
16
18
24
19
17
21
18
19
15
17
14
7
6
7
3
-1
5
-2
-5
0
-5
-7
-5
-5
-6
-4
-9
-6
-7
-9
-5
-10
-9
-10
-10
-12
-15
-14
-14
-19
-17
-15
-20
-17
-17
-26
-21
-24
-18
-24
-26
-17
-26
-21
-21
-21
-16
-20
-15
-16
-16
-8
-8
-5
-3
-6
1
-2
-4
0
0
2
0
1
-3
3
1
-2
4
-2
1
4
5
5
10
9
11
6
12
15
13
14
10
15
14
14
11
10
10
10
7
7
4
6
6
5