1
0
-2
4
-1
-5
0
1
-3
2
3
2
3
-1
-5
-2
1
-3
0
0
1
0
3
3
4
3
-4
0
3
0
1
0
3
4
-3
0
1
-4
-5
4
-2
-2
2
2
0
1
4
-1
-1
0
0
2
1
1
-6
-1
0
1
2
1
4
4
0
0
4
1
5
3
1
-1
4
-1
-3
3
9
3
3
2
0
3
-2
2
3
-1
3
2
1
-2
-10
-1
-2
2
4
-2
2
1
3
-3
-7
2
0
-2
-2
-5
0
-2
0
-1
-9
-3
2
-1
-1
8
6
2
4
-5
-6
2
0
1
5
-2
5
1
-1
-3
0
5
1
6
4
2
-2
0
1
-4
0
-1
0
3
-6
-3
0
3
1
-3
2
4
-2
-2
0
0
-6
-5
-2
-3
-7
-5
-2
3
3
-3
-3
0
3
-1
-1
-1
-2
7
3
-5
-1
-2
-5
-2
-5
-1
0
2
4
-1
2
-1
1
-1
3
3
3
1
1
-2
-3
-4
2
2
-4
-4
-1
1
-5
0
-4
1
-2
-2
1
-2
1
4
6
1
-1
-1
2
-5
-4
1
-1
-2
-4
2
0
6
4
0
2
-1
6
1
2
9
2
4
3
-1
0
2
2
3
3
4
5
-3
4
2
-3
4
2
-1
1
-2
0
-3
0
-1
-1
2
-1
3
-5
0
1
2
-2
-4
-1
-5
1
-7
-5
-3
-3
-3
-5
-5
-4
1
-7
-3
3
-1
-1
0
-1
4
0
-4
1
-4
-5
-4
-6
-3
-3
-3
-4
-1
0
-1
6
-4
3
7
-1
0
1
1
-1
1
1
-2
-3
1
2
-1
-4
1
2
4
1
7
5
1
-1
1
3
1
3
5
7
3
1
0
4
4
4
6
1
4
6
1
1
4
1
4
1
1
3
1
4
4
3
3
5
0
1
-2
-1
3
0
4
-2
-3
-2
4
-2
0
5
-2
1
-5
-7
-5
-5
-4
0
1
-3
0
-1
-6
-1
3
-3
-7
-3
6
-1
-7
-3
-5
-3
0
-8
-1
0
-3
1
0
-1
-4
1
-1
0
-2
-6
1
3
-2
3
5
-4
4
0
-1
3
-3
0
0
-2
5
3
-3
3
1
1
-3
1
-1
2
7
9
4
1
5
1
4
3
2
4
5
3
-2
4
0
1
4
2
3
1
1
0
1
1
1
2
4
3
-1
1
4
-5
-4
3
-1
0
2
-1
0
2
-5
0
-6
-3
-1
-5
0
-3
0
-6
-3
-5
-3
-2
0
7
0
0
0
-1
-7
-4
-3
2
-1
-8
-2
-2
-3
1
2
-2
3
2
-4
-4
-3
0
0
1
3
4
7
1
2
1
0
2
-2
-1
2
-4
-6
1
-4
2
1
0
3
0
3
-1
1
5
8
8
6
0
-3
0
-4
0
1
4
2
4
4
4
0
2
2
2
7
-4
4
6
3
5
2
0
0
-2
5
6
0
2
5
2
-8
1
-3
-3
-5
-3
-4
0
5
0
0
0
-2
-7
-3
-10
-1
0
-1
-4
-2
3
-3
5
-1
-4
-5
-1
-5
-3
0
1
4
2
-1
0
2
-7
0
0
4
3
0
3
0
4
-1
-1
3
0
5
3
-4
0
-1
-1
0
1
-1
4
3
-4
4
1
-5
-2
-1
-7
-2
2
1
3
3
5
1
-4
-2
2
2
-1
6
-3
-1
2
-4
4
0
2
4
1
-2
-2
-6
-1
2
2
5
2
4
2
1
0
0
-1
-6
-5
-1
-5
-10
0
-2
-6
-2
-3
-3
-1
-2
-1
-1
-2
0
-5
-3
-5
-3
1
-4
-2
-2
-5
1
3
0
-2
3
2
1
3
0
3
0
0
4
0
5
2
0
3
2
-4
1
0
4
8
13
6
0
2
4
1
0
0
-4
5
-8
-1
3
-6
5
-1
0
-1
1
2
-1
6
4
6
-1
1
1
1
5
-4
4
-3
-5
6
-2
-1
2
0
0
6
1
-2
3
-3
-1
7
7
8
3
-1
-2
0
1
-2
-5
-4
0
2
-8
-8
-2
-4
2
-2
-3
-6
-5
-1
2
-3
-9
0
3
-5
-4
0
-2
-6
2
2
-4
-1
-3
-3
-4
-1
-3
-2
0
0
0
-4
4
6
3
-2
-2
5
1
-2
2
4
2
2
-3
-3
0
2
-4
-1
-1
-1
1
-1
-1
-6
-2
-4
-5
-4
-3
1
3
3
-2
-1
-2
-2
0
3
-1
-5
-3
-1
1
-1
0
1
6
6
-2
-6
2
5
3
2
8
13
7
2
6
5
4
3
-4
3
9
5
-1
5
6
0
1
3
1
-2
-3
5
0
-3
1
2
2
-3
0
-2
-9
-3
0
-3
-8
-5
-1
-1
-4
-5
-2
-1
-1
-10
-4
0
-5
-4
-2
1
-7
3
6
1
2
-3
-1
-4
-5
-2
0
3
4
9
9
-1
0
2
-2
1
3
-2
0
-3
-3
0
-4
-1
-4
7
8
-2
3
-1
-3
-1
-1
-1
-6
-2
-2
-4
-1
-3
-1
4
0
-4
-2
-3
-4
-1
5
5
6
4
2
-2
3
3
0
-1
-2
-2
-3
-2
-1
6
2
4
8
0
0
8
-1
6
1
-2
9
-5
-7
-5
2
-4
-5
4
8
1
-5
-1
-10
-9
-4
-7
-4
-3
-5
-5
-1
-1
-1
1
3
1
-4
-1
-9
-3
-1
-8
-8
-4
0
3
2
1
9
4
6
2
3
10
12
4
1
6
6
9
7
1
6
5
8
2
2
4
2
3
-1
-2
1
5
2
-2
6
-1
-4
-2
-1
-4
-5
-3
-4
-1
-5
-9
-3
-3
-1
0
-2
-3
-4
1
-2
-3
-4
0
2
1
7
-1
7
7
3
7
0
8
0
2
4
2
2
0
0
-3
3
1
-3
0
0
-6
-3
-6
-7
-3
-2
-3
-6
-5
-9
-13
-8
-7
2
-8
-8
-1
-4
-2
-1
0
-3
0
1
3
6
4
2
2
7
7
2
5
4
2
5
3
9
7
5
6
6
8
3
1
1
-1
2
4
2
-2
-6
-4
-8
0
1
-4
-6
-1
-4
-9
2
-4
-3
7
-3
-7
-4
-3
3
4
4
2
3
8
5
5
3
3
7
7
4
4
3
3
8
3
5
7
4
2
4
-2
-1
2
-3
-2
-1
-3
-2
-2
-4
-7
0
0
-2
6
-3
-9
-6
1
-1
-6
-13
-13
-1
1
0
-4
-9
-3
3
10
5
-4
-3
0
10
12
10
10
8
-6
9
23
23
1
-5
-1
4
15
16
8
-23
-20
5
14
-9
-15
-29
-26
-14
3
7
-29
-43
-21
4
2
-17
-21
-12
-7
-4
6
3
-22
-2
17
14
-3
-12
1
7
14
16
10
-3
-1
14
24
20
3
-1
5
17
30
20
11
0
4
22
30
34
12
-9
-8
13
23
14
-15
-38
-41
-15
3
-3
-31
-55
-44
-17
1
-7
-28
-44
-28
-5
19
13
-5
-16
12
44
42
27
16
31
52
59
60
60
38
53
73
69
42
28
42
54
43
23
13
-1
-15
-11
-14
-39
-53
-71
-74
-82
-87
-80
-89
-113
-123
-106
-90
-70
-75
-92
-98
-68
-29
1
-1
-19
-10
39
95
96
87
72
96
133
156
155
139
109
110
158
137
104
78
76
44
33
30
-1
-27
-70
-77
-82
-113
-130
-104
-127
-180
-185
-155
-139
-126
-124
-147
-155
-137
-82
-27
-15
-60
-76
-37
40
100
90
42
40
65
117
216
192
60
39
171
238
180
119
91
101
133
233
195
-97
-217
85
316
30
-222
-204
-145
-75
90
39
-350
-596
-310
186
111
-335
-502
-336
-194
59
230
-66
-444
-280
220
373
175
-27
-8
90
232
432
372
55
9
266
336
197
126
99
37
53
83
35
-75
-154
-109
-62
-153
-252
-196
-180
-216
-189
-173
-218
-208
-152
-130
-103
-100
-76
-46
-14
13
58
89
96
118
117
117
165
221
199
180
166
156
175
220
209
130
89
74
84
107
96
7
-57
-59
-15
3
-44
-94
-157
-167
-116
-34
-75
-147
-152
-113
-78
-39
-14
-68
-95
-54
30
78
82
34
32
54
93
136
136
65
31
68
92
88
59
19
-40
-50
-38
-3
-26
-85
-133
-103
-84
-71
-55
-55
-78
-53
27
113
80
-53
-45
97
214
170
121
55
49
109
219
195
-12
-205
-119
94
66
-125
-281
-344
-327
-165
-90
-250
-483
-508
-308
-169
-209
-283
-309
-296
-184
-54
-17
-27
-32
-10
71
120
188
250
198
153
176
207
280
444
285
48
166
392
390
306
359
234
193
354
755
157
-797
-267
1117
761
-642
-573
-164
-52
199
698
-250
-1579
-1517
467
1420
-272
-1760
-1251
-318
22
1026
622
-1182
-1754
160
1587
1096
-144
-568
-57
374
1057
1387
422
-766
-92
879
656
185
104
-233
-400
-145
-39
-189
-476
-618
-561
-564
-774
-490
-311
-622
-805
-495
-409
-364
-36
-51
-326
-317
167
465
353
191
363
477
299
676
965
716
370
692
928
827
808
917
993
-219
-567
725
1987
284
-968
-489
94
68
419
612
-1036
-2231
-1424
1345
1056
-1311
-2357
-994
-533
38
1138
38
-1984
-1789
809
1616
645
-629
-388
8
411
1264
1469
-44
-921
331
1081
540
89
75
-414
-451
-88
78
-377
-683
-876
-818
-724
-736
-706
-712
-789
-964
-579
-396
-386
-237
-254
-467
-3
657
251
228
745
888
656
1068
1364
1129
1151
1452
1837
289
-576
1077
2999
857
-1028
-259
332
206
743
878
-1546
-2932
-1899
1363
1263
-1750
-3494
-1853
-736
-159
1098
-267
-2775
-2538
874
1973
756
-795
-554
167
774
1796
2053
366
-716
827
1823
1008
463
633
127
-380
-155
374
161
-552
-1114
-1001
-1111
-1002
-686
-704
-1563
-1916
-1337
-396
-165
-697
-1102
-1137
-240
739
1063
248
259
640
992
1884
2521
1702
1064
2122
1612
390
1540
3411
1917
-538
-186
911
1080
695
863
-767
-3187
-2859
964
1770
-1967
-4168
-3047
-1824
-824
993
-451
-3653
-3931
-271
1855
949
-998
-1323
-522
405
2104
2675
709
-1094
790
2203
1647
1209
1253
0
-325
809
613
-131
-289
-412
-1391
-1376
-1176
-742
-928
-1730
-2219
-1660
-1230
-999
-229
-916
-1848
-1000
738
916
810
619
370
1028
2437
2886
2394
1880
1554
1251
1935
3204
3167
917
-322
877
1807
1303
584
-30
-1943
-2656
-821
1258
-639
-3611
-3797
-2234
-1406
-529
-207
-2421
-3931
-2262
787
1323
-183
-1612
-1346
15
1532
2570
1487
-377
-449
1370
2397
2183
1182
-15
-281
328
1197
1008
31
-1243
-1248
-753
-310
-597
-1241
-1640
-1878
-1648
-890
-63
-882
-1229
-943
-414
192
1228
956
345
1003
1374
1874
2810
2817
491
259
2527
3931
2244
391
434
1012
1411
1496
1265
-1115
-2692
-1369
1290
475
-2290
-3491
-2791
-1526
-387
-172
-2228
-3512
-2570
-154
714
-283
-1712
-1515
-215
668
1314
805
-250
-241
958
1180
958
977
202
-212
175
749
133
-62
-247
-442
-835
-746
-274
-461
-937
-1515
-1097
-568
146
-240
-578
-605
-141
757
1536
1313
434
908
1915
2378
1658
533
829
2219
2647
1317
716
512
767
1212
1318
98
-1585
-1820
-185
1280
-828
-2921
-2430
-1043
-1266
-305
-91
-2063
-3013
-829
948
7
-896
-812
-72
-5
733
1309
438
-676
220
1206
264
-42
266
-199
-805
-161
22
-828
-1268
-797
-378
-1269
-1545
-791
-613
-1555
-843
31
-490
-699
240
656
410
1007
1622
1823
1457
1831
2868
2548
1249
1436
2885
2772
1833
1278
837
1026
1451
1372
136
-1121
-1937
-935
544
-248
-2596
-3434
-2364
-1351
-708
-880
-2056
-3045
-1954
19
823
-430
-1481
-890
482
1119
1211
1154
153
47
953
1775
1007
364
-236
-376
-39
93
-146
-815
-1247
-1734
-1120
-1147
-1357
-1689
-1680
-2066
-1511
-624
-560
-782
-792
-411
167
1149
1562
1676
1601
2012
2809
2877
1516
1795
3429
3894
2011
1448
1581
1980
1993
1624
536
-1123
-1719
-890
1302
-321
-3413
-4278
-2056
-1292
-1069
-1078
-2643
-3864
-2528
341
650
-875
-2173
-1034
558
1472
1676
974
-350
49
2106
2444
1229
546
577
266
417
573
-3
-748
-945
-849
-1469
-1607
-1403
-1039
-1935
-2553
-2529
-1866
-1128
-818
-849
-2109
-1946
-262
1872
1340
515
862
1461
2568
4007
4175
1128
422
3173
5635
4009
1524
959
1416
2548
2917
2185
-867
-2623
-1616
1513
1316
-2218
-4671
-3855
-1832
-656
-284
-2321
-4068
-3877
-1212
591
280
-1752
-2218
-745
539
1347
1624
774
-312
371
1515
1915
1678
1287
500
-94
-117
639
795
-105
-1298
-1582
-1307
-994
-946
-1235
-2132
-2985
-2516
-976
-626
-1428
-1918
-1910
-1052
308
1100
385
470
896
2161
3274
3488
1635
729
2639
4659
4343
1796
1264
1813
2933
2607
2283
328
-1573
-1352
1005
1803
-1248
-3714
-3780
-1720
-733
-171
-1906
-3892
-3914
-1506
469
3
-1801
-2843
-1254
490
1443
926
-197
-1068
368
1960
1968
1023
274
28
729
1592
730
-304
-838
-544
-395
-104
-918
-1556
-1785
-1490
-1157
-1332
-1847
-1807
-1115
-1295
-1241
-878
-605
-482
303
856
1131
1499
2343
2914
2245
596
1574
4140
4676
2378
1119
1369
2245
3444
3119
1114
-1727
-1599
713
2909
533
-3223
-4253
-2233
-196
344
-824
-3546
-4203
-2232
340
273
-1553
-2961
-1962
-59
836
523
-270
-996
-403
1218
1451
430
266
888
588
316
586
380
-272
-253
105
-381
-1071
-1204
-584
-526
-1254
-1734
-1620
-1287
-962
-424
-1130
-1833
-1174
169
501
338
589
728
1552
2683
2918
1145
266
2428
4634
3753
1310
1101
1787
2589
2973
2618
251
-1969
-972
2149
2587
-1228
-3811
-2942
-896
-55
249
-1528
-3893
-3740
-928
696
-467
-2355
-2724
-1270
42
657
166
-1028
-1347
287
1266
469
42
533
347
155
630
528
-326
-423
5
-86
-626
-996
-656
-385
-728
-1411
-1257
-1244
-1111
-622
-388
-1339
-1479
-379
347
371
371
801
1055
2203
2849
2255
208
832
3713
4820
2308
523
1388
2319
2902
2855
1739
-1147
-2066
236
3184
1240
-2973
-4124
-1873
-293
189
-244
-2682
-4245
-2758
315
461
-1406
-2679
-1937
-666
334
901
-43
-1316
-867
903
1112
409
299
312
4
442
1020
93
-752
-522
-86
-655
-825
-831
-795
-984
-1319
-1452
-1285
-1052
-1148
-680
-899
-1239
-902
163
522
602
782
915
1908
3247
3053
756
409
3139
5129
3413
1228
1179
2052
2742
3181
2534
-322
-2518
-976
2796
2282
-2123
-4465
-2960
-1090
-115
143
-2061
-4357
-3728
-708
674
-686
-2494
-2461
-1011
149
853
618
-786
-895
700
1272
515
619
1084
320
144
707
759
-166
-483
-377
-522
-844
-988
-799
-1168
-1578
-1727
-1388
-1537
-1412
-1105
-1061
-1460
-1152
-190
93
218
687
1139
1419
2757
3500
1566
351
2749
5159
3894
1803
1756
2256
2636
3044
3157
844
-1983
-1610
2089
2827
-1182
-4162
-3511
-1646
-576
37
-1686
-4316
-4498
-1667
661
-318
-2638
-3110
-1457
75
946
904
-725
-1346
525
2017
1225
499
874
647
567
1232
1420
192
-769
-400
41
-219
-938
-1147
-1543
-1685
-1621
-1350
-1667
-2041
-1775
-1449
-1238
-1316
-782
-613
-246
398
1071
1333
2102
3199
2177
600
1983
4890
4748
2258
1701
2449
2929
3083
3405
2090
-921
-2014
813
3351
473
-3515
-3914
-2053
-1169
-299
-835
-3505
-4954
-2964
-141
14
-2016
-3129
-2014
-548
320
985
265
-1311
-261
1804
1797
543
980
1245
773
1003
1437
1072
-300
-410
-116
65
-731
-1158
-1233
-1616
-1690
-1758
-1617
-2093
-1895
-1714
-1382
-1501
-1213
-750
-449
243
663
1098
1666
3197
1967
368
2104
5034
4395
2013
2255
2646
3024
3186
3639
1929
-794
-1712
1515
3505
-39
-3668
-3440
-1723
-1254
104
-1056
-4009
-5270
-2596
199
126
-2459
-3884
-2100
-170
852
1069
-287
-2056
-139
2552
2176
338
580
987
979
1374
1681
942
-569
-470
254
493
-922
-1329
-1149
-1491
-1864
-1655
-1368
-2336
-2067
-1522
-1240
-1831
-1011
-622
-597
73
882
1229
1921
2623
371
785
3925
5392
2326
1545
2578
3304
3371
3540
2793
316
-1417
14
3886
1999
-2536
-4068
-1635
-1124
-358
-214
-2631
-4737
-3962
-819
569
-897
-3727
-3304
-851
463
969
656
-1554
-1659
1160
2851
1272
275
401
683
1383
1579
1313
189
-326
-385
355
77
-1035
-1058
-1123
-1727
-2021
-1123
-1535
-2468
-1861
-1146
-1529
-1663
-758
-710
-351
371
951
1297
2422
1105
-242
2196
5240
3916
957
1679
2937
3560
3199
3427
1589
-869
-1361
2603
3949
-381
-3855
-2839
-713
-554
444
-1336
-3712
-4280
-1966
70
209
-1869
-3657
-2322
-15
1061
1061
-580
-2091
-407
1983
2121
966
391
-395
436
1942
1597
76
-217
-284
-385
89
-52
-1015
-1352
-1497
-1725
-1231
-1124
-2113
-2227
-1072
-1391
-1405
-963
-620
-608
97
826
1015
2202
593
-333
1714
4658
3373
1028
1572
2260
3134
2984
3406
1545
-704
-1504
2471
4108
-172
-3634
-2446
-471
-615
699
-670
-3523
-4127
-1296
465
-140
-1825
-2608
-1858
-451
589
1497
-272
-2187
-446
1845
1663
587
1145
-195
-241
1278
1609
158
-407
-65
-606
-99
-285
-606
-1138
-1581
-1802
-847
-705
-2148
-1849
-969
-1357
-1192
-346
-375
-685
464
1015
1577
1738
-556
190
3176
4594
1240
907
1878
2552
2946
3014
2361
-25
-1257
-220
4162
2422
-2455
-4024
-824
-77
-48
430
-1920
-3697
-2870
28
860
-519
-2527
-2226
-423
135
736
1244
-993
-1591
545
1822
570
805
1067
-125
-126
461
713
396
184
-1011
-882
-599
-358
-279
-913
-2452
-2103
-473
-676
-1349
-1227
-1957
-1817
-119
797
-65
-537
119
1187
2745
256
-428
1801
4324
1783
982
1910
1747
2077
2897
3100
107
-1684
-1469
3303
3353
-1084
-4431
-2247
-430
316
1276
-1322
-3808
-3358
-43
1313
382
-2011
-2564
-575
776
935
1269
-496
-1372
304
1893
804
213
695
198
551
16
-510
59
618
-590
-1394
-632
-1088
-627
-218
-1319
-2366
-1823
-832
-348
8
-1672
-2191
-873
885
841
1013
229
532
733
184
1726
3701
2664
-880
896
2986
2904
1474
1906
1157
-106
-1384
410
3060
943
-2854
-3426
-206
-535
46
-28
-1527
-3157
-1939
659
1101
-123
-1721
-1454
112
1058
1683
836
-1004
-419
1411
1626
407
528
179
-130
568
175
-808
-665
150
-438
-1386
-1559
-1039
-317
-1192
-1401
-1205
-1351
-1878
-156
461
-967
-1668
-136
811
815
1357
1749
950
-1891
511
4291
4491
-728
-588
1805
2572
1891
2116
1252
-1268
-1833
-595
3373
1250
-2503
-4689
-890
165
53
-239
-1915
-2534
-2247
615
1340
196
-1770
-832
1063
834
842
1758
124
-475
942
2289
748
14
546
379
310
-984
-312
-240
-515
-1397
-959
-1159
-1899
-621
-843
-1744
-1945
-621
-638
-904
-51
-259
-631
-201
991
1755
1449
2183
-97
-1288
1380
5349
3121
-1429
-281
1831
2809
1793
2383
-709
-2544
-2441
2236
3340
-1109
-4707
-4186
-132
216
844
-1499
-2959
-2920
-819
1531
1537
-547
-1798
-634
1639
1892
2180
846
-349
557
1358
2337
1515
1049
-703
-225
-186
-88
119
-73
-1523
-2687
-1714
-640
-516
-1672
-2300
-2424
-1746
-491
547
-402
-1579
-1329
773
1848
2198
1243
1746
104
-692
2342
5520
2940
-1416
268
2082
2749
1837
2304
-440
-2391
-3009
1099
3366
-664
-4692
-4906
-1273
-557
938
-937
-3568
-3750
-1540
1500
1617
-168
-1906
-924
1358
1917
2917
1367
-260
588
2246
2445
1306
1501
465
105
-82
136
-44
-527
-1040
-1530
-1870
-2272
-1407
-801
-2034
-3033
-2293
-1036
-796
-233
-146
-1268
-729
1250
2750
1951
2705
293
-1114
2098
6461
4111
-1107
6
2106
3455
2027
2243
-102
-2175
-3141
1030
2902
-1330
-4638
-4773
-1736
-1187
541
-1561
-3478
-3892
-2265
941
1846
-167
-2168
-904
1093
1990
3174
1812
-164
599
2086
3092
2220
1574
-70
128
528
579
757
-467
-1664
-2333
-1108
-1396
-1725
-1675
-2572
-3078
-2234
-282
-681
-1536
-1563
-533
307
1562
2074
2621
532
-1321
1682
5852
5303
225
61
1379
3527
3216
3093
755
-1494
-3134
-70
4159
522
-4524
-5875
-1970
-1361
-2
-982
-3412
-4593
-3172
-161
1355
-246
-1988
-1419
26
1160
2967
2750
-301
374
1888
2639
2625
2691
762
-190
833
874
839
888
-407
-2086
-2224
-1265
-464
-1084
-2943
-3579
-2179
-1486
-1083
-418
-1590
-2046
-804
1316
1773
2313
934
-2412
675
5354
6136
640
-286
1431
3906
3972
3270
1679
-1462
-2663
54
5237
1100
-4056
-6046
-2020
-327
58
-1284
-4131
-4326
-3489
-141
1020
-1253
-3188
-1462
675
589
1433
1829
92
721
2069
2241
1738
2230
1828
735
604
820
1297
862
-276
-561
-1074
-1563
-1246
-186
-1934
-3409
-2059
-1055
-904
-1728
-1241
-1590
-718
979
1731
1844
-1556
-1672
2071
5687
3103
-244
873
2046
3664
3369
3442
610
-973
-2061
1847
4385
477
-4384
-4920
-940
130
760
-1976
-3973
-4405
-2699
193
1162
-1684
-3622
-2002
356
954
2045
902
-1197
-37
1757
2808
1895
1624
186
725
721
1002
1975
979
-927
-1729
-165
-438
-339
-692
-2106
-2660
-1964
-280
-84
-1071
-1951
-1725
180
996
2666
-54
-3102
-364
4608
4368
-184
575
1173
2291
2565
4200
2269
-943
-2640
493
5024
2095
-2516
-4757
-1696
-98
1232
107
-3020
-4381
-3419
172
1614
-794
-3063
-2681
-676
414
1958
1276
-1535
-812
968
1969
1461
1305
291
-214
911
859
864
661
92
-455
-673
-644
-541
42
-957
-1583
-1488
-574
-620
-278
-482
-1198
205
863
1924
-1898
-1700
1189
4511
1459
-1621
683
1613
2646
1954
3225
-186
-1048
-1539
2111
3737
899
-3056
-4104
-74
813
1280
-652
-2110
-3444
-2529
738
2168
-773
-2612
-2197
44
501
1965
782
-1392
-747
557
1884
929
541
-928
-342
466
945
453
-684
-856
-393
-548
-622
-128
-412
-1867
-1027
572
215
-1158
-310
692
578
307
2202
661
-3139
-143
4944
3975
-2891
-982
1845
2816
782
1853
973
-1379
-1964
-176
3688
522
-2188
-4299
-1056
575
851
-310
-1909
-1788
-2315
-328
2147
534
-1670
-1423
501
524
1263
1765
-309
-325
350
1759
1129
235
-842
-205
391
-348
86
-169
-1322
-1586
-783
-438
-1243
-905
-1532
-1413
-320
544
384
-674
-425
1001
2258
2456
679
-2387
-122
4364
5453
-986
-1588
939
3088
1705
1709
1151
-1958
-2722
-1499
3470
1112
-2090
-5742
-2871
-83
1164
147
-2478
-2649
-2949
-513
1969
2055
-1082
-2288
-447
1873
2390
2252
301
-127
174
1572
2339
1537
88
-1089
-151
8
618
301
-571
-2075
-2308
-1315
38
30
-1729
-2974
-1651
604
570
625
-607
-331
658
3693
1738
-2417
-28
4372
4383
-681
29
1617
2429
1335
2060
781
-1418
-2594
-927
2448
590
-2163
-5796
-3398
-194
1155
-743
-3121
-2678
-3108
-743
2297
1257
-1336
-2361
253
1776
2699
1903
143
491
755
1893
2266
1468
-257
-203
463
327
162
210
-86
-1087
-2578
-2019
-24
722
-1549
-2687
-1353
-630
839
716
832
-527
835
2297
-486
-521
2640
5279
-220
-1363
1782
3831
1912
955
1484
-949
-1484
-1293
2219
469
-1854
-3953
-3473
-1466
-147
-19
-2523
-2566
-2511
-2505
-39
1823
-41
-1883
-1331
891
1574
2511
907
249
387
1032
1715
1771
784
-205
292
-87
284
339
146
-731
-940
-1869
-1457
216
208
-2105
-1531
-270
193
226
534
1025
722
2350
-376
-1181
1345
5313
2856
-1780
-808
2480
3961
1277
1446
-24
-1439
-2514
1004
2492
-850
-3160
-4902
-2336
-579
807
-1120
-2866
-2819
-3287
-503
1620
893
-1326
-2393
-359
1572
3053
1536
-170
137
331
1781
1598
921
-81
91
-85
-759
558
476
-92
-1360
-1987
-1559
-226
949
-911
-1651
-1552
472
1368
1220
1109
1481
1332
-1699
120
4153
5168
-31
-1390
615
3062
3246
2009
571
-1558
-1037
-1410
1794
1193
-1417
-4594
-4665
-1158
361
-120
-2982
-2990
-2430
-2558
243
1140
-711
-1680
-958
264
971
3284
1062
-283
164
1073
1620
1683
1089
-837
-176
245
546
-35
-512
-594
-663
-1603
-1463
-39
-287
-1378
-453
-110
-61
414
1610
1273
2231
1523
-1842
-247
4442
5758
-66
-1415
442
3614
2789
1537
668
-854
-2083
-1755
2513
905
-1997
-4852
-4070
-1656
616
77
-3163
-3358
-2713
-1594
567
560
-825
-1278
-1159
-67
1786
2811
410
-22
230
571
1281
1826
463
-521
-293
-151
222
91
-435
-675
-815
-1639
-400
-15
-860
-1224
240
723
356
1013
1052
2021
2294
-194
-522
2549
4659
1618
-445
452
2286
2890
1265
682
22
-831
-2342
296
1511
-942
-3482
-4165
-2148
-838
-63
-1514
-2446
-2809
-2945
50
1184
-162
-1199
-750
-331
548
2722
1471
-101
-330
475
795
1190
739
-27
-740
-1178
58
915
-404
-1661
-1591
-1366
-422
918
-233
-2531
-1257
1431
2526
1178
691
1976
1985
-617
833
5047
4202
-847
-695
2833
3540
1821
806
434
-381
-849
-1393
558
-47
-1570
-3493
-3667
-2079
-946
-638
-2487
-2338
-2369
-2149
-16
1003
-783
-1404
-136
1048
1225
1701
772
-262
808
1062
986
229
222
86
-274
-853
-584
403
-524
-1537
-1918
-1609
-726
335
-94
-2054
-1458
830
2418
2362
1082
1132
43
504
3228
5463
2815
-1534
347
3517
4446
2027
695
-349
-974
-934
375
1347
-869
-3622
-4637
-2530
-855
-495
-1889
-3237
-3491
-2856
-377
1428
-7
-2067
-2051
403
1974
2743
1162
-896
-524
1094
2245
1424
508
-412
-568
-589
264
713
-374
-1539
-1695
-1263
-1003
-9
-111
-1564
-1571
-206
1351
1977
2082
1104
-1456
-666
3465
5868
2049
-1048
790
2785
3261
2831
2185
-243
-947
-270
453
1010
-10
-2019
-4393
-3157
-745
-160
-1803
-2932
-3049
-3464
-1636
847
530
-1886
-1920
-464
750
1642
2165
537
-1349
-823
1800
2830
1227
-192
-1281
-885
487
1697
159
-1897
-1759
-1068
-121
477
-90
-1496
-1477
463
1704
1363
1158
813
-881
-427
3219
4701
1063
-848
1677
2627
2069
1964
2393
332
-1560
-522
1548
1636
-955
-2535
-3050
-2237
-577
97
-1301
-3165
-3290
-2669
-571
745
-1051
-2170
-1246
217
-145
689
1511
211
-992
-242
1377
1268
656
646
-319
-1582
-460
1654
926
-1526
-2029
-1225
-128
687
941
-1113
-1643
335
2670
2369
320
-844
-519
2295
3522
2055
95
1007
1919
2071
1773
1727
1218
98
-416
-487
908
708
-572
-2515
-3137
-1482
61
-163
-1635
-2670
-3215
-1717
505
260
-1600
-1886
-1297
-469
998
884
-418
-670
-45
266
634
1010
674
-102
-996
-795
667
1141
-55
-1145
-1396
-959
693
1100
-282
-451
187
996
1311
1326
18
-384
1515
2229
1381
542
1187
2031
1739
1026
1198
1159
382
182
389
92
19
-101
-1385
-2212
-948
-371
-893
-971
-1716
-2361
-1726
56
-80
-1272
-1561
-928
-488
-381
-87
128
-160
-313
-121
-434
308
1234
761
-858
-841
8
423
810
527
-759
-1412
18
1066
856
246
368
541
271
467
595
331
316
1111
1075
155
733
1595
1073
137
933
1140
97
85
563
578
-579
-289
-187
-589
-604
-156
-85
-1284
-1192
-654
-521
-568
-244
-364
-1112
-900
-198
-13
-114
-324
-639
-630
103
457
221
-227
-624
-411
249
803
45
-558
-570
-87
463
312
-120
-492
46
671
604
21
-655
-456
-62
66
179
105
55
-171
209
389
789
715
192
72
204
881
924
902
114
-85
359
682
1037
745
55
-479
-110
381
159
166
58
-254
-505
-488
-16
-24
-107
-587
-706
-513
-146
-85
-291
-522
-679
-397
-30
165
-298
-400
-269
-121
-152
-241
26
-68
-311
-463
-361
-315
-300
-488
-1117
-1078
-197
137
-519
-801
-460
-62
182
316
220
85
302
838
958
730
928
1407
1060
736
1320
1521
1083
836
947
521
476
843
888
114
-488
-241
144
-83
-571
-372
-669
-905
-485
-136
-588
-829
-487
-612
-470
119
184
-356
-419
131
285
17
-131
3
-128
-389
-108
-351
-876
-863
-452
-766
-1254
-930
-860
-951
-900
-792
-901
-717
-301
-26
12
57
260
457
677
905
1177
1160
1204
1178
1058
1089
1428
1296
815
881
1048
799
297
206
282
174
-73
-124
-229
-525
-822
-441
-78
-230
-543
-660
-328
-170
229
251
194
-133
115
606
482
199
54
359
33
-108
-417
-403
-263
-154
-641
-1410
-1421
-818
-276
-872
-1730
-1767
-839
-178
-339
-655
-645
-348
13
386
691
565
355
582
1010
923
681
854
1107
825
459
502
580
596
373
109
-211
-58
238
107
-435
-543
-210
54
-87
-201
-146
-204
68
377
489
205
334
678
624
418
519
593
396
178
281
195
42
74
-46
-507
-888
-647
-321
-428
-1042
-1264
-1142
-687
-332
-396
-821
-1083
-390
200
177
-75
-177
-32
236
563
527
247
253
329
350
219
382
503
114
-409
-309
190
224
72
-345
-686
-559
105
265
-167
-398
-267
-37
243
494
414
233
199
591
706
621
560
569
496
324
466
482
394
286
97
-237
-366
-110
74
-282
-788
-826
-437
-157
-262
-545
-513
-244
-110
-85
-126
74
123
30
-36
66
362
360
271
37
-259
24
330
278
-308
-570
-384
-268
-54
-270
-438
-805
-717
-343
-145
-172
-435
-275
-313
-160
152
316
128
30
377
447
268
444
734
505
311
450
653
586
440
309
70
102
381
406
-39
-457
-171
75
-28
12
46
-100
-238
123
299
152
-54
-12
325
217
46
115
325
146
-2
79
-84
-72
46
-74
-495
-687
-334
-200
-364
-700
-747
-700
-624
-322
-434
-683
-596
-365
-347
-242
-65
-87
-176
101
79
179
326
381
223
234
487
510
469
191
224
199
394
422
299
1
-140
52
92
226
223
-46
-174
203
420
217
13
113
229
498
483
204
52
404
538
331
213
136
141
28
178
-40
-262
-271
-29
-114
-426
-506
-470
-515
-433
-380
-696
-841
-429
-177
-583
-663
-315
-132
-359
-243
-130
-152
-41
233
266
-74
-72
163
260
72
90
194
184
-6
-35
-14
121
152
3
5
95
86
-32
233
315
177
169
368
356
307
479
495
400
362
482
488
374
175
168
269
317
148
42
62
89
-34
-247
-224
-198
-119
-185
-290
-521
-496
-237
-201
-308
-338
-263
-385
-389
-208
-60
-33
-61
-170
-302
-257
-18
112
-83
-228
-206
-135
-141
-97
-55
-196
-259
-184
-71
-69
7
-49
-154
-4
268
273
172
201
215
203
407
577
435
238
303
372
247
235
395
397
47
21
105
179
140
151
-56
-287
49
259
45
-291
-244
-72
2
113
54
-302
-420
-123
241
107
-155
-147
-207
-254
-47
119
-134
-402
-268
-134
-260
-175
-130
-322
-581
-356
-34
-124
-278
-248
-253
-262
78
283
2
-283
30
370
339
215
231
212
210
339
373
206
250
359
189
-60
78
361
209
31
21
84
-21
86
255
55
-170
-32
160
44
-70
46
99
-14
-21
79
179
35
-51
-88
-36
7
52
-29
-158
-175
-227
-123
-43
-109
-312
-363
-244
-152
-148
-174
-204
-120
-165
-128
-41
-60
-37
95
109
-65
3
166
195
26
25
89
162
74
5
30
-63
-31
131
131
-91
-105
-29
25
88
148
-19
-104
32
244
198
-27
-115
117
306
159
78
3
67
35
159
69
-18
53
151
53
-180
-115
96
195
-20
-171
-253
-77
59
80
-169
-229
-31
100
19
-109
3
5
90
74
46
-99
-47
76
-2
-44
-84
-100
-163
-93
-64
-193
-181
-41
-18
-215
-301
-123
9
-18
-72
-116
-114
48
192
51
-91
84
257
224
135
103
94
146
193
140
114
76
105
119
41
5
46
149
78
-33
-110
-50
54
29
-71
-109
-34
63
151
31
-89
-27
164
174
95
78
-36
-121
20
155
14
-215
-170
-96
-153
-189
-148
-124
-239
-158
-139
-162
-204
-108
-57
-154
-77
9
42
-38
8
23
77
233
250
64
19
200
237
123
135
161
103
67
123
100
-24
6
38
19
-103
-23
-43
-143
-103
40
-27
-198
-53
87
20
-105
-50
-8
59
106
43
-63
-41
72
48
-15
-56
-51
-45
-87
-167
-139
-46
65
42
-53
-188
-145
60
221
133
-80
-93
53
160
84
70
19
34
1
62
93
131
90
-67
9
126
169
69
6
-73
-99
28
126
-4
-216
-206
-39
12
-70
-96
-196
-213
-12
66
-78
-193
-78
-26
-41
9
-14
-76
-38
119
66
-90
-70
80
74
-66
-21
24
19
81
134
20
-49
167
245
92
85
196
162
79
143
226
118
19
69
53
39
47
96
-43
-182
-17
127
70
-108
-98
-47
-54
11
46
-28
-189
-178
-54
-37
-80
-73
-77
-189
-154
6
-12
-147
-147
-52
-120
-130
-42
-34
-127
-110
-46
-100
-122
-62
-19
-110
-46
67
50
-42
13
131
94
155
213
144
75
213
304
166
158
221
205
80
148
215
96
12
27
93
-48
-66
45
15
-107
-95
-5
-42
5
67
-112
-217
-44
44
-60
-138
-53
-65
-40
-25
-46
-115
-108
18
-7
-131
-153
8
-37
-183
-204
-73
-51
-132
-196
-200
-114
-16
11
-44
-133
-72
88
119
74
43
133
54
100
179
224
166
138
151
96
125
154
163
58
42
40
6
-8
62
36
-45
-73
8
25
57
64
-32
-101
-15
183
91
-63
-69
57
51
40
60
-3
-76
-21
49
-6
-32
-47
-126
-157
-58
-59
-134
-197
-158
-136
-116
-58
-36
-113
-149
-16
38
-67
-45
58
28
-14
51
94
24
10
45
70
28
20
6
12
-12
37
51
-35
-40
-28
31
7
54
42
32
62
67
115
128
126
93
102
125
126
96
100
137
128
36
-17
29
44
20
-3
-37
-103
-121
-68
-30
-128
-199
-137
-50
-79
-117
-111
-104
-69
-2
-7
-75
-59
-11
16
-17
10
43
-14
-70
-65
-29
-10
-15
-51
-119
-139
-31
37
2
-102
-125
-29
47
56
2
-2
60
83
111
119
151
143
160
185
111
121
182
217
60
-10
64
138
102
-27
-67
-71
-14
-1
-64
-141
-152
-94
-55
-75
-135
-165
-97
-47
-65
-83
-51
-20
-25
11
13
24
37
60
10
-54
-13
12
-8
-46
-4
-44
-135
-138
-5
2
-56
-76
-85
-73
-10
83
24
4
60
131
78
81
162
192
138
95
145
125
92
108
87
18
46
94
18
-106
-80
-39
-9
-40
-90
-89
-94
-97
-92
-53
-48
-51
-66
-83
-68
15
63
-13
-50
-8
70
97
70
28
-44
-21
40
81
28
-45
-82
-89
-25
23
-2
-100
-101
-46
-50
-46
28
67
-9
-41
29
99
122
83
48
37
66
111
111
37
-44
-9
24
16
-10
-14
-77
-91
-44
-30
-51
-26
-12
-69
-93
-53
40
19
-14
-6
9
-11
52
98
35
-12
72
137
71
28
6
18
51
85
13
-62
-60
-18
-10
-45
-67
-50
-30
-53
-62
-54
-10
12
-15
-45
-40
30
90
69
-9
-32
51
89
48
-21
-48
-21
-14
-16
-32
-75
-68
-48
-57
-89
-71
-3
-54
-80
-76
-12
-25
-50
20
10
-25
-8
99
52
-30
43
136
92
28
76
51
24
85
131
42
-70
9
85
36
-66
-35
8
-9
4
3
-28
-14
49
6
-36
14
62
50
43
48
22
17
50
59
1
-48
3
36
-39
-58
-21
-26
-60
-31
-29
-100
-92
-39
-27
-84
-99
-72
-26
-11
-42
-81
-93
-28
59
20
-85
-72
28
66
17
21
-7
-2
35
94
79
19
40
47
36
16
77
84
11
-8
55
56
43
49
40
-3
40
118
57
-36
1
98
61
14
-11
-3
-19
35
37
-58
-78
-7
28
-31
-42
-44
-47
-41
-1
-31
-89
-52
-16
-59
-96
-57
-39
-80
-69
-68
-75
-35
-6
-60
-125
-26
18
-15
-58
-50
20
44
65
25
24
41
53
51
65
85
67
71
41
12
61
113
118
41
-1
7
35
95
96
28
-52
-29
53
54
19
-20
-38
-29
0
22
-16
-37
-37
-29
-22
3
34
-19
-50
-54
-8
19
-4
-24
-85
-89
-43
10
2
-66
-81
-94
-38
9
-20
-42
-53
-10
-15
21
39
20
-1
4
60
16
39
70
25
-10
25
102
68
24
6
-5
24
63
67
-29
-38
23
22
19
10
16
-52
-28
-2
-29
8
-4
-13
-42
-5
20
43
13
-40
-6
-9
39
32
8
0
-23
5
-7
6
-14
-19
-35
-39
5
-20
-32
-43
-24
-19
-8
38
-36
-39
-19
10
6
12
5
-43
-21
-1
22
7
15
-12
-43
27
33
0
-8
-18
-25
-5
35
-19
-42
-22
21
-7
-42
1
-9
0
25
12
-41
-12
65
42
7
5
-9
-4
77
60
-17
8
39
2
27
32
-16
-34
5
41
-30
-21
16
10
-3
10
41
-32
-9
-3
-25
-27
24
29
-77
-6
-5
11
6
38
18
-69
-1
-25
-26
-26
-11
-1
-30
-14
-10
21
-23
16
-1
-50
-22
-19
-1
2
62
10
5
74
46
43
57
64
28
25
37
2
8
53
51
78
74
-6
38
20
28
42
-13
-49
8
4
-61
29
38
3
-13
-1
-37
-68
3
13
-10
-91
13
5
-88
-19
-8
-17
-95
-38
-62
-78
39
-27
-49
-42
-23
-76
-67
-59
-48
-66
-89
-7
-18
41
-21
23
78
-83
13
38
-41
-29
52
46
2
26
47
67
54
136
-63
-103
-17
-81
-51
4
87
-91
3
212
-23
38
98
1
-310
-129
-203
-484
29
565
-183
-297
865
-28
-442
471
271
-827
-44
215
-700
-193
597
308
-409
431
136
-365
-32
233
-88
-1029
820
-180
-863
497
621
-173
-34
818
-574
-32
70
-55
-103
-231
989
-1048
476
785
-237
13
1016
-114
-1097
812
-390
-485
582
-117
259
-399
696
-76
-60
633
90
-443
79
343
-438
-73
873
-144
-20
126
164
-243
75
424
-322
-49
205
-356
48
351
52
-232
434
-255
-601
396
-52
-14
-168
98
-24
-364
610
-311
172
305
-193
-311
119
65
-209
389
-357
148
-98
-437
461
-385
387
-498
-95
17
-516
489
-302
267
-147
188
-375
-3
165
8
-3
-158
-133
-211
307
-108
17
281
-91
-10
-366
-76
-285
437
-331
-276
-367
237
9
-485
708
-550
376
-369
-335
191
-442
772
-364
-208
89
28
-166
205
408
-263
59
-116
-48
-449
40
460
-468
92
-51
-463
429
-4
55
120
-87
-313
-342
683
-528
274
645
-575
197
299
-216
-336
1567
-777
-263
577
-310
197
-238
683
-155
-600
786
-544
-322
392
452
-271
-251
534
-780
416
335
-59
54
-58
604
-629
98
636
-283
334
-182
157
-706
1240
-803
374
451
-507
116
-262
635
-893
954
1
-554
524
-181
155
-722
1474
-1272
43
801
-684
261
134
332
-177
433
-406
22
-49
70
52
-446
617
-672
197
318
-279
-123
173
67
-570
286
-41
-445
520
148
-665
96
699
-443
-366
628
-575
62
-100
56
-100
-162
406
-338
447
-569
350
324
-718
649
-764
142
2
302
-273
89
-66
151
239
-823
929
-579
66
183
-541
315
-304
416
98
-513
-158
519
-265
-690
1070
-518
-285
454
-559
55
141
86
-16
-222
90
-431
319
-42
-76
245
-405
100
-212
209
-232
434
227
-785
484
-113
-81
375
-96
225
-506
155
-79
-25
186
210
-94
25
-40
-57
195
248
-57
-334
262
-158
-157
587
-253
370
-226
103
-36
-52
185
-170
575
-540
70
-30
30
397
-420
347
-321
74
17
-265
100
177
150
-499
198
-277
278
224
-138
167
-331
285
-103
190
-303
82
761
-833
152
245
-100
234
-73
-110
-178
157
-54
-58
-34
159
-49
-35
181
-369
103
294
-275
123
187
-434
378
-20
-128
-5
76
80
-110
78
-202
101
93
-69
9
-530
143
156
-318
-195
113
116
-265
80
-345
-66
125
72
9
-238
156
-115
139
108
-493
406
-92
38
-355
56
-4
160
205
-450
-20
-14
194
-410
251
145
-295
213
-286
111
-339
302
227
-302
182
-52
73
36
426
-307
-24
358
-377
136
92
-151
225
7
-46
-120
-148
224
58
95
-69
-5
75
111
-125
-101
440
-280
161
72
95
60
74
197
-80
94
-62
48
96
272
-103
-42
304
-12
89
-309
245
-51
-155
249
26
-24
-160
402
-289
182
9
56
128
-75
27
-224
260
40
78
-216
-164
467
-516
228
53
-28
40
-206
31
-230
198
-55
122
-81
-123
-119
-149
129
-240
252
47
-541
398
81
-246
161
157
-172
-78
-108
-126
46
319
12
-207
29
24
-147
-254
156
265
-389
51
178
-133
3
148
-89
-19
-191
-239
-82
140
98
-132
294
22
-187
70
-144
270
-300
32
39
-335
149
-79
43
224
-32
-192
82
-272
-6
-19
-194
351
-271
83
107
-59
20
201
93
-223
-30
-267
290
-17
130
64
200
128
-414
176
6
92
-157
121
-191
115
75
-281
395
38
-89
-361
114
179
-48
-101
281
133
-335
139
-111
77
61
111
-215
44
320
-258
105
134
31
-465
67
217
-441
126
91
-15
-176
141
-180
60
243
-411
-12
184
-40
-138
235
127
-77
20
-162
143
193
-27
-215
24
143
-306
33
222
199
-311
17
34
-271
321
-169
228
-216
-154
-4
-122
439
-96
229
52
-156
-227
39
409
-120
31
44
-82
18
-38
14
496
18
-524
-66
30
59
55
15
169
86
-351
-73
64
343
20
-242
113
-219
-144
153
220
163
120
-100
-234
175
-147
184
196
-165
-129
-192
68
147
213
23
-29
-1
-222
-336
344
250
-152
38
-48
-192
27
46
135
229
-62
-265
-51
107
15
210
62
-95
-28
-167
67
17
329
-42
-203
12
-264
-32
256
168
-193
87
-151
-97
51
-15
272
19
-151
-275
51
105
12
146
-33
29
-141
-124
10
368
80
-300
-53
-55
32
-132
77
291
-68
-202
-186
-10
212
16
-43
77
-63
-189
37
151
108
13
-160
-84
-67
-77
-44
289
43
-165
-37
-196
125
31
18
78
-112
-90
-47
126
-22
-75
46
10
-272
-172
179
149
96
-31
-84
-83
58
-137
-32
109
33
-135
-16
33
-60
100
-26
-74
51
-286
20
270
-36
-17
8
59
-70
-58
2
-12
112
-39
-107
61
-6
68
-87
64
31
-154
42
109
39
-99
22
17
20
-35
-28
102
-35
85
-26
4
36
1
125
-110
17
115
-1
27
60
-49
-33
69
-108
71
108
25
32
-10
86
58
-53
39
54
20
-87
-20
126
106
-12
8
-54
4
41
-21
27
57
-15
-17
-109
29
36
-40
96
-56
-22
48
-55
17
69
-70
-60
-26
64
-65
70
94
-14
49
-118
-7
-35
-43
-1
108
-76
-97
154
-147
-13
96
-38
48
-13
-52
24
64
31
-35
35
7
-75
-36
3
60
21
43
-39
-31
-16
-127
82
85
-18
-136
-6
59
-146
19
134
-30
-18
-82
-252
80
105
-6
-6
45
-8
-64
-59
87
130
-98
12
-167
-24
12
14
119
89
-4
-211
-25
-6
85
78
2
80
-132
44
1
89
104
62
-101
-24
-99
-56
221
11
98
-13
-124
2
77
86
-49
89
-26
-77
-54
30
37
141
-8
-75
-61
-90
75
-11
43
4
2
-41
-28
71
-48
43
66
-85
-142
32
55
-94
115
34
-28
-73
-36
32
3
-21
-50
56
29
-81
-36
28
81
4
-126
-54
108
-10
-105
114
44
-20
-23
-77
5
10
28
-39
71
5
-97
12
-41
30
-71
33
8
-62
-17
26
67
-66
-20
-80
-21
1
-8
33
129
-11
-36
-17
-11
29
-64
40
10
15
-106
16
103
-49
-45
-35
14
-5
-73
54
152
-77
5
-25
-93
77
-42
63
-14
35
34
-6
40
41
14
-107
112
-111
-4
84
95
-13
-15
61
-89
13
-17
-2
1
8
-38
-9
118
-6
34
-2
-25
41
12
-14
95
61
3
-33
18
52
-53
71
8
-24
-27
31
-29
34
33
-30
-12
-44
27
3
26
41
41
-43
-26
-3
-45
42
60
-31
-74
55
33
20
-11
32
63
-15
-70
0
34
-18
3
-60
-34
-52
-8
52
-40
88
-47
15
-27
-5
8
1
29
-7
-16
-9
59
-59
62
2
-74
-21
-13
32
-7
45
12
-11
-9
-20
-54
-39
55
-92
-6
5
-3
-21
35
-25
-15
-10
-24
3
27
17
-36
9
-18
-31
-4
-27
-67
26
-6
-54
55
-56
6
-16
-44
-40
-6
-1
0
17
-86
37
7
-3
-1
-27
42
-49
-54
42
-1
59
19
-14
56
-42
-35
30
-16
-24
32
-45
-24
106
-4
28
39
-4
13
-14
-60
-23
88
-24
-29
19
40
22
-22
35
-12
18
-3
-37
-9
80
22
-25
80
32
-54
-58
-13
-20
18
11
-20
46
8
-28
19
11
24
-13
2
-38
-2
56
27
48
-2
-48
-14
-9
30
9
89
41
1
-15
-59
61
24
33
-7
-5
-3
-40
81
17
2
-1
-93
-15
-42
-13
62
128
-1
-46
-5
-13
-9
36
36
-23
-27
-4
0
40
26
29
-30
-32
-54
-85
58
59
45
-58
-52
18
-90
-1
15
52
-17
-37
14
-60
26
52
-19
-12
-8
-17
-8
62
70
30
-47
-48
-32
-79
-15
17
30
-7
-38
-23
-32
12
11
-4
-4
-46
8
-23
9
40
10
-70
24
-45
-37
29
31
37
-67
16
-41
13
-4
-17
50
-23
-41
-32
27
-27
5
10
-32
-3
-31
42
28
41
-25
-28
5
17
-37
23
69
-10
17
-44
14
63
-15
-18
29
-2
-49
20
63
29
-7
15
-44
-8
-33
-20
63
18
3
-29
54
1
-1
48
14
-12
-42
-13
15
16
2
17
23
-21
-39
-38
45
35
-53
13
6
-40
11
-11
33
20
2
-30
-6
0
-2
-2
14
-5
-63
-3
7
-41
71
37
21
-25
-35
15
-16
-35
17
-2
-17
-2
-37
20
30
16
-35
-27
-21
-15
1
10
47
-10
9
-28
-48
4
-7
-34
-11
2
-37
18
8
35
7
-18
-13
-35
-5
-11
14
12
-3
27
-47
5
10
-19
-13
18
-17
10
33
16
22
-3
7
-2
-11
-5
30
6
-9
-1
27
8
-10
21
-9
14
41
-20
35
27
28
-18
-4
34
-19
5
14
-15
-5
-4
33
21
16
-27
12
-6
-25
4
-4
39
5
13
-42
42
52
-29
-1
7
2
-45
12
60
21
3
-12
15
-19
-17
4
25
9
-14
-27
-9
17
2
14
-18
-5
-2
-23
43
28
-3
-5
6
-19
-23
11
16
21
19
-47
1
-13
-12
-7
7
-32
-55
34
-11
-25
36
-15
-14
2
-38
-48
25
37
-33
11
-5
6
9
-14
15
7
-1
-41
20
3
-33
12
-9
29
-39
-38
-4
42
-16
-20
6
-11
36
-45
-7
29
21
-16
-8
8
-15
3
-4
17
-4
3
13
6
3
-5
-21
7
-2
-46
18
8
1
-4
-21
-13
3
-16
-11
23
5
18
0
8
19
-13
-21
9
-7
-23
4
21
17
-20
11
-8
-5
-5
-22
19
-1
-11
16
16
-7
-14
1
-3
-20
-26
14
25
8
3
3
22
-6
-28
4
-13
-5
0
-9
19
7
2
4
26
0
-52
12
14
-25
5
11
11
33
-11
-25
1
5
-5
-11
-5
-3
14
6
0
50
7
-4
-11
-20
-6
-5
19
29
27
-25
-2
3
1
45
-19
14
9
-9
-21
15
21
-3
12
-24
-25
13
35
34
14
7
-4
-40
-5
0
17
23
21
-2
-4
18
9
25
-5
2
-14
-17
2
18
46
-17
-14
-3
-35
-20
11
-10
17
17
-34
10
0
27
-5
-5
26
-34
-1
13
4
1
1
-21
-10
0
-40
15
18
-22
2
6
-15
-3
-2
4
-18
-26
11
-18
16
-10
-22
21
5
-19
-12
25
14
-4
2
-8
6
6
-24
2
-3
-19
-6
-10
-17
3
-15
-7
-6
-10
5
-3
14
-14
12
-1
-12
-1
9
-3
6
0
-14
2
10
-17
5
4
8
-10
7
3
8
2
-5
-6
0
-6
4
24
-4
6