-4
-3
-2
-2
4
2
2
-3
0
2
-4
1
-3
2
1
1
5
0
3
5
3
-1
3
1
1
4
2
1
7
4
0
6
7
1
-5
2
0
6
-1
2
2
4
6
-2
6
3
4
2
-3
3
-4
4
1
-4
-2
-4
2
0
2
2
1
1
2
2
0
-1
-3
-3
-5
-5
3
-5
-2
0
0
3
-2
4
-2
1
3
-2
-2
-2
-3
-3
0
-3
-5
-3
1
3
3
0
3
3
3
-2
-4
2
-3
0
-1
-3
-1
3
2
-2
-3
1
2
-2
2
-2
-2
5
3
4
-5
-1
-1
-6
-2
0
-6
-1
1
0
5
-1
-2
-1
2
2
-5
-4
-3
-3
-2
-3
-4
-3
-2
-4
1
1
1
4
1
-1
-2
-3
1
-5
-14
-4
-2
-1
0
0
2
3
1
3
-1
-4
3
-5
0
-2
-4
-1
0
-1
-1
2
-7
-1
2
3
0
3
3
-5
4
-3
-6
-3
-2
-2
-3
-3
6
4
0
-1
-1
2
0
-1
-7
2
1
-2
5
1
2
-2
-4
2
3
-3
0
2
3
4
7
0
3
5
-1
-1
0
4
-2
3
4
3
6
7
3
5
1
8
6
3
4
3
6
2
8
-1
-1
4
2
5
5
7
2
6
11
6
4
-3
4
4
0
-1
-5
0
1
7
2
-1
3
-2
5
4
3
-5
-5
2
-6
-4
-6
-4
-6
-1
-3
-6
0
-2
1
-3
-4
-6
-5
-3
-10
-9
-3
-7
-8
-2
-5
-9
-3
-4
-3
-7
-5
-3
-3
-5
-6
-4
-4
-4
-5
-2
-9
-3
-2
-3
-3
-6
0
1
3
1
3
1
2
1
-1
-5
-4
-2
-4
-1
6
3
4
11
11
5
11
10
-2
0
-2
5
1
1
2
8
13
3
12
11
9
9
5
11
4
3
9
3
3
8
2
2
8
5
7
11
4
11
7
7
5
1
2
-3
2
6
2
1
0
5
4
2
1
1
1
-1
-2
1
1
-3
2
-3
-7
-4
-2
-4
-9
-3
-1
-1
-3
1
1
-10
-2
-8
-2
-5
-10
-4
-4
-4
-6
-4
-4
1
-3
-3
-8
2
0
-2
0
-2
-2
-6
-3
0
-4
-5
0
0
4
7
6
0
2
3
3
-4
0
4
-1
-1
0
4
6
10
3
8
8
3
2
7
4
2
3
1
0
4
4
-1
7
6
6
4
2
8
1
2
-1
-2
3
1
1
-2
-2
2
1
0
2
-5
-2
-2
-1
1
-3
-4
-5
0
-1
-10
-3
-3
-6
-1
-4
-1
-5
-3
-3
-2
-6
-3
-1
-7
0
-2
-2
-2
-4
-6
-1
-3
1
-3
-3
1
1
3
6
3
-1
2
-4
-2
2
4
1
1
1
4
7
4
8
7
1
2
5
5
7
3
1
2
-1
6
3
5
0
4
9
5
8
1
1
6
-1
-1
0
-4
3
1
1
1
1
4
-6
-2
1
-4
-9
-2
5
-3
-4
-1
-1
-4
-10
-6
-5
-6
-10
-7
-3
-6
0
0
-3
-6
-4
-3
-5
-11
-10
-2
-10
-4
-8
-12
2
-2
-6
-4
2
4
-2
-4
-3
-3
-4
-7
-6
-6
-1
-3
0
2
2
3
-2
5
-1
6
-5
-4
5
-1
0
-3
3
1
-4
0
3
2
4
-1
7
5
-1
5
-1
1
-1
-4
-3
1
5
-3
-1
4
3
1
3
2
0
0
-3
0
4
-3
-1
-2
-3
-5
-4
5
1
-4
5
-2
-1
4
2
-2
-2
0
-5
-3
-3
0
1
1
0
-6
-1
5
0
2
2
2
1
0
-1
2
0
-2
-2
-4
-1
3
5
4
4
6
4
2
5
-3
-1
-2
-4
2
2
1
5
8
3
-1
0
7
2
-3
2
-3
1
2
1
2
-1
-2
3
0
2
-1
-3
0
-1
4
0
-1
-4
-1
1
-2
0
-2
-1
-2
-5
-4
-2
-1
0
-3
-3
5
3
-5
-1
0
-4
-5
-7
-3
-5
-1
0
-4
0
3
-1
-3
0
2
-5
-6
-2
-1
0
-4
1
0
-4
-4
1
4
-3
0
1
-1
0
3
-1
-3
1
0
1
-3
1
4
1
-2
0
1
-1
1
2
4
-1
3
4
0
1
5
2
-3
-1
-2
0
-3
5
8
6
3
2
3
4
6
-2
-3
0
4
1
2
-1
3
7
4
4
1
1
0
3
6
7
5
-1
0
6
3
0
1
3
2
-1
3
10
8
8
3
5
4
4
6
6
-1
-2
4
3
2
0
8
6
1
3
3
7
6
2
3
4
-1
-1
2
-3
3
2
0
2
4
2
0
3
3
1
-2
0
0
-3
-2
-2
3
-1
-1
0
-2
-4
-4
4
-1
0
-3
-7
1
0
3
-3
-2
-3
-7
-1
-4
-4
-5
-5
1
0
-4
0
0
0
-1
-4
-6
-4
-5
-8
-2
0
0
-2
-2
3
-1
0
-2
-1
-3
-7
-4
-1
-2
-4
0
-3
1
2
0
-3
0
4
-4
-2
1
1
-3
-1
1
-1
-2
-1
4
4
2
2
-1
-3
3
7
-1
0
-4
5
6
4
2
0
3
2
2
-3
3
4
1
8
9
1
13
4
7
4
-4
3
2
2
2
2
6
12
5
3
6
10
5
0
6
5
-1
4
8
-2
4
7
1
2
-1
6
1
4
5
1
6
3
2
-3
-2
2
1
-1
-6
-2
-1
2
2
0
-2
0
-6
-3
-1
0
3
-5
-6
-3
-2
-8
-5
-3
-7
-9
-7
-3
-5
2
3
-6
-3
-4
-6
-7
-6
-2
-6
-9
-6
-1
-3
-8
-3
-1
-2
-1
-2
0
0
-4
-3
-2
-1
-5
-4
-6
1
1
-6
-2
1
3
3
6
-1
1
-4
-3
7
0
2
-1
-3
-1
1
-1
2
3
4
6
-2
1
5
2
1
-2
0
3
0
-3
4
3
-1
-3
-1
4
7
-1
-7
1
0
3
5
2
-1
0
-8
-5
0
-2
3
2
1
5
-1
0
-3
3
5
-2
-6
-7
1
0
0
1
6
2
-1
3
0
1
-2
2
6
0
5
1
-5
0
2
-4
2
4
6
0
4
8
5
5
2
1
-1
1
-6
-4
2
2
0
6
9
2
3
2
-1
2
4
3
-1
-5
-1
-11
0
-4
-1
6
1
2
-1
-2
2
3
1
-5
-9
-3
-8
-8
-6
-3
5
-6
-4
-3
-2
-8
-1
-4
-3
1
-5
-9
-6
-2
0
-13
-5
-7
-9
-6
1
-1
-6
0
-2
4
-2
-6
-11
-5
-5
-5
-5
-10
-2
-4
-3
-4
-6
3
5
-3
-4
3
-7
-7
2
-10
-9
-3
-3
-7
-2
-3
4
4
0
4
-2
-11
3
-4
-8
-4
-4
-9
-2
2
2
0
1
-3
3
-3
1
5
-6
-1
-5
-4
-3
-1
-1
-1
-6
3
4
0
1
5
2
2
-3
-1
-1
2
-1
-6
1
2
7
-4
0
0
5
4
11
-3
4
1
2
3
7
7
-1
-2
-1
3
12
4
14
0
3
8
0
8
6
5
5
5
-1
0
3
10
2
-1
9
-2
9
5
-1
5
8
8
-6
1
2
-4
-1
3
0
6
0
-5
14
-9
7
-2
0
-1
-11
0
-3
-4
5
-6
-10
6
2
-7
-1
3
-4
-10
2
-10
-3
12
-33
11
-6
-26
17
-1
-13
13
-10
-10
10
-11
1
-7
-8
-5
5
-16
0
-1
-4
6
-10
1
1
-10
3
3
-10
11
0
-16
14
-27
18
-9
-12
26
-15
-15
38
-23
2
21
-22
12
2
-16
8
5
-3
-12
27
-17
11
6
-9
8
-12
18
1
-6
12
-1
-6
30
-32
11
17
-19
15
11
-14
4
25
-1
-5
27
-14
-9
27
-13
-5
20
-4
-4
27
-14
9
16
-5
11
18
-23
15
15
-29
44
-13
-10
28
-5
-27
61
-25
6
19
0
-16
35
-9
-14
34
-16
-14
38
-20
-7
38
-19
-5
24
-19
-2
30
-13
-9
23
-12
-2
13
-16
7
-2
-22
33
-34
11
25
-38
32
0
-30
38
-25
-20
29
-27
-21
47
-55
37
-21
9
-6
0
-15
15
-20
-8
27
-38
19
2
-4
-26
35
-35
-5
23
-37
18
-5
8
-34
48
-15
-30
47
-31
-30
59
-37
-42
104
-88
0
79
-82
24
55
-69
9
63
-99
64
11
-64
75
-29
-31
42
1
-57
80
-32
-26
51
-45
8
33
-27
-11
45
-42
8
32
-43
12
13
19
-73
84
-27
-73
112
-71
-3
43
-3
-61
91
-70
14
14
-19
6
-19
28
-37
32
-15
-8
18
-15
27
-43
29
-5
-25
3
56
-119
122
-70
-10
72
-96
81
-56
30
-11
5
-25
59
-91
80
-30
-37
81
-88
58
-36
42
-50
39
-6
-32
45
-16
-14
18
-4
-36
85
-103
66
30
-159
231
-174
27
106
-130
19
114
-157
79
51
-132
98
-9
-37
2
71
-99
39
47
-96
61
22
-113
146
-111
39
40
-81
54
7
-64
59
-21
-48
88
-109
91
-65
43
-36
17
12
-40
41
-18
-48
42
19
-105
119
-67
-7
25
-33
44
-88
96
-54
-28
63
-68
35
-16
11
-57
102
-173
191
-153
62
16
-81
79
-50
13
12
-9
-48
90
-139
145
-112
49
1
-64
109
-128
91
-28
-45
79
-70
29
8
-23
4
36
-100
141
-142
66
79
-224
272
-211
77
49
-54
-30
110
-92
-6
110
-147
134
-108
99
-74
7
66
-83
54
15
-49
70
-50
17
43
-63
46
7
-77
116
-116
84
-1
-68
104
-49
-35
99
-44
-59
129
-101
21
40
-53
55
-58
79
-52
22
-29
53
-62
36
14
-26
29
-48
109
-140
112
-38
-43
81
-75
46
-40
36
-38
67
-84
74
-28
-28
64
-107
142
-163
110
-1
-109
159
-135
60
7
-50
56
-14
-68
112
-81
-28
134
-147
61
48
-106
23
117
-205
156
-4
-124
92
76
-215
193
-52
-86
124
-83
25
-16
26
-50
85
-69
-9
114
-189
177
-142
133
-124
57
73
-167
156
-67
10
-56
153
-219
215
-164
105
-23
-71
149
-152
123
-87
80
-73
42
-28
57
-88
43
107
-257
326
-238
58
103
-149
117
-81
94
-133
183
-205
174
-104
21
72
-89
73
-58
82
-134
130
-40
-21
7
46
-38
-65
192
-223
149
-35
-25
26
-19
35
-69
115
-149
186
-184
165
-130
88
-49
-29
145
-239
241
-153
48
20
-12
9
-28
67
-103
102
-74
44
-28
-18
81
-137
174
-174
154
-130
123
-138
143
-106
4
118
-184
167
-97
56
-70
92
-91
41
5
-5
-11
-18
97
-208
257
-183
62
69
-153
151
-124
83
-66
88
-135
146
-128
93
-42
-10
93
-154
163
-85
-23
58
-7
-80
85
4
-143
227
-178
38
119
-202
212
-147
70
-34
44
-94
110
-38
-115
259
-289
202
-64
-16
10
57
-115
127
-59
-75
194
-196
34
183
-257
143
69
-205
156
-9
-84
103
-66
11
50
-116
166
-144
56
60
-113
89
-20
-45
38
60
-202
308
-264
73
160
-234
118
65
-103
-61
287
-341
159
113
-246
139
108
-243
180
48
-242
282
-143
-56
169
-108
-55
206
-224
127
-18
-24
39
-28
3
77
-184
265
-237
139
-30
-6
-31
100
-122
65
42
-134
180
-168
191
-269
354
-317
129
109
-248
185
36
-234
266
-110
-112
256
-220
60
103
-169
112
-18
-22
-10
68
-96
97
-87
92
-101
84
-10
-104
173
-185
162
-140
163
-223
253
-264
243
-134
-64
279
-390
326
-161
58
-46
44
9
-63
13
132
-273
252
-60
-172
300
-235
34
168
-246
132
113
-288
261
-73
-144
210
-134
31
40
-69
71
-70
55
-38
50
-65
67
-50
-7
90
-170
204
-149
30
54
-72
6
90
-125
71
37
-103
50
53
-102
47
98
-215
160
19
-222
303
-175
-54
225
-215
3
259
-384
259
58
-346
430
-310
91
51
-24
-85
180
-172
5
203
-302
228
-25
-127
103
40
-148
156
-48
-58
68
-1
-110
211
-251
217
-116
9
49
-19
-56
126
-116
45
50
-131
127
-71
44
-65
130
-173
153
-96
58
-25
-18
78
-173
248
-250
154
20
-191
273
-234
145
-78
63
-83
73
-30
-45
118
-143
111
-31
-35
17
68
-116
89
-48
53
-134
175
-100
-19
74
-8
-102
109
20
-185
280
-263
175
-76
-27
118
-152
132
-65
-24
67
-76
73
-51
13
55
-119
128
-78
14
16
23
-111
175
-202
140
6
-181
303
-285
157
-58
64
-168
234
-217
140
-41
-48
106
-146
122
-56
-31
61
-19
-85
171
-233
212
-130
31
30
-13
-60
94
-99
18
81
-175
204
-169
97
-64
55
-54
18
36
-88
72
-62
81
-126
149
-178
214
-254
236
-122
-62
194
-182
2
253
-392
295
36
-381
485
-299
-5
178
-120
-108
364
-491
479
-331
139
55
-141
131
-84
39
2
-14
-12
118
-220
242
-118
-36
147
-126
41
38
-42
4
53
-56
14
45
-33
-52
186
-243
226
-129
0
86
-75
45
-14
45
-93
83
-15
-33
33
30
-28
-50
141
-176
96
54
-164
190
-106
2
34
29
-151
210
-94
-80
166
-119
5
-5
139
-324
439
-374
186
-6
-64
-19
142
-187
100
91
-280
357
-328
204
-94
93
-154
178
-123
1
48
-45
88
-209
305
-260
51
152
-245
207
-136
119
-141
93
-4
-124
228
-255
203
-112
30
-23
91
-221
299
-250
55
191
-335
222
74
-330
352
-122
-161
314
-276
87
119
-213
110
119
-341
417
-308
155
-1
-90
67
61
-243
392
-309
3
367
-606
548
-213
-139
327
-198
-65
205
-69
-217
406
-328
119
91
-147
61
63
-79
-73
378
-551
484
-174
-163
327
-270
148
-34
-9
2
62
-111
119
-44
-80
254
-413
512
-437
205
16
-80
-21
153
-151
65
29
-132
262
-382
352
-124
-159
296
-244
103
7
-43
-25
177
-381
492
-432
238
-72
-4
-35
100
-89
-11
187
-340
275
-81
-59
-81
412
-614
457
-60
-323
492
-423
213
16
-130
84
22
-82
3
67
-26
-66
88
21
-128
100
57
-229
364
-377
304
-183
96
-165
263
-307
261
-123
71
-36
-40
127
-169
178
-201
317
-407
326
-162
-28
161
-199
218
-143
97
-190
393
-561
459
-110
-240
354
-239
102
-123
266
-423
446
-213
-185
542
-689
561
-359
184
-119
127
-109
35
121
-403
627
-672
460
-130
-84
100
-16
-68
4
143
-292
366
-268
57
89
-157
101
-15
-43
111
-121
56
50
-157
165
-130
130
-143
140
-80
68
-203
377
-443
348
-127
-17
99
-185
262
-344
353
-211
50
99
-107
-26
174
-268
264
-165
73
46
-114
39
149
-295
211
181
-584
755
-553
93
320
-490
320
30
-265
236
99
-480
581
-354
-94
550
-744
680
-451
224
-229
307
-324
169
137
-342
376
-366
367
-418
439
-365
254
-106
-118
293
-454
489
-455
444
-428
426
-450
452
-452
324
-97
-154
359
-441
383
-281
126
-58
97
-166
181
-48
-218
467
-695
815
-721
412
-1
-286
311
-206
87
-90
148
-217
335
-429
421
-292
46
132
-197
183
-157
206
-318
376
-377
231
-14
-120
143
-105
102
-279
478
-612
610
-427
162
111
-290
247
-145
110
-298
591
-746
682
-463
202
-64
74
-145
177
2
-348
603
-670
482
-214
-16
202
-235
157
-37
37
-285
624
-741
551
-189
-58
49
55
-56
-107
414
-650
745
-642
435
-224
34
184
-354
442
-365
209
-87
66
-67
64
3
-99
282
-463
555
-486
369
-324
414
-475
360
-44
-268
364
-242
103
-102
304
-570
734
-654
338
25
-273
349
-276
159
-86
45
-69
75
-43
-7
99
-206
332
-523
587
-494
283
-111
93
-181
143
64
-408
662
-704
565
-378
299
-421
509
-532
360
-64
-188
344
-378
266
-171
142
-256
386
-325
41
240
-340
160
10
9
-195
376
-310
40
198
-268
94
108
-138
1
212
-313
197
-31
-106
130
-15
-124
271
-312
210
-77
-21
35
-27
100
-175
166
-72
-46
58
24
-61
73
-52
83
-149
140
-58
-88
208
-194
85
85
-226
245
-150
-32
250
-348
322
-173
-10
45
46
-162
182
-45
-35
-38
202
-314
263
-95
-13
5
115
-205
162
-24
-155
269
-209
130
-51
-10
76
-201
333
-399
400
-279
120
58
-218
285
-266
266
-299
455
-572
585
-536
396
-248
164
-89
79
-47
-22
49
-32
2
0
120
-220
217
-107
-74
132
-67
-17
107
-124
142
-192
178
-97
-95
335
-425
272
37
-302
286
-51
-218
298
-164
7
54
25
-183
187
-128
67
-97
253
-347
262
-52
-187
275
-240
168
-113
121
-161
149
-161
46
122
-236
347
-305
220
-198
155
-168
166
-141
190
-218
176
-99
-79
196
-182
163
-32
-7
-72
124
-198
199
-134
102
-50
25
-7
-38
13
95
-222
426
-505
435
-301
78
89
-113
11
204
-382
381
-112
-319
693
-771
503
-101
-174
196
-54
-25
-89
350
-644
771
-648
359
4
-260
328
-290
140
-35
67
-123
198
-225
139
-105
112
-152
223
-178
76
4
-93
89
-68
43
53
-76
30
53
-140
87
55
-132
110
61
-257
336
-295
149
37
-121
149
-28
-132
192
-156
0
162
-201
250
-278
368
-495
571
-516
370
-110
-113
230
-248
122
87
-235
275
-90
-170
373
-379
204
46
-230
293
-241
115
17
-78
54
38
-127
152
-27
-169
342
-390
250
-13
-200
296
-321
352
-435
522
-464
190
153
-408
481
-362
186
-114
136
-291
452
-500
368
-50
-353
646
-747
604
-333
122
-62
131
-248
232
-84
-164
374
-437
320
-65
-186
294
-251
111
-15
48
-177
250
-191
17
145
-161
-12
277
-440
404
-135
-215
479
-629
566
-355
90
196
-315
262
-140
45
-126
359
-559
622
-446
60
326
-547
455
-128
-115
134
130
-499
599
-418
52
303
-369
209
23
-181
100
50
-111
77
73
-210
257
-279
175
-13
-113
160
-37
-206
399
-453
290
22
-303
450
-424
256
-90
13
-93
270
-419
363
-85
-242
412
-274
-16
276
-365
199
17
-163
191
8
-240
340
-282
33
229
-366
385
-199
-22
173
-186
20
156
-193
122
41
-183
217
-194
167
-175
257
-326
328
-194
22
75
5
-177
272
-192
-105
426
-525
369
-11
-256
238
-21
-241
356
-293
179
-30
-44
15
-20
60
-204
376
-398
328
-229
154
-157
110
-37
-22
131
-266
391
-469
367
-158
-64
267
-355
342
-281
103
13
-77
139
-128
165
-159
51
-79
157
-276
374
-277
151
-46
-48
-35
68
-2
-107
362
-462
385
-269
21
79
-48
-19
196
-199
105
15
-172
109
22
-75
72
115
-276
332
-267
40
83
-53
-79
271
-178
-69
287
-426
292
-93
-64
185
-56
-133
292
-328
58
243
-391
386
-118
-88
111
-58
-108
150
-42
-25
110
-119
92
-166
188
-95
-6
155
-185
56
56
-196
201
-32
-147
339
-384
279
-192
98
-84
158
-174
217
-211
125
-161
145
-104
7
240
-362
361
-266
101
-55
1
-14
102
-156
224
-186
31
45
-97
22
125
-194
239
-140
-23
91
-181
148
-94
102
20
-171
368
-573
512
-291
13
159
-37
-175
258
-140
-73
145
-40
-136
210
-110
-43
162
-154
35
97
-173
137
-42
-6
24
-27
97
-207
280
-298
257
-196
192
-188
206
-214
176
-68
-124
306
-365
270
-78
-35
-2
196
-318
285
-111
-99
141
2
-166
255
-95
-220
426
-427
107
341
-519
392
51
-508
628
-448
67
305
-433
421
-319
225
-261
295
-272
160
31
-165
202
-201
197
-215
249
-216
151
-153
198
-287
285
-107
-74
181
-159
-38
145
-189
166
-21
-47
42
13
-186
256
-256
188
24
-179
280
-273
89
-57
111
-261
430
-363
185
37
-262
247
-129
-57
212
-109
-49
201
-308
235
-219
156
-92
185
-272
376
-438
340
-318
288
-243
222
-9
-197
367
-553
572
-526
440
-369
514
-673
682
-558
207
76
-256
453
-491
562
-568
477
-504
499
-513
596
-445
191
125
-481
481
-387
290
-105
138
-61
-71
127
-388
576
-634
611
-226
-58
113
-148
-17
-60
365
-497
661
-533
196
-36
-183
193
-68
137
-145
310
-548
559
-499
246
44
-114
125
0
-96
26
62
-312
549
-607
525
-241
38
-26
139
-304
269
-45
-207
458
-430
246
-138
46
-150
238
-180
122
96
-224
206
-163
-47
172
-118
132
-11
-84
101
-204
62
171
-288
338
-75
-244
326
-332
181
-62
179
-209
335
-420
271
-190
68
-50
228
-284
255
-105
-134
161
-101
-53
253
-262
180
-21
-121
110
-61
-59
164
-168
96
112
-331
367
-333
175
-90
90
-92
240
-321
332
-330
104
76
-122
84
112
-181
69
53
-300
375
-312
225
-35
35
-140
154
-167
-36
321
-431
540
-462
236
-139
-35
89
-33
162
-291
465
-592
379
-75
-180
319
-129
-68
142
-93
-223
488
-513
345
80
-421
462
-325
31
164
-98
-80
309
-406
279
-78
-67
49
79
-91
-72
290
-408
357
-227
99
-109
129
-160
167
27
-236
370
-373
134
37
-32
-69
317
-495
448
-347
100
85
-125
160
-140
124
-103
-22
71
-58
33
7
88
-177
111
28
-241
364
-355
257
-96
-53
101
-75
71
-136
281
-314
209
-39
-80
55
-5
-15
16
26
-62
118
-196
195
-125
48
56
-52
10
50
-165
199
-73
-190
486
-528
282
103
-386
355
-68
-236
353
-256
28
181
-223
194
-176
214
-262
255
-206
205
-213
224
-191
8
56
-54
56
-23
127
-173
97
-92
29
56
-75
156
-103
-91
154
-292
341
-247
203
-55
-46
-43
64
-86
2
214
-287
340
-409
317
-262
201
-144
279
-322
186
-5
-325
510
-556
518
-307
75
31
10
-124
141
53
-317
520
-537
370
-161
-58
48
52
-134
97
168
-402
570
-609
399
-213
12
151
-48
-56
115
-132
-120
278
-393
468
-331
260
-163
-25
31
-142
257
-257
363
-376
293
-306
205
-163
165
-62
25
67
-260
310
-390
331
-177
149
-111
77
-97
85
-160
297
-277
158
34
-177
21
204
-356
307
-16
-246
333
-250
78
34
15
-120
253
-318
220
-40
-71
77
105
-346
366
-174
-103
327
-251
88
-3
-7
-133
201
-95
87
-99
242
-419
364
-197
-22
255
-285
265
-244
181
-293
403
-417
384
-169
30
34
-76
68
-144
223
-260
348
-373
263
-92
-128
233
-198
126
-75
129
-225
354
-440
355
-171
-39
80
64
-148
107
103
-328
324
-138
-209
515
-562
395
-114
-96
139
-86
-41
203
-222
151
119
-459
571
-541
384
-244
244
-148
-22
100
-98
11
67
46
-90
131
-166
104
-106
65
40
-100
192
-266
236
-203
209
-251
389
-389
255
-151
33
43
-132
282
-317
201
-99
84
-223
471
-498
302
-50
-288
370
-180
-100
425
-512
327
-156
18
6
92
-26
-76
158
-323
262
-160
98
-36
253
-495
508
-418
74
321
-410
455
-333
75
-48
90
-236
444
-385
257
-146
-24
91
-84
166
-174
199
-347
437
-536
609
-446
288
-88
-125
151
-152
214
-281
510
-638
544
-465
216
22
-42
159
-113
64
-228
284
-284
207
119
-335
403
-380
101
94
-117
55
184
-212
29
127
-278
257
-120
89
-21
37
-117
100
-127
81
10
-1
116
-263
342
-389
237
-4
-91
180
-182
170
-237
260
-248
218
-131
122
-170
220
-240
150
25
-186
332
-429
467
-362
200
-34
-81
117
-175
196
-119
23
83
-34
-86
57
59
-264
392
-280
163
0
-173
172
-193
161
-113
328
-468
484
-471
224
-87
49
60
-57
54
-73
-22
3
55
-109
255
-314
388
-488
432
-399
221
51
-160
186
-100
-89
106
-120
89
61
-94
174
-290
253
-188
-10
197
-185
66
193
-383
350
-229
12
113
-128
226
-275
311
-314
130
49
-142
249
-207
116
-44
-64
61
71
-121
160
-218
221
-226
204
-55
47
-127
222
-374
387
-217
104
97
-155
72
-138
189
-269
395
-253
170
-149
79
-179
254
-163
159
74
-364
429
-466
274
30
-81
215
-311
312
-440
416
-348
376
-245
47
133
-250
99
136
-152
-36
360
-586
518
-284
-5
154
-169
121
-189
347
-461
514
-427
265
-173
-2
107
-99
80
6
-63
16
-66
10
92
-197
350
-355
249
-202
95
-27
-43
168
-264
299
-264
69
125
-242
151
104
-317
374
-284
159
-114
62
-37
-9
-47
135
-100
-14
152
-210
165
-205
351
-460
475
-366
157
-6
-182
279
-220
113
57
-135
79
-45
29
-78
291
-461
492
-352
10
217
-275
227
-68
16
0
27
-120
107
-28
-29
64
91
-281
407
-392
199
24
-158
169
-20
-32
-4
74
-134
-21
309
-435
474
-248
38
-18
-19
-36
153
-155
174
-64
-144
174
-90
161
-293
529
-567
270
16
-268
383
-224
77
96
-219
121
-122
182
-126
163
-107
-66
124
-366
623
-689
688
-435
77
40
-27
-147
349
-241
-46
246
-366
168
69
-136
62
113
-283
227
-65
-170
438
-487
383
-193
-51
-10
149
-215
215
-69
-123
165
-202
163
-101
113
-138
230
-411
444
-359
112
276
-485
465
-295
90
-56
204
-304
202
110
-463
559
-453
235
-148
222
-219
183
-107
96
-128
45
151
-308
264
-81
-15
34
2
-24
-51
109
-71
107
-60
8
-56
-26
30
-95
201
-81
-19
83
-184
194
-177
129
175
-381
393
-343
254
-318
362
-206
-110
401
-557
483
-354
217
-61
43
-146
185
-87
-182
481
-547
371
-134
-121
336
-403
438
-355
202
-175
88
-24
-66
179
-140
-55
157
-171
-18
443
-671
671
-389
-9
223
-210
24
119
-53
-66
175
-252
322
-400
424
-368
194
-9
-102
169
-110
40
-131
265
-313
282
-85
155
-222
169
-50
-319
499
-351
289
-128
-90
106
-210
184
-20
132
-273
385
-408
98
146
-198
285
-163
35
187
-580
678
-495
283
-26
-107
186
-401
440
-526
606
-556
422
-193
-33
37
56
11
-104
309
-532
587
-476
327
-139
52
-131
16
12
-9
28
-4
327
-688
628
-416
-1
217
102
-304
355
-268
-105
362
-470
525
-278
201
-267
255
-350
124
198
-273
223
-92
-147
158
-85
-62
362
-392
148
183
-393
272
-170
329
-451
387
-162
-159
192
36
-296
476
-476
163
51
-136
179
-287
429
-583
527
-425
457
-272
67
315
-550
291
-20
-131
115
157
-224
-43
259
-634
733
-504
232
251
-315
90
-37
115
-373
672
-532
320
-86
-146
226
-128
-121
435
-438
149
190
-357
184
200
-386
252
134
-575
621
-171
-156
317
-158
-39
35
-47
134
-102
0
199
-286
83
87
-271
467
-521
510
-409
184
-43
-87
259
-395
486
-375
113
87
-227
292
-197
206
-138
-140
189
-165
87
-72
279
-565
553
-294
-196
603
-750
672
-325
53
168
-346
351
-333
348
-433
621
-693
408
48
-430
534
-451
344
-359
360
-278
135
113
-343
391
-324
202
-43
184
-294
277
-189
-36
129
-74
-35
15
140
-186
-12
120
-46
-197
452
-516
478
-592
472
-337
16
247
-336
281
-270
124
-169
227
-107
78
95
-190
224
-416
544
-406
231
150
-156
205
-254
303
-270
190
64
-47
58
-55
22
-12
-107
145
-120
29
95
-75
90
-19
85
-221
262
-306
213
103
-16
98
-127
-36
-232
226
-146
184
-89
3
-261
-111
-6
-254
208
-94
3
-117
47
-229
126
93
-5
79
186
-166
111
66
-6
221
64
61
150
-41
-251
510
-346
64
320
-422
145
109
-367
275
-46
-398
622
-509
250
48
-91
-1
-113
188
-332
331
-169
-20
25
-236
-4
-38
-282
209
-296
-62
264
-642
398
-307
-240
392
-305
375
-102
136
60
88
123
258
42
199
169
136
76
238
119
-83
115
164
-265
206
-4
-104
56
-183
29
-235
-1
-163
89
-149
167
-109
-25
-1
-214
125
-231
159
-141
6
-81
-208
-105
-349
11
-223
-113
-110
-272
-51
-413
51
-312
73
-14
-62
384
-173
360
47
291
299
211
499
262
348
390
272
319
180
320
337
101
274
292
10
-27
303
-218
177
-31
200
-253
52
-370
-276
-225
-532
-252
-468
-527
-696
-535
-835
-689
-723
-708
-479
-702
-290
-370
-439
-119
-270
37
90
537
341
701
632
552
790
460
1258
458
1460
914
921
1184
540
783
840
572
692
821
284
364
14
10
-331
-292
-566
-635
-996
-966
-1030
-1226
-1406
-1193
-1830
-1375
-1370
-1490
-799
-1169
-885
-683
-708
-456
-126
-136
386
352
486
1091
488
1155
849
941
1271
988
1611
1069
1493
1198
1054
1436
912
1273
1066
1231
1074
879
1004
62
130
-194
-374
-194
-400
-829
-1057
-1786
-2195
-1878
-2277
-1873
-1745
-2007
-1588
-1911
-1628
-1311
-1319
-876
-203
-14
385
808
230
702
396
776
1332
1199
1590
1291
919
825
810
597
978
842
910
1096
713
948
752
464
567
785
861
1070
1469
882
725
14
-612
-220
-714
384
-62
-273
-720
-2035
-2134
-2498
-2180
-2053
-1283
-1696
-1296
-1510
-1789
-1310
-1560
-771
-408
226
728
1010
848
789
697
45
853
622
1301
1675
1218
1237
380
-266
-265
-65
63
880
790
867
555
149
466
335
719
1141
1452
1830
1880
2097
1335
804
-317
-209
207
462
1284
559
-506
-2245
-3166
-3289
-2789
-2417
-1446
-1771
-2282
-2130
-2557
-1950
-1898
-1203
-383
62
724
1214
1117
721
449
507
226
979
1245
1492
1516
586
495
-449
-728
-462
83
316
975
1022
871
697
558
1261
1106
1711
2473
2448
2992
2886
2302
1072
-234
-227
190
914
942
929
-1376
-3336
-4264
-4264
-3556
-2935
-2053
-2266
-2742
-3328
-2374
-2416
-1888
-885
-16
660
1141
1691
1460
833
400
872
868
1272
1798
1691
1070
454
-181
-411
-909
-395
107
332
664
594
649
365
802
1253
1844
2147
2732
3049
3032
2907
2216
872
69
347
677
1157
966
-101
-2418
-4258
-4697
-4082
-3579
-2677
-2500
-2884
-3604
-3519
-2333
-2122
-1211
-217
635
1099
1475
1966
1519
876
944
1373
1660
1665
1923
1236
325
-304
-304
-575
-542
-590
-164
-183
-269
332
402
579
1020
1547
1817
2427
2686
3465
3431
3068
1958
634
348
495
1239
1108
706
-1328
-3588
-4763
-4500
-3844
-3116
-2718
-2842
-3524
-3862
-2787
-1915
-1174
-464
498
1067
1446
2092
2229
1469
1357
1229
1784
1645
1578
1248
223
-448
-729
-607
-1013
-1005
-1162
-965
-921
-383
204
462
934
1371
1880
2028
2806
3137
3940
4088
3727
2185
703
467
474
1116
924
464
-2241
-4441
-5355
-4801
-4105
-3430
-2737
-3216
-3782
-3621
-2163
-1230
-550
308
1097
1420
2117
2737
2864
1855
1549
1534
1415
1594
1133
650
-485
-1293
-1367
-1387
-1840
-1721
-1969
-1791
-1291
-573
235
534
1231
1696
2073
2615
3503
4273
4855
5338
4585
2280
1191
614
1227
1305
1232
165
-3010
-5455
-6168
-5118
-4918
-3702
-3576
-3774
-4602
-3846
-1993
-1333
-258
438
1622
1757
2810
3484
3273
2622
1936
2403
1695
1911
1365
271
-851
-1495
-1525
-2116
-2417
-2905
-2888
-2987
-1822
-775
-354
114
819
1549
1913
2928
3942
4681
5578
6477
6338
4185
1686
1219
819
1633
1733
1403
-1698
-5598
-6955
-6985
-5805
-5155
-3756
-4366
-5020
-5151
-3291
-1981
-1170
129
985
2133
2909
4350
4208
3655
2807
2422
2735
2588
2582
1483
-40
-937
-1634
-2183
-2705
-3358
-3544
-3613
-2527
-1332
-814
-720
-142
671
1363
2520
3800
4831
5336
6540
6958
6028
2835
1378
1013
1075
2041
1745
458
-4127
-7363
-8090
-7000
-5952
-4637
-3873
-4847
-5560
-4925
-2672
-1495
-255
1044
2289
3226
4236
5210
4603
3771
3127
2903
3215
2834
2164
556
-1066
-1641
-2408
-3303
-3782
-4382
-4554
-3932
-2464
-1228
-1067
-805
144
1070
2342
3628
4903
5512
6087
7455
7531
6383
2972
1214
498
708
1998
1421
-412
-5382
-8365
-9354
-7798
-6334
-4773
-4286
-5465
-5556
-4932
-2282
-1026
780
2031
3480
4628
5493
6099
4959
4427
3706
3610
3663
2973
1820
-555
-1772
-2991
-3413
-4491
-4941
-5422
-5741
-4697
-3455
-1856
-1702
-699
124
1901
3286
4874
5739
6119
6871
7679
8679
7920
5933
2175
253
-279
846
1040
-632
-3607
-7954
-10541
-10471
-7953
-6424
-5450
-5604
-5576
-5265
-3822
-793
852
2366
3684
5648
6769
7055
6762
5712
4833
4074
4357
3615
2368
1
-1887
-3776
-4830
-4992
-6245
-6256
-7052
-6161
-5284
-3683
-2171
-1163
-9
1542
3472
4883
6701
7021
7850
7975
8807
9653
8452
6311
1838
-297
-1093
-363
-99
-1921
-4755
-9730
-12341
-12120
-9348
-7656
-6163
-5580
-5472
-5052
-3445
174
2131
4153
5868
7530
8315
7990
7735
6505
5664
5255
5062
3575
1121
-1453
-4230
-5394
-5776
-5957
-7130
-8250
-8503
-7841
-5999
-3555
-1385
-236
1013
2659
4486
6618
7819
8545
8399
8727
9364
10165
9543
7068
2692
-2190
-2531
-2159
-587
-2281
-5267
-9609
-14062
-13994
-11236
-7523
-6606
-5350
-5348
-4391
-2763
722
3876
5255
7071
8293
9545
8883
8636
7246
5912
5250
4592
3902
248
-2925
-6088
-7399
-7165
-6676
-6849
-8693
-9782
-9817
-6810
-3721
-42
1720
2747
3795
5081
7411
8965
10120
9827
9411
9277
8747
8744
7441
4739
-368
-5286
-5117
-4820
-3893
-6034
-7792
-11326
-14830
-14060
-10391
-6884
-5866
-3356
-2286
-743
468
4147
6821
7783
9244
10369
10897
9457
8378
6363
4496
3376
2261
505
-3022
-6005
-8356
-9392
-8837
-8466
-8730
-10149
-9693
-7554
-4041
-467
2471
3793
4435
5733
8265
10708
11758
11411
10094
8395
7377
6871
6334
6079
3266
-991
-7922
-9369
-8579
-7234
-7125
-8074
-8824
-13510
-13587
-10715
-5924
-4542
-1844
1128
2224
3482
5983
9106
8439
9198
10154
10885
9369
7973
6164
2547
229
-1206
-2295
-5230
-7136
-8295
-9739
-10309
-10469
-9777
-9962
-8287
-4977
-1506
1163
3214
5298
6104
7585
9870
12063
12094
11249
9827
7921
5841
4610
3799
2822
2480
635
-3765
-10745
-12225
-10564
-7739
-6159
-5042
-6145
-11718
-12712
-9136
-3594
-988
2525
4840
4534
4337
6554
8795
7906
8642
9158
9155
7401
5922
3131
-1195
-3065
-4221
-5073
-6716
-7587
-8210
-10048
-10394
-9992
-8960
-7996
-5019
-1110
2119
4052
5456
6762
6760
8600
10775
12801
11866
9949
7592
4534
2339
1598
1628
888
713
-318
-4490
-10782
-12648
-9866
-6679
-4598
-3156
-3897
-8428
-10117
-6702
-2190
-72
2360
4958
4986
4455
5832
7399
6258
6255
6958
6963
5574
3741
1409
-2171
-3787
-4145
-4668
-6215
-6880
-7403
-8319
-8551
-8314
-6534
-5358
-2697
559
3217
4529
4819
5902
6774
8673
10547
12065
10403
7468
4462
1957
785
756
1327
306
864
-19
-3811
-10543
-12590
-9139
-5783
-2666
-767
-904
-6761
-9584
-7027
-2677
-469
2311
5659
4796
3709
4605
5928
4348
4251
5804
5925
4825
3531
1503
-2658
-4723
-4311
-4493
-5267
-5686
-5487
-6554
-7047
-6694
-5757
-4474
-2381
1256
3781
5110
5256
5358
5880
7221
9276
10161
9093
5932
3113
712
-148
343
744
34
-81
-5
-2422
-7412
-10840
-8142
-5114
-1892
358
803
-3434
-8386
-7386
-3911
-1022
1248
4402
4276
2644
2743
3971
3428
2784
4146
4692
4230
3382
2013
-1367
-3636
-3196
-3029
-3667
-4211
-4136
-4755
-5517
-4543
-3645
-4115
-3081
-297
2427
4031
4648
4953
3825
4196
6472
8074
7167
5060
2535
46
-468
620
1613
1055
89
743
1007
-1668
-5819
-7994
-5805
-2518
600
2127
483
-5590
-9688
-8463
-4567
-962
1552
3204
1632
309
662
2218
2560
3336
4710
5009
5435
4636
2800
-315
-2086
-2066
-2351
-2400
-2667
-3226
-4933
-5629
-4942
-4530
-4216
-3250
-1017
1006
2708
3725
3780
3561
4458
6104
6719
6533
4736
2427
806
1396
2543
2410
1835
1468
2001
455
-3007
-6925
-7283
-4696
-1793
427
476
-3044
-8777
-10383
-7622
-3659
-824
1719
2363
927
701
2183
3666
4087
4973
5711
6287
6482
5381
2617
-391
-1866
-2449
-2824
-2807
-3113
-4392
-5909
-6265
-5738
-5661
-4842
-3210
-622
1265
2791
3540
3705
4281
5377
6628
6861
6344
4401
2599
1850
2842
2959
2446
1816
1587
1138
-1611
-5269
-7615
-6146
-3606
-1130
-512
-2003
-6645
-10210
-8868
-5429
-1881
520
2382
1972
1467
2315
3950
4620
4915
5858
6573
7080
6057
3654
457
-1595
-2553
-3039
-3301
-3989
-5135
-6678
-6984
-6452
-5408
-4770
-3773
-2047
-182
1853
3149
4288
5044
6007
6635
6761
6360
5265
3477
2421
2901
3510
2851
1462
864
885
-379
-3641
-6662
-6697
-4690
-2783
-1365
-1472
-4369
-8607
-8790
-5771
-2846
-849
1235
2381
1883
2672
4433
4959
4351
4730
5874
6704
6621
4990
1924
-1232
-2714
-3272
-3817
-4376
-5233
-5990
-6457
-5440
-4840
-5105
-5660
-4562
-1612
1274
4038
5206
5095
4434
4812
5849
6484
6186
5101
3898
3358
3798
3226
1609
176
-111
725
10
-2481
-6285
-7186
-5840
-3531
-1605
-1494
-3717
-8070
-8400
-6038
-2646
-497
1615
2653
2467
3182
4436
5177
4711
5303
6200
6866
6205
4060
794
-1966
-3281
-3754
-4079
-4787
-5634
-6572
-6606
-5609
-5319
-5628
-5368
-3690
-835
2325
4895
5714
4976
4846
5703
6635
7222
7218
5751
3955
3247
3316
2102
394
-221
-366
-129
-1128
-3347
-7187
-8052
-6024
-3110
-1223
-1101
-3277
-7342
-7965
-5300
-1799
411
2501
3604
3420
3694
4898
5317
4689
4746
5448
5889
5011
2880
-217
-3102
-4618
-5334
-5404
-5560
-5876
-6202
-6090
-4964
-4654
-4775
-4643
-2653
259
3574
6124
6851
6245
5448
6020
6756
7298
6742
5061
3371
2661
2095
662
-850
-1863
-2408
-1525
-920
-2501
-6526
-7736
-5715
-3255
-1101
-276
-1656
-5721
-6518
-3886
-701
990
2672
3663
3151
3455
4587
4889
3503
3280
3921
4256
3388
1700
-914
-3992
-5635
-5830
-5179
-4853
-4876
-4947
-4776
-4243
-3901
-3549
-2774
-857
1784
4626
6307
6460
5836
5692
6223
6835
7029
6009
3683
1676
950
312
-677
-1679
-2075
-2308
-1243
-833
-2849
-6411
-7088
-4439
-1908
362
1171
-494
-4376
-5414
-3324
-1054
588
2316
3406
2768
2705
3022
2637
1862
2280
3094
3001
2191
712
-1524
-3842
-4607
-4349
-3976
-3977
-3858
-3774
-3469
-3087
-2498
-2029
-1748
37
2183
4321
5115
5732
5967
5785
5607
5561
4997
3155
1484
780
570
-216
-1030
-1563
-1780
-1989
-509
-416
-2317
-5049
-4611
-1931
-181
1490
1206
-665
-4291
-4824
-3374
-1994
-512
957
2090
1521
1689
1517
1024
706
1421
2450
2389
2234
1017
-668
-2262
-2739
-2788
-3061
-2775
-2302
-1745
-1825
-1746
-2282
-2819
-2452
-451
2032
3546
4379
4186
3845
3383
3672
3931
3403
2551
1767
1456
929
347
-311
-686
-579
167
1977
1977
-264
-3695
-4481
-2305
-192
1351
799
-1525
-5252
-6659
-5314
-3451
-1904
-734
293
348
691
1251
1416
1444
1832
2883
3291
3425
2701
1294
-191
-1253
-1505
-2128
-2247
-2382
-2292
-2208
-1982
-2091
-3074
-3452
-2512
-708
1310
3060
3872
3758
3258
3297
3209
2918
2725
2408
2195
2227
2338
1728
818
380
408
1308
2337
1767
-1637
-4576
-3896
-1709
-526
-743
-1579
-4286
-6877
-6608
-4397
-2973
-2618
-1542
-310
836
2027
2970
2830
2295
2343
3014
4056
4586
4021
1954
-50
-1196
-1900
-2443
-2590
-2523
-2712
-2843
-2609
-2930
-3926
-4146
-2789
-462
1576
3317
3956
3590
2963
2962
3400
3465
3130
2875
2994
3246
2892
2004
1029
130
8
1435
2663
912
-3004
-5071
-4042
-2690
-1748
-1417
-2571
-5802
-7420
-6016
-3949
-3007
-2325
-924
128
1751
3406
4207
3461
2609
2727
3552
4981
5375
3934
1056
-802
-1503
-1976
-2483
-3013
-3311
-3869
-3178
-2574
-2468
-3969
-4521
-3183
-1050
2296
4073
4737
3524
3069
3266
3791
4084
3937
3663
3200
3494
2913
1872
270
-586
-335
1287
1879
-527
-4275
-6212
-5394
-3750
-2058
-1316
-2916
-5748
-6617
-4881
-2887
-2093
-1269
64
1627
3181
4520
4641
3498
2378
2478
3809
4892
4263
2001
-194
-1202
-1644
-2110
-2871
-3477
-4064
-3884
-2915
-1871
-2015
-3603
-3860
-2429
577
2794
4017
4198
3447
3256
3759
4584
4256
3357
2596
2441
2363
2166
1278
-97
-927
-516
795
590
-1440
-4494
-5853
-4732
-2604
-743
-943
-2613
-4839
-5342
-4172
-2685
-1531
-713
311
1396
2871
3550
3365
2587
2124
2346
3091
3691
3049
1678
462
-38
-658
-1563
-2483
-3119
-3527
-3220
-1765
-804
-1604
-3561
-3878
-2542
-643
1672
3072
3291
2608
2965
3657
3735
3278
2695
2112
1910
2557
2755
2004
919
168
-391
110
628
-576
-3540
-4851
-3507
-2008
-1548
-1816
-2579
-4596
-5478
-4252
-2447
-1776
-1641
-564
447
1583
2785
3643
3351
2530
2507
2832
3318
3440
3170
2147
988
172
-618
-1775
-2922
-3247
-2931
-2181
-1736
-2021
-3365
-4385
-3967
-2060
-17
1123
1882
2234
2723
3073
3608
3937
3515
2826
2583
3157
3490
3080
2071
950
283
721
1286
269
-2445
-4575
-4630
-3697
-2366
-1594
-1994
-3834
-5321
-5114
-4149
-3061
-2204
-1456
-669
1110
3195
4345
3977
3070
2388
2210
3315
4607
4594
2879
1502
932
237
-1082
-2176
-3003
-3649
-3299
-2444
-2181
-3893
-5021
-5046
-3556
-1297
442
1515
1398
1903
2727
4057
4883
4816
3903
3151
3475
3800
3485
2230
1207
521
931
1922
1567
-1012
-4494
-5785
-5030
-3220
-1717
-1455
-2909
-4884
-5384
-4730
-3715
-3177
-2610
-1789
163
2805
4345
4284
3449
3035
2908
3451
4302
4289
3134
1989
2007
1902
627
-1117
-2675
-3872
-4542
-4003
-3205
-3713
-4831
-4765
-3353
-1828
-698
-235
-17
662
2518
4657
5719
5844
5000
3740
3063
3466
3496
2456
1474
1549
1841
2005
2015
497
-2871
-5748
-5443
-3743
-2452
-1996
-2198
-3483
-4979
-4875
-4188
-3922
-3705
-2624
-1172
567
2430
3541
3564
3360
3880
3788
3500
3353
3071
2413
1903
2599
2571
1223
-848
-2440
-3646
-4293
-3811
-3550
-3718
-4035
-3432
-2511
-1948
-1526
-1029
-74
1135
2656
3784
4519
4554
4054
3573
3413
3402
2837
2172
1753
2079
2153
2335
1998
442
-1783
-3628
-3445
-3023
-2641
-2902
-3335
-3926
-4596
-4503
-4265
-3641
-3702
-3437
-2524
-710
1093
2191
3312
3768
3971
3564
3479
3370
2951
2657
2709
3178
2868
1715
25
-1218
-1935
-2240
-2568
-3071
-3596
-4345
-4346
-3565
-2204
-1522
-1278
-733
43
1033
1797
2665
2960
3183
3519
4025
4269
3678
3085
2466
2458
2465
2615
2465
1377
171
-1314
-2265
-3284
-3771
-4043
-4266
-4216
-4310
-4239
-4511
-4507
-4681
-4278
-3300
-1704
-78
1149
2465
3401
4256
4138
3941
3675
3345
3243
3435
3840
3305
2391
1399
600
-130
-606
-1447
-3027
-4399
-5048
-4766
-4302
-3405
-2735
-2271
-1685
-868
44
556
1321
2126
3138
3803
4400
4541
4287
3948
3647
3547
3006
3025
2771
2085
606
-1075
-2381
-3716
-4002
-4055
-4070
-4626
-5089
-5306
-5620
-5299
-4649
-3534
-2766
-1571
-321
1111
2492
3719
4712
4557
4374
3913
3881
3685
3631
3421
2738
2109
1676
1568
773
-467
-2316
-3762
-4905
-5260
-4733
-4211
-3576
-3188
-2249
-1603
-1051
-37
1025
1936
2601
3472
3859
3783
3854
4293
4290
3958
3491
3101
2812
2198
1413
-389
-2087
-3233
-3592
-3531
-3637
-3866
-4796
-5547
-5767
-5156
-4414
-3664
-2916
-2226
-1074
293
2022
3237
4075
4230
4123
4062
3760
3574
2923
2369
2043
2190
2418
2026
1185
-106
-1559
-2849
-3806
-4275
-4487
-4305
-3631
-2725
-2031
-1574
-920
38
912
1593
2349
2700
2794
2845
3346
3837
3790
3435
2800
2547
2590
2318
1441
-159
-1508
-2467
-2868
-2632
-2700
-3205
-4227
-4745
-4550
-4147
-3768
-3542
-3060
-2419
-1388
-11
1442
2551
3100
3406
3440
3325
2829
2341
2079
2096
2334
2337
2178
1482
736
-13
-677
-1398
-2410
-3266
-3838
-3591
-2922
-2161
-1648
-1239
-739
-55
788
1380
1667
1627
1834
2272
2812
3142
2947
2604
2147
2233
2667
2484
1540
63
-886
-1596
-1982
-1952
-2169
-2795
-3769
-3958
-3772
-3676
-3747
-3705
-3287
-2624
-1549
-446
645
1509
2331
2848
3135
3144
2581
2053
2041
2664
2891
2621
2107
1601
1084
641
66
-1060
-2250
-3373
-3527
-3292
-2698
-2355
-2262
-1832
-1474
-586
198
862
932
1040
1657
2409
3091
3387
3383
2999
2832
3079
3325
2755
1578
257
-630
-1094
-1374
-1697
-2473
-3282
-4000
-4282
-4260
-4120
-4205
-4346
-3796
-2790
-1792
-827
375
1537
2237
2847
3418
3412
3036
2867
3321
3632
3452
2740
1966
1382
870
546
-292
-1271
-2647
-3535
-3688
-3527
-3192
-3277
-2959
-2500
-1734
-866
-136
473
831
1424
2279
3252
3955
4110
3802
3571
3640
4017
3987
3209
1819
226
-866
-1469
-1819
-2424
-3326
-4147
-4644
-4835
-4809
-4771
-4827
-4706
-4074
-2796
-1441
-238
850
1838
2666
3343
3985
4184
4055
3890
4030
4112
3825
3118
2100
1044
67
-515
-1378
-2266
-3212
-3939
-4074
-4114
-3668
-3452
-3124
-2644
-1900
-888
-104
833
1628
2532
3235
3984
4591
4702
4440
4086
4101
4236
4101
3030
1417
-160
-1427
-2281
-2922
-3424
-4218
-5002
-5355
-5224
-4990
-4939
-4922
-4671
-3662
-2232
-743
451
1555
2478
3162
3919
4577
4931
4480
3997
3853
3817
3563
2799
1865
478
-802
-1781
-2483
-3086
-3897
-4308
-4492
-4019
-3302
-2709
-2303
-1901
-1151
-328
603
1515
2418
2905
3521
4279
5036
5020
4441
3955
3505
3437
2851
1978
482
-920
-1967
-2751
-3098
-3678
-4254
-5072
-5282
-5052
-4657
-4384
-4227
-3585
-2725
-1444
-219
1039
1913
2594
3258
3933
4562
4521
4033
3418
3203
3131
2841
2113
1161
-49
-1121
-1981
-2572
-3075
-3864
-4256
-4136
-3197
-2362
-1824
-1409
-1082
-480
230
1124
1826
2131
2429
3092
3893
4605
4571
4208
3564
3018
2822
2086
1089
-333
-1301
-2042
-2520
-2609
-3015
-3712
-4689
-4993
-4913
-4631
-4322
-3753
-2921
-2117
-955
165
1282
1971
2685
3372
3835
4175
4026
3662
3188
3052
2933
2439
1551
656
-267
-1287
-2313
-3088
-3536
-4256
-4288
-3757
-2966
-2436
-2027
-1154
-463
459
1310
1954
2215
2309
2747
3353
4059
4648
4664
4227
3534
2909
2488
1489
267
-1153
-2202
-2950
-3237
-3146
-3441
-4001
-4667
-4872
-5012
-4629
-3973
-3261
-2477
-1460
-10
1012
2105
3174
4065
4267
4102
4128
3781
3203
2919
2882
2461
1596
648
-107
-1234
-2224
-3284
-4151
-4540
-4674
-3989
-3454
-2707
-2219
-1592
-618
422
1697
2394
2761
2842
3126
3386
3662
4039
4361
4186
3654
3177
2592
1987
841
-378
-1893
-2976
-3505
-3625
-3505
-3736
-3903
-4395
-4615
-4532
-3942
-3433
-2982
-2133
-1085
279
1526
3090
4101
4612
4541
4152
3795
3238
2879
2471
2241
1750
1050
84
-868
-1948
-2976
-3986
-4599
-4477
-4342
-3691
-3246
-2403
-1664
-803
365
1342
2384
2777
3173
3367
3589
3640
3832
4111
4104
3636
2873
2207
1464
1234
488
-647
-2259
-3342
-3886
-4212
-3876
-3692
-3601
-4065
-3958
-3641
-3269
-3030
-2605
-1609
-590
1005
2494
3960
4541
4648
4343
3767
3431
2872
2299
1640
1352
810
26
-970
-1782
-2723
-3552
-4102
-4420
-4215
-4236
-3564
-2781
-1492
-339
516
1466
2019
2783
3144
3571
3814
3941
4024
4042
3979
3583
2821
1790
1055
714
713
-94
-1491
-2915
-3827
-4215
-4116
-3480
-3212
-3379
-3676
-3485
-3227
-2835
-2420
-1768
-681
601
2060
3102
4014
4350
4264
3859
3458
3101
2225
1289
645
358
-260
-1051
-1860
-2495
-3172
-3633
-3836
-4084
-3876
-3603
-2659
-1440
-129
860
1286
1923
2519
3170
3410
3580
3784
3717
3704
3605
3348
2630
1617
775
313
237
141
-649
-1993
-3060
-3527
-3576
-3239
-2722
-2604
-2981
-3241
-3028
-2847
-2535
-2021
-1135
-9
1217
2420
3174
3670
3740
3593
3236
2837
2360
1625
743
130
-258
-930
-1621
-2289
-2606
-3043
-3312
-3440
-3616
-3200
-2597
-1396
-209
770
1430
1660
2178
2697
3212
3318
3326
3412
3363
3230
2875
2490
1772
988
385
228
241
-248
-1281
-2415
-2893
-3103
-2976
-2644
-2328
-2393
-2837
-2890
-2845
-2709
-2393
-1562
-452
748
1846
2560
3135
3438
3529
3131
2631
2115
1395
621
-56
-320
-786
-1453
-2055
-2434
-2686
-3146
-3282
-3238
-2804
-1965
-1037
36
772
1358
1792
2178
2620
2841
2909
2794
2811
2910
2815
2429
1951
1425
952
500
266
358
77
-662
-1783
-2339
-2486
-2593
-2396
-2049
-1736
-2118
-2520
-2720
-2794
-2611
-1946
-801
343
1396
2033
2553
3005
3315
3036
2276
1755
1186
593
6
-301
-640
-1399
-2077
-2320
-2355
-2609
-3010
-3024
-2491
-1713
-750
121
903
1432
1714
2128
2438
2654
2576
2453
2540
2599
2602
2113
1498
1124
956
824
696
746
293
-827
-1919
-2253
-2199
-2237
-2105
-1743
-1564
-1932
-2279
-2539
-2791
-2614
-1917
-743
418
1370
1956
2226
2757
3185
2936
2110
1297
688
58
-270
-256
-590
-1490
-2249
-2531
-2540
-2592
-2499
-2392
-2091
-1166
-264
640
1206
1615
1899
1981
2412
2571
2432
2059
1997
2052
1855
1644
1190
857
746
996
1205
1129
472
-819
-1936
-2377
-2046
-1761
-1532
-1375
-1461
-1704
-2027
-2289
-2611
-2547
-1845
-655
555
1562
2074
2170
2318
2497
2262
1469
725
29
-432
-569
-541
-775
-1643
-2284
-2531
-2415
-2234
-2061
-1767
-1471
-618
265
1255
1986
2111
2094
2021
2242
2240
2025
1871
1702
1541
1221
999
841
718
814
1164
1433
1149
40
-1380
-2194
-2269
-1874
-1454
-1040
-953
-1499
-1871
-1963
-2088
-2206
-2018
-1151
-48
1029
1775
2053
2162
1992
1643
1086
591
117
-467
-853
-852
-960
-1478
-1952
-2282
-2133
-2184
-1914
-1533
-1187
-405
177
1247
1988
2436
2475
2335
2399
2170
1986
1723
1584
1341
856
400
266
402
787
1191
1515
1534
432
-988
-1892
-2029
-1901
-1661
-990
-670
-915
-1414
-1811
-2069
-2131
-1711
-861
74
989
1547
1672
1811
1815
1371
500
-184
-349
-644
-933
-904
-1198
-1739
-2387
-2291
-1809
-1740
-1791
-1813
-935
-147
690
1639
2114
2407
2254
2474
2699
2605
2333
1875
1541
1275
828
42
-413
-181
460
847
1451
1631
376
-1314
-2046
-1647
-1662
-1734
-1149
-627
-731
-1126
-1440
-1846
-2113
-1622
-376
852
1840
1930
1519
1466
1556
1133
-22
-629
-893
-1342
-1545
-1373
-1337
-2052
-2821
-2502
-1778
-1395
-1315
-1202
-397
204
893
1761
2443
2765
2600
2586
2649
2683
2507
2082
1702
1271
582
-346
-629
-39
527
794
1157
923
-519
-1849
-2062
-1606
-1454
-1275
-779
-624
-809
-1017
-1398
-1725
-1558
-760
241
1302
2298
2304
1671
1275
957
199
-656
-853
-925
-1383
-1808
-2060
-2413
-2955
-3052
-2485
-1926
-1643
-1123
-227
561
1133
1637
1941
2127
2464
2923
3123
3065
2988
2638
1933
1339
841
-25
-767
-478
160
559
954
903
-196
-1786
-2158
-1787
-1491
-1082
-423
-195
-779
-1088
-1201
-1448
-1385
-626
280
962
1707
2057
1810
1426
1115
294
-698
-961
-859
-1006
-1392
-1541
-2033
-3062
-3595
-3198
-2697
-2451
-1556
-213
651
945
1408
1941
2068
2060
2385
2809
3197
3606
3523
2802
1841
844
-93
-463
87
699
739
782
506
-718
-2059
-2356
-1899
-1677
-1329
-451
-21
-496
-1270
-1825
-1926
-1303
-69
1007
1746
2123
1893
1353
1160
887
-59
-974
-1010
-684
-914
-1229
-1521
-2200
-3041
-3322
-3014
-2997
-2890
-1920
-592
524
1303
1704
1875
1859
2293
2723
2982
3458
3594
3306
2669
2054
1256
137
-164
252
712
1071
1082
117
-1796
-2846
-2386
-1622
-1174
-710
-393
-528
-1042
-1349
-1537
-1520
-787
243
1257
2033
2316
2000
1315
736
-35
-890
-1083
-810
-884
-1386
-1809
-2070
-2518
-2985
-3113
-3033
-2407
-1593
-609
174
482
802
1065
1653
2326
2821
3292
3722
3936
3504
2652
1702
796
281
273
490
850
1145
935
-217
-1852
-2585
-2445
-1959
-1426
-771
-300
-379
-688
-1074
-1514
-1369
-420
761
1682
1990
1830
1369
937
625
8
-658
-881
-808
-898
-1283
-1599
-2056
-2848
-3239
-3282
-2934
-2023
-939
159
594
653
560
473
807
1313
2174
3130
4031
4294
3649
2515
1329
474
173
472
857
1334
1475
937
-630
-2311
-2788
-2525
-1745
-902
-168
-71
-636
-1259
-1722
-1903
-1413
-62
1346
2308
2453
1979
1272
696
215
-595
-1042
-913
-577
-577
-930
-1396
-2129
-2819
-3083
-3077
-2838
-1939
-692
374
780
745
762
739
875
1218
1784
2653
3468
3748
3213
2229
1278
573
460
701
1094
1534
1446
547
-1138
-2381
-2530
-2111
-1456
-589
85
-48
-667
-1330
-1813
-1826
-1019
329
1465
2154
2214
1691
1071
489
-190
-861
-998
-602
-635
-1271
-1890
-2343
-2671
-2698
-2268
-2181
-2173
-1394
-243
571
808
741
810
1130
1616
2130
2544
3029
3294
3059
2312
1420
633
206
357
797
1181
1146
191
-1329
-2379
-2318
-1679
-1016
-342
61
-58
-423
-708
-941
-897
-170
880
1664
1881
1675
1111
328
-119
-466
-863
-919
-685
-917
-1742
-2561
-3008
-3260
-3337
-2835
-1959
-1049
-244
451
903
814
776
1186
1836
2528
3013
3210
2994
2612
2259
1502
625
204
375
614
756
1102
676
-1081
-2799
-3096
-2448
-1576
-490
551
660
52
-520
-1050
-1261
-581
859
2050
2646
2753
1894
547
-241
-514
-1037
-1324
-895
-676
-1432
-2237
-2428
-2787
-3457
-3821
-3076
-1921
-882
5
624
661
418
721
1448
2271
3119
3949
4453
4301
3708
2459
941
60
162
441
747
1250
813
-1157
-3194
-3591
-3384
-3153
-2206
-716
-77
-358
-589
-970
-1368
-619
1249
2794
3440
3526
2961
1840
915
332
-560
-1151
-867
-547
-1231
-2302
-3008
-3739
-4379
-4586
-3833
-2524
-1212
35
991
1015
647
685
1180
1754
2496
3756
4778
4791
4239
3345
2003
845
673
706
436
592
660
-799
-3047
-3715
-3280
-3094
-2365
-771
-173
-954
-1366
-1312
-1575
-1325
446
2320
2996
3300
3219
2236
1185
921
371
-562
-600
-217
-971
-2371
-2922
-3256
-4076
-4196
-3138
-2435
-2288
-1215
321
600
158
530
1404
1959
2599
3505
3757
3481
3460
3183
2142
1300
1354
1405
1276
1445
960
-1038
-2742
-2753
-2562
-2987
-2480
-938
-524
-1279
-1470
-1244
-1373
-923
657
1817
2056
2290
2417
1715
1007
935
618
153
200
191
-894
-2060
-2315
-2858
-4146
-4703
-3649
-2532
-1867
-682
444
629
105
263
670
1057
2061
3575
4378
4101
3559
2672
1543
831
837
886
946
1185
782
-741
-1936
-2002
-1947
-1865
-1104
-166
-226
-803
-801
-694
-670
-191
810
1295
1234
1152
961
496
92
-47
-434
-752
-757
-710
-1215
-1680
-1707
-1763
-2004
-2164
-1921
-1770
-1490
-765
175
611
617
701
723
834
1035
1412
1485
1451
1597
1559
1030
518
512
548
576
883
1289
923
322
84
106
77
361
801
619
329
242
125
-213
-284
-282
-432
-413
-100
-139
-659
-799
-684
-715
-868
-841
-765
-819
-837
-783
-831
-980
-1223
-1474
-1479
-1318
-1088
-959
-715
-488
-419
-285
113
645
890
1094
1393
1631
1586
1473
1526
1760
1862
1691
1381
1044
721
450
434
614
842
664
206
-200
-442
-592
-614
-291
-16
-11
-148
-249
-418
-714
-772
-591
-425
-463
-464
-598
-819
-1008
-1087
-979
-866
-673
-756
-1011
-1259
-1452
-1536
-1505
-1299
-1156
-1042
-699
-171
207
495
851
1371
1806
2028
2184
2233
2315
2344
2211
1888
1497
1159
906
706
661
629
469
117
-338
-648
-819
-661
-393
-99
-8
-68
-243
-524
-752
-797
-613
-352
-74
-123
-345
-627
-969
-1292
-1483
-1445
-1422
-1467
-1435
-1255
-1083
-1064
-1178
-1292
-1418
-1351
-1036
-516
-2
404
821
1138
1344
1494
1809
2365
2919
3214
3159
2717
2127
1472
966
678
646
754
635
278
-330
-879
-1243
-1216
-868
-436
-147
-69
-102
-323
-519
-687
-653
-473
-203
-86
-126
-253
-540
-989
-1428
-1535
-1589
-1587
-1695
-1635
-1555
-1452
-1457
-1524
-1455
-1270
-730
-203
262
450
564
778
1158
1489
1656
1981
2390
2758
2894
2822
2466
1948
1569
1382
1277
1189
966
501
-2
-496
-1003
-1421
-1338
-919
-557
-408
-279
-370
-708
-883
-833
-706
-534
-172
3
-111
-425
-780
-1218
-1423
-1365
-1410
-1527
-1447
-1108
-1091
-1274
-1394
-1394
-1206
-834
-350
-65
122
336
643
938
1189
1392
1742
2175
2540
2713
2588
2255
1691
1367
1345
1505
1695
1679
1298
649
23
-573
-1022
-1159
-909
-690
-651
-699
-1017
-1380
-1463
-1155
-874
-648
-323
-202
-371
-742
-1073
-1324
-1375
-1137
-941
-1033
-1088
-1032
-1090
-1215
-1255
-1118
-904
-461
-12
272
404
545
695
753
953
1151
1383
1600
1996
2393
2502
2226
1844
1607
1426
1430
1473
1394
1045
666
339
27
-231
-334
-315
-408
-510
-778
-1167
-1569
-1649
-1508
-1374
-1165
-862
-672
-790
-875
-1053
-1284
-1494
-1458
-1327
-1190
-999
-810
-692
-662
-637
-710
-619
-286
128
462
749
1047
1251
1301
1298
1336
1436
1403
1280
1265
1340
1367
1355
1485
1622
1511
1216
814
414
98
41
175
276
207
-32
-326
-571
-795
-993
-1025
-926
-834
-902
-1048
-1162
-1262
-1355
-1390
-1406
-1421
-1409
-1309
-1237
-1101
-943
-786
-709
-521
-276
-153
48
343
649
774
924
1055
1147
1247
1393
1419
1302
1213
1113
999
940
1048
1036
995
979
904
776
558
376
334
413
354
168
-37
-178
-385
-545
-556
-620
-767
-841
-796
-1014
-1217
-1174
-1031
-1019
-1086
-1235
-1515
-1673
-1575
-1395
-1232
-836
-409
-178
-3
234
345
362
621
993
1152
1250
1522
1636
1394
1105
938
745
632
688
777
774
809
833
595
256
25
33
48
186
396
440
276
6
-190
-460
-698
-831
-748
-714
-785
-917
-1114
-1326
-1479
-1366
-1204
-1013
-806
-607
-617
-716
-686
-646
-643
-458
-64
243
595
910
1099
1090
1164
1389
1462
1464
1425
1302
933
659
547
426
302
249
234
43
-127
-254
-236
-132
113
389
479
429
262
91
-93
-237
-400
-455
-444
-420
-664
-1007
-1232
-1395
-1365
-1326
-1216
-1185
-1145
-1088
-1017
-823
-589
-191
213
501
538
493
511
665
892
1221
1573
1790
1801
1528
1158
789
671
606
606
569
419
69
-334
-632
-896
-972
-853
-513
-283
-79
32
4
-74
-66
55
70
129
159
119
-118
-355
-573
-867
-1142
-1309
-1264
-1160
-966
-846
-745
-727
-680
-534
-308
70
425
826
1155
1392
1440
1379
1292
1201
1157
1118
1164
1140
1038
806
579
341
65
-237
-462
-502
-530
-512
-604
-687
-827
-922
-915
-799
-544
-343
-113
-44
-115
-363
-475
-454
-362
-152
112
244
-22
-328
-699
-941
-1039
-755
-423
-224
-47
90
131
98
335
647
1120
1509
1761
1583
1277
1013
748
648
695
946
916
751
437
58
-389
-651
-647
-519
-381
-317
-232
-368
-630
-968
-1096
-1148
-1121
-1017
-863
-779
-777
-740
-795
-828
-780
-502
-316
-151
4
94
75
109
311
490
786
1070
1186
1054
953
923
783
630
594
652
635
705
854
900
766
569
327
-74
-478
-643
-535
-360
-167
-62
-85
-301
-584
-720
-774
-668
-517
-346
-307
-428
-649
-930
-1073
-1078
-908
-815
-732
-653
-593
-524
-344
10
323
637
963
1316
1455
1469
1459
1450
1341
1222
1119
934
849
776
690
392
78
-313
-700
-947
-976
-784
-597
-382
-298
-328
-529
-655
-725
-687
-619
-520
-394
-351
-297
-332
-320
-316
-231
-200
-192
-194
-150
-61
-9
105
177
237
242
311
349
444
607
760
832
791
798
831
903
953
981
841
644
387
64
-274
-457
-477
-580
-686
-824
-966
-1171
-1235
-1132
-1015
-871
-715
-606
-600
-564
-479
-360
-222
-15
147
214
305
377
390
360
413
547
713
872
989
1017
950
814
673
574
481
441
453
519
459
228
-4
-195
-332
-352
-216
-57
-38
-133
-236
-365
-470
-545
-575
-572
-597
-675
-839
-978
-1084
-1148
-1138
-979
-759
-581
-390
-137
86
154
293
526
751
911
1115
1353
1454
1377
1162
930
718
574
536
588
551
349
83
-176
-376
-558
-556
-450
-321
-274
-342
-436
-501
-496
-488
-369
-242
-190
-319
-408
-430
-481
-521
-494
-434
-516
-536
-443
-286
-177
-75
42
116
177
286
453
641
876
1028
1059
983
866
770
756
849
870
747
494
163
-195
-474
-625
-643
-578
-517
-565
-699
-813
-893
-836
-647
-421
-338
-329
-307
-312
-357
-321
-194
-91
27
153
253
270
303
359
424
530
653
725
737
743
690
549
396
282
186
161
211
262
181
1
-222
-392
-480
-458
-352
-202
-80
-111
-166
-257
-360
-445
-426
-373
-394
-505
-619
-731
-815
-743
-651
-522
-421
-259
-147
-38
111
286
531
773
1027
1156
1231
1281
1262
1083
913
774
658
590
533
438
138
-177
-499
-733
-879
-903
-839
-774
-719
-739
-741
-735
-678
-614
-441
-233
-118
-91
-91
-88
-89
-27
46
73
64
56
33
44
85
136
196
326
430
410
429
480
482
460
520
641
626
593
604
554
362
173
64
-50
-111
-119
-90
-124
-194
-352
-561
-684
-709
-715
-723
-633
-565
-601
-648
-623
-585
-554
-457
-230
-2
189
400
523
568
580
687
823
936
1012
999
888
646
366
89
-76
-134
-64
-71
-150
-310
-530
-741
-866
-796
-648
-426
-244
-92
-47
-31
-72
-133
-174
-156
-51
23
137
161
106
-42
-158
-223
-297
-290
-153
92
308
481
542
561
551
599
697
786
884
884
768
547
329
121
-41
-118
-165
-248
-401
-586
-792
-948
-1034
-1006
-909
-809
-740
-730
-688
-647
-595
-537
-393
-216
-38
147
307
412
454
505
526
577
631
713
791
866
916
895
861
777
674
560
518
445
338
206
65
-66
-191
-239
-291
-332
-384
-434
-554
-677
-758
-797
-803
-762
-713
-701
-664
-638
-668
-697
-609
-469
-345
-203
-37
69
135
237
320
357
425
608
853
1073
1205
1224
1163
1024
879
738
668
644
618
559
421
162
-182
-498
-720
-799
-792
-719
-652
-638
-709
-807
-837
-847
-756
-614
-414
-284
-278
-279
-278
-263
-274
-179
-29
102
184
266
299
292
329
438
597
715
853
908
860
718
556
396
274
260
274
257
182
82
-130
-331
-454
-485
-494
-472
-372
-332
-326
-372
-400
-472
-533
-536
-468
-405
-381
-344
-318
-267
-226
-146
-47
106
302
515
677
738
729
669
619
650
743
808
844
814
690
423
132
-53
-164
-215
-232
-285
-433
-618
-775
-877
-909
-867
-766
-667
-590
-529
-496
-453
-364
-268
-183
-94
-7
79
183
291
367
400
429
463
496
540
598
639
638
586
517
450
439
464
495
554
550
466
319
152
-21
-144
-198
-243
-329
-441
-566
-700
-813
-892
-934
-943
-889
-858
-832
-754
-644
-551
-491
-403
-314
-222
-80
126
303
425
521
588
660
754
857
966
1082
1158
1159
1078
980
875
784
680
554
401
197
2
-169
-263
-354
-485
-627
-737
-830
-882
-867
-816
-770
-762
-749
-752
-737
-694
-624
-550
-458
-388
-392
-407
-364
-254
-135
26
183
322
419
527
679
802
916
999
1077
1095
1079
1040
980
911
833
731
603
471
347
225
72
-69
-233
-414
-606
-743
-828
-903
-977
-1022
-1040
-1090
-1126
-1104
-992
-860
-748
-628
-525
-436
-345
-195
-6
154
307
428
536
608
658
701
743
767
776
775
779
785
769
744
720
705
629
554
505
436
316
175
59
-93
-274
-413
-474
-534
-581
-644
-736
-844
-957
-1011
-1013
-939
-830
-696
-593
-535
-523
-497
-406
-278
-120
38
203
321
425
502
586
687
790
900
979
1026
1009
972
911
810
677
544
447
350
237
126
6
-170
-348
-490
-585
-623
-590
-561
-591
-645
-716
-763
-787
-724
-603
-479
-356
-284
-277
-325
-334
-293
-207
-95
24
104
135
194
261
345
435
539
599
631
665
684
691
672
673
654
623
578
527
451
366
263
127
-20
-184
-335
-475
-577
-664
-718
-776
-822
-844
-838
-786
-706
-604
-530
-475
-420
-329
-236
-134
-21
111
222
311
374
394
400
416
468
499
540
561
581
590
609
609
579
559
525
482
412
359
264
129
-21
-156
-270
-376
-451
-499
-516
-554
-589
-618
-637
-652
-646
-591
-534
-492
-445
-395
-384
-368
-309
-227
-165
-75
30
101
169
234
280
325
410
519
612
702
765
762
728
706
696
661
641
625
552
435
321
196
45
-77
-162
-245
-349
-444
-535
-637
-714
-760
-776
-764
-731
-684
-615
-547
-488
-450
-389
-315
-250
-168
-84
12
86
150
186
204
224
259
328
412
478
520
557
569
549
510
507
529
567
619
651
624
533
419
273
142
37
-38
-94
-145
-211
-315
-428
-545
-640
-696
-705
-669
-642
-643
-655
-668
-658
-630
-566
-466
-351
-246
-164
-101
-28
34
104
213
330
425
494
562
597
579
542
515
508
530
563
573
536
466
373
279
216
183
182
187
187
154
66
-48
-136
-199
-248
-274
-304
-366
-447
-508
-558
-592
-619
-622
-603
-576
-553
-528
-487
-445
-381
-324
-241
-144
-24
105
217
303
351
404
451
494
546
624
673
678
660
614
541
463
433
416
397
334
254
163
61
-22
-87
-118
-139
-172
-227
-273
-318
-353
-391
-412
-425
-440
-452
-470
-463
-464
-450
-434
-419
-401
-383
-325
-245
-164
-103
-37
17
63
137
222
317
404
479
510
516
513
532
545
547
569
576
538
457
376
281
214
176
148
90
1
-90
-191
-290
-383
-434
-469
-477
-470
-451
-451
-451
-447
-455
-439
-402
-320
-256
-182
-122
-84
-59
-39
-25
-17
23
82
153
196
228
252
259
263
278
310
342
375
409
438
422
392
359
329
303
293
274
234
176
80
-31
-137
-213
-286
-351
-392
-417
-447
-478
-487
-491
-491
-464
-404
-338
-272
-208
-156
-107
-61
-26
19
73
138
208
268
300
302
276
240
214
211
218
222
225
220
199
162
143
133
142
157
178
181
140
89
46
17
-11
-22
-38
-81
-114
-147
-195
-252
-296
-336
-379
-392
-375
-352
-325
-289
-245
-207
-171
-111
-52
13
77
121
147
160
178
197
223
266
304
317
309
284
259
227
209
197
185
156
114
81
35
-5
-37
-60
-75
-82
-69
-73
-93
-111
-133
-150
-173
-171
-170
-164
-139
-120
-109
-128
-146
-161
-168
-155
-128
-103
-105
-119
-127
-123
-97
-39
31
102
156
203
230
227
228
239
256
269
285
267
236
207
176
143
109
85
44
15
-11
-30
-69
-112
-142
-169
-207
-237
-232
-229
-225
-225
-202
-186
-168
-155
-139
-112
-98
-87
-59
-31
-33
-34
-15
10
10
-3
-13
-10
7
38
77
111
135
146
161
193
224
245
275
294
287
260
219
181
141
105
75
47
9
-50
-95
-114
-127
-142
-163
-176
-213
-257
-276
-280
-275
-276
-252
-215
-185
-148
-119
-90
-64
-37
-4
14
39
70
97
114
114
106
74
60
58
79
107
116
114
101
98
90
102
142
180
209
216
205
179
139
112
98
75
45
5
-35
-89
-132
-172
-190
-191
-194
-185
-177
-169
-169
-174
-185
-188
-186
-180
-160
-130
-90
-58
-26
-5
10
27
49
77
112
138
162
161
139
112
86
64
60
89
104
106
106
95
71
51
48
63
90
118
140
143
114
71
36
9
-14
-39
-59
-82
-114
-162
-198
-223
-231
-225
-205
-176
-155
-145
-140
-127
-120
-105
-86
-63
-33
-7
20
49
75
91
106
136
152
163
189
208
207
180
154
120
82
57
43
36
27
31
16
-14
-40
-41
-28
-13
6
12
12
7
1
-24
-46
-63
-71
-94
-118
-148
-175
-195
-199
-187
-173
-144
-116
-83
-58
-33
-9
15
45
76
109
134
162
171
172
157
149
148
143
145
145
143
121
93
62
25
-7
-24
-28
-45
-65
-82
-105
-121
-114
-102
-82
-74
-67
-63
-57
-47
-43
-42
-39
-34
-41
-44
-37
-38
-42
-40
-28
-20
-7
17
42
63
89
110
109
93
93
102
112
123
131
117
85
68
62
45
27
9
-6
-21
-32
-48
-73
-94
-110
-118
-126
-125
-111
-96
-84
-70
-73
-96
-101
-84
-56
-15
44
83
94
88
83
78
82
95
106
109
98
86
61
34
12
10
15
18
25
30
27
5
-4
-9
-13
-22
-24
-22
-30
-48
-68
-77
-92
-97
-99
-85
-60
-51
-47
-44
-36
-32
-15
18
46
46
50
56
54
43
42
61
80
102
110
112
99
81
68
61
61
52
46
34
23
-4
-37
-67
-85
-91
-83
-63
-52
-52
-63
-76
-86
-90
-79
-64
-54
-46
-43
-39
-37
-32
-16
10
47
77
100
113
113
110
112
114
108
118
128
119
101
77
53
20
4
-7
-18
-20
-29
-38
-47
-67
-86
-88
-86
-88
-95
-100
-110
-114
-116
-122
-119
-114
-94
-71
-47
-32
-22
-11
9
34
56
71
88
102
106
114
112
108
103
114
134
146
157
152
142
116
102
85
68
55
42
26
-3
-27
-58
-98
-126
-137
-154
-169
-174
-178
-196
-200
-192
-181
-156
-130
-92
-63
-35
-16
-2
11
23
48
70
95
121
132
129
129
127
122
124
133
140
145
141
123
106
84
59
54
62
59
58
49
25
-5
-29
-51
-71
-87
-104
-118
-137
-159
-174
-186
-198
-199
-191
-185
-177
-159
-136
-116
-88
-61
-44
-19
17
49
86
120
144
157
162
161
157
157
161
166
162
149
131
120
96
73
66
56
43
27
17
-2
-20
-39
-63
-83
-101
-115
-115
-114
-119
-127
-134
-141
-150
-143
-140
-125
-106
-97
-89
-82
-63
-52
-31
1
24
36
44
58
67
90
117
137
153
162
156
145
138
131
130
138
137
120
100
75
48
21
-1
-20
-42
-65
-91
-115
-131
-144
-146
-144
-149
-149
-140
-125
-114
-104
-93
-85
-79
-74
-64
-52
-32
-6
22
37
44
50
61
69
84
96
100
103
98
90
80
83
91
90
88
80
67
47
28
10
-2
-2
-2
-16
-33
-47
-67
-89
-99
-108
-124
-136
-144
-145
-146
-149
-142
-124
-102
-84
-56
-22
6
26
43
56
57
58
64
82
99
104
109
102
93
83
82
87
97
97
88
80
55
29
7
-1
-8
-19
-20
-26
-35
-47
-58
-70
-80
-86
-81
-76
-73
-73
-71
-68
-76
-83
-78
-58
-51
-38
-22
-22
-24
-19
-6
5
27
49
74
89
82
74
76
71
63
66
66
63
61
59
51
43
35
24
17
18
15
9
6
-3
-21
-40
-54
-61
-63
-68
-67
-69
-74
-76
-71
-62
-52
-27
-8
-1
0
-4
-6
0
9
10
13
13
12
12
3
-2
-3
2
16
29
31
32
36
38
40
45
43
36
38
36
24
18
15
10
13
9
1
3
-7
-18
-28
-34
-41
-44
-36
-31
-30
-38
-37
-37
-40
-40
-31
-19
-8
4
14
20
19
19
24
24
21
21
20
20
19
12
7
0
-6
-16
-19
-17
-18
-19
-17
-9
-3
1
10
13
10
11
15
21
20
20
22
17
13
9
6
-1
-9
-9
-8
-11
-11
-16
-15
-9
0
5
7
11
13
12
12
15
17
24
31
36
29
13
8
-2
-13
-19
-15
-22
-36
-39
-41
-53
-54
-43
-34
-27
-17
1
7
17
26
31
40
49
58
60
59
47
39
37
28
20
24
27
28
29
23
14
10
6
2
5
6
-3
-9
-10
-15
-17
-13
-9
-2
-2
0
-4
-12
-19
-28
-30
-31
-39
-39
-38
-36
-29
-17
-7
5
15
22
31
42
47
48
44
34
26
26
32
39
40
47
48
39
29
19
10
2
7
1
-14
-24
-37
-46
-52
-54
-54
-53
-53
-48
-46
-44
-34
-25
-17
-8
2
3
2
9
4
1
8
9
15
17
15
18
21
24
28
42
49
52
58
57
49
40
33
29
23
19
12
7
3
-6
-10
-15
-24
-33
-36
-41
-43
-47
-56
-57
-62
-59
-59
-51
-39
-31
-23
-19
-12
-12
-10
2
12
26
41
48
51
56
59
56
56
55
44
44
44
35
34
29
23
23
22
18
15
20
26
24
20
8
-11
-23
-34
-37
-37
-35
-33
-38
-45
-52
-58
-53
-42
-39
-32
-24
-24
-26
-26
-21
-21
-17
-8
2
8
15
22
28
32
40
47
52
57
57
58
54
50
34
18
16
9
8
8
3
-6
-16
-19
-19
-22
-18
-16
-10
-11
-21
-23
-30
-38
-37
-34
-34
-35
-36
-32
-30
-28
-25
-22
-19
-19
-14
-9
-1
1
0
4
7
12
18
27
28
22
18
17
16
15
20
28
39
37
35
31
17
8
3
1
4
0
-8
-14
-19
-26
-35
-28
-27
-28
-14
-11
-4
3
0
0
0
-5
-9
-9
-7
-13
-14
-14
-19
-19
-22
-15
-7
-3
7
5
-1
-5
-4
-4
-3
3
3
2
3
0
-3
0
5
16
26
27
28
24
13
6
3
0
1
7
9
4
6
3
3
8
4
5
7
3
-2
-7
-14
-18
-20
-19
-23
-19
-17
-19
-16
-20
-23
-24
-27
-22
-21
-22
-23
-21
-19
-22
-17
-14
-10
-3
-1
5
10
10
12
18
23
25
32
39
39
38
34
28
26
21
16
16
15
8
0
-5
-12
-22
-23
-22
-21
-22
-29
-36
-43
-48
-51
-47
-34
-28
-26
-16
-16
-26
-24
-21
-18
-12
-3
-3
-3
-1
-2
4
12
13
23
32
34
40
41
41
43
45
47
48
53
49
47
43
30
22
9
-6
-11
-19
-29
-32
-35
-44
-51
-46
-49
-49
-42
-43
-42
-38
-37
-36
-35
-32
-32
-29
-22
-14
-6
4
15
21
22
20
20
23
25
30
33
34
29
27
28
29
34
37
41
44
42
37
28
25
21
10
4
-3
-12
-25
-31
-31
-41
-48
-49
-49
-48
-52
-49
-42
-39
-38
-34
-27
-20
-17
-8
-1
-1
0
9
13
16
22
26
30
33
33
29
30
31
28
26
28
26
23
28
23
19
22
14
13
13
4
1
0
0
-6
-10
-11
-12
-11
-15
-23
-25
-28
-37
-35
-35
-37
-34
-32
-24
-20
-17
-9
0
9
13
17
21
20
16
16
18
12
14
15
14
17
16
20
22
22
26
21
18
13
5
5
-4
-5
-2
-4
0
4
-1
-1
2
2
4
1
-4
-6
-8
-10
-13
-11
-12
-14
-9
-13
-17
-14
-14
-10
-6
-6
-3
-2
1
5
7
8
12
12
7
7
7
8
8
12
10
5
10
12
8
10
11
13
17
15
8
-1
-5
-2
-5
-1
3
4
11
8
6
6
0
3
6
6
0
-4
-4
-12
-16
-14
-12
-6
-5
-5
-6
-11
-14
-15
-19
-15
-6
1
9
18
14
14
17
16
15
16
17
16
12
5
-2
-4
-5
-3
3
8
8
11
11
9
7
6
7
6
0
-3
-4
-5
-4
-4
-1
-2
1
2
-2
-2
-6
-9
-9
-15
-15
-14
-14
-10
-10
-7
-5
-12
-8
-5
-2
6
10
13
12
12
16
13
11
8
7
10
4
0
-2
-3
-2
0
5
2
5
7
10
7
2
5
2
3
0
-5
2
1
0
6
5
7
10
10
9
3
-2
-4
-4
-7
-11
-13
-10
-11
-13
-8
-7
-1
1
-1
2
-3
1
3
2
9
7
8
14
9
12
12
12
12
9
2
-4
-2
-5
-6
-4
-3
2
3
7
7
12
17
16
17
12
5
6
2
-1
-1
-5
-5
-10
-12
-13
-16
-12
-7
-10
-10
-13
-18
-15
-17
-16
-12
-6
-4
-6
0
2
3
9
10
7
10
11
8
11
11
9
9
12
6
5
7
3
4
7
6
5
8
12
9
8
7
3
1
-1
-5
-5
-6
-7
-16
-14
-14
-22
-17
-14
-18
-16
-13
-13
-14
-14
-11
-11
-6
-5
-3
4
5
11
14
14
15
15
16
16
18
18
20
19
13
16
20
16
16
18
12
6
3
-5
-10
-10
-10
-10
-9
-10
-15
-11
-10
-13
-9
-9
-11
-10
-13
-15
-18
-22
-18
-20
-19
-13
-6
-2
1
1
0
2
6
6
12
17
15
17
20
13
11
14
13
13
16
8
6
5
3
1
-1
4
2
-4
-4
-11
-15
-15
-22
-22
-23
-23
-19
-15
-11
-11
-5
1
-4
-3
0
-5
1
5
-2
1
2
3
5
9
14
12
19
21
16
15
13
15
14
10
9
9
7
4
3
2
0
-2
-3
-2
-6
-9
-10
-10
-14
-14
-11
-16
-7
-6
-11
-10
-9
-13
-16
-11
-8
-9
-1
-4
2
5
6
11
13
17
16
19
15
11
13
6
7
9
4
1
-2
-1
-3
-8
-8
-11
-10
-13
-13
-11
-15
-14
-11
-12
-11
-8
-10
-12
-9
-11
-9
-11
-7
-3
-3
3
2
4
6
2
6
7
6
10
8
8
10
9
7
8
12
15
15
16
15
14
7
5
3
-4
-4
-6
-13
-13
-14
-20
-20
-15
-16
-17
-12
-12
-10
-6
-11
-6
0
-7
-2
3
2
3
7
8
8
9
9
11
12
11
13
12
10
11
6
5
7
9
4
6
9
5
3
1
-1
0
1
3
1
-5
-8
-6
-17
-17
-15
-22
-12
-11
-15
-11
-14
-10
-9
-7
-5
-4
1
-2
0
3
-1
6
14
9
11
16
14
13
13
13
13
9
10
9
5
7
4
6
4
-1
4
2
-2
3
0
-5
-1
-5
-10
-9
-9
-9
-10
-8
-8
-9
-7
-6
-6
-6
-6
-3
-3
-8
-4
-4
-9
-2
-4
-3
0
0
6
5
7
9
7
10
8
11
11
4
3
5
1
-1
3
2
-1
3
3
-2
-3
-1
-9
-7
-3
-10
-12
-8
-4
-5
-6
0