1
0
1
0
3
6
5
2
7
1
1
2
0
1
2
2
3
0
2
2
-4
3
1
1
3
3
2
3
2
-3
-1
-4
-2
-1
-3
2
6
-1
2
-1
-5
1
-1
-1
0
2
1
-2
-2
1
-1
-2
-2
-5
-3
-3
-1
-4
-4
-1
-2
-6
-3
-3
-5
0
0
-6
2
3
-5
-1
-4
-5
-4
-4
-3
-3
1
1
-3
-2
0
0
-1
1
0
0
0
-1
-1
0
3
1
0
1
0
-2
-2
-3
-3
-1
2
0
5
8
5
7
4
3
-1
-1
-1
0
3
5
2
0
0
-3
-3
0
1
3
2
0
-3
-1
0
-2
0
2
2
2
0
4
6
4
6
-3
0
1
-1
1
1
3
3
1
-1
-5
-1
-1
-3
-1
-1
0
-1
-5
-5
-4
-3
-5
-4
-2
-1
2
-2
1
0
5
0
0
3
0
2
1
1
2
7
3
2
1
0
-4
0
-4
-3
2
-1
0
-3
-1
-1
1
2
3
1
0
2
-3
-3
1
0
3
8
2
6
6
8
10
7
8
3
3
2
-3
1
0
0
2
-2
0
-2
-1
-1
-6
-1
-6
-6
-3
-2
-1
2
4
2
6
7
4
8
5
6
4
1
3
1
0
1
-2
0
-6
-3
-8
-10
-5
-10
-6
-4
-4
-2
-1
-3
-2
-2
-3
-5
-3
-2
-3
3
0
4
7
3
3
1
2
1
4
-1
-1
2
-3
-5
-5
-8
-6
-6
-11
-8
-8
-5
-5
-3
-1
2
2
0
-1
0
1
2
4
3
7
10
3
2
4
2
5
3
5
0
4
3
-4
1
0
1
-2
-4
-4
-5
-6
-2
-7
-4
3
-3
-3
-1
4
1
4
6
6
8
13
13
10
15
14
12
9
12
6
5
6
-2
-3
-3
-7
-10
-7
-8
-9
-10
-15
-10
-13
-9
-4
-5
-1
2
1
3
11
12
16
16
16
16
15
11
10
8
3
2
-6
-12
-12
-14
-21
-22
-26
-25
-24
-28
-21
-22
-14
-8
-10
0
6
10
17
20
25
29
28
29
22
19
21
12
8
7
-2
-5
-14
-21
-26
-31
-31
-34
-34
-30
-30
-28
-25
-19
-12
-2
11
18
25
34
38
37
43
42
37
40
36
30
27
18
11
0
-9
-20
-31
-35
-40
-43
-50
-46
-45
-41
-33
-24
-17
-7
3
7
15
26
33
38
41
40
44
43
40
37
33
28
19
9
-4
-13
-24
-33
-42
-50
-46
-48
-47
-35
-38
-32
-21
-21
-11
-1
9
19
28
35
39
37
39
40
38
36
37
32
26
21
7
-4
-13
-21
-25
-31
-33
-40
-36
-35
-40
-31
-27
-23
-10
-5
-3
9
16
22
24
33
36
37
39
34
30
27
24
16
11
5
-3
-9
-18
-23
-28
-31
-32
-35
-33
-33
-25
-24
-17
-6
-5
1
7
7
15
18
23
33
26
35
33
28
24
24
19
13
10
4
-7
-11
-14
-26
-27
-30
-28
-30
-28
-27
-26
-22
-17
-13
-8
-2
4
10
13
14
21
28
26
31
23
25
22
17
13
8
6
3
-4
-9
-11
-13
-17
-19
-23
-29
-25
-28
-24
-25
-19
-19
-19
-5
-1
1
5
3
11
15
19
24
20
24
25
23
19
18
12
9
7
1
0
-4
-14
-15
-16
-22
-21
-27
-23
-19
-20
-14
-15
-18
-8
-1
6
13
11
16
16
24
26
26
24
23
28
23
27
21
8
6
2
1
2
-6
-18
-26
-30
-29
-35
-28
-29
-33
-25
-21
-23
-18
-5
-1
6
16
21
15
24
32
33
34
33
36
32
32
27
23
17
7
-1
2
-3
-12
-22
-35
-38
-31
-27
-42
-49
-42
-33
-18
-11
-11
-16
-13
2
17
24
30
28
28
35
40
43
29
22
22
15
9
3
-1
-4
-17
-28
-32
-38
-27
-25
-39
-50
-40
-22
-20
-15
-2
4
1
5
4
8
32
47
37
19
13
32
43
42
10
-25
-22
0
13
-3
-35
-48
-41
-29
-22
-28
-32
-28
-24
-23
-22
1
36
28
11
1
13
52
75
76
50
26
41
54
42
24
24
22
1
-6
-12
-17
-18
-14
-36
-75
-82
-43
-1
-17
-59
-72
-59
-21
25
40
8
-6
17
31
42
55
60
46
32
30
26
29
35
30
5
-31
-31
-21
-13
-14
-33
-56
-59
-43
-40
-38
-25
-25
-30
-27
-15
-10
11
29
19
-1
-2
19
45
46
23
11
4
4
17
17
-6
-20
-15
-10
-17
-14
-13
-20
-22
-19
-11
-14
-10
3
1
2
3
14
11
4
17
22
23
20
15
10
13
15
16
0
-10
-7
3
1
-12
-14
-16
-10
1
-3
-20
-19
-8
3
5
1
-5
-12
8
18
12
5
2
9
14
18
19
13
2
-2
5
9
9
10
1
-10
1
7
2
-3
-12
-12
-9
-6
-5
-7
-18
-16
-11
-8
-8
-11
-11
-15
-12
1
-5
-2
8
1
9
9
8
11
10
22
27
16
16
15
12
23
33
24
3
-7
3
8
7
-1
-22
-26
-9
-12
-21
-29
-32
-28
-17
-16
-31
-32
-25
-12
-1
-6
-9
-3
3
14
24
12
11
19
22
23
28
27
25
31
24
19
15
9
2
6
9
-2
-21
-19
-7
-8
-7
-16
-22
-26
-25
-15
-7
-12
-18
-21
-17
-7
4
8
-12
-9
5
9
15
15
9
1
-4
4
14
10
4
3
2
-1
5
13
0
-3
7
11
13
12
3
9
24
30
26
10
7
7
15
23
9
-6
-13
-16
-15
-12
-11
-25
-48
-51
-40
-43
-48
-41
-42
-53
-45
-20
-6
-7
-2
8
23
27
44
64
54
52
69
81
77
72
80
73
53
52
44
28
29
24
5
-20
-42
-46
-40
-50
-62
-72
-76
-76
-81
-86
-84
-68
-60
-59
-63
-53
-35
-10
14
-6
-24
13
53
68
56
33
33
54
97
119
79
31
36
82
95
67
33
7
5
42
54
20
-20
-40
-32
-15
-8
-10
-40
-78
-74
-44
-30
-20
-17
-57
-106
-85
-4
19
-10
-51
-91
-101
-41
36
23
-61
-98
-72
-46
8
63
24
-82
-93
6
70
102
125
75
1
41
177
234
179
140
177
186
205
176
13
-85
103
275
58
-188
-215
-120
-65
-16
-121
-428
-562
-266
82
-36
-391
-480
-321
-111
158
271
30
-188
6
281
364
382
376
229
124
264
417
344
188
129
65
-59
-58
21
-68
-260
-301
-288
-366
-364
-319
-358
-393
-297
-242
-296
-265
-114
-12
-2
55
119
121
140
273
361
303
266
313
294
236
285
321
227
123
89
40
-4
28
24
-127
-271
-263
-149
-120
-164
-220
-280
-258
-99
36
-7
-99
-63
61
144
188
187
144
146
233
300
260
191
183
177
114
58
48
33
0
-63
-155
-235
-231
-178
-177
-276
-347
-331
-263
-177
-131
-152
-192
-161
-47
45
99
136
170
188
252
340
367
337
339
414
445
432
356
126
-89
-9
234
165
-172
-397
-379
-309
-249
-263
-508
-839
-808
-353
-82
-332
-665
-663
-409
-43
278
271
-40
-153
142
527
670
596
421
284
368
581
625
384
149
99
77
-30
-115
-162
-294
-394
-410
-441
-523
-536
-452
-374
-337
-286
-202
-108
46
227
347
437
550
570
413
375
655
866
701
433
325
279
254
332
263
-155
-603
-586
-261
-240
-548
-823
-890
-821
-542
-221
-233
-466
-483
-235
30
259
413
355
239
350
612
715
636
542
389
156
122
344
350
-5
-314
-387
-420
-408
-400
-591
-875
-880
-634
-520
-599
-622
-541
-434
-287
-44
147
210
322
498
566
626
861
1094
1085
988
988
1079
1170
1022
464
-17
179
622
528
-67
-587
-754
-645
-377
-398
-1007
-1701
-1541
-686
-322
-784
-1289
-1270
-793
17
638
499
-41
-78
478
1082
1399
1326
946
649
794
1164
1211
841
456
209
-19
-136
-121
-411
-894
-1018
-929
-1110
-1391
-1410
-1364
-1302
-1168
-1021
-1102
-1179
-843
-167
174
-74
-250
13
502
1054
1346
1127
788
961
1458
1683
1610
1380
1210
1222
1502
1295
112
-833
-162
1130
754
-764
-1477
-1173
-804
-392
-141
-1255
-2911
-2584
-331
661
-765
-2136
-1928
-869
397
1474
1253
-154
-610
609
1998
2264
1777
1049
489
834
1762
1890
927
153
60
-77
-239
-239
-576
-1283
-1488
-1172
-1335
-1736
-1780
-1562
-1544
-1398
-1099
-1238
-1388
-745
266
270
-310
-173
557
1109
1410
1547
1284
1093
1529
2041
2038
1669
1441
1549
1942
1820
155
-1429
-542
1731
1524
-962
-2169
-1464
-760
-365
157
-1028
-3648
-3669
-197
1726
-657
-3172
-2638
-845
531
1673
1625
-293
-1364
240
2425
2768
1752
816
319
729
1793
2114
992
-142
-229
-176
-311
-252
-478
-1375
-1817
-1369
-1290
-1738
-1874
-1671
-1602
-1459
-1117
-1278
-1495
-844
295
386
-358
-302
592
1302
1555
1629
1314
1071
1661
2420
2379
1739
1430
1765
2359
2036
-92
-1860
-542
2240
2011
-1087
-2734
-1867
-666
-31
256
-1411
-4402
-4167
76
2344
-691
-4026
-3382
-787
1114
2160
1743
-514
-1727
257
3058
3535
1937
551
274
1085
2234
2426
1194
-168
-443
-242
-83
-70
-561
-1536
-2038
-1672
-1518
-1770
-2031
-2096
-2019
-1637
-1268
-1481
-1596
-903
7
125
-206
1
622
1299
1749
1840
1601
1585
2167
2623
2590
2164
1968
2306
2742
2034
-237
-1429
240
2215
1246
-1341
-2204
-1598
-692
-153
-427
-2632
-4591
-3110
350
1044
-1925
-4074
-3128
-729
1213
1830
689
-1082
-1007
1130
3103
3160
1558
226
483
1885
2610
1955
779
-48
-255
-115
148
-133
-1212
-1961
-1813
-1501
-1862
-2154
-2121
-2279
-2227
-1774
-1452
-1778
-1608
-688
-93
-198
-280
259
863
1463
1947
1952
1717
1838
2626
3170
2929
2390
2169
2644
2651
1805
177
-416
627
1504
727
-1137
-1746
-1518
-747
-427
-1322
-3175
-4076
-2274
-104
-97
-2428
-3935
-2819
-419
1386
1364
-42
-1355
-661
1858
3613
3169
1180
55
876
2545
3138
1974
492
-403
-423
25
343
-236
-1707
-2622
-2411
-1887
-1917
-2311
-2585
-2888
-2730
-2064
-1499
-1498
-1554
-1016
-518
-119
391
1119
1531
1746
2170
2522
2626
2939
3494
3799
3557
3271
3105
2742
2124
712
139
690
1686
524
-1442
-2124
-1656
-1086
-1348
-1828
-3402
-4290
-3117
-664
-497
-3096
-4429
-2911
-541
886
1391
471
-1171
-724
1873
3790
3544
2113
1106
1188
2395
3285
2764
1121
-176
-158
170
99
-297
-1174
-2506
-3207
-2531
-2124
-2575
-3054
-3193
-3066
-2714
-2042
-1868
-1826
-1480
-743
-77
163
458
962
1776
2324
2645
2636
2635
3026
3830
4079
3640
3097
3154
3235
2626
1222
-441
-182
1036
1350
-757
-2312
-2536
-1822
-1072
-1337
-2745
-4448
-3783
-1559
-243
-1723
-3897
-3772
-1624
606
1643
1079
-500
-918
1131
3354
3920
2911
1501
1046
1992
3199
2892
1630
424
-148
-145
62
-142
-1089
-2302
-2950
-2783
-2489
-2616
-3052
-3246
-3360
-2913
-2390
-2007
-2103
-1795
-1126
-496
46
508
974
1409
2061
2500
2730
3039
3405
3693
3880
3688
3406
3372
3818
3119
1746
-105
-373
696
1649
389
-2113
-2802
-2149
-850
-1051
-2252
-4088
-4299
-2588
-734
-757
-2977
-4316
-2843
-2
1397
1013
-62
-670
269
2461
3707
3161
1767
1161
1761
2704
2819
1836
868
211
45
2
-283
-980
-1814
-2483
-2901
-2855
-2822
-3048
-3178
-3048
-3028
-3028
-2653
-2057
-1617
-1175
-767
-388
25
897
1656
2167
2185
2436
2940
3701
4041
4002
3708
3432
3640
4146
3996
2285
466
-527
476
1540
1321
-1220
-2952
-2560
-1199
-622
-1572
-3116
-4568
-3825
-1724
-338
-1614
-3865
-3882
-1474
689
1154
656
-72
-379
971
2990
3634
2646
1516
1411
1959
2483
2378
1725
747
-151
-366
-248
-454
-1087
-2015
-2834
-3179
-2860
-2709
-2898
-3130
-3330
-3226
-2810
-2069
-1698
-1409
-1203
-694
-140
607
1395
1849
2001
2118
2790
3474
3974
3959
3693
3514
3710
4225
4178
2864
1006
-211
423
1536
1662
-381
-2400
-2494
-1401
-600
-1236
-2484
-4149
-4150
-2383
-604
-1221
-3441
-4092
-2343
-127
662
509
-99
-439
371
2133
3046
2547
1631
1354
1873
2333
2336
1793
1217
383
-152
-262
-246
-523
-1355
-2148
-2730
-2723
-2831
-2689
-2683
-2974
-3259
-2967
-2234
-1860
-1509
-1335
-994
-622
-25
864
1620
1972
1836
2141
2776
3591
4016
3926
3624
3499
3857
4192
3704
2060
389
163
1295
1896
851
-1326
-2260
-1966
-983
-801
-1697
-3460
-4448
-3104
-1202
-876
-2855
-4228
-3463
-1228
337
461
-287
-934
-313
1341
2713
2620
1717
1193
1678
2411
2498
2033
1323
824
264
101
13
-306
-1032
-1814
-2107
-2679
-2876
-2640
-2288
-2780
-3340
-3086
-2462
-1862
-1762
-1592
-1272
-809
-142
943
1513
1311
1403
2246
3205
3741
4088
3747
3643
3796
4098
4467
3803
2429
519
657
1469
2036
887
-1254
-2065
-1848
-838
-1081
-1749
-3429
-4376
-3169
-1324
-1081
-3017
-4213
-3403
-1275
148
119
-601
-1022
-323
1305
2494
2323
1462
1146
1791
2406
2463
1793
1226
881
645
329
-160
-487
-979
-1438
-1943
-2392
-2906
-2840
-2413
-2451
-2927
-2982
-2655
-2311
-1841
-1398
-1163
-847
-343
527
1247
1491
1550
2123
2999
3490
4049
4052
3852
3725
4249
4308
3528
2380
1176
1228
1732
1848
350
-968
-1502
-1229
-940
-1398
-2435
-3500
-3413
-2458
-1576
-2195
-3636
-3971
-2418
-838
-226
-662
-1226
-1165
209
1752
2042
1614
1068
1273
2003
2657
2279
1414
1133
812
770
496
24
-601
-1057
-1547
-2357
-2232
-2290
-2275
-2592
-2913
-3119
-2639
-2035
-2090
-2014
-1880
-1495
-401
794
825
533
882
2030
3009
3712
3681
3751
4226
4232
4498
4011
3564
2305
2237
2387
2306
1385
-284
-672
-545
-170
-1237
-2379
-3279
-3402
-2675
-1841
-2106
-3524
-4506
-3446
-1713
-685
-802
-1446
-1662
-1243
468
1774
2123
1229
754
1439
2452
2920
2498
1628
902
803
1123
988
183
-560
-1444
-1727
-2435
-2322
-2161
-2127
-2804
-3613
-3276
-2752
-1836
-1922
-2052
-2264
-1884
-580
887
1372
652
568
1662
3311
4319
4302
3948
4344
4749
4354
3716
2734
2909
3208
3359
1428
102
-215
16
274
-747
-2195
-3938
-3455
-2315
-1394
-2527
-4573
-4730
-3036
-1506
-1225
-1298
-1846
-1938
-828
665
1017
944
882
1419
2150
2435
2297
2087
2111
1797
1624
1262
756
516
32
-699
-1562
-2077
-2377
-2479
-2261
-2823
-3273
-3480
-2962
-2539
-2246
-2127
-2183
-1808
-1029
-34
354
679
1046
1989
2785
3633
4016
4470
4786
4415
3837
3189
3918
4203
3861
2228
1362
1174
736
526
-42
-1120
-3068
-3257
-2034
-1605
-2946
-4477
-4394
-3351
-2449
-1851
-1774
-2241
-2621
-1521
259
937
453
55
613
1667
2438
2609
2274
1873
1767
1806
2020
1588
1068
318
-6
-625
-1605
-1833
-1879
-2001
-2996
-3277
-3417
-3214
-2904
-2636
-2445
-2571
-2472
-1636
-482
-143
-306
373
1403
2279
3188
3701
4151
4162
3757
3107
4140
5281
4766
3174
2259
2276
2323
2125
1322
136
-1657
-2637
-1519
-280
-1884
-4354
-4886
-3797
-2820
-2025
-2018
-2884
-3435
-2910
-1190
133
186
-573
-261
641
1390
2056
2257
1966
1622
1905
1995
2287
2069
1474
781
415
-188
-820
-509
-891
-1778
-2896
-2884
-2890
-2635
-2697
-3078
-3147
-3072
-2456
-1612
-877
-1228
-1178
-182
970
1699
2294
2736
3463
4011
3136
2460
3702
5436
4889
3452
2697
2517
2604
2516
2491
1075
-1230
-2352
-457
812
-1460
-4052
-4300
-3333
-2625
-2010
-2066
-3089
-3746
-3041
-1332
-136
-767
-1306
-720
350
928
1485
1766
1450
1446
1615
1741
2077
1944
1600
1094
579
-127
-187
302
-504
-1373
-1940
-2001
-2303
-2416
-2510
-2749
-2801
-2776
-2471
-1844
-1736
-1586
-944
-167
400
812
1645
2285
3176
2557
1463
2400
4631
4995
3100
2400
2853
3117
3013
2876
2183
-167
-1694
-14
2103
443
-3235
-3835
-2398
-1623
-1402
-1512
-2379
-3609
-3324
-1603
-176
-644
-1906
-1525
-240
305
517
771
844
904
1180
1297
1392
1445
1184
1117
1007
83
-254
343
236
-760
-1300
-1201
-1580
-1638
-1787
-1854
-2136
-2524
-2288
-1359
-1218
-1851
-1615
-544
141
540
1172
1491
2029
978
676
2261
4597
3681
1637
1846
2550
2931
2635
3071
1982
-219
-1208
1065
2791
350
-2622
-2450
-1264
-1241
-819
-545
-1398
-2855
-2716
-1166
83
-453
-1618
-1186
-541
-292
34
593
531
148
32
218
903
1057
598
440
335
-330
-225
438
180
-821
-1070
-865
-1025
-1156
-1223
-1018
-1314
-1881
-1506
-663
-738
-1290
-866
-64
-52
301
927
1606
1127
-278
242
2324
3781
1864
990
1241
1858
1755
2107
2432
784
-930
-669
1979
1897
-584
-2012
-804
-431
-607
-227
-64
-1061
-2041
-1225
63
483
-610
-921
-357
-121
-207
56
304
197
-5
-83
-157
-43
-250
-306
62
-192
-680
-932
-538
-374
-379
-619
-1174
-1350
-1261
-586
-19
-543
-1204
-1037
-269
50
162
640
446
508
787
1773
1611
-297
-391
1536
3293
1250
24
489
1345
1134
881
1268
-20
-1568
-1181
1560
1572
-1317
-2634
-980
105
-36
42
279
-421
-1250
-537
958
1288
75
-77
635
637
377
756
930
299
-93
89
318
-111
-864
-789
-380
-895
-1401
-1124
-1142
-1585
-1363
-847
-1187
-1773
-1692
-716
13
-549
-1148
-648
-37
322
698
1346
923
984
1619
2484
1725
-281
133
2499
3531
720
-399
540
1469
820
683
338
-1384
-2593
-699
1938
421
-3279
-3783
-853
191
-188
-372
-245
-1249
-1320
401
2007
1528
92
199
1269
1528
1243
1589
1549
870
152
452
641
433
-106
-444
-901
-1680
-1605
-806
-813
-2129
-2683
-1939
-1494
-1769
-1487
-1027
-1281
-1435
-565
555
562
221
681
1363
1886
2094
2924
1627
-107
551
3327
3851
1118
-34
274
1245
901
1078
438
-1592
-3310
-1424
1213
-70
-3460
-3864
-1740
-903
-647
-782
-731
-1593
-1301
214
1625
1373
328
732
1489
1746
2240
2303
1800
1306
1461
1199
488
808
743
416
-823
-1572
-1531
-1109
-1152
-1804
-2216
-2684
-2889
-2081
-1281
-1204
-1818
-2121
-1301
-78
577
476
905
1314
1566
2520
3383
1738
352
1606
4346
3559
1214
374
1190
1656
934
1327
166
-2017
-3263
-613
810
-1491
-4219
-3975
-2172
-1557
-1268
-1401
-1592
-2489
-1743
116
1446
703
-26
583
1466
2165
2501
2508
2015
1773
1905
2146
1816
1156
704
921
411
-454
-976
-1087
-1621
-1997
-1758
-2030
-2859
-3048
-2175
-1684
-1990
-2252
-1551
-826
-419
188
797
1182
1334
2554
2135
792
1080
3613
4685
2460
1403
1514
2509
1716
1768
1318
-250
-2248
-1363
759
-452
-3140
-4037
-2515
-2339
-2058
-2168
-1747
-2392
-2762
-1871
-250
426
-381
-253
338
1154
1942
2327
2123
1926
1847
1825
2140
2602
1860
1117
629
400
470
406
-366
-1477
-1631
-1662
-1793
-2049
-2240
-2322
-2152
-2476
-2142
-1260
-736
-605
-194
642
756
1848
1075
312
1242
3706
3854
1625
1350
1908
3230
2625
2387
1391
-298
-1493
300
2272
-240
-3570
-3767
-1639
-1224
-1720
-2399
-2465
-2732
-2804
-1673
-392
-691
-1559
-990
32
432
981
1290
1387
1523
1250
1112
1689
2690
2146
1145
445
605
1200
988
64
-679
-771
-1211
-1231
-1013
-1284
-1840
-1772
-1824
-1648
-1287
-782
-467
-203
169
501
1158
-339
-233
1858
3929
2056
322
1277
2566
3017
1950
1955
899
-362
-789
1718
2218
-922
-3512
-2435
-739
-679
-1250
-1862
-2132
-2768
-2388
-1070
42
-1045
-1774
-1179
-279
262
929
923
548
370
490
927
1582
1688
1150
820
46
309
1106
1327
-253
-963
-788
-510
-550
-640
-950
-1351
-1615
-1246
-383
-248
-382
-548
124
359
1380
178
-779
453
3029
2425
133
649
1987
2493
1393
1599
1222
-49
-1169
1060
2484
229
-2702
-2278
-599
-563
-665
-1045
-1425
-2425
-2308
-971
290
-392
-1473
-1481
-543
84
819
815
608
433
-115
221
1034
1728
1002
599
-10
-283
331
1002
556
-521
-1095
-1092
-747
-569
-480
-677
-1369
-1648
-766
126
-150
-177
357
731
565
-948
-394
1762
3577
980
-622
536
2307
2539
1786
1742
377
-929
-746
2331
2468
-627
-3034
-1331
-305
-510
-581
-366
-940
-2562
-2231
-806
516
-427
-1142
-1164
-910
-305
709
737
538
127
-175
-98
974
1609
800
301
-227
260
458
517
58
-338
-593
-746
-528
-664
-560
-244
-779
-1417
-989
210
359
50
136
616
-429
-1692
47
3061
2568
-1109
-1108
1273
2803
1416
1070
814
-240
-999
787
3027
930
-2054
-2342
348
741
-29
-564
-479
-994
-1671
-656
295
87
-892
-953
-503
-246
242
269
-26
-300
-420
39
239
383
62
-22
-292
-32
602
255
-651
-984
-15
434
43
-765
-592
-51
159
109
-6
91
8
847
1078
1242
-288
-1732
-429
2481
2927
-1018
-1958
3
2141
1070
62
-149
-1016
-1698
-84
2363
718
-2637
-2721
441
1000
-108
-680
254
-28
-776
-281
959
872
-135
-35
534
299
209
804
878
475
-710
-687
-97
877
157
-722
-1149
-1031
-178
-73
-602
-1709
-1347
-446
134
-533
-766
-461
31
83
762
1250
395
568
1473
2943
793
-1151
-167
3106
3344
-279
-1087
143
1644
368
218
-72
-1363
-2941
-1173
1602
2
-3368
-3735
-544
-20
-859
-1249
-334
-458
-1158
-149
1157
1258
423
414
1012
1027
1394
1744
1742
978
-198
222
1138
1662
282
-907
-1175
-624
176
-158
-1146
-2525
-2408
-914
22
-681
-1924
-1632
-532
-120
368
567
747
576
1553
2306
151
-549
1715
4589
2013
-661
279
2449
2238
574
755
-59
-1614
-1892
931
1036
-2336
-4398
-2189
-176
-1063
-2286
-1765
-965
-1761
-2092
-475
566
-152
-448
354
826
620
1444
1682
1574
472
410
1186
2096
1673
401
-166
-52
872
906
-200
-1551
-1251
-692
-354
-875
-1099
-1499
-958
-602
-38
-61
-186
229
1159
1296
-1021
-711
1598
3734
1067
-711
152
2566
2482
955
693
282
-534
-596
1679
952
-1682
-3463
-1148
196
-640
-2140
-1671
-441
-1625
-2190
-1163
97
-644
-1186
-504
92
267
353
452
641
-42
-105
709
1631
1088
-39
-181
251
1199
1143
44
-1100
-743
539
822
43
-864
-650
-13
383
841
656
266
224
1401
328
-1202
-28
3016
2351
-1166
-1754
797
2912
1291
-242
-1088
-831
-993
985
1779
-829
-3716
-2974
446
960
-485
-2070
-1187
-744
-925
-457
437
102
-715
-504
-103
362
903
942
223
-571
-925
-3
1406
1270
-597
-1510
-947
460
956
264
-1262
-1836
-756
673
1129
-347
-1144
-350
1031
1327
1185
1222
1296
1897
704
-355
673
3398
2769
-49
-913
348
2159
1613
814
-945
-1821
-2080
472
1870
-722
-3858
-3925
-956
84
-236
-1730
-1976
-1764
-1258
95
558
-307
-715
-36
540
359
999
1140
765
359
-337
147
1063
1502
189
-903
-946
8
631
-33
-1336
-1541
-913
-111
217
-577
-1100
-1099
204
1066
1422
799
700
1391
282
187
1999
3665
1325
-629
642
2308
2244
1079
899
133
-1246
-1226
1211
1500
-1130
-3392
-2434
-988
-521
-614
-1355
-1798
-2695
-1854
-145
637
-572
-1510
-905
-168
750
1010
615
-246
-487
-218
858
1390
612
-326
-551
-165
227
838
191
-922
-1360
-460
312
234
-85
-301
-384
-362
718
1986
1836
1009
-383
-728
1001
3508
3118
-173
-1023
393
2506
2223
1215
-348
-1504
-1376
399
1877
-202
-2660
-3060
-1137
-364
-323
-629
-1153
-1983
-2323
-623
1081
734
-719
-1434
-985
272
1792
1613
-171
-1389
-943
488
1457
916
-503
-1408
-1377
-161
715
416
-1148
-1650
-1131
-57
227
-231
-315
78
457
185
1171
2122
2511
598
-643
887
3527
3355
888
535
959
1274
1320
2050
996
-1067
-1995
-480
837
-92
-1899
-2571
-2195
-2069
-1210
-604
-701
-2091
-2548
-1802
-67
580
368
-200
-872
-549
849
2122
1036
-72
-617
44
882
1602
883
-622
-1322
-780
369
380
-603
-1397
-1209
-780
-425
-444
-545
-385
202
77
124
975
1870
937
-338
789
2780
2536
1077
1488
2061
1278
1041
2414
2007
-197
-1047
575
1144
-433
-1516
-1444
-1435
-1955
-1363
-748
-1198
-2286
-2495
-1529
-905
-817
-780
-536
-762
-922
-163
700
1068
318
-381
-527
475
1323
1336
301
-747
-646
317
847
188
-474
-852
-439
-319
19
-42
-114
-240
98
722
728
440
-171
103
1113
1722
1042
508
1152
1705
1278
951
1262
1202
274
54
849
886
-160
-752
-559
-798
-993
-581
-243
-699
-1457
-1751
-1306
-672
-427
-635
-1056
-1158
-803
-145
7
-45
-379
-720
-468
259
688
301
-257
-650
-202
347
277
-217
-314
-198
-253
-243
-104
330
352
44
-6
720
901
520
135
330
695
823
922
855
1053
755
698
942
1220
817
232
-52
310
668
332
-271
-734
-698
-652
-59
-44
-450
-831
-876
-774
-613
-305
-272
-389
-594
-714
-528
-41
395
281
-541
-926
-290
602
619
157
-473
-845
-411
322
305
-511
-857
-461
-263
-448
-424
-196
-285
-335
-69
-227
-231
433
771
73
-310
143
849
997
1071
836
380
512
1071
1520
844
235
368
813
836
174
-183
-197
-124
18
-37
-35
-406
-671
-519
-243
-173
-542
-484
-433
-278
-212
-31
33
-115
-209
-264
105
396
455
168
-95
-116
56
102
110
-44
-323
-662
-650
-374
-353
-503
-828
-1019
-971
-578
-120
-230
-759
-856
-342
160
169
190
164
156
293
750
1094
895
519
519
1033
1182
1011
675
544
421
331
387
545
436
16
-294
-225
-50
-45
-161
-416
-431
-347
-192
-179
-150
-141
-92
-28
113
150
223
443
501
230
-224
62
521
562
18
-437
-549
-407
-80
-146
-870
-1439
-1047
-359
-268
-853
-1217
-1189
-720
-237
-5
-230
-653
-571
79
558
502
350
283
426
661
857
837
698
517
357
350
524
618
477
28
-140
-42
-10
161
131
-217
-558
-144
254
66
-94
-113
50
188
556
517
314
301
508
609
332
413
442
457
202
17
-241
-371
-8
12
-442
-1014
-989
-610
-324
-440
-934
-1215
-835
-182
-47
-426
-652
-362
-56
7
101
239
319
269
292
292
211
335
490
431
84
-192
-88
186
182
-250
-659
-392
10
-109
-504
-520
-193
-92
56
111
101
29
249
637
713
693
549
663
690
756
749
692
693
514
206
-79
76
340
233
-239
-746
-790
-333
-57
-274
-783
-976
-729
-177
100
-237
-493
-398
-61
106
245
309
180
59
64
270
223
256
396
239
-249
-351
18
71
-253
-549
-635
-639
-476
-393
-411
-750
-846
-582
-187
-60
-178
-191
-190
91
422
632
503
374
507
744
761
669
680
735
537
395
387
491
544
259
-130
-316
-8
37
-134
-420
-476
-372
-209
2
-55
-263
-347
-88
75
169
230
246
101
22
167
394
523
277
51
20
60
58
-9
-128
-394
-521
-404
-238
-396
-745
-829
-690
-598
-536
-365
-447
-625
-542
-119
14
-98
-128
140
285
254
260
282
426
377
355
234
397
557
503
224
34
206
361
146
-96
-94
47
128
172
184
30
35
49
171
273
347
335
220
48
35
365
581
436
105
21
58
181
197
131
-107
-440
-480
-176
100
-192
-619
-772
-576
-339
-194
-311
-560
-654
-411
-140
-195
-414
-345
-90
-48
-196
-202
-26
151
116
-159
-140
105
315
147
-37
-111
-43
139
114
23
-179
-190
95
420
369
72
-61
111
415
587
460
293
306
372
443
500
490
442
388
364
265
139
175
308
290
-192
-425
-177
131
22
-320
-464
-516
-328
-133
-54
-311
-535
-377
-123
-116
-205
-149
-113
-190
-174
-52
-67
-40
-79
-98
-164
-115
-42
-96
-187
-280
-276
-261
-261
-254
-342
-344
-183
-19
-61
-244
-141
60
247
267
248
190
237
466
571
559
474
475
485
470
468
428
352
303
275
187
10
-18
124
82
-114
-324
-309
-101
4
-144
-346
-276
-198
-132
-14
113
-19
-152
-63
124
173
15
77
81
30
-83
-4
16
-99
-96
-231
-327
-343
-287
-303
-386
-401
-431
-437
-383
-346
-288
-300
-224
-127
-37
37
108
178
208
303
289
336
417
502
431
258
243
359
486
371
148
99
155
200
75
-42
-61
-74
-4
-7
-99
-253
-186
7
63
31
-7
40
45
98
182
215
166
71
94
100
113
31
10
6
-47
-154
-209
-180
-182
-232
-328
-357
-400
-314
-304
-296
-332
-294
-240
-213
-116
-87
-68
-18
99
78
122
159
176
112
105
120
181
263
156
59
18
137
165
118
3
-51
-9
73
101
-13
-130
-117
39
145
238
82
-43
27
228
256
158
135
70
137
160
134
22
32
97
69
11
-24
32
-13
-140
-213
-127
-17
-45
-200
-260
-181
-63
-24
-73
-199
-246
-42
102
43
-113
-80
-11
5
11
-27
-61
-60
-14
-84
-158
-116
-34
-24
-48
-109
-146
-109
7
37
-97
-173
-81
91
108
83
46
61
82
171
242
178
123
118
219
144
72
103
188
161
9
5
75
184
127
-38
-139
-66
143
172
5
-175
-110
43
76
23
-35
-65
-67
31
90
36
0
-3
-6
-53
-88
-72
-60
-52
-144
-244
-217
-61
-5
-156
-261
-154
-27
-23
-100
-170
-155
-67
61
29
-89
-112
29
178
111
-9
-34
76
189
142
14
1
119
140
71
53
78
108
134
83
-53
-63
96
223
118
-91
-90
68
172
105
-2
-122
-65
147
181
-15
-150
-28
77
100
-25
-142
-172
-75
-4
-42
-98
-150
-115
-104
-86
-54
-46
-50
-24
-27
-99
-57
117
94
-48
-119
-11
91
86
52
-42
-72
-36
83
112
-14
-67
-11
44
40
-25
-27
-36
65
41
-60
-63
-10
133
53
-12
-72
35
122
158
105
-20
-25
68
170
122
-16
-89
-8
38
18
-33
-53
-107
-116
-67
-15
-76
-160
-82
30
-48
-158
-59
65
36
-1
58
91
42
46
138
154
80
32
92
84
51
16
10
30
14
-4
-44
-50
-68
-47
-19
-71
-158
-195
-99
-16
-6
-56
-111
-122
-59
62
129
71
-30
-31
23
85
85
102
59
-22
-55
-27
78
83
45
-61
-138
-108
5
88
12
-63
-102
-77
13
91
52
-20
-25
35
73
83
90
107
98
54
49
91
139
134
46
-48
10
109
106
5
-54
-79
-53
-5
-41
-107
-210
-182
-75
-36
-124
-187
-112
-43
-11
-56
-102
-39
7
-24
-58
-44
14
19
14
-64
-96
-30
86
130
-11
-97
-107
21
105
113
3
-82
-6
80
99
32
59
34
14
51
121
111
72
68
34
14
93
208
151
0
-60
60
163
166
65
-24
-70
16
117
61
-73
-164
-96
-13
-1
-79
-107
-67
-37
-59
-107
-96
-43
-21
-85
-126
-106
-44
-26
-66
-112
-93
-28
6
4
-43
-44
-15
57
54
-9
-35
24
92
28
14
29
25
10
29
65
16
14
38
40
-44
-71
59
157
74
-75
-69
34
144
182
95
-26
-1
138
197
113
37
37
58
63
69
50
28
35
41
-20
-69
-38
-15
-43
-118
-142
-129
-95
-110
-151
-154
-130
-69
-65
-114
-146
-85
-9
13
-4
-18
-15
-17
16
79
79
-7
-21
12
46
31
28
29
-20
-53
-38
17
46
2
-65
-100
-67
8
27
5
-39
-29
39
113
85
34
38
129
185
153
105
88
150
154
123
68
55
59
64
-3
-66
-28
11
-20
-108
-159
-145
-70
-36
-84
-161
-171
-84
14
-25
-91
-72
0
11
7
-1
-30
11
55
18
-46
-55
10
62
42
-21
-71
-49
-10
34
-10
-82
-75
-47
-44
-43
-17
1
29
33
-20
-23
105
183
126
43
62
133
147
128
92
68
50
83
104
27
-8
21
54
16
-47
-61
-30
1
-13
-76
-78
-54
-14
7
-27
-73
-65
25
43
-8
-67
-51
9
45
5
-63
-100
-77
-15
22
-3
-65
-105
-80
-22
4
-22
-66
-69
-70
-53
-36
28
42
-4
-29
10
76
104
106
83
42
14
76
102
47
-21
19
56
32
-13
-21
-4
-32
-3
7
-22
-60
-24
16
-9
0
31
54
27
9
1
30
94
85
16
-43
-1
65
59
21
-32
-80
-67
0
11
-40
-95
-90
-83
-50
-20
-21
-64
-95
-72
-49
-7
-14
8
-6
-5
10
38
74
73
49
-2
20
77
86
26
-33
-25
-12
10
18
-24
-68
-94
-46
-23
-27
-24
-51
-73
-84
2
66
67
24
-21
-15
73
160
126
53
19
84
122
116
79
27
20
37
62
20
-26
-57
-43
-10
-18
-58
-69
-41
-49
-62
-74
-48
-16
-10
-44
-51
-12
53
56
12
-40
-37
32
81
85
-17
-72
-37
41
33
-29
-41
-15
-13
-77
-95
-31
24
-18
-77
-73
-35
-9
28
29
-27
-69
-16
89
93
22
-7
49
104
89
31
6
34
75
74
18
-38
-40
20
42
9
-14
-22
-18
0
11
4
2
13
10
-8
-8
24
55
15
-36
-30
17
31
-1
-44
-65
-27
-3
-16
-65
-75
-42
-2
-23
-77
-57
-29
-18
-22
-18
-15
-14
-5
2
-7
-3
15
45
18
-25
-22
21
58
53
6
-38
2
37
31
-14
-37
-24
1
-1
-36
-43
-13
29
31
6
2
41
64
64
52
42
64
83
74
39
24
46
63
42
14
-24
-22
4
-11
-25
-49
-53
-65
-67
-60
-58
-36
-32
-42
-74
-64
-7
40
24
-50
-59
-15
40
48
14
-9
-11
19
51
51
7
-11
20
20
-12
-27
-7
4
-14
-22
-50
-46
-5
8
-23
-29
-3
25
37
33
18
16
54
74
51
9
35
64
75
36
24
43
30
20
9
15
-8
-14
-21
-27
-58
-55
-21
-29
-63
-83
-39
-24
-29
-49
-38
-26
-36
-32
-17
-17
-13
-6
1
-11
-3
32
34
-6
-44
-4
31
46
25
1
-26
-24
16
36
19
-4
4
-14
-9
21
50
30
-6
-6
11
35
45
51
9
-32
-11
33
55
39
4
-18
-13
26
31
7
-8
-11
-9
-19
0
12
-14
-29
-18
-11
-25
7
10
-28
-53
-36
6
11
-10
-47
-59
-20
17
-13
-61
-73
-14
23
17
3
-13
5
20
32
24
24
38
31
17
8
33
43
39
30
1
-19
9
50
18
-43
-46
-9
2
-11
-22
-32
-39
-20
10
3
-28
-27
9
27
22
10
21
28
24
17
5
38
49
41
5
-16
18
60
51
-10
-44
-30
14
25
-11
-64
-66
-25
7
-1
-24
-42
-26
1
1
25
19
1
-8
2
11
18
34
17
-14
-30
7
44
27
-3
-25
-28
-27
-15
-9
-39
-62
-45
-37
-36
-24
-15
-19
-35
-29
4
33
38
17
-18
-15
26
65
64
14
-22
-9
53
68
23
-24
-10
28
37
11
-11
-11
-18
14
18
-2
-9
1
3
-11
9
36
25
-4
-8
6
28
25
6
-23
-25
-10
11
22
10
-15
-27
-13
6
3
-29
-26
-19
-27
-55
-46
-13
-2
-16
-34
-24
-10
22
31
19
-15
-20
-2
27
23
2
-18
-14
9
1
-14
-10
14
-2
-17
-12
8
2
5
8
-2
2
16
31
10
3
30
51
45
32
28
24
32
45
29
1
-2
9
20
14
-14
-15
2
14
-21
-40
-30
-26
-9
-32
-48
-42
-22
-6
-13
-20
-4
11
8
6
7
10
9
11
11
-13
-18
-7
4
-9
-35
-30
-9
-9
-25
-16
-23
-18
-15
0
-10
-37
-16
12
29
4
-7
7
29
41
42
37
22
23
32
32
28
32
31
18
-5
-7
8
24
13
-3
-23
-29
-12
5
-5
-31
-29
-11
-1
0
-7
-8
1
5
8
2
0
2
8
7
-12
-25
-19
2
5
-19
-34
-28
-4
-5
-25
-40
-24
-7
-3
-14
-29
-19
-2
11
8
-1
-5
9
27
24
22
16
21
22
1
-1
18
26
8
-8
-12
-4
13
18
13
-12
-13
10
28
15
-10
2
20
27
16
14
7
14
24
13
16
11
14
11
3
-1
-8
-10
-2
-21
-38
-23
11
5
-39
-58
-42
0
0
-15
-36
-39
-21
5
22
2
-5
-3
11
10
15
25
20
6
-23
-24
-1
10
1
-26
-39
-37
-24
10
11
-22
-39
-9
20
14
-2
-3
0
7
25
33
19
22
27
12
14
34
52
36
6
4
22
26
23
5
-16
-22
-3
14
-3
-31
-31
-16
-4
0
-15
-24
-4
4
-12
-13
-2
18
13
2
-3
12
17
10
8
-11
-10
-2
4
-13
-33
-37
-26
-12
-13
-28
-37
-30
-15
-1
-1
-1
-20
-24
-14
-4
20
16
-2
-3
18
35
43
39
33
17
22
30
36
24
5
7
14
17
8
-2
-17
1
10
4
-13
-10
-2
19
15
-6
-13
-8
12
5
-5
-14
-1
5
17
1
-2
-3
-7
4
-18
-22
-25
-13
-22
-23
-23
-18
-19
-14
-3
-19
-12
-8
-12
-15
2
4
-18
-8
3
-7
17
22
18
11
13
21
21
23
17
-1
-1
19
8
17
-6
5
0
11
11
-1
4
-3
5
-4
17
4
7
-4
-2
-10
-10
9
-17
-7
-15
7
8
1
0
-23
5
13
7
-24
-15
-17
-16
16
-5
-8
-18
9
-7
-17
8
-2
4
5
12
-22
-6
18
10
-20
-14
5
-11
19
14
3
-8
29
38
1
3
2
-6
-3
12
-3
-22
-9
4
-7
-8
7
-12
-10
-2
-8
-11
-14
14
-26
-19
3
4
2
4
7
-3
21
42
29
-4
14
7
11
15
7
-5
2
20
7
0
6
1
4
1
-12
0
7
9
-2
-1
3
10
7
-3
-24
-17
11
16
20
-6
9
13
30
20
11
-3
-16
-12
-34
-30
-40
-15
-42
-23
-20
-20
3
11
-2
-35
-13
5
-4
-11
-19
-31
-3
27
22
21
10
22
52
34
26
10
15
0
16
3
-15
15
6
-1
-6
31
4
20
18
-4
-29
-19
33
1
-18
-21
-19
13
21
8
8
34
31
9
5
15
-18
-15
-18
-39
-45
-4
-34
-20
4
-27
-16
15
-8
-83
-23
8
-61
-2
-5
-35
-9
4
5
1
29
-21
-16
60
-10
-6
41
27
-7
23
7
22
-10
7
6
-34
38
-51
11
13
27
-16
-4
57
37
-29
23
72
-72
0
-14
44
-105
42
78
-38
10
96
28
-50
63
-4
-67
-136
77
-310
-119
224
-44
-114
17
379
-157
-190
431
-180
-275
208
-140
-265
169
144
-153
38
291
-13
-263
477
-152
-110
-20
75
-86
-298
325
-60
-107
27
291
-368
277
-145
224
-233
29
362
-612
689
-461
430
-313
267
67
-350
415
-265
189
-369
494
-578
309
-158
78
52
-182
402
-486
439
-288
130
-52
-131
214
-436
365
-40
-165
265
34
-108
72
101
-187
74
-121
64
-301
296
-102
-195
332
-105
-38
147
-126
56
-66
-38
-29
-57
113
-204
206
-101
146
-46
30
73
22
-23
-88
199
-124
81
-94
83
-20
43
12
-74
159
-26
-78
-21
209
-321
35
168
-263
63
8
81
-102
60
74
-133
205
-241
182
-324
231
-78
-195
236
-171
280
-444
532
-55
-303
294
-73
-52
-256
354
-252
-17
127
-172
133
-32
75
-71
2
290
-432
240
-39
149
-355
249
-35
-137
258
-382
442
-240
47
65
-59
67
-161
109
-4
-6
-100
88
86
-105
-46
139
-58
-67
-94
25
51
-161
82
36
87
6
-17
129
28
41
-155
39
11
32
-256
141
172
-120
-158
376
-110
-207
255
-113
-131
128
-128
44
-65
145
-62
-111
406
-236
-215
375
-71
-250
115
144
-233
51
-90
39
145
-220
295
-481
507
-162
-239
255
109
-193
-88
349
-427
424
-319
237
-163
-17
65
-345
499
-413
162
18
-78
115
-126
312
-159
22
96
-146
-23
53
-175
180
236
-535
454
20
-118
140
16
34
-176
147
-355
177
78
62
-319
296
99
-378
297
-2
51
-243
163
-169
-71
161
-12
75
-74
75
-63
-125
232
-158
-107
151
-115
-186
-11
418
-251
19
97
20
-171
-30
293
-453
472
-294
-82
37
213
-16
-315
705
-375
-140
75
282
-328
190
75
-115
-107
97
94
-120
106
120
-133
-197
285
-166
-65
290
-43
-534
561
-186
-101
21
321
-189
-166
102
-41
-50
140
13
-293
329
-160
-144
187
141
-120
-2
7
30
-312
449
-340
224
-178
112
-59
-182
367
-284
273
-279
197
-397
340
-76
-192
326
-213
120
-260
238
68
-162
233
-87
-83
71
13
-114
179
11
-196
-76
169
-134
-86
284
-83
-61
41
124
-271
368
-263
161
-72
-166
155
-203
370
-336
274
-120
73
-62
-109
315
-265
130
-91
-82
40
-26
-6
-4
200
-258
66
45
-92
115
-104
122
-69
-30
-48
196
-198
133
43
-105
7
14
18
-20
56
-73
51
-103
49
-44
29
86
-42
-46
-46
217
-231
-32
283
-212
28
48
-39
59
34
40
-117
111
43
-289
165
38
-41
-83
162
13
-117
143
38
-25
-31
71
-173
97
-68
27
-62
183
-80
-46
97
41
5
-100
183
-109
54
-200
258
-141
4
50
-36
-4
-20
-52
-60
150
-123
-33
35
3
-35
33
-118
181
-91
-33
-11
5
93
-162
210
-78
-3
110
-105
117
-99
153
-131
59
35
-158
188
-57
2
-84
189
-207
71
3
-65
153
-129
24
-78
190
-174
4
150
27
-13
-95
190
-68
1
-41
-65
65
-70
-154
127
-17
-4
34
-104
136
-42
-80
75
39
-78
-43
-9
59
-93
63
48
-29
82
-171
122
-6
-17
-91
84
29
-83
40
-24
151
-37
-70
13
37
-33
-55
38
-9
40
-6
-111
122
-15
-5
-41
68
-60
-49
105
-65
69
-34
151
-172
77
104
-205
201
-77
-70
27
37
-173
64
116
-144
21
73
-2
-61
133
-67
5
55
-77
-59
60
-63
-1
-20
51
-74
35
72
-88
115
-13
-12
20
-14
-32
15
4
-29
-37
70
-32
-67
61
17
-3
-28
60
-53
35
-45
27
-19
42
-22
-19
54
-69
49
-19
73
-70
28
7
-2
-40
-4
99
-123
63
20
-107
90
66
-146
89
41
-164
57
20
17
-34
96
-71
27
7
-61
90
-41
27
-34
-20
38
-21
0
96
-60
-60
27
8
-47
10
28
30
-93
21
-21
24
70
-34
2
-27
69
-77
-29
121
-7
-76
15
-40
12
-6
43
-23
43
-56
11
-5
-10
95
-43
48
-87
13
24
-4
13
5
20
-24
-51
37
4
25
9
-3
-36
9
7
-8
65
-18
8
-54
46
-22
11
31
3
-5
-60
52
-92
92
-31
-45
80
-73
-40
47
45
-57
57
-40
16
12
-22
-13
47
42
-102
8
29
-17
15
-24
-10
33
-1
-52
-21
153
-57
-88
70
10
-71
24
2
14
59
-62
12
37
25
-39
24
-3
-9
-39
5
21
12
-9
-20
45
-64
-7
-15
42
-43
23
-32
53
-7
2
24
43
-11
-100
80
-41
-2
-34
42
4
-5
-22
15
49
11
-34
-36
51
-71
-14
4
18
1
-23
-15
46
-27
-1
46
-15
-24
-38
11
2
-15
7
-29
47
-9
-80
118
43
-38
-5
49
-46
-39
27
-32
58
-73
19
-33
25
59
-30
71
6
-14
-48
62
-12
-7
43
-14
-16
-25
13
-22
46
-32
-24
5
-33
23
33
16
72
-87
28
7
-80
37
6
-15
-35
-4
-43
17
34
30
-29
34
-26
-28
21
9
7
11
0
-30
-11
17
24
44
-43
20
10
-53
42
1
38
-6
-2
-19
-8
32
5
-19
54
-29
-56
60
-34
67
-41
43
-4
-67
29
-11
22
7
-15
2
6
-7
22
-15
88
-29
-61
44
-10
-39
-17
20
-13
-80
-2
37
-30
47
-1
13
-10
5
-30
-20
78
-55
8
-33
29
1
-35
53
6
9
-38
33
-12
6
9
51
-53
8
20
-27
7
12
23
-70
46
-35
-54
39
2
-18
8
22
-7
47
-24
66
-9
-21
15
-59
21
-20
-15
-6
16
-20
-53
74
-28
-23
50
-39
-13
-19
10
-16
26
3
-2
28
11
-8
-7
17
26
-81
-25
50
-35
-24
21
44
-24
17
-26
34
16
-17
-15
7
20
-28
-13
-8
51
-27
-37
36
-9
-15
43
-49
23
23
-41
9
19
1
-23
18
20
-21
13
11
-4
4
-22
8
-18
29
-19
16
-4
-11
23
-25
31
-28
20
-26
-9
1
-15
13
14
-7
0
6
-9
33
-31
18
16
-45
24
3
-3
27
5
-4
-20
-3
3
-25
-3
13
-32
10
-9
-6
54
-1
-14
25
-3
-34
27
19
-38
28
-17
-3
-6
-18
31
-12
33
-50
9
61
-19
2
34
7
-34
2
-10
-5
24
-19
-33
28
-14
-32
20
50
-18
-9
-9
33
-30
-11
32
-36
25
-37
-15
33
0
-6
15
3
-14
-4
-11
14
16
-46
8
14
-30
10
5
18
-2
2
-11
-7
19
-2
-22
22
21
-53
21
23
-9
-12
20
9
-25
20
-14
27
-9
6
9
-18
19
-16
-23
14
-17
-25
14
-17
23
-4
-3
18
4
2
20
-38
51
-31
2
-6
-10
22
-35
43
-47
37
-16
10
-19
21
-14
-18
27
-23
4
-11
24
-16
-3
-7
3
-8
10
-18
11
16
-16
23
-6
22
-3
-3
26
-34
-13
6
3
-38
9
23
-1
-4
20
13
-5
14
-17
10
-2
-20
-5
2
7
-21
3
27
-6
-13
16
-2
19
-9
-17
43
-6
-20
-6
26
-7
-9
-2
-4
31
-38
-11
20
-1
-17
-6
-4
-3
-10
21
-10
16
18
-16
8
7
3
5
12
-4
4
-34
31
-18
-11
12
-20
3
-41
8
20
-24
15
16
0
11
-20
29
16
6
-27
4
6
-32
6
-1
18
-14
2
4
2
8
4
6
-4
4
-33
2
24
-9
-25
20
10
-45
19
-4
20
-2
-38
26
-4
-28
12
1
4
16
-13
-7
28
20
-36
4
10
-25
-2
-17
22
2
-11
2
2
-9
12
-6
-1
3
9
-23
17
14
-10
7
0
-12
-11
14
-3
0
-10
27
-12
-16
21
0
5
3
-16
-4
17
-5
-12
21
5
-19
6
1
-8
8
12
-33
4
4
-15
7
-3
9
-4
1
-12
12
-2
16
0
-13
15
-7
-6
-17
17
-1
-20
9
8
-9
10
9
-13
-1
10
-21
-2
10
17
-20
26
20
-33
34
3
-26
-4
34
-36
-8
37
-17
3
22
2
-25
20
1
-39
12
9
-8
-1
9
8
-6
15
-31
13
-4
-22
-5
5
2
-1
17
-9
11
-1
-5
4
-12
19
-22
2
18
-8
14
17
1
-4
2
-9
0
-4
0
2
-7
3
-8
4
24
-7
1
1
-1
-17
1
17
-1
2
2
-12
-5
23
-16
11
3
8
-33
-11
20
-19
11
-2
-10
-3
10
-8
20
8
-1
0
-20
-9
9
-7
20
-7
-2
2
-12
6
-9
22
-18
-11
-4
11
-7
16
20
15
-9
-1
-5
-10
8
-24
4
-23
10
-21
6
21
11
-6
-9
15
-19
6
-21
30
-11
-10
17
-12
20
3
4
-1
0
-19
6
-2
-14
10
-9
-9
-1
-8
-10
22
-2
-4
2
11
3
-8
15
7
-6
-13
16
-2
-10
-1
-1
1
-15
-11
16
11
-2
7
16
1
-3
-11
5
12
-24
-14
20
-8
-8
-1
9
19
-14
-9
16
7
-9
-13
22
6
-12
-2
10
21
-13
-3
10
9
-20
-12
0
2
-1
-18
17
3
3
4
0
16
-10
-5
6
1
-4
8
13
-4
12
-10
-2
9
-20
4
-8
-3
-1
-10
12
-3
2
12
3
9
-1
0
5
-5
-10
-3
-12
3
11
-14
13
4
9
-7
-8
12
-10
7
-1
-11
12
9
-13
-3
8
4
-25
7
3
-15
16
-9
-4
3
-7
-4
4
1
6
13
-4
7
-3
-1
-2
-9
-7
-5
-2
-2
4
-1
10
3
-11
6
-12
10
-11
5
-1
-10
7
-11
11
-1
5
9
1
-4
3
-9
0
-12
-3
4
-13
4
11
0
4
-5
0
-1
-3
-3
-6
18
0
-15
9
1
9
-8
-1
9
-1
-3
-16
12
-10
-7
-4
-4
5
11
5
18
6
3
1
-12
-6
-15
14
-15
0
12
6
0
10
-4
3
-4
-16
0
-2
4
-5
3
13
8
-9
20
9
5
-1
-6
0
-12
-6
-18
16
1
-10
14
3
12
-6
-4
4
2
-19
2
19
-8
6
6
-2
4
-6
-19
16
3
-14
-7
19
4
-12
9
7
9
-11
4
2
8
-5
-8
3
-3
-8
-13
15
8
-11
1
15
-4
-15
11
-5
-8
9
-8
14
-5
8
-1
-8
10
-12
-15
20
-3
-17
10
1
-9
-11
8
0
-3
10
1
2
2
-1
-11
-1
-1
-18
5
6
-7
14
-3
9
-2
-1
-2
0
11
-8
14
-7
2
-16
1
-10
-3
2
-12
12
1
5
-5
16
-3
-14
8
-12
-4
6
4
7
-6
3
-4
-6
5
3
-5
8
1
-14
-2
4
6
-6
-4
6
2
-15
13
10
-9
6
-6
-5
4
10
-2
18
0
-10
-6
-9
9
1
3
9
4
-1
2
-1
11
1
-14
2
4
-14
6
18
-5
-13
1
-8
-6
7
10
10
4
2
-4
-5
6
-1
-14
9
-7
-8
9
10
10
-1
5
-12
0
-7
4
8
2
-6
-2
9
-14
8
8
3
-10
3
-4
5
5
-2
6
-3
9
-14
19
17
-11
1
5
-16
-7
-4
3
5
-3
-4
-2
9
0
-7
6
4
-15
-4
4
1
3
0
5
-4
3
5
6
11
2
-5
-2
-7
-15
0
-8
5
-5
3
7
3
11
1
0
1
-10
4
3
-4
18
-3
1
1
-5
-6
-1
-6
-5
1
0
-3
3
9
0
3
0
4
-4
0
7
-16
3
-3
-13
2
-1
5
4
7
3
-5
6
-7
-7
3
-5
3
-2
6
7
2
1
2
3
-7
2
-3
-1
4
-3
-9
4
3
-10
7
8
2
4
-2
11
-7