1
2
4
1
0
1
4
-4
0
3
3
3
1
0
3
1
0
5
-3
0
-1
-1
1
1
3
0
0
2
5
4
3
0
-4
5
4
6
3
1
-1
-12
4
2
-6
-5
-5
-7
-7
0
-2
0
3
0
2
-7
-6
1
-1
1
2
-6
-3
-4
0
3
-3
-8
-7
-3
-5
2
-2
-3
-3
-2
-9
-10
-10
-10
-1
-6
3
-2
2
0
-5
-3
1
1
-1
2
-3
-3
2
4
-3
-4
-5
-4
0
-3
-6
-4
0
1
-1
0
4
3
2
6
7
4
-2
2
4
4
4
0
3
-4
-1
4
6
8
0
-4
2
2
5
0
1
7
-3
6
-2
-5
0
0
3
5
8
1
7
4
1
0
-4
-2
2
7
-5
0
-2
-1
-4
-1
-4
-3
-2
-2
4
2
3
-2
3
2
0
3
5
1
-4
3
3
2
-3
-3
-9
-3
-2
-3
3
1
1
5
5
-2
4
-1
-5
1
6
5
3
5
-5
5
1
-2
5
5
1
-1
6
8
-3
-5
2
0
3
-4
-1
2
-1
10
-1
-5
-2
-2
4
0
4
8
8
1
-5
-1
6
0
-5
-11
-1
0
-4
6
2
1
-7
-10
-8
-1
-1
2
6
1
0
2
-2
-4
0
-10
-8
-6
-5
4
2
-3
-6
4
1
-7
-8
-3
7
3
-1
7
-2
-12
-3
5
1
2
-5
2
-1
3
-4
-2
3
-7
4
0
2
3
2
6
4
-1
-1
-1
3
3
4
0
2
1
7
5
9
9
-1
-1
0
-4
7
14
-1
5
5
1
-6
1
4
-2
3
10
2
0
7
6
3
7
1
1
3
2
6
7
12
7
-5
-1
1
6
4
-1
5
6
8
-1
-4
-2
-5
5
3
1
2
6
4
-5
7
-3
1
3
-6
7
4
13
0
2
-2
-4
4
3
1
-1
2
-7
0
-7
-11
-5
2
-1
-1
1
-7
-2
-4
-5
-7
-3
0
-4
6
-5
-2
5
0
-3
2
-2
-1
-10
-7
-10
3
1
-7
-10
-14
-4
-16
2
-9
2
-7
0
4
-3
0
-2
3
-1
8
1
-1
-1
-9
-7
0
-3
6
3
7
-9
-6
-12
-3
0
3
6
10
13
-11
5
2
4
0
3
-4
8
5
1
10
8
0
1
6
4
3
5
11
-3
0
1
4
-2
0
-1
3
6
1
7
2
13
11
2
4
3
-1
1
0
3
6
-2
2
-8
2
-11
3
5
6
6
-2
2
-8
-9
-4
14
8
1
1
2
-3
3
-3
0
-10
-11
7
4
-3
-10
7
5
-3
-5
4
2
-1
0
0
7
-8
-17
-2
1
-1
-5
5
6
-8
1
-4
0
-12
-2
11
1
-7
5
8
-3
-7
0
-1
7
3
3
15
4
-6
-14
-11
-12
-7
1
-2
-8
2
-3
-5
-1
-7
11
7
8
9
-2
4
3
-2
-11
0
-4
-8
-3
8
1
1
1
-3
-9
-15
-13
-6
-1
8
9
9
3
1
-9
-9
-11
4
-1
6
2
-7
3
-4
1
5
7
3
2
10
5
3
-13
-20
-18
-9
4
9
-4
-7
3
-6
-14
-4
-6
8
20
17
29
3
-1
-15
3
-1
-12
-7
-16
13
2
17
5
7
-11
-6
-10
-8
13
2
-4
5
5
9
15
1
-2
-3
-3
-3
-5
5
-8
11
11
7
6
11
-1
-17
8
6
2
-1
8
5
13
-2
5
2
2
-15
-19
-9
-2
13
3
6
11
7
1
4
-2
-13
-7
-5
7
7
3
6
8
9
9
-3
-4
-3
-20
-12
16
-3
-6
-2
-1
-8
0
4
-14
-3
-13
-7
1
3
9
-1
23
-3
-9
-12
2
-12
3
-1
10
10
17
4
7
0
-24
-12
-16
-13
1
5
1
-2
-12
-7
-4
-13
-4
-9
10
0
18
3
14
10
-2
0
-8
-1
13
4
11
14
2
-3
-7
-20
-11
-1
-1
-8
-4
-10
-8
-4
-6
-4
8
21
20
10
3
2
0
-9
-9
-3
27
3
20
11
-9
-5
0
-6
-10
-19
-6
-7
7
4
6
-5
-1
1
-8
-3
16
1
8
5
6
7
12
5
3
7
-11
-7
7
8
1
13
1
-7
-9
-8
4
-8
-4
-14
-6
-8
5
13
21
19
3
2
8
-1
-9
13
16
11
3
-2
-2
-9
-15
-5
-1
-18
-13
-6
13
5
3
8
-1
-2
-3
3
14
5
6
-15
6
-1
-9
13
20
-1
-10
-15
-11
-11
3
-15
6
9
-6
-7
9
-7
-5
-4
-7
-5
-6
6
20
11
4
-6
-2
-10
-16
-3
4
8
-3
-3
0
14
6
-11
-19
-13
-8
-9
12
16
15
3
1
9
-13
-5
0
-3
5
-5
-1
-6
-2
-7
-2
12
7
-3
0
5
-4
10
-6
-3
-6
0
8
7
14
-10
-9
-22
-12
-5
8
19
14
12
13
13
7
-17
-23
-27
-24
-12
21
23
16
3
-3
-15
-5
-11
-2
2
23
5
11
15
4
4
3
-15
-12
-3
-7
1
4
-6
-17
5
-7
-15
0
12
6
23
6
13
4
6
-1
7
-10
-2
-2
17
0
1
-1
-11
-20
-5
6
-3
8
2
11
-6
13
4
-13
-9
4
6
7
13
11
-9
7
4
-6
-4
9
-1
1
-10
-1
-9
4
-14
16
-8
2
3
-1
5
-3
7
-14
-11
2
0
9
24
18
5
-6
-2
-11
-9
-10
-14
2
5
2
7
5
1
-32
-12
-6
5
6
18
4
-8
-12
-8
29
11
0
-2
-1
-16
-8
4
1
-6
2
-10
7
-4
-26
-11
-6
-13
-15
-3
10
11
29
13
17
-6
-24
-18
-9
-10
-3
11
34
3
6
1
-10
-1
-13
-1
-9
-3
-2
-8
19
3
0
-1
-6
-3
-11
-13
3
24
6
10
20
14
-3
7
6
14
-5
-16
-14
-2
-8
4
12
6
8
6
2
-5
-7
-3
3
26
17
6
24
14
0
-14
-14
-14
-12
-13
-5
-2
-8
-10
8
-2
0
4
7
-2
1
16
10
14
16
-1
7
-18
-19
-19
-19
-5
-6
6
-2
-9
2
10
-7
-8
-19
-17
-23
-12
-6
7
-1
-5
11
21
-3
-2
-7
0
-19
0
6
17
20
19
7
-1
-12
-17
-14
-18
-19
-3
-2
-1
5
0
16
9
7
0
-6
5
-2
17
6
3
7
10
13
5
-7
-2
-9
-10
-1
-7
6
6
24
11
15
10
-5
-4
-6
5
3
-5
-10
1
12
9
-3
4
-1
-11
4
-11
-6
-3
9
9
14
16
14
10
9
12
6
8
1
17
11
2
-5
-7
-24
-23
-22
-8
-13
-6
6
11
7
6
7
4
1
-4
-3
1
-7
-10
-15
-16
-30
-17
-16
-8
-5
-10
-3
-7
0
-19
-4
5
-2
7
18
12
3
0
-4
-4
14
2
17
20
9
11
13
1
-10
-16
-8
-20
-5
-11
12
17
16
11
23
26
15
12
21
17
8
9
-5
-14
-9
-11
-12
-17
-17
-28
-23
-21
-21
-12
-6
-13
-1
3
1
14
0
6
4
5
12
13
23
21
22
15
5
-8
-15
-35
-29
-36
-48
-47
-47
-45
-33
-22
-16
-12
-1
2
17
27
29
40
36
39
40
29
26
13
5
-10
-9
-16
-17
-21
-6
-10
-6
-9
-10
-2
1
-2
-1
-6
7
1
13
18
31
29
28
32
39
35
47
42
38
32
25
11
-4
-22
-34
-47
-36
-54
-40
-20
-23
-9
1
19
32
40
36
36
34
30
13
9
-2
-7
-22
-23
-36
-40
-50
-42
-44
-38
-40
-35
-21
-27
-16
-12
-19
-28
-30
-22
-26
-22
-9
2
19
38
36
53
66
67
63
52
56
43
39
21
15
2
-11
-9
-2
-3
-3
7
17
22
23
30
24
27
15
8
-9
-23
-32
-40
-53
-57
-54
-54
-57
-41
-41
-43
-34
-28
-43
-38
-39
-36
-41
-31
-21
-4
7
30
44
49
66
74
90
88
91
78
75
55
38
22
5
-14
-22
-21
-5
-2
0
9
28
35
44
30
18
-14
-31
-59
-79
-129
-156
-183
-190
-203
-198
-188
-177
-137
-97
-45
-1
37
78
112
133
161
165
161
163
162
175
167
173
166
156
154
134
110
89
60
32
28
8
14
25
46
68
111
154
184
218
219
226
189
138
47
-66
-213
-345
-507
-657
-791
-896
-956
-954
-904
-800
-655
-468
-256
-42
162
353
504
615
683
702
681
631
543
444
337
262
189
150
120
115
132
162
203
219
231
216
192
164
137
121
125
139
207
300
427
539
645
682
672
585
423
173
-172
-545
-962
-1331
-1681
-1928
-2125
-2179
-2102
-1889
-1582
-1185
-735
-271
190
648
1026
1317
1484
1584
1550
1454
1261
1013
681
359
50
-210
-437
-591
-701
-722
-667
-487
-280
-22
246
531
813
1039
1215
1259
1238
1120
1001
837
692
563
457
439
440
531
510
465
237
-22
-421
-847
-1384
-1993
-2579
-3072
-3368
-3473
-3339
-3003
-2473
-1715
-797
191
1134
1898
2518
2852
3064
3020
2796
2323
1731
1087
441
-136
-712
-1180
-1608
-1827
-1875
-1768
-1559
-1301
-938
-518
23
571
1085
1504
1856
2161
2378
2469
2376
2079
1689
1231
836
449
140
-133
-282
-285
-201
-97
-191
-385
-794
-1148
-1627
-2070
-2641
-3154
-3535
-3637
-3460
-3049
-2474
-1702
-809
266
1312
2307
2976
3384
3507
3408
3120
2564
1879
1046
282
-435
-996
-1500
-1917
-2227
-2402
-2349
-2156
-1842
-1451
-1003
-402
211
941
1575
2171
2590
2915
3116
3127
2948
2524
1921
1210
521
-87
-601
-964
-1128
-1102
-854
-521
-82
86
155
-123
-423
-931
-1471
-2097
-2781
-3267
-3604
-3490
-3213
-2632
-1962
-1111
-108
963
1989
2762
3212
3388
3315
3118
2653
2054
1230
450
-240
-820
-1248
-1740
-2093
-2480
-2557
-2453
-2209
-1870
-1522
-929
-273
625
1472
2245
2804
3230
3567
3655
3536
3020
2280
1328
446
-361
-1091
-1610
-1901
-1801
-1395
-760
9
592
1154
1307
1241
738
52
-803
-1817
-2630
-3431
-3809
-4098
-3876
-3440
-2740
-1852
-905
140
1022
1892
2533
2863
3053
2906
2768
2323
1960
1466
950
561
127
-222
-822
-1298
-1781
-2136
-2405
-2597
-2564
-2351
-1765
-1004
-155
786
1699
2620
3253
3832
3965
3810
3195
2431
1504
465
-497
-1423
-1994
-2252
-1969
-1380
-635
188
887
1477
1914
1968
1515
478
-505
-1517
-2271
-3153
-3817
-4353
-4526
-4228
-3669
-2892
-2145
-1192
-226
917
2057
3021
3514
3765
3880
3989
3768
3412
2669
1907
1019
325
-493
-1397
-2477
-3391
-3953
-4127
-3990
-3805
-3277
-2395
-1043
315
1654
2809
3746
4395
4797
4813
4438
3431
2238
839
-292
-1334
-2183
-2823
-3000
-2562
-1735
-771
198
965
1608
2015
2290
2051
1240
160
-913
-1630
-2463
-3161
-4000
-4396
-4407
-3957
-3229
-2431
-1459
-466
688
2000
3169
3995
4225
4283
4235
4010
3493
2510
1420
183
-812
-1746
-2511
-3319
-3980
-4411
-4227
-3600
-2872
-2101
-1202
89
1481
2755
3762
4362
4609
4510
4172
3438
2293
863
-682
-1851
-2697
-3107
-3381
-3238
-2613
-1488
-173
1124
2237
2985
3493
3753
3693
2985
1649
125
-1286
-2347
-3449
-4500
-5474
-5910
-5713
-5028
-4012
-2878
-1608
-215
1425
3141
4571
5331
5450
5257
4821
4136
3055
1582
54
-1400
-2343
-3033
-3435
-3854
-4080
-3905
-3235
-2161
-1239
-400
525
1496
2582
3401
3907
3941
3445
2884
2163
1354
178
-1034
-2124
-2769
-2878
-2662
-2189
-1545
-677
617
1821
3094
3755
4096
4132
3841
3077
1434
-316
-2051
-3336
-4480
-5502
-6290
-6793
-6485
-5550
-4170
-2554
-1056
761
2438
4466
6002
6847
6778
6095
5214
3940
2480
731
-1170
-2845
-3989
-4345
-4406
-4384
-4263
-3858
-2780
-1627
-313
489
1344
2165
2887
3626
3973
3859
3147
2143
1295
424
-631
-1835
-2745
-3178
-2965
-2265
-1431
-457
397
1423
2585
3601
4238
4251
4042
3935
3116
1465
-876
-2737
-3937
-4878
-5729
-6592
-7012
-6847
-5686
-4005
-2138
-373
1229
3235
5267
7234
8039
7520
6325
4604
2960
926
-1155
-3168
-5027
-5789
-5630
-4650
-3869
-3354
-2605
-1441
182
1133
1870
2197
2697
3259
3481
3829
3471
2558
1334
211
-539
-1444
-2471
-3261
-3367
-2826
-1853
-848
-15
903
1653
2626
3620
4170
4374
4136
4407
4257
2626
-1
-2645
-3871
-4675
-5443
-6546
-7396
-7373
-6328
-4299
-2287
-484
1071
2858
5216
7246
8305
7475
5620
3592
1593
-197
-2322
-4227
-5658
-6019
-5058
-3456
-2100
-1600
-1221
-333
1110
2147
2155
2238
2324
2941
3335
3193
2767
1294
-184
-1268
-2014
-2472
-3253
-3602
-3203
-2018
-487
640
1386
1837
2542
3277
4028
4512
4224
4051
4004
4361
3161
128
-3136
-5214
-5444
-5699
-6325
-7224
-7623
-6645
-4603
-2049
-203
1055
2431
4569
7095
8401
8019
5733
3147
928
-867
-2406
-4226
-5547
-5807
-4734
-2658
-1001
-322
-575
-287
651
2031
2339
1993
2133
2149
3045
2939
2489
1150
-904
-1963
-2379
-2381
-2531
-2781
-2358
-1263
257
1274
1813
1632
1723
2315
2993
3897
3877
3785
3716
4199
4076
1493
-2184
-5137
-5873
-5316
-5516
-6072
-6990
-6914
-5478
-3006
-736
504
1500
3273
6031
8193
8422
6706
3616
855
-1191
-2597
-3726
-5112
-5450
-4563
-2405
-354
482
149
-509
113
1324
2667
2612
2111
2509
2383
3067
2180
717
-1340
-3390
-3544
-3057
-2583
-2489
-2020
-1108
548
1855
2326
2352
1726
2114
2931
3709
4449
3758
3635
3384
4016
3048
-756
-4655
-7177
-6427
-5207
-5026
-5638
-6923
-6659
-4926
-1985
95
865
2095
4467
7799
9542
8728
5949
2033
-910
-2648
-3451
-4220
-5213
-4891
-3044
-507
836
520
-757
-1491
-456
1293
2918
3011
2392
2864
2705
2909
1346
-1254
-3405
-4738
-3886
-2383
-1512
-1127
-482
378
1858
2809
2466
1969
1364
2050
3425
4021
4171
2907
2222
2205
2927
1697
-2091
-5777
-7002
-5142
-3315
-3242
-4688
-6708
-6811
-4938
-1751
239
1158
2807
5700
8916
9869
7945
4107
-299
-3064
-3997
-3941
-4047
-4438
-3475
-1383
757
966
-334
-2013
-2469
-710
1942
3924
4389
3114
3177
2719
1730
-57
-3438
-4806
-4938
-3197
-754
274
300
359
580
1468
2251
1564
1178
1337
2352
4056
4150
3675
1953
751
1114
2332
1989
-1433
-4772
-5633
-3764
-2065
-2680
-4990
-7575
-7831
-5272
-1598
874
1834
3353
5966
8482
8902
6307
2140
-1907
-3973
-3555
-2580
-2257
-2615
-2155
-518
669
46
-1620
-3136
-2730
-103
3554
5627
5596
3441
2276
1588
-252
-1780
-4751
-5394
-4016
-1845
970
1478
529
-231
-390
632
1967
1662
1632
2340
3395
4707
4070
2557
306
-954
331
2572
2784
-388
-3863
-4739
-3330
-2223
-3426
-6175
-8639
-8289
-5009
-654
1784
2477
3377
5392
7315
7269
4821
1266
-1821
-2868
-1699
-442
-615
-1704
-2121
-1174
-656
-1382
-2538
-3093
-1664
1375
4961
6248
5283
2432
245
-77
-1728
-2302
-4042
-4147
-2068
-509
1512
1242
-396
-1591
-1345
423
2491
3141
2949
3559
3642
3713
2502
532
-1043
-1512
727
3871
4864
1550
-3171
-5621
-5164
-3699
-4085
-5876
-7815
-7543
-4272
-235
2011
1840
1738
3341
5659
7090
6226
3673
742
-1013
-673
-263
-1097
-2858
-3776
-2843
-1678
-1535
-2055
-2373
-1287
1094
4211
5737
4792
2475
133
588
-297
-1182
-2273
-3611
-1879
-1055
258
648
-1168
-2144
-1585
228
2669
3327
2630
3011
2819
2829
2263
741
-62
-423
1563
4799
5643
2073
-3616
-6605
-5988
-3722
-3199
-4555
-6826
-7500
-5304
-1599
684
752
766
2773
5915
8197
7835
5137
1548
-1016
-1480
-1054
-1727
-3132
-3795
-2758
-1292
-1255
-1860
-2327
-1527
694
3746
5739
4770
2804
241
469
-201
-1733
-2068
-3701
-1972
-1034
-29
653
-1455
-2516
-1956
2
2558
3561
3144
3469
3502
3202
2783
1253
379
88
1680
4837
5569
1902
-4001
-7401
-6747
-4263
-3176
-4279
-6557
-7708
-6034
-2532
-112
415
844
3292
6951
9429
9158
6021
1935
-1327
-2251
-1824
-2245
-3134
-3540
-2352
-975
-1155
-2004
-2733
-2100
148
3368
5599
4875
2880
390
294
-309
-1633
-2037
-3257
-1765
-511
407
647
-1452
-2718
-2078
82
2817
4251
3840
3900
3704
3110
2430
722
-258
-485
1071
4421
5235
1704
-4285
-7612
-6708
-4036
-2639
-3740
-6054
-7652
-6352
-2870
-331
590
1145
3811
7409
9819
9224
5736
1187
-2376
-3026
-2155
-1951
-2511
-2797
-1777
-848
-1313
-2389
-3154
-2520
-7
3672
5948
5211
2808
289
130
-390
-1176
-1700
-2593
-1521
-328
284
-93
-2299
-3628
-2464
217
3435
5007
4390
3950
3424
2684
1929
386
-442
-4
1655
5176
5349
1105
-4975
-8207
-6383
-3496
-2013
-3332
-6230
-7989
-7121
-3510
-965
453
1809
5086
8776
10704
9183
5029
34
-3244
-3278
-1974
-1326
-1671
-1903
-1440
-1397
-2459
-3731
-4177
-2821
416
4488
6518
5460
2898
50
-306
-789
-1024
-1108
-1724
-740
-38
-126
-1379
-3277
-4047
-2318
734
3885
5756
4915
4093
3093
1880
886
-219
-322
717
2521
5264
5459
936
-5065
-8358
-6754
-3362
-1685
-2679
-5700
-8086
-7772
-4519
-1339
912
2912
5922
9139
10411
8659
4201
-690
-3668
-3219
-1252
-41
-202
-1035
-1727
-2560
-3914
-4956
-4779
-2782
899
5094
6859
5700
2623
-677
-956
-1085
-318
195
-623
455
-33
-812
-2236
-4181
-3935
-2113
1076
4563
5857
4705
3441
2108
1039
574
43
1066
1990
3664
5791
4624
-570
-6850
-8884
-6040
-2339
-1101
-3110
-6786
-9393
-8563
-4701
-612
2204
4571
7511
9756
9930
6914
2031
-2060
-3607
-1742
745
1394
311
-1797
-3321
-4504
-5421
-5416
-4147
-1066
3064
6368
6521
4085
177
-2076
-1395
38
2265
1882
912
389
-1188
-2194
-3838
-4416
-3110
-821
2629
5412
5205
3434
1672
567
583
646
1589
2458
3127
4458
5475
2913
-3025
-7902
-7588
-3782
-861
-1276
-4759
-9059
-10899
-8707
-3686
885
4023
6332
8374
9369
8314
4686
416
-2276
-1570
1076
2802
1992
-862
-3847
-5661
-6102
-5850
-4629
-2590
868
4503
5631
4412
1193
-1573
-1373
125
3132
4714
2883
1247
-1043
-2640
-3510
-4656
-3541
-1665
615
3631
4491
2812
1320
218
764
1535
1959
3252
3292
3976
5305
4098
-1198
-6725
-7465
-3805
-429
-763
-4100
-9337
-12443
-10650
-5303
668
4103
6045
7347
8349
8224
5589
2008
-714
-297
2444
3840
2589
-1292
-4996
-6975
-6875
-5228
-3826
-2683
-570
2595
4251
3324
568
-1108
-815
1031
4524
6351
4752
1123
-1915
-3056
-3138
-3309
-2593
-1775
-724
1482
2788
2298
873
282
1094
2167
2861
3459
3262
3065
4555
4128
-364
-5365
-6258
-2981
-301
-863
-4481
-9605
-12780
-11020
-5022
1090
4365
4974
5274
6285
6927
6191
3699
1272
987
3218
4517
2666
-1493
-5812
-7679
-6917
-4187
-2309
-2419
-2289
-404
1746
2218
1220
-440
598
1778
5035
7186
5259
2186
-2059
-3022
-2091
-1731
-1474
-2067
-2382
-796
776
1503
1486
496
1263
2276
3328
4094
3909
4159
3768
819
-2275
-3653
-2193
-57
-916
-3909
-8383
-11426
-11268
-8327
-2835
2004
4108
3890
3943
4546
5307
5269
4780
4203
4141
4611
3597
635
-3547
-6521
-7069
-5452
-3216
-2354
-2417
-2738
-2412
-1277
-59
1034
2265
3094
4689
5242
5095
4141
1626
-258
-1096
-715
-522
-1846
-3379
-3449
-2579
-828
1102
2204
2368
1865
2192
2998
3664
4413
4694
1742
-1973
-2955
-883
1178
73
-3333
-7833
-10529
-10208
-7348
-3779
-687
1351
1684
2046
2519
3542
4649
5377
5996
6089
5805
4309
1938
-859
-3334
-4901
-4762
-4033
-3760
-3661
-3891
-3905
-3961
-3075
-703
1395
3187
4629
4953
4674
4024
3312
2513
1600
1239
891
-424
-2348
-3591
-3910
-2990
-1347
863
2386
2593
1950
1969
2871
4241
3771
191
-2793
-2842
935
3293
1516
-3535
-8743
-10139
-8229
-4265
-1012
213
-155
-399
535
1300
2184
2924
3928
5162
6264
6576
4532
1832
-699
-2411
-2478
-2114
-2296
-3718
-4800
-4906
-4518
-3774
-2608
-1365
-801
1091
3791
5154
4952
3299
2519
2443
2947
3771
2865
80
-2343
-3321
-3061
-2201
-1442
-328
723
1535
2802
3335
3279
2325
-137
-1864
-2264
-304
2112
1802
-1503
-5633
-7406
-6986
-4908
-1951
157
484
-47
308
824
1041
1781
2705
3120
3434
4016
3946
2960
1616
532
-723
-1566
-1826
-2247
-3338
-4094
-4263
-3930
-3064
-2005
-922
-1231
-408
1404
3683
4922
3987
2997
2288
2285
2772
2570
1298
-381
-1718
-1840
-1602
-1340
-979
-302
727
2499
3951
4188
917
-2602
-3829
-1753
1850
3038
621
-4840
-8074
-7119
-3843
-1011
531
297
-1087
-854
1009
2823
3334
3025
2404
1593
1560
1880
1979
1221
520
400
219
-238
-1521
-3078
-3979
-4104
-2974
-1938
-1550
-1503
-2048
-1520
-226
1837
3365
3230
3089
3401
3428
2944
2019
1313
744
211
213
-90
-1078
-1695
-1218
-106
1224
2421
3214
1314
-1763
-3148
-1405
1124
1887
-23
-3703
-6681
-6856
-4255
-1291
822
888
-275
-1183
-521
1437
3826
5228
5090
3268
1314
67
-248
25
329
335
-348
-749
-1455
-2217
-3241
-3950
-3529
-2464
-1572
-1066
-1015
-1295
-713
840
2467
2847
2656
2885
3503
3746
3531
2371
640
-344
-86
294
367
-84
-647
-539
183
2049
2054
-378
-3272
-3523
-449
2370
2478
-1354
-6210
-8122
-5884
-1673
1144
1477
-98
-1606
-1123
566
2530
4011
4698
4654
4073
3234
1820
411
-142
-586
-1307
-1774
-2003
-2682
-3341
-3624
-3263
-2878
-2676
-2059
-2289
-1637
-307
1311
2934
2913
2262
2111
2507
3682
4469
3944
2870
1269
273
-70
-582
-413
-102
-43
332
853
813
-1422
-3832
-4167
-1546
1552
2184
-816
-5055
-7143
-5996
-2332
751
2031
884
-487
-603
318
1847
3546
4517
4324
3556
2956
2470
2177
2345
1954
403
-1891
-3500
-4494
-4883
-4334
-3439
-3535
-3907
-3652
-3079
-2311
-1011
988
2608
3521
3795
3735
3563
3842
4493
4255
3407
2435
1689
935
-17
-625
-785
-644
-150
810
-226
-2819
-5308
-4668
-1219
1584
1455
-2267
-6218
-7143
-4338
-845
1363
1571
310
-470
266
2101
3289
4036
4259
3422
2061
1395
1632
2309
3075
2913
1311
-796
-2357
-3134
-3943
-4158
-4084
-4428
-4739
-5116
-4826
-3983
-2310
411
2409
3044
3063
3260
4016
5326
6369
5819
4216
2724
2489
1863
1036
401
83
-86
176
230
-1774
-4636
-6538
-3947
-651
677
-2102
-6433
-7997
-6000
-1897
789
981
-797
-1455
-88
2742
4818
5611
5529
4429
3108
2255
2018
1962
2183
2186
1422
24
-1107
-1810
-2482
-2543
-2618
-3425
-4369
-5310
-5765
-5745
-5085
-3110
-1320
174
1133
2242
3526
5137
6453
6692
6542
5256
4668
4525
4179
3020
1895
457
201
-309
-1972
-3717
-6140
-4182
-1942
-1257
-4208
-8459
-9719
-7508
-3433
-719
-384
-1464
-1551
-455
1740
3661
5268
6538
7449
6929
5310
3691
3043
3455
3347
2008
-569
-2264
-3158
-2713
-2278
-2769
-3904
-5185
-5701
-5132
-4601
-4142
-3057
-2343
-1424
-930
-267
1271
3963
5934
7265
6557
5143
4853
5219
5972
5846
4811
2995
2465
616
-1534
-4671
-6087
-4184
-2830
-3296
-6534
-9703
-9901
-7071
-4189
-3213
-3968
-4034
-2431
1001
3856
4992
4845
4882
5603
6166
7024
7235
7091
6677
5200
2143
-774
-2372
-2241
-2246
-2578
-3950
-6042
-7145
-6667
-6076
-5407
-3940
-2741
-1499
-831
-355
452
2157
4095
5569
5220
4714
5119
5314
6092
5875
5031
3636
3310
2623
1475
-934
-2928
-1957
-1867
-2987
-6709
-10314
-11120
-8186
-5285
-3874
-5158
-6138
-5372
-2933
633
2892
4368
4917
6059
6223
6219
5819
6320
7245
7298
5580
2716
1106
280
144
-718
-2692
-5523
-6477
-6873
-6260
-5726
-5105
-4941
-4488
-3203
-1473
-113
1618
3877
4637
5022
4921
5074
5129
6044
6172
5143
4746
3770
1949
-1092
-2444
-945
194
137
-2643
-6430
-8169
-6834
-5047
-4627
-6033
-7404
-6949
-4736
-2383
-1097
-513
738
2470
4023
5673
5997
6220
6802
6898
5455
4163
3324
2538
2453
1680
-102
-2298
-3626
-3868
-3828
-4139
-4658
-5175
-5249
-4138
-3160
-2307
-627
993
2055
2896
3171
3850
4991
6525
6865
6501
3791
1258
2065
3441
3847
1005
-3819
-6725
-5908
-3738
-2633
-4474
-6502
-7012
-5830
-3578
-2201
-2454
-2439
-1183
-105
1009
1131
1054
1718
3465
4333
3569
3974
4305
4292
4062
2916
1088
149
103
158
-497
-1740
-2697
-3399
-3183
-2239
-2378
-2375
-1360
-517
570
1307
1239
1058
2470
3381
4796
2739
1584
3482
3989
4683
2012
-1951
-3443
-1621
268
174
-3166
-5683
-6093
-4989
-3565
-3745
-5001
-4863
-2688
-1360
129
597
315
1570
3555
3712
3447
3041
3333
2838
2186
1328
-592
-767
118
812
598
-199
-1590
-2048
-1211
-651
-950
-391
169
763
705
443
-460
-127
2073
3581
3867
4083
2199
-458
1372
3168
3394
1174
-2076
-3675
-2020
-123
-214
-3029
-5211
-5354
-4210
-1677
-1098
-2617
-3277
-2197
-1314
-224
360
-399
-560
1331
1871
1508
1999
2477
1899
2358
2343
957
844
1163
1072
187
-743
-1939
-2650
-1405
133
-31
-433
96
-148
634
1564
1487
1556
2606
3209
2799
3669
187
-796
990
2403
2799
-114
-3068
-3669
-1239
517
-384
-3800
-4979
-4479
-2500
-328
-536
-2703
-2769
-1315
-424
845
684
31
418
1953
1193
736
1027
1460
1627
1255
58
-1241
-817
329
430
-605
-951
-1983
-1357
322
733
-191
601
959
1750
2325
2067
1378
2280
3626
4092
3502
-1084
-314
1289
3486
3134
-993
-4629
-3616
-970
950
-1237
-5738
-6958
-5089
-1017
26
-833
-4099
-3582
-1653
1173
2737
1440
377
969
2460
1634
1815
1823
2042
1818
1380
-750
-1554
-806
468
527
-951
-1759
-2570
-1235
181
-71
-1243
-1119
-824
947
1759
1518
692
2177
3723
4723
3689
309
2325
3672
5265
3655
-812
-4663
-2956
-569
1260
-2045
-6392
-6805
-4453
-813
-450
-1829
-5078
-4114
-2281
590
1164
-136
-775
1081
2007
1567
2223
1583
2018
2696
2773
1017
-114
138
699
75
-249
-1396
-1675
-605
112
-563
-1065
-812
-172
1257
1853
1167
670
1800
2541
2842
-727
-128
1732
3253
3366
-28
-3791
-2887
337
2733
1885
-2813
-4758
-3971
-173
505
-938
-4114
-4681
-2619
-467
1292
-72
-1822
-793
835
1132
1208
1006
823
461
1462
714
-147
261
949
954
176
-662
-936
248
1899
1545
157
-982
-880
967
2504
2954
1712
688
1405
2188
-79
634
1114
1707
1452
-585
-3767
-3397
-1032
33
-129
-3564
-5247
-4333
-920
647
-346
-2292
-2391
-857
1311
3173
2514
384
554
1174
801
1203
847
267
-265
-275
-1239
-1290
-309
-363
-174
-686
-1404
-1515
458
1842
1206
380
-190
-4
1886
3207
3073
2425
1389
3039
1853
829
1870
1816
2045
1012
-904
-3761
-2403
-1267
-651
-2285
-4957
-5999
-4482
-2040
-922
-1508
-3001
-2936
-1750
1318
2202
1811
645
1283
1855
2267
3221
2822
1844
1734
1702
525
412
529
29
-1069
-1820
-2781
-2625
-1121
-522
-786
-1534
-1568
-480
1713
2574
3034
2494
2410
3222
1219
2750
3504
3369
2762
1043
-1648
-2296
-768
25
-402
-2815
-4996
-4953
-3741
-2645
-2329
-3571
-3968
-3656
-1429
-74
-157
-688
-408
309
1379
3171
3669
2821
1970
2652
2566
2431
2570
1685
853
583
-132
-487
-452
-782
-928
-1404
-1167
-1746
-308
107
361
-8
144
618
-1364
1548
2979
3377
2215
1353
-720
-329
1713
2316
1217
-1204
-2945
-3112
-1597
-1313
-2041
-3761
-3840
-4305
-2172
-910
-826
-1844
-2156
-1005
-971
791
2053
1684
1219
1536
1498
1269
1735
2250
1714
2025
1769
1202
1897
1666
1225
802
601
388
812
952
430
-439
180
-1346
-2413
-174
742
1780
415
-1018
-3064
-1702
269
1375
578
-1505
-3190
-2629
-295
959
574
-1530
-2037
-2568
-392
852
608
-384
-1397
-1754
-1753
-674
213
66
83
412
-460
68
215
765
1603
1915
1535
862
1333
1603
1578
2017
1565
1193
1296
1565
1696
1625
2138
-359
-216
964
1622
1493
287
-2464
-3632
-2204
-1146
-560
-1858
-3358
-4680
-3040
-1520
-254
-259
-1174
-1938
-1347
-46
750
1122
809
673
162
358
696
1141
832
1099
1097
35
156
-60
-649
47
-40
-150
-383
-53
173
331
1254
983
1301
1705
1958
1955
2946
1523
378
1339
1941
2238
1850
453
-2984
-1970
-1253
-283
-293
-1540
-3217
-3918
-2626
-1931
-1542
-1788
-2502
-2772
-1481
-1123
-946
-1212
23
346
439
1015
902
964
1662
2427
1663
1200
1002
909
1270
1776
899
-7
287
692
495
864
388
-223
289
964
506
1070
663
-1098
287
1120
1601
1484
1300
-1248
-1353
-215
336
267
-543
-1587
-2589
-1789
-1476
-979
-1396
-1781
-2704
-1862
-1081
-1204
-1023
-330
-324
-777
-213
-39
-15
283
1184
1035
230
30
88
666
1507
1733
1305
1016
1094
1279
2444
2454
1592
1363
1417
1004
1526
1327
-622
-369
169
676
353
606
-1295
-2271
-1485
-800
-741
-889
-1208
-2261
-1727
-1972
-1892
-1147
-584
-837
-888
-715
-1254
-1375
82
1097
676
192
-500
-937
-454
678
960
234
-35
-722
-26
796
1194
1088
1099
1532
990
1597
1719
1375
1386
1890
1485
1766
1357
-79
400
1154
1540
1048
1131
-674
-1620
-1213
-1216
-1546
-1760
-1833
-1977
-2036
-2143
-2526
-2327
-1449
-1222
-542
-278
-1121
-1954
-821
167
562
467
482
-118
-269
581
759
1016
889
693
735
996
746
555
829
1365
1127
1736
1207
355
716
1596
1830
2080
1743
-80
68
794
1291
803
889
-1158
-1899
-1308
-1015
-1181
-1480
-1727
-2151
-1278
-1015
-1687
-1552
-968
-1358
-680
-284
-876
-1996
-1207
-162
2
73
-151
-551
-579
420
888
470
255
-11
643
1770
1498
913
791
1247
1043
2302
2692
1454
1004
1400
1592
1942
1929
196
-228
127
452
443
735
-1139
-2106
-1743
-1468
-1377
-1530
-1306
-1783
-1308
-1235
-1992
-1939
-1098
-956
-398
112
-457
-1563
-1040
65
411
653
463
159
-61
440
652
336
417
-233
-208
665
507
392
767
1057
308
766
1691
1413
1701
2175
2040
1998
1763
941
677
1087
1033
581
908
-354
-1467
-1477
-1371
-1994
-2243
-1775
-2139
-1742
-1487
-2212
-2425
-2054
-1653
-1212
-198
-21
-882
-378
106
252
551
771
561
341
920
988
577
781
130
149
623
552
472
823
1597
897
884
942
568
757
1493
1614
1167
1254
490
195
669
716
407
854
525
-338
-407
-354
-1168
-1725
-1234
-1634
-1356
-1333
-1893
-2255
-2027
-1772
-2002
-1172
-769
-1117
-694
-347
-365
-258
-8
160
130
624
619
435
866
899
939
1302
1003
602
888
1816
1617
1452
1554
861
790
1162
1542
1387
1396
897
219
681
752
427
318
102
-942
-907
-573
-1005
-1729
-1725
-2035
-1844
-1151
-1361
-1616
-1534
-1260
-1673
-1132
-573
-943
-774
-204
-174
-597
-374
-152
-145
420
597
58
253
342
459
1191
1240
575
310
1037
1227
1407
1887
1549
970
1153
1528
1512
1361
1839
1118
911
1016
506
455
380
133
-707
-592
-1051
-1740
-1547
-1491
-1801
-1717
-1600
-1747
-1800
-1319
-1465
-1828
-1118
-1148
-951
-694
-328
-474
-578
-177
-199
308
605
584
499
545
528
814
1180
1271
617
803
959
891
1398
1437
1283
806
1124
945
1021
1219
1223
918
816
601
390
436
303
-76
-456
-218
-783
-779
-758
-854
-1265
-1417
-1202
-1340
-1360
-1381
-1703
-1695
-1478
-1340
-1203
-1081
-734
-834
-369
-342
-289
61
243
367
280
431
481
541
929
1033
974
1053
953
1388
1447
1555
1420
1025
1030
817
1092
1080
987
695
138
346
351
331
192
-48
-264
-450
-320
-451
-599
-606
-935
-1155
-1009
-974
-1054
-1224
-1164
-1176
-1024
-796
-904
-841
-870
-907
-763
-602
-567
-518
-334
-233
-441
-50
259
337
686
878
1031
799
1198
1394
1249
1237
1169
1061
906
962
1144
1103
1013
887
508
541
381
424
338
95
0
-229
-213
-534
-502
-565
-811
-771
-734
-622
-933
-1095
-895
-885
-919
-1037
-988
-839
-1054
-866
-921
-1020
-878
-601
-224
-315
-174
-241
-202
227
402
581
550
560
696
1034
1195
882
883
792
998
1241
1249
1184
834
804
787
561
459
314
156
182
392
518
83
-143
-287
-378
-206
-205
-226
-354
-480
-698
-844
-834
-1102
-1002
-673
-780
-979
-1066
-1236
-1292
-1001
-551
-624
-810
-664
-628
-359
30
176
101
197
436
583
1022
1176
1025
924
986
1069
1113
1178
1024
921
857
706
438
333
267
173
285
487
295
125
-5
-94
-214
-133
16
-186
-265
-170
-100
-225
-509
-735
-727
-390
-349
-478
-730
-1174
-1387
-1095
-718
-902
-1101
-1168
-1100
-809
-438
-316
-365
-221
41
422
715
893
831
965
1003
928
1124
1133
1118
978
922
726
590
652
598
657
558
542
435
277
267
151
68
46
-113
-329
-220
-140
-111
-331
-387
-657
-636
-474
-445
-509
-738
-829
-1091
-927
-1010
-1011
-971
-891
-924
-763
-658
-624
-466
-346
-156
-41
142
126
415
583
636
606
626
792
1035
1122
1020
852
787
849
916
981
845
682
490
463
467
373
403
358
135
121
176
154
1
-80
-80
-333
-436
-550
-693
-753
-711
-841
-936
-1060
-1273
-1193
-920
-817
-820
-791
-893
-866
-593
-366
-344
-226
-138
84
328
491
537
439
557
669
847
817
706
555
596
658
640
722
738
668
634
693
628
580
675
752
628
547
420
165
39
150
192
35
-316
-545
-661
-548
-534
-626
-810
-1070
-1130
-1107
-975
-1039
-1025
-1022
-961
-835
-720
-711
-574
-453
-214
108
243
333
281
432
457
501
578
582
687
662
649
536
484
554
547
684
683
495
372
397
520
524
607
595
423
410
383
385
413
359
241
15
-67
-227
-335
-394
-533
-683
-849
-1004
-1142
-1135
-1090
-971
-1022
-1032
-1123
-830
-642
-501
-337
-237
-131
-109
202
394
427
336
248
305
518
645
757
625
565
493
495
654
561
469
454
539
499
488
445
361
417
455
483
509
373
303
221
207
139
44
-47
-294
-340
-314
-400
-614
-759
-889
-880
-809
-720
-860
-888
-907
-819
-582
-575
-544
-652
-461
-243
-10
90
11
-27
69
291
416
481
466
445
490
568
515
393
309
443
576
710
642
566
541
551
650
543
446
307
272
368
256
159
23
-117
-160
-109
-42
-172
-287
-393
-425
-475
-597
-680
-655
-588
-534
-636
-648
-635
-573
-424
-316
-293
-275
-175
-145
-71
-75
-95
-104
-70
34
106
143
200
180
208
224
298
389
532
695
617
575
520
550
499
498
490
372
289
401
376
316
173
-27
-7
-40
45
-91
-168
-343
-491
-468
-448
-399
-456
-462
-431
-365
-305
-238
-289
-235
-184
-155
-158
-117
-78
-159
-153
-223
-244
-141
-58
40
-40
-121
-108
-85
30
71
164
145
175
243
298
296
286
372
440
454
467
546
508
501
387
328
132
117
160
69
37
-207
-404
-440
-294
-209
-214
-280
-415
-437
-234
-122
-119
-135
-121
-108
-59
36
22
-14
-12
15
16
-13
-29
-114
-129
-123
-205
-240
-262
-153
-87
-43
-53
-70
-40
41
175
271
226
174
223
247
376
322
262
176
152
236
300
306
149
56
15
-10
46
-55
-117
-118
-171
-123
-204
-270
-281
-209
-53
-21
-20
-101
-59
-3
45
134
35
-46
-56
31
54
-62
-159
-256
-202
-65
-30
-34
-141
-222
-212
-61
55
-17
73
42
-39
59
126
180
107
125
145
147
218
161
150
177
163
119
84
23
-22
14
99
104
63
-4
-126
-120
1
150
80
0
-33
-82
-33
-4
-68
-141
-176
-140
-110
-94
-151
-245
-141
-77
-23
33
-61
-189
-158
-24
-1
-48
-27
-101
-88
-18
-11
-21
-56
43
131
127
83
-38
47
126
204
211
41
-8
-10
146
229
222
212
136
145
167
213
205
114
94
53
65
85
-24
-71
-148
-137
-125
-139
-128
-176
-123
-130
-192
-188
-223
-223
-157
-160
-128
-139
-43
-83
-84
0
-8
-12
-50
-5
-13
4
63
12
-30
-38
-81
39
106
172
115
81
95
86
206
248
215
141
148
209
170
162
137
131
182
135
155
124
98
69
27
-70
-156
-160
-104
-56
-108
-224
-334
-298
-241
-126
-171
-169
-182
-174
-119
-128
-131
-183
-146
-102
-37
-83
-108
-83
32
46
60
8
-10
116
214
316
164
33
6
84
204
241
180
94
47
80
173
217
160
101
113
136
134
78
19
-50
-38
-20
-20
0
-51
-67
-89
-72
-130
-187
-126
-184
-195
-201
-187
-226
-235
-196
-196
-213
-210
-180
-119
-9
25
42
11
14
57
160
225
205
198
193
189
142
183
238
210
177
136
113
109
122
87
28
-6
-23
10
7
2
-26
-32
-20
17
52
2
11
-3
-37
-46
-54
-114
-173
-177
-167
-168
-198
-221
-216
-216
-246
-234
-244
-205
-143
-62
1
-9
17
48
105
154
187
235
228
222
241
263
232
141
136
158
179
128
108
54
-1
3
12
-7
-46
-79
-50
15
40
-10
-55
-26
-16
18
20
-13
-45
-34
-34
-80
-110
-132
-150
-145
-115
-178
-257
-264
-229
-172
-148
-133
-137
-64
-3
34
54
38
98
198
260
246
226
229
218
199
221
221
144
122
111
89
10
-29
-38
-67
-31
-45
-96
-105
-79
-56
-41
-72
-127
-107
-52
-15
0
6
-33
-45
-32
-4
-35
-78
-104
-106
-91
-134
-155
-171
-163
-113
-40
-24
-2
-1
-1
42
106
131
149
155
169
194
176
148
126
166
178
182
163
101
23
12
13
12
-8
-30
-71
-98
-103
-94
-61
-85
-106
-106
-82
-65
-61
-61
-79
-88
-70
-67
-53
-100
-121
-90
-66
-37
-31
-20
-27
-14
22
48
49
40
47
118
128
126
110
110
159
175
200
166
152
102
72
112
85
53
15
-34
-28
-60
-33
-38
-77
-71
-74
-54
-94
-111
-109
-73
-71
-103
-145
-148
-139
-83
-50
-79
-110
-142
-125
-95
-49
-71
-83
-56
-11
18
37
1
-10
20
96
199
229
199
118
158
192
208
222
186
148
105
136
123
66
57
16
12
-5
-41
-57
-88
-68
-89
-81
-115
-176
-156
-85
-57
-74
-119
-111
-149
-88
-26
-72
-83
-128
-113
-136
-89
-88
-88
-53
-57
-39
12
24
12
20
38
48
74
175
189
202
168
121
129
194
261
222
184
152
135
151
119
90
25
-32
-26
-31
-33
-68
-104
-116
-125
-132
-132
-126
-123
-120
-92
-133
-161
-157
-132
-90
-96
-100
-132
-138
-70
-35
-10
10
-30
-7
9
47
40
38
55
48
85
90
112
129
114
133
133
121
159
112
147
133
142
130
107
88
53
55
36
35
25
18
-23
-52
-98
-52
-75
-84
-96
-138
-141
-156
-138
-200
-195
-194
-170
-126
-124
-139
-132
-104
-6
0
29
28
12
59
68
114
91
93
90
137
157
129
81
74
44
111
104
88
29
41
76
57
48
25
30
39
45
50
40
-4
9
-26
26
-21
-42
-62
-36
-34
-91
-108
-158
-167
-154
-124
-119
-152
-156
-137
-113
-90
-68
-61
-34
-12
36
63
67
67
95
117
121
127
123
98
119
73
77
57
54
72
81
85
45
24
0
38
39
18
-4
3
-19
12
-12
-11
-44
-24
-16
-9
-10
-36
-52
-77
-103
-120
-102
-96
-78
-77
-73
-109
-95
-67
-20
17
3
-10
-1
34
56
81
82
63
50
46
65
80
87
63
58
47
42
31
57
81
53
27
24
22
16
17
27
-5
2
24
28
11
-21
-36
-48
-36
-32
-34
-49
-86
-118
-105
-93
-90
-68
-45
-50
-48
-47
-29
-6
10
47
29
41
31
65
74
93
74
51
35
36
47
36
34
-7
11
-14
-5
-18
-27
-51
-5
11
1
-25
-18
-10
13
52
17
17
-3
23
22
9
-16
-59
-50
-20
-19
-33
-57
-92
-96
-60
-18
-36
-36
-41
-37
-1
20
17
14
34
68
103
123
93
89
79
84
106
69
43
10
24
5
12
-16
-55
-92
-86
-54
-25
-42
-72
-82
-71
-37
-39
-31
-44
-41
-22
7
2
-27
-8
-5
6
28
35
19
-23
-4
-14
-14
-20
-9
-9
-1
-2
4
14
10
32
85
93
83
79
89
82
70
85
72
61
41
34
21
14
26
-10
-40
-64
-61
-49
-49
-69
-96
-97
-104
-102
-90
-88
-104
-71
-36
-20
-36
-27
-48
-20
24
42
20
-6
-3
21
31
40
13
25
46
62
77
62
43
36
95
118
109
102
57
43
62
78
76
50
47
15
24
12
-1
-10
-23
-33
-37
-54
-75
-79
-76
-71
-101
-101
-97
-83
-66
-72
-65
-80
-57
-59
-52
-42
-46
-38
-31
-26
-14
-14
3
-2
4
30
27
55
46
69
59
69
73
90
108
96
85
67
73
72
75
68
51
30
30
11
5
-16
-29
-36
-48
-52
-64
-74
-56
-89
-74
-72
-75
-73
-42
-22
-75
-55
-71
-57
-39
-22
-27
-12
-29
-18
-17
2
-7
-11
18
8
19
9
31
29
45
59
72
73
95
88
87
90
86
87
100
110
64
40
29
21
25
26
1
-27
-56
-57
-60
-29
-49
-72
-81
-97
-65
-66
-52
-63
-60
-67
-46
-39
-46
-32
-10
-7
25
6
-22
-6
1
2
7
8
-31
6
27
44
35
41
28
53
75
87
83
74
76
67
79
77
63
43
39
19
11
16
11
-16
-37
-50
-57
-64
-70
-66
-67
-74
-97
-84
-78
-64
-61
-46
-42
-53
-42
-33
-13
3
5
2
-9
-9
-11
-5
7
1
5
-8
17
33
44
41
34
38
46
51
62
68
63
61
74
62
47
45
42
29
27
38
13
-6
-22
-24
-52
-64
-52
-53
-43
-50
-48
-73
-79
-62
-39
-29
-48
-56
-40
-22
-27
-12
-18
-17
-15
8
10
4
-3
0
36
42
27
28
30
51
58
71
45
32
49
58
84
81
51
33
42
48
32
18
20
-14
-4
-2
-11
-36
-54
-52
-46
-30
-15
-22
-36
-41
-47
-31
-45
-38
-41
-22
-26
-35
-27
-30
-31
-26
-11
-13
-13
-12
-2
3
5
-1
22
22
22
29
47
59
40
41
50
57
61
66
63
39
25
22
15
32
9
-13
-24
-26
-23
-25
-24
-44
-43
-35
-27
-25
-19
-28
-27
-51
-33
-40
-24
-16
-12
-11
-29
-24
-31
-14
-22
-13
-13
-10
-17
-1
-15
-5
5
8
18
29
34
30
24
33
40
52
48
43
42
24
31
17
33
12
22
6
-6
-13
-8
1
-11
-15
-20
-17
-22
-20
-17
-9
-20
-19
-16
-18
-7
-10
-16
-18
-9
-4
-9
-18
-21
-23
-18
-9
13
1
-4
-13
1
6
5
1
7
23
12
7
2
-4
-1
28
25
21
-2
5
9
31
29
13
1
-2
9
18
17
1
-11
0
21
21
11
-5
-12
-9
-1
5
-1
-16
-28
-29
-17
-11
-18
-24
-23
-20
-23
6
3
2
9
12
13
1
6
-9
-3
1
6
-5
-3
-19
-18
-3
8
-4
-1
-7
-10
3
2
7
-5
3
5
24
32
30
27
32
29
33
36
28
24
12
21
13
7
-7
-18
-19
-25
-24
-28
-29
-29
-32
-17
-13
-24
-14
-16
-2
-13
-7
-17
-18
-11
-5
8
-4
-12
-12
-15
-5
-13
-14
-18
-22
-9
-5
1
-16
-3
10
10
19
31
29
39
46
52
41
35
37
40
45
35
30
19
7
-1
3
0
-13
-27
-26
-30
-21
-30
-43
-42
-39
-30
-25
-17
-23
-19
-23
-21
-15
-11
-6
-8
-6
-5
-12
-16
-11
-7
-6
4
0
-7
0
4
11
16
24
24
36
36
43
40
30
31
40
48
42
50
47
29
19
22
14
8
-2
-9
-23
-22
-21
-30
-32
-40
-38
-31
-28
-31
-34
-30
-27
-31
-19
-24
-24
-20
-10
-13
-14
-13
-14
-14
3
12
5
5
10
24
24
20
13
24
29
41
42
37
26
29
29
48
44
34
29
22
18
5
-1
-7
-2
-8
-16
-19
-25
-32
-21
-21
-29
-37
-35
-24
-21
-20
-29
-32
-34
-28
-24
-23
-21
-28
-23
-21
-14
-14
-6
-4
-3
2
-1
9
9
25
22
28
31
31
48
40
45
31
40
34
34
38
31
18
3
7
6
2
-12
-7
-14
-16
-25
-19
-13
-24
-27
-30
-23
-30
-25
-13
-13
-20
-29
-25
-16
-14
-9
-18
-15
-18
-16
-13
-9
-12
-10
3
5
1
14
23
25
32
30
32
26
36
37
43
35
28
27
29
23
22
17
9
0
3
11
-4
-8
-13
-12
-20
-14
-16
-19
-27
-36
-28
-12
-9
-18
-18
-21
-19
-16
-10
-22
-17
-23
-19
-15
-15
-13
-13
-1
6
3
7
12
22
25
27
28
18
22
27
35
31
31
32
24
15
14
14
14
7
10
9
-3
-3
-10
-15
-15
-14
-17
-15
-18
-25
-23
-14
-17
-16
-12
-19
-17
-24
-25
-23
-26
-17
-15
-20
-20
-23
-13
-8
0
-1
3
10
7
19
16
25
20
27
25
28
29
26
24
25
27
26
20
11
4
0
10
11
3
-8
-12
-13
-12
-8
-7
-8
-11
-16
-9
-12
-22
-20
-13
-12
-17
-14
-23
-26
-17
-13
-20
-22
-18
-15
-7
-6
-2
-2
7
7
17
17
14
14
20
28
32
29
24
28
24
28
17
14
11
9
0
1
2
0
-6
3
-1
-6
-10
-11
-5
-5
-8
-15
-11
-11
1
-3
-15
-19
-13
-9
-9
-13
-14
-14
-13
-11
-11
-7
-8
0
2
6
1
4
11
21
19
20
19
22
28
27
23
11
11
9
10
12
2
-6
-2
-2
-4
-9
-8
-12
-12
-11
-11
-11
-16
-17
-13
-10
-14
-16
-11
-12
-15
-13
-18
-19
-14
-5
0
-9
-14
-19
-14
-2
7
5
4
6
10
17
21
14
16
23
24
20
25
22
17
15
13
11
9
8
3
6
-1
-3
-7
-1
-3
-9
-8
-8
-11
-8
-10
-10
-15
-17
-12
-12
-8
-13
-10
-9
-13
-18
-17
-7
-5
-7
-4
-7
-1
0
8
13
14
16
15
19
15
17
23
18
21
21
29
21
14
12
11
4
7
9
8
1
1
2
-10
-4
-6
-1
-7
-11
-12
-10
-9
-11
-11
-11
-19
-18
-14
-12
-14
-19
-17
-20
-15
-14
-12
-5
-7
-4
-1
1
4
5
9
13
21
15
15
17
16
21
19
21
16
18
12
13
10
4
4
1
5
8
0
-10
-13
-8
-6
-6
-7
-11
-9
-14
-10
-16
-15
-18
-18
-18
-19
-17
-24
-17
-18
-15
-20
-19
-16
-14
-4
-3
-1
-2
1
5
12
14
14
17
16
14
20
23
22
20
19
17
16
16
12
7
7
6
6
6
5
2
-2
0
-4
0
-2
-3
-8
-4
-5
-11
-9
-9
-14
-9
-11
-16
-14
-17
-17
-14
-9
-15
-15
-12
-2
0
0
-1
-1
4
10
15
13
15
12
14
22
20
18
13
17
12
9
10
7
8
7
9
1
0
-1
-2
4
1
-6
-6
-5
-3
-4
-2
-7
-11
-7
-8
-9
-13
-13
-16
-17
-9
-12
-11
-13
-14
-10
-6
-6
-4
1
3
0
5
9
11
13
11
15
15
13
12
14
15
13
7
11
5
8
8
10
6
-1
-1
-3
1
3
0
-1
-3
-4
-5
-3
-4
-8
-5
-10
-8
-11
-12
-13
-13
-14
-13
-12
-11
-14
-13
-11
-10
-6
-5
-2
-3
3
2
0
3
7
11
10
9
7
11
9
12
7
10
5
4
7
9
7
2
3
3
2
3
2
2
2
-2
-2
-3
1
-4
-1
-2
-3
-6
-6
-8
-13
-10
-10
-8
-9
-12
-14
-7
-8
-9
-7
-7
-6
-3
0
-1
-2
-2
5
7
8
5
3
4
5
7
5
3
5
4
6
6
7
6
2
3
5
7
2
5
5
7
6
6
2
3
4
4
2
0
-2
-4
-6
-2
0
-6
-8
-4
-3
-7
-5
-5
-4
-2
-1
0
-1
-1
1
6
4
2
2
5
5
3
4
2
4
3
4
4
1
4
1
6
4
6
3
2
5
4
8
5
5
3
3
0
1
-1
0
1
0
-4
-6
-9
-7
-6
-8
-7
-8
-6
-9
-7
-7
-6
-5
-4
-7
-6
-4
-3
-3
-2
-5
-2
-5
-4
-1
-4
-6
-4
-2
-2
-2
-5
-2
-1
2
4
1
-1
-2
0
4
2
4
4
1
1
-1
-1
-2
3
0
1
-2
-5
-3
-4
0
-2
-2
-1
0
-4
-1
-2
-1
1
1
0
2
2
1
1
0
0
-1
1
4
2
1
3
0
4
3
2
4
1
4
6
6
7
3
5
4
7
4
6
3
1
3
1
1
2
2