-71
24
56
-7
-36
-15
17
12
-13
-8
-7
-20
21
20
-34
-13
32
9
-24
-11
18
26
-22
-27
27
9
-1
9
-4
-18
7
17
-4
-23
-2
43
-2
-42
11
36
5
-6
-11
3
21
-2
-9
-2
-26
16
47
-21
-34
6
5
13
-11
-25
8
3
2
19
-9
-32
13
10
-9
-3
-10
2
7
3
19
5
-34
2
32
11
-11
-28
7
34
-8
-20
18
-2
-17
0
1
19
6
-40
-19
46
26
-24
-45
-3
56
24
-38
-22
9
14
17
-8
-15
-7
11
35
14
-40
-17
21
30
10
-34
-13
36
11
-18
-4
8
9
-1
-16
5
29
-15
-28
2
26
13
-18
-23
10
22
10
-11
-15
9
21
8
-11
-8
3
16
9
-9
-1
-2
2
13
-4
-13
1
7
-3
-17
-17
21
5
-21
-10
5
5
-11
-16
-8
7
-3
-2
-2
2
7
-11
-17
18
14
-15
-26
3
24
2
-24
-10
18
-1
-6
-2
-18
-12
12
12
-9
-23
6
24
0
-22
2
15
3
-4
0
2
0
3
2
-4
-8
8
6
-12
2
18
-4
-13
-10
3
4
-12
-14
-8
-5
0
2
-20
-17
15
2
-39
-28
11
21
-6
-14
10
9
-13
-14
-12
-21
-13
15
30
3
-22
-6
15
6
-8
-24
-21
8
18
-7
-14
-4
-6
-18
-18
0
1
-22
-19
27
19
-27
-19
1
7
-4
4
10
-16
-10
25
25
-19
-25
12
33
13
-8
-8
-1
16
29
3
-25
-3
28
19
-8
-3
11
7
-1
21
24
-7
-14
12
24
-2
-10
3
10
13
6
10
-8
-8
8
12
2
-5
-4
1
17
13
7
-15
-21
22
33
-10
-22
-6
20
14
-11
-13
1
-1
2
8
-21
-25
3
13
8
-17
-23
18
12
-21
-13
-3
4
-3
-17
3
14
-7
-1
12
-10
-6
6
-7
-2
0
-1
9
-11
-24
11
14
-12
-17
-20
6
17
-14
-26
-2
16
8
-17
-33
8
17
-17
-21
-17
3
8
-12
-15
-6
-12
0
13
-24
-27
2
11
8
-12
-20
8
11
-15
-10
-1
6
12
-9
-3
11
-5
-10
7
4
5
0
-9
13
10
-7
-6
-3
3
8
-6
-16
8
14
8
-6
-6
14
20
-7
-16
7
18
20
3
-7
5
16
9
-8
-9
19
22
-10
-8
17
18
-1
-13
6
28
13
-7
-2
-3
7
19
-3
-24
0
30
20
-17
-22
13
23
3
-13
-11
9
14
-3
-11
-1
18
15
-6
-18
7
11
-10
-11
-2
14
5
-1
10
4
0
6
5
-4
-4
2
5
-4
-7
5
2
-8
-3
-3
-6
9
19
2
-16
-4
19
10
-10
-10
3
8
3
-9
-18
1
18
10
-13
-17
19
28
-3
-14
-1
1
1
-2
-6
-8
-5
7
3
-16
-6
9
-4
-10
1
18
2
-17
-15
8
19
-11
-17
-10
-1
16
0
-19
-9
19
30
1
-29
-7
22
12
-5
-1
-1
-7
2
7
2
-9
-9
17
15
-5
3
0
2
4
2
4
-4
-7
6
9
-5
-1
-1
0
9
10
-4
-9
-11
9
19
-7
-14
2
12
8
4
-8
-2
1
3
13
1
-10
4
11
5
13
8
-15
-5
2
14
1
-19
8
23
4
-14
-6
5
10
-6
-9
6
9
7
13
3
-7
13
13
5
-4
-3
18
21
-4
-15
3
15
9
-13
-14
21
17
-11
-15
0
16
7
-16
-4
12
-3
-7
-3
5
5
0
-6
4
8
3
11
-7
-17
3
10
-1
-17
-20
4
18
-5
-15
-13
-2
5
-9
-7
4
6
-4
-6
-3
2
-2
-6
3
-2
-17
-6
14
7
-4
-8
0
4
3
-4
-8
-1
-5
-6
-7
3
13
-1
-11
-1
15
8
-3
-4
3
2
-4
-8
-1
4
3
-3
1
1
3
12
-7
-13
8
9
-7
-10
8
18
12
-2
-11
5
12
6
-5
-15
1
20
15
-6
-13
-1
9
1
-9
-8
-3
2
12
9
-9
-5
8
11
1
0
-1
1
7
16
9
-13
-3
7
10
2
-11
-3
3
-1
3
-4
-7
-3
4
-3
-10
-7
-1
5
2
2
4
-3
3
16
10
-1
-9
3
11
-3
-9
-2
-2
-2
1
6
-4
-2
3
3
3
3
-6
-15
1
8
8
0
-3
10
3
-7
-1
5
8
10
-1
-4
-4
-2
7
1
-17
-5
11
2
-7
-5
8
8
-5
-7
1
13
11
-3
1
16
19
4
-7
8
11
6
-5
-5
4
4
-4
0
-6
-14
-10
-9
-6
-11
-14
-5
-3
-20
-16
-6
-10
-16
-19
-7
4
-2
-7
2
2
-1
-1
3
10
2
-9
-2
8
2
-2
0
1
15
1
-6
8
5
-2
-6
-9
-2
9
3
-9
-5
3
6
3
-8
-4
-3
4
6
-1
5
7
4
-1
-4
2
7
-5
-7
0
8
1
-5
8
11
9
3
3
-4
-9
2
2
-5
-7
9
12
-7
-7
16
20
-1
-10
-8
4
-4
-17
3
4
-8
1
2
0
0
-4
-8
-1
5
4
-4
-4
11
4
-13
-10
7
6
-6
-7
-4
0
-2
1
7
-2
-18
0
6
-4
-15
-9
6
4
-4
2
1
-4
4
3
-4
1
0
-2
2
-4
-1
-4
-10
-1
8
3
-9
-1
-6
-2
2
-7
-8
0
4
11
2
-12
3
8
5
3
-2
11
15
5
-1
1
-1
5
5
-13
-12
1
-1
-4
-8
-15
0
2
-4
-11
-13
-4
-1
-9
-6
2
3
-1
-8
2
7
6
-2
3
3
4
6
-5
1
9
3
-7
-5
-6
7
0
-7
0
-7
1
0
-2
-8
-7
7
7
3
-11
1
12
0
-1
-1
3
11
8
1
-4
5
4
6
0
-9
11
13
7
-1
-3
4
6
1
1
-1
0
7
1
-9
0
5
-1
-9
-3
9
3
-10
-7
1
-1
1
-3
-5
-5
-4
-2
-4
-9
2
5
4
2
-2
0
-5
0
-4
0
-9
-15
-5
-3
3
0
-3
-9
-2
-1
-11
-11
-3
1
-8
-10
-4
3
0
-13
-1
12
6
-10
-1
6
7
3
-2
-8
-3
9
6
1
-2
8
13
4
-3
3
6
4
1
-3
7
12
1
1
9
7
2
-5
-6
4
3
-2
-4
-1
3
6
-5
-9
-11
-4
5
-8
-11
-11
1
4
-2
-5
1
4
2
5
-2
-5
-2
-3
-1
1
0
-4
7
13
5
-2
2
8
2
-1
0
-2
-8
6
2
-5
-5
-4
3
7
2
-3
-3
-4
-2
-7
-5
-2
-2
-8
-7
0
-10
-2
1
8
13
3
4
1
7
2
2
-3
3
7
6
13
4
3
9
6
-1
1
0
8
-1
-6
-5
-1
2
-4
-5
-6
3
1
-1
-6
2
5
1
-7
-5
3
0
3
-6
-10
-3
-1
4
0
-6
1
5
-1
-2
5
3
0
1
0
4
5
-7
-2
7
3
5
-7
-7
2
2
-1
-7
-8
-1
2
-1
-5
-5
-4
-3
-6
-10
-13
-12
-1
12
0
-4
6
-7
-3
5
-8
-4
-4
-2
-3
-10
-6
-4
-4
2
7
2
-3
-2
0
0
0
-4
-2
1
2
4
3
2
-2
-1
-1
-2
-8
-9
-4
-1
-6
-5
2
-1
1
-6
-6
1
7
9
4
4
5
8
4
8
13
6
3
3
7
11
9
7
8
4
-3
-2
-6
-8
1
3
-1
2
6
1
-5
0
-2
-2
1
-3
2
0
6
10
5
3
-7
4
3
-9
-6
0
-3
-2
0
0
1
-2
-4
0
4
4
8
-5
-2
10
3
1
-10
-1
4
-4
-5
-1
-4
-5
2
-2
-3
-7
0
4
1
-4
-5
-3
-8
4
1
3
9
7
5
0
5
4
8
5
6
7
4
-5
-6
-1
-1
-6
-9
-2
-7
-1
1
-4
-6
-8
0
1
-5
-6
2
9
-3
-3
-5
1
2
2
1
-7
3
1
2
-1
-8
0
1
-8
1
-4
-4
4
6
1
-2
6
5
-6
-4
-1
1
5
-5
3
9
6
-3
-6
2
-4
-2
-3
2
1
7
3
-1
1
-7
2
2
6
3
8
10
5
4
4
8
5
-1
4
4
1
1
2
0
-1
4
6
4
-10
1
3
-7
-4
-1
6
4
2
5
0
3
1
-4
-2
1
4
-2
0
10
6
-2
1
4
-1
-4
-1
0
7
5
8
4
3
9
2
-2
-1
2
7
1
-4
1
5
1
0
-1
-6
2
2
-3
-2
-1
-6
-4
-4
-7
-3
-2
4
1
-1
7
5
1
2
-1
6
3
-6
1
1
0
-4
8
2
-1
8
1
0
0
0
-1
-2
-1
14
7
0
2
3
10
1
3
1
5
7
-5
2
-8
-8
-3
1
-8
-5
5
-4
-10
2
-10
-1
1
-6
2
-6
-8
-4
-9
-7
-4
1
-10
-1
14
-8
3
-1
3
-3
-6
3
-8
-1
-3
-3
11
0
-10
1
3
12
6
11
5
12
8
-8
6
8
0
2
5
1
-3
2
2
7
2
-3
10
7
-1
-3
7
6
-1
9
6
4
3
3
10
6
-3
2
4
7
7
-4
11
-7
3
9
0
-1
1
-1
6
3
-4
-11
3
11
8
6
-4
1
4
0
-1
-3
3
-2
-5
-4
-5
-3
-10
-3
-3
-5
-2
-3
-13
-9
-10
1
-8
-2
2
-3
-4
-8
-8
-2
-3
6
1
3
-2
-7
0
-11
-3
-9
-1
-3
-9
-5
-4
-3
4
-9
-3
4
1
0
0
2
0
-2
1
-3
2
7
0
7
-2
5
4
2
-6
0
1
-3
-11
14
-4
-3
-13
-7
2
6
-9
2
1
-8
-3
-1
-2
-7
8
-4
3
4
2
4
0
-6
3
-5
-2
-5
14
3
1
11
6
17
-7
8
1
-5
3
15
9
4
10
8
-1
-1
-14
3
3
-4
-1
2
-6
-10
8
-13
2
6
0
-4
2
-1
2
7
4
-1
-1
1
11
8
8
-2
7
10
4
3
7
-9
-11
-2
-2
-6
9
-5
-8
6
-1
-5
-5
1
-12
12
-6
1
0
-10
-11
0
5
-6
-3
10
-8
-22
-9
-3
-6
-21
-4
-18
6
-12
-3
1
-7
-6
-9
7
-11
-13
-1
-13
-1
2
-3
-2
5
0
-14
5
-13
-10
-20
-9
2
4
-23
-8
-4
7
-11
-1
4
8
-9
5
-5
-6
-3
2
7
-2
9
-7
15
4
-9
-2
-6
2
-4
-1
0
-2
10
-18
25
2
0
-5
-1
11
-10
16
-2
8
10
-11
5
10
16
-7
-4
17
-12
0
-14
-3
-3
5
0
8
14
3
4
21
4
-1
4
9
-4
16
-5
11
28
3
1
6
11
-17
-13
2
-12
2
-4
-1
-1
2
-7
3
17
-16
9
2
2
0
9
0
10
14
6
-15
26
-5
-2
-10
8
-13
-13
-1
-7
3
-14
-17
-4
8
-22
-4
20
-1
-14
16
-11
1
-3
6
-6
27
1
-13
15
-1
-12
-12
-8
-12
-2
-5
-37
9
-4
-22
-4
10
2
-25
16
-14
5
-3
-5
-5
13
-2
0
15
16
-23
11
-1
8
-3
-5
-3
-6
5
-30
3
-5
-9
-21
3
-11
-6
3
4
-8
20
-12
19
14
11
-16
17
12
-1
12
2
8
16
6
-3
11
5
-17
-17
6
-23
-8
-14
3
-27
4
-18
2
21
-8
-6
6
0
-18
3
2
-14
2
-14
-20
2
-6
-9
-13
24
-15
15
-8
-5
-2
-10
-5
9
15
1
24
35
18
20
26
18
4
-2
0
-4
13
-6
8
10
14
10
14
4
-3
5
-2
-8
7
6
4
19
27
16
28
22
16
7
-7
-15
2
-1
-16
-9
11
3
0
4
-13
-20
-27
-40
-42
-18
-32
-16
28
22
29
40
41
20
19
15
1
4
-21
-19
-5
2
-3
3
12
-14
-13
-23
-42
-30
-45
-32
-31
-10
-8
-8
34
19
28
18
14
2
-4
-9
-3
6
0
-2
12
2
-4
-7
-11
-21
-32
-34
-29
-14
-3
8
19
40
31
46
37
28
21
22
21
19
8
21
2
30
13
9
1
-10
-30
-44
-43
-47
-47
-38
-21
-9
7
16
25
29
35
18
17
10
12
-10
-1
-15
-7
-1
-11
-10
-6
-17
-16
-21
-20
-30
-19
-27
-27
-12
-17
-4
1
9
13
27
32
37
35
41
29
28
13
6
3
3
-10
1
0
-6
-3
0
-2
-5
-11
-19
-6
-22
-23
-14
0
-4
-2
3
12
0
-2
-10
-7
-14
-13
-11
1
-4
-1
8
5
5
-11
-28
-41
-46
-61
-59
-45
-36
-20
7
31
57
66
70
63
64
51
34
48
52
64
85
114
120
132
116
90
63
20
-52
-93
-123
-145
-146
-123
-96
-71
-50
-37
-44
-62
-99
-139
-134
-142
-123
-77
-30
6
52
64
45
17
-27
-87
-110
-122
-123
-90
-27
37
104
159
194
212
217
206
203
229
257
310
380
475
544
581
560
481
328
134
-79
-259
-412
-538
-589
-583
-549
-505
-480
-487
-515
-585
-658
-688
-684
-660
-549
-373
-148
79
282
441
542
571
508
427
338
212
118
106
130
173
241
281
288
280
206
90
8
-70
-116
-40
99
293
541
782
951
1075
1065
841
545
198
-187
-485
-664
-761
-704
-576
-481
-365
-284
-419
-649
-875
-1136
-1314
-1331
-1228
-952
-510
-41
433
940
1235
1297
1251
1038
720
411
138
-53
-69
-14
49
183
273
134
-117
-453
-872
-1207
-1392
-1444
-1279
-911
-486
2
494
840
1016
1043
890
751
706
699
791
1045
1335
1590
1782
1807
1612
1125
299
-599
-1255
-1756
-2091
-2088
-1727
-1246
-747
-315
15
80
-228
-743
-1064
-1179
-1246
-1100
-595
70
728
1330
1804
2042
1876
1320
688
206
-269
-715
-906
-805
-564
-255
23
238
245
-84
-640
-970
-1075
-1185
-1188
-865
-316
249
722
1049
1259
1178
730
305
218
111
-104
-113
156
472
765
945
1087
1173
964
541
356
280
-122
-607
-797
-753
-672
-592
-478
-199
-37
-207
-332
-198
-342
-801
-1050
-1000
-913
-813
-655
-346
44
203
247
552
783
606
375
327
288
226
151
104
222
268
122
118
329
253
-54
-238
-271
-297
-380
-457
-310
-78
-98
-124
134
326
183
0
-47
-29
-72
-160
-30
267
324
247
390
637
682
541
447
515
604
511
473
667
548
-66
-547
-600
-661
-948
-1141
-949
-587
-537
-577
-263
-102
-585
-1029
-897
-678
-689
-635
-243
304
686
909
1322
1653
1367
826
581
435
107
-214
-359
-284
-71
23
135
420
415
-26
-401
-405
-356
-462
-580
-383
35
204
161
365
549
191
-380
-591
-544
-603
-720
-533
-88
151
131
176
320
191
-178
-380
-149
272
576
938
1623
2031
1529
608
84
-191
-837
-1657
-1741
-1035
-586
-539
-20
666
340
-546
-769
-538
-714
-1141
-1001
-142
549
823
1383
2105
1931
1110
623
311
-269
-852
-1116
-990
-539
-106
257
717
910
472
-181
-558
-677
-738
-973
-1066
-537
137
296
432
837
752
74
-436
-639
-828
-1009
-1034
-732
-232
61
248
476
496
329
261
192
321
925
1511
1804
2359
2759
1827
100
-972
-1291
-1877
-2715
-2636
-1278
-224
-81
541
1497
855
-751
-1178
-767
-1010
-1507
-1110
128
1073
1379
1981
2776
2286
847
124
-118
-784
-1304
-1260
-959
-399
219
580
930
1043
269
-757
-1112
-934
-724
-705
-667
-77
590
490
306
692
455
-688
-1245
-967
-876
-1016
-863
-405
-4
25
12
353
452
30
-54
400
848
1398
2042
2412
2738
2743
1249
-966
-2113
-2301
-2603
-2803
-1999
-179
1174
1312
1564
2006
703
-1567
-2120
-1386
-1302
-1392
-414
1208
2156
2144
2281
2538
1339
-746
-1544
-1422
-1672
-1660
-898
-46
658
1112
1307
1465
1075
-285
-1393
-1418
-873
-289
161
490
988
1073
230
-454
-481
-1098
-2185
-2264
-1423
-888
-736
-434
-32
-105
-489
-409
38
45
-159
255
977
1389
1887
2702
3159
3074
2980
2337
150
-2259
-3101
-2728
-2508
-2184
-836
1077
1894
1682
1687
1197
-813
-2515
-2275
-1360
-888
-355
735
1930
2354
1994
1857
1624
206
-1205
-1294
-942
-709
-249
-15
28
293
306
39
86
-307
-1490
-2012
-1350
-344
271
371
341
499
66
-888
-1092
-764
-1110
-1527
-990
10
475
386
228
-133
-868
-1150
-534
53
293
718
1194
1538
1870
2204
2403
2350
2006
2016
1703
-221
-2375
-2741
-2092
-1749
-1131
79
1400
1918
1589
1125
397
-1345
-2619
-2068
-878
-275
159
847
1561
1705
1134
858
676
-442
-1576
-1265
-471
-131
-70
-186
-251
-155
-354
-548
-138
-269
-1253
-1525
-552
393
695
486
210
202
3
-661
-1052
-922
-1051
-1107
-405
578
970
821
374
-215
-931
-1463
-1203
-318
346
694
1307
1903
2073
1930
1913
1969
1790
1493
1699
1550
-413
-2694
-3058
-2090
-1684
-1496
-520
1069
1790
1498
1049
430
-920
-1889
-1426
-443
10
63
554
1212
1389
1116
1147
770
-374
-1121
-925
-758
-905
-1031
-1264
-1253
-910
-610
-299
299
271
-342
-413
202
603
550
219
-53
119
99
-369
-503
-224
-453
-687
-379
-6
14
-212
-524
-767
-980
-1018
-184
813
1088
1169
1574
1634
1516
1514
1644
1960
1977
1732
2084
1847
-879
-3452
-3608
-2732
-2312
-1608
-226
1716
2613
1785
1054
514
-1162
-2545
-1905
-962
-488
-96
612
1527
2033
1348
813
625
-557
-1718
-1562
-1144
-1201
-1025
-997
-742
-151
117
270
1030
1052
-5
-329
282
714
515
44
-190
205
-28
-807
-778
-213
-394
-780
-636
-354
-130
-274
-466
-627
-792
-658
306
1087
1331
1423
1299
1200
1451
1869
2075
2117
1895
1785
486
-2267
-4039
-3437
-2437
-1853
-537
1459
2977
2926
1995
719
-1061
-2933
-2859
-1322
-122
188
444
1155
1548
982
264
142
-817
-2098
-1963
-673
-21
9
-297
-486
-217
159
372
1036
1735
1061
-6
189
1031
843
27
-643
-773
-691
-917
-1205
-807
-542
-1063
-1155
-408
123
-56
-222
-140
-195
-595
-232
720
1017
772
972
1138
1172
1339
1498
1891
2122
1714
1711
1799
-698
-3974
-4509
-2767
-1467
-540
671
2351
3112
2099
471
-949
-2355
-3155
-2241
-601
760
1108
1117
1203
1101
363
-164
-602
-1395
-1454
-475
497
799
774
27
-614
-646
-376
-21
767
931
197
6
524
818
267
-600
-1302
-1237
-1415
-1606
-961
22
119
-274
-263
22
289
-16
-368
-758
-747
-173
794
1286
1610
1613
1193
1236
1592
1808
1675
1493
1183
1327
-17
-2792
-4220
-3036
-1578
-664
573
2064
2979
2315
959
-747
-2155
-3023
-2263
-679
910
1193
668
653
785
102
-558
-183
-386
-811
-319
1041
1335
583
-816
-1636
-1547
-1144
-676
456
1614
1128
320
480
1001
295
-912
-1638
-1315
-832
-767
-506
112
310
-280
-572
-386
-11
-294
-642
-574
-306
-37
481
1030
1293
1507
1219
1076
1132
1252
1272
1406
1296
1743
1914
-343
-3233
-3833
-2375
-1112
-101
720
1910
2299
1401
-18
-1242
-2285
-2402
-1125
389
1574
1339
492
35
-10
-632
-467
183
74
-68
602
969
202
-725
-1855
-2312
-2043
-1006
361
2137
2497
1343
454
501
378
-444
-1108
-1399
-1185
-1149
-593
166
488
-303
-1212
-1623
-1176
-508
-423
-456
-225
246
601
1104
1255
1322
1206
1284
1557
1778
1860
1844
1595
1445
1890
572
-2642
-4582
-3601
-1853
-549
520
1569
2311
1796
612
-799
-1765
-2028
-1095
132
1456
1870
900
-129
-515
-949
-997
95
524
389
559
937
298
-712
-1845
-2595
-2470
-1439
27
1645
2798
2182
591
-177
-5
-284
-602
-753
-1083
-1055
-341
191
232
-29
-841
-1733
-1893
-1266
-657
-645
-486
333
880
959
1486
1881
1781
1932
1955
1568
1675
1693
1264
1599
1217
-1916
-4605
-4040
-2046
-743
368
1426
2232
1888
585
-691
-1570
-2010
-1365
394
1972
2630
1519
92
-548
-952
-1632
-903
198
442
842
1481
925
-522
-1746
-2806
-2805
-1822
-363
1142
2533
2348
1039
240
291
148
-309
-400
-556
-745
-789
-505
-674
-1068
-1490
-1627
-1501
-1136
-694
-537
-418
-99
882
1507
1765
1533
1544
1788
2186
1725
1185
1218
1102
885
1366
1364
-1455
-4444
-4688
-2225
-509
523
1517
2555
1868
517
-563
-1484
-1855
-1194
333
1845
2764
1575
300
-342
-974
-1734
-661
324
149
339
1060
461
-966
-1641
-2143
-2152
-1371
-67
1127
2216
1671
150
-317
394
486
27
-274
-431
-523
-619
-801
-1004
-1166
-1372
-1317
-978
-539
-672
-1007
-812
-85
374
1017
1721
2116
2256
2610
2465
1967
1678
1276
1067
1416
898
-2210
-4676
-4379
-2253
-805
480
1496
2370
2149
965
-320
-1597
-2174
-1493
637
2168
2557
1065
-162
-426
-424
-825
-304
296
-48
28
478
159
-1126
-1673
-1717
-1191
-353
600
1037
1247
714
-944
-1559
-183
1124
1018
1022
582
-561
-1286
-1224
-1232
-1244
-1006
-704
54
303
-337
-1452
-1815
-1329
-272
881
1915
2405
2027
2169
2337
1488
797
1322
1471
1477
1846
-523
-4270
-4978
-2556
-781
524
1538
2065
2075
1245
-174
-1771
-2337
-1751
439
1963
2300
744
-943
-1377
-861
-713
321
1919
1399
368
538
420
-1448
-2268
-1938
-1111
-132
1002
1277
1230
545
-1259
-2254
-994
939
1527
1312
597
-173
-897
-1378
-1585
-1282
-951
-571
90
452
-168
-1378
-1799
-922
-24
400
1038
1632
1664
2069
2528
1945
1397
1327
1495
1958
2335
-329
-4050
-5149
-3157
-947
494
1347
1603
1319
259
-119
-760
-1417
-1267
811
2273
2366
554
-1560
-2068
-1415
-833
543
2307
1822
802
338
-479
-1966
-2091
-1804
-796
850
1881
1385
908
50
-1583
-2395
-1361
513
1651
1491
450
74
-316
-1027
-1527
-1066
-789
-506
-207
64
-604
-1523
-1421
-268
322
429
761
647
607
1288
2180
2141
2064
1713
1797
2341
2407
-181
-3598
-4752
-2997
-508
746
1291
1505
865
-979
-1430
-1253
-1556
-1147
1323
2964
2663
677
-1819
-2622
-1549
-508
771
2497
2235
1090
700
163
-1283
-1711
-1688
-833
820
1720
724
-156
-936
-2154
-2386
-865
1106
1815
1062
-287
-241
-50
-414
-699
-81
-119
-614
-1028
-1040
-1410
-1992
-1406
308
1165
735
539
240
135
1031
2073
2463
2938
2773
2062
2440
1715
-2378
-5283
-3775
-770
715
1387
1072
440
-839
-2037
-2140
-1498
-1152
450
2991
3442
1730
-813
-2398
-2176
-272
1242
2146
1446
197
-111
20
-738
-731
-143
-373
141
1464
1137
-597
-1122
-1548
-1824
-845
860
1130
392
-1045
-1619
-508
595
526
454
638
24
-693
-1505
-2027
-2125
-1422
-325
904
1201
815
124
-452
-169
1201
2188
2694
3006
2594
1967
2064
885
-2482
-4011
-2219
168
723
845
244
-739
-2093
-2233
-1717
-1364
-825
1296
3010
2237
369
-1265
-1574
-399
1783
2915
2526
260
-1332
-1220
-522
-418
198
229
-438
-126
633
-179
-1259
-886
-819
-843
239
1461
591
-852
-1664
-1344
-271
762
1008
892
503
-513
-1430
-2001
-1934
-1316
-474
-24
187
35
-185
-123
265
1037
2005
2349
2432
2626
2286
1834
1995
413
-2668
-2962
-495
569
-116
-318
-562
-1267
-1956
-1688
-1352
-1327
-867
1078
2300
1522
-187
-1111
-506
1423
3115
3195
1739
-449
-1404
-1165
-708
-389
298
-134
-746
-318
162
-907
-1470
-924
-511
-82
875
916
-322
-1031
-943
-379
399
1036
876
496
83
-560
-1560
-2035
-1481
-513
-103
-106
-411
-780
-736
-13
784
1479
1855
2041
2365
2447
2144
2154
1726
-859
-2878
-1681
622
644
-154
-419
-753
-1549
-1859
-1727
-2080
-1928
-331
1395
1157
0
-1081
-1100
495
2981
4071
3162
1217
-271
-400
-4
235
337
96
-776
-959
-718
-1306
-2359
-2145
-1215
-343
408
549
-213
-735
-423
234
969
1296
1122
795
406
-213
-875
-1598
-1803
-983
-113
-79
-681
-1243
-1161
-443
417
1259
1882
1944
2116
2254
2162
2288
1870
-618
-2509
-1298
582
523
-131
-442
-877
-1179
-1302
-1614
-2044
-1617
-158
999
434
-714
-1529
-1794
-556
2514
4391
3484
1437
298
215
628
1254
1710
1107
-310
-783
-819
-1549
-2332
-2485
-2517
-1646
-190
-117
-1219
-1367
-607
292
1190
1768
1578
1208
852
465
83
-452
-858
-705
-459
-818
-1128
-1276
-1383
-958
95
914
1042
1169
1419
1870
2341
2755
1383
-1034
-1373
445
1347
472
-206
-999
-1596
-1669
-983
-1202
-1438
-738
439
330
-501
-1048
-1767
-1744
-31
2336
2746
1845
852
555
358
984
2181
2701
1438
334
323
-185
-1181
-1211
-1442
-2668
-2335
-1033
-1288
-2304
-1882
-954
-105
817
1196
1028
794
674
639
907
926
652
221
-490
-965
-820
-608
-1030
-1035
-448
115
446
896
1400
1861
2171
910
-764
-752
791
1420
1192
900
-264
-1800
-2284
-1507
-1544
-1289
-103
863
88
-599
-801
-1290
-1116
635
2213
1637
436
-246
-141
-10
852
1721
1779
885
746
908
687
796
1081
231
-1090
-1419
-1803
-2165
-2175
-1839
-1786
-1403
-1084
-640
2
373
444
559
1011
1348
1693
1213
445
46
78
6
49
-10
-839
-1302
-736
266
770
1418
1469
115
-1073
-223
1291
1364
930
636
2
-780
-991
-1542
-2370
-1788
-64
532
-438
-961
-978
-1159
-526
1572
2605
1488
260
170
100
15
867
1493
714
-264
-18
371
477
904
1373
816
219
100
-630
-2033
-2250
-1237
-761
-1161
-1574
-1795
-1689
-867
91
416
381
753
1233
1218
861
853
959
950
905
903
170
-670
-683
-94
185
560
648
-615
-1550
-452
1335
1495
944
330
-107
-358
25
-291
-1628
-2258
-946
173
-564
-1334
-1640
-1879
-1093
1438
2484
1542
647
708
627
1002
1705
1489
408
-324
-241
-289
-69
614
1310
468
-320
84
279
-1048
-1638
-880
-538
-833
-1279
-1764
-2123
-1440
-708
-186
-135
98
414
720
606
875
1234
1074
1312
1854
1275
254
506
482
137
649
922
-1073
-2544
-1333
750
966
129
-179
-370
-720
6
934
-116
-1233
-532
-110
-989
-1024
-924
-1831
-1691
417
1446
655
119
524
930
1456
2221
2123
882
-105
51
116
-76
354
813
-66
-567
231
301
-835
-1063
-409
-623
-862
-855
-1319
-2002
-1368
-733
-872
-1159
-487
321
218
-122
505
1218
752
1017
1833
1698
949
1416
1358
879
985
1256
-6
-1712
-1776
-247
773
-62
-932
-1441
-1682
-1288
117
90
-743
-259
667
-20
-687
-464
-917
-1211
156
1352
390
-715
-429
500
1088
1978
2434
1373
-150
29
747
723
763
928
-25
-926
-301
231
-338
-895
-568
-271
-143
-536
-1173
-1682
-1555
-1187
-956
-1234
-1346
-557
113
-132
-339
249
531
858
1421
1673
1309
1455
1754
1730
1668
1792
1102
-632
-1346
-172
1121
453
-637
-1428
-2188
-2468
-1344
-839
-1674
-1425
83
390
-560
-481
-390
-742
100
1980
1619
-293
-868
-92
618
1564
2394
1767
405
-140
331
731
1086
1299
827
-445
-919
-429
-208
-700
-842
-368
-66
-287
-846
-1221
-1401
-1164
-939
-1114
-1665
-1476
-500
-3
-342
-354
120
279
733
1500
1646
1275
1579
1957
2091
2296
2067
597
-707
-308
996
1306
278
-792
-1578
-2060
-1851
-1325
-1983
-2492
-1507
-652
-1254
-1403
-832
-735
-272
1277
2010
857
-237
-142
775
1626
2356
2304
1408
500
536
887
1045
1202
976
76
-579
-418
-463
-979
-1332
-1049
-620
-528
-911
-1113
-1051
-907
-700
-657
-1308
-1779
-1060
-242
-328
-621
-207
185
388
732
1241
1304
1347
1756
2126
2312
2468
1854
166
-406
800
1805
1041
-101
-858
-1442
-1680
-1254
-1352
-2429
-2503
-1388
-1266
-2222
-2009
-1384
-1137
-173
1297
1097
37
-98
573
1221
1927
2564
2361
1436
1027
1648
1886
1530
1378
978
-271
-763
-239
-238
-1122
-1495
-1270
-1143
-1461
-1757
-1493
-953
-629
-527
-858
-1752
-1702
-648
-166
-506
-293
25
143
514
977
1022
1259
1692
1744
1883
2316
2504
1562
306
294
1690
2004
806
-152
-550
-1315
-1537
-1017
-1477
-2389
-2123
-1389
-1996
-2652
-2269
-1530
-1221
-398
492
194
-609
-170
938
1232
1444
2112
2123
1344
1640
2603
2689
2109
1890
1192
-48
-430
221
322
-658
-1492
-1586
-1657
-2006
-1985
-1618
-1246
-920
-959
-1749
-2209
-1344
-310
-345
-769
-613
-242
76
546
1058
1247
1353
1712
2000
2028
2208
2453
1745
727
1003
2193
2144
997
197
-267
-1012
-1219
-804
-1189
-2258
-2349
-1884
-2545
-3094
-2193
-1378
-1703
-1359
-454
-480
-707
154
819
613
831
1740
2005
1732
2152
2887
2957
2692
2615
1782
469
248
1020
708
-501
-1254
-1650
-2330
-2395
-1676
-1364
-1670
-1822
-1869
-2359
-2169
-1011
-274
-830
-1160
-781
-325
-117
269
683
1034
1474
1885
2223
2169
2231
2418
2204
1363
1567
2506
2312
1161
537
69
-727
-851
-656
-1211
-2223
-2272
-2026
-2564
-3138
-2425
-1681
-1966
-1803
-978
-852
-900
28
446
67
413
1443
1740
1618
1906
2463
2910
3034
2918
2222
1206
682
1283
1721
725
-1024
-2151
-2312
-1824
-1138
-1145
-1868
-2731
-2846
-2122
-1267
-984
-961
-1012
-1283
-1101
-400
3
-12
278
623
934
1434
1865
2066
2278
2126
1680
1812
2544
2799
2223
1424
831
325
-61
-138
-562
-1428
-1843
-1597
-2097
-2961
-2805
-2135
-2112
-1985
-1449
-1275
-1195
-642
-140
-166
8
539
1083
1259
1323
1439
1840
2352
2730
2598
1875
1135
1235
2000
2013
745
-827
-1513
-1458
-997
-704
-1152
-2400
-2858
-2023
-1356
-1446
-1276
-911
-1178
-1271
-686
-220
-252
-38
134
115
405
1094
1330
1034
1051
1644
2028
1841
1915
2228
1981
1472
1520
1233
170
-556
-462
-537
-991
-1486
-2020
-2473
-2541
-2191
-1829
-1596
-1463
-1117
-910
-952
-718
62
674
814
841
763
834
1356
2032
1939
1482
1467
1734
1613
1415
1465
1149
332
-304
-495
-823
-1010
-991
-1293
-1909
-1844
-1281
-1292
-1442
-1019
-658
-865
-589
-5
73
33
381
252
-255
123
1052
1074
357
390
857
707
489
1199
1615
1055
936
1359
646
-434
-87
369
-402
-1057
-949
-1329
-1918
-1646
-1078
-1210
-1467
-930
-229
-224
-287
211
524
560
948
1164
634
288
1012
1755
1482
653
448
537
370
547
1067
674
-414
-581
-364
-730
-1001
-683
-862
-1285
-954
-479
-748
-960
-514
-8
351
497
33
-327
484
1448
1039
64
-2
291
96
166
544
-199
-1165
-530
517
123
-170
436
281
-508
-140
540
26
-580
-277
-129
-754
-978
-496
-463
-933
-670
-78
12
304
1072
1029
342
308
991
1250
946
872
1061
863
311
148
111
-287
-575
-209
8
-299
-611
-642
-784
-1024
-854
-497
-525
-550
-188
-193
-455
-120
173
-98
394
1252
851
-112
299
1234
1084
391
401
302
-522
-562
288
-97
-1523
-1370
-563
-838
-993
-138
-88
-689
-426
200
54
-190
278
607
258
-43
160
-49
-423
-64
410
227
290
777
1037
1029
858
427
294
734
1141
1202
858
124
-494
-480
-237
-162
-309
-545
-798
-930
-860
-624
-480
-575
-639
-432
38
-6
-653
-438
731
889
-49
-68
590
461
127
623
697
-227
-352
580
490
-646
-574
36
-580
-1246
-584
-457
-1288
-1127
-75
122
-273
-122
90
-130
-33
833
1301
1004
794
734
85
-423
-44
713
777
339
60
247
492
449
421
366
197
192
704
773
275
-109
-172
-412
-476
-132
-66
-457
-643
-450
-430
-456
-667
-938
-385
658
352
-853
-750
291
386
-166
-20
95
-455
-309
548
299
-836
-744
57
-170
-537
132
326
-535
-805
-336
-347
-595
-230
224
123
-50
204
312
174
404
900
932
747
872
1083
743
166
-54
30
157
265
364
215
-123
-217
147
337
137
46
233
434
530
439
76
-338
-369
-13
289
151
-526
-1090
-634
108
-293
-1042
-665
41
-253
-586
-189
-176
-849
-660
78
-200
-831
-414
149
-400
-741
-178
-31
-525
-170
530
428
26
113
231
-28
-59
369
608
408
446
610
335
-59
293
932
958
606
553
602
433
239
248
86
-386
-374
256
354
-233
-356
-39
-91
-241
103
418
351
410
645
541
76
-425
-316
471
799
-54
-813
-606
-349
-713
-742
-375
-768
-1228
-547
-3
-951
-1636
-902
-361
-862
-768
-79
-273
-707
-137
409
-37
-239
451
933
790
873
1083
729
338
630
966
637
275
675
958
416
-97
101
265
153
173
351
136
-308
-151
217
-114
-674
-458
-19
1
-46
152
37
-280
-163
366
757
594
80
77
615
677
15
-331
-5
156
-203
-405
-428
-1021
-1321
-722
-452
-1218
-1413
-650
-505
-1234
-1298
-738
-762
-902
-377
206
45
-127
245
495
315
537
1115
1308
1245
1369
1366
986
726
1061
1246
697
161
318
567
253
-156
-275
-436
-721
-343
200
23
-559
-489
-127
-183
-340
-137
35
-61
149
580
606
-164
-581
127
1025
772
88
54
260
-14
-334
-202
-312
-725
-640
-306
-923
-1735
-1442
-746
-962
-1330
-909
-531
-719
-693
-307
-284
-518
-291
368
680
656
736
801
716
831
1156
1276
1095
1165
1510
1379
835
677
865
615
121
49
153
-66
-272
-230
-479
-945
-968
-533
-264
-234
-162
-163
-324
-324
-28
306
411
102
2
465
628
-84
-466
114
545
121
-221
-86
-346
-760
-500
-173
-794
-1349
-916
-542
-1037
-1330
-1066
-1032
-1116
-720
-168
-64
-224
-89
313
373
287
501
866
1008
1130
1223
1071
817
1002
1416
1287
765
758
1190
1003
391
315
368
-229
-459
70
115
-566
-848
-642
-688
-925
-763
-361
-293
-354
-89
212
-143
-564
57
1007
801
35
98
521
208
-313
-108
50
-529
-654
-97
-327
-1265
-1250
-577
-698
-1180
-979
-722
-930
-862
-444
-439
-730
-556
28
389
421
534
775
914
958
1004
1074
1103
1064
1296
1526
1193
574
590
969
792
391
465
477
-105
-298
63
-29
-655
-688
-180
-81
-455
-642
-653
-755
-587
-134
57
-376
-549
15
408
-80
-355
219
600
250
45
228
-55
-542
-272
72
-677
-1361
-895
-477
-962
-1202
-916
-983
-1188
-754
-306
-435
-568
-216
190
222
216
408
641
781
1005
1166
1149
1097
1196
1323
1256
985
910
1159
1183
749
333
180
51
64
306
250
-350
-791
-573
-227
-336
-514
-437
-349
-231
34
33
-529
-801
-177
452
76
-578
-346
151
-76
-402
-127
-159
-651
-496
84
-272
-1062
-929
-357
-548
-1065
-1023
-978
-1172
-903
-245
-246
-667
-579
-127
116
379
691
689
680
964
1124
981
1000
1270
1374
1163
1048
1049
1011
946
880
681
496
473
488
347
65
-199
-402
-354
-118
-50
-405
-759
-721
-424
-198
-135
-340
-668
-483
140
307
-222
-536
-205
84
-250
-544
-405
-451
-615
-357
-174
-754
-1257
-968
-536
-574
-624
-554
-750
-901
-614
-302
-499
-632
-227
201
249
327
459
472
688
1140
1280
1071
1148
1494
1534
1218
1061
1085
1036
899
797
633
357
127
112
128
-10
-184
-304
-284
-215
-267
-448
-530
-431
-173
-6
-235
-671
-578
-15
85
-338
-521
-307
-139
-111
-99
-208
-586
-785
-507
-368
-772
-969
-715
-684
-951
-926
-826
-1054
-1088
-520
-20
-116
-350
-259
28
167
376
636
695
674
849
972
947
1037
1242
1299
1171
1083
1126
1223
1141
899
640
474
357
297
263
130
-146
-416
-549
-458
-284
-274
-439
-588
-425
-80
-43
-438
-560
-62
299
12
-283
-123
-81
-364
-412
-281
-548
-899
-547
-61
-456
-1149
-1127
-904
-1015
-893
-495
-630
-1136
-1023
-476
-351
-541
-433
-92
155
384
652
772
776
919
1093
1138
1245
1364
1318
1202
1226
1202
1088
1001
867
681
635
718
545
274
158
95
-115
-244
-192
-158
-293
-467
-573
-564
-339
-202
-420
-661
-411
-82
-195
-465
-347
-152
-205
-192
-106
-395
-831
-769
-459
-597
-1034
-1111
-970
-942
-945
-832
-877
-1090
-1056
-608
-254
-232
-241
-142
27
205
423
610
766
840
885
1053
1357
1453
1303
1248
1372
1394
1253
1212
1191
939
672
771
753
274
6
253
279
-128
-293
-148
-268
-534
-475
-278
-270
-380
-467
-593
-607
-433
-318
-440
-570
-539
-492
-474
-491
-617
-819
-781
-501
-375
-579
-805
-877
-863
-810
-781
-794
-833
-842
-707
-394
-239
-308
-372
-182
164
481
696
814
838
796
900
1209
1380
1206
1094
1215
1344
1293
1218
1145
955
699
711
892
713
324
265
348
80
-249
-210
-101
-268
-431
-366
-312
-479
-609
-534
-406
-405
-461
-454
-446
-520
-580
-522
-526
-709
-846
-760
-701
-785
-859
-895
-962
-923
-638
-441
-601
-750
-624
-489
-388
-141
26
-112
-130
200
441
479
537
614
673
894
1220
1304
1103
1004
1174
1269
1164
1121
1075
822
690
862
902
561
207
168
250
257
165
69
-58
-271
-371
-276
-242
-378
-460
-424
-401
-514
-674
-667
-513
-480
-524
-496
-544
-729
-835
-745
-769
-906
-899
-787
-862
-1059
-981
-747
-752
-898
-731
-407
-276
-201
-8
88
107
285
557
674
662
728
855
1026
1164
1144
941
897
1102
1257
1169
1095
1080
863
657
735
803
531
287
325
390
223
34
-56
-138
-243
-238
-104
-82
-294
-537
-501
-333
-342
-533
-632
-613
-657
-754
-723
-677
-778
-873
-807
-805
-975
-985
-794
-749
-899
-901
-712
-625
-710
-700
-511
-310
-209
-107
42
188
360
574
773
881
910
916
1020
1222
1334
1261
1140
1147
1170
1073
951
924
856
681
617
674
580
320
190
241
204
-2
-123
-86
-121
-298
-379
-330
-402
-619
-645
-428
-358
-590
-732
-602
-514
-587
-615
-605
-783
-941
-848
-731
-827
-909
-840
-827
-911
-845
-624
-507
-523
-534
-445
-306
-116
43
118
161
283
433
545
639
757
866
967
1125
1261
1263
1151
1095
1148
1228
1137
990
910
818
622
466
427
299
87
-28
4
-40
-164
-233
-228
-306
-450
-473
-372
-387
-526
-548
-459
-489
-666
-715
-600
-571
-637
-567
-468
-522
-595
-553
-563
-663
-669
-605
-605
-626
-593
-554
-574
-555
-422
-273
-174
-79
26
89
204
396
569
640
656
682
782
883
941
1011
1043
995
947
1015
1080
1001
889
865
809
615
455
434
373
193
34
-64
-219
-389
-433
-408
-455
-555
-568
-530
-564
-600
-536
-454
-429
-441
-424
-435
-486
-475
-409
-412
-471
-461
-442
-467
-439
-376
-407
-455
-439
-391
-371
-355
-345
-355
-361
-310
-195
-80
31
113
183
279
419
523
610
740
852
895
927
993
998
942
876
829
765
734
734
697
554
372
294
238
109
-40
-112
-162
-234
-324
-396
-545
-723
-720
-597
-587
-657
-614
-551
-573
-540
-377
-294
-320
-299
-175
-146
-192
-178
-142
-197
-295
-291
-264
-273
-283
-251
-218
-226
-251
-192
-105
-67
-58
7
81
87
142
289
378
360
417
579
697
699
735
819
839
830
849
856
760
650
588
463
277
183
199
141
-61
-241
-305
-346
-422
-476
-501
-591
-674
-642
-592
-643
-692
-652
-613
-615
-561
-447
-418
-429
-305
-107
-51
-84
-43
37
63
94
167
156
39
-45
-44
-26
-13
1
5
-20
-31
17
103
168
224
310
378
351
338
429
547
577
553
597
641
608
578
633
614
526
524
540
416
247
194
159
-10
-206
-273
-313
-429
-556
-603
-658
-765
-793
-700
-654
-698
-724
-671
-604
-513
-424
-437
-496
-475
-327
-187
-146
-172
-119
-25
6
28
93
147
165
216
278
257
190
171
194
219
221
224
226
197
224
335
381
358
417
524
534
517
577
639
594
519
539
562
470
360
370
315
161
121
173
92
-96
-158
-149
-233
-369
-443
-478
-564
-666
-673
-654
-720
-758
-728
-685
-649
-614
-568
-507
-454
-360
-258
-226
-285
-292
-180
-118
-117
-108
-40
-9
-37
0
113
156
187
279
341
311
293
377
455
489
511
511
457
444
516
607
610
583
590
596
579
581
604
556
443
363
344
295
190
92
24
-77
-187
-232
-247
-317
-397
-435
-432
-463
-526
-545
-541
-576
-632
-612
-581
-599
-631
-594
-525
-540
-545
-438
-341
-341
-305
-226
-212
-236
-163
-55
-52
-97
-66
-15
-5
43
143
213
211
276
391
468
507
563
612
651
707
769
775
725
687
685
714
697
630
549
494
455
441
418
296
136
52
15
-52
-136
-208
-281
-391
-477
-515
-542
-571
-577
-560
-553
-567
-560
-528
-516
-533
-525
-450
-400
-443
-467
-399
-386
-444
-433
-349
-339
-359
-262
-157
-171
-204
-143
-52
-28
-7
63
75
44
107
256
333
334
378
471
552
629
701
759
778
783
826
861
815
727
668
622
561
494
413
302
227
198
148
18
-115
-178
-203
-245
-300
-331
-390
-468
-501
-481
-509
-555
-523
-470
-454
-440
-389
-342
-361
-381
-312
-229
-252
-303
-293
-291
-340
-362
-306
-287
-343
-365
-310
-248
-210
-160
-109
-108
-88
30
152
153
116
159
240
328
423
490
510
515
577
670
706
704
697
712
690
654
622
553
445
346
284
219
132
56
27
-16
-122
-218
-239
-232
-245
-262
-281
-314
-339
-332
-317
-317
-312
-308
-303
-290
-263
-215
-203
-220
-255
-266
-237
-216
-212
-235
-274
-332
-362
-349
-329
-318
-324
-339
-333
-257
-154
-84
-72
-53
21
117
193
221
245
273
317
385
447
470
462
469
497
515
521
515
512
462
410
409
382
289
181
153
112
38
-16
-25
-39
-101
-145
-136
-142
-169
-171
-145
-128
-144
-140
-135
-161
-185
-167
-156
-184
-217
-216
-208
-228
-245
-240
-244
-282
-278
-255
-270
-311
-325
-309
-286
-264
-246
-232
-218
-191
-123
-24
33
46
79
157
218
232
260
301
287
264
293
342
330
301
306
283
252
260
276
245
219
242
238
166
102
101
100
62
42
51
21
-28
-25
2
-10
-36
-26
-4
-30
-32
14
11
-63
-113
-99
-94
-119
-149
-163
-204
-251
-248
-214
-234
-267
-255
-227
-216
-219
-203
-175
-169
-183
-146
-86
-75
-89
-37
30
30
42
100
152
149
135
175
198
159
141
150
142
117
121
115
53
29
42
39
27
47
73
67
53
58
75
72
78
96
95
90
92
99
85
68
88
104
83
50
38
58
79
59
19
-15
-50
-81
-94
-91
-115
-172
-205
-200
-186
-172
-159
-152
-162
-151
-102
-59
-48
-52
-31
-3
-1
0
9
5
-11
0
35
59
27
-8
-10
-4
-9
-17
-37
-52
-41
-34
-63
-98
-101
-91
-70
-52
-29
-24
-16
24
74
106
131
140
134
136
157
205
217
211
181
144
147
158
155
133
136
143
114
84
68
46
0
-14
9
0
-60
-107
-97
-92
-90
-78
-87
-100
-89
-48
-20
-30
-51
-42
-28
-39
-65
-62
-74
-108
-120
-116
-124
-175
-211
-199
-178
-179
-194
-196
-216
-233
-199
-149
-137
-154
-141
-114
-88
-50
0
40
40
65
142
192
201
206
225
243
262
300
333
299
255
252
276
270
245
246
235
204
191
194
178
141
115
119
107
73
42
28
10
-7
-21
-55
-88
-95
-82
-91
-124
-146
-141
-159
-183
-191
-203
-244
-282
-280
-285
-308
-334
-338
-341
-367
-360
-326
-303
-299
-298
-252
-209
-177
-141
-101
-73
-70
-33
18
63
95
135
175
197
222
255
289
304
322
352
386
392
378
363
370
382
366
352
347
331
313
308
304
263
227
215
200
182
150
109
70
42
8
-34
-75
-107
-139
-182
-209
-227
-263
-307
-325
-324
-352
-376
-370
-377
-408
-430
-423
-411
-413
-421
-410
-376
-356
-337
-300
-258
-239
-204
-139
-90
-59
-25
8
32
64
128
178
187
203
237
278
303
326
340
353
383
413
426
413
422
429
427
435
422
397
375
362
349
321
274
225
203
175
137
93
56
6
-43
-71
-98
-144
-220
-256
-270
-298
-338
-374
-393
-415
-427
-413
-410
-426
-430
-430
-421
-394
-376
-357
-335
-321
-308
-289
-257
-222
-189
-157
-118
-81
-38
-1
28
53
89
145
178
209
239
272
300
320
348
349
366
394
407
420
425
429
432
431
427
399
373
357
335
312
272
214
169
118
82
55
20
-34
-111
-153
-160
-174
-207
-246
-283
-315
-343
-348
-349
-375
-387
-373
-368
-381
-384
-370
-350
-333
-311
-298
-282
-266
-239
-206
-196
-184
-159
-112
-77
-63
-39
-5
25
58
95
133
165
192
227
267
298
327
351
359
366
386
408
414
415
405
385
375
364
362
346
302
264
234
205
172
127
79
27
-22
-51
-76
-122
-174
-216
-233
-236
-253
-271
-287
-304
-329
-320
-305
-314
-313
-312
-302
-292
-308
-298
-271
-262
-251
-237
-227
-217
-190
-148
-140
-134
-108
-80
-51
-30
13
40
47
70
106
153
177
199
227
246
269
308
341
336
334
341
350
345
333
333
318
276
244
253
237
193
152
130
99
60
41
11
-35
-70
-84
-97
-135
-169
-187
-207
-221
-217
-206
-210
-235
-247
-225
-211
-201
-202
-208
-202
-192
-182
-180
-170
-167
-164
-149
-136
-123
-116
-107
-90
-70
-44
-25
-16
-3
34
66
81
86
96
141
151
172
207
206
205
216
229
227
230
235
236
211
194
215
202
136
101
122
111
74
63
49
18
-12
-17
-25
-47
-54
-59
-66
-90
-105
-95
-119
-144
-127
-120
-127
-128
-132
-133
-119
-109
-125
-124
-110
-96
-81
-88
-96
-94
-91
-81
-72
-56
-63
-56
-46
-37
-1
2
-4
7
44
58
66
83
83
94
95
107
118
120
119
117
113
95
93
117
109
72
76
77
56
24
13
28
15
-4
-17
-20
-34
-46
-37
-42
-39
-34
-28
-39
-41
-29
-32
-39
-51
-37
-34
-46
-59
-63
-41
-44
-45
-57
-57
-50
-31
-18
-32
-35
-44
-35
-17
-11
-7
-7
-13
-5
12
12
14
26
26
44
65
58
52
51
58
69
55
54
57
53
43
23
15
16
14
4
-3
-1
-4
-20
-21
-6
-7
-10
-14
-23
-32
-20
-7
-6
0
-2
2
6
3
17
39
35
16
14
21
31
30
18
15
8
-10
-2
1
-6
-6
-2
1
-4
8
7
0
0
13
24
11
9
12
18
11
5
4
-11
-7
9
8
-13
-10
-11
-23
-33
-41
-33
-44
-59
-63
-67
-76
-79
-77
-78
-74
-73
-59
-52
-41
-26
-21
-21
-15
6
19
20
25
42
51
43
44
43
54
78
82
73
68
78
80
69
77
76
65
46
44
61
51
48
39
31
29
32
41
26
12
15
20
17
10
3
-14
-23
-33
-50
-59
-60
-58
-69
-84
-85
-96
-113
-111
-99
-102
-114
-119
-121
-115
-98
-94
-102
-103
-95
-83
-58
-47
-30
-14
-31
-15
15
39
51
45
48
59
78
94
92
92
99
112
128
127
128
129
113
117
129
132
131
122
113
103
102
96
77
68
61
62
53
35
18
14
11
-13
-21
-36
-52
-54
-69
-73
-77
-93
-110
-113
-114
-116
-123
-131
-131
-127
-123
-125
-124
-124
-119
-105
-100
-95
-96
-87
-72
-57
-41
-30
-14
-20
-22
-1
29
46
44
48
65
78
90
99
104
113
111
120
138
142
131
130
135
127
128
127
119
102
91
87
72
58
46
45
38
20
3
-12
-18
-27
-33
-43
-59
-66
-72
-72
-70
-78
-89
-100
-110
-101
-90
-95
-97
-100
-98
-92
-99
-96
-85
-90
-87
-80
-79
-72
-58
-45
-46
-41
-31
-14
-12
-10
8
27
44
50
63
65
64
73
84
96
100
110
113
119
122
114
120
107
93
98
98
78
69
59
48
38
18
4
-2
-13
-24
-28
-30
-45
-48
-47
-50
-55
-59
-65
-71
-73
-77
-69
-72
-79
-66
-73
-78
-71
-67
-63
-76
-66
-59
-58
-50
-57
-50
-53
-52
-35
-26
-29
-28
-8
11
12
19
43
51
49
60
75
83
77
86
98
102
95
107
115
92
99
107
104
86
82
84
75
65
55
40
20
3
-4
0
-15
-28
-36
-49
-48
-41
-44
-46
-49
-55
-58
-57
-56
-55
-51
-49
-51
-46
-56
-63
-61
-58
-50
-40
-43
-49
-33
-32
-34
-35
-34
-34
-30
-17
-9
-6
-6
4
15
13
20
37
41
44
55
70
66
62
71
68
66
65
66
66
46
49
55
45
35
30
31
11
1
5
-3
-25
-35
-40
-44
-39
-48
-58
-64
-73
-66
-58
-57
-49
-49
-52
-47
-36
-29
-31
-36
-30
-30
-27
-22
-17
-11
-11
-10
-7
-3
-2
4
13
11
12
20
20
30
27
29
34
36
35
45
50
56
54
55
60
56
62
55
58
53
46
43
38
33
25
22
13
-3
4
4
-8
-17
-28
-30
-31
-38
-37
-45
-57
-57
-58
-62
-62
-61
-64
-55
-55
-40
-33
-38
-34
-26
-21
-16
-16
-7
4
1
5
-1
5
8
4
11
14
16
24
23
23
32
26
28
29
29
35
34
32
32
30
34
34
37
36
28
32
29
25
27
27
25
7
5
-2
2
1
-21
-29
-30
-29
-34
-32
-42
-39
-40
-42
-51
-48
-45
-50
-38
-37
-37
-40
-32
-33
-23
-16
-16
-9
-7
3
15
13
12
23
26
21
20
21
25
22
30
26
25
28
25
26
22
25
31
31
23
26
28
28
23
22
21
19
21
12
14
11
10
5
1
3
-2
1
-11
-20
-18
-27
-25
-33
-33
-32
-36
-33
-39
-41
-41
-36
-35
-35
-32
-21
-22
-18
-14
-13
-11
-16
-7
8
18
18
14
21
29
28
31
34
30
34
38
39
37
31
30
30
28
26
29
27
24
18
25
25
20
23
14
17
14
9
4
2
1
0
-7
-7
-11
-18
-16
-24
-23
-24
-31
-36
-40
-36
-34
-46
-42
-48
-53
-46
-49
-42
-43
-42
-33
-29
-30
-26
-15
-17
-16
-7
4
4
0
12
14
24
26
24
30
34
34
47
48
39
46
48
49
45
42
40
35
30
32
34
32
19
20
24
15
19
15
8
6
0
2
-7
-11
-10
-21
-22
-26
-37
-40
-40
-46
-40
-40
-48
-48
-52
-50
-46
-52
-54
-55
-51
-48
-40
-37
-37
-39
-35
-26
-29
-14
-7
-4
0
8
18
19
16
20
29
34
42
43
50
46
51
60
58
55
60
64
62
64
63
60
51
50
56
49
41
36
31
21
25
22
16
13
-3
-3
-5
-12
-6
-13
-28
-32
-36
-40
-40
-39
-41
-43
-44
-52
-48
-46
-42
-34
-41
-38
-35
-32
-23
-24
-20
-22
-28
-25
-16
-7
-3
7
-3
-3
4
9
13
15
22
22
23
30
32
36
33
35
41
38
41
47
42
42
40
42
40
32
34
29
23
16
10
6
3
-5
-9
-7
-15
-26
-25
-27
-31
-25
-33
-38
-38
-35
-36
-35
-34
-38
-34
-36
-42
-28
-26
-25
-21
-23
-22
-21
-18
-17
-15
-14
-15
-17
-18
-7
-7
-5
-2
-13
-8
-2
1
8
12
16
16
15
18
23
31
33
26
32
33
35
37
44
38
34
31
31
31
28
30
17
8
11
8
7
6
-4
-1
-6
-15
-8
-7
-2
-4
-7
-9
-13
-7
-5
-5
-8
-10
-11
-12
-5
-4
-4
-3
-12
-16
-6
-11
-7
-4
-13
-8
-15
-17
-8
-13
-12
-9
-12
-13
-7
1
0
3
4
11
9
11
12
19
21
17
22
18
20
19
21
27
21
17
19
13
15
17
12
7
4
-2
2
1
-10
-9
-14
-18
-15
-16
-10
-15
-17
-14
-16
-18
-17
-14
-16
-10
-18
-19
-16
-21
-20
-16
-18
-27
-22
-18
-16
-10
-10
-12
-16
-18
-14
-2
0
-4
-4
-4
2
0
14
11
9
13
14
24
20
29
29
28
24
26
27
25
27
23
24
15
11
20
12
13
17
7
0
-3
-3
2
-4
-7
-7
-11
-22
-14
-12
-22
-15
-27
-20
-14
-19
-12
-16
-15
-20
-17
-14
-14
-14
-13
-9
-9
-10
-11
-11
-7
-2
0
5
0
-2
5
11
14
10
10
10
12
18
18
16
17
11
15
16
19
22
12
16
10
12
9
11
11
7
9
-4
-2
-1
-5
-1
-3
-10
-15
-13
-11
-12
-8
-12
-19
-19
-23
-19
-13
-15
-16
-20
-15
-18
-13
-9
-9
-14
-14
-8
-8
0
2
-2
-2
-3
-2
3
5
4
9
11
7
6
11
12
9
14
12
7
11
9
9
7
7
3
-1
-2
2
3
-3
-5
-9
-8
-6
-7
-6
-8
-11
-11
-13
-15
-8
-4
-8
-8
-9
-6
-9
-4
-1
-6
-3
-8
-3
-1
-3
1
0
-9
-1
-3
-5
1
4
6
1
0
0
5
9
5
11
4
3
7
11
8
11
10
7
8
5
11
14
8
7
7
2
7
4
-1
5
-3
-6
-2
-8
-7
0
-8
-6
-7
-8
-4
-3
-5
-2
-2
-7
0
0
5
7
-1
3
5
3
9
12
12
11
7
10
8
10
9
4
7
-1
3
8
1
1
1
4
-2
-2
0
4
2
4
5
-2
2
-2
1
2
-4
-3
-6
-4
-7
-2
-3
-9
-13
-11
-10
-11
-10
-16
-16
-20
-21
-15
-18
-18
-19
-19
-20
-17
-13
-9
-8
-10
-4
-3
-3
3
3
5
1
2
6
6
9
9
9
7
9
6
9
13
10
11
13
8
7
11
7
8
8
9
10
6
9
12
11
9
13
11
12
13
4
12
9
2
6
2
-5
-4
-7
-7
-10
-10
-9
-13
-12
-14
-13
-12
-14
-12
-13
-10
-12
-11
-10
-11
-8
-4
-3
-5
-1
0
-1
4
10
8
7
10
7
12
11
9
11
8
6
8
10
10
13
12
9
13
10
14
15
15
17
16
17
12
15
11
14
12
8
8
7
10
5
1
3
-3
-2
-4
-4
-6
-13
-14
-16
-16
-15
-17
-22
-22
-23
-20
-18
-14
-19
-16
-12
-19
-8
-7
-10
-6
-8
-8
-5
-3
-3
-2
2
1
2
1
4
7
5
12
6
6
14
7
12
12
8
10
8
9
11
16
14
13
8
15
12
11
15
8
9
10
8
7
5
2
0
-4
-3
-2
-6
-7
-9
-8
-5
-15
-13
-11
-12
-9
-14
-12
-15
-14
-8
-8
-10
-8
-7
-12
-5
-2
-4
1
-2
-4
2
3
0
7
2
4
4
2
6
6
6
10
5
5
7
7
8
9
7
5
9
5
5
10
8
4
2
2
3
3
3
4
1
-4
-2
-5
-3
-3
-5
-9
-11
-9
-7
-5
-12
-11
-7
-10
-12
-9
-5
-9
-6
-6
-9
-3
-3
1
2
-2
1
1
4
5
9
10
10
4
8
12
10
12
10
8
10
9
11
13
10
12
10
8
11
7
10
12
5
7
8
5
3
8
1
3
-1
-4
4
-1
0
-4
-4
-8
-5
-9
-9
-6
-13
-8
-14
-13
-11
-10
-11
-15
-10
-11
-11
-9
-10
-8
-7
-10
-8
-5
-6
-2
-2
-3
-3
-2
-1
4
2
3
4
2
-1
6
3
3
6
-1
3
3
0
3
3
-2
3
-2
-2
3
-3
2
-1
-3
-1
-3
-5
-2
-3
-4
-4
-5
-3
-4
-2
-5
-8
-4
-8
-6
-5
-5
-6
-8
-7
-7
-4
-4
-3
-3
-5
-1
-1
1
4
0
4
5
2
6
9
4
8
7
4
9
8
10
10
8
9
7
3
10
4
6
4
-1
3
0
-1
-1
-3
-6
-4
-7
-3
-2
-6
-2
-6
-8
-3
-6
-8
-3
-9
-10
-5
-11
-7
-7
-7
-7
-9
-8
-7
-6
-5
-5
-5
-6
-3
-5
-6
1
-3
-2
0
-3
2
7
4
9
9
8
9
12
11
14
10
11
13
8
14
8
9
8
5
7
3
8
2
6
1
0
-2
-1
-1
-4
-3
-6
-5
-9
-5
-8
-8
-5
-10
-10
-10
-8
-7
-7
-6
-9
-11
-9
-12
-7
-8
-12
-11
-15
-9
-11
-8
-5
-11
-7
-7
-6
-5
-2
-2
-1
0
1
0
5
3
4
7
6
6
6
13
9
12
13
8
10
8
11
10
9
7
6
7
8
7
6
7
1
3
7
2
7
3
4
2
-1
5
1
0
4
-1
1
1
-2
2
1
0
1
-2
-2
-2
-3
0
-4
-6
-1
-8
-6
1
-4
-2
-5
-5
-3
1
-1
1
1
-1
2
-1
3
2
2
4
6
2
4
9
0
10
5
4
7
2
7
3
10
1
4
4
0
5
3
3
1
1
1
3
2
1
3
-2
-1
-1
-1
-2
-1
-6
-3
-5
-6
-4
-4
-5
-6
-6
-7
-7
-4
-7
-4
-6
-8
-6
-10
-6
-8
-4
-6
-8
-3
-7
1
-2
-5
3
-5
0
1
0
3
2
2
0
4
-1
5
2
2
6
2
7
4
5
6
5
4
2
5
5
3
3
2
-2
2
-2
-1
1
-2
0
-3
-1
-2
-2
0
-5
-2
-3
-4
-4
-4
-4
-4
-5
-5
-3
-2
0
0
-1
-1
0
2
0
5
-1
5
5
-1