3
15
14
11
13
23
18
17
23
33
35
31
37
40
41
38
39
45
49
47
47
47
55
50
50
56
50
55
58
57
53
59
55
48
52
57
57
59
62
52
51
48
45
52
53
53
51
52
48
44
48
42
38
41
39
41
35
33
36
32
36
35
30
32
24
25
30
17
14
17
18
14
8
9
3
1
5
-1
-5
-7
-4
-10
-11
-18
-13
-21
-27
-17
-30
-28
-33
-34
-33
-35
-37
-34
-30
-33
-35
-41
-43
-43
-47
-42
-41
-49
-45
-46
-50
-51
-52
-43
-45
-53
-49
-50
-44
-51
-52
-40
-44
-44
-44
-43
-38
-41
-41
-36
-25
-32
-27
-21
-29
-28
-24
-24
-21
-20
-21
-14
-16
-10
-8
-3
-5
-5
7
6
6
7
12
13
9
11
13
20
20
22
19
21
21
23
31
28
30
30
32
29
33
34
31
31
35
39
32
34
34
36
34
35
35
32
34
34
32
38
40
35
34
31
31
29
29
29
29
29
27
28
32
20
21
27
18
18
19
16
13
11
10
-2
4
7
2
6
5
2
-5
-8
-2
-2
-2
-4
-13
-11
-9
-11
-16
-17
-16
-14
-20
-21
-20
-27
-22
-21
-17
-20
-23
-22
-22
-25
-25
-23
-31
-30
-36
-35
-33
-37
-34
-30
-33
-34
-31
-22
-28
-31
-27
-38
-24
-24
-27
-26
-25
-22
-23
-16
-14
-12
-18
-21
-17
-16
-14
-17
-17
-14
-9
-5
-12
-9
-5
-5
-5
-3
3
4
9
7
10
13
11
13
11
16
14
15
20
21
22
23
30
30
30
32
33
33
34
30
28
34
36
34
34
34
33
29
26
32
33
32
34
34
27
29
33
33
27
28
28
18
25
19
25
22
19
29
16
12
14
8
12
13
9
10
7
4
1
2
-2
-7
-1
-1
0
-6
-11
-13
-13
-13
-16
-13
-13
-20
-21
-21
-32
-30
-25
-28
-27
-24
-25
-29
-29
-31
-24
-25
-30
-28
-24
-28
-30
-30
-33
-32
-30
-29
-25
-25
-33
-35
-32
-32
-32
-29
-24
-25
-24
-24
-24
-22
-16
-16
-19
-13
-15
-13
-10
-13
-10
-15
-16
-11
-14
-9
-7
-11
-12
-7
-5
2
0
-1
4
4
6
5
3
6
10
12
12
4
6
6
9
8
13
19
18
18
15
16
18
16
21
21
16
21
21
20
18
20
21
18
22
19
20
24
22
26
22
20
18
17
23
20
19
25
20
21
24
24
17
22
21
22
23
14
21
17
12
16
13
8
11
8
9
7
6
6
6
2
3
5
5
8
0
5
2
-6
-6
-3
0
-1
-7
-11
-6
-11
-12
-7
-15
-16
-18
-17
-18
-17
-14
-19
-14
-18
-19
-24
-24
-20
-19
-14
-19
-24
-25
-24
-22
-18
-21
-16
-15
-20
-12
-13
-15
-12
-12
-19
-12
-11
-13
-6
-13
-12
-9
-9
-13
-12
-11
-11
-7
-13
-4
-6
-10
-7
-8
-6
-6
-3
-5
-9
-6
-4
-9
-2
-5
-2
-1
-3
2
1
3
0
7
4
3
8
10
9
8
6
5
7
12
11
9
7
6
11
10
6
8
5
2
11
9
12
13
10
17
13
11
12
15
14
9
9
11
10
10
10
15
12
8
8
9
9
7
6
6
10
5
6
-1
5
13
10
4
4
8
3
7
3
1
4
6
5
-3
-3
-3
0
2
-1
1
-3
-2
0
-2
-5
-11
-1
-6
-11
-11
-10
-7
-11
-8
-8
-6
-12
-16
-9
-11
-12
-10
-9
-15
-21
-17
-12
-13
-11
-15
-16
-15
-16
-12
-16
-18
-12
-14
-14
-13
-12
-8
-11
-12
-6
-7
-12
-9
-1
-2
-1
0
-4
-2
4
-1
-3
5
3
4
2
0
-1
3
5
3
8
5
3
2
4
16
6
18
14
10
17
16
15
12
22
13
13
12
18
16
10
15
21
20
15
22
13
8
14
11
9
12
17
13
10
19
14
17
16
13
9
13
17
15
14
17
23
20
17
13
9
4
11
12
1
-1
5
-2
0
0
-6
-5
-2
1
-3
-9
-8
-8
-7
-4
-6
-5
-7
-14
-12
-8
-6
-12
-14
-14
-15
-16
-13
-13
-16
-20
-20
-17
-22
-14
-14
-17
-9
-15
-20
-22
-21
-20
-24
-14
-17
-19
-12
-15
-7
-14
-18
-17
-18
-14
-13
-15
-13
-12
-17
-10
-11
-14
-14
-11
-10
-14
-11
-9
-6
-6
-7
3
-3
-1
1
-2
2
2
8
2
5
4
0
3
3
7
7
8
9
5
4
5
9
10
12
12
8
10
13
4
9
6
8
12
7
4
5
6
8
3
4
4
5
8
0
7
3
11
8
10
13
5
12
6
4
0
3
5
4
7
2
6
-3
0
6
-3
9
0
-4
0
1
-1
3
5
-3
-3
5
2
6
7
-7
4
7
9
-3
3
3
-1
11
4
1
6
4
5
-2
2
5
0
5
5
12
-3
0
-2
4
7
6
6
4
9
-3
5
7
2
9
8
5
8
11
6
4
6
5
-11
8
6
1
6
2
-4
1
-1
9
5
-6
4
5
-4
-5
0
2
2
16
8
0
18
5
13
-2
11
-9
6
2
4
10
2
7
-6
6
-14
3
-5
-6
-6
-8
-3
-5
9
-2
-12
1
-8
-13
-8
1
3
5
-5
-3
-7
-11
-4
0
-2
-4
5
7
5
-7
-1
-10
-4
-2
3
7
-13
-1
1
6
-7
7
3
-7
-8
5
6
-5
-9
-8
-1
-8
2
-19
-22
-15
-7
-13
2
1
-21
-15
-7
-4
-21
0
-9
-19
-13
11
2
-18
-2
2
-4
-14
-4
-6
-1
2
0
8
-25
-4
-7
-8
3
5
-2
-5
10
3
3
-6
-11
-6
-5
4
10
12
-12
8
0
-19
13
12
17
14
12
9
-5
2
14
10
9
21
12
-4
11
32
2
5
19
-3
7
17
28
2
27
12
18
-10
2
15
11
28
2
26
-10
9
20
14
-5
4
22
-10
25
4
9
-11
16
-18
15
-5
6
-4
-13
-12
-12
6
-14
23
-7
2
13
4
-8
-4
-2
9
-13
-5
-9
9
-39
4
2
-21
6
13
2
-22
38
-14
-1
21
-26
1
-11
18
-8
-6
-24
-1
13
-44
46
-35
-24
33
-2
-23
-14
25
-40
19
-20
-26
0
-6
5
13
-40
2
-4
2
-21
39
-17
-19
59
-49
35
-38
68
-72
58
0
-19
37
-42
35
-82
48
-40
19
-23
-16
15
-21
22
-6
-3
-26
14
17
-12
11
23
-40
36
-32
3
-7
-7
-36
4
21
-64
45
1
-27
-1
7
-42
-1
44
-15
10
27
-36
27
-6
22
-3
2
5
1
11
-52
68
-46
-30
46
-11
-4
-1
22
-39
25
25
-30
12
-9
16
-22
39
10
-42
30
-22
4
-25
55
-30
-14
21
6
1
16
0
-30
13
21
24
-12
40
-18
38
-66
97
-26
-2
3
31
-17
-29
85
-100
56
-34
31
-11
35
-35
-1
40
-44
51
-18
-9
11
14
-30
43
23
-64
60
-6
-20
49
45
-49
27
67
-91
103
-57
9
-16
23
-33
10
60
-94
119
-79
31
-28
22
-23
40
4
-33
50
-60
-12
39
-34
-31
47
-33
-17
26
20
-104
113
-76
-27
-6
6
6
-62
97
-120
39
-88
60
-36
-62
70
-83
25
-59
80
-88
10
38
-59
-2
1
24
-49
-34
46
-37
-5
18
27
-52
-5
61
-55
7
4
-27
-5
-27
10
-43
36
-89
45
39
-62
80
11
3
-73
137
-128
9
75
-38
64
22
57
-79
37
-65
39
44
-13
85
67
-23
-6
82
-109
3
55
19
-48
79
27
-62
72
-58
-16
-11
-21
48
26
82
-9
101
-124
56
-8
-32
-5
82
-15
0
30
-40
19
-89
117
-72
58
-29
161
-109
-8
130
-148
8
-3
64
-80
109
39
-87
123
-132
46
-88
-7
26
-29
51
-40
98
-156
11
58
-103
25
-18
107
-57
-44
44
-85
-25
-113
88
-11
-104
161
-78
138
-136
66
-26
-172
144
-83
95
-155
175
-164
-112
141
-122
4
-11
135
-35
-78
83
-34
-7
-202
144
-101
-50
-6
86
13
-88
107
-89
106
-111
168
-79
1
43
-78
15
-91
104
-195
108
-24
46
28
25
21
16
-23
-68
149
-45
-67
46
55
-177
67
21
-126
60
36
-47
99
43
-56
117
61
-119
176
7
-64
82
67
-158
55
23
-177
62
15
-3
45
121
-86
-75
98
-87
13
106
-22
-161
50
-64
-92
-2
24
-112
130
21
29
140
-16
90
-64
-16
-83
31
-48
-106
230
-157
-72
71
26
1
9
201
-60
152
19
-63
54
-115
-75
-35
121
-73
8
139
-18
-26
46
4
-97
42
31
-19
-1
102
-137
-41
-13
-33
-70
-19
151
-25
29
17
48
-68
-117
44
-23
-26
19
89
43
-44
29
-64
-49
-24
-38
10
2
89
-57
24
14
-69
19
5
45
87
38
-29
23
10
-190
-28
-6
-67
-9
43
30
-8
-21
-30
-79
-91
-51
-32
-7
10
39
-63
-13
14
-29
-4
44
96
43
67
97
21
20
15
20
23
-41
93
-31
44
-12
-4
-33
-76
8
-77
16
-13
57
-39
0
63
-12
-5
47
33
-33
48
12
0
-2
-7
3
50
-19
24
100
7
71
46
21
-32
41
-73
-26
-14
-67
-8
-52
8
-29
-15
-18
11
8
-14
29
11
8
-25
-29
49
-79
-14
34
-13
22
40
58
26
97
31
56
91
15
33
-38
17
-9
-59
-31
-22
-42
-91
-22
-63
-22
-24
-20
30
35
3
17
26
12
9
-6
22
60
-19
-9
34
-13
-49
-18
-36
-45
3
-85
-68
-2
-104
-127
-53
-61
-94
-16
31
12
71
-24
70
86
6
55
83
66
39
142
-32
60
30
-102
-34
34
-48
-65
10
-74
-58
-93
-147
-115
-136
-207
-88
-23
-60
2
80
83
108
182
189
183
242
173
163
135
81
-1
-32
-24
-63
-47
-93
-46
-31
-74
-80
-46
-45
-65
-43
57
58
56
132
150
114
145
159
140
173
134
92
19
-31
-144
-156
-302
-325
-345
-440
-420
-325
-382
-393
-346
-331
-291
-219
-106
-64
75
44
169
175
223
218
182
246
201
223
236
305
302
337
365
357
437
451
434
488
500
441
457
474
565
547
612
653
676
626
475
396
55
-196
-623
-903
-1310
-1634
-1840
-2004
-1993
-2026
-1803
-1687
-1279
-1018
-638
-231
51
255
530
744
812
948
947
863
875
835
699
717
610
485
411
347
294
260
240
248
338
377
455
611
723
806
880
956
921
951
916
993
870
742
496
136
-145
-633
-924
-1531
-1845
-2326
-2545
-2660
-2769
-2562
-2444
-2039
-1579
-919
-362
270
911
1315
1643
1936
1914
1907
1772
1583
1349
1127
781
478
205
-207
-510
-908
-1261
-1605
-1711
-1877
-1747
-1547
-1282
-822
-315
403
974
1697
2153
2515
2663
2624
2487
2166
1831
1336
1024
698
613
487
548
364
171
-338
-895
-1283
-1965
-2403
-3137
-3404
-3820
-3663
-3409
-2785
-2145
-1419
-419
516
1454
2136
2697
2761
2896
2619
2361
1847
1515
932
535
324
-11
-414
-793
-1070
-1485
-1772
-2132
-2421
-2681
-2654
-2500
-1896
-1262
-470
417
1388
2387
3147
3833
4056
4008
3551
2930
2196
1428
797
78
-249
-407
-381
-210
120
326
27
-419
-1058
-1572
-2293
-2813
-3463
-3992
-4184
-3882
-3324
-2491
-1547
-797
187
1267
2211
2695
3099
3065
2885
2477
2245
1655
1074
548
181
-56
-233
-460
-1053
-1262
-1684
-1949
-2286
-2423
-2687
-2665
-2130
-1535
-488
386
1439
2329
3367
3987
4307
4366
3837
2948
1871
880
-200
-1001
-1500
-1703
-1541
-1075
-318
399
1187
1227
748
-34
-667
-1371
-2201
-2774
-3704
-4037
-3961
-3142
-2384
-1409
-693
31
1033
2040
2585
2733
2643
2255
1871
1604
1360
763
390
98
134
145
-8
-381
-978
-1297
-1793
-2056
-2445
-2706
-2757
-2432
-1542
-647
512
1385
2513
3321
4131
4335
4280
3729
2697
1509
402
-506
-1561
-1811
-1901
-1572
-966
-2
1016
1821
2562
1856
979
-165
-859
-1872
-2683
-3420
-4498
-4563
-4119
-2999
-2524
-1489
-972
-165
911
2114
2528
2627
2692
2324
2234
2140
1923
1076
811
552
465
255
-231
-906
-1745
-2115
-2663
-2832
-3182
-3250
-2947
-2067
-828
326
1628
2563
3665
4413
4908
4630
4256
3156
1715
420
-660
-1651
-2371
-2105
-1973
-1196
-413
712
1523
2326
2455
1074
-11
-1187
-1547
-2646
-2873
-3912
-4519
-4184
-3157
-2209
-1761
-687
-491
634
1784
3006
2993
3124
2870
2475
2444
2268
1574
511
246
-166
-310
-722
-1330
-2124
-2795
-2922
-3296
-3086
-3302
-2918
-2239
-755
719
2062
3363
4144
4952
5180
5142
4154
3165
1314
-271
-1668
-2392
-3107
-3111
-2475
-1921
-690
405
1939
2564
3535
2557
981
-372
-949
-1509
-2422
-2625
-4125
-4160
-3651
-2199
-2110
-1227
-726
-367
932
2443
3413
3063
3268
2601
2352
2245
1849
623
-441
-620
-1035
-1039
-1602
-2153
-3071
-3369
-3405
-3132
-2670
-2587
-1771
-778
1176
2550
4206
4814
5270
4975
4679
3784
2555
975
-1092
-2440
-3317
-3044
-3233
-2220
-1715
-522
458
2001
3209
3877
4398
2209
649
-1059
-930
-2048
-2270
-3436
-5024
-4782
-3876
-2724
-3010
-1581
-1544
-440
1380
3673
4087
4072
4023
3086
2988
2772
1788
-166
-852
-1178
-1512
-1517
-2126
-2874
-3969
-3825
-3622
-2665
-2260
-1824
-526
1173
3304
4572
5865
5557
5163
4289
3273
1606
108
-1571
-3337
-4133
-4003
-3551
-3256
-2150
-1215
-81
1399
2948
4130
4533
5826
4283
1890
-519
-892
-1501
-2725
-3094
-5656
-5905
-5682
-3677
-4119
-2797
-1826
-1288
645
3511
5674
5173
5327
4565
4181
3829
3065
1279
-564
-1113
-1933
-2105
-2980
-3956
-5436
-5910
-5345
-4042
-2416
-1830
-12
1785
4431
5633
6796
6167
5043
3845
2603
1171
-472
-1676
-3356
-4238
-4181
-3132
-2759
-1990
-1075
126
1625
3003
4622
5029
6271
4521
1898
-888
-1581
-1956
-3198
-3436
-6056
-6281
-6035
-3752
-3849
-2435
-1328
-674
1571
4666
6948
6559
6524
5212
4125
3537
2425
190
-2249
-2970
-3933
-3982
-4513
-5114
-6338
-6570
-5228
-3278
-865
269
2335
4113
6643
7688
8096
6609
4436
2444
820
-784
-2183
-3255
-4555
-5372
-4837
-3401
-2861
-2211
-791
702
2057
3661
5416
5638
6530
6780
3505
-267
-2713
-2856
-4537
-3812
-4842
-6395
-6719
-4881
-3776
-3530
-960
-169
1519
4317
8130
8840
8381
7231
4886
2897
957
-1001
-3671
-5203
-5977
-6035
-5725
-5901
-5796
-6105
-5026
-3007
594
2706
4681
6651
8574
9306
8734
7390
4162
1009
-1596
-3202
-4504
-5284
-5544
-6029
-5717
-4403
-3093
-2269
-1317
636
2768
4122
6193
6896
7172
6493
7123
6256
294
-3782
-6807
-5673
-6050
-3458
-4346
-6966
-6982
-5352
-3607
-2750
794
1562
3351
7616
11736
11648
9163
6185
1873
-1648
-3461
-4451
-6048
-7363
-7015
-5719
-4622
-4541
-4230
-4726
-3336
22
4945
7114
9020
9924
9631
7604
5454
2669
-1624
-5174
-6350
-5574
-4638
-4075
-3983
-4473
-5246
-4200
-2659
-1005
406
3082
5822
7159
9379
8829
7183
4455
5273
3957
-2891
-6616
-7740
-4915
-4432
-1495
-4031
-8580
-9434
-6916
-4576
-1782
3011
4744
6439
10938
13461
11050
5856
1220
-3385
-5366
-4830
-4086
-4393
-5371
-5201
-4370
-3986
-4767
-5053
-4358
-1258
3928
9579
11389
10743
8453
5637
2491
-67
-2399
-4965
-6109
-4614
-2582
-1666
-2621
-4300
-6560
-7000
-4599
-941
1962
4551
6897
8634
8705
8460
5586
2668
1111
3722
4458
-935
-4745
-6463
-4779
-4899
-3244
-6529
-11489
-11107
-6420
-1489
2439
6751
6561
6077
8808
10157
7575
3003
-109
-3298
-3717
-2154
-1464
-3376
-5942
-6390
-5535
-4586
-3984
-3037
-1728
1667
6332
9914
9634
7401
4183
1597
272
-436
-1355
-2818
-3640
-3103
-2681
-3151
-4766
-5940
-7064
-5954
-1995
2467
5090
6414
7427
7304
6356
5688
3653
2276
2130
5239
5791
-171
-5394
-8191
-7079
-6795
-4499
-6017
-9563
-8295
-3602
210
2737
5601
4955
3877
6964
9121
7593
3867
986
-1947
-3214
-2579
-2692
-4130
-6078
-5922
-4414
-3189
-2710
-1940
-944
1223
4828
7942
7836
5968
3732
1803
1023
530
-578
-2425
-3665
-3665
-3800
-3673
-4533
-5358
-6420
-4685
-458
3792
5860
6807
7005
6348
5475
5051
3466
1849
1913
3806
5802
948
-5232
-9760
-9273
-7073
-4300
-3445
-7503
-7741
-4730
-836
1561
4696
4894
3328
6056
9445
9454
6075
2439
-1789
-4273
-3664
-2743
-3285
-4988
-5483
-4583
-3191
-2780
-2660
-2508
-451
3135
7035
8344
7230
4781
2295
1575
1217
-65
-2100
-3778
-4302
-4100
-3313
-3702
-4884
-5719
-4303
-481
3648
6044
6323
5550
4942
4673
4671
3721
2065
2047
3469
6553
1960
-5340
-10370
-10210
-7145
-4031
-1514
-6028
-7862
-5541
-1802
991
4169
5613
3613
5756
9324
9586
6302
1845
-2053
-4626
-3399
-2271
-2392
-4013
-5151
-4931
-4512
-3967
-3367
-2295
160
3979
8035
8951
7178
4088
1540
673
460
-503
-1392
-2357
-3383
-4155
-3720
-3755
-4954
-5519
-3760
116
3726
5815
5962
5141
4328
3514
3671
3720
3282
3289
4277
6642
660
-7304
-11412
-9757
-5957
-2832
-563
-5260
-7404
-5594
-2988
199
3642
5786
4174
7095
10201
9025
5213
567
-2355
-4899
-3375
-2313
-1939
-3553
-5372
-5285
-5096
-4064
-3481
-1603
1283
5055
7864
7675
6032
3243
1048
407
1335
919
16
-1859
-3337
-4488
-4505
-4161
-4385
-4263
-3029
412
3489
4682
4282
3562
2986
2645
4349
5375
5015
4146
4684
5599
-1578
-8529
-11118
-8421
-4558
-557
659
-5737
-8636
-6997
-4362
-807
4207
6683
5070
7522
9776
7859
3742
-217
-2559
-3571
-1082
137
-541
-3422
-6137
-6846
-6466
-4982
-3481
-1079
1744
5131
7012
6192
4367
2030
1338
1941
3535
2846
1322
-738
-3049
-4558
-5089
-4828
-5105
-4725
-3153
-250
2103
2637
2464
2534
3483
4174
6097
6580
5888
4460
4992
5461
-2091
-8500
-10117
-6085
-2619
182
-866
-8478
-11375
-9188
-5367
-422
4880
6661
5209
7668
9343
7141
3529
615
-647
-243
1806
1397
-1124
-4985
-8015
-8444
-7011
-4996
-3313
-1288
1257
3641
5034
4520
3554
2342
3283
5212
6216
4765
1528
-1456
-3733
-4889
-5084
-4503
-4150
-4501
-4037
-1632
151
814
1468
3160
4529
5789
7398
6911
5609
4827
6449
2192
-5169
-7610
-5675
-2640
-1168
-1568
-8407
-13907
-11751
-7744
-3349
2846
6531
5649
5819
8859
7956
5574
3485
2345
2045
3362
3037
-1124
-5466
-8395
-8858
-7539
-5612
-4130
-3533
-1738
963
3385
3647
3483
4236
5263
6670
7548
6920
3066
-1152
-2727
-3023
-3609
-4210
-4586
-6005
-7235
-5567
-2565
-488
1025
3290
5074
5192
6878
6612
6116
5713
8437
6060
-2180
-5064
-4526
-2235
-2247
-2268
-8255
-14724
-13406
-9236
-4719
442
4146
3621
3610
7715
8815
7615
5782
4702
4235
4461
4158
518
-4038
-7876
-8493
-6903
-5570
-5367
-6006
-5054
-2602
1220
3396
3546
4132
5457
6805
7309
7288
5508
1532
-1014
-1088
-1201
-3124
-5446
-6859
-8139
-6707
-3529
-886
260
1988
3290
4208
5506
7173
6811
8076
8130
2987
-1344
-2045
67
-540
-1659
-6627
-12141
-13198
-11523
-8480
-3198
1221
649
898
3998
5821
6945
8051
7052
5120
5872
6246
3387
35
-3394
-6103
-6965
-5230
-4855
-5999
-7440
-6625
-3916
-446
2101
3498
4109
4887
6068
6442
6256
5285
3375
1571
1040
632
-1689
-5132
-7977
-7929
-5176
-2668
-647
0
501
675
2509
5309
6681
8544
4723
823
975
3112
4205
2280
-358
-8218
-11472
-9187
-6987
-5708
-3492
-2435
-3096
-1206
1514
2272
3800
4967
5640
6609
6917
5288
2818
1353
-495
-1207
-1670
-3336
-5428
-6296
-6138
-5231
-4093
-2657
-1533
763
2738
4109
3876
3631
3417
3462
4412
4672
3157
1135
-668
-2363
-4181
-3929
-3797
-3369
-2198
-459
853
1121
3065
4212
6044
2692
-732
-783
1051
4124
5391
2262
-6043
-9643
-7201
-5486
-2440
1230
-341
-4274
-3664
-113
678
1956
2887
2264
2650
4196
4921
3346
1189
-244
-103
730
-201
-2386
-4738
-6215
-4443
-1276
203
-1109
-2130
-1528
47
2714
4928
4513
1913
882
1944
2412
2158
1668
14
-2057
-1988
-985
-1986
-3111
-2720
-1630
511
3384
4678
3896
4139
2240
-1634
-1421
1420
3141
2647
473
-5200
-8797
-6281
-3519
-1737
823
394
-2778
-2744
-704
-42
944
3060
2524
1758
2987
3356
2111
1484
1862
1263
73
-871
-2042
-3726
-4359
-2498
-696
-746
-1446
-1823
-2382
-2414
596
3406
4234
3416
2529
1287
276
1137
2027
1744
268
-307
-771
-1706
-2531
-1598
-994
-456
937
2914
3593
3805
3391
-995
-3018
-1196
2961
4025
1564
-4278
-8830
-6422
-2481
389
2003
498
-3722
-4192
-299
1432
1591
2228
935
24
1338
2958
1610
817
1388
1452
1459
428
-1257
-3612
-3134
-972
841
747
-1364
-3516
-4445
-2263
551
2396
2707
1989
1125
652
790
909
828
1122
554
983
1276
424
-862
-309
272
6
620
1922
1953
3501
4343
-685
-3959
-2465
1606
2204
2046
-3218
-9156
-7636
-2228
1203
2294
1613
-3465
-4858
-812
2715
3783
3612
1470
-1182
-145
1415
1136
1197
1481
1061
61
-11
-1306
-2996
-2586
-432
1344
699
-944
-3267
-4290
-2318
1330
2943
2155
594
-712
-283
993
2472
1673
222
-886
-92
1899
1813
1535
1260
525
-145
414
1956
1453
3471
3616
-1240
-3506
-1671
1188
288
29
-4571
-8471
-5433
-770
861
1167
477
-3748
-3709
690
2998
3284
3403
1481
-299
985
1492
1
340
1499
917
28
-543
-2235
-3204
-1396
1027
1313
-159
-2286
-3428
-2816
-208
2195
2149
385
-1438
-1077
682
1997
2616
1656
-198
-1713
-434
1829
1975
2296
2362
1617
30
403
1935
1948
4077
2691
-2135
-4111
-1688
1741
1213
-837
-6719
-8822
-4479
-326
1182
750
-1951
-5219
-2581
1731
3242
3631
3070
622
280
2915
2911
1210
531
593
320
-100
-529
-2414
-2691
-1276
1050
1262
-974
-3103
-4053
-2357
657
3106
2121
-715
-2520
-1554
616
2162
2931
1271
-705
-1813
137
1769
1780
2793
2668
1763
791
1580
2025
2039
4493
2106
-2846
-3802
-1036
1527
1069
-1121
-7327
-8630
-3985
-746
641
266
-2972
-6161
-2739
1785
2873
3865
2967
211
280
3372
3702
2654
3229
2153
-255
-1230
-905
-1562
-1745
61
984
-937
-3054
-3539
-2829
-1991
219
1628
-73
-2226
-2166
-477
754
1769
2301
1282
-85
-240
1248
2136
2418
2993
2283
1520
1312
2392
2541
3262
3947
126
-3423
-2692
-214
932
807
-2740
-8422
-7674
-2621
-840
-893
-1440
-4566
-6010
-1708
2091
2328
2852
2134
497
1311
3737
4333
4052
4381
2926
1006
-633
-1168
-1303
-246
692
-41
-1846
-3816
-3976
-3043
-1497
40
-352
-2226
-2745
-1873
53
1554
2107
1159
-587
72
1030
2742
3501
3172
2285
1113
1755
2651
3453
3053
3299
3027
-839
-3320
-1605
744
987
-296
-4353
-8509
-6237
-1323
-463
-2435
-3981
-6643
-5712
-531
2608
2212
1325
186
-994
1417
4409
5188
5189
4974
2584
708
1092
1510
1176
909
245
-1545
-2734
-2512
-2230
-2258
-2087
-1921
-2448
-2956
-2279
-1103
212
701
498
-586
-918
-59
1395
3199
3888
2741
1787
1723
2788
3463
3647
3514
2243
1211
-671
135
1496
1541
-374
-3634
-5996
-5553
-1729
-491
-2514
-5236
-6584
-6498
-3146
99
754
156
-861
-1597
-838
2148
3937
4895
4851
3205
1793
2711
3890
4030
2951
1116
-1320
-2221
-912
131
47
-1419
-3325
-3983
-3073
-1887
-749
-1056
-520
-1339
-1146
-786
148
367
830
1694
1413
1041
2084
3662
3952
3948
2099
-211
-874
2509
4379
4187
582
-3599
-5163
-2402
123
-161
-1757
-4370
-5971
-4918
-1963
-1769
-2193
-1948
-2565
-2899
-1182
1164
1297
1914
2479
1052
820
2814
4479
3908
3572
2475
738
508
1249
1259
-211
-663
-1297
-1633
-971
-871
-965
-1538
-741
-745
144
855
408
-128
-277
161
254
2054
1855
-1883
-1593
1312
3113
2375
447
-2985
-2917
1102
2927
816
-1141
-2783
-3066
-23
1491
-86
-1063
-852
-2748
-2171
183
600
-717
94
-1235
-3073
-1268
1204
1345
729
1096
-685
-636
1060
1485
898
1257
1248
224
378
417
-442
1
1147
63
-421
243
700
1012
1240
2004
746
1777
2357
2089
1376
-998
8
814
2355
238
-2395
-4903
-3417
-670
213
-2329
-4007
-3925
-2693
-45
184
-1268
-2742
-285
186
1350
2231
1968
105
326
1050
1250
2723
2988
1357
-815
-703
-915
735
1395
103
-1114
-1382
-1793
-1522
-226
-575
-1472
-926
168
-932
40
1002
319
127
920
1627
1062
2547
2457
2219
2647
3582
2393
-438
1227
1845
2119
1902
-528
-3195
-1835
-739
-2163
-4813
-4146
-4817
-3695
-1624
-2354
-3128
-2632
-897
-2488
-1049
590
1261
1822
3248
1717
504
2003
2462
2243
2731
2776
1077
1574
1011
-336
-590
217
-192
-206
-308
-2091
-2283
-1070
-314
-1007
234
-738
-1320
-332
1143
1470
1853
2362
978
1690
465
1081
2726
4052
2690
-176
-2220
-900
962
1808
-626
-3051
-2793
-2267
-77
-1890
-3756
-4559
-3193
-3090
-2554
-675
-1259
-1737
-383
-701
-1489
987
3181
2252
1795
2717
1332
1549
2878
1880
617
1802
2133
939
708
547
-944
-396
498
-335
-1030
-1095
-1473
-1094
-238
56
-112
-447
-506
-129
2670
915
30
1811
2272
1179
738
362
-374
1745
2269
-174
-2917
-1899
-1730
-198
-302
-2075
-3109
-1439
-1308
-2199
-989
-1876
-3068
-2114
-905
-1704
-408
681
-451
-1316
339
842
2243
3352
2127
509
1241
2370
2033
2536
1496
493
654
1499
1132
1325
1072
-675
-398
282
-28
-536
367
-159
-167
-1085
-1247
846
1553
674
-987
-1477
-213
1666
1596
-123
-2514
-1343
-250
1427
440
-1945
-2908
-2179
-1143
-1116
-584
-1371
-2314
-1536
-362
-1022
26
204
-890
-1451
-300
563
439
959
-476
-1244
563
1751
1938
1272
1159
474
1286
2571
1865
1655
1577
720
745
1130
2044
1427
1293
865
1227
350
-1793
705
1467
115
-1668
-1860
-2289
-188
675
-7
-3053
-2300
-1070
-346
36
-1826
-1985
-1513
309
-481
-379
-407
-1824
-2088
-332
-184
42
599
-483
-1850
-776
866
796
840
343
-661
361
1420
336
-330
60
210
311
1576
1023
215
1434
1334
1082
1722
2426
1670
1604
2636
2441
672
-224
2103
2428
1314
114
-1656
-2036
138
339
-1393
-3823
-3271
-2819
-1719
-1457
-2657
-2452
-1546
-1023
-1773
-1431
-596
-699
-279
788
236
878
811
-377
-883
338
1176
1048
1428
166
-1332
238
1195
480
-240
101
306
691
1644
721
-253
137
-47
514
1025
1450
1143
808
932
1755
1726
172
1986
3185
2289
594
203
-153
934
735
-133
-2484
-2202
-1591
-1054
-1584
-3364
-3340
-2556
-1662
-3056
-2419
-1805
-1780
-669
780
-468
-826
-323
-160
-155
1895
2363
853
802
135
-477
825
2096
645
-277
92
237
358
1563
505
-874
201
950
1292
1717
1539
1055
508
1414
1170
-421
1055
2528
2226
728
-306
-1483
404
2565
1512
-1121
-1864
-1048
-335
246
-1174
-2780
-2783
-1489
-2191
-2015
-1933
-2246
-2643
-1154
-1104
-1811
-607
-784
-1372
-294
1356
999
650
414
-402
137
2359
1832
1066
561
375
565
1351
1549
-378
94
792
744
1365
1481
735
512
841
1604
1038
306
1903
2251
1681
71
-503
-881
1500
1510
-150
-2657
-2029
-644
-1
-172
-2072
-2593
-1790
-356
-1160
-1118
-1547
-1439
-1956
-966
-1608
-1365
-347
-1076
-1460
-407
570
-130
377
187
-1031
142
1914
1103
412
771
701
523
1282
1422
302
793
1584
1181
1065
285
1044
1359
1833
1557
-425
751
2106
2312
1295
-38
-1074
410
1973
1115
-1271
-1586
-1064
-98
-20
-2133
-3254
-2479
-744
-1491
-1251
-1847
-2389
-2124
-732
-856
-1100
-473
-293
-1005
-495
390
-253
-200
-335
-367
-170
1396
1086
223
147
347
523
1208
1519
1027
892
1064
1183
1321
901
969
1598
1515
1518
1218
-648
720
2503
2094
621
-299
-1416
294
2171
1495
-1178
-1790
-508
-625
-242
-1872
-2299
-1703
-135
-1040
-1784
-2558
-2840
-2060
-631
-586
-1440
-1002
-1448
-1684
-212
788
-197
-369
84
-18
557
1822
749
-146
234
549
736
1378
1488
858
769
982
745
1350
1167
1329
1501
1293
1101
-387
514
2525
2399
811
-391
-1404
-830
1922
2567
-114
-2397
-1741
-363
499
-108
-1345
-1891
-682
-814
-1298
-1905
-2554
-2377
-1204
-244
-1163
-1515
-1594
-2084
-1366
193
76
-436
-741
-595
-236
1198
1331
344
124
569
1196
1857
1992
1016
996
1289
1291
1408
1164
883
1040
1513
1361
1347
-378
193
1857
1377
108
-416
-873
-434
2031
1770
-938
-2792
-1358
-617
652
278
-1371
-2166
-965
-722
-807
-480
-1127
-1683
-758
-116
-1794
-1446
-1460
-1825
-1442
44
-746
-1413
-768
-1185
-688
760
939
-209
-205
132
903
1946
2004
1058
954
1466
1817
2256
1982
1227
1657
2264
2092
1668
-81
531
1264
1536
508
-193
-939
-226
867
177
-1754
-2763
-1067
-351
235
-1087
-2168
-2287
-933
-860
-709
-992
-1364
-1846
-528
-155
-1188
-326
-275
-684
-700
107
-827
-943
-191
-612
-678
265
-118
-1052
-773
307
724
1609
1696
496
568
1799
2002
2025
1654
2040
1955
2556
1965
180
1247
1889
2068
899
403
-812
-240
1250
177
-1747
-2057
-1176
-243
-102
-1289
-2818
-2689
-884
-834
-831
-1701
-2298
-1602
-451
-270
-947
-1073
-952
-1145
-344
34
-635
-262
308
125
7
656
121
-270
136
521
686
1173
921
91
73
768
1291
1519
1420
1334
1804
2084
2156
566
539
2005
2644
1722
466
-291
-544
1147
1317
-470
-2416
-1773
-547
153
-589
-2289
-3117
-1906
-543
-637
-1283
-2193
-2334
-1078
32
-807
-1286
-1361
-1208
-675
479
7
-662
-152
240
-194
267
269
-250
221
1108
1224
799
1081
639
733
1396
1575
1473
1445
1235
1459
1803
1658
-13
221
1536
1950
1481
352
-429
-425
1296
1471
-208
-2094
-1781
-398
735
-354
-1984
-2936
-1984
-890
-331
-959
-2440
-2471
-1271
82
-736
-1285
-1655
-1710
-718
547
359
-833
-1192
-371
-118
615
721
-251
-109
830
1486
1317
916
561
503
1774
2013
1762
1484
1154
1728
2324
2142
47
415
1846
2205
1307
536
-1344
-1259
821
1269
-622
-2691
-2346
-1145
788
80
-1861
-2848
-1892
-970
162
-83
-2044
-2456
-783
-21
-780
-989
-1460
-1758
-528
662
-150
-793
-940
-817
-122
984
579
-264
-212
609
716
1321
1424
820
814
1260
1756
1972
1920
1532
1588
1964
1622
414
1395
1862
1918
1001
44
-1129
-500
1508
873
-1197
-2613
-2406
-918
479
-497
-2820
-3652
-2325
-1193
-43
-853
-2328
-2324
-461
229
-297
-542
-1240
-1137
358
1102
-173
-803
-577
-671
32
1084
307
-259
122
519
770
1298
1507
832
1085
1090
1156
1889
2225
2035
1757
1296
146
1158
2696
2208
859
145
-976
-545
1568
1670
-788
-2502
-2428
-1552
237
198
-1995
-3555
-2814
-1698
-436
-208
-2121
-3106
-1554
-237
-463
-799
-1201
-1796
-519
886
308
-46
233
42
197
897
967
417
816
975
319
672
1155
1249
1325
1278
865
806
1725
2236
2201
1616
-301
137
1936
2610
1513
293
-1304
-1611
882
2240
282
-2221
-2701
-2253
-372
683
-695
-2981
-3089
-2004
-670
-116
-1070
-2703
-2293
-689
-371
-40
-897
-1530
-909
371
446
-213
185
26
-222
740
668
154
780
1275
1152
724
1167
1258
1664
2020
1257
1071
1397
1710
2326
1641
2
69
1434
2147
1291
468
-1358
-1598
500
1532
-103
-2097
-2642
-2195
-830
-241
-1163
-2380
-2617
-2081
-769
-570
-1595
-1839
-714
-743
-970
-206
-460
-900
-149
572
-430
-609
376
453
484
638
69
60
907
1432
1309
1180
946
765
1737
1921
1404
1435
1648
1900
2172
1523
619
646
1710
1797
1211
-45
-1591
-1272
98
629
-538
-2109
-3118
-2426
-956
-685
-1624
-2205
-2757
-2362
-1016
-738
-1877
-1695
-407
-273
-515
-750
-777
-424
910
1194
32
-474
-144
803
1454
966
107
-111
837
1432
1225
1042
813
1213
1696
1691
1337
993
1916
2663
1876
757
439
1016
1450
1870
1002
-1169
-1515
-488
229
-167
-1094
-2187
-2770
-2014
-1558
-1600
-1604
-2076
-2426
-1925
-1421
-1788
-1507
-538
-674
-618
-443
-672
-727
25
679
349
592
348
17
810
1263
1035
774
1263
1261
1042
1573
1500
1131
1578
1798
1531
1149
1304
1506
1116
1445
1052
732
676
986
765
-205
-555
-799
-625
-341
-626
-1543
-2152
-2047
-1975
-1965
-1565
-1923
-1959
-1637
-1691
-2109
-1785
-770
-728
-702
-557
-925
-561
124
510
177
228
597
382
1046
1051
662
615
1276
1593
1270
1325
1335
1197
1782
1828
1667
1503
1633
1772
1157
1288
950
1109
1005
980
197
-787
-740
-665
-762
-918
-1343
-1582
-1619
-1706
-1878
-2014
-1586
-1765
-1517
-1238
-1216
-1516
-1342
-1087
-1017
-391
-214
-664
-532
-196
19
285
606
168
-41
692
845
703
882
1128
866
1085
1212
1112
1142
1529
1510
1373
1322
1301
1480
1423
1265
708
714
808
1153
922
-25
-579
-628
-336
-329
-594
-1261
-1781
-1618
-1445
-1580
-1667
-2000
-1942
-1376
-1013
-1484
-1380
-858
-842
-659
-338
-356
-380
39
225
167
378
418
184
654
318
265
755
1094
903
820
947
517
754
1215
1326
1013
1044
1013
1107
1041
867
541
456
791
717
726
318
-25
-300
-235
-171
-285
-406
-894
-974
-1048
-947
-836
-997
-1141
-1241
-1143
-1069
-938
-880
-975
-825
-687
-883
-757
-390
-272
-282
-127
119
64
377
472
302
279
472
795
907
887
529
547
703
830
901
964
812
600
846
981
706
450
418
551
768
732
373
-120
-232
-46
53
-46
-446
-648
-623
-503
-558
-838
-771
-658
-586
-610
-803
-915
-835
-605
-420
-550
-618
-747
-758
-371
-285
-414
-464
-296
-274
-257
250
152
-167
123
530
775
689
659
487
617
965
1053
987
826
692
662
813
729
511
620
693
636
537
290
60
-13
267
190
-54
-301
-537
-379
-303
-314
-664
-895
-631
-372
-412
-735
-885
-743
-730
-518
-481
-708
-763
-695
-457
-488
-330
-294
-404
-287
-266
-126
65
13
-44
147
496
451
288
218
282
747
1037
871
633
616
583
736
1170
993
633
649
663
602
508
479
115
106
370
123
-76
-264
-362
-179
-56
-333
-753
-671
-483
-538
-499
-827
-1061
-745
-568
-668
-837
-743
-758
-691
-355
-467
-511
-247
-317
-406
-276
41
163
256
202
81
265
456
555
554
682
632
618
680
529
509
661
835
862
749
540
403
474
504
563
583
381
151
98
65
-53
-35
-102
-213
-243
-352
-596
-593
-427
-479
-644
-587
-680
-796
-772
-701
-705
-727
-563
-658
-693
-614
-446
-324
-313
-320
-142
121
246
75
5
213
355
636
666
592
457
388
552
600
678
720
633
600
522
505
334
315
489
585
507
290
70
-4
120
255
225
-47
-173
-297
-198
-260
-339
-436
-487
-431
-505
-618
-812
-777
-660
-529
-443
-525
-690
-650
-513
-308
-241
-295
-315
-162
27
-32
-63
-81
188
487
521
501
323
343
424
644
792
581
487
572
592
454
405
444
394
477
601
464
195
-11
111
265
204
50
-172
-209
-229
-229
-191
-397
-529
-550
-419
-563
-699
-659
-572
-448
-406
-456
-621
-560
-416
-337
-256
-186
-172
-42
-66
-43
-32
34
180
201
351
201
143
192
188
345
355
395
405
431
478
411
452
505
524
594
516
409
316
319
401
392
272
82
-41
-89
26
-8
-172
-324
-467
-431
-437
-480
-602
-729
-635
-558
-428
-476
-551
-582
-605
-354
-221
-156
-140
-153
-129
-153
-79
-26
28
128
161
242
202
99
225
278
284
372
455
360
199
284
317
399
502
529
356
190
232
395
577
607
495
221
90
214
236
209
168
6
-145
-265
-298
-336
-440
-390
-449
-516
-607
-644
-530
-574
-554
-686
-650
-458
-360
-217
-320
-436
-355
-144
89
86
104
109
88
240
248
213
214
335
433
370
337
233
216
394
579
562
438
256
174
289
504
505
346
268
193
101
144
227
199
204
72
-93
-241
-194
-85
-185
-194
-378
-472
-466
-478
-490
-556
-529
-553
-584
-534
-433
-416
-366
-447
-414
-282
-73
14
-22
-23
-119
25
196
327
299
392
379
303
393
405
445
453
493
465
362
336
311
335
404
344
302
240
116
58
160
263
130
59
-14
-190
-208
-101
-22
-109
-271
-372
-423
-372
-356
-360
-376
-440
-472
-381
-401
-390
-348
-396
-363
-314
-183
-165
-35
-60
-144
-60
82
141
140
250
275
295
296
292
298
402
438
384
369
325
343
426
409
297
289
271
211
177
200
150
91
114
-3
-89
-128
-104
-98
-58
-65
-205
-319
-366
-331
-260
-258
-329
-378
-405
-408
-333
-290
-336
-361
-281
-217
-222
-157
-116
-128
-135
-37
35
86
77
145
189
238
248
218
265
285
367
340
277
242
300
386
374
274
163
153
249
271
255
193
116
101
142
156
15
-83
-13
36
-82
-190
-304
-320
-295
-201
-222
-368
-410
-341
-294
-319
-304
-319
-297
-254
-201
-244
-290
-243
-136
-82
-24
-26
-5
13
86
185
142
150
131
175
265
310
309
220
184
246
342
411
308
178
145
228
299
285
257
137
98
139
113
77
17
27
20
-37
-112
-222
-233
-196
-115
-222
-383
-387
-363
-303
-270
-316
-405
-374
-234
-180
-206
-283
-238
-89
3
29
-56
-53
2
93
157
109
83
123
203
227
219
201
183
216
267
273
307
310
226
176
205
265
220
236
223
144
73
94
88
90
57
-56
-155
-189
-146
-162
-180
-233
-291
-307
-273
-252
-251
-298
-247
-222
-210
-192
-234
-233
-189
-115
-38
-20
-41
-65
-12
70
84
97
157
164
150
149
171
205
207
235
159
179
160
180
218
215
168
104
167
168
132
105
76
11
10
66
37
-104
-189
-151
-101
-95
-151
-213
-254
-207
-150
-176
-248
-252
-158
-120
-91
-135
-191
-155
-116
-39
8
36
5
3
44
39
62
112
109
80
118
78
94
121
177
169
163
173
75
81
170
260
206
160
107
54
67
92
103
70
7
-31
-4
-36
-137
-186
-159
-179
-186
-169
-238
-274
-210
-167
-217
-232
-190
-128
-58
-51
-73
-69
-8
21
46
96
106
99
94
53
6
104
135
108
71
41
13
66
146
99
72
58
104
74
66
81
118
168
158
124
68
82
75
133
134
94
11
-48
-55
-63
-94
-161
-199
-188
-184
-211
-172
-219
-263
-270
-200
-152
-120
-77
-91
-103
-59
-9
45
68
37
92
110
101
75
104
158
152
183
129
45
54
90
133
112
37
9
31
71
60
70
66
32
71
97
72
33
12
67
50
37
5
-27
-62
-63
-45
-79
-113
-129
-109
-122
-149
-182
-176
-188
-132
-116
-99
-106
-119
-122
-106
-32
-2
34
31
30
32
46
80
91
128
124
75
87
104
74
100
117
111
84
44
93
90
84
69
67
21
-6
50
56
9
-7
20
17
18
-20
-38
-70
-64
-13
16
-50
-130
-114
-84
-81
-60
-52
-137
-85
-21
-50
-53
-65
-84
-84
-15
30
-7
-8
-16
-54
-4
39
52
34
43
23
13
79
66
97
109
66
36
62
114
71
94
72
20
7
53
60
40
33
26
-1
-13
-16
-45
-80
-82
-35
-33
-9
-116
-107
-109
-59
-50
-13
-23
-67
-7
-39
-27
-47
-16
-16
30
18
-41
14
-3
-6
1
46
8
15
35
26
16
-11
46
21
94
34
9
-16
33
125
116
48
-13
-23
39
111
59
-7
-32
40
28
23
-44
-45
-21
5
44
-33
-92
-67
-16
-63
-19
-42
-67
-31
16
-16
-86
-63
-93
-15
16
24
-6
-50
-65
-21
37
18
-5
-4
17
26
-1
-17
20
48
38
83
-11
-37
18
54
115
34
-30
-86
-8
31
74
34
-58
-27
40
38
-2
-19
-41
37
78
16
-48
-51
2
53
39
-39
-55
8
38
30
-21
-104
-83
-24
23
-1
-16
-78
-64
-19
-6
-1
-8
19
-10
16
-12
2
3
40
65
40
36
-18
19
39
66
89
35
14
-45
6
48
86
47
-27
-34
-2
28
32
13
-12
2
62
30
-48
-47
-27
34
13
-10
-104
-87
-31
-9
-30
-95
-135
-64
31
-18
-46
-68
-86
-30
30
40
-22
6
-19
16
48
27
22
70
57
30
56
47
43
58
54
29
15
-4
5
23
23
1
20
0
-7
17
-4
22
43
-2
23
-18
8
-29
-44
-26
4
-17
-64
-68
-75
-52
-38
-52
-87
-130
-75
1
-13
-87
-102
-30
-24
29
18
22
17
55
76
55
68
70
116
73
85
70
70
109
100
79
-11
49
36
54
73
11
-30
-31
30
2
14
-22
-29
-12
-15
-27
-75
5
-79
-52
-12
-56
-69
-69
-40
-115
-62
-57
-76
-106
-82
-76
-40
-6
-72
-48
-47
10
10
-1
6
13
63
37
72
13
53
79
113
71
50
101
102
130
78
70
33
76
92
75
26
5
-1
52
49
-23
-30
-36
5
-5
-44
-89
-122
-74
-50
-75
-101
-149
-111
-65
-50
-56
-89
-86
-71
-52
-42
-33
-44
-4
45
6
26
-7
33
49
60
61
24
39
55
120
106
59
78
75
79
128
85
56
62
90
71
89
85
28
61
57
24
17
2
-52
-27
-22
-13
-81
-108
-140
-123
-37
-122
-119
-199
-100
-126
-107
-85
-148
-94
-88
-18
-81
-88
-54
6
44
6
27
41
76
99
110
62
37
77
98
170
84
55
99
137
115
107
105
24
51
69
69
39
39
14
26
41
-47
-39
-32
-18
-17
-68
-46
-91
-119
-88
-60
-96
-118
-96
-126
-133
-123
-110
-94
-87
-83
-53
-43
-58
-24
-22
7
22
22
42
90
69
72
132
88
106
124
135
109
93
119
101
147
97
84
79
40
54
53
23
-5
3
-16
8
-25
-53
-49
-21
-20
-37
-85
-133
-117
-97
-77
-88
-116
-109
-81
-77
-117
-92
-95
-96
-51
-64
-51
-35
7
18
13
7
22
64
76
63
92
87
101
123
136
129
67
75
88
121
98
87
81
35
41
19
48
46
3
-9
-8
-19
-32
-17
-25
-65
-71
-40
-61
-61
-95
-89
-77
-89
-82
-108
-81
-84
-74
-65
-68
-57
-82
-49
-58
-28
8
26
40
30
48
40
73
86
49
63
100
92
107
119
86
58
71
93
66
92
50
28
24
-4
28
16
22
-30
-10
-42
-62
-11
-46
-58
-64
-36
-82
-75
-71
-85
-62
-72
-91
-104
-108
-94
-45
-61
-54
-61
-51
-40
-30
-11
-30
11
42
58
46
30
64
61
108
106
83
77
71
120
126
98
82
74
77
69
68
50
-5
3
18
23
7
-15
-14
-25
-22
-56
-40
-54
-68
-42
-47
-73
-87
-67
-62
-26
-54
-84
-76
-63
-59
-42
-24
-45
-39
-16
0
-28
-7
6
20
52
27
46
34
52
81
102
101
54
54
39
62
89
74
66
60
35
39
63
21
-34
-2
-13
-12
-6
-40
-42
-16
-28
-53
-43
-66
-80
-41
-42
-89
-84
-52
-20
-33
-42
-68
-81
-49
-28
-12
-45
-50
-34
9
29
6
6
15
38
39
52
19
37
58
70
82
76
54
62
76
58
74
54
38
34
33
30
30
21
2
-9
5
-32
-1
-25
-36
-27
-14
-3
-40
-37
-51
-34
-52
-57
-38
-59
-44
-35
-33
-53
-44
-34
-18
-14
-64
-46
-23
-16
-18
9
7
6
13
18
38
8
24
35
50
30
27
58
49
64
41
42
14
15
14
33
32
-6
10
5
23
-8
-2
3
-10
-10
-16
-5
-33
-14
-27
-25
-30
-24
-18
4
-23
-53
-28
-42
-18
-26
-2
-11
-20
-29
-11
1
-10
-4
3
5
5
38
27
37
27
23
45
44
9
6
50
44
58
44
31
2
24
37
21
32
1
11
1
15
-3
-17
6
-2
-8
-22
-1
-23
-19
-23
-31
-28
-33
-2
-9
-23
-46
-31
-24
-29
-18
-28
-38
-21
-10
-20
-17
-7
-14
8
-23
-25
-6
-1
5
10
20
-3
13
13
12
15
21
25
33
17
-8
20
29
27
28
23
-6
5
3
14
16
-15
-8
-16
22
-9
2
-2
-20
-15
-25
-17
-18
-9
-27
-16
-21
-20
-18
-4
-12
-43
-25
-26
-15
-21
-22
-19
-6
-12
-21
-12
-7
-2
12
30
4
2
13
24
39
38
29
41
30
34
42
42
36
35
38
32
26
32
26
26
23
2
-2
11
2
3
16
8
-5
-17
-4
-16
-19
-20
-26
-26
-16
-13
-12
-24
-50
-39
-22
-18
-35
-36
-27
-25
-7
-10
-3
-19
-1
29
17
-3
8
20
33
46
41
23
22
51
65
51
36
23
22
34
30
20
10
14
18
15
10
-2
-13
-5
6
-1
-10
-15
-22
-18
-25
-19
-25
-31
-27
-26
-27
-41
-36
-30
-19
-25
-30
-35
-36
-31
-26
-3
-11
-10
-16
5
17
1
2
3
17
21
37
25
6
8
26
36
27
3
-14
6
0
3
6
-2
-11
-1
9
-23
-17
-15
-5
-9
-12
-16
-21
-15
-29
-12
-14
-9
-9
-17
-16
-20
-20
-6
4
-19
-10
-3
-24
-12
6
22
4
25
16
8
39
24
32
32
35
19
34
35
28
29
28
26
34
37
20
28
10
3
17
19
15
10
14
19
8
7
10
20
5
9
10
8
11
11
20
11
11
14
7
-4
0
16
15
14
18
6
7
11
10
13
19
10
9
16
10
10
19
12
10
2
-16
-13
-5
0
-7
-8
-22
-20
-14
-27
-24
-55
-48
-33
-40
-46
-46
-37
-49
-27
-33
-45
-44
-43
-49
-44
-45
-54
-32
-40
-32
-32
-25
-28
-25
-21
-34
-22
-34
-15
-19
-12
-15
-7
3
-7
-2
-12
-12
-12
-5
8
-1
-2
0
-16
-6
-12
-11
-7
-14
-26
-19
-8
-19
-23
-16
-18
-23
-18
-24
-28
-27
-18
-5
-5
-22
-20
-11
-5
-8
-9
2
4
10
9
19
22
22
40
41
24
24
37
51
52
41
52
53
57
78
74
57
53
61
67
63
59
48
53
54
61
50
56
46
47
40
24
15
23
31
26
25
11
11
1
11
6
3
2
0
0
0
6
0
9
5
6
0
10
18
4
15
16
27
10
20
23
19
27
21
20
20
21
14
31
24
7
5
15
9
-5
1
-11
-19
-21
-25
-20
-23
-35
-36
-42
-62
-75
-64
-54
-70
-80
-76
-78
-83
-72
-68
-78
-87
-87
-83
-81
-80
-75
-67
-64
-67
-59
-55
-48
-43
-42
-49
-37
-41
-36
-18
-25
-25
-22
-4
-18
-5
-8
-7
-5
-14
-7
-5
2
-6
1
-4
-11
-12
-6
-5
-17
-9
-11
-6
-16
-20
-13
-6
-9
-15
-9
-15
-3
7
8
3
-2
3
15
17
22
22
39
40
43
47
41
55
55
68
63
63
61
71
86
74
80
78
85
86
88
89
78
76
77
81
73
68
76
68
63
66
64
50
45
49
42
35
33
33
27
28
15
24
13
13
13
8
10
4
10
0
8
2
-4
6
4
0
8
5
0
-9
2
2
2
3
-13
-6
-1
-6
-2
-8
-6
-9
-10
-13
-27
-26
-29
-17
-31
-39
-36
-38
-32
-45
-45
-51
-59
-54
-58
-64
-68
-64
-59
-59
-67
-71
-71
-62
-68
-64
-62
-75
-65
-54
-53
-66
-56
-55
-52
-38
-45
-43
-41
-42
-37
-23
-29
-27
-21
-21
-22
-15
-13
-6
-6
-8
0
-8
-3
0
5
7
8
3
-2
3
13
15
16
15
7
16
18
12
8
10
19
22
28
27
20
20
31
34
24
24
20
23
37
34
34
35
36
37
48
44
29
36
36
42
46
37
39
43
40
42
45
46
43
44
46
29
35
35
34
49
39
35
30
31
27
26
34
29
22
16
23
22
15
17
11
12
12
9
3
2
3
2
3
1
-13
-18
-12
-13
-10
-18
-17
-19
-25
-16
-26
-24
-32
-36
-30
-34
-35
-40
-35
-38
-37
-34
-36
-35
-39
-42
-47
-45
-46
-42
-38
-40
-43
-45
-40
-37
-32
-42
-39
-40
-46
-46
-37
-33
-42
-28
-36
-37
-35
-36
-31
-34
-33
-32
-36
-35
-33
-28
-23
-31
-24
-23
-28
-22
-23
-23
-19
-16
-18
-19
-12
-13
-7
-1
-4
-7
-4
10
10
10
7
11
17
21
25
28
23
27
31
39
41
41
44
39
50
40
43
48
49
53
53
49
45
46
53
55
50
46
36
45
41
38
44
37
40
35
40
35
33
30
24
32
20
26
23
21
28
30
33
23
25
20
24
29
22
22
21
21
31
33
26
20
19
28
23
22
25
16
16
16
18
11
9
13
8
12
-7
-8
-7
-3
-8
-15
-15
-25
-23
-21
-23
-30
-37
-38
-32
-41
-39
-40
-38
-40
-46
-36
-48
-44
-43
-43
-36
-39
-32
-40
-29
-33
-34
-26
-31
-30
-25
-20
-18
-17
-18
-18
-11
-8
-15
-9
-14
-17
-9
-10
-4
-10
-6
-4
-9
-14
-12
-6
-11
-12
-11
-17
-17
-10
-10
-8
-16
-10
-13
-5
-15
-14
-6
-11
-3
-9
-1
-5
-2
3
-1
3
2
12
9
6
11
12
17
19
18
17
14
15
20
18
22
17
20
19
18
18
12
16
17
13
12
8
9
5
7
7
0
4
-8
-1
-8
-7
-2
-5
0
-10
-7
-3
-10
-11
-11
-10
-11
-6
-6
-13
-5
-3
-1
3
-4
-3
1
1
-1
-5
1
3
5
9
1
3
5
10
7
9
2
-4
7
3
8
3
6
6
2
4
0
-1
-1
3
2
3
-2
1
3
2
8
4
3
6
5
5
10
8
9
15
15
16
17
16
20
20
24
25
25
24
24
26
26
31
21
28