1
7
4
3
8
5
5
4
-1
0
-1
0
0
4
0
3
4
0
3
3
-3
0
-2
-4
-1
-2
7
7
6
3
2
0
1
7
2
2
4
6
1
4
0
-1
5
1
-3
-2
2
1
5
0
-4
1
2
1
-2
-4
-2
-3
-4
-4
-4
-2
-6
-5
-2
-9
-8
-8
-6
-6
-3
1
-5
-6
-6
-2
-5
-2
-4
-5
-3
2
3
-5
0
-3
-4
-7
-4
0
-2
3
1
0
-4
4
3
3
-1
1
2
1
1
-2
4
2
1
1
-3
0
-3
1
2
-1
0
-3
0
3
-1
-1
0
-1
-2
0
6
-1
1
1
-1
1
-6
0
-4
-1
3
0
2
-5
4
6
3
1
0
3
4
4
2
6
8
3
4
1
-1
0
-10
-2
4
1
1
-3
0
-5
-2
5
0
-2
-5
0
-2
-8
-5
1
-3
0
-1
6
7
1
4
-4
-3
-2
4
2
-3
2
-4
-7
8
5
0
1
5
6
9
8
5
2
0
0
-5
1
5
0
3
-2
-3
2
-4
-1
-3
2
-3
0
5
-5
-3
-1
-4
-5
7
3
0
-1
-1
-8
-8
4
1
4
2
1
1
2
1
2
-3
-2
5
0
3
0
-1
-2
-1
-2
-2
2
-1
0
1
-3
-3
-1
-6
-1
3
-5
-1
-3
-9
-4
-8
-5
-9
-4
2
-1
-1
-7
-3
-2
-10
-4
-5
-6
-2
1
-2
-6
3
3
8
1
-6
1
1
-3
1
-1
-6
-3
1
-1
-2
0
0
5
-4
0
2
-3
-3
-7
-4
-1
-2
-1
-2
2
6
4
2
-3
-2
2
-1
-1
4
4
2
-2
0
4
4
0
1
0
-1
5
9
9
5
5
2
-1
2
-1
1
5
5
5
-3
-1
-1
-9
1
9
0
0
2
7
6
3
5
-1
1
8
3
3
8
10
5
4
3
6
8
-3
0
7
7
4
-3
6
5
7
7
3
1
-1
1
-2
-2
-6
-5
-5
-6
-2
-5
-8
-7
-6
-7
-7
-5
-9
-6
-10
-9
-6
-9
-7
-5
-8
-8
-6
-11
-8
-8
-11
-1
-5
-5
-5
-9
-2
-3
-4
-3
0
-3
-1
1
-1
1
-5
-2
0
-3
-8
-3
5
3
9
4
2
2
1
-1
5
6
0
-1
-5
-3
-1
2
1
2
5
2
-1
-1
0
0
2
4
11
2
2
3
3
-5
-4
3
-1
6
5
2
6
5
4
2
1
-6
-2
4
2
5
6
3
6
-2
0
7
1
-2
3
-1
-2
4
-1
-2
2
4
-1
-1
0
2
1
-2
-6
-1
2
-4
-2
2
3
7
4
5
8
5
1
1
1
8
4
2
6
1
5
2
-3
0
2
0
-3
2
5
4
1
5
5
0
0
-3
4
0
-3
-1
-4
-5
-7
-2
1
-4
-2
1
-5
1
-4
-2
1
0
1
-6
-8
-4
-2
0
-1
-2
-3
-8
-9
-12
-4
-3
-1
-6
-10
-7
-3
1
6
-6
-2
1
-4
2
-5
2
-4
-5
-3
-10
-4
-2
-4
-1
-6
-6
-2
1
-5
0
2
4
2
6
4
-4
3
3
4
4
5
-1
0
3
1
2
-3
-4
-7
-3
4
2
3
-2
-2
-1
3
5
5
6
7
7
3
7
8
3
5
2
0
5
5
0
0
1
0
3
6
-1
-4
5
4
0
1
5
3
6
5
4
7
-1
2
7
3
3
1
-3
2
0
-1
2
0
1
7
1
-2
4
0
-5
-4
-6
-4
2
6
-2
-1
-1
-3
1
4
3
0
2
-4
-1
4
1
-5
0
-1
-1
-3
-6
-6
-4
-3
0
0
-1
-5
-6
-3
-1
-2
-4
1
-5
-4
-2
-1
-4
-2
-3
-1
1
-6
-2
-2
-4
-4
-1
0
3
3
-3
-1
0
1
-2
-5
-2
5
4
3
5
4
2
4
-2
3
10
0
4
-1
-1
1
-5
-2
1
-2
-1
1
-4
3
2
-6
-4
-6
-8
-4
1
2
5
1
2
0
2
-3
-1
9
-2
3
1
2
2
3
5
-2
-5
-2
-4
-3
3
1
4
7
3
4
4
4
2
1
1
3
-3
-4
2
2
-2
-4
0
2
-4
-2
-2
-5
2
-1
-1
3
-2
-1
3
-2
1
-3
-4
2
3
4
1
8
2
4
3
2
5
5
9
3
9
7
6
6
3
2
0
3
0
-2
-1
5
3
3
7
7
5
-2
4
0
-3
0
-4
-3
2
-1
-5
2
-3
-2
-4
-11
-5
-3
3
5
-4
-5
-4
-6
-4
-1
-2
-4
-5
-10
-9
-8
-8
-6
-4
-2
1
-2
2
-3
-4
-5
-9
-5
-3
-5
4
8
-3
0
0
0
0
-6
-10
-2
-3
-6
-7
-7
1
-2
2
2
0
3
4
-1
-1
4
8
3
-1
8
6
2
5
4
6
6
4
2
-1
3
3
1
1
1
2
0
-2
0
2
1
3
5
6
4
3
6
1
-1
-7
-8
-6
-9
-4
2
-3
-2
-1
-1
2
-4
4
-1
5
4
-1
3
-4
2
10
4
4
5
10
12
10
-3
-3
-4
-3
0
1
5
7
4
-1
-1
-2
0
1
7
6
2
-1
-6
-11
-4
-5
-2
2
-2
-3
0
-1
-10
-3
-4
3
5
4
1
1
3
4
4
2
1
1
-5
-2
-3
-8
-3
1
3
6
3
-7
-1
0
-1
-7
-2
-3
-8
-5
-1
5
2
2
2
-6
-14
-11
-4
-9
-11
-5
-1
0
-1
1
3
4
3
-6
-4
2
-3
4
0
0
4
2
4
0
-5
-7
-6
-7
1
0
7
5
2
4
-3
6
4
-2
-4
-5
-3
-5
3
2
8
7
-1
1
-5
2
-2
-11
-2
0
0
1
1
-1
1
3
4
0
0
-3
-4
-1
-1
5
1
3
3
0
4
4
10
5
12
18
9
5
2
-4
-7
-1
4
3
-6
-9
-4
-4
0
0
3
-1
3
0
-5
3
8
0
-3
5
8
2
-5
3
2
-3
5
4
-5
-11
-4
0
0
2
10
1
-7
-2
-6
-4
2
2
3
13
10
4
-1
-2
-2
-9
1
8
3
-6
-4
6
0
-6
3
4
-8
-4
-5
2
-1
-9
-6
-7
-12
-8
-1
-3
-8
0
0
-2
-6
-7
-4
-12
-1
4
-5
-4
4
3
-1
-1
1
2
-12
-5
7
5
8
8
1
-4
2
-8
-11
-10
-1
0
0
2
3
2
-3
-6
0
3
16
10
2
3
2
-3
3
7
-4
-3
-1
-4
-10
-6
-7
-4
4
-6
-1
-1
-2
-4
-3
-3
-2
3
-3
4
-6
0
6
7
14
10
7
0
8
1
0
6
9
3
4
10
-3
-2
4
1
-4
2
-5
2
9
8
11
9
3
0
-2
1
-3
-2
4
3
3
-3
4
5
5
8
5
13
8
3
-3
-2
3
3
-4
-8
4
-4
-10
-6
-9
-8
-2
-9
-9
-11
-13
-6
-1
1
-6
-12
-5
-10
-18
-8
1
2
-4
4
3
-4
-2
7
5
1
8
10
16
17
7
7
9
-4
2
2
-2
2
5
2
-5
-8
-7
-3
-8
3
2
-2
-3
3
0
-14
-8
-9
-12
-14
-12
-3
-2
-7
-4
0
-4
-6
-9
-6
-13
-17
-6
-11
-4
0
1
-3
1
4
3
7
3
-5
-4
-2
-8
-1
-2
0
0
7
11
5
4
-1
0
10
7
5
12
6
4
8
2
5
7
4
2
7
3
1
-5
1
0
-12
-16
-7
4
2
4
6
5
2
-2
-6
-10
0
-1
-3
0
-3
0
-1
2
1
7
11
7
9
5
0
-4
6
9
18
15
10
14
12
14
6
-2
3
3
-2
7
9
6
4
7
4
-2
3
5
4
7
8
2
-1
-7
-12
-7
-5
4
-7
-11
-7
-11
-6
-11
-16
-22
-20
-22
-22
-13
-8
-13
-20
-19
-19
-17
-5
2
2
18
11
5
11
2
2
0
6
1
7
6
2
9
11
16
7
7
9
-4
-3
11
13
18
13
-1
-9
-15
-11
0
17
22
7
-2
-9
-21
-23
-3
-4
-6
5
1
-8
-25
-21
-13
-8
-11
-11
-7
-6
-12
-10
3
-4
-8
-6
0
-3
3
20
19
8
-8
-11
1
-5
10
21
31
34
18
6
-10
-8
2
25
27
31
21
-2
-12
-21
-9
-1
13
10
-5
-10
-22
-18
-4
9
25
20
9
-10
-9
-6
-9
11
26
22
4
-7
-21
-23
-16
-6
8
23
23
17
7
-3
2
-5
-6
7
10
8
6
3
3
0
-11
-11
-2
1
11
20
26
9
-6
-15
-37
-39
-18
0
29
50
40
17
-9
-37
-46
-35
-17
-13
-7
3
-4
-2
-7
-5
-10
-17
-11
-7
3
15
19
16
18
2
-4
-16
-16
-19
-27
-20
-13
6
6
23
29
21
-9
-30
-39
-40
-20
4
32
40
30
20
10
-19
-24
-9
3
22
17
15
6
-12
-8
-8
-1
-7
-10
-10
-13
-2
12
21
20
2
-6
-13
-21
-20
-2
4
0
-3
-1
6
-4
14
32
16
11
-6
-24
-22
-21
5
24
36
25
5
-8
-24
-13
-6
9
26
28
18
-2
-6
-18
-11
-2
-15
-11
-17
-10
17
29
58
50
49
22
-9
-31
-33
-13
-8
21
30
22
26
10
-6
-21
-26
-22
-22
-17
-8
-1
23
29
8
3
-18
-39
-40
-28
-5
24
36
36
33
14
-20
-35
-38
-36
-33
-13
10
25
34
30
24
-1
-20
-30
-25
-17
-6
28
34
37
25
-20
-51
-67
-65
-20
25
55
66
30
15
-33
-62
-37
-29
-7
22
18
20
26
18
4
17
16
-5
-24
-41
-44
-31
10
42
52
48
20
-32
-54
-55
-48
-27
-5
10
30
52
38
2
-39
-51
-52
-35
22
60
69
48
24
-5
-25
-19
-19
-15
-8
1
23
37
51
39
9
-10
-30
-22
-20
-17
-30
-29
-27
-4
36
53
73
54
43
-25
-79
-89
-80
-28
3
56
79
73
21
-35
-47
-40
-29
-10
1
-3
4
22
40
34
9
-22
-52
-36
-1
42
54
29
-13
-33
-19
22
25
15
-17
-49
-59
-40
21
37
52
58
56
40
-4
-52
-88
-96
-70
1
78
120
98
30
-23
-65
-68
-27
-8
10
33
20
25
11
-3
0
4
10
13
15
-44
-57
-31
28
100
109
73
-48
-126
-133
-78
33
87
105
29
-29
-58
-64
-5
22
37
24
-9
-39
-52
-28
-10
34
64
48
20
-31
-53
-56
-25
16
54
45
4
-40
-59
-21
2
32
28
10
-2
-4
8
3
18
-3
-9
-8
-4
-13
-33
-28
-9
21
48
55
14
-26
-74
-74
-22
43
76
56
-1
-75
-94
-68
2
72
130
135
67
10
-76
-133
-140
-109
-17
46
113
126
77
28
-46
-83
-101
-46
-13
54
116
89
46
-56
-117
-151
-62
57
115
131
66
3
-63
-58
-16
-12
-27
-28
-67
-27
34
81
84
37
-25
-88
-55
-49
23
81
89
62
45
0
-69
-73
-69
-25
5
42
51
24
-23
-37
19
101
137
111
22
-84
-191
-244
-151
-47
115
188
252
202
78
-31
-186
-186
-160
-61
0
75
80
43
78
56
78
34
-52
-126
-151
-76
9
114
120
40
-49
-106
-87
-18
86
133
59
-49
-156
-178
-152
-39
83
197
290
246
112
-87
-264
-370
-336
-159
47
225
367
309
179
19
-176
-262
-270
-140
-8
131
217
140
51
-57
-107
-112
-1
35
21
32
-44
8
7
59
18
-29
-22
-71
5
-5
29
-38
3
28
44
143
77
60
-92
-108
-167
-143
-38
16
124
158
183
66
7
-67
-176
-162
-124
-39
57
117
163
136
117
4
-114
-132
-177
-82
-3
136
125
50
15
-104
-77
-53
73
32
93
40
-24
-3
-41
-31
-53
34
-14
34
26
26
14
12
-8
-48
-25
-29
15
9
69
9
-14
-67
-124
-73
14
151
137
151
25
-81
-193
-172
-87
-24
89
145
124
122
38
-53
-72
-124
-92
-117
15
4
91
124
113
108
-5
-36
-178
-70
-104
-22
53
70
150
73
141
-26
-40
-137
-111
-91
-2
79
-15
39
-31
0
10
68
50
13
-21
-65
-65
8
2
-1
25
-3
43
42
81
-26
-48
-97
-149
-80
25
147
114
188
77
-13
-165
-211
-202
-134
61
113
221
184
131
-19
-48
-144
-197
-187
-145
-23
116
278
182
112
-22
-119
-169
-89
41
5
104
66
23
-40
-74
-59
-64
9
88
117
107
9
-54
-68
-75
-110
-2
63
15
103
89
124
-61
-124
-174
-233
-44
77
248
238
226
-14
-157
-212
-238
-77
-63
89
110
193
91
-1
41
5
-2
-44
68
7
-79
-122
-125
-72
10
97
120
156
171
40
-84
-154
-209
-160
-87
33
70
189
171
83
73
19
-58
-172
-148
-131
-11
45
55
19
26
68
-15
39
97
71
20
-8
-131
-141
-124
-109
-68
37
223
144
183
114
2
-167
-266
-235
-125
82
157
312
226
102
-107
-233
-169
-152
-1
74
118
55
37
-4
-7
-13
-39
-41
-55
64
87
65
-2
-47
-153
-115
-59
134
176
103
89
42
-1
-184
-185
-244
-120
-20
144
297
265
256
-62
-184
-336
-224
-88
86
254
267
259
-53
-124
-232
-159
-121
-15
97
84
116
18
104
-34
-22
-40
-102
-62
-24
39
69
143
22
3
-55
-22
-32
-71
20
-21
26
-105
-44
17
67
18
-3
77
38
12
-114
-21
7
-124
-125
-64
158
230
292
142
27
-123
-295
-277
-210
24
24
8
72
104
208
146
131
50
-34
-66
-125
-108
-19
-15
-105
-58
-24
-33
72
106
69
44
134
39
-83
-55
-79
-25
-47
90
-5
-64
-50
-117
6
84
47
1
181
141
132
86
-110
-266
-448
-220
-29
189
340
367
130
-33
1
-187
-43
-20
-148
-179
-50
86
132
173
33
-20
-31
-47
-110
-53
-25
-150
15
169
292
278
112
-180
-332
-256
-43
84
111
144
32
-116
-155
-73
-6
122
197
95
83
-67
-196
-193
-149
-15
125
261
146
102
-46
-206
-282
-156
-75
18
155
245
253
194
56
-133
-277
-262
-253
-65
101
145
239
290
137
16
-51
-95
-96
-112
-167
-60
-160
-121
2
60
289
191
154
38
170
-42
-148
-263
-314
-160
34
221
95
238
5
-42
6
-123
9
-42
-14
-71
121
-62
100
9
-34
132
67
82
-100
-132
-261
-41
-47
125
208
163
120
-35
-25
-84
-95
-152
-127
-100
77
146
195
149
16
105
-207
-145
-148
18
-118
63
156
80
138
-88
-85
-69
-27
-52
74
178
76
51
-41
-55
-183
-59
29
-63
32
113
54
94
85
56
-48
-88
-31
-170
-214
-115
9
148
389
211
88
-112
-429
-369
26
264
361
317
40
-250
-594
-467
-281
5
439
501
432
364
124
-177
-261
-412
-363
-132
-82
131
148
192
192
-32
26
80
-11
-114
-52
-62
-42
109
-194
-106
-136
4
70
262
345
108
189
-147
-251
-322
-167
-122
-102
165
167
383
156
-7
12
-236
-281
-160
-6
164
175
76
85
6
-229
-87
-48
-9
96
82
104
-125
-31
18
92
198
51
65
-86
-253
-115
1
18
44
-23
-19
79
112
99
74
16
-107
44
-153
-250
-89
-47
74
123
280
307
35
-166
-277
-255
-119
139
200
198
165
-89
-194
-160
-142
-35
101
126
73
71
-16
0
-111
-57
129
-15
131
132
-94
-71
-67
-218
-99
-76
-40
-29
175
89
156
174
-22
-151
-136
23
-119
41
95
106
19
61
16
-84
-62
-316
-104
-98
351
305
224
348
-173
-132
-285
-315
-349
53
101
63
222
275
161
-79
69
-133
-165
-85
-148
-38
-93
127
-67
39
46
166
58
147
212
-196
28
-289
-177
-192
126
90
64
397
-61
120
-92
12
-222
-220
-95
-178
164
100
324
75
159
-56
-95
-50
-128
-129
-178
-100
-101
98
145
285
106
111
70
-112
-1
-36
-66
-327
-211
-170
38
306
319
359
107
-179
-395
-161
-88
-4
126
153
136
-101
-17
-27
-168
-65
-18
171
141
210
164
-86
-191
-267
-136
-33
153
287
214
108
-66
-123
-135
-195
-89
-4
111
-120
-38
220
73
197
79
81
-147
-333
-108
0
140
-19
121
-149
-39
-1
-37
147
-7
74
35
71
-2
-8
-49
-126
-53
13
71
-18
39
16
-49
-79
-66
-13
-112
90
124
201
134
-118
-49
-177
-204
-69
77
79
-15
69
59
48
-41
90
-96
-98
7
68
234
-20
29
-175
-313
-183
-77
181
276
182
136
123
-92
-117
-62
-88
-90
-133
44
-45
-21
-12
72
81
52
63
89
100
-11
-2
-40
-73
-257
-228
-48
28
133
217
218
40
59
-96
-62
-75
-115
29
-31
52
-3
191
15
-90
-61
-17
29
-98
61
82
58
19
101
54
-115
-141
-194
-116
47
139
190
191
-18
-7
-82
-186
-176
-64
83
64
282
215
81
-118
-231
-52
-105
10
92
-20
52
-55
-32
3
61
-21
97
36
62
41
-71
-28
-165
-3
-28
11
49
53
45
-93
15
88
53
-51
4
-118
-70
4
-26
125
34
98
11
35
-15
-73
-56
-100
-11
-7
81
39
-47
-77
-44
-18
-88
-21
-39
73
112
128
44
-53
-92
-199
-105
-64
66
67
87
27
66
70
51
96
46
14
17
-53
-34
-51
32
-83
-53
-2
-125
79
-16
3
76
98
-21
-17
-25
-198
-64
-123
69
169
153
166
-22
-49
-51
-126
-13
-36
-74
106
-100
-15
-13
-70
85
50
1
103
72
-21
51
116
165
247
28
-54
-70
-192
-108
-55
26
-11
51
0
6
11
-83
-79
-154
-50
-64
32
-64
-109
-57
-81
37
88
215
115
40
8
-16
3
-50
66
78
65
83
42
46
1
37
116
96
89
32
-69
-12
-64
-68
-37
-9
-179
-179
-186
-217
-17
-75
29
32
0
-109
-219
-102
-88
3
114
232
264
146
72
105
66
103
220
244
286
236
-2
-153
-181
-253
-254
-121
38
36
66
-47
-76
-28
-79
-91
-88
-3
-60
30
81
127
123
-30
-44
-106
-164
-40
50
5
116
52
36
45
-22
5
-55
50
-1
31
39
-33
-93
-209
-170
-302
-277
-299
-333
-280
-239
-262
-223
-169
-154
17
124
281
352
413
442
384
478
472
525
473
478
501
493
431
359
357
268
302
233
254
286
210
194
86
40
-94
-343
-550
-792
-1000
-1222
-1406
-1550
-1535
-1637
-1504
-1382
-1259
-1042
-901
-515
-293
69
355
635
963
1122
1418
1554
1681
1608
1539
1472
1335
1135
880
711
527
347
220
197
294
353
405
525
788
725
507
292
67
-84
-689
-1043
-1446
-1596
-2061
-2281
-2128
-2117
-1902
-2057
-1561
-1145
-791
-537
-222
252
353
619
869
1308
1256
1199
1198
1181
1023
652
535
224
25
-258
-172
-69
-120
-69
-76
299
311
481
641
716
923
816
945
896
856
782
640
772
876
643
295
-173
-84
-373
-695
-857
-1041
-962
-1534
-1341
-1220
-1041
-1408
-1734
-1372
-1370
-1207
-1474
-1052
-958
-873
-560
113
750
730
1149
1275
1697
1418
1248
1106
694
355
-125
143
-138
-269
-467
-281
155
88
483
515
978
893
987
1154
1137
1210
893
1105
1155
1593
1081
743
343
241
272
-437
-376
-1012
-902
-1776
-1901
-1713
-1916
-2056
-2993
-2293
-2312
-1899
-1987
-1712
-1080
-1144
-345
171
1194
1192
1478
1853
2043
2020
1445
1460
742
313
-299
-164
-216
-833
-776
-719
70
-8
336
588
886
1187
955
1490
1338
1515
1194
1346
1744
2115
2049
1306
1076
731
1017
102
-278
-928
-1255
-1899
-2734
-2192
-2610
-2641
-3746
-3367
-2756
-2606
-2249
-2341
-1247
-1180
-386
391
1281
1644
1422
2018
2201
2324
1656
1542
1091
473
-24
-89
165
-561
-696
-727
160
250
147
429
522
995
548
1061
1042
1110
884
821
1502
1830
2186
1523
1386
1127
1474
1029
367
-157
-833
-1104
-2405
-2249
-2583
-2720
-3538
-3964
-2944
-2886
-2381
-2681
-1702
-1129
-696
320
924
1765
1386
1879
2299
2442
1977
1459
1397
637
102
-206
182
-355
-859
-924
-329
161
-399
-86
-38
500
275
369
829
683
814
537
1425
1869
2438
2423
2050
2150
1930
2242
1244
599
-251
-689
-1452
-2450
-2470
-3025
-3223
-4320
-3826
-3129
-2816
-2604
-2560
-1248
-980
-90
397
1198
1562
1356
2077
2099
2200
1425
1260
900
389
141
72
256
-385
-580
-486
90
-145
-376
-295
-166
181
-237
175
277
371
454
637
1628
2018
2623
2494
2466
2646
2495
2581
1401
792
-47
-543
-1416
-2445
-2523
-3092
-3412
-4330
-3759
-3247
-2992
-2969
-2647
-1285
-965
-126
182
1100
1290
1306
1930
1969
2179
1423
1472
1126
702
350
134
225
-431
-586
-531
-153
-468
-810
-682
-420
-255
-457
-35
237
558
651
1202
2066
2594
3106
3166
3373
3297
3125
2893
1887
1046
130
-536
-1606
-2815
-3136
-3652
-4086
-4909
-4616
-3912
-3753
-3529
-3105
-1705
-1111
-594
102
1049
1576
1552
2138
2426
2544
1887
1837
1696
1170
658
316
531
-121
-461
-610
-214
-501
-1065
-830
-675
-406
-815
-388
66
264
409
852
1865
2351
2768
3260
3623
3527
3224
3102
2802
1590
666
-57
-756
-1986
-3054
-3138
-3731
-4431
-5081
-4392
-3891
-4053
-3805
-2881
-1598
-1502
-766
257
1327
1463
1662
2642
2860
2601
1990
2332
1972
1199
647
648
575
-489
-671
-539
-369
-1038
-1252
-687
-577
-714
-805
-136
156
100
495
1300
2037
2251
2805
3562
3515
3314
3057
3209
2364
1069
451
-227
-1101
-2779
-3175
-3461
-4106
-4957
-5035
-4055
-4150
-3979
-3467
-2019
-1363
-1059
87
1209
1962
1794
2609
3157
3053
2381
2233
2370
1450
715
250
570
-267
-870
-818
-626
-734
-1559
-1001
-895
-761
-1263
-878
-173
-299
5
352
1525
1796
2404
3172
3969
3874
3520
3692
3450
2743
1203
818
-233
-1271
-2796
-3347
-3421
-4635
-5101
-5447
-4351
-4488
-4347
-3441
-2383
-1287
-1150
297
1299
1938
1952
2481
3319
3007
2556
2222
2363
1594
853
501
561
-50
-889
-828
-765
-811
-1494
-1220
-968
-946
-1012
-768
-20
-4
193
811
1755
2416
2841
3605
4177
3871
3702
3454
3365
2154
774
163
-813
-1775
-3441
-3582
-4104
-4888
-5510
-5330
-4201
-4427
-3954
-3221
-1674
-1069
-534
815
1682
2145
1987
2880
3219
2873
2163
2189
2255
1310
698
401
585
-353
-854
-794
-612
-984
-1722
-1222
-1164
-986
-1320
-854
-331
-317
140
786
1930
2304
2980
3730
4552
4288
4133
4065
3714
2641
982
581
-725
-1727
-3605
-3900
-4168
-5224
-5543
-5771
-4343
-4646
-4158
-3289
-1988
-1016
-946
602
1345
1993
1859
2547
3233
2790
2526
2374
2741
1805
1188
937
1000
288
-729
-499
-813
-974
-2002
-1633
-1370
-1656
-1616
-1623
-482
-542
41
820
1807
2582
2936
4057
4732
4613
4211
3999
3769
2713
1030
381
-732
-1823
-3502
-4053
-3958
-5027
-5458
-5732
-4505
-4401
-4368
-3424
-2333
-1283
-1174
95
1317
1813
1860
2450
3428
3351
2879
2841
3104
2452
1549
1202
1144
442
-737
-906
-973
-1256
-2014
-2082
-1526
-1722
-1706
-1556
-692
-210
-128
800
1658
2549
3015
3593
4607
4340
4125
3809
3592
3035
1111
562
-598
-1421
-2956
-3939
-3697
-4825
-5224
-5866
-4740
-4416
-4548
-3874
-2865
-1512
-1296
-186
1019
1970
2048
2563
3568
3798
3392
2981
3307
2754
1798
1108
949
443
-827
-1209
-1177
-1260
-1973
-2336
-1644
-1540
-1574
-1516
-697
-32
-43
516
1480
2326
2758
3086
4144
4488
3984
3907
3477
3494
1682
651
17
-1050
-2086
-3986
-3620
-4542
-5168
-5863
-5462
-4371
-4890
-4225
-3433
-1668
-1235
-587
897
1952
2462
2422
3549
3944
3618
2875
3028
3021
1855
1073
522
526
-704
-1383
-1294
-1372
-1738
-2564
-1799
-1557
-1511
-1613
-1106
-169
-168
309
1141
2168
2639
3064
3967
4871
4432
4207
3934
3851
2791
1002
647
-690
-1560
-3667
-4032
-4167
-5350
-5869
-6276
-4734
-5003
-4715
-3856
-2298
-1148
-1020
567
1779
2558
2370
3131
3999
3676
3038
2804
3208
2190
1141
718
726
-6
-1310
-1149
-1224
-1461
-2395
-2175
-1405
-1708
-1728
-1640
-421
-228
-122
783
1793
2673
2879
3818
4905
4815
4354
4166
4129
3466
1482
728
-264
-1357
-3096
-4173
-3960
-5190
-5866
-6361
-5132
-4755
-4998
-4105
-2806
-1347
-1168
41
1499
2333
2341
2785
3907
3967
3364
2889
3241
2698
1660
1027
806
305
-1017
-1306
-1430
-1661
-2452
-2673
-1958
-1945
-1881
-1842
-878
-300
-101
559
1545
2538
2858
3569
4426
5118
4551
4335
4083
3764
2494
790
376
-1034
-1995
-3947
-4095
-4535
-5724
-6047
-6153
-4686
-5200
-4649
-3583
-2047
-1043
-794
1106
2064
2746
2678
3708
4476
3792
3244
3004
3373
2042
1050
541
393
-583
-1745
-1534
-1717
-1921
-2783
-2124
-1561
-1624
-1618
-1269
-65
-75
304
1028
2104
2567
2891
3836
4702
4559
3881
3995
3796
3173
1198
632
-266
-1483
-3035
-4128
-3843
-5311
-5881
-6274
-5043
-4782
-5032
-3889
-2648
-1159
-1010
431
1826
2495
2658
3175
4306
3922
3251
2873
3112
2418
1159
714
457
-107
-1319
-1425
-1335
-1659
-2321
-2319
-1545
-1540
-1607
-1466
-603
-171
-82
558
1520
2251
2608
3359
4372
4824
4150
4175
4015
3820
2211
806
379
-1036
-2218
-4183
-4001
-4805
-5829
-6286
-5808
-4520
-5152
-4362
-3214
-1397
-869
-273
1542
2446
2881
2758
4023
4257
3422
2775
2853
3036
1439
715
364
313
-855
-1747
-1305
-1586
-2005
-2790
-1811
-1400
-1696
-1726
-1172
27
-206
252
1070
2130
2494
2868
4109
4911
4561
3955
4300
4156
3158
1060
642
-301
-1789
-3540
-4293
-4035
-5671
-6300
-6237
-4823
-4843
-5160
-3749
-2153
-1037
-914
647
2252
2588
2573
3396
4508
3853
2984
3006
3509
2506
986
819
691
-33
-1570
-1415
-1276
-1958
-2734
-2613
-1420
-1938
-2066
-1686
-497
-116
-432
739
1689
2424
2571
3635
5013
4910
4172
4316
4543
3924
1825
773
392
-1155
-2777
-4336
-3933
-5043
-6220
-6382
-5417
-4606
-5363
-4359
-2795
-1373
-1134
-157
1738
2479
2495
2902
4304
4146
3249
2872
3472
3049
1250
820
582
410
-1320
-1665
-1278
-1792
-2362
-2902
-1470
-1698
-1892
-1748
-811
113
-392
494
1350
2297
2399
3130
4465
4914
4300
4007
4519
4045
2723
794
712
-542
-2077
-3725
-4179
-4166
-5935
-6147
-5953
-4681
-5063
-4994
-3323
-2003
-1085
-808
1026
2265
2492
2719
3786
4480
3604
3072
3266
3473
1880
865
666
479
-651
-1869
-1320
-1678
-2084
-2878
-1976
-1332
-1926
-1659
-1309
26
-293
-13
954
1716
2221
2405
3788
4617
4478
3870
4398
4308
3534
1650
939
473
-1332
-2697
-4098
-3653
-5155
-6105
-6073
-5352
-4726
-5530
-4114
-2791
-1563
-1233
-127
1853
2276
2568
3164
4354
4086
3264
3255
3543
2833
1233
890
667
43
-1391
-1611
-1407
-2023
-2509
-2670
-1541
-1863
-1981
-1562
-799
-15
-464
512
1287
1969
2418
3073
4535
4784
4326
4458
4633
4370
2783
1245
967
-521
-1885
-3780
-3961
-4471
-6014
-6217
-6049
-4824
-5406
-4925
-3438
-2060
-1256
-788
1128
2167
2521
2763
3968
4323
3510
3114
3290
3371
1693
1024
658
457
-712
-1740
-1143
-1871
-2040
-2872
-1932
-1618
-2216
-1653
-1559
-173
-637
-72
831
1447
2213
2497
4048
4738
4760
4390
4869
4743
3924
2101
1274
589
-1187
-2555
-4089
-3810
-5353
-6126
-6143
-5530
-4906
-5673
-4159
-3068
-1780
-1381
-268
1634
1955
2530
3072
4284
3882
3218
3324
3553
2899
1372
1147
704
224
-1245
-1354
-1376
-2075
-2432
-2721
-1569
-2142
-1962
-1620
-899
-92
-553
608
1207
1991
2483
3196
4713
4781
4493
4559
4721
4448
2721
1329
856
-531
-1954
-3809
-3953
-4609
-5994
-6169
-5965
-4844
-5465
-4839
-3412
-2127
-1312
-838
1123
2028
2409
2771
3877
4164
3290
3067
3290
3194
1686
1013
808
443
-663
-1523
-1090
-1731
-2146
-2613
-1859
-1565
-2249
-1632
-1359
-302
-528
-200
987
1377
2216
2561
3995
4773
4549
4530
4764
4708
3778
2065
1321
482
-1111
-2516
-3935
-3806
-5335
-5947
-6016
-5568
-5064
-5717
-4129
-3186
-1889
-1472
-295
1590
1857
2547
3070
4200
3772
3182
3384
3454
2862
1448
1271
881
302
-913
-1091
-1080
-1871
-2109
-2323
-1503
-2037
-2033
-1522
-1123
-441
-813
156
807
1379
2059
2831
4124
4502
4342
4654
4755
4420
3303
1668
1418
-202
-1288
-3117
-3768
-4090
-5787
-5604
-6165
-5010
-5479
-5082
-3561
-2817
-1360
-1262
810
1724
2199
2843
3357
4172
3108
3164
3091
3022
2012
965
1079
427
-104
-1206
-975
-1331
-1873
-1991
-2017
-1364
-2117
-1574
-1341
-784
-423
-665
585
874
1735
2362
3268
4543
4370
4540
4800
4688
4265
2393
1673
823
-655
-1977
-3788
-3541
-4994
-5706
-5944
-5727
-4952
-5743
-4259
-3389
-2041
-1444
-565
1469
1726
2535
2851
3960
3716
2982
3311
3142
2861
1348
1215
929
308
-625
-1219
-857
-1764
-1930
-2266
-1652
-1857
-2249
-1471
-1379
-558
-886
-167
765
1147
2091
2689
4085
4599
4424
4874
4927
4661
3511
1937
1584
58
-1155
-2961
-3746
-4055
-5712
-5692
-6145
-5189
-5496
-5144
-3638
-2862
-1474
-1201
726
1677
2194
2821
3444
4163
3172
3251
3186
3050
1928
984
1016
332
-287
-1320
-1086
-1454
-2041
-2193
-2042
-1529
-2163
-1687
-1310
-807
-498
-457
625
1119
1779
2566
3493
4582
4580
4581
5032
4590
4158
2461
1620
766
-905
-2018
-3883
-3698
-5162
-5791
-5985
-5842
-4992
-5651
-4071
-3320
-1857
-1226
-286
1644
1952
2838
2993
4075
3768
3088
3304
2960
2633
1129
922
597
-62
-910
-1481
-1182
-1953
-2219
-2271
-1747
-1844
-2183
-1490
-1138
-604
-575
-82
968
1350
2157
2994
4087
4892
4550
5053
4992
4576
3653
1931
1514
-197
-1271
-3054
-3973
-4286
-5934
-5746
-6340
-5309
-5506
-5017
-3517
-2815
-1162
-1015
975
1872
2465
3086
3455
4379
3274
3403
3072
2899
2022
933
927
71
-420
-1460
-1511
-1795
-2449
-2486
-2414
-2018
-2374
-1995
-1438
-983
-477
-226
636
1377
2064
2871
3798
4677
5212
5092
5308
4948
4361
3246
1458
766
-960
-2030
-3977
-4651
-5120
-6333
-6114
-6557
-5257
-5444
-4505
-3131
-2129
-561
-450
1717
2384
3089
3454
3892
4550
3386
3525
3028
2817
1747
658
470
-226
-1010
-1892
-2090
-2253
-2868
-2891
-2558
-2485
-2281
-2151
-1204
-766
-214
315
914
2264
2401
3662
4269
5218
5725
5046
5747
4569
4478
2429
1013
346
-1733
-2462
-4956
-4555
-5799
-6355
-6265
-6417
-4853
-5595
-3792
-3051
-1580
-737
-299
2066
2054
3147
3116
4194
4326
3332
3782
3166
3130
1614
965
744
-284
-1132
-2101
-2149
-2635
-3324
-3073
-2967
-2738
-2687
-2131
-1070
-793
32
490
1655
2569
2985
4291
4794
5838
5747
5456
5726
4507
4089
1818
804
-360
-2199
-3191
-5331
-4869
-6336
-6439
-6492
-6213
-4967
-5397
-3371
-2805
-1183
-590
377
2353
2288
3366
3351
4533
4070
3395
3738
3096
2821
1170
853
363
-654
-1532
-2353
-2304
-2935
-3337
-3056
-2874
-2668
-2444
-1677
-788
-460
409
960
2146
2861
3353
4695
5017
6087
5363
5519
5317
4013
3462
810
661
-1319
-2424
-4057
-5340
-4829
-6679
-5958
-6600
-5279
-5070
-4709
-2818
-2467
-578
-744
1285
2194
2494
3305
3474
4704
3349
3685
3490
3143
2320
857
1146
-109
-789
-2047
-2294
-2381
-3448
-3248
-3228
-2587
-2828
-2155
-1164
-667
130
495
1729
2428
3131
3851
4780
5580
5656
5304
5382
4704
3699
2315
654
-73
-1883
-3010
-4705
-4956
-5539
-6550
-6148
-6182
-5057
-5181
-3879
-2667
-1728
-482
-35
2070
2373
3042
3452
4272
4432
3361
3835
3232
2852
1379
775
356
-746
-1632
-2577
-2408
-3100
-3500
-3390
-2761
-2671
-2413
-1444
-691
79
474
1453
2168
3144
3454
4413
5204
5604
5570
4965
5297
3735
3200
1099
83
-955
-2761
-3622
-5351
-4803
-6265
-6157
-6088
-5602
-4761
-4783
-2895
-2438
-849
-476
831
2347
2451
3335
3606
4621
3841
3600
3698
3037
2301
1019
629
-144
-1207
-2146
-2609
-2801
-3376
-3717
-3083
-2902
-2650
-1994
-1158
-251
100
1156
1635
2792
3335
3898
5041
5231
6025
5116
5417
4537
3453
2568
223
-57
-2074
-2909
-4657
-5250
-5227
-6600
-5907
-6312
-5018
-4964
-4055
-2660
-1913
-362
-188
1855
2506
3045
3643
4193
4807
3738
3954
3464
2813
1759
464
276
-937
-1827
-2758
-2966
-3015
-3826
-3373
-3107
-2555
-2253
-1565
-455
-3
956
1367
2382
3301
3585
4643
4966
5835
5485
4997
5039
3589
3109
845
-64
-1240
-2758
-3803
-5445
-4925
-6178
-6147
-6175
-5519
-4707
-4641
-3018
-2323
-795
-381
868
2381
2708
3434
3735
4775
4266
3778
3826
3116
2472
980
386
-241
-1496
-2296
-3059
-2898
-3561
-3826
-3237
-2978
-2329
-2143
-907
-213
434
1240
1708
3114
3346
4194
4986
5488
6104
5123
5397
4420
3470
2152
92
-373
-2367
-3256
-5007
-5350
-5638
-6586
-6134
-6200
-4974
-4913
-3766
-2575
-1499
-363
193
2047
2621
3237
3683
4418
4807
3889
3989
3470
2889
1579
387
69
-1078
-2116
-3057
-3132
-3369
-3954
-3653
-3160
-2573
-2165
-1454
-278
401
1179
1754
2783
3697
3934
5072
5402
6057
5474
5015
4851
3378
2494
145
-440
-1962
-3356
-4611
-5536
-5267
-6466
-6014
-6136
-4940
-4641
-3983
-2513
-1732
-244
-112
1766
2472
3024
3613
4032
4869
3837
4008
3439
2962
1694
402
110
-1074
-1948
-3209
-3091
-3453
-3900
-3824
-3278
-2446
-2286
-1329
-412
606
1225
1795
2789
3657
4092
4817
5459
5963
5450
4946
4777
3542
2423
310
-421
-1797
-3165
-4546
-5452
-5118
-6406
-6051
-6182
-5046
-4747
-4311
-2591
-2056
-365
-251
1532
2536
2920
3805
4006
5139
3993
4113
3729
3067
1930
353
244
-1179
-1847
-3259
-3168
-3445
-3974
-3802
-3475
-2342
-2456
-1356
-545
491
1205
1785
2778
3528
4234
4805
5568
5944
5654
4965
4850
3618
2391
452
-641
-1762
-3334
-4426
-5691
-5202
-6297
-6207
-6037
-5238
-4433
-4377
-2497
-1992
-379
43
1342
2698
2924
3982
4071
5154
4238
4100
3820
3008
1981
323
88
-1353
-1923
-3301
-3368
-3534
-4009
-3702
-3491
-2268
-2299
-1161
-412
606
1369
1967
2854
3416
4299
4730
5452
5727
5417
4858
4476
3418
2109
324
-820
-2034
-3307
-4505
-5581
-5345
-6125
-6034
-5965
-5056
-4424
-4053
-2523
-1882
-267
131
1554
2559
3165
4001
4233
5173
4290
4253
3617
3005
1783
274
-269
-1555
-2250
-3405
-3605
-3751
-3959
-3726
-3245
-2396
-1845
-1071
-157
716
1475
2212
2827
3664
4096
5082
5358
5752
5236
4813
4485
3062
2079
-166
-776
-2464
-3526
-4891
-5648
-5462
-6433
-5777
-5986
-4597
-4352
-3377
-2168
-1357
209
391
2194
2575
3476
3930
4478
4942
4027
4238
3258
2657
1234
52
-719
-1903
-2747
-3690
-3678
-3963
-4132
-3669
-3021
-2357
-1653
-727
234
925
1936
2466
3369
3912
4447
5456
5574
5793
4703
4888
3828
2574
1121
-650
-1271
-3230
-3864
-5455
-5309
-5844
-6264
-5591
-5477
-4183
-4231
-2524
-1912
-778
268
949
2564
2708
3840
4052
4997
4680
4161
4136
3078
2156
512
-161
-1371
-2397
-3359
-3833
-3794
-4095
-3912
-3379
-2504
-2036
-1198
-115
622
1350
2099
2859
3615
3995
4958
5466
5934
5195
4686
4475
3161
1945
-140
-795
-2499
-3530
-4822
-5463
-5410
-6313
-5732
-5763
-4457
-4432
-3320
-2072
-1421
-26
275
2156
2465
3460
3984
4587
5184
4246
4471
3525
2816
1045
77
-871
-2142
-3004
-3975
-3813
-4200
-3917
-3745
-2747
-2244
-1577
-432
450
1249
1758
2808
3346
4078
4559
5335
5802
5573
4773
4380
3571
2168
382
-913
-1989
-3456
-4364
-5453
-5313
-5901
-5866
-5600
-4909
-4091
-3953
-2336
-1685
-490
193
1334
2604
2964
4115
4313
5339
4785
4473
4124
3125
2000
-2
-447
-2050
-2842
-3930
-4223
-4100
-4392
-3585
-3374
-2103
-1846
-888
352
932
1822
2125
3298
3718
4251
5207
5507
6134
5132
4833
4158
2857
1455
-797
-1339
-3199
-4059
-5248
-5687
-5547
-6223
-5405
-5431
-4128
-3953
-3002
-1761
-1089
172
541
2244
2685
3545
4351
4876
5355
4578
4476
3658
2691
1059
-508
-1416
-2757
-3720
-4447
-4565
-4517
-4357
-3523
-2710
-1859
-1148
-135
1031
1572
2334
2738
3683
4093
4630
5546
5689
5787
4504
4539
3358
1969
118
-1590
-2194
-4005
-4516
-5817
-5331
-5804
-5803
-5040
-4681
-3499
-3663
-1869
-1334
-187
554
1392
2895
2989
4205
4447
5386
4743
4213
3857
2816
1611
-411
-1110
-2645
-3350
-4398
-4539
-4455
-4439
-3610
-3035
-1609
-1398
-260
765
1593
2286
2552
3659
3833
4619
5290
5725
5922
4642
4464
3393
2371
258
-1632
-2248
-3948
-4428
-5781
-5316
-5577
-5673
-4823
-4542
-3236
-3512
-2136
-1287
-386
400
950
2632
2861
3871
4394
5124
4953
4132
3918
2828
1724
-121
-1273
-2273
-3394
-4195
-4514
-4239
-4253
-3692
-2730
-1747
-1190
-411
717
1475
2077
2601
3257
3963
4361
5171
5721
5975
4912
4159
3642
2180
469
-1691
-2427
-3928
-4614
-5494
-5451
-5206
-5493
-4668
-4252
-3119
-3306
-2387
-1364
-713
184
635
2254
2799
3748
4494
5112
5399
4297
4062
3020
1945
-21
-1330
-2096
-3461
-3927
-4602
-4062
-4124
-3500
-2680
-1837
-943
-688
443
1158
1874
2211
2893
3853
4149
5120
5722
6141
5298
4256
3778
2163
880
-1772
-2600
-3983
-4748
-5426
-5821
-4875
-5536
-4373
-4176
-2971
-2861
-2538
-1357
-1036
203
330
1838
2676
3504
4501
5082
5560
4467
4154
3196
1941
148
-1388
-2371
-3487
-3996
-4606
-4193
-3916
-3373
-2674
-1476
-869
-610
368
1049
1700
2034
2884
3407
4091
5071
5654
6178
5500
4403
3635
2270
743
-1810
-2851
-4173
-4983
-5356
-5731
-4868
-5114
-4027
-3774
-2663
-2418
-2383
-1306
-1050
30
329
1585
2558
3354
4685
5025
5555
4757
3888
3033
1495
39
-2016
-2730
-3652
-4242
-4355
-4159
-3426
-3115
-2098
-1393
-666
-288
163
899
1526
2114
2677
3569
4346
5327
5899
6441
5622
4460
3324
1727
187
-2307
-3426
-4790
-5189
-5539
-5504
-4679
-4706
-3685
-3334
-2325
-2248
-2072
-1322
-904
133
644
1874
2838
3869
4933
5421
5659
4557
3575
2171
707
-994
-2652
-3519
-4290
-4188
-4294
-3579
-3246
-2384
-1687
-1086
-477
-393
455
520
1663
2153
3131
4002
4825
6142
6332
6963
5373
4276
2642
706
-868
-3398
-4028
-5700
-5366
-5596
-5061
-4185
-4356
-3083
-3178
-1947
-2466
-2036
-1503
-1041
348
905
2699
3417
4760
5608
6158
5960
4230
3036
1164
-290
-2246
-3470
-4239
-4577
-4039
-3728
-2777
-2497
-1667
-1376
-798
-699
-802
-178
19
1342
2032
3603
4542
5625
6968
7202
7463
5219
3812
1756
-268
-2040
-4316
-4673
-5997
-5142
-5090
-4172
-3542
-3811
-2949
-3378
-2423
-3368
-2869
-2199
-1331
419
1691
3887
4711
6023
6926
6924
6026
3819
2016
2
-1722
-3247
-4264
-4306
-4248
-3337
-2530
-1792
-1780
-1508
-1418
-1563
-1780
-1866
-1082
-415
1266
2742
4963
5907
7125
8068
8218
7152
4076
2672
-316
-1812
-3985
-4754
-4983
-5415
-4059
-3940
-2350
-3253
-3356
-3645
-3759
-3937
-4651
-3284
-2536
-574
1506
4063
5759
6566
7347
7447
6357
4222
1680
-308
-2025
-3334
-3713
-3607
-3154
-2648
-1487
-874
-1270
-1913
-2196
-2707
-3048
-3171
-2159
-1031
871
2927
5461
7088
7361
8167
7780
7071
3523
1878
-507
-2369
-3406
-4097
-3087
-3947
-2710
-2890
-1749
-2733
-4372
-4930
-5633
-5504
-6153
-4086
-2544
-506
2159
4998
7005
7277
7293
6907
5461
3309
719
-678
-1921
-3108
-2517
-1862
-1250
-1551
-801
-632
-1595
-2928
-3898
-4097
-4373
-3843
-2325
-133
1690
3752
6508
7878
7472
7228
6709
5496
2060
674
-872
-2087
-2756
-2758
-1178
-1914
-1602
-2548
-1747
-3433
-5748
-6551
-6634
-6315
-6451
-3293
-1103
1152
3080
6013
7335
6813
5864
5027
3790
1309
-311
-820
-883
-1657
-805
250
557
-510
-938
-1314
-2843
-4508
-5273
-4708
-4341
-3189
-854
2073
3494
5007
6990
7338
6251
4951
4395
2185
174
-522
-895
-870
-1373
-231
259
10
-1674
-2672
-3010
-5468
-7265
-7475
-6097
-5971
-4319
-1064
1441
2735
4116
5730
5714
4425
3099
2542
1540
330
-206
747
1071
769
1212
1512
530
-1392
-2289
-3292
-4553
-5264
-4650
-3410
-2253
-469
1711
3638
4163
4919
5130
4734
3405
2936
2111
633
450
243
1008
208
828
385
-40
-1590
-3301
-3530
-5280
-6201
-6931
-4768
-4291
-3293
-1217
1017
2014
2102
3338
3223
2811
1670
1715
1652
1264
805
1379
2266
1781
1212
1200
576
-1303
-2429
-2785
-3331
-3903
-3315
-2063
-814
62
1285
2586
3146
3312
3074
3338
2577
2249
1748
1185
1073
369
744
183
505
-88
-626
-1581
-2887
-2968
-4076
-4392
-5086
-3693
-3025
-2315
-1049
148
1182
1118
2124
2021
2002
1208
1293
1186
888
765
722
1399
919
874
532
667
-459
-1371
-1421
-1684
-1902
-2198
-1013
-273
445
1210
2047
2906
2970
3082
2869
2585
1936
445
210
-315
-405
-1019
-814
-110
-413
-434
-1521
-1301
-2450
-3189
-4020
-3745
-2966
-2772
-1496
-270
1439
1593
2292
2548
2547
1132
379
21
-458
-775
-1022
122
376
985
685
1166
737
-218
-954
-1275
-1260
-1681
-1125
-172
1054
1803
2580
3156
3486
3022
2556
1871
1495
-23
-1007
-1226
-924
-816
-1283
-300
-167
1
-1591
-1802
-2194
-2787
-3821
-4032
-2413
-1963
-951
-257
1799
2189
2223
2221
2482
1749
378
-133
-93
-247
-1061
-660
-181
241
-610
-344
-160
-243
-1168
-1266
-575
-464
-271
97
1523
1953
2393
2758
3500
3544
3146
2483
2377
1135
-342
-1458
-1525
-1580
-2637
-1956
-1579
-737
-1963
-1872
-1961
-1800
-2664
-3499
-2349
-1716
-556
-804
1381
2219
2841
2622
2875
2912
1408
374
-475
-225
-1051
-1392
-1483
-722
-887
-1103
-959
-550
-811
-1260
-1047
-151
342
426
1242
2157
3169
3277
3508
3691
3586
2841
2008
583
-14
-1528
-1619
-2125
-1893
-1654
-1879
-1348
-2387
-1886
-2876
-2291
-3212
-2544
-2074
-998
183
409
1940
1790
2920
1908
2016
1354
1164
492
-42
40
-184
-48
-806
-649
-1315
-1261
-1738
-1651
-1336
-1275
-924
-390
627
1430
1878
2081
2578
2863
3110
3245
2921
2843
1575
817
-31
-427
-765
-1847
-1530
-1767
-1268
-2231
-2503
-2962
-2652
-2910
-3063
-2129
-1626
-92
-91
1309
1490
2124
1942
1509
1375
1094
867
374
454
411
749
36
-289
-967
-1135
-1318
-1728
-1592
-1266
-898
-264
224
1030
1386
1641
1938
2133
2174
2320
2280
2222
1739
659
409
-507
-230
-1050
-792
-923
-1030
-1433
-2022
-2074
-2480
-2414
-3136
-2312
-2031
-365
-142
587
899
1099
1572
1082
1047
592
1085
791
927
487
790
353
-242
-713
-1115
-733
-1151
-1019
-751
-27
351
402
549
1011
1447
1388
1704
1541
2228
2134
2269
1725
375
-30
-1353
-943
-1723
-1206
-1264
-1027
-1018
-1541
-1403
-1997
-1445
-2407
-1695
-1889
-515
-45
563
1160
1021
1599
572
645
57
868
422
579
306
523
528
-103
-216
-1107
-706
-1197
-464
-388
191
368
787
1288
1389
1815
1695
2221
1700
2115
1734
1780
571
-614
-1224
-1527
-1331
-1858
-1236
-1275
-803
-1827
-2116
-2496
-2134
-1754
-1708
-789
-433
920
1233
2021
1729
1577
972
281
-148
-414
-62
-124
278
95
483
106
-174
-764
-1023
-1071
-1159
-695
-500
243
765
1602
1801
1922
1929
2003
2139
1944
1882
1624
1448
483
-473
-1294
-1459
-1624
-1556
-1354
-1112
-1054
-1665
-2143
-2650
-2171
-2037
-1516
-1083
-148
799
1203
1526
1456
1609
1200
778
141
-40
-60
226
244
299
125
-319
-693
-1188
-1136
-1057
-534
-259
29
267
645
860
1040
1350
1629
2032
1941
1942
1668
1825
1744
1030
85
-972
-1450
-1861
-1614
-1319
-778
-608
-931
-1580
-2277
-2384
-2436
-1789
-1204
-239
380
844
1084
1089
1224
1263
1257
810
537
306
354
146
99
-15
-57
-253
-792
-1199
-1333
-997
-770
-327
78
429
520
589
745
939
1224
1514
1595
1577
1488
1255
1015
524
197
-272
-463
-847
-1162
-1154
-946
-540
-591
-511
-744
-886
-1147
-1293
-1117
-806
-191
97
436
521
465
282
81
2
-100
-85
-17
171
276
386
397
244
-177
-523
-491
-362
-268
-113
142
415
459
281
258
204
292
351
605
818
853
971
948
774
530
318
127
-2
-221
-99
-201
-225
-522
-614
-521
-766
-826
-954
-824
-869
-763
-674
-473
-232
63
243
236
167
52
52
-55
-3
132
353
387
390
224
112
-150
-319
-300
-254
-121
-173
14
42
98
187
322
344
378
496
702
898
860
885
679
552
247
94
110
34
44
-19
22
-167
-410
-642
-762
-865
-907
-820
-701
-539
-468
-194
-59
-9
-23
15
92
-76
-180
-197
-81
-68
-98
-56
-20
39
1
143
147
183
125
82
152
3
60
60
242
292
414
602
668
735
631
624
437
271
27
-45
48
140
186
92
121
41
-70
-255
-439
-573
-714
-754
-750
-732
-595
-504
-356
-163
-18
39
-49
-16
-41
-46
-154
-268
-256
-173
-25
-5
97
147
182
172
251
136
-18
-38
46
223
239
437
535
733
801
756
697
495
320
124
110
47
-9
-32
-29
6
-34
-87
-214
-291
-369
-442
-500
-607
-594
-502
-388
-360
-305
-180
-50
76
41
-11
-59
-119
-231
-300
-227
-195
-229
-183
-109
39
-34
-37
-13
40
125
81
183
195
319
455
685
899
898
865
838
713
474
227
108
-40
-85
-151
-164
-156
-225
-219
-314
-240
-453
-573
-662
-598
-488
-426
-293
-255
-44
80
217
169
195
107
-5
-137
-330
-394
-413
-264
-172
-85
-14
19
-21
-90
-152
-127
-108
-77
6
124
321
465
619
771
843
794
690
636
571
444
303
219
98
-67
-139
-139
-117
-132
-203
-308
-482
-582
-622
-647
-539
-486
-276
-104
27
121
147
280
232
191
-2
-256
-468
-549
-435
-373
-289
-228
-30
32
-5
-65
-64
-15
-56
16
27
82
126
233
425
534
602
605
649
645
559
495
386
264
95
26
-38
-118
-121
-39
46
9
-155
-342
-470
-613
-618
-616
-464
-359
-114
126
251
340
251
175
6
-155
-369
-440
-465
-406
-342
-121
-3
-31
-40
-37
48
-6
45
14
88
60
93
125
228
359
452
666
714
671
526
448
316
56
-189
-243
-241
-180
-79
19
45
-49
-97
-169
-316
-416
-478
-427
-313
-200
-10
139
223
253
326
310
94
-185
-321
-436
-611
-653
-617
-405
-251
-93
68
114
175
111
127
98
23
56
163
349
493
592
677
724
620
618
508
380
157
-97
-215
-388
-364
-396
-321
-207
-79
-29
7
1
-41
-83
-174
-213
-282
-162
-6
158
266
299
239
137
-82
-273
-480
-587
-628
-707
-574
-438
-248
-146
-13
144
237
222
157
127
112
102
102
244
386
469
529
590
547
450
364
324
234
74
-95
-229
-293
-397
-369
-268
-175
-143
-82
52
49
1
-64
-53
-47
-47
16
75
162
188
222
166
15
-172
-341
-474
-616
-633
-522
-360
-207
-99
24
64
74
97
117
171
83
104
135
165
186
207
299
296
390
453
478
333
201
101
13
-102
-221
-183
-160
-107
-98
12
58
-6
-107
-152
-153
-158
-132
-33
41
69
120
118
120
6
-12
-85
-177
-319
-391
-391
-375
-283
-224
-49
30
158
168
184
121
24
42
-17
11
-14
77
134
178
238
266
272
195
134
76
83
34
-10
-30
21
77
51
70
74
126
41
-61
-150
-191
-161
-169
-96
-45
16
24
29
26
27
36
3
-43
-118
-223
-280
-265
-226
-133
17
171
210
176
96
9
-76
-176
-200
-194
-143
-96
-18
83
121
187
207
209
141
70
48
40
68
70
114
128
99
129
190
176
68
-51
-94
-155
-209
-247
-240
-135
-85
-43
-47
-16
3
12
17
-59
-102
-137
-132
-85
-4
95
196
255
272
220
127
-13
-146
-199
-258
-230
-201
-136
-66
9
50
66
65
51
56
80
87
51
101
150
175
157
138
122
84
44
9
-18
-57
-96
-76
-42
-55
-59
-87
-59
-69
-74
-40
-72
-67
-107
-51
-45
-52
-15
78
211
272
346
341
282
143
48
-86
-193
-254
-222
-175
-131
-109
-121
-111
-166
-148
-160
-90
-101
-11
62
101
115
95
117
24
36
65
115
65
32
24
24
-20
-46
6
63
82
45
24
-10
-82
-126
-106
-104
-109
-123
-28
22
63
123
198
254
219
203
173
134
48
-48
-68
-91
-129
-157
-128
-81
-101
-121
-117
-72
-106
-132
-123
-107
-109
-103
-69
-18
19
44
83
91
105
61
56
29
-26
-23
36
120
142
137
122
67
10
-12
-29
-21
-58
-43
-30
-51
-48
-15
68
126
173
195
192
158
117
61
52
16
-39
-24
-24
-45
-90
-92
-77
-104
-139
-204
-265
-286
-261
-233
-201
-158
-127
-73
-15
55
108
174
174
129
101
101
107
117
190
212
201
128
56
14
-50
-77
-91
-62
-51
-72
-57
-43
-20
0
73
144
167
159
105
115
94
113
102
80
55
7
21
-16
-22
-69
-128
-176
-237
-298
-336
-331
-277
-167
-100
-32
-18
13
29
47
98
108
131
153
205
212
197
155
98
44
-6
-9
-39
-40
-63
-70
-70
-95
-100
-98
-42
14
64
114
146
119
111
75
65
41
45
114
133
161
121
79
-5
-82
-152
-200
-236
-268
-243
-209
-162
-185
-176
-143
-81
-47
-27
4
6
25
46
91
73
96
116
142
131
77
48
11
-10
-62
-42
-37
-57
-78
-42
-2
-15
30
84
160
188
195
164
114
67
31
57
48
38
72
129
125
63
11
-72
-164
-237
-238
-178
-115
-51
11
78
38
-22
-76
-113
-126
-106
-41
-15
-9
-3
6
-10
-56
-79
-23
49
75
89
88
65
-1
-54
-71
-68
-22
57
136
181
178
147
116
40
-5
-4
34
73
97
118
95
34
-46
-76
-84
-66
-62
-32
-11
-33
-36
-90
-119
-147
-97
11
52
72
43
-20
-125
-238
-266
-230
-164
-83
8
80
86
25
-38
-55
-41
16
86
151
185
170
118
46
-15
-13
36
127
177
177
167
109
40
-65
-101
-99
-82
-11
63
102
91
35
-37
-102
-158
-121
-65
32
89
123
120
46
-36
-110
-118
-111
-97
-85
-59
-84
-117
-170
-180
-163
-141
-93
-46
31
61
90
91
112
119
125
137
122
124
126
138
127
106
74
40
12
-2
-33
-47
-45
-45
-41
-57
-56
-58
-34
-23
-13
3
-5
21
43
74
69
60
21
-27
-66
-98
-82
-74
-45
-50
-36
-55
-100
-131
-139
-126
-125
-104
-65
-25
27
73
118
144
143
152
133
129
125
151
151
129
93
59
26
-22
-23
-16
7
-32
-69
-104
-123
-129
-127
-58
-20
12
49
82
73
48
48
55
12
-16
-19
-23
-47
-77
-67
-58
-82
-110
-102
-72
-71
-91
-72
-82
-109
-125
-63
23
90
163
214
216
148
88
52
65
84
117
152
167
141
49
-38
-98
-142
-140
-114
-63
-47
-51
-55
-70
-76
-86
-66
-23
41
93
118
126
101
33
-22
-70
-83
-62
-28
13
-7
-16
-74
-135
-175
-190
-146
-83
-6
42
51
59
43
23
11
33
80
116
152
130
126
84
73
58
48
49
40
72
51
19
-47
-101
-131
-132
-109
-50
4
33
39
20
3
-58
-85
-65
-7
45
64
70
59
29
-11
-54
-87
-81
-55
-20
-17
-52
-65
-94
-111
-100
-46
34
89
138
148
119
70
8
-19
-5
31
94
151
175
162
120
75
10
-51
-59
-51
-38
-12
-4
-2
-38
-69
-85
-92
-67
-43
-9
14
25
11
-19
-55
-81
-84
-61
-25
2
48
56
43
-12
-65
-93
-110
-85
-49
9
33
65
64
45
33
7
15
34
58
55
73
76
63
59
57
48
37
53
62
67
47
7
-29
-61
-77
-73
-61
-57
-31
-4
11
-4
-32
-53
-63
-85
-104
-99
-77
-53
-49
-12
-3
12
5
17
30
15
14
-11
-3
-12
-19
-24
-13
9
38
75
84
71
47
34
21
12
20
34
68
78
75
79
60
45
28
17
-20
-38
-41
-44
-40
-49
-42
-51
-49
-37
-23
-2
-7
-15
-37
-56
-78
-95
-89
-66
-36
15
47
40
18
3
11
-13
-21
-13
11
16
-8
-12
3
12
6
28
55
74
51
48
46
31
0
-13
5
16
48
79
106
77
45
19
-5
-41
-62
-48
-21
-1
-10
-3
-15
-27
-45
-37
-25
-24
-16
-9
-26
-53
-66
-74
-56
-42
-1
34
52
52
34
19
-4
-27
-27
-17
8
42
68
85
77
64
40
25
6
7
-3
3
6
1
4
-10
2
7
13
15
25
21
20
3
-19
-26
-39
-39
-37
-21
-5
-2
-13
-21
-44
-63
-83
-89
-75
-62
-39
-18
-1
-8
-7
-15
-19
-15
-5
29
46
72
82
86
73
55
51
37
32
23
30
21
15
-16
-26
-42
-55
-33
-23
19
24
48
41
28
21
7
17
27
39
29
24
11
-10
-40
-64
-87
-111
-107
-93
-88
-73
-58
-40
-38
-46
-38
-37
-14
2
12
28
33
55
66
55
76
88
92
90
63
34
3
-20
-36
-33
-29
-36
-25
-4
8
9
13
9
4
9
4
10
23
47
55
51
40
20
12
-3
-13
-20
-30
-43
-52
-80
-103
-121
-103
-57
-17
11
17
27
26
9
-8
-6
-3
10
38
75
94
93
94
81
58
21
-13
-18
-21
-12
-3
-6
-15
-28
-31
-31
-21
-9
19
38
25
15
3
-17
-36
-36
-20
1
18
26
27
9
-11
-27
-32
-41
-58
-52
-47
-52
-51
-42
-19
1
20
29
23
21
8
5
6
15
19
39
58
63
67
55
53
28
12
6
-13
-25
-23
-22
-20
-23
-25
-16
5
18
21
21
8
-11
-40
-61
-62
-63
-46
-18
8
24
23
23
18
2
-19
-38
-41
-34
-31
-25
-21
-7
-6
-3
9
11
13
15
15
18
15
26
35
30
39
51
68
70
65
51
48
33
19
18
15
12
-1
-8
-17
-14
-19
-21
-22
-18
-28
-40
-50
-57
-55
-47
-25
-20
10
20
35
46
37
29
11
-2
-30
-43
-42
-27
-12
-7
-9
-17
-25
-30
-22
-16
9
30
45
48
39
22
22
25
29
51
48
59
48
47
33
10
-6
-18
-21
-28
-22
-33
-42
-54
-62
-75
-89
-79
-57
-20
2
10
26
24
19
18
17
28
32
29
18
11
-13
-26
-25
-24
-22
-19
-20
-36
-38
-40
-32
-11
15
30
52
58
52
46
34
24
16
12
20
24
33
32
32
27
4
-7
-28
-41
-42
-46
-55
-60
-70
-55
-41
-24
-7
4
22
28
30
15
9
0
-5
-6
-1
5
15
30
24
24
17
-4
-19
-27
-30
-33
-33
-28
-18
8
10
21
33
34
48
52
43
28
13
8
19
21
21
30
37
38
23
7
-11
-34
-56
-61
-56
-50
-37
-19
0
6
4
4
5
14
19
23
21
21
9
1
-1
-15
-6
10
25
31
24
14
2
-24
-43
-50
-52
-50
-36
-14
-1
8
19
32
36
25
16
22
23
26
20
19
19
10
12
4
1
-12
-6
2
-2
-14
-24
-28
-36
-46
-39
-19
-6
10
20
31
32
15
-2
-11
-15
-17
-11
-3
15
17
10
10
-2
-11
-23
-22
-23
-28
-33
-46
-43
-50
-45
-27
-3
18
37
47
47
31
11
-2
-12
-9
6
24
31
32
30
25
6
-8
-15
-9
-7
-8
-6
-11
-16
-17
-7
1
15
27
50
53
48
31
7
-8
-21
-22
-22
-9
2
17
20
11
-10
-31
-36
-43
-38
-25
-5
-3
-3
-8
-7
-4
-12
8
18
23
23
27
27
14
4
-2
10
18
34
38
37
25
14
4
-10
-20
-28
-24
-10
-1
3
10
14
18
10
11
5
-2
-2
-9
-13
-22
-26
-24
-18
-9
3
3
2
-5
-25
-26
-34
-40
-34
-18
-7
-2
-5
-6
-10
-11
-2
1
7
22
33
34
33
33
27
21
20
18
22
19
20
18
4
-7
-17
-27
-27
-13
-8
2
8
10
6
-4
-13
-24
-23
-19
-10
-10
-2
-4
-7
-11
-19
-21
-25
-30
-26
-26
-23
-15
-14
-13
-23
-26
-15
-8
-3
14
20
24
25
19
25
27
37
41
45
40
27
18
12
8
0
3
-1
0
11
8
7
2
1
10
2
-5
-16
-19
-9
-6
-2
2
-4
-3
-2
-6
-5
-13
-13
-15
-22
-31
-34
-23
-13
-9
3
6
9
14
7
5
4
-1
4
14
18
29
37
35
31
22
13
8
7
1
9
10
2
5
2
2
0
2
9
11
9
6
-3
-14
-21
-22
-22
-23
-16
-6
6
6
2
0
-10
-15
-20
-28
-26
-26
-18
-12
-13
-14
-1
7
13
21
15
19
11
5
4
2
-3
0
10
13
7
4
10
7
4
-6
-12
-12
-3
2
3
9
3
5
5
-3
-16
-15
-9
-7
-11
-18
-20
-19
-19
-14
-12
-4
-7
-1
0
-10
-13
-22
-16
-14
-13
-12
4
14
21
30
25
23
12
13
23
20
10
10
8
3
0
-7
-8
-3
5
8
10
2
2
5
7
4
7
8
7
7
-2
-4
-4
-5
-9
-7
-14
-19
-20
-16
-13
-9
-14
-13
-12
-11
-7
-4
-5
1
13
12
14
13
16
19
18
13
14
17
12
16
12
5
-2
6
0
-8
-6
-10
-5
3
2
-1
2
0
6
7
7
11
8
2
-3
-8
-16
-7
-7
-2
-2
-5
-11
-11
-13
-14
-16
-13
-2
1
4
-3
-1
-1
0
6
10
15
19
24
16
6
-5
-2
1
7
12
11
10
4
0
-8
-15
-17
-7
2
8
5
-2
-5
-6
-11
-13
-10
-12
-8
0
7
1
-9
-12
-9
-14
-15
-5
0
1
1
0
-2
-11
-11
-5
-2
7
14
17
22
16
2
0
3
9
10
15
22
19
5
-3
-5
-14
-6
1
2
9
14
12
15
7
-6
-9
-12
-6
-3
-5
2
-1
-4
-7
-17
-20
-16
-8
-4
-1
-5
0
0
-6
-3
-9
-4
5
6
9
6
2
3
2
0
6
3
10
13
6
4
-1
-6
-10
-10
-6
-7
-7
-2
3
6
3
4
8
8
9
8
2
-1
1
-1
-2
-8
-10
-10
-4
-8
-9
-6
-10
-4
-2
0
2
5
7
12
8
3
8
13
12
14
7
8
10
6
5
1
4
5
9
11
4
0
-2
-6
-9
-12
-12
1
1
6
11
9
13
11
7
9
-4
-4
2
-5
-5
-14
-15
-13
-18
-12
-11
-14
-6
-7
-6
-12
-16
-4
1
6
13
13
7
15
13
8
4
2
1
2
2
-6
-6
-8
2
1
-4
-7
4
-1
-2
-1
-11
-10
-5
-3
1
13
15
22
15
4
-1
-17
-17
-13
-13
-12
-11
-11
-4
-5
-6
-4
-5
2
4
-4
-2
-6
-3
5
2
6
9
13
18
16
14
13
5
-4
-3
-8
-6
-1
1
8
7
2
3
-2
-3
0
1
-2
-3
-1
5
13
9
9
17
19
6
-1
-4
-10
-9
-15
-14
-8
-8
0
6
1
6
3
-2
-2
-5
-4
-1
6
8
9
10
6
2
9
3
6
4
2
4
-4
-5
-6
-11
-6
-4
-4
2
-1
4
4
0
-7
-7
-5
0
4
4
11
9
4
-1
-7
-18
-15
-14
-7
-5
-8
-6
-9
-9
-8
-7
-5
1
3
7
7
9
5
3
5
-1
1
1
5
7
7
2
1
-3
-6
-6
-4
-5
1
6
-3
-3
-7
-6
2
5
6
10
7
4
7
2
2
-3
-7
-6
-4
-6
-5
-5
-6
-1
1
-2
-1
-2
-3
-1
2
1
1
2
3
3
1
2
3
6
5
-1
-1
0
0
3
2
1
0
-1
1
-1
2
0
-3
0
-2
-3
-3
1
7
10
9
10
1
2
5
0
2
0
-4
-8
-9
-7
-7
-4
1
6
8
10
5
1
-3
-8
-8
-3
-2
7
6
2
8
4
1
2
-4
-2
2
2
5
0
-1
-2
-5
-1
-1
-1
2
0
1
0
-7
0
-5
-3
3
6
8
7
5
2
-2
-7
-6
-4
-4
-5
-3
-5
0
2
0
-1
-1
1
2
6
6
2
0
0
-2
1
1
4
6
3
8
1
-4
-3
-6
-4
2
-4
2
4
-3
-1
-5
-7
-4
-5
-3
2
0
1
0
-1
-6
-1
0
1
4
0
-1
-4
-5
-7
-7
-10
-7
-5
1
0
-4
-5
-7
-2
-3
-4
-3
3
4
6
7
5
4
1
-1
3
1
-7
-2
-6
-8
-6
-2
2
3
0
6
0
-1
6
2
5
4
5
9
6
6
7
0
0
3
1
5
5
1
-1
-6
-6
2
-2
4
11
9
9
8
8
4
3
2
6
3
9
7
6
8
9
10
4
3
1
-1
-4
-1
-5
-2
0
0
3
6
2
7
9
4
8
0
-2
-1
2
0
-2
-1
2
1
-1
-1
-3
-1
-5
-4
-6
-10
-7
-4
0
3
4
7
6
0
0
-3
-5
-5
0
-1
-3
-1
-2
0
2
-4
-7
-7
-10
-6
-6
-4
-4
0
0
1
0
2
9
7
4
4
1
-4
-2
-5
-7
-7
-3
-4
0
2
-3
0
2
-3
-3
-5
-7
2
0
1
8
5
1
0
1
-2
-1
2
4
1
0
0
-1
-6
-1
-1
-5
-2
-2
-2
-3
0
-1
1
3
7
5
7
8
8
4
0
-2
-3
-2
-1
-1
0
2
3
3
1
-1
-1
1
5
7
7
4
2
2
3
4
4
2
3
8
4
4
5
5
1
2
-1
-2
3
6
5
2
2
-1
0
-2
-2
-1
3
8
9
7
5
2
2
0
-5
2
3
2
1
1
-1
-4
0
0
-4
1
5
-1
-1
0
-1
-5
-2
-3
0
2
1
4
2
2
1
-1
-4
-1
-2
-1
-1
1
-5
-4
-7
-6
-3
-2
-3
1
-2
-2
1
-5
-2
2
2
0
-1
-2
-5
-2
-1
-10
-4
2
-5
-4
-2
-3
-3
-2
-5
-7
-6
0
0
-2
0
0
-2
-3
-2
-4
-4
1
4
1
2
6
-2
-1
-2
-5
-2
-3
-2
-1
-1
-3
1
0
-1
-1
4
3
6
6
5
2
2
2
-1
0
0
4
5
6
5
3
0
-1
-4
-3
4
0
4
4
1
2
6
6
4
2
5
5
4
4
0
3
-1
0
1
1
2
1
-2
0
-2
-1
-1
-3
-5
-3
2
2
6
4
3
3
-2
-3
0
-4
-4
-5
-3
-1
-2
2
-4
-4
-3
-5
-3
-4
-7
-5
-7
-2
-1
-4
2
3
2
2
3
-2
-3
-4
-6
-4
-7
-10
0
-1
-1
4
-5
-6
-3
-7
-4
-1
-1
3
-1
-3
0
-3
-1
3
0
1
4
0
-2
-5
-9
-5
-1
0
2
1
2
0
-1
-3
-6
-7
-3
-3
0
5
7
7
4
-1
-1
-1
4
5
0
-1
-4
-2
0
-3
-4
-1
-2
4
5
-1
-1
0
-3
-2
1
2
5
4
5
4
2
3
5
-2
-3
-4
-5
-1
1
-2
-2
-1
-3
-3
0
3
0
2
0
-4
-2
2
1
1
1
3
1
-3
1
-4
-5
-5
-5
-9
-4
-1
1
1
1
2
0
-1
0
0
-6
-1
1
-1
-4
0
-2
-5
-1
2
3
1
-1
-1
-4
-5
3
0
-6
2
1
-1
4
1
-1
-2
-3
1
0
-1
3
3
-3
3
2
1
2
0
-3
-2
-1
-1
-1
-1
-4
-3
1
1
4
1
-2
-3
-1
-2
-2
-3
0
0
-1
0
1
-1
-1
-1
-2
-5
-3
2
-3
-5
-2
-6
-4
-2
-3
-1
-1
-2
1
-1
-5
0
0
-4
-1
-3
-3
0
-1
-1
-2
-5
-3
-2
-4
-3
1
-4
0
1
-2
3
2
-1
3
2
-1
3
-2
-2
-1
1
0
1
0
-2
-3
0
3
1
2
3
4
2
4
3
1
-2
4
1
0
4
5
3
0
1
0
3
1
1
-1
1
4
6
4
2
4
1
0
5
4
1
4
0
0
-1
-3
1
2
-5
1
0
0
6
-1
-2
0
-1
1
3
-5
-2
1
-1
3
0
-5
-2
-4
-5
-6
-5
-2
-2
-3
-4
-6
-1
3
-4
-4
-5
-7
-1
-2
-4
-7
-4
-3
-10
-4
-5
-4
2
-1
-5
-3
-4
-2
-4
-8
-1
-3
0
1
-4
-2
-1
-3
-3
-3
-1
3
4
0
-1
3
1
0
-1
-1
-2
4
1
2
3
1
2
0
1
4
5
3
6
1
3
6
0
3
5
0
6
7
5
4
2
-1
0
7
1
2
4
1
1
7
1
2
7
-2
1
1
5
5
2
2
-1
-1
4
2
-1
1
1
-4
-3
0
-4
-1
-2
-4
-2
4
2
3
2
-1
-3
-1
0
-4
0
1
-4
-1
-1
-6
-4
1
-4
-3
0
-4
-2
-2
-2
0
2
1
-2
3
3
-1
2
1
-3
-3
-2
-3
-4
1
5
-2
0
6
0
4
3
0
1
1
2
1
1
2
2
3
4
2
3
7
1
3
5
-4
2
4
1
2
3
3
3
2
8
4
-3
7
4
0
2
5
7
3
0
0
1
2
6
5
-2
2
6
-1
0
1
1
-1
2
4
2
0
1
-1
-2
0
-2
3
-2
0
4
-3
-1
-2
-3
-2
-2
0
0
-3
-4
-4
-5
-3
-1
-4
-1