0
-4
2
1
-1
4
1
-3
-5
-1
4
6
2
0
-4
1
-5
-9
-3
0
-1
-3
-2
-7
1
-1
-2
-3
0
-1
-5
0
-6
-6
-1
-8
-6
-1
-7
-1
0
0
-4
-1
-1
-7
-1
-5
-7
-5
-3
1
0
2
6
0
0
3
4
-2
-3
2
2
-4
0
2
0
-3
0
-3
-3
-5
-2
2
3
1
3
9
4
-2
10
6
-2
1
-7
-2
-2
-7
0
4
2
4
3
2
6
3
7
4
4
5
0
6
-1
0
4
-1
1
-1
2
1
-1
2
-4
-2
-1
-3
-5
-1
1
-7
-6
-5
-6
0
-3
0
6
-2
-2
1
-6
-5
3
3
-3
1
7
3
-6
-4
-2
-1
0
-3
0
3
5
5
5
1
0
-2
0
0
1
3
-3
-3
2
0
-1
1
5
6
2
4
-4
-4
-4
1
0
4
5
4
8
2
6
1
4
7
5
4
-1
-2
2
1
1
-1
4
1
5
3
-3
-4
-4
-2
-6
2
-5
0
0
3
1
-1
1
-4
-2
0
0
-4
-6
-7
-2
-2
-2
-2
1
0
1
-1
6
5
-7
-5
-6
-5
-5
-6
-5
-4
-9
-4
0
0
-1
2
-7
-8
-4
-4
2
0
1
-6
-2
-7
-4
-3
-1
0
-4
1
4
8
1
3
4
1
1
2
-1
2
6
1
4
3
6
5
-6
-1
6
-2
1
2
-3
-3
-1
1
-6
1
0
7
7
5
0
-3
5
0
1
3
-2
1
6
3
-2
3
2
0
2
2
8
6
4
-3
7
4
3
0
-3
1
-2
3
4
8
0
3
3
-5
-5
1
-1
-5
3
3
3
-3
-2
4
-1
1
0
0
3
-2
6
-2
-5
-4
-5
-3
-2
0
5
1
1
3
-1
3
-2
-4
7
-1
-1
2
-6
0
4
0
-4
-4
-1
-1
-3
0
-1
-7
-2
-1
0
0
2
8
0
4
6
5
-1
-4
-7
-2
0
1
7
-2
5
-1
-2
0
-4
5
1
9
6
1
4
2
8
6
4
5
6
3
4
-2
-2
1
-1
1
0
-1
3
3
-4
1
1
-1
1
2
4
9
3
0
2
-6
-3
-1
-2
-6
-3
-1
-4
-2
-7
-6
0
-4
2
-1
1
1
1
-4
-5
-1
-8
-3
-2
-3
-7
-3
-4
-3
-2
-4
0
-4
-5
-1
-3
-1
5
-2
-3
-5
0
4
-2
-4
-5
-2
3
1
2
8
1
-4
-2
2
-3
0
4
3
6
0
0
2
4
2
-4
5
5
3
8
0
0
0
3
2
-1
-1
-1
2
-4
-1
6
-5
5
5
-4
1
-3
2
0
2
0
-7
-2
0
-1
-3
-3
1
4
2
7
2
1
7
-1
-2
2
-3
-3
1
5
7
-1
0
-3
-3
0
-4
-4
-2
3
2
-3
-2
-2
-5
-3
-6
-3
-1
-2
4
3
-7
-5
-4
-7
5
2
-1
1
-1
-2
-5
-2
5
2
1
4
3
7
2
-2
1
0
-5
-4
-1
0
-3
-2
-5
1
-2
-8
-2
-3
-6
-5
-7
-5
-2
-7
-2
0
-2
-3
-3
-1
-6
-1
2
1
-6
0
1
-5
2
-3
-5
-1
0
-7
-4
-3
2
1
-1
0
-3
-3
-8
-5
0
1
-3
-2
2
2
-1
-5
0
-5
-6
-2
-7
0
-8
1
3
-2
-1
-1
1
3
2
0
6
1
3
3
-4
5
0
-4
3
2
-1
-3
-4
-2
1
-2
-4
-3
-2
0
-2
0
0
2
3
1
5
2
1
4
2
2
5
4
0
5
1
3
1
-5
-2
1
-2
0
1
1
4
4
6
3
6
4
-1
-4
-4
0
-5
-7
-8
-9
-1
-7
-7
-2
1
0
-4
2
3
0
-2
2
-3
-1
3
5
0
0
2
0
-3
-3
0
-1
1
0
1
5
4
-2
-3
-3
-7
-6
3
-1
0
5
6
0
-3
0
0
1
4
1
-1
5
-3
-5
-3
-5
-4
-5
-1
4
2
-1
6
3
-1
0
6
1
-1
3
0
-4
-4
-2
-7
-3
-6
-6
-7
-4
-5
-7
1
1
1
-2
4
-4
-9
-4
-3
-1
1
-3
-4
-3
-5
-5
1
-2
-1
8
4
4
0
-1
0
2
-3
2
0
-2
2
-1
3
4
8
9
10
4
6
5
4
8
5
4
10
9
14
14
12
8
3
9
5
2
6
2
4
1
8
16
7
8
0
0
1
0
-2
5
3
2
7
3
4
4
8
8
5
-2
-5
1
0
3
-1
5
2
11
8
7
6
-1
3
1
-4
-6
-1
-3
5
-2
-1
-1
4
6
0
0
0
-5
-9
-3
-1
-3
1
4
5
2
-4
1
-6
-2
4
-1
3
2
0
3
1
-1
-3
-1
-1
-2
1
-1
5
-2
4
9
2
2
-1
-2
-6
-1
4
2
0
0
-2
4
3
3
2
0
-1
-3
0
3
-2
1
6
2
1
5
2
9
3
2
9
1
4
5
3
7
-5
-10
-4
-5
-5
-1
-5
0
6
5
4
5
-2
-3
3
1
2
3
3
-1
-1
-2
-2
0
3
3
2
7
4
3
7
-1
4
4
-5
-6
-2
-2
-6
-2
1
-4
4
-3
0
1
1
3
-2
2
-5
-4
-5
-2
-4
-6
-5
-10
-4
-4
2
6
-1
2
4
-2
0
4
0
0
3
5
8
7
2
1
1
-2
-1
-4
9
10
3
5
-1
0
-5
-3
3
-2
-2
0
-6
0
2
6
2
-3
8
5
8
2
-4
0
-3
5
-2
-4
0
2
0
0
5
2
3
0
-4
-4
-2
2
1
-7
-2
1
2
0
6
-1
-3
4
1
0
-2
1
-7
-5
-4
-5
1
3
4
6
-2
-5
-3
-5
-9
-4
0
-4
-3
-6
0
-1
-2
-2
1
3
-4
0
-7
-5
-7
-5
-3
-2
-2
-4
2
-5
-3
0
-6
-7
-3
-7
-4
-4
2
-6
-8
-1
-6
6
-7
-4
-2
-7
-1
-7
-6
-6
-10
-8
-3
-3
-3
-3
-5
-6
-6
-2
-5
-6
-5
-3
-6
-2
1
-3
-1
-4
-2
-5
0
-1
-5
-6
-1
-3
-3
-1
-4
7
-1
-2
-8
-1
1
-2
1
-3
6
7
2
-5
1
6
-5
-2
0
-5
-4
-10
-8
-17
-22
-11
-5
0
2
-5
-3
2
-2
-1
-7
-13
-6
-4
-7
0
-9
-4
1
-1
-2
-5
4
2
1
2
1
-7
-10
-2
-4
3
5
-1
5
11
11
9
2
-1
5
-4
-6
-5
-3
1
-4
-5
-3
0
1
-3
-3
-5
-10
-4
2
0
0
1
6
4
-2
1
3
6
5
6
8
-4
-6
4
6
4
6
13
6
2
0
-2
0
2
3
0
4
3
4
4
2
-4
2
2
0
6
-2
-1
-1
1
-2
0
3
-4
1
-7
-8
0
1
-4
-1
7
-2
-2
-2
2
-4
-2
6
-3
0
-4
5
5
-3
-3
-4
3
6
8
0
-4
0
0
-2
-7
-3
6
7
4
5
1
-2
-2
-3
-2
-6
-4
0
2
0
-1
2
2
1
-4
-6
-6
-4
-4
3
2
4
-2
0
5
-4
7
-1
-3
-4
3
-2
-1
6
-2
3
-2
6
2
-1
1
0
5
1
1
0
0
5
8
-5
-5
-3
-1
2
1
8
8
4
1
14
6
-3
1
8
13
14
3
4
4
4
8
-2
0
4
7
2
11
4
4
1
3
17
4
4
7
5
3
-1
7
11
7
19
18
2
2
1
0
3
7
7
11
5
5
0
-4
-2
-2
4
4
7
11
16
2
-4
4
6
6
3
5
3
-2
-2
-8
0
2
2
3
7
2
-5
-4
-8
3
7
3
7
0
-6
-2
-4
0
6
7
1
4
8
4
2
-1
-9
3
4
-3
4
1
-2
-2
-5
-4
3
0
4
4
2
7
4
-2
-1
0
-5
4
1
5
-1
-1
6
3
-1
0
3
-2
1
-2
-2
2
-5
-7
-3
4
14
9
2
8
7
-1
0
-6
2
2
-2
-4
-6
-4
-1
-3
-2
5
-10
-7
-7
0
6
-3
3
0
-8
-4
0
0
6
-7
-5
0
11
5
4
8
3
5
-1
7
5
1
1
-2
-6
-6
-9
-5
-3
-4
-5
-3
-1
2
7
2
-4
-1
2
0
4
-7
7
6
-6
7
-5
-1
-2
-4
6
1
1
-3
-9
-12
-3
-1
-7
-7
-6
-6
-4
4
-1
-5
-3
8
9
5
-8
-10
0
3
1
-1
10
8
-8
-10
-5
8
4
-2
-3
4
5
-8
-8
-9
-10
2
8
2
6
0
-6
-9
-12
-4
8
9
4
-7
-9
-6
-18
-23
-10
5
2
-5
-6
-10
-8
-11
-17
-19
-3
6
5
-4
-9
-9
-10
-8
-6
1
-1
-3
-9
-9
-13
-11
4
1
-6
-12
-7
-3
-12
-14
-3
2
8
6
4
6
-8
-19
-17
-12
-3
12
8
-7
-4
0
-4
-14
-14
-1
0
0
-1
1
0
-16
-18
-14
-1
-10
-7
-3
-7
2
-12
1
-6
-9
-8
-4
-5
-9
-5
-5
7
0
4
-6
-8
0
-7
-8
-5
0
5
6
2
-9
-18
-8
-5
-5
-5
9
8
6
8
0
-8
-10
-9
-4
3
8
16
15
14
6
5
1
-2
1
2
1
7
10
6
-1
-1
0
-13
-16
-12
-10
-3
3
6
7
9
0
-6
-8
-13
-13
-10
-1
-4
-1
14
13
10
10
-2
1
-6
-12
0
3
13
12
14
9
-8
-10
-19
-18
-5
-6
0
11
9
3
-12
-19
-15
-2
0
1
14
12
13
3
-12
-6
3
9
6
6
8
17
20
5
-2
-3
6
2
-8
-6
-2
4
8
12
13
20
0
-15
-22
-24
-8
-1
15
21
20
7
0
-7
-8
-8
-9
0
3
14
16
10
-8
-15
-12
-4
13
9
11
14
-1
-8
0
-2
-5
-2
1
8
7
1
1
-2
-5
8
14
3
4
-5
-4
-5
-9
-4
2
15
16
9
1
3
6
15
16
21
18
0
1
0
1
-2
11
21
23
19
13
5
-5
0
-4
13
18
19
13
9
5
-5
3
1
7
6
-2
-4
-14
-3
-5
8
16
29
23
14
20
11
3
-13
0
14
25
25
10
2
-12
-10
-12
0
13
19
28
6
-5
-2
-7
-13
-3
9
16
10
-6
-12
-11
-16
-3
16
38
36
34
21
-7
-29
-39
-20
-5
9
24
39
31
16
-1
-3
-9
-20
-17
-4
5
10
19
23
26
30
11
-2
-17
-30
-21
-14
13
28
29
21
14
6
-17
-25
-17
-7
20
25
20
19
2
-15
-24
-20
-9
0
15
26
18
11
-2
-8
-16
-14
-23
-18
-6
0
24
28
40
44
32
17
-3
-25
-32
-30
-18
11
30
33
29
13
-10
-25
-24
-10
10
20
40
37
8
0
-12
-29
-24
-13
10
31
45
39
23
8
-16
-17
-17
-11
-2
11
26
37
27
19
10
-14
-27
-30
-22
-10
1
6
25
35
18
4
-7
-13
-22
-32
-24
-8
-5
-2
4
0
-3
-7
0
9
17
8
-10
-23
-30
-35
-33
-14
6
14
22
21
14
-4
-26
-28
-23
-16
-2
6
6
10
2
-4
-5
-5
-6
-1
10
19
7
0
2
-6
-9
-14
-15
2
2
-3
3
5
8
5
8
8
1
-4
-15
-11
-6
-8
-4
4
16
18
4
-6
-3
-23
-18
-6
10
18
14
18
20
12
1
-11
-24
-32
-41
-34
-8
17
26
27
23
5
-19
-34
-46
-40
-27
0
13
29
22
-6
-31
-46
-42
-32
-11
23
49
54
36
1
-21
-29
-46
-39
-24
-6
7
13
22
27
8
-6
-14
-11
-19
-32
-30
-13
12
9
15
13
5
-5
-23
-21
-22
-13
-11
13
24
12
-14
-42
-27
-34
-30
-11
24
61
49
18
12
-8
-40
-60
-66
-28
-14
-6
25
44
48
26
6
4
-10
-29
-49
-46
-30
-18
-20
2
32
28
15
17
13
-3
-27
-33
-14
-2
-12
-16
-9
-7
-6
-20
-6
19
19
22
30
24
11
-17
-42
-33
-40
-43
-43
-14
16
34
34
32
31
14
-6
-32
-38
-37
-38
-28
-1
20
16
2
-3
3
-6
-13
-2
11
12
-3
0
0
-23
-33
-36
-11
15
14
19
17
6
-15
-22
-24
-23
-22
-16
-8
-6
-7
-10
-7
-3
11
13
6
11
3
-15
-21
-28
-17
-10
-6
4
21
28
8
-3
-15
-21
-30
-22
0
18
18
20
10
4
-14
-41
-51
-46
-23
5
39
58
68
45
15
-11
-40
-59
-59
-25
17
44
64
70
55
19
-29
-54
-56
-48
-30
-9
17
41
36
36
33
19
1
-7
-13
-11
-5
-13
-20
-12
-1
-2
2
20
30
29
27
18
11
-7
-26
-35
-46
-47
-46
-32
-15
-7
0
17
34
36
33
22
16
3
-20
-34
-37
-32
-30
-18
3
25
39
44
47
48
43
23
6
7
10
1
-8
-13
-16
-23
-22
-11
14
23
34
51
54
37
9
-16
-25
-38
-46
-35
-21
7
9
7
8
-1
-6
0
8
7
2
-2
3
20
13
6
13
15
13
6
4
0
4
4
4
11
12
12
-3
-17
-16
-27
-29
-16
-6
11
29
35
34
24
-5
-22
-30
-36
-33
-27
0
21
38
45
45
53
52
38
28
22
12
9
12
10
8
-1
-14
-13
-13
-16
1
31
46
57
55
36
11
-15
-42
-66
-59
-46
-26
-9
16
35
34
42
36
39
35
12
6
3
-13
-24
-32
-34
-35
-59
-54
-40
-29
-12
4
25
30
24
17
-5
-31
-52
-73
-73
-56
-28
-11
10
28
23
23
19
18
28
38
44
46
45
40
26
25
26
28
39
54
72
86
98
105
103
94
93
92
79
69
52
34
19
-8
-33
-49
-70
-84
-95
-100
-95
-97
-97
-102
-111
-121
-137
-167
-174
-178
-191
-189
-178
-150
-131
-110
-83
-56
-12
22
51
93
130
143
152
168
184
197
210
228
246
265
267
279
290
295
299
299
300
304
288
259
217
150
84
-9
-97
-180
-265
-342
-417
-449
-483
-512
-525
-519
-490
-478
-454
-432
-399
-381
-365
-340
-297
-246
-208
-135
-55
39
131
221
323
413
487
526
568
588
580
543
498
438
368
314
249
214
197
209
214
234
257
274
282
241
198
134
44
-91
-221
-340
-466
-585
-678
-687
-680
-645
-577
-455
-335
-252
-178
-99
-35
-39
-52
-49
-32
-54
-58
-20
44
117
183
297
415
513
546
570
556
489
327
138
-44
-270
-493
-698
-807
-880
-903
-849
-711
-551
-390
-195
-13
157
259
379
468
520
548
591
663
696
742
816
944
975
990
1010
1017
923
715
552
331
80
-263
-529
-757
-992
-1227
-1364
-1353
-1378
-1335
-1266
-1057
-902
-784
-644
-466
-305
-234
-105
30
200
277
416
560
717
815
871
964
978
975
859
771
611
406
165
-62
-273
-516
-687
-839
-896
-962
-921
-846
-728
-585
-433
-210
-57
125
293
512
652
769
887
992
1043
994
1012
983
935
774
680
582
426
209
6
-128
-340
-544
-751
-835
-980
-1117
-1233
-1251
-1258
-1297
-1237
-1146
-958
-838
-621
-376
-116
119
326
573
736
875
918
985
961
906
814
702
596
435
322
184
89
-51
-122
-193
-251
-304
-345
-297
-305
-241
-186
-50
36
143
249
364
486
479
536
541
575
457
363
299
204
68
-104
-120
-214
-289
-426
-424
-460
-558
-654
-723
-713
-837
-879
-911
-819
-804
-739
-579
-387
-176
-23
242
431
643
715
821
882
855
792
660
585
395
256
52
-54
-179
-291
-340
-375
-311
-327
-231
-199
-84
-24
65
175
272
424
497
661
732
889
887
908
889
835
732
500
411
201
32
-255
-370
-530
-728
-890
-987
-991
-1166
-1187
-1243
-1157
-1237
-1220
-1126
-1033
-898
-815
-508
-302
7
229
586
871
1109
1339
1422
1550
1476
1459
1214
1029
755
460
149
-187
-347
-626
-768
-940
-886
-931
-911
-841
-710
-526
-500
-267
-138
105
178
406
615
764
915
978
1175
1165
1252
1149
1148
1030
887
722
456
300
-18
-225
-581
-725
-967
-1178
-1366
-1480
-1484
-1647
-1585
-1568
-1376
-1332
-1117
-828
-561
-284
-59
341
540
812
935
1143
1213
1197
1190
1063
994
725
598
344
185
-13
-179
-278
-403
-391
-480
-413
-422
-291
-227
-111
56
195
393
474
680
763
860
849
876
876
760
652
497
423
189
6
-164
-287
-458
-668
-727
-826
-916
-1092
-1111
-1137
-1213
-1274
-1256
-1125
-1102
-958
-776
-459
-244
-5
324
616
888
998
1193
1267
1287
1164
1034
896
652
407
102
-59
-283
-462
-631
-672
-651
-684
-630
-557
-330
-235
-93
81
327
512
598
814
991
1133
1077
1162
1211
1187
1010
850
807
585
352
76
-15
-256
-534
-757
-873
-1003
-1274
-1383
-1467
-1477
-1640
-1638
-1545
-1450
-1363
-1216
-882
-653
-379
-106
305
584
806
1032
1227
1366
1307
1322
1223
1086
827
616
412
137
-105
-332
-421
-555
-591
-608
-532
-434
-306
-141
9
207
387
575
690
877
1021
1062
1036
1074
1109
969
773
675
615
375
100
-29
-126
-405
-682
-779
-863
-1120
-1357
-1398
-1406
-1543
-1662
-1544
-1417
-1373
-1256
-945
-649
-452
-165
206
530
705
929
1114
1193
1174
1144
1080
875
698
493
300
47
-135
-276
-422
-514
-533
-486
-502
-404
-237
-61
53
251
521
680
814
987
1217
1227
1180
1231
1257
1098
827
739
604
313
-25
-163
-300
-612
-885
-971
-998
-1252
-1439
-1451
-1424
-1561
-1656
-1524
-1401
-1347
-1226
-896
-588
-366
-78
318
670
869
1093
1307
1395
1369
1322
1239
989
724
483
226
-96
-377
-516
-701
-853
-907
-821
-803
-768
-565
-315
-125
8
356
646
830
983
1274
1491
1419
1449
1526
1533
1206
1015
932
686
285
-26
-68
-374
-716
-955
-944
-1157
-1495
-1593
-1596
-1647
-1897
-1809
-1665
-1553
-1516
-1235
-811
-570
-252
118
626
884
1157
1405
1587
1634
1546
1513
1259
1028
678
417
61
-276
-505
-756
-899
-1050
-972
-992
-933
-800
-553
-341
-229
94
353
594
709
992
1253
1283
1308
1401
1526
1329
1149
1092
1009
693
355
271
59
-297
-645
-692
-844
-1210
-1415
-1432
-1464
-1727
-1754
-1617
-1513
-1523
-1340
-928
-704
-495
-162
313
544
719
1010
1211
1244
1165
1222
1077
811
542
383
132
-255
-409
-544
-668
-852
-771
-671
-679
-576
-338
-52
17
285
593
830
925
1131
1432
1404
1373
1423
1533
1263
978
945
801
434
21
0
-219
-632
-961
-969
-1071
-1512
-1658
-1608
-1567
-1851
-1834
-1580
-1471
-1448
-1262
-753
-531
-291
66
590
878
1024
1319
1500
1572
1418
1438
1253
961
644
384
134
-313
-527
-765
-905
-1107
-1094
-1025
-1032
-873
-683
-377
-279
32
342
630
824
1076
1452
1478
1577
1663
1849
1652
1402
1380
1266
956
477
437
176
-266
-704
-772
-903
-1423
-1666
-1680
-1639
-2016
-2084
-1858
-1732
-1768
-1627
-1077
-834
-634
-293
320
643
763
1109
1394
1499
1347
1458
1374
1065
747
579
373
-123
-344
-515
-665
-938
-932
-813
-901
-846
-630
-275
-275
-70
319
592
686
859
1324
1339
1303
1394
1668
1506
1135
1187
1155
862
343
372
236
-236
-650
-664
-675
-1270
-1499
-1476
-1434
-1852
-1951
-1656
-1614
-1655
-1533
-922
-728
-557
-184
396
709
775
1161
1357
1432
1258
1342
1219
862
594
367
184
-315
-471
-653
-802
-989
-957
-802
-907
-742
-539
-196
-171
75
469
671
840
1012
1474
1432
1419
1520
1720
1559
1167
1239
1108
829
305
311
152
-345
-704
-804
-779
-1386
-1587
-1622
-1564
-1912
-2041
-1723
-1716
-1648
-1576
-942
-757
-552
-164
374
749
776
1252
1388
1508
1322
1444
1316
900
688
421
284
-297
-377
-588
-736
-936
-910
-708
-907
-702
-553
-172
-227
43
414
571
737
890
1405
1252
1315
1418
1668
1439
1107
1276
1086
820
325
466
190
-309
-608
-638
-689
-1351
-1425
-1486
-1486
-1912
-1928
-1658
-1744
-1694
-1563
-949
-881
-609
-196
350
660
761
1251
1330
1443
1278
1411
1197
817
625
357
181
-333
-375
-612
-714
-859
-771
-636
-774
-508
-365
-33
-95
236
507
601
737
913
1315
1063
1156
1247
1457
1138
905
1093
894
630
192
401
61
-383
-657
-613
-742
-1402
-1412
-1474
-1470
-1934
-1834
-1581
-1648
-1582
-1384
-729
-702
-370
47
607
820
931
1384
1393
1451
1222
1349
1008
636
389
131
-108
-615
-588
-847
-889
-1000
-783
-685
-734
-394
-197
119
48
503
694
794
900
1185
1457
1136
1319
1410
1556
1064
1024
1145
842
486
184
413
-174
-548
-760
-665
-1079
-1649
-1525
-1653
-1759
-2186
-1832
-1745
-1790
-1625
-1214
-677
-691
-132
303
811
925
1255
1598
1492
1524
1379
1418
855
598
353
39
-340
-678
-635
-989
-1005
-999
-721
-796
-721
-309
-130
29
63
589
620
682
843
1230
1279
1008
1295
1412
1434
965
1142
1152
826
483
369
474
-218
-471
-660
-633
-1210
-1578
-1492
-1699
-1863
-2177
-1769
-1853
-1793
-1583
-1088
-699
-620
35
410
873
956
1420
1582
1469
1471
1382
1302
676
526
235
-68
-544
-700
-699
-1019
-1027
-930
-627
-789
-567
-222
2
30
229
690
659
738
938
1350
1118
1041
1296
1437
1155
853
1178
1003
623
294
534
259
-354
-505
-479
-678
-1408
-1396
-1423
-1666
-2090
-1983
-1697
-1945
-1822
-1468
-914
-876
-461
184
580
810
1098
1632
1545
1488
1514
1531
1064
631
551
218
-279
-631
-549
-805
-1057
-987
-665
-713
-767
-351
-34
-7
-7
529
685
600
681
1145
1180
840
1053
1306
1243
722
963
1108
780
374
443
616
-35
-301
-337
-290
-981
-1305
-1189
-1423
-1815
-2101
-1718
-1929
-1983
-1759
-1223
-1028
-885
-133
322
673
836
1476
1606
1504
1543
1599
1346
717
651
349
-77
-653
-635
-747
-1099
-1116
-881
-647
-888
-484
-101
129
6
388
831
700
753
964
1368
936
974
1202
1318
931
716
1125
868
616
331
687
320
-141
-205
-204
-454
-1196
-1076
-1272
-1535
-2032
-1928
-1825
-2124
-1951
-1660
-1138
-1171
-594
28
480
722
1112
1684
1563
1620
1611
1642
1062
666
542
150
-403
-798
-686
-1003
-1194
-1097
-709
-738
-719
-226
143
189
203
746
867
765
807
1212
1111
773
941
1167
999
549
841
946
680
342
609
666
103
-64
8
-44
-805
-971
-944
-1250
-1797
-1918
-1677
-2034
-2095
-1809
-1293
-1304
-1012
-237
237
488
807
1508
1567
1478
1581
1722
1293
718
647
381
-203
-723
-647
-822
-1172
-1161
-757
-685
-784
-364
120
230
141
628
885
764
704
1090
1142
713
800
1042
1022
492
681
911
692
374
507
778
226
23
70
138
-518
-887
-762
-1058
-1528
-1853
-1553
-1853
-2069
-1835
-1368
-1258
-1211
-429
70
351
567
1266
1499
1323
1442
1619
1381
703
617
471
-36
-665
-654
-689
-1100
-1199
-845
-576
-814
-482
44
334
167
533
956
873
768
977
1297
796
759
930
1058
557
476
850
620
363
257
722
250
-58
-1
110
-313
-922
-659
-932
-1294
-1747
-1417
-1543
-1937
-1692
-1312
-1010
-1207
-455
75
345
487
1049
1507
1180
1299
1402
1393
648
436
413
-60
-620
-847
-651
-1088
-1231
-990
-614
-711
-625
-20
251
281
444
920
953
810
1044
1219
993
804
995
1046
619
583
761
677
280
312
598
221
-94
-99
111
-447
-869
-750
-856
-1319
-1706
-1337
-1482
-1775
-1696
-1149
-972
-1090
-471
104
378
390
1012
1388
1193
1144
1343
1328
651
433
382
47
-611
-744
-667
-983
-1208
-1024
-683
-830
-643
-254
96
53
317
720
739
763
927
1253
925
963
1112
1209
816
727
1074
789
524
355
740
268
-131
-120
-65
-435
-1082
-839
-1019
-1322
-1757
-1472
-1412
-1744
-1572
-1227
-823
-980
-459
68
355
471
816
1274
1126
1128
1179
1204
746
466
387
102
-325
-578
-570
-797
-961
-905
-713
-756
-636
-392
-135
-101
129
428
471
577
741
1048
811
904
1086
1197
915
808
1122
892
653
411
695
336
-71
-164
-156
-385
-1019
-896
-1021
-1203
-1599
-1432
-1286
-1505
-1368
-1138
-685
-763
-392
40
358
486
670
1075
993
1010
951
1014
681
404
297
90
-211
-517
-504
-679
-776
-840
-679
-696
-640
-456
-281
-167
-60
260
317
483
627
953
874
911
1129
1238
1117
854
1130
968
756
389
529
359
-139
-285
-375
-395
-1029
-1011
-1033
-1119
-1428
-1447
-1105
-1293
-1168
-1021
-526
-542
-367
87
361
519
528
955
918
892
792
879
655
314
262
77
-114
-487
-414
-580
-666
-739
-633
-590
-677
-425
-360
-205
-183
134
272
341
606
828
923
871
1146
1288
1115
965
1081
1032
664
401
447
212
-221
-425
-404
-601
-1049
-1041
-992
-1105
-1372
-1214
-1007
-1103
-1019
-739
-400
-428
-192
185
418
459
588
854
807
750
733
757
473
301
234
102
-189
-356
-297
-501
-595
-634
-466
-640
-634
-459
-355
-338
-308
94
124
286
482
894
892
918
1254
1374
1283
1000
1283
1070
764
399
433
203
-377
-451
-588
-655
-1216
-1110
-1051
-1180
-1325
-1260
-900
-1108
-910
-697
-334
-343
-174
272
409
543
567
907
812
785
769
740
530
260
284
54
-136
-401
-334
-491
-645
-632
-602
-589
-696
-467
-399
-337
-234
14
183
264
578
838
889
957
1232
1422
1202
1076
1226
1100
746
421
499
167
-292
-468
-467
-653
-1164
-1081
-1044
-1133
-1386
-1215
-966
-1093
-971
-698
-313
-387
-143
239
478
525
612
916
812
814
733
776
467
264
243
52
-145
-407
-304
-510
-571
-587
-498
-560
-608
-382
-353
-286
-242
61
103
218
476
796
783
794
1175
1306
1193
943
1223
1075
725
422
459
258
-353
-442
-496
-595
-1153
-1137
-982
-1117
-1290
-1220
-870
-1016
-918
-634
-258
-279
-140
282
507
585
632
940
849
824
760
785
482
228
222
1
-202
-474
-349
-563
-651
-613
-502
-540
-644
-354
-278
-257
-197
99
189
226
501
857
794
807
1128
1368
1151
918
1216
1060
719
332
493
200
-387
-524
-524
-647
-1267
-1166
-1063
-1170
-1405
-1229
-910
-1066
-944
-584
-205
-269
-31
399
662
638
811
1060
948
859
822
865
396
232
139
4
-354
-530
-391
-636
-682
-685
-440
-604
-595
-355
-235
-253
-189
139
161
240
503
854
704
817
1119
1353
1016
936
1210
977
629
311
585
21
-428
-549
-454
-775
-1349
-1052
-1077
-1191
-1472
-1044
-914
-1091
-864
-456
-153
-337
104
495
653
568
888
1089
828
768
841
800
227
171
150
-50
-484
-485
-348
-645
-719
-577
-369
-664
-569
-278
-196
-358
-145
189
160
192
588
942
679
855
1225
1437
925
995
1252
959
470
281
570
-155
-556
-633
-448
-999
-1423
-1053
-1094
-1284
-1485
-902
-912
-1038
-773
-235
-118
-278
264
600
667
542
980
1038
765
706
832
707
145
186
137
-85
-490
-401
-348
-668
-668
-511
-416
-694
-543
-258
-290
-372
-122
165
134
215
706
848
748
926
1320
1335
887
1089
1131
870
307
358
343
-321
-625
-646
-539
-1210
-1318
-1094
-1092
-1382
-1370
-874
-983
-979
-687
-140
-181
-115
377
728
695
694
1077
1045
820
701
874
524
118
72
75
-236
-574
-398
-435
-606
-659
-388
-398
-600
-432
-203
-226
-317
-72
189
140
307
636
756
745
895
1268
1045
944
972
1028
653
279
405
53
-348
-722
-535
-847
-1298
-1267
-1164
-1197
-1510
-1127
-955
-933
-852
-349
-20
-75
252
678
908
725
982
1117
982
663
727
646
185
-18
-64
-67
-522
-470
-393
-411
-568
-436
-221
-430
-427
-286
-143
-305
-232
0
110
141
445
627
737
813
1139
1185
975
1070
990
900
385
436
179
-246
-573
-678
-693
-1270
-1249
-1261
-1219
-1467
-1282
-976
-1040
-872
-535
-41
-96
171
595
909
816
911
1151
1014
802
666
742
295
80
-61
-51
-333
-488
-362
-450
-443
-498
-265
-386
-412
-313
-241
-245
-250
-66
13
100
379
534
608
753
1006
1144
917
1069
1027
906
512
450
407
-132
-378
-553
-511
-1054
-1208
-1130
-1185
-1388
-1432
-1014
-1085
-1041
-780
-224
-125
-36
409
797
882
817
1137
1090
918
666
739
487
83
-29
-115
-218
-533
-385
-388
-442
-450
-285
-194
-342
-258
-156
-172
-205
-101
21
25
180
474
493
614
773
1071
923
859
1027
920
680
349
524
159
-239
-459
-427
-678
-1201
-1069
-1103
-1227
-1523
-1176
-983
-1090
-912
-462
-43
-135
292
689
918
788
983
1199
879
720
610
634
69
-71
-62
-179
-460
-502
-174
-353
-360
-262
2
-166
-231
-47
-50
-147
-219
69
24
113
223
499
546
615
882
827
870
748
903
554
414
347
165
-152
-444
-309
-674
-921
-1051
-895
-1116
-1335
-1096
-963
-992
-948
-442
-212
-165
117
648
766
709
945
1168
943
667
774
659
233
-79
74
-107
-458
-478
-246
-275
-485
-223
-62
-128
-285
-23
36
-146
-165
52
149
34
273
413
525
479
784
758
680
684
728
570
254
382
169
-111
-430
-277
-481
-914
-954
-884
-936
-1363
-1087
-947
-956
-1005
-538
-128
-217
102
544
909
659
905
1154
1025
653
622
727
201
-92
-128
17
-435
-479
-250
-151
-325
-298
107
-47
-151
-162
152
-43
-222
-10
114
218
37
426
495
573
567
617
781
527
620
317
379
154
23
-165
-372
-299
-594
-652
-837
-745
-906
-1020
-890
-854
-827
-828
-451
-262
-175
50
434
636
617
788
933
864
602
585
519
218
-18
-98
-94
-359
-353
-282
-201
-272
-204
12
-71
-46
-70
83
43
-14
121
145
324
261
386
471
549
636
397
556
475
504
154
126
235
-13
-212
-392
-162
-475
-706
-708
-644
-818
-1096
-825
-779
-849
-855
-419
-172
-194
75
488
696
575
786
925
786
500
490
436
41
-102
-128
-98
-409
-300
-125
-144
-217
-130
143
-72
-101
-44
86
-33
-112
164
167
307
269
476
533
557
629
393
486
349
392
-17
-42
37
-130
-351
-479
-181
-478
-628
-642
-462
-731
-947
-687
-647
-770
-833
-313
-184
-196
32
533
655
514
769
920
739
417
514
402
-4
-183
-55
-103
-429
-275
-46
-32
-235
-26
170
-19
-163
-36
79
-113
-138
84
213
229
345
475
565
556
651
404
337
286
250
-119
-298
-68
-210
-424
-540
-156
-303
-604
-526
-368
-523
-978
-681
-585
-750
-882
-410
-41
-168
78
580
865
621
758
997
772
382
315
349
-84
-343
-241
-96
-377
-319
-14
123
-62
-18
251
84
-83
-127
95
-71
-166
48
252
406
269
510
593
673
499
262
319
120
38
-391
-274
-256
-345
-477
-399
-94
-366
-412
-382
-239
-610
-792
-590
-578
-767
-766
-252
-93
-65
156
702
736
639
749
854
591
191
283
84
-201
-437
-185
-151
-358
-144
54
202
-45
167
213
40
-127
-77
72
-126
-67
137
401
455
526
612
714
650
554
217
92
-4
-182
-468
-574
-288
-402
-448
-392
-37
-143
-398
-264
-250
-461
-871
-626
-589
-760
-772
-306
60
-22
254
662
862
620
679
728
445
99
23
61
-326
-379
-246
3
-183
-60
192
233
111
40
217
-79
-185
-197
45
-45
-40
302
556
759
577
791
740
709
326
8
-39
-286
-396
-773
-479
-409
-363
-408
-168
96
-236
-246
-278
-230
-747
-841
-619
-600
-768
-613
52
207
257
486
999
840
585
620
614
164
-305
-94
-171
-392
-568
-46
133
-24
133
377
480
14
98
97
-113
-426
-337
71
-69
54
377
926
949
745
922
918
721
61
-154
-263
-519
-825
-942
-572
-545
-485
-374
-32
16
-278
-250
-221
-382
-848
-809
-556
-539
-617
-272
289
475
521
775
1044
840
572
463
339
-80
-390
-288
-333
-392
-380
22
172
163
285
360
366
36
0
-111
-266
-343
-277
60
106
371
659
1034
1106
838
871
723
517
-173
-473
-498
-645
-874
-980
-504
-391
-393
-324
13
-24
-436
-485
-392
-557
-996
-839
-446
-297
-362
111
679
776
708
866
1071
664
305
159
74
-285
-547
-331
-327
-255
-203
212
266
190
271
276
220
-186
-139
-224
-242
-269
-28
312
354
659
892
1229
926
758
677
562
133
-465
-466
-553
-579
-855
-561
-318
-316
-376
-275
-70
-481
-686
-744
-573
-867
-954
-605
-224
-81
11
590
844
836
683
874
799
387
66
-3
-55
-347
-357
-238
-130
-142
12
241
174
63
35
98
-59
-260
-205
-138
-72
3
366
592
646
793
1063
1149
711
513
465
349
-210
-527
-397
-401
-606
-695
-325
-283
-499
-573
-361
-451
-900
-965
-770
-703
-918
-670
-196
81
104
422
863
888
716
674
799
535
199
26
36
-92
-256
-190
-115
-85
-138
-6
66
-1
-122
-108
-34
-110
-171
-77
98
176
305
559
728
767
771
957
872
533
303
289
173
-317
-462
-386
-321
-622
-624
-403
-433
-696
-784
-564
-722
-1003
-1027
-668
-596
-640
-400
83
331
307
581
856
914
565
569
646
559
157
-48
127
92
-74
-272
-42
-3
-163
-253
-112
-8
-269
-290
-128
91
-52
10
314
577
567
587
856
949
860
575
526
423
247
-52
-313
-295
-330
-392
-605
-497
-405
-552
-779
-794
-638
-927
-1128
-1028
-663
-663
-682
-283
157
325
285
655
896
796
567
620
744
499
259
150
247
116
-29
-152
-146
-173
-263
-316
-347
-264
-302
-268
-163
29
89
135
370
618
702
615
779
957
938
604
409
431
359
47
-306
-339
-251
-335
-549
-580
-452
-532
-785
-878
-768
-816
-1082
-1130
-831
-564
-531
-415
-43
315
475
539
699
804
752
590
547
576
501
226
29
149
263
34
-311
-285
-78
-212
-534
-557
-296
-272
-401
-220
141
284
258
525
887
940
792
844
1067
882
459
237
359
255
-179
-447
-291
-124
-373
-634
-626
-476
-720
-984
-1075
-963
-1012
-1127
-970
-728
-384
-286
-63
109
431
662
611
565
576
817
642
513
478
606
434
134
213
227
10
-427
-397
-273
-402
-651
-608
-313
-239
-165
-35
251
381
565
726
836
850
905
1009
780
544
363
431
210
-128
-330
-268
-183
-438
-580
-663
-604
-836
-1026
-1066
-1069
-1122
-1185
-942
-686
-443
-287
4
219
391
548
691
615
432
541
700
716
430
439
550
609
402
199
104
-147
-285
-468
-450
-655
-658
-525
-266
-96
7
296
455
674
698
860
836
815
722
607
490
332
332
141
24
-166
-87
-147
-322
-590
-726
-749
-926
-1097
-1278
-1205
-1137
-1013
-922
-693
-408
-169
26
98
308
441
610
533
487
503
698
829
646
480
459
654
485
193
-101
-108
-175
-303
-403
-455
-438
-378
-150
-93
-8
43
373
509
584
645
826
951
767
690
499
516
278
170
-80
-206
-202
-141
-188
-530
-635
-678
-633
-980
-1218
-1304
-1175
-1065
-959
-701
-513
-167
47
371
366
414
458
529
460
279
445
556
637
407
511
666
641
331
10
-14
-151
-268
-488
-487
-499
-366
-135
52
116
110
380
578
611
464
521
627
608
465
385
406
334
246
126
101
-24
-79
-186
-319
-523
-698
-746
-862
-991
-1133
-1056
-938
-774
-664
-505
-303
-139
39
157
255
230
291
370
469
463
469
514
494
471
453
459
243
39
-77
-16
-80
-232
-285
-223
-62
-15
81
53
92
159
319
399
369
394
452
560
516
504
385
279
152
136
127
25
-74
-134
-82
-143
-252
-467
-609
-727
-815
-887
-927
-873
-789
-581
-403
-219
-130
7
122
188
182
171
205
215
256
299
377
370
417
448
412
243
124
96
2
-135
-221
-108
-61
-12
20
181
239
210
222
250
285
192
191
210
270
257
284
319
302
253
226
243
162
19
-131
-155
-208
-320
-492
-576
-597
-624
-620
-644
-623
-614
-501
-386
-318
-265
-185
-38
6
99
175
236
235
250
331
342
334
286
312
268
229
212
192
108
23
45
77
100
70
89
107
204
231
227
168
196
249
222
184
160
222
187
177
195
229
187
122
119
64
-54
-196
-270
-371
-513
-625
-639
-631
-612
-603
-560
-492
-378
-288
-289
-284
-217
-72
-44
-30
29
142
187
211
275
302
288
235
262
253
223
153
137
131
114
146
150
178
127
151
183
231
177
139
157
192
218
169
183
190
202
166
195
214
173
118
108
141
34
-94
-203
-259
-375
-512
-552
-558
-584
-604
-513
-435
-413
-383
-302
-233
-234
-192
-87
-29
-24
18
146
207
205
200
236
261
236
208
168
161
140
137
126
132
161
183
176
166
199
201
185
131
142
151
164
138
127
128
147
160
127
140
148
159
112
97
82
7
-98
-189
-260
-367
-464
-496
-521
-563
-543
-473
-381
-382
-330
-233
-179
-172
-144
-30
-48
-59
-13
137
186
120
151
227
300
227
180
143
149
141
108
106
95
144
149
157
161
192
166
117
112
122
138
78
51
55
115
129
108
98
140
197
159
124
74
54
-48
-126
-187
-250
-350
-425
-400
-426
-436
-456
-373
-352
-350
-290
-204
-164
-194
-102
-14
8
-21
47
149
166
134
171
246
216
140
120
169
150
70
45
104
137
108
91
144
173
158
161
173
158
122
127
118
99
41
71
92
67
56
106
155
111
80
60
44
-85
-178
-229
-278
-370
-433
-394
-356
-369
-391
-320
-255
-246
-267
-225
-180
-150
-125
-78
-13
33
106
166
209
195
216
233
195
117
93
118
81
27
56
160
175
164
192
266
258
186
177
171
137
45
73
81
72
53
103
140
101
128
107
115
15
-35
-80
-125
-189
-261
-264
-317
-335
-345
-325
-361
-400
-402
-366
-344
-356
-304
-233
-153
-117
-23
56
100
113
163
247
246
223
197
233
213
169
158
131
85
52
147
200
175
146
236
306
271
231
234
236
151
129
149
136
54
53
123
155
99
83
120
94
8
-113
-157
-222
-305
-394
-420
-402
-401
-397
-404
-363
-359
-349
-353
-335
-338
-314
-244
-159
-90
-34
73
170
228
245
288
288
251
201
204
195
133
108
127
169
169
228
266
281
258
286
305
260
204
181
194
138
130
150
140
68
53
127
129
18
-59
-36
-36
-131
-247
-262
-289
-342
-375
-357
-358
-389
-379
-353
-336
-355
-359
-331
-314
-287
-235
-165
-113
-36
60
140
204
243
295
328
317
289
280
289
253
196
192
234
256
219
236
304
320
271
247
265
241
162
96
99
75
38
27
33
25
17
30
14
-32
-99
-120
-174
-248
-318
-344
-367
-390
-369
-349
-342
-357
-308
-275
-289
-323
-311
-266
-256
-223
-181
-78
11
100
181
265
331
339
355
350
351
306
291
271
262
246
251
278
260
254
253
264
219
174
163
166
104
45
50
53
12
-29
-15
-26
-66
-105
-90
-115
-185
-210
-224
-261
-336
-353
-353
-384
-405
-361
-324
-318
-290
-222
-151
-172
-187
-140
-84
-97
-100
-45
42
95
142
225
286
334
346
388
378
340
288
272
270
235
215
198
227
226
228
243
222
183
150
122
60
-31
-66
-70
-89
-109
-102
-59
-67
-93
-124
-109
-149
-213
-255
-294
-307
-333
-319
-340
-336
-307
-225
-182
-204
-191
-128
-76
-114
-131
-99
-44
-46
-25
59
137
173
201
281
318
310
286
312
303
262
238
245
259
218
212
220
235
221
190
160
117
99
62
8
-49
-78
-71
-89
-113
-119
-98
-105
-110
-129
-126
-146
-173
-205
-241
-258
-284
-285
-305
-309
-274
-219
-173
-150
-124
-92
-49
-66
-80
-93
-78
-65
-71
-27
51
123
146
196
265
295
275
253
252
228
191
185
211
202
187
213
248
238
200
168
143
91
35
4
-33
-77
-96
-90
-71
-84
-99
-84
-96
-110
-133
-127
-145
-191
-209
-192
-181
-226
-238
-221
-185
-177
-176
-144
-117
-102
-96
-75
-88
-101
-104
-85
-64
-52
-14
53
117
159
201
224
242
239
234
225
207
196
200
223
225
220
230
242
213
163
130
102
38
-10
-46
-54
-77
-91
-92
-99
-105
-113
-96
-119
-142
-147
-129
-154
-198
-206
-187
-194
-229
-211
-167
-156
-184
-146
-97
-86
-101
-108
-75
-91
-96
-85
-48
-29
-21
36
95
140
153
193
230
238
228
223
228
205
203
206
217
223
228
221
198
174
146
100
49
-4
-46
-62
-81
-103
-128
-128
-114
-107
-112
-124
-128
-135
-132
-134
-155
-173
-170
-156
-153
-162
-158
-145
-127
-117
-100
-88
-80
-71
-52
-38
-59
-52
-30
0
6
23
85
133
160
169
198
210
200
189
182
177
159
154
166
173
159
162
143
128
112
93
45
-4
-21
-50
-80
-123
-122
-135
-139
-148
-130
-104
-109
-109
-116
-95
-113
-138
-175
-170
-141
-129
-138
-126
-76
-48
-24
-40
-33
-39
-44
-34
-35
-45
-40
19
60
84
95
137
159
164
162
170
162
123
124
119
128
119
124
135
139
128
107
99
76
54
15
-6
-15
-25
-58
-85
-92
-95
-96
-116
-120
-123
-109
-93
-94
-96
-95
-91
-100
-109
-111
-95
-106
-110
-65
-25
-14
-22
-6
7
-2
-21
-17
0
-7
9
39
58
63
84
120
129
118
118
129
129
92
75
86
86
68
58
79
90
90
87
98
92
63
26
4
-20
-71
-102
-113
-116
-107
-81
-64
-65
-44
-44
-56
-79
-98
-101
-110
-115
-84
-51
-37
-45
-12
27
14
-20
-36
-18
-27
-46
-42
-7
9
0
11
36
50
54
69
78
84
96
103
98
74
54
50
59
58
45
68
92
111
105
103
101
72
29
-15
-25
-54
-74
-83
-73
-52
-36
-19
-26
-37
-53
-44
-36
-62
-78
-54
-23
-16
-29
-31
-7
-4
-4
-20
-16
-17
-7
-1
-21
-32
-33
-9
-25
-43
-39
4
42
38
41
59
90
86
63
33
29
30
41
39
31
65
103
121
97
84
97
88
45
-4
-19
-13
-23
-45
-49
-45
-34
-21
-24
-42
-53
-31
-25
-39
-50
-42
-24
-20
-22
-24
-12
7
7
-7
-27
-24
-15
-30
-56
-82
-73
-49
-52
-72
-60
-9
25
8
-14
21
63
54
27
22
42
63
59
56
66
69
87
100
89
67
71
83
75
49
20
14
0
-23
-35
-37
-44
-41
-22
-15
-13
-10
0
-6
-32
-36
-33
-41
-52
-52
-33
-22
-19
-19
-29
-33
-33
-49
-75
-86
-83
-57
-43
-45
-46
-18
2
-3
-2
5
38
34
33
39
51
64
48
67
67
78
74
77
94
90
84
85
96
69
49
36
24
-5
-23
-18
-18
-34
-34
-19
-7
-12
-34
-29
-34
-36
-36
-52
-61
-56
-40
-35
-36
-47
-31
-20
-39
-56
-62
-51
-54
-56
-44
-41
-39
-25
-21
-20
-17
2
27
41
48
59
76
71
51
40
57
66
66
74
95
108
106
97
81
52
9
-10
-12
-17
-42
-38
-10
1
-22
-38
-28
-32
-53
-76
-66
-51
-40
-31
-23
-24
-30
-22
-50
-93
-99
-79
-64
-72
-52
-18
-3
-10
-27
-45
-60
-56
-55
-49
-25
14
53
61
54
58
64
49
19
13
42
66
74
83
100
111
95
69
35
18
-3
-11
-7
-4
6
6
17
1
-25
-51
-55
-53
-66
-63
-40
-3
6
4
-11
-15
-29
-45
-53
-56
-51
-42
-19
-12
-14
-29
-31
-42
-49
-46
-41
-35
-24
-9
7
27
22
19
10
14
23
29
36
57
81
88
91
77
67
51
27
16
22
29
11
13
32
42
11
-33
-52
-55
-75
-107
-96
-54
-19
-24
-14
6
7
-17
-44
-51
-50
-40
-36
-30
-21
-12
-2
-7
-32
-43
-40
-38
-46
-54
-36
-17
-10
-17
-14
5
5
6
8
23
43
56
65
72
66
59
62
51
41
37
54
52
40
26
24
13
-12
-25
-21
-23
-29
-25
-21
-18
-43
-52
-53
-57
-60
-46
-21
-6
2
12
24
2
-20
-37
-41
-51
-52
-32
-16
-7
-9
-6
-14
-25
-35
-41
-50
-44
-25
-9
7
26
42
54
62
34
30
40
51
42
43
57
61
63
42
30
18
11
6
0
-10
-8
12
3
-19
-31
-28
-27
-43
-64
-42
-18
-5
0
-2
14
6
-8
-15
-19
-24
-10
2
2
16
19
29
12
-13
-22
-20
-13
-12
-9
4
14
18
19
10
9
14
24
38
55
69
81
93
80
60
34
23
12
0
-5
-1
11
13
8
-1
-3
-24
-46
-56
-62
-54
-44
-51
-53
-47
-42
-45
-57
-47
-28
-15
-6
-2
3
4
-11
-32
-30
-32
-31
-25
-6
12
25
23
24
18
-1
-14
-21
-9
-6
14
47
66
66
71
79
71
59
48
55
61
64
65
66
62
41
19
-1
-11
-16
-27
-28
-4
13
16
4
-7
-16
-40
-64
-78
-61
-49
-39
-17
8
21
12
-2
-14
-22
-33
-35
-27
-8
17
29
35
27
14
-3
-18
-28
-33
-11
4
25
30
44
47
34
18
2
11
25
36
56
72
81
86
72
53
32
10
-5
-8
0
6
19
16
10
7
-14
-39
-49
-62
-59
-45
-32
-20
-13
-4
-7
-2
-12
-29
-30
-15
-1
2
1
6
23
16
6
8
13
9
4
-5
-9
-1
9
9
5
8
17
25
22
14
23
32
44
52
56
68
64
59
48
38
27
20
20
18
15
27
27
16
9
-10
-21
-40
-53
-50
-42
-33
-28
-20
-20
-23
-17
-20
-22
-21
-26
-15
4
3
1
-2
5
5
-14
-19
-12
-5
-1
7
6
8
13
4
-13
-11
-5
1
0
1
19
31
41
31
35
40
32
29
27
34
38
36
34
28
10
-2
-8
-13
-21
-28
-30
-27
-26
-32
-27
-26
-36
-45
-61
-57
-49
-42
-28
-17
-11
1
5
6
0
-8
-10
-14
-15
-23
-11
3
10
11
5
3
1
7
-4
-12
-5
15
27
23
15
21
25
21
22
29
49
45
52
54
46
41
28
17
-4
-11
-5
-3
-13
-6
-2
-8
-16
-33
-45
-52
-53
-53
-46
-37
-16
-10
-13
-19
-26
-20
-29
-32
-26
-11
-7
-2
0
2
-3
-11
-17
-26
-20
-16
-10
-4
4
4
10
2
-7
-10
-12
-1
-4
5
18
34
33
27
27
29
22
4
-6
-11
-2
-6
-11
-11
-19
-24
-27
-29
-25
-26
-30
-34
-34
-41
-38
-34
-38
-43
-39
-22
-10
-14
-11
-11
-6
-7
-17
-13
-16
-7
-4
-2
3
10
16
11
6
-3
-5
-9
-8
-16
-8
6
11
12
6
17
17
19
9
7
14
14
25
18
22
16
3
-10
-19
-19
-23
-25
-25
-25
-24
-29
-29
-27
-31
-41
-39
-30
-28
-27
-17
-15
-14
-12
-24
-19
-16
-7
-5
-8
1
6
4
1
3
-4
2
3
-7
3
6
16
8
9
9
-1
1
-9
2
12
18
24
22
32
29
25
12
2
3
6
7
-4
-1
0
1
-13
-19
-15
-26
-28
-40
-38
-32
-28
-25
-22
-23
-22
-20
-24
-19
-18
-19
-16
-10
-11
-6
2
2
1
3
8
6
5
11
9
5
-1
-1
4
-4
-4
-4
-2
5
6
14
15
20
28
24
15
19
20
18
22
15
19
16
15
4
-4
-12
-17
-17
-21
-16
-19
-17
-18
-16
-25
-31
-30
-30
-26
-29
-21
-8
7
13
5
8
5
-1
-6
-3
-5
4
15
18
13
12
14
-3
-6
-13
-3
8
0
4
3
10
5
6
5
1
2
6
20
26
29
33
30
28
20
11
1
-13
-10
-10
-3
-9
-10
-6
-2
-14
-19
-12
-13
-11
-20
-14
-10
-7
-6
-5
6
12
7
13
26
25
30
26
32
34
28
23
13
11
3
-4
-6
2
9
10
7
3
9
14
9
10
8
15
11
6
15
20
22
23
25
19
20
19
14
7
-2
-8
-9
-14
-20
-14
-12
-3
-4
-12
-5
-3
-7
-13
-5
-3
-7
0
7
17
21
18
24
32
26
19
21
20
29
22
16
18
10
4
-6
-10
-9
-2
2
5
11
15
14
7
8
0
-1
1
2
9
20
27
27
20
14
8
-1
-11
-14
-11
-10
-9
-7
-10
-11
-7
-21
-22
-17
-18
-16
-12
-6
1
-3
-6
3
7
4
2
5
11
18
16
20
27
18
18
9
2
5
2
-5
-6
8
7
6
3
3
8
11
14
13
19
19
19
19
15
14
14
18
13
13
13
16
20
16
15
4
-3
-6
-17
-17
-11
-11
-6
5
-2
0
-5
-7
-8
-14
-3
2
8
17
15
11
12
12
9
9
10
15
13
11
16
17
12
9
4
-4
-2
-2
3
1
7
18
20
18
13
8
5
7
11
12
13
14
16
18
14
8
0
0
-6
-9
-12
-9
-8
-18
-18
-23
-20
-21
-19
-15
-16
-9
-9
-12
-9
-8
-7
-7
-6
-8
-8
0
0
5
14
15
17
2
-2
3
-6
-12
-13
-4
2
8
15
17
13
18
14
0
-2
-6
-5
-3
1
10
12
16
12
3
5
10
4
-3
1
4
-6
-5
-7
-15
-19
-18
-21
-21
-12
-6
5
-2
-1
-2
-8
-8
-15
-17
-14
-7
-2
11
9
12
12
9
9
-1
0
-1
6
1
-2
0
2
-2
-11
-13
-10
-5
-1
0
1
1
-2
1
-12
-21
-22
-19
-17
-8
-1
2
7
9
9
5
-6
-16
-20
-22
-21
-15
-8
-6
-1
-2
3
2
-2
-10
-9
-1
-6
0
2
0
7
5
1
7
7
10
13
11
5
11
14
8
-3
-11
-10
-12
-13
-10
-11
-3
4
-6
-13
-13
-18
-21
-22
-26
-21
-12
-9
-9
-7
-10
-2
0
-12
-8
-9
-12
-5
0
-5
-5
-1
-5
-8
-12
-8
-1
6
4
3
4
3
-4
-6
-6
-6
-5
0
-1
8
15
14
20
8
7
5
1
-10
-14
-18
-17
-8
-11
-17
-7
-7
-13
-10
-14
-18
-21
-25
-24
-19
-15
-10
-8
-6
0
0
-3
-4
-4
-3
-1
-3
4
4
3
2
1
2
0
7
2
5
1
5
5
2
4
-6
2
3
3
1
9
10
6
9
4
7
12
8
8
0
-6
-7
-2
-7
-15
-12
-14
-14
-13
-19
-12
-4
-10
-18
-19
-22
-11
-17
-15
-8
-9
0
-4
7
3
2
4
-3
-3
-2
-3
-1
-1
-1
10
6
3
7
2
-2
-3
-4
-3
-1
-1
3
7
6
9
9
15
12
13
10
5
9
8
0
3
0
1
7
-2
-9
-6
-8
-7
-6
-6
4
1
1
-2
-9
-6
-9
-14
-3
3
5
13
7
11
12
7
0
1
-3
-3
-3
0
2
3
4
-2
-3
0
3
1
0
-1
2
-2
-2
-11
-6
-2
4
5
5
11
1
10
11
5
6
7
0
-4
-7
-11
-10
-1
0
3
5
5
11
2
-3
-2
-1
4
-2
0
3
6
9
11
6
9
15
11
11
8
9
4
3
3
-3
-3
-3
-4
-1
-2
5
6
6
9
1
5
-3
-1
-5
-8
0
1
6
7
7
8
10
13
11
6
4
2
3
-1
-2
4
1
1
9
10
11
10
9
9
8
12
10
9
13
18
10
9
11
11
15
11
10
9
9
14
7
6
2
-6
0
-3
-3
-2
-2
0
0
-2
-3
2
-2
-5
-4
-4
-2
-2
-6
-4
0
-2
2
3
5
4
3
2
3
1
-3
-1
-5
-3
-3
1
7
7
9
6
8
11
7
7
7
8
8
11
8
12
22
13
12
5
4
3
-2
-2
-9
-3
0
-2
-2
-2
-2
-4
2
0
-2
3
-3
-4
-9
-9
1
-3
-1
1
1
3
8
5
3
3
5
4
3
3
-5
-5
2
-2
2
6
4
13
10
15
17
13
14
9
9
4
4
6
9
9
11
14
14
17
13
6
0
-5
-6
-3
-9
-13
-8
-10
-5
-2
-4
8
9
4
3
-2
-6
-11
-13
-20
-10
-4
1
5
5
4
5
8
-1
0
-5
-6
-8
-7
-7
-6
-1
-1
4
10
5
6
10
10
9
10
10
7
10
8
3
-1
0
4
5
9
11
10
8
5
2
-7
-10
-10
-16
-13
-9
-7
3
6
10
12
7
4
-2
-8
-16
-13
-14
-11
-3
-2
3
-1
-3
3
1
-2
-4
-7
-7
-12
-10
-12
-17
-7
-4
-3
2
9
10
10
8
3
-3
-5
-8
-11
-9
-4
-2
3
6
11
9
2
0
-6
-4
-12
-14
-16
-14
-6
-5
-5
0
2
2
-1
4
3
-5
-6
-7
-12
-15
-10
-13
-11
-3
-1
0
-1
0
0
-10
-8
-9
-15
-14
-13
-11
-10
0
4
-1
4
3
7
3
0
1
-6
-1
-7
-2
1
-2
1
0
2
1
2
-2
-2
-1
0
-2
-8
-9
-7
-8
-8
-3
0
1
3
1
-1
0
-4
-7
-8
-13
-17
-14
-8
-10
-8
-5
-8
-4
-2
-5
-11
-16
-17