8
14
13
2
1
0
0
1
2
-2
0
-3
0
8
6
2
-1
-4
-7
-6
-1
4
5
1
4
6
0
-3
2
1
-7
2
2
-3
4
2
1
1
-5
-14
-3
9
7
7
3
11
12
2
-1
-8
-6
-2
5
9
6
0
-5
-6
-1
5
4
5
2
0
2
-3
-11
-6
-6
-3
3
-2
1
-8
-8
-2
6
-1
-4
-3
-8
-2
-9
-6
-1
-5
0
-4
-12
-9
-2
-2
-4
-5
1
-10
-13
-9
0
4
2
6
-10
-7
-3
-10
-5
-4
-8
-3
0
-4
7
5
2
3
-5
-5
0
14
14
-3
-6
-1
-6
5
11
10
10
2
0
-7
-2
5
1
6
5
-6
-4
5
5
8
8
4
-3
-6
-2
4
9
2
5
4
0
3
7
2
1
-4
-6
-6
-4
5
-1
0
2
2
-7
-13
-5
0
7
6
12
6
-2
-1
7
0
-2
11
9
11
12
5
-10
-15
-12
-1
15
10
4
-6
-8
-4
-10
-5
-6
2
1
-2
8
5
-3
-4
-5
4
0
-11
-2
7
11
15
5
-9
-7
-10
8
7
2
6
-2
8
11
1
-2
-14
-16
-2
8
21
27
15
7
-8
-8
-1
-7
-1
0
2
0
-7
-7
-9
-1
-5
-10
-15
-16
1
1
-2
6
-10
-20
-17
-8
5
2
4
-1
-8
-8
-9
-9
-1
1
3
-6
-6
2
5
6
5
-1
-14
-7
7
15
10
11
3
-13
-9
-6
6
10
3
5
-1
-4
4
4
13
7
-2
2
-5
1
5
4
1
-10
-11
-13
-4
16
16
15
2
-11
-8
0
24
21
8
-1
-9
-1
8
18
10
-2
-7
-9
-1
5
4
-2
-2
-8
-12
-5
4
8
6
5
-8
-12
-5
7
22
12
2
-8
-7
4
8
12
2
-15
-21
-9
6
7
17
13
-7
-14
-13
1
3
8
11
4
2
-2
-13
-8
4
11
4
-8
-11
0
4
3
-2
-11
-10
-8
-1
11
10
-12
-23
-21
-12
-5
17
22
2
-19
-16
-13
-8
17
12
4
-2
-5
-2
3
5
0
-4
-10
-6
5
14
15
10
-12
-18
-13
-1
15
21
12
-8
-18
-15
0
2
9
5
-1
5
9
12
10
-5
-18
-15
-10
2
17
19
7
-14
-18
-19
-6
16
22
26
7
-7
-23
-16
11
9
7
5
-4
-19
-10
14
30
15
-3
-14
-29
-18
3
22
24
16
-18
-26
-18
-2
14
11
10
-7
-13
-5
3
17
31
22
3
-15
-25
-10
3
15
25
17
-9
-26
-27
-16
-5
15
8
-14
-14
-25
-13
-5
6
9
-7
-5
-3
5
17
20
17
3
-7
-5
-5
2
20
23
9
-3
-13
-10
8
15
7
1
5
-6
-11
-11
-1
3
5
6
-2
-8
-4
-3
3
14
13
9
-6
-16
-15
-11
1
18
23
19
0
-18
-24
-23
-15
4
22
21
10
-9
-29
-23
-7
-2
2
6
1
8
0
-2
-3
-19
-14
-5
7
20
17
12
0
-19
-28
-18
0
17
25
17
0
-20
-18
-5
5
14
15
16
-1
-8
-13
-14
-8
-1
3
-2
9
16
13
-1
-3
-2
-5
5
17
18
11
-4
-9
-10
4
9
16
18
-4
-18
-25
-12
16
38
49
31
-10
-40
-60
-55
-19
31
58
39
11
-24
-49
-45
-25
-2
29
33
29
24
15
-5
-25
-29
-35
-22
9
31
52
56
18
-27
-57
-55
-34
1
39
51
45
17
-15
-28
-26
-16
-1
22
25
30
19
16
-2
-36
-43
-49
-16
23
42
40
14
-4
-26
-24
-8
11
28
16
4
-1
2
4
4
11
-13
-28
-26
-16
19
43
50
27
-4
-37
-49
-40
-16
19
29
26
22
10
3
-16
-31
-37
-34
-8
33
66
68
28
-37
-85
-92
-61
-4
53
74
65
28
-13
-45
-54
-47
-26
11
28
40
34
30
4
-26
-46
-61
-38
8
52
73
61
19
-19
-54
-43
-14
-2
1
-2
1
-1
9
32
41
22
-11
-41
-54
-42
0
43
62
61
29
-15
-65
-68
-45
-11
38
71
73
49
0
-42
-67
-75
-51
0
48
65
53
24
-26
-51
-51
-34
-5
11
35
45
29
5
-12
-32
-47
-33
-5
13
37
43
27
-13
-36
-29
-16
5
17
18
11
-17
-15
4
14
21
15
-7
-26
-18
3
20
37
43
15
-10
-33
-40
-27
-1
23
26
22
18
20
15
1
-19
-33
-38
-11
20
54
63
31
-9
-67
-86
-53
-12
43
74
64
25
-19
-66
-80
-40
6
39
43
38
8
-23
-39
-44
-16
0
8
18
21
16
12
14
14
-2
-33
-46
-30
-4
39
64
46
7
-39
-61
-59
-21
14
36
30
17
-10
-32
-13
-4
-2
2
-16
-33
-7
38
60
50
21
-13
-50
-61
-25
3
38
42
13
8
-16
-13
-21
-26
-40
-42
-6
22
53
60
48
5
-40
-69
-70
-10
45
55
61
37
-5
-44
-67
-46
-22
-3
25
48
60
49
16
-35
-81
-83
-40
29
73
86
61
-10
-53
-63
-51
-1
39
53
36
8
-12
-32
-25
-17
-15
8
13
19
19
11
5
-8
-12
-5
5
20
13
4
-16
-27
-24
-18
13
28
28
21
5
-8
-26
-32
-14
11
30
48
52
27
-18
-60
-79
-48
3
61
91
85
33
-42
-78
-84
-39
22
42
47
31
-3
-24
-26
2
20
27
16
0
7
8
-4
-3
-1
-18
-29
-22
-8
9
12
-9
-23
-31
-33
-7
36
58
48
10
-31
-70
-65
-32
4
49
74
67
13
-29
-65
-79
-58
-24
28
50
32
4
-16
-30
-30
-30
-5
11
19
31
33
52
28
3
-24
-57
-63
-59
-18
28
56
58
19
-9
-38
-45
-6
24
41
36
10
-14
-26
-6
23
35
22
5
-11
-35
-28
-6
30
37
29
12
-25
-51
-49
-35
-9
29
48
56
36
27
6
-14
-16
-12
-4
1
9
3
7
8
-10
-19
-36
-37
-35
-18
18
45
54
35
3
-43
-61
-44
12
75
103
76
8
-58
-80
-70
-16
51
84
56
-26
-95
-125
-101
-36
44
103
113
70
5
-36
-32
-10
12
22
32
17
-5
-18
-26
-30
-48
-59
-47
-17
16
53
50
42
17
-8
-20
-13
17
24
29
26
30
22
3
12
7
-8
-39
-66
-70
-55
-25
15
49
58
40
1
-30
-45
-56
-23
25
63
58
41
12
-26
-47
-62
-67
-42
-8
10
28
39
31
5
-17
-37
-39
-31
-18
4
17
42
37
18
-3
-11
-8
-4
13
35
41
1
-27
-34
-34
-17
-17
-14
-24
-14
-13
3
38
63
68
46
10
-31
-39
-43
-8
10
40
26
4
17
-8
-12
-34
-54
-61
-42
1
46
77
69
30
-1
-26
-25
-1
23
46
41
33
12
-16
-21
-28
-28
-41
-45
-43
-45
-38
-15
27
36
45
63
46
34
7
-9
-15
-12
-13
1
-10
-18
-44
-62
-31
0
39
51
41
17
3
7
11
26
32
5
-26
-47
-65
-62
-42
-2
37
52
38
29
6
-15
-36
-37
-17
-1
29
47
47
30
-1
-40
-49
-41
-14
12
24
66
55
40
-1
-35
-43
-61
-31
-2
35
47
11
-11
-12
-21
3
22
33
29
-27
-51
-54
-12
32
60
53
23
-27
-55
-53
-26
25
33
28
13
-15
-28
-37
-31
-25
-11
8
35
58
55
45
5
-18
-40
-31
-1
11
14
-25
-63
-84
-59
-8
41
66
66
38
9
-25
-27
-9
0
15
24
41
23
-4
-33
-56
-73
-70
-28
18
65
72
63
33
10
-12
-26
-13
-4
13
5
19
17
4
-2
-18
-30
-33
-14
17
38
36
22
-2
-14
-2
27
33
25
7
-25
-27
-29
-4
10
5
-6
-39
-52
-48
-21
25
55
62
48
24
0
-19
-29
-22
-9
9
23
22
-6
-35
-65
-75
-55
-25
22
45
59
46
22
16
26
26
10
-17
-56
-74
-64
-33
0
27
29
12
-17
-25
-17
-2
21
43
27
-2
-20
-28
-19
-2
13
22
21
8
1
-8
-7
-5
7
13
5
-1
8
6
5
-4
-15
-13
-7
1
13
21
35
42
29
17
2
-18
-26
-23
-13
-2
-12
-19
-29
-25
-8
7
29
36
18
-4
-20
-10
2
4
7
-13
-25
-20
-1
29
44
32
5
-22
-39
-48
-24
0
21
31
21
9
-15
-33
-31
-21
-13
19
50
80
89
67
25
-25
-55
-63
-48
-31
-7
8
2
-3
-21
-31
-40
-40
-28
-15
5
32
61
75
77
48
12
-32
-64
-72
-56
-25
25
38
41
28
-2
-14
-27
-25
-3
22
40
40
22
12
1
-17
-18
-12
-20
-9
3
8
12
4
-5
-15
-8
-10
-8
-8
-11
-1
-3
-12
-2
5
11
6
2
-1
-17
-24
-18
-2
11
23
22
16
6
-16
-31
-31
-19
1
23
32
32
11
-10
-24
-28
-20
-6
0
9
7
-6
-7
-18
-26
-35
-30
-25
-30
-18
-12
4
27
40
47
37
26
11
-9
-18
-23
-28
-17
-9
3
14
20
31
27
36
41
44
47
36
41
28
18
-2
-37
-62
-81
-65
-38
-7
29
51
50
36
15
-2
-8
-5
-10
-3
-8
-28
-39
-50
-48
-41
-21
0
16
35
37
29
25
21
17
5
-6
-21
-36
-36
-23
-3
19
28
21
19
11
18
36
37
41
32
13
-10
-26
-33
-30
-34
-39
-44
-46
-27
0
30
43
37
26
8
8
10
27
34
20
10
-9
-24
-40
-47
-47
-35
-18
-10
11
29
41
42
38
29
15
3
1
-8
-16
-14
-13
-3
-3
-10
-13
-29
-39
-33
-22
-2
9
-3
-9
-16
-31
-22
-10
-3
4
9
9
20
31
35
33
16
0
-16
-16
-12
5
12
6
1
4
20
31
42
44
45
27
20
17
17
26
12
-7
-33
-42
-52
-52
-46
-35
-28
-37
-44
-39
-31
-25
-20
-23
-14
-1
7
15
14
14
11
13
12
17
10
12
12
0
5
3
7
9
17
10
-4
-18
-40
-43
-38
-29
-3
29
52
65
72
66
50
47
53
55
54
45
29
3
-20
-36
-50
-51
-50
-51
-52
-47
-38
-18
-9
-6
6
8
6
7
10
2
-2
-10
-14
-33
-54
-62
-70
-67
-59
-30
-11
-3
0
-28
-54
-74
-78
-62
-29
-4
10
13
12
17
39
74
101
127
140
130
127
138
133
130
128
115
100
84
74
72
82
101
124
141
153
150
145
127
104
67
11
-49
-113
-193
-268
-332
-394
-449
-492
-530
-558
-572
-574
-551
-518
-471
-403
-330
-251
-161
-68
22
113
208
292
369
439
501
559
599
629
635
627
612
591
556
523
484
440
402
359
323
288
269
247
231
234
239
263
276
259
216
134
13
-141
-321
-542
-788
-1055
-1336
-1603
-1837
-1994
-2067
-2051
-1927
-1712
-1409
-1043
-625
-190
245
643
990
1267
1467
1588
1627
1600
1506
1369
1207
1039
873
722
596
509
448
411
392
376
357
328
302
268
242
227
218
229
243
270
276
246
189
101
-37
-220
-437
-707
-1000
-1308
-1606
-1873
-2092
-2228
-2262
-2192
-2024
-1757
-1404
-1007
-586
-153
274
661
986
1238
1418
1516
1541
1516
1448
1331
1191
1049
895
759
639
546
469
384
325
272
222
179
153
133
138
159
218
298
394
506
602
683
709
702
649
544
349
73
-260
-644
-1082
-1517
-1902
-2251
-2533
-2700
-2735
-2656
-2456
-2127
-1696
-1222
-704
-154
383
856
1247
1552
1729
1788
1758
1664
1505
1306
1083
867
673
477
320
197
114
37
-9
-1
36
65
100
167
210
248
343
488
658
844
1058
1267
1380
1409
1402
1311
1105
775
373
-130
-752
-1403
-2015
-2581
-3081
-3443
-3610
-3592
-3426
-3057
-2535
-1918
-1288
-610
75
688
1189
1590
1887
1992
1959
1856
1714
1483
1214
984
785
578
410
335
303
253
223
250
276
274
262
295
311
293
339
481
657
841
1072
1328
1525
1594
1617
1589
1433
1096
662
157
-513
-1285
-1998
-2638
-3266
-3757
-4018
-4047
-3936
-3606
-3052
-2386
-1689
-938
-125
616
1213
1702
2091
2273
2263
2143
1979
1709
1376
1075
830
601
366
216
150
74
-16
-16
48
81
91
143
233
266
302
461
680
888
1121
1405
1670
1777
1828
1854
1756
1461
1033
548
-112
-916
-1689
-2395
-3098
-3712
-4098
-4227
-4191
-3934
-3410
-2732
-1988
-1205
-365
453
1162
1716
2153
2409
2456
2309
2069
1768
1339
902
543
245
-58
-272
-334
-342
-364
-290
-115
28
136
269
428
482
501
595
740
889
1071
1308
1549
1759
1879
1958
1967
1853
1575
1144
650
-12
-824
-1637
-2400
-3164
-3831
-4257
-4383
-4363
-4091
-3481
-2742
-1925
-1018
-6
893
1652
2294
2765
2945
2915
2729
2385
1909
1354
833
321
-80
-397
-600
-685
-656
-633
-578
-451
-349
-347
-406
-439
-609
-842
-1004
-1087
-1168
-1176
-1015
-742
-418
50
647
1231
1821
2392
2893
3252
3491
3586
3447
3152
2726
2124
1424
713
-6
-784
-1486
-2061
-2602
-3076
-3337
-3449
-3532
-3477
-3244
-2957
-2688
-2334
-1930
-1577
-1270
-906
-556
-248
56
384
694
974
1280
1557
1807
2023
2202
2270
2282
2199
2021
1734
1402
1035
566
135
-242
-560
-844
-972
-974
-875
-684
-344
89
566
1071
1550
1983
2300
2508
2491
2372
2080
1610
958
272
-457
-1335
-2162
-2844
-3404
-3919
-4166
-4159
-3996
-3766
-3279
-2659
-2039
-1414
-740
-75
391
799
1137
1396
1464
1509
1568
1588
1552
1570
1685
1755
1812
1876
2002
2002
1908
1739
1529
1156
626
73
-497
-1098
-1760
-2247
-2578
-2786
-2902
-2755
-2369
-1846
-1212
-409
528
1351
2125
2858
3508
3854
3982
3990
3724
3150
2473
1805
939
-72
-986
-1757
-2603
-3333
-3742
-3994
-4215
-4243
-3963
-3602
-3192
-2663
-2027
-1455
-916
-349
166
597
951
1261
1448
1633
1801
1909
1976
2077
2115
2050
1989
1911
1719
1421
1163
800
329
-126
-506
-966
-1395
-1633
-1767
-1879
-1820
-1479
-1094
-605
30
774
1444
2139
2806
3308
3652
3873
3833
3447
2986
2362
1490
395
-583
-1628
-2775
-3711
-4307
-4789
-5177
-5170
-4869
-4480
-3930
-3024
-2144
-1360
-594
221
795
1184
1561
1769
1733
1608
1572
1422
1275
1165
1185
1180
1238
1381
1511
1627
1710
1693
1543
1402
1109
682
181
-227
-730
-1218
-1519
-1675
-1763
-1717
-1344
-907
-396
258
1044
1674
2249
2814
3172
3158
2938
2666
2074
1249
364
-477
-1531
-2574
-3347
-3892
-4349
-4588
-4467
-4163
-3705
-3063
-2186
-1374
-611
64
688
1140
1408
1553
1553
1394
1079
869
691
562
435
525
722
901
1153
1532
1904
2039
2101
2111
2004
1596
1114
585
-46
-781
-1449
-1894
-2253
-2466
-2444
-2095
-1628
-1008
-239
689
1566
2344
3096
3674
3941
3834
3608
3103
2316
1276
266
-834
-2071
-3127
-3835
-4352
-4831
-4916
-4650
-4199
-3708
-2874
-1947
-1152
-527
119
734
1053
1245
1339
1369
1164
1022
954
977
952
1010
1217
1461
1717
1938
2249
2365
2297
2060
1852
1421
763
67
-539
-1199
-1958
-2403
-2602
-2709
-2744
-2304
-1620
-931
-181
847
1872
2591
3254
3872
4172
3929
3605
3143
2363
1216
146
-893
-2163
-3317
-4060
-4539
-5083
-5260
-5021
-4563
-4114
-3301
-2268
-1404
-687
94
917
1393
1720
1980
2142
1987
1833
1751
1691
1528
1396
1423
1435
1503
1572
1742
1780
1709
1496
1313
1012
492
-100
-640
-1181
-1902
-2383
-2626
-2764
-2917
-2635
-2015
-1425
-765
227
1330
2128
2925
3758
4338
4308
4187
3979
3348
2285
1218
171
-1221
-2551
-3506
-4181
-4927
-5292
-5190
-4805
-4334
-3519
-2435
-1455
-608
226
1108
1649
1988
2116
2158
1907
1553
1270
1047
804
542
532
620
790
968
1300
1559
1670
1632
1609
1437
974
395
-194
-814
-1593
-2180
-2555
-2777
-2913
-2683
-2117
-1419
-634
388
1530
2502
3368
4114
4636
4610
4358
3929
3175
2024
798
-395
-1788
-3097
-4006
-4637
-5210
-5436
-5195
-4691
-4096
-3166
-2071
-1122
-332
492
1242
1656
1909
2029
1940
1598
1325
1135
894
656
577
610
692
880
1151
1408
1562
1648
1601
1506
1267
830
258
-297
-903
-1602
-2120
-2399
-2621
-2746
-2473
-1920
-1358
-706
297
1313
2135
2939
3785
4299
4281
4193
3996
3345
2277
1272
225
-1184
-2528
-3393
-4131
-4933
-5380
-5265
-4944
-4573
-3746
-2658
-1707
-928
7
972
1562
1904
2201
2336
2078
1768
1609
1393
987
721
702
729
760
958
1259
1449
1535
1563
1630
1465
1064
530
13
-623
-1434
-2080
-2513
-2912
-3215
-3084
-2593
-2025
-1336
-231
971
2029
3030
4112
4870
5019
5035
4891
4259
3063
1884
612
-1032
-2628
-3740
-4668
-5613
-6101
-6010
-5644
-5128
-4097
-2887
-1754
-740
378
1388
2026
2422
2616
2586
2208
1837
1497
1143
693
432
357
421
570
845
1226
1523
1732
1795
1897
1700
1231
589
4
-753
-1654
-2307
-2785
-3210
-3451
-3170
-2656
-2019
-1197
24
1187
2252
3312
4312
4885
4901
4858
4510
3699
2459
1294
-57
-1669
-3090
-4030
-4849
-5588
-5806
-5542
-5038
-4387
-3219
-2038
-957
-15
1012
1865
2331
2613
2687
2537
2038
1655
1289
886
409
201
144
153
297
581
896
1087
1293
1360
1439
1249
897
357
-176
-787
-1520
-2066
-2479
-2791
-2973
-2729
-2256
-1643
-919
115
1159
2146
3087
3976
4551
4583
4552
4254
3569
2460
1374
174
-1327
-2667
-3580
-4377
-5149
-5438
-5264
-4845
-4276
-3223
-2089
-1068
-150
846
1732
2219
2536
2651
2552
2093
1693
1336
887
358
71
-4
-52
63
357
722
950
1216
1402
1564
1459
1151
702
188
-423
-1203
-1805
-2336
-2804
-3150
-3077
-2737
-2280
-1659
-694
373
1370
2383
3406
4200
4415
4558
4532
4063
3075
2077
1031
-442
-1879
-2837
-3646
-4576
-5055
-4957
-4625
-4266
-3355
-2217
-1253
-445
528
1482
1924
2166
2319
2270
1765
1343
1047
629
86
-189
-200
-219
-91
254
669
932
1226
1444
1648
1553
1258
808
301
-334
-1156
-1783
-2303
-2801
-3158
-3025
-2638
-2165
-1507
-396
710
1718
2806
3900
4647
4798
4962
4862
4234
3125
2098
895
-748
-2235
-3207
-4151
-5156
-5554
-5420
-5123
-4716
-3634
-2454
-1471
-538
616
1592
2051
2403
2627
2562
2030
1639
1307
799
162
-127
-186
-301
-255
100
505
707
1031
1328
1562
1441
1241
924
423
-192
-900
-1457
-2028
-2520
-2813
-2740
-2470
-2033
-1396
-430
557
1534
2557
3516
4241
4434
4557
4445
3905
2911
1869
782
-709
-2139
-3128
-3957
-4868
-5309
-5179
-4837
-4429
-3497
-2301
-1321
-417
617
1601
2062
2332
2517
2466
1951
1463
1165
654
66
-285
-304
-394
-350
1
440
731
1066
1440
1692
1696
1511
1251
769
231
-500
-1126
-1719
-2272
-2633
-2740
-2523
-2247
-1720
-935
37
945
1900
2859
3656
4007
4156
4247
3874
3096
2132
1260
-57
-1430
-2437
-3205
-4105
-4743
-4723
-4510
-4216
-3600
-2501
-1621
-850
46
1047
1561
1787
2045
2122
1773
1287
1118
741
233
-153
-79
-112
-137
152
589
895
1097
1421
1668
1676
1405
1167
774
251
-491
-1049
-1545
-2088
-2466
-2517
-2278
-2066
-1602
-800
128
914
1798
2761
3450
3630
3831
3919
3479
2575
1737
850
-575
-1855
-2714
-3505
-4444
-4861
-4704
-4460
-4118
-3212
-2115
-1217
-362
720
1649
2048
2370
2577
2507
1994
1601
1249
687
68
-236
-351
-518
-501
-216
121
349
719
1029
1292
1272
1198
970
648
168
-439
-925
-1432
-1862
-2146
-2085
-1918
-1605
-1091
-229
590
1454
2342
3213
3715
3856
4049
3855
3238
2242
1382
161
-1295
-2483
-3342
-4307
-5097
-5257
-5070
-4768
-4161
-2978
-1952
-925
138
1350
2110
2592
2975
3094
2855
2350
2007
1438
785
169
-85
-396
-562
-510
-245
-56
199
576
803
960
878
818
480
175
-350
-854
-1340
-1766
-2077
-2176
-1992
-1734
-1255
-594
344
1140
2094
2914
3632
3922
4058
4080
3623
2833
1854
863
-553
-1843
-2873
-3725
-4676
-5098
-5065
-4852
-4426
-3517
-2374
-1492
-416
689
1653
2131
2607
2833
2710
2290
1923
1496
811
246
-121
-339
-621
-571
-356
-76
119
542
888
1058
1104
1069
898
493
97
-427
-954
-1486
-1851
-2075
-2043
-1877
-1490
-904
-96
737
1630
2584
3316
3763
3987
4097
3770
3087
2194
1226
-129
-1495
-2593
-3520
-4497
-5101
-5162
-5035
-4690
-3899
-2749
-1821
-777
381
1450
2037
2538
2910
2868
2482
2106
1739
1074
430
8
-176
-495
-524
-317
7
190
532
991
1197
1207
1119
1005
561
48
-495
-1000
-1655
-2127
-2353
-2316
-2212
-1865
-1159
-340
536
1473
2598
3433
3920
4168
4405
4106
3367
2469
1528
152
-1404
-2496
-3438
-4487
-5280
-5289
-5162
-4903
-4177
-2881
-1900
-990
248
1430
2071
2429
2949
2991
2558
2086
1871
1247
482
13
-93
-348
-550
-261
70
262
471
982
1241
1208
1062
950
541
-33
-585
-1100
-1667
-2254
-2472
-2427
-2196
-1911
-1260
-320
616
1492
2595
3637
4157
4313
4533
4461
3639
2611
1662
385
-1355
-2671
-3531
-4584
-5594
-5728
-5415
-5212
-4604
-3238
-1987
-1139
85
1486
2307
2585
3099
3322
2898
2309
2039
1545
650
65
-103
-286
-582
-419
-53
168
274
715
1053
991
766
592
320
-343
-892
-1359
-1804
-2358
-2551
-2313
-1963
-1565
-832
285
1287
2222
3266
4363
4708
4764
4829
4563
3523
2250
1209
-335
-2118
-3480
-4300
-5395
-6190
-6163
-5676
-5308
-4435
-2934
-1646
-592
664
2100
2771
3105
3401
3526
2955
2329
1899
1272
377
-249
-364
-600
-753
-592
-129
88
372
790
1176
1092
875
681
322
-293
-981
-1424
-1968
-2461
-2676
-2351
-1990
-1541
-731
505
1531
2522
3673
4688
5030
5010
5132
4669
3571
2231
1107
-551
-2352
-3665
-4553
-5687
-6427
-6289
-5832
-5366
-4440
-2881
-1693
-591
713
2094
2683
3011
3320
3332
2776
2186
1826
1112
303
-206
-261
-470
-517
-248
189
365
676
1135
1318
1157
863
627
51
-616
-1247
-1810
-2385
-2819
-2837
-2500
-2040
-1418
-441
788
1929
3021
4215
5099
5303
5361
5268
4614
3332
2000
639
-1209
-2936
-4146
-5147
-6256
-6712
-6493
-5963
-5372
-4155
-2639
-1452
-262
1089
2362
2849
3144
3391
3286
2615
2138
1743
1002
191
-144
-115
-384
-327
46
422
547
894
1336
1363
1041
777
464
-241
-921
-1523
-2043
-2671
-2959
-2745
-2350
-1848
-1050
136
1319
2469
3643
4818
5347
5479
5508
5176
4193
2770
1495
-188
-2088
-3628
-4705
-5864
-6751
-6890
-6473
-5965
-5083
-3608
-2279
-1024
223
1641
2552
2979
3252
3389
3070
2481
2037
1535
835
173
111
22
-74
59
494
758
917
1246
1479
1269
836
509
-60
-763
-1554
-2104
-2663
-3099
-3133
-2755
-2208
-1520
-452
849
2107
3264
4530
5360
5672
5740
5580
4828
3522
2151
586
-1295
-3025
-4326
-5531
-6539
-7004
-6830
-6358
-5645
-4396
-3036
-1712
-434
908
2027
2621
3002
3228
3122
2676
2256
1799
1231
612
414
380
278
350
621
961
1085
1338
1490
1362
910
492
-32
-762
-1510
-2193
-2715
-3191
-3238
-2971
-2441
-1776
-741
499
1784
2998
4176
5148
5534
5752
5595
5053
3899
2562
1082
-668
-2337
-3729
-4938
-6003
-6526
-6586
-6212
-5629
-4547
-3406
-2201
-928
266
1327
1979
2430
2577
2606
2386
2063
1617
1272
846
590
629
690
792
909
1245
1410
1560
1569
1458
999
449
-120
-801
-1497
-2246
-2717
-3145
-3178
-2927
-2355
-1664
-680
501
1751
2992
4091
4982
5286
5548
5328
4739
3669
2447
949
-817
-2265
-3528
-4746
-5776
-6101
-6195
-5908
-5290
-4138
-3175
-2195
-914
207
1067
1596
2157
2219
2093
1947
1832
1419
1035
826
763
766
818
1141
1267
1433
1526
1742
1662
1318
869
362
-274
-1056
-1606
-2189
-2712
-3090
-2914
-2538
-2049
-1326
-252
857
1857
3050
4143
4798
4886
5085
4892
4120
2989
1922
564
-1248
-2590
-3521
-4589
-5614
-5803
-5606
-5388
-4865
-3648
-2662
-1896
-832
310
1042
1310
1724
1884
1711
1463
1414
1244
904
701
912
1104
1205
1438
1743
1919
1846
1947
1861
1388
679
103
-523
-1305
-2012
-2437
-2847
-3115
-2881
-2291
-1640
-920
214
1356
2398
3411
4389
4807
4836
4753
4376
3470
2268
1077
-418
-1932
-3123
-4047
-4962
-5500
-5563
-5236
-4736
-3882
-2873
-1991
-1036
-154
682
1172
1408
1446
1356
1172
981
766
623
477
479
795
1129
1506
1759
2095
2277
2311
2244
1941
1316
564
-177
-963
-1706
-2386
-2783
-3142
-3071
-2606
-1933
-1149
-157
1015
2137
3169
4120
4777
4829
4785
4424
3713
2571
1342
20
-1539
-2803
-3716
-4535
-5208
-5362
-5127
-4612
-3952
-2923
-1974
-1181
-339
429
1009
1175
1209
1132
901
587
420
259
104
54
301
754
1049
1463
1875
2131
2222
2246
2131
1613
884
227
-470
-1276
-1915
-2384
-2688
-2790
-2434
-1733
-1044
-134
963
2056
3054
3941
4619
4770
4626
4297
3628
2563
1342
-14
-1454
-2752
-3743
-4508
-5132
-5308
-5173
-4634
-3877
-2902
-1953
-1007
-128
619
1253
1536
1567
1327
1173
794
448
186
-23
-229
-185
185
503
818
1135
1523
1635
1784
1735
1475
925
321
-236
-825
-1353
-1840
-2077
-2158
-1878
-1376
-607
185
1096
2057
3005
3884
4400
4572
4466
4106
3345
2345
1256
-100
-1687
-2919
-3790
-4701
-5357
-5423
-5238
-4920
-4123
-2912
-1972
-1110
-54
878
1440
1810
2054
1944
1601
1271
1008
633
267
-23
-61
-1
149
358
617
808
889
991
1000
838
414
2
-391
-770
-1205
-1441
-1514
-1500
-1287
-690
24
708
1516
2382
3193
3811
4288
4354
4229
3778
3011
2032
1003
-367
-1836
-2945
-3851
-4789
-5405
-5332
-5278
-4962
-4141
-2992
-2139
-1216
-65
847
1410
1846
2248
2191
1988
1739
1571
1151
742
527
403
259
194
325
271
255
234
261
33
-167
-403
-768
-991
-1169
-1278
-1371
-1166
-877
-435
156
917
1628
2318
3065
3640
4154
4203
4129
3855
3298
2357
1361
374
-1041
-2340
-3250
-4025
-4982
-5306
-5234
-5064
-4706
-3825
-2800
-2050
-1053
-49
847
1394
1863
2175
2318
2197
2042
1946
1641
1280
975
921
639
361
227
56
-202
-508
-684
-956
-1297
-1640
-1714
-1772
-1791
-1682
-1329
-794
-335
491
1305
2104
2796
3525
4138
4552
4704
4460
4196
3615
2772
1624
759
-538
-1992
-2976
-3683
-4572
-5305
-5200
-5142
-4956
-4401
-3319
-2624
-1842
-851
145
878
1317
1891
2212
2390
2263
2426
2345
2049
1712
1668
1457
942
680
288
-112
-718
-1062
-1544
-1979
-2445
-2741
-2720
-2649
-2459
-2099
-1255
-592
306
1354
2472
3257
4010
4771
5210
5415
5087
4794
4150
3247
1978
964
-199
-1761
-2940
-3668
-4439
-5326
-5382
-5282
-5120
-4761
-3809
-3014
-2338
-1417
-532
373
900
1453
1898
2346
2405
2510
2742
2686
2387
2252
2270
1765
1294
849
368
-393
-1075
-1670
-2309
-2933
-3465
-3551
-3531
-3367
-3033
-2143
-1198
-235
1022
2305
3410
4279
5179
5793
6095
5838
5411
4799
3872
2529
1232
111
-1506
-2932
-3795
-4444
-5383
-5720
-5499
-5288
-5000
-4205
-3210
-2555
-1762
-887
93
668
1111
1638
2181
2368
2438
2845
2997
2777
2606
2823
2482
1887
1417
996
199
-755
-1405
-2111
-2947
-3730
-3891
-3940
-3943
-3730
-2833
-1861
-941
385
1849
3098
4016
5088
5926
6318
6111
5841
5289
4296
2954
1714
497
-1275
-2719
-3612
-4428
-5412
-5712
-5565
-5440
-5118
-4223
-3320
-2677
-1808
-958
-96
477
986
1427
1839
2079
2229
2543
2751
2698
2667
2849
2659
2333
1914
1493
751
-117
-878
-1706
-2598
-3425
-3878
-4156
-4206
-4085
-3363
-2537
-1473
-197
1233
2629
3776
4895
5770
6307
6225
6031
5431
4517
3116
1902
508
-1189
-2510
-3566
-4462
-5308
-5489
-5505
-5274
-4831
-3990
-3273
-2452
-1607
-898
-55
449
905
1228
1665
1795
1952
2252
2418
2369
2504
2669
2470
2311
2021
1645
968
295
-445
-1299
-2119
-2849
-3438
-3803
-3952
-3878
-3387
-2686
-1706
-609
680
2045
3220
4317
5257
5776
5887
5744
5330
4465
3229
2081
636
-914
-2162
-3232
-4230
-4950
-5216
-5243
-5041
-4508
-3805
-3138
-2261
-1507
-721
20
512
904
1259
1592
1676
1860
2058
2065
2010
2211
2191
2004
1898
1682
1249
686
285
-367
-1115
-1724
-2268
-2769
-3062
-3130
-3002
-2650
-2105
-1288
-321
745
1780
2792
3824
4371
4764
5019
4889
4292
3500
2731
1448
120
-987
-1969
-3167
-3921
-4313
-4560
-4621
-4340
-3702
-3276
-2568
-1863
-1043
-423
111
618
1062
1322
1454
1722
1834
1829
1710
1862
1738
1512
1363
1245
868
381
96
-264
-785
-1264
-1450
-1763
-2018
-2046
-1766
-1533
-1259
-648
57
709
1373
2160
2862
3180
3394
3634
3635
3170
2572
2043
1168
92
-767
-1382
-2332
-3115
-3457
-3566
-3699
-3656
-3165
-2766
-2375
-1889
-1110
-487
-179
245
799
1138
1185
1501
1739
1638
1454
1561
1532
1135
885
691
401
-67
-336
-536
-840
-1136
-1245
-1163
-1181
-1085
-828
-371
-114
365
912
1447
1808
2223
2663
2699
2728
2564
2445
1835
1368
706
27
-777
-1437
-1862
-2471
-2737
-3014
-2869
-2857
-2551
-2209
-1771
-1412
-1111
-558
-218
121
238
664
795
905
1103
1281
1304
1148
1237
1105
894
592
346
-34
-394
-733
-997
-1148
-1340
-1332
-1241
-880
-615
-186
365
941
1442
1896
2463
2781
2930
2808
2895
2527
2001
1417
903
133
-818
-1319
-1898
-2449
-2953
-2924
-3019
-2941
-2672
-2161
-1692
-1330
-746
-306
174
382
719
913
994
952
1002
987
875
776
620
574
298
209
-26
-168
-466
-683
-794
-998
-1089
-1165
-1034
-1070
-736
-434
-27
373
969
1571
1940
2593
2979
3270
3200
3270
3011
2500
1853
1151
365
-717
-1482
-2292
-2829
-3511
-3725
-3720
-3612
-3299
-2822
-2043
-1481
-809
-183
585
987
1331
1653
1894
1838
1645
1704
1410
1031
660
423
1
-463
-743
-1052
-1396
-1609
-1702
-1735
-1626
-1468
-1181
-809
-333
117
602
1109
1675
2050
2466
2797
3075
3112
2964
2979
2667
2201
1574
1114
357
-518
-1266
-1845
-2512
-3201
-3404
-3521
-3468
-3454
-2980
-2372
-1938
-1380
-665
125
541
1032
1613
2056
2054
2151
2261
2088
1661
1225
998
346
-304
-836
-1220
-1785
-2231
-2384
-2361
-2355
-2192
-1686
-1148
-488
73
864
1584
2214
2676
3179
3539
3606
3431
3233
3014
2371
1756
1030
460
-470
-1233
-1803
-2310
-2858
-3236
-3169
-3107
-2883
-2672
-2068
-1636
-1195
-765
-229
305
487
818
1218
1541
1525
1638
1832
1752
1429
1228
1099
570
-41
-502
-924
-1529
-2083
-2285
-2424
-2527
-2440
-2050
-1434
-883
-214
569
1524
2205
2770
3443
3956
3999
3684
3741
3271
2508
1612
982
11
-1190
-1881
-2588
-3163
-3808
-3819
-3760
-3401
-3018
-2431
-1614
-987
-299
186
1045
1317
1517
1745
2042
1968
1684
1721
1485
1142
657
552
139
-336
-777
-1087
-1327
-1743
-1913
-2018
-1920
-1895
-1717
-1266
-779
-334
88
866
1509
1990
2423
3022
3398
3226
3283
3226
2880
2095
1482
888
-160
-1120
-1936
-2573
-3351
-3838
-4000
-3827
-3552
-3209
-2493
-1623
-831
-246
695
1510
1859
2148
2643
2856
2581
2371
2225
1770
1095
623
161
-460
-1129
-1647
-1886
-2189
-2456
-2490
-2229
-1957
-1728
-1121
-395
171
541
1280
1981
2338
2551
2905
3211
2768
2677
2533
2203
1413
843
460
-450
-1137
-1834
-2282
-3029
-3379
-3613
-3486
-3288
-3099
-2521
-1899
-1088
-642
320
1028
1535
1935
2536
2912
2853
2884
2689
2409
1744
1348
667
-7
-774
-1475
-1953
-2427
-2623
-2826
-2685
-2457
-1996
-1436
-673
113
682
1427
2092
2717
3046
3290
3444
3083
2914
2484
2060
1347
586
-106
-1027
-1550
-2344
-2862
-3472
-3668
-3853
-3726
-3208
-2888
-2296
-1800
-812
-261
506
1146
1643
2074
2364
2799
2855
2897
2569
2292
1913
1475
802
138
-513
-1277
-1874
-2210
-2423
-2704
-2656
-2366
-1876
-1357
-584
122
780
1516
2169
2786
3127
3414
3314
3084
2906
2450
1888
1092
484
-404
-1213
-1861
-2526
-3137
-3710
-3821
-3927
-3637
-3336
-2897
-2321
-1685
-891
-308
542
1053
1533
2025
2533
2867
2910
2994
2777
2459
2065
1598
918
77
-648
-1362
-1931
-2374
-2658
-2777
-2735
-2368
-1796
-1062
-334
348
1164
1989
2674
3136
3541
3716
3402
3173
2858
2408
1435
674
-107
-993
-1780
-2498
-2977
-3632
-3834
-3977
-3600
-3267
-2876
-2375
-1749
-1012
-584
164
572
963
1236
1730
2063
2221
2424
2394
2330
2123
1966
1495
897
227
-415
-996
-1593
-2004
-2381
-2532
-2479
-2174
-1734
-1118
-431
227
1051
1919
2690
3100
3628
3728
3728
3434
3162
2543
1618
800
-338
-1116
-2189
-2911
-3807
-4092
-4360
-4365
-3896
-3434
-2702
-2179
-1067
-428
333
893
1388
1698
1812
2122
2054
2010
1755
1672
1437
1132
843
445
76
-392
-680
-1018
-1264
-1508
-1640
-1606
-1423
-1200
-901
-466
29
553
1138
1813
2275
2737
2938
3113
3090
3054
2674
2098
1465
621
-180
-1104
-1887
-2881
-3440
-3914
-4059
-4046
-3746
-3312
-2832
-1963
-1157
-249
344
1108
1632
2201
2476
2651
2665
2355
2054
1604
1308
584
-66
-686
-1080
-1463
-1785
-1823
-1911
-1750
-1548
-1018
-653
-217
169
611
1031
1457
1905
2118
2356
2415
2530
2411
2400
2068
1682
1088
518
-101
-741
-1451
-2223
-2664
-3045
-3188
-3300
-3094
-2900
-2545
-1997
-1363
-771
-285
315
897
1510
1960
2315
2485
2522
2435
2225
1844
1264
539
-154
-810
-1328
-1780
-2118
-2314
-2304
-2054
-1654
-1227
-759
-222
344
881
1366
1893
2235
2438
2548
2633
2553
2384
2077
1696
1078
465
-194
-779
-1453
-2062
-2510
-2717
-2782
-2739
-2601
-2421
-2035
-1654
-1125
-759
-324
44
507
986
1416
1769
1962
2114
2170
2154
1891
1494
959
366
-262
-790
-1216
-1583
-1848
-1867
-1826
-1637
-1361
-1018
-666
-298
204
651
1113
1482
1850
2079
2210
2229
2239
2129
1781
1333
855
322
-306
-944
-1425
-1900
-2211
-2317
-2268
-2216
-2178
-1929
-1623
-1292
-1000
-661
-312
104
532
977
1312
1575
1738
1891
1937
1798
1479
1103
691
158
-241
-645
-954
-1226
-1240
-1172
-1110
-1002
-897
-705
-531
-287
-53
275
586
881
1207
1467
1641
1636
1666
1597
1396
1059
651
275
-237
-711
-1099
-1342
-1543
-1669
-1651
-1607
-1578
-1507
-1378
-1240
-1100
-910
-592
-192
221
558
948
1248
1474
1586
1651
1528
1232
986
648
292
-119
-360
-593
-742
-752
-666
-586
-623
-566
-471
-377
-363
-248
-14
194
427
716
1003
1150
1216
1299
1292
1144
893
636
361
-7
-365
-657
-894
-1117
-1272
-1296
-1346
-1371
-1372
-1302
-1305
-1249
-1059
-826
-485
-165
268
623
1003
1265
1446
1566
1471
1311
1067
915
512
151
-149
-328
-548
-705
-622
-645
-595
-564
-327
-253
-164
-65
112
311
461
693
797
988
988
1033
983
924
740
505
359
95
-142
-438
-611
-897
-1070
-1193
-1284
-1358
-1407
-1346
-1363
-1246
-1107
-858
-611
-342
0
364
776
1005
1211
1348
1408
1289
1162
1026
738
382
67
-97
-355
-599
-723
-726
-699
-626
-465
-283
-145
5
179
421
624
746
912
1068
1153
1094
1085
976
774
530
305
84
-208
-402
-673
-854
-1064
-1207
-1302
-1380
-1401
-1421
-1331
-1244
-1125
-990
-779
-598
-304
43
399
688
943
1155
1303
1370
1296
1168
934
735
435
231
-52
-313
-528
-692
-663
-684
-599
-565
-356
-188
-10
221
461
669
835
1112
1280
1369
1355
1297
1134
845
570
249
-52
-381
-684
-891
-1092
-1302
-1460
-1530
-1556
-1552
-1450
-1266
-1142
-1000
-846
-548
-313
-35
201
488
692
885
1055
1070
1030
851
727
563
454
274
97
-45
-129
-202
-233
-249
-273
-246
-170
-55
23
170
298
488
651
897
1072
1197
1271
1285
1204
970
720
392
89
-258
-560
-830
-1057
-1270
-1442
-1534
-1562
-1542
-1449
-1317
-1169
-1039
-859
-676
-431
-190
39
258
507
764
921
984
972
918
757
628
472
305
94
-61
-143
-192
-241
-260
-228
-171
-101
-3
119
227
356
512
673
818
976
1093
1180
1186
1111
952
763
487
182
-107
-401
-715
-971
-1160
-1318
-1440
-1482
-1429
-1348
-1248
-1160
-996
-845
-692
-540
-290
-80
100
338
582
785
828
902
892
841
662
521
364
160
-6
-122
-149
-281
-293
-277
-208
-201
-135
-10
106
251
380
620
768
929
1068
1219
1245
1142
1085
908
681
327
47
-278
-589
-901
-1133
-1276
-1421
-1483
-1463
-1331
-1253
-1136
-975
-751
-584
-385
-171
51
239
399
591
711
785
745
747
655
496
331
180
42
-133
-199
-256
-277
-312
-294
-243
-204
-137
-52
72
190
304
483
673
830
937
1055
1123
1118
1089
970
809
544
271
-14
-294
-575
-882
-1078
-1259
-1354
-1446
-1433
-1385
-1316
-1146
-953
-674
-463
-184
75
362
576
742
896
963
986
898
819
654
450
207
22
-128
-310
-433
-505
-532
-581
-554
-481
-392
-292
-135
67
248
456
639
823
936
1014
1086
1106
1059
932
802
602
379
119
-126
-398
-675
-883
-1051
-1191
-1317
-1376
-1384
-1343
-1199
-1016
-799
-519
-210
78
360
643
848
971
1077
1143
1085
974
820
623
389
154
-60
-266
-467
-636
-754
-786
-806
-811
-717
-583
-430
-230
49
305
504
710
927
1021
1090
1114
1084
960
797
656
443
193
-84
-310
-574
-783
-990
-1109
-1223
-1292
-1297
-1207
-1037
-882
-666
-385
-75
158
424
658
827
894
990
1046
1022
940
815
679
502
319
98
-114
-327
-537
-699
-790
-850
-898
-867
-781
-637
-440
-222
32
222
444
642
828
938
995
1030
976
892
750
606
362
104
-172
-411
-659
-911
-1079
-1221
-1284
-1304
-1196
-1025
-818
-582
-278
28
285
533
739
907
989
1062
1089
1072
992
857
719
544
324
85
-172
-424
-626
-778
-887
-950
-962
-908
-791
-647
-460
-271
-69
121
315
521
674
813
901
973
959
889
798
621
412
142
-112
-391
-651
-882
-1083
-1192
-1254
-1217
-1120
-930
-735
-499
-232
35
294
478
671
826
950
1018
1069
1065
1010
917
784
599
369
110
-152
-402
-583
-756
-867
-921
-926
-867
-783
-635
-502
-329
-152
28
227
429
596
731
861
942
953
909
812
643
443
198
-74
-355
-608
-846
-1042
-1157
-1187
-1155
-1105
-935
-727
-509
-285
-12
236
418
598
776
926
998
1037
1038
1002
919
778
593
383
125
-138
-350
-530
-685
-799
-827
-831
-763
-679
-574
-466
-312
-141
8
192
359
525
642
771
828
852
810
729
600
425
232
-22
-269
-519
-726
-931
-1062
-1127
-1110
-1049
-933
-738
-534
-292
-68
189
400
578
729
866
967
985
982
932
866
711
528
302
63
-182
-409
-566
-724
-791
-830
-784
-703
-592
-476
-334
-160
-19
158
317
478
566
665
723
731
702
646
568
433
299
116
-63
-270
-458
-647
-798
-882
-934
-903
-827
-733
-604
-416
-236
-74
95
274
427
572
691
777
819
808
787
711
606
432
240
36
-174
-369
-541
-660
-753
-775
-743
-651
-559
-433
-298
-152
2
161
327
472
594
687
764
783
761
681
578
428
277
88
-108
-291
-488
-650
-777
-820
-862
-816
-739
-603
-451
-298
-126
17
166
275
411
525
607
645
667
678
627
553
444
309
131
-30
-190
-342
-486
-589
-646
-665
-633
-582
-479
-410
-297
-175
-42
99
254
406
523
640
709
748
723
676
564
442
303
127
-52
-229
-389
-553
-670
-749
-764
-740
-669
-546
-401
-244
-109
46
177
284
384
486
557
581
594
580
537
447
346
213
62
-93
-235
-348
-469
-533
-587
-573
-544
-494
-411
-322
-223
-127
-33
76
175
273
384
482
558
599
625
603
553
438
338
184
32
-122
-267
-387
-513
-577
-631
-602
-567
-470
-359
-224
-104
-5
126
208
295
352
437
476
488
508
487
431
315
193
45
-102
-251
-385
-470
-525
-546
-547
-488
-439
-392
-319
-218
-138
-65
39
146
225
305
403
468
516
520
536
496
430
332
222
98
-61
-198
-317
-405
-489
-524
-498
-444
-386
-289
-161
-72
3
101
190
239
300
379
430
454
471
458
395
288
169
33
-106
-249
-374
-442
-501
-530
-516
-467
-416
-359
-274
-183
-101
-36
48
132
193
268
346
406
457
478
476
442
377
279
175
68
-48
-161
-256
-328
-386
-420
-424
-394
-350
-270
-176
-82
14
108
186
235
270
304
343
360
369
363
332
259
175
80
-31
-160
-274
-358
-431
-475
-493
-469
-434
-381
-297
-196
-101
-10
83
165
224
269
295
323
340
351
348
346
323
279
215
137
51
-64
-163
-262
-322
-360
-361
-339
-284
-226
-157
-88
-15
42
94
146
177
218
244
274
285
291
281
258
210
148
66
-33
-148
-265
-354
-432
-474
-489
-458
-396
-310
-226
-130
-46
34
108
184
246
271
312
327
352
340
321
306
270
214
148
74
-34
-133
-221
-281
-329
-343
-311
-251
-169
-97
-17
22
42
46
65
72
98
144
194
248
268
286
254
215
128
47
-33
-119
-189
-261
-309
-349
-355
-349
-332
-304
-250
-184
-125
-49
19
75
135
189
236
273
306
319
311
287
250
204
124
59
-14
-65
-120
-158
-186
-216
-206
-201
-149
-108
-59
3
54
101
124
158
160
158
145
158
162
141
135
111
76
20
-31
-97
-167
-240
-291
-308
-301
-281
-257
-214
-172
-113
-77
-29
8
37
65
104
152
186
220
232
255
241
225
185
135
72
12
-39
-91
-123
-169
-180
-184
-161
-139
-102
-49
-5
62
119
172
193
223
229
224
210
182
138
80
23
-45
-90
-143
-190
-232
-262
-292
-299
-285
-264
-225
-172
-95
-32
37
89
125
138
146
145
130
127
113
117
112
116
107
99
64
37
15
-38
-63
-92
-114
-125
-120
-112
-94
-76
-49
-6
34
78
123
172
207
228
237
234
200
145
78
12
-59
-121
-167
-216
-244
-266
-274
-281
-285
-278
-252
-209
-154
-65
25
106
172
221
255
244
225
191
147
108
68
31
17
9
-4
-11
-15
-20
-34
-44
-59
-75
-103
-104
-96
-78
-37
-5
47
105
137
157
178
185
170
152
142
125
98
71
43
-9
-63
-129
-173
-225
-271
-278
-292
-281
-264
-219
-173
-115
-55
10
82
129
180
221
245
243
218
193
137
79
29
-3
-34
-57
-62
-66
-55
-53
-63
-72
-67
-76
-68
-46
-25
13
48
95
129
151
161
159
136
105
78
40
6
-14
-20
-26
-24
-30
-38
-65
-108
-151
-191
-225
-247
-237
-219
-176
-131
-66
4
44
86
123
161
163
170
174
159
154
129
100
67
26
-4
-29
-52
-73
-97
-109
-114
-118
-108
-75
-43
1
48
105
144
158
170
160
130
82
47
8
-23
-46
-60
-68
-74
-68
-57
-39
-45
-49
-59
-74
-89
-108
-112
-105
-98
-72
-42
-23
9
21
35
41
44
56
63
81
93
116
109
108
91
69
48
17
-8
-44
-61
-90
-97
-103
-84
-50
-6
53
102
137
161
160
138
106
61
20
-28
-65
-89
-95
-102
-91
-89
-74
-68
-58
-48
-41
-35
-39
-31
-25
-10
-1
12
15
15
18
10
-9
-21
-33
-31
-17
2
33
46
69
86
90
83
66
50
31
8
-20
-34
-41
-52
-46
-36
-17
15
57
81
103
111
101
91
50
10
-26
-60
-83
-102
-110
-113
-113
-106
-100
-82
-75
-58
-42
-22
3
27
55
73
87
89
86
65
33
2
-18
-42
-66
-69
-65
-45
-29
-2
23
40
50
53
58
45
30
24
27
21
21
26
29
22
18
19
20
33
34
42
46
46
38
28
0
-30
-63
-96
-116
-135
-136
-134
-114
-101
-76
-40
-18
7
32
66
90
113
127
138
132
114
84
45
1
-51
-81
-111
-131
-139
-121
-88
-54
-13
23
54
73
80
93
83
62
62
52
49
46
41
38
23
8
-8
-15
-24
-30
-27
-22
-13
-10
-2
-7
-19
-44
-65
-85
-99
-104
-98
-82
-64
-28
6
41
69
88
112
127
132
129
112
88
59
18
-17
-60
-101
-131
-140
-140
-127
-94
-68
-32
8
37
64
80
87
89
88
89
88
77
61
41
15
-16
-41
-58
-67
-67
-57
-52
-42
-19
-15
-11
-5
-8
-22
-31
-45
-58
-52
-45
-43
-34
-15
15
41
69
89
95
97
95
93
75
53
29
1
-26
-51
-70
-88
-94
-97
-80
-62
-44
-22
0
31
47
64
85
90
90
86
74
50
21
1
-30
-62
-79
-92
-93
-90
-82
-60
-35
-13
9
19
21
14
7
7
8
1
2
8
9
23
22
23
23
26
30
26
28
24
30
32
28
21
10
-1
-20
-26
-32
-35
-38
-33
-24
-4
18
33
50
57
67
57
48
34
11
-6
-23
-42
-47
-57
-63
-72
-86
-86
-83
-65
-45
-13
16
33
50
56
51
40
28
22
21
15
15
24
23
10
10
10
-6
-15
-26
-23
-17
-14
-7
6
18
27
38
40
43
39
37
30
23
20
14
7
11
5
3
0
-12
-22
-39
-56
-72
-78
-87
-83
-76
-72
-63
-46
-23
-11
7
22
28
35
33
37
33
30
37
40
32
32
30
26
22
4
-4
-19
-27
-37
-42
-36
-37
-23
-10
7
22
36
54
65
69
72
73
67
55
44
36
28
13
4
-11
-23
-45
-65
-65
-87
-98
-105
-93
-78
-65
-42
-18
2
12
23
33
42
42
36
30
32
36
30
32
33
30
31
21
9
0
-10
-25
-29
-36
-39
-37
-30
-22
-6
4
11
29
36
47
55
60
59
68
58
55
53
40
39
26
8
-12
-34
-55
-75
-98
-106
-108
-103
-91
-74
-45
-23
2
19
33
42
35
36
42
39
41
45
47
50
35
27
14
-14
-28
-44
-53
-56
-56
-44
-27
-14
5
21
27
27
26
36
36
32
32
29
32
28
31
36
27
26
19
12
-12
-31
-43
-55
-58
-70
-70
-64
-58
-46
-36
-28
-17
-7
-7
-4
0
2
12
21
31
44
48
54
54
45
29
0
-20
-34
-52
-55
-55
-39
-21
-6
13
24
30
42
44
40
34
30
31
32
31
29
28
27
16
2
-7
-9
-26
-35
-40
-45
-48
-49
-38
-31
-11
-3
-1
5
2
1
-2
-6
-8
-11
-10
-8
-7
-2
5
3
0
6
9
4
9
5
-2
-3
1
4
18
24
28
36
39
42
40
36
28
18
17
14
9
3
6
10
7
7
5
-10
-15
-26
-30
-33
-28
-29
-27
-14
-12
0
1
5
3
2
0
-9
-10
-12
-14
-16
-14
-14
-15
-12
-15
-18
-21
-25
-23
-21
-13
-7
2
19
35
48
54
57
57
53
49
45
40
30
19
7
-9
-25
-33
-43
-46
-46
-45
-31
-26
-13
-5
3
7
5
13
20
16
15
17
11
1
-14
-23
-33
-39
-46
-49
-39
-31
-22
-16
-13
-9
-2
1
0
-6
-13
-9
-8
-5
0
9
25
38
50
60
66
62
57
54
44
35
24
15
6
-11
-23
-40
-51
-64
-76
-74
-71
-48
-29
-10
11
35
56
67
73
60
54
45
14
-2
-24
-42
-47
-54
-51
-50
-44
-36
-32
-27
-22
-17
-10
-3
2
11
20
32
35
36
38
38
38
40
38
37
34
36
33
29
25
27
22
9
-1
-19
-27
-40
-54
-62
-66
-59
-50
-35
-10
6
29
43
50
51
51
42
37
28
18
8
-6
-20
-34
-40
-50
-59
-62
-63
-59
-58
-48
-39
-25
-4
14
31
48
58
67
66
60
49
36
33
23
14
13
7
-5
-7
-6
-12
-21
-23
-33
-33
-38
-37
-30
-26
-17
-13
-7
7
7
15
19
17
23
16
15
14
10
14
8
1
-5
-15
-19
-26
-37
-40
-41
-44
-36
-39
-30
-23
-13
3
11
27
44
51
56
60
61
57
47
33
20
11
1
-8
-10
-11
-19
-33
-34
-36
-41
-42
-34
-20
-15
5
12
14
26
29
28
30
26
22
16
11
6
-1
-2
-3
-8
-12
-9
-14
-17
-17
-21
-26
-22
-18
-18
-14
-8
1
14
23
25
29
34
38
40
33
29
23
16
13
10
6
4
0
-6
-11
-26
-32
-41
-45
-46
-40
-27
-22
-9
1
8
12
16
10
13
22
16
18
14
9
16
8
4
-1
-9
-10
-22
-24
-32
-32
-38
-42
-30
-29
-16
-1
11
19
26
25
22
22
22
26
26
21
22
22
14
7
1
-13
-17
-19
-23
-24
-25
-26
-25
-18
-22
-20
-19
-9
1
-1
10
11
11
21
16
22
22
20
20
15
16
14
16
0
-6
-11
-27
-28
-43
-47
-43
-46
-33
-25
-8
6
18
32
39
41
44
45
41
35
28
28
27
13
6
-3
-12
-19
-27
-29
-32
-29
-28
-31
-22
-7
-4
3
10
15
26
27
25
19
16
18
13
10
8
7
4
7
8
0
-5
-11
-20
-28
-39
-39
-45
-44
-42
-34
-18
-13
2
10
23
37
37
38
39
43
39
33
28
19
17
10
-5
-14
-23
-30
-43
-47
-44
-38
-28
-26
-6
8
17
28
31
40
36
30
24
18
17
12
4
1
-3
-6
-11
-11
-12
-25
-25
-30
-39
-40
-42
-38
-28
-20
-10
-9
6
10
18
26
20
28
33
34
31
29
22
20
17
7
3
-3
-15
-20
-29
-30
-30
-34
-27
-19
-9
6
15
22
28
31
29
23
30
18
15
15
7
7
0
-2
-9
-14
-19
-30
-32
-35
-34
-33
-29
-16
-13
-10
-7
2
8
6
11
15
15
17
17
18
22
25
25
23
16
12
5
0
-8
-17
-17
-18
-21
-17
-12
-10
-9
-16
-10
-3
7
16
20
27
26
29
24
20
17
14
12
3
-5
-13
-20
-21
-31
-35
-38
-36
-32
-33
-27
-11
-2
9
17
18
25
28
29
25
22
18
17
15
11
4
4
0
1
-1
-7
-10
-17
-14
-16
-21
-13
-12
-3
-2
0
3
4
9
1
5
11
5
8
15
13
14
18
8
5
-3
-12
-16
-26
-31
-39
-38
-34
-33
-29
-15
-5
4
13
16
23
29
33
35
38
37
34
32
22
15
8
1
-7
-15
-20
-20
-24
-25
-21
-15
-5
-5
-4
3
13
17
15
16
10
7
10
9
12
10
11
10
2
-2
-9
-10
-12
-14
-16
-16
-20
-20
-20
-21
-20
-19
-20
-16
-4
-3
5
18
24
35
33
29
36
31
27
15
8
2
-7
-16
-23
-24
-27
-25
-27
-27
-22
-21
-13
-11
-12
1
6
12
18
18