1
-3
0
4
-1
-3
1
-1
-3
-3
-1
1
7
-1
2
-3
-7
-1
-8
3
4
1
4
4
1
3
12
5
3
-1
5
10
1
3
-2
-4
4
0
4
9
5
2
4
1
5
3
10
4
3
6
5
5
-5
3
-3
1
5
1
1
4
-2
-3
5
3
3
4
10
6
9
6
1
6
2
-1
3
7
1
-4
5
4
6
3
6
9
-4
5
4
-2
0
1
-1
-2
-1
2
-1
-11
-3
-1
0
-2
-1
4
2
2
-2
-5
5
3
-8
-6
2
1
-2
-8
1
7
1
-1
-5
3
0
-1
3
2
7
-2
4
0
-5
-6
-6
-3
-6
-8
-5
4
-4
-5
-7
-1
-3
-7
2
-2
-6
-5
-4
-4
-5
-6
-4
-2
-9
1
-5
-4
-7
-13
0
0
2
-5
-4
1
1
-4
-7
-3
-3
-6
-5
-1
-4
-3
-6
-4
-9
-2
2
-2
1
-5
5
-6
2
0
-2
0
-2
2
-2
-2
1
2
-3
-6
-4
3
1
1
0
-1
7
5
3
4
3
2
4
2
1
7
0
8
2
1
4
2
1
2
-1
1
7
4
10
8
11
9
5
5
6
5
6
1
-1
8
10
5
8
4
5
4
2
4
5
4
6
-3
0
1
0
10
6
8
2
1
6
4
1
-5
-2
-3
-2
0
-2
-6
-3
0
0
-4
-2
0
-2
-3
0
-5
-4
0
-4
0
1
-6
-3
1
-4
-2
-5
-4
-7
-4
4
-3
-5
0
-10
-12
-7
-7
-8
-9
-5
1
0
-2
-4
-4
-1
-3
-2
2
-1
-1
0
-6
-15
-10
-11
-4
2
-7
-1
0
1
2
2
8
-1
3
0
-4
3
-4
5
3
-5
0
0
7
5
0
1
2
5
-3
1
3
4
8
0
3
3
2
5
-1
-4
-5
2
-2
-3
1
3
4
2
1
-1
0
-1
0
-6
0
2
0
-1
0
6
1
6
5
4
3
3
-1
3
5
-1
5
4
2
8
7
-1
7
6
3
4
2
7
1
1
7
3
1
3
4
7
4
4
3
4
-1
-4
3
2
7
4
-2
3
-3
2
2
-3
3
1
-3
0
0
-6
1
-2
-7
2
-7
-4
-7
-9
0
-7
-10
-1
-2
-8
-6
-10
-2
-3
-13
-3
-5
-2
-3
-11
-7
-3
-7
-3
-1
1
2
-2
-3
-2
1
0
6
4
5
3
3
5
0
-2
-1
5
8
6
7
7
0
4
4
-6
-3
-4
-2
0
0
-3
-1
0
-3
-1
-8
-9
0
1
-7
-5
3
10
6
7
11
7
1
6
2
-2
5
-2
-2
0
-2
-3
7
11
11
10
1
7
7
6
3
5
5
-5
-2
-2
-3
0
-3
0
3
-4
5
3
1
-6
-4
7
-2
2
2
2
3
3
2
1
6
2
5
1
-2
-2
-8
-4
-2
0
1
1
4
0
2
3
-1
4
-2
1
6
1
0
-2
-3
2
3
1
2
1
5
2
-1
5
2
2
-4
-2
-1
3
11
2
6
4
-5
-1
-6
3
3
-2
-1
-5
1
2
4
1
-4
-5
1
-6
-2
-5
-3
-8
-12
-8
-9
-6
-12
-3
-1
-3
-1
-4
-2
4
-7
-7
-2
-6
-5
-8
-7
-7
0
0
-6
-1
-3
3
-2
2
7
4
0
1
1
-1
-1
-5
2
0
0
2
-1
3
3
0
1
0
3
2
-3
-2
3
5
1
-1
-7
-3
-3
1
0
0
3
-3
4
5
-4
6
8
0
7
4
4
-1
-2
1
0
-1
-3
0
6
8
1
2
0
8
0
-3
13
2
1
4
3
14
5
0
5
5
5
3
6
5
3
2
-4
0
-1
-3
-2
-4
2
1
0
4
7
4
1
-2
-4
-4
-1
1
1
-5
-5
-3
-4
5
-3
-1
-2
2
-1
-1
0
-2
4
1
8
0
3
3
-5
4
8
-1
-1
1
-2
-5
-7
1
-2
0
3
5
10
-1
-4
-7
-3
-1
-11
1
-3
-8
-1
-5
-9
-3
0
-6
-2
1
-1
-2
-2
1
-3
-13
-14
-3
-8
-9
-7
-8
-2
-3
-5
-3
-6
-6
-8
0
0
0
1
0
0
0
1
-3
2
1
2
-5
-4
-6
-4
-3
-4
5
0
3
1
-1
-5
-10
-2
-2
-1
1
-1
-2
-7
-3
3
-2
-2
1
-5
-4
-1
-4
1
-1
-1
5
-1
3
3
4
1
1
0
0
-1
3
7
6
12
3
4
7
4
5
1
3
2
0
5
6
2
2
-1
2
2
8
2
1
5
3
-1
3
6
3
9
11
6
5
7
6
5
2
2
5
4
-1
4
4
2
2
2
2
-3
4
0
4
6
5
3
-6
2
6
2
0
3
4
8
-1
-6
0
1
4
-4
-8
-6
-7
-5
-1
-1
-9
-9
-10
-12
-14
-11
-7
-8
-6
-15
-5
-4
-10
-1
-4
-4
-8
-7
-4
-11
-8
-1
-6
-7
-3
-4
-2
-3
-11
-3
-3
-7
-5
-3
-5
-4
-1
-3
-3
-9
-6
2
5
0
2
3
-3
3
5
0
-2
-1
6
4
7
8
5
11
4
2
9
0
1
8
3
1
3
-5
2
6
6
7
2
0
-4
-1
-5
-2
6
0
7
6
1
7
5
8
4
1
7
4
4
3
-2
2
5
5
9
0
-2
0
-1
-7
-5
3
3
3
1
1
-4
-3
-2
-5
0
-1
-2
-1
-2
2
0
0
0
-7
-6
-7
-12
-17
-13
-3
-7
-5
4
1
1
2
2
2
5
11
9
2
3
-3
-4
1
-3
5
-1
-5
0
2
4
3
6
-1
-6
0
-6
-9
-4
-10
-1
3
-6
5
10
6
6
2
3
-1
1
4
0
-3
-7
0
3
2
6
3
7
4
5
0
3
5
-6
-6
-3
-12
-14
-11
-5
2
-5
1
4
2
-1
-5
-13
-18
-10
-14
-10
-2
1
5
7
7
0
0
4
1
3
-4
-10
-3
3
-2
5
7
-2
0
4
5
0
1
2
0
-2
-2
6
6
3
9
6
4
1
2
5
4
4
2
-2
-9
-8
2
4
0
6
7
2
-1
-2
-1
2
-3
-8
-4
2
-1
2
2
-2
3
6
7
2
1
-5
-9
-10
-6
-4
-2
2
5
-1
4
7
1
7
10
6
4
9
5
-1
-2
0
1
4
1
5
4
5
14
7
-3
-6
1
-9
-14
-15
-8
5
1
5
7
3
1
-3
-12
-4
-11
-7
-1
-7
-10
-7
0
2
3
0
2
6
-1
-6
-3
-9
-13
-9
-12
-5
0
8
6
6
1
3
2
-8
-7
-6
-7
-4
-2
-9
-4
4
1
0
6
-2
-3
-8
-5
-4
-3
0
-1
1
5
1
1
-1
-2
5
8
4
0
6
-4
-2
-6
-2
9
3
3
11
13
7
4
-5
-5
-4
-14
-7
-6
-8
-6
6
10
19
19
9
8
0
2
-11
-14
-9
-14
-10
2
7
8
15
16
15
7
3
4
2
-2
-2
-4
-8
-2
3
-2
8
13
6
7
1
0
-10
-15
-9
-15
-17
-7
3
7
15
21
20
14
11
4
-5
-10
-12
-11
-13
-10
4
6
17
27
22
20
16
10
0
-2
-19
-15
-16
-11
-3
-4
7
4
11
15
12
11
5
-5
-14
-20
-24
-17
-16
-8
-2
4
11
13
24
19
12
6
-1
-10
-27
-27
-39
-30
-15
-4
14
18
16
14
11
0
-9
-16
-22
-32
-26
-28
-21
-14
-2
16
16
21
13
9
2
-14
-21
-20
-19
-18
-6
9
18
22
29
24
13
17
2
-7
-11
-14
-6
-15
-5
4
6
7
11
15
10
4
14
5
-10
-9
-10
-13
-9
-7
-6
5
9
14
21
11
9
12
-1
-5
-7
-11
-20
-8
5
15
13
21
29
20
16
13
7
-5
-10
-10
-17
-14
-5
4
10
15
14
12
20
10
1
-9
-11
-17
-14
-3
-4
-1
-4
4
4
10
3
7
9
-4
-11
-12
-7
-14
-14
-11
-2
0
5
7
5
7
0
-2
-7
-3
-11
-15
-5
-3
3
3
8
8
5
6
7
-2
-5
-10
-8
-15
-13
-1
-2
15
6
8
12
-5
-9
-4
-9
-15
-9
-11
-7
-1
1
-7
1
5
-4
-1
-11
-7
-5
-12
-4
-7
-7
-6
-11
0
8
3
5
3
3
8
7
-2
-8
-2
1
5
1
15
13
6
6
0
-2
3
1
-4
1
-6
-4
5
-3
-5
9
8
3
-2
0
-2
-12
-4
-4
-7
-3
1
7
5
2
6
2
-4
-2
3
-5
-2
-2
-2
2
4
6
3
8
1
-2
-5
-5
0
-3
-5
7
13
4
7
8
9
5
7
5
3
-2
1
1
-4
2
9
11
9
11
-4
-5
-8
-6
-4
-3
-1
0
5
3
4
6
5
4
0
0
-11
-12
-3
-9
-12
-7
0
1
1
1
2
7
11
0
-10
-11
-10
-5
-3
-6
4
4
9
8
5
5
-5
-1
-4
3
-5
-5
-1
-10
1
4
7
14
9
3
3
4
1
-6
-6
-10
-15
-12
-9
-3
-1
1
1
-6
-3
-6
-8
-12
-14
-12
-20
-20
-17
-14
-3
6
13
16
7
7
0
-11
-13
-15
-11
-9
-5
1
7
10
12
11
5
8
6
3
-4
-4
-5
-9
-5
3
7
2
8
11
18
18
4
-1
-2
-10
-16
-13
-9
-4
-1
12
10
1
3
3
2
-5
-8
-8
-13
-16
-9
-7
0
6
13
13
21
22
15
14
11
3
1
-6
-1
10
9
15
15
15
16
14
14
17
5
-2
8
8
6
3
-1
3
10
9
13
10
3
2
-5
-7
-13
-20
-21
-17
-22
-25
-19
-12
-11
-13
-17
-18
-17
-22
-23
-24
-27
-17
-23
-23
-26
-15
-14
-12
-3
2
24
19
20
19
16
15
15
10
8
19
29
38
49
55
54
55
54
48
36
29
21
10
11
9
6
11
11
16
12
4
-10
-25
-34
-46
-55
-63
-65
-64
-63
-64
-65
-57
-61
-64
-64
-73
-71
-73
-68
-58
-47
-46
-37
-24
-18
-5
11
26
32
49
57
64
77
84
88
97
102
112
112
115
116
128
135
132
124
117
116
100
88
67
42
26
11
-7
-25
-35
-53
-73
-94
-108
-127
-149
-165
-187
-196
-208
-212
-215
-217
-202
-192
-180
-173
-158
-152
-136
-113
-95
-78
-55
-26
7
42
74
104
130
160
191
215
225
245
260
270
280
292
299
310
302
292
286
271
250
218
193
152
123
90
49
8
-25
-60
-98
-123
-156
-194
-230
-255
-294
-321
-336
-358
-365
-366
-363
-359
-349
-325
-313
-284
-271
-249
-214
-183
-137
-102
-52
-17
25
71
110
152
171
203
233
258
280
306
336
348
361
366
375
376
366
358
344
316
293
266
234
202
176
149
108
65
19
-21
-64
-109
-139
-176
-208
-230
-260
-279
-304
-330
-353
-366
-373
-378
-370
-365
-350
-334
-311
-298
-287
-265
-236
-212
-179
-150
-125
-88
-57
-30
17
54
89
129
168
192
215
246
265
293
313
328
347
360
380
397
393
391
381
361
342
323
293
275
260
241
212
173
139
99
54
7
-40
-83
-133
-170
-203
-242
-276
-301
-324
-348
-363
-381
-393
-397
-398
-396
-394
-391
-371
-341
-327
-296
-258
-221
-188
-163
-124
-86
-55
-27
14
48
78
122
161
195
221
243
269
278
280
280
288
284
275
281
284
278
273
269
256
242
231
216
188
168
147
123
107
91
82
67
62
59
42
29
8
-12
-33
-45
-58
-74
-86
-100
-110
-132
-134
-147
-166
-188
-206
-227
-254
-259
-267
-279
-285
-294
-302
-308
-306
-305
-309
-302
-288
-281
-257
-234
-216
-190
-164
-124
-103
-73
-32
16
62
110
158
192
242
283
315
349
381
416
434
453
472
483
478
478
486
475
453
419
392
365
320
273
229
177
128
76
25
-26
-85
-140
-198
-254
-300
-341
-379
-411
-436
-445
-458
-466
-473
-463
-454
-438
-423
-407
-371
-352
-314
-278
-239
-203
-154
-113
-83
-49
-18
7
38
73
99
127
161
185
204
229
238
240
245
247
253
251
257
256
246
244
240
238
227
224
221
219
227
227
224
229
219
200
193
187
179
169
158
139
127
110
95
73
44
7
-29
-70
-124
-164
-202
-226
-252
-282
-296
-313
-330
-365
-392
-418
-446
-459
-460
-457
-455
-423
-397
-361
-341
-323
-294
-271
-237
-198
-145
-88
-34
28
89
143
198
252
281
326
366
408
446
468
501
512
525
519
517
504
484
479
459
451
432
407
377
330
277
228
182
120
73
25
-25
-71
-130
-188
-243
-299
-359
-400
-439
-465
-492
-502
-510
-523
-516
-517
-504
-482
-450
-429
-390
-357
-336
-297
-259
-223
-199
-174
-139
-106
-71
-36
-6
34
76
122
162
194
214
231
253
276
292
306
328
344
353
359
372
365
353
348
330
327
325
315
309
305
307
305
306
294
279
260
230
207
179
146
108
76
22
-32
-79
-129
-180
-236
-280
-321
-357
-390
-420
-449
-471
-498
-499
-503
-502
-488
-463
-440
-424
-398
-380
-366
-347
-316
-279
-236
-187
-139
-87
-30
28
76
112
159
206
255
301
367
405
454
498
517
535
518
501
500
483
463
450
433
431
425
400
372
339
291
244
202
162
132
107
84
54
18
-28
-92
-152
-225
-299
-348
-380
-410
-428
-445
-474
-491
-513
-512
-515
-513
-478
-455
-409
-365
-340
-299
-269
-249
-217
-184
-168
-137
-110
-80
-59
-52
-28
-2
26
56
96
129
153
173
197
215
218
234
263
283
286
297
308
302
289
288
274
273
283
282
293
290
300
309
310
305
305
299
297
281
264
248
211
171
124
72
14
-37
-98
-149
-207
-270
-306
-354
-388
-423
-451
-468
-490
-494
-493
-486
-464
-444
-423
-384
-366
-342
-311
-289
-263
-230
-177
-136
-87
-47
-10
22
47
90
126
176
218
269
306
322
333
336
344
348
361
378
389
387
374
346
315
273
241
232
248
264
287
317
318
299
249
207
166
138
127
130
141
123
87
16
-71
-169
-270
-319
-356
-386
-381
-388
-411
-442
-477
-508
-524
-518
-470
-409
-337
-280
-257
-242
-252
-252
-236
-200
-145
-82
-29
1
11
0
-10
-21
-5
25
76
136
177
208
213
191
153
118
92
102
119
139
167
171
149
123
85
54
46
54
100
145
200
260
307
329
343
359
356
337
333
328
321
313
300
279
246
196
118
38
-46
-131
-207
-247
-279
-304
-312
-320
-338
-382
-425
-457
-463
-452
-419
-358
-309
-286
-271
-273
-288
-291
-269
-216
-156
-90
-42
5
4
-11
-28
-24
6
45
110
178
220
217
207
162
101
71
82
119
174
217
249
252
194
153
113
98
136
216
323
415
481
506
480
415
353
306
303
343
400
446
451
399
308
161
8
-122
-208
-227
-227
-214
-219
-258
-343
-438
-524
-587
-604
-568
-500
-422
-363
-351
-377
-423
-463
-487
-453
-384
-292
-200
-123
-94
-120
-154
-196
-206
-185
-128
-31
65
135
159
153
103
47
-2
-4
40
91
158
221
252
243
202
168
144
142
192
283
408
505
585
617
608
575
506
458
440
440
463
513
538
514
430
326
197
30
-136
-250
-309
-334
-328
-330
-345
-409
-498
-592
-661
-709
-726
-654
-549
-452
-398
-384
-406
-462
-512
-512
-459
-387
-273
-147
-50
-9
-31
-64
-99
-119
-89
-7
92
184
258
297
293
237
162
124
131
150
190
247
293
289
265
241
221
189
203
284
408
527
627
712
741
701
609
528
476
446
458
519
574
581
508
379
207
-15
-217
-352
-420
-421
-374
-320
-303
-362
-487
-625
-769
-873
-896
-820
-679
-542
-439
-383
-407
-503
-606
-647
-624
-558
-428
-240
-61
27
41
27
-12
-46
-24
64
185
287
363
398
377
297
188
117
85
101
161
212
243
245
222
157
79
36
47
128
248
394
543
656
703
677
603
524
456
398
402
475
530
526
454
327
113
-157
-414
-573
-601
-554
-490
-411
-333
-361
-494
-674
-786
-843
-847
-735
-540
-326
-192
-126
-117
-174
-296
-397
-433
-411
-353
-312
-266
-176
-47
55
82
54
84
164
179
105
49
126
201
197
201
278
367
361
371
442
459
357
245
253
370
465
517
667
947
1256
1414
1368
1155
831
535
361
233
139
156
268
275
20
-470
-1082
-1649
-2017
-2040
-1820
-1556
-1265
-890
-555
-510
-749
-919
-773
-369
156
717
1226
1485
1452
1218
866
498
223
159
307
505
569
373
-68
-575
-970
-1213
-1361
-1360
-1116
-746
-527
-472
-501
-577
-698
-707
-417
-4
316
544
781
946
1020
1001
913
826
847
1008
1197
1372
1534
1767
1963
2052
1948
1644
889
-184
-898
-966
-833
-1032
-1011
-513
-227
-835
-1902
-2886
-3529
-3685
-3273
-2274
-1221
-439
97
620
673
213
-92
386
1377
2370
3147
3289
2774
1895
1121
262
-571
-971
-685
-151
43
-248
-937
-1680
-2390
-2703
-2531
-1991
-1458
-808
141
835
796
384
263
339
529
783
1070
1179
1284
1403
1242
747
251
56
37
264
612
1060
1519
2000
2291
2246
1737
548
-724
-1256
-1021
-858
-733
-255
202
-131
-1292
-2774
-4026
-4345
-3773
-2662
-1406
-223
514
821
1017
882
532
724
1797
2929
3537
3521
2890
1863
703
-498
-1605
-2017
-1746
-1266
-843
-660
-1008
-1758
-2260
-2411
-2290
-1849
-934
174
1161
1716
1679
1306
910
685
472
426
533
844
1095
1103
654
-109
-605
-655
-272
342
1360
2400
3216
3627
3457
1904
-485
-1729
-1397
-690
-657
-376
196
352
-906
-3298
-5382
-5838
-4900
-3613
-1913
-368
489
732
1311
1469
888
815
2045
3752
4727
4781
3712
2287
937
-331
-1830
-2691
-2532
-1906
-1316
-1211
-1712
-2521
-2721
-2560
-2136
-1414
-305
607
1327
2044
2261
1807
1114
783
561
438
246
126
-17
-63
-325
-912
-1302
-1250
-823
-370
352
1185
2113
2937
3691
4136
4225
3506
1719
-79
-916
-932
-1182
-1267
-1008
-863
-1617
-3297
-5163
-6057
-5530
-4390
-2934
-1118
574
1460
2058
2552
2394
2033
2489
3667
4578
4685
3900
2496
1101
-485
-2361
-3705
-3667
-2975
-2470
-2067
-1888
-1971
-2155
-1937
-1563
-941
-24
1083
2073
2772
2888
2357
1660
953
414
-115
-316
-509
-462
-572
-882
-1317
-1655
-1567
-1077
-160
612
1863
3169
4326
4900
5333
3966
822
-1131
-1049
-452
-1072
-679
6
341
-1118
-4160
-6907
-7254
-5633
-4503
-2709
-448
1274
1775
2673
2830
1772
1534
2909
4694
5436
5409
4048
2342
619
-1608
-3991
-4961
-4034
-2713
-1673
-1274
-1762
-2291
-2402
-2302
-2179
-1182
677
2357
3395
3526
2986
2089
1189
94
-736
-963
-694
-589
-620
-986
-1711
-2415
-2553
-2006
-1096
-11
1023
2209
3172
3994
4120
4470
4883
5179
3798
1047
-953
-1837
-1735
-2346
-2314
-2283
-1748
-2228
-4137
-5958
-6262
-4957
-3817
-1714
445
2291
3196
4070
3951
2823
2330
2686
3725
4076
3880
2585
1176
-387
-2593
-4754
-5508
-4545
-3168
-2133
-1312
-862
-703
-748
-801
-532
136
1414
2464
3048
3043
2586
1668
561
-446
-1176
-1642
-1690
-1513
-1293
-1282
-1403
-1389
-1299
-894
-143
1067
2044
3397
4360
5204
5653
5940
3953
129
-1917
-2085
-1399
-1986
-1229
-686
-422
-2008
-5020
-7128
-7128
-5268
-4128
-1746
923
2995
3399
3680
3389
2308
2069
2803
4227
4529
4455
3288
1691
-731
-3556
-5618
-5888
-4265
-2720
-1734
-1294
-747
-712
-1124
-1567
-1244
32
1951
3451
3721
3371
2696
1909
524
-863
-1771
-1841
-1468
-1302
-1263
-1351
-1743
-2059
-1957
-1349
-439
1026
2359
3324
4254
5022
5488
5555
4967
2156
-693
-2027
-1774
-2004
-2064
-1530
-1380
-1696
-3514
-5609
-7104
-6255
-4762
-2954
-345
2245
3716
3806
3731
3070
2529
2567
3343
4029
4315
3870
2438
228
-2429
-4760
-5829
-5122
-3804
-2826
-2133
-1177
-433
-329
-850
-1114
-454
1239
2825
3330
3153
2757
2372
1447
232
-1020
-1758
-1752
-1489
-1308
-1387
-1412
-1418
-1449
-1077
-195
982
2443
3673
4634
5425
6481
5254
1275
-1745
-2156
-1246
-1123
-312
296
193
-1203
-4377
-7545
-8383
-6870
-5414
-2932
666
3125
3434
3162
2774
2138
2323
3145
4112
5023
5602
4674
2343
-388
-3492
-5712
-5796
-4272
-2807
-2264
-1545
-967
-713
-1330
-2257
-1977
-333
2083
3391
3935
3806
3375
2489
1232
-225
-1497
-1669
-1421
-1236
-1540
-1579
-2152
-2694
-2710
-1988
-725
842
2332
3141
4228
5018
5876
6335
6452
2960
-1329
-3116
-2359
-1762
-2215
-1002
-623
-579
-3288
-6599
-8636
-7754
-5312
-3454
-155
2810
4626
4246
3676
2919
2288
2552
3310
4560
5190
5082
3013
126
-2994
-5685
-6714
-5876
-3747
-2505
-1610
-590
-138
-336
-1474
-1705
-795
1500
3508
3952
3892
3454
2924
1508
-133
-1592
-2196
-1836
-1580
-1634
-1688
-1759
-2280
-2615
-2085
-937
676
2306
3373
4200
4996
6048
6417
6621
4015
-400
-3401
-3618
-2436
-2496
-1179
-620
-443
-2443
-5766
-8246
-8675
-6258
-3916
-321
3107
5057
4724
3523
2942
2392
2265
2415
3674
5155
5691
3797
355
-2893
-5349
-6350
-6084
-4400
-2656
-1414
-192
36
-289
-1653
-1907
-588
1638
3658
3908
3972
3410
2792
1474
-76
-1355
-2145
-1812
-1553
-1499
-1636
-1880
-2474
-2799
-2144
-940
692
2338
3546
4320
4847
5666
6197
6627
3868
-575
-3264
-3222
-2076
-2123
-865
-598
-662
-2793
-6247
-8713
-8780
-6231
-3626
65
3117
4452
4167
3377
2857
2444
2465
2806
4210
5832
5718
3049
-358
-3180
-5278
-6123
-5574
-4031
-2328
-1000
-1
-407
-1157
-1970
-1895
-411
1748
3935
4284
4038
3116
2122
1033
-237
-1256
-1706
-1270
-1054
-1329
-1711
-2258
-2884
-2976
-2084
-597
1276
2610
3742
4467
4917
5599
6273
6685
2526
-1534
-3414
-2302
-1364
-1462
-302
-1025
-1438
-4703
-7948
-9664
-8360
-5092
-2245
1728
3651
4038
3105
2487
2368
2483
3283
4079
5723
6545
5105
1442
-2155
-4495
-5893
-5667
-4352
-2509
-1428
-701
-420
-1642
-2425
-2681
-1427
597
3194
5069
4808
4016
2357
1203
218
-467
-1071
-940
-398
-627
-1298
-2134
-3089
-3772
-3366
-2237
-25
2290
3689
4220
4284
4821
5436
6451
4830
445
-2069
-2370
-964
-1142
-456
-422
-1214
-3029
-6855
-9146
-9665
-6807
-3757
-132
2708
3485
3409
2349
2116
2025
3112
4228
5610
6929
6369
3498
-625
-3487
-5232
-5704
-4900
-3047
-1504
-1043
-825
-1481
-2674
-3368
-2563
-426
1915
4395
5056
4433
3067
1677
728
-105
-207
-524
-207
-355
-777
-1479
-2499
-3445
-3804
-2955
-1535
896
2755
4076
4058
4412
4918
5974
5478
1353
-1483
-2198
-257
-190
112
214
-681
-2268
-6412
-9363
-10293
-7568
-4243
-898
2077
2889
2718
1793
1304
1261
2338
4286
6194
7724
7345
4490
385
-2949
-4855
-5551
-4885
-2981
-1037
-704
-1261
-2242
-3199
-3846
-3394
-1121
1500
3942
4987
4696
3286
1464
718
406
438
258
469
325
-440
-1310
-2356
-3161
-3476
-2760
-1572
291
1837
3158
3440
3713
4561
5760
5485
1195
-1447
-1911
4
54
429
977
79
-1575
-6155
-9317
-10625
-7560
-4317
-1227
1572
2445
2555
1294
771
443
1860
4127
6476
8176
7693
4865
848
-2319
-4412
-5218
-4517
-2480
-629
-542
-1673
-2935
-3720
-4138
-3468
-1242
1394
3834
4631
4177
2458
1003
585
625
1101
1011
1239
833
-55
-1323
-2449
-2907
-2901
-2241
-739
790
1891
2833
2883
3351
4000
5869
3232
-663
-1849
-349
979
-16
1539
779
-95
-3719
-7380
-9770
-9211
-5737
-3426
-436
1025
1906
1352
864
563
1005
2893
5212
7487
7892
6164
2780
-122
-2398
-4170
-4587
-3009
-835
-241
-1682
-3216
-4135
-3994
-3527
-2214
-83
2061
3816
3687
2801
1342
1080
1359
1667
1542
1202
1074
433
-661
-1706
-2193
-2257
-1917
-1138
29
726
1997
2205
2761
3611
5545
4325
47
-1746
-1042
1067
363
1205
1382
791
-1864
-6492
-9093
-9238
-5906
-3794
-1831
-263
608
897
378
455
839
2454
4537
6702
7641
6369
3480
1086
-703
-2558
-3672
-3089
-1208
-420
-1544
-3409
-4661
-4382
-3548
-2205
-542
1112
2864
3000
2422
1095
944
1697
2438
2603
1458
830
94
-403
-1270
-1581
-1509
-1491
-761
113
859
1348
1880
2336
3178
4932
3922
221
-1542
-356
952
100
893
1136
590
-1975
-5840
-8549
-8198
-4779
-3089
-1809
-1175
-727
-509
-93
413
814
2790
5037
6760
6777
5082
2338
648
72
-900
-2056
-1707
-334
-388
-2406
-4434
-4877
-4305
-3020
-1768
-327
828
1964
2066
1207
616
964
2354
3039
3032
1932
800
-87
-816
-871
-995
-818
-936
-151
301
963
1578
1894
2603
3534
4495
658
-1809
-1367
1524
1751
679
1063
-98
-942
-4661
-7592
-8554
-5399
-2211
-1085
-706
-1490
-2110
-2097
-709
357
2052
3906
6091
7078
5797
2615
-32
-33
108
-283
-718
-56
664
-425
-2864
-5283
-5550
-3852
-2010
-670
60
1022
1568
1285
719
595
1561
2699
3156
2701
1539
696
-132
-689
-665
-689
-919
-830
-88
626
1342
2027
2727
3292
4730
1915
-2040
-2398
882
2820
1300
1567
72
-963
-4081
-7521
-9341
-6887
-2393
-929
-55
-858
-2005
-2639
-1137
230
1291
3338
5541
6764
5909
3304
395
-223
289
313
-423
-382
193
-184
-2035
-4367
-5118
-4353
-2677
-1109
-150
287
692
795
276
415
1697
3243
3736
3064
1716
820
306
-71
-266
44
-452
-667
-447
-116
557
1257
2674
3160
4864
1980
-1997
-2284
1159
3277
1463
1703
366
-280
-3651
-7594
-9382
-6769
-2758
-1826
-1118
-1870
-2426
-2301
-539
416
1682
3589
5586
6573
5421
2680
234
479
815
732
-225
-663
-396
-595
-1806
-4221
-4954
-4022
-2444
-1022
-782
-331
150
769
419
185
1431
3172
4180
3478
1981
1021
643
680
484
267
-456
-470
-245
116
486
897
1679
2503
3423
-272
-2037
-707
3164
3317
2169
1627
-542
-1115
-4389
-6700
-7782
-4466
-2791
-2706
-2608
-3912
-4217
-2545
759
1508
2644
4040
5603
5941
4829
2285
673
1463
1780
1278
-51
-908
-1423
-1637
-2232
-3930
-4217
-3461
-2383
-1760
-1509
-818
-130
812
982
1014
1880
3051
3508
2770
1880
1490
1493
1719
1782
908
-109
-791
-76
680
924
1229
1429
1881
-1373
-2875
-1614
1998
3391
2710
2323
258
-444
-3498
-5753
-5929
-2844
-1842
-2748
-3197
-4714
-5632
-4352
-933
630
2210
3505
4850
5359
4503
2415
1417
2704
2953
2335
967
14
-1053
-1860
-2662
-3700
-3536
-3138
-2549
-2290
-2074
-1891
-1280
-364
793
1628
2395
2932
3088
2717
1827
1600
1681
2213
2369
1848
951
-9
-9
582
1043
1228
1420
1417
-1827
-3796
-2323
1472
2604
1970
1405
-211
-1087
-3008
-4046
-4168
-1843
-1340
-1987
-2773
-4303
-5367
-4487
-1305
-13
1321
2169
3389
4102
3860
2645
1717
2813
3375
3300
2118
1121
-136
-1107
-2422
-3734
-3574
-3359
-2916
-3080
-2828
-2524
-1859
-1135
-747
584
2303
3168
3206
3054
2874
2405
2352
2675
2442
2542
1827
1510
1328
1371
1448
1229
1689
-2183
-4744
-3564
508
2192
961
821
-1084
-1012
-2638
-4426
-4591
-1155
815
-827
-1570
-3135
-4543
-4063
-573
110
-80
681
1919
2998
2962
2212
876
1776
2511
2311
1642
1248
1052
885
-110
-1958
-2742
-2893
-2764
-2946
-2672
-2797
-2490
-1926
-1603
-842
541
1826
2037
2375
2328
2642
3145
3752
3481
3186
2636
2257
2126
1936
1912
1844
2174
-2280
-4389
-2910
472
798
-660
-277
-2148
-1438
-3130
-4508
-3974
-646
91
-2222
-1876
-2647
-3283
-2205
1043
1065
580
1160
1787
2436
2381
1635
434
1397
2108
1690
958
543
382
477
-615
-1756
-2325
-1640
-1683
-1984
-1803
-2377
-1856
-2189
-1852
-1611
109
1091
1286
1462
1238
2024
3060
3964
3752
3754
3294
3382
3313
3701
3142
3387
-210
-4715
-3572
-101
1720
-885
-760
-2655
-2918
-3247
-5348
-5368
-2080
959
-1788
-2311
-3246
-4101
-2794
1236
1844
370
1803
2372
3264
3500
2913
484
976
2222
1605
850
575
210
-197
-440
-2101
-3066
-2719
-2020
-2112
-1408
-1679
-1893
-1936
-1459
-859
295
1393
1321
1454
795
710
1595
3049
3586
3666
3643
3413
3322
4098
4126
4426
923
-3729
-3244
709
2779
-527
-1407
-2944
-3125
-3582
-5744
-6097
-3231
7
-2165
-2881
-3598
-4788
-3316
824
1795
163
1549
2859
3500
3931
3029
1104
1835
3604
2702
1036
913
588
500
-439
-1952
-3124
-2955
-2623
-3113
-2406
-2369
-1927
-1810
-1874
-1835
-556
1194
1998
2257
1414
866
1887
3414
3546
3219
2819
3037
3037
4008
3765
4095
1574
-2991
-2354
908
2828
-663
-1362
-2077
-2584
-2685
-5074
-6143
-3988
-660
-2762
-3999
-3826
-4312
-3409
-10
1211
-645
855
2776
3368
3463
3311
1829
1797
3675
3659
2506
1741
1045
-25
-342
-792
-1802
-2565
-3002
-3267
-2725
-2561
-2721
-2937
-2576
-1652
-607
522
753
737
565
1128
2460
3939
4397
4525
4525
3698
3305
3527
5251
3354
-1193
-1589
1219
3239
-661
-2159
-2523
-1967
-1607
-4517
-6174
-4935
-1381
-2759
-4317
-4335
-5227
-4082
-673
227
-2271
-980
2320
3463
3867
3299
1240
1376
3871
4285
2807
2730
2278
1048
1168
658
-1285
-2188
-2091
-2835
-2948
-2530
-2851
-3699
-2845
-1943
-1530
-225
315
155
-227
675
1325
2434
3593
4146
4750
4164
4039
3970
5875
4337
-463
-583
2103
4285
558
-1415
-2022
-1863
-1451
-4540
-5942
-4603
-1914
-3362
-4765
-4864
-6054
-4767
-1143
-496
-2911
-1895
1263
2564
3107
2080
248
1363
4010
4594
3195
3673
2272
1510
2170
1564
-346
-1598
-666
-1942
-2039
-1888
-2243
-2792
-3016
-2714
-2501
-824
-368
-456
-85
792
1497
2242
2432
3429
3768
3957
3564
4795
5339
714
1047
2881
4403
907
-825
-208
-786
296
-2616
-4871
-3935
-1737
-3645
-5452
-4849
-5760
-5720
-2293
-1383
-3947
-3177
-544
880
1897
2494
855
828
2906
2957
2106
2888
2781
2720
3354
2851
788
-314
207
-729
-1127
-1633
-1616
-1095
-1585
-2484
-2267
-1436
-1376
-739
-142
-157
493
1719
2221
2320
3287
2877
3396
4137
1405
1450
3676
4511
91
-1024
1031
866
831
-1568
-3278
-2611
-140
-1818
-4158
-3585
-4479
-4622
-2156
-1494
-4099
-3890
-1435
-854
-370
370
-673
69
1843
1890
618
1592
2564
2043
2612
1752
751
1008
1997
178
-1454
-817
65
18
-301
-620
-1466
-906
-167
-158
-739
-581
589
1939
2322
2139
1641
1994
1156
883
3219
4237
2696
-667
-202
1382
1392
93
-2204
-2139
-960
-538
-2042
-3248
-3219
-3108
-1953
-926
-2021
-2878
-1596
-260
-365
-306
-92
-342
85
278
-156
-84
1008
881
487
301
-69
169
1108
645
-945
-581
388
66
-299
140
-232
-154
619
721
132
398
1323
1493
1765
1551
1370
1917
1184
85
1373
3216
2225
-516
-361
882
1435
793
-1309
-2038
-836
249
-988
-2166
-2972
-3457
-2010
-996
-1947
-2721
-1016
-94
-470
-131
-255
-134
709
1409
703
338
774
651
967
692
-59
-261
547
-103
-1575
-1471
-786
-416
-329
-493
-812
-562
358
555
482
582
521
1528
2264
2397
2055
2449
1749
80
1295
2746
2197
-61
-167
815
956
-87
-1905
-2397
-852
125
-925
-2270
-3328
-3020
-1713
-514
-1986
-2947
-1293
375
657
67
-168
-398
300
859
580
755
908
600
953
1473
768
-122
420
111
-1113
-684
126
-117
-933
-1310
-1280
-271
883
98
-396
-41
537
1291
2268
2394
1158
1147
697
1020
2640
2940
1061
-670
563
1134
820
-376
-1831
-1815
-349
368
-1266
-2980
-3695
-2777
-1011
-843
-2638
-2922
-1438
-227
-139
-314
-599
-361
864
1017
1108
1451
1287
931
1400
1791
1015
778
544
-308
-638
25
-165
-498
-631
-911
-662
353
320
-646
-528
339
1256
1675
2050
1183
1248
450
219
2079
3030
1523
-1157
125
1383
1291
140
-1741
-1947
-785
315
-748
-2138
-2964
-3202
-1498
-631
-2321
-2757
-1031
138
-463
-691
-874
-1207
1
512
203
396
712
551
797
1437
761
689
1313
772
187
1023
1515
807
235
-49
-207
530
954
-273
-889
-284
871
1231
1237
705
612
380
350
1811
2311
1092
-916
471
1621
1239
31
-1394
-1452
-851
379
-437
-1741
-3033
-2970
-1507
-842
-1948
-2827
-1910
-1105
-866
-789
-953
-1004
-68
241
466
713
455
-117
202
1209
708
360
185
-265
-76
860
995
192
-101
279
856
1629
1514
908
642
1323
2159
2313
2015
1166
1413
44
119
1644
1817
-234
-1649
503
616
192
-632
-1672
-1469
-209
689
-889
-1950
-2749
-2485
-690
-575
-2441
-2733
-1186
-667
-568
-321
-1560
-2133
-467
284
-76
25
83
-575
386
1322
579
-32
58
93
537
1549
744
-387
-274
444
980
1380
1017
70
428
1999
2510
2346
1845
1735
1549
815
2095
2661
1910
-424
-190
1275
396
-643
-2076
-1850
-1253
-182
-580
-2141
-2749
-3051
-1868
-1094
-2096
-2990
-1951
-358
-170
-68
-565
-1800
-992
273
380
80
466
76
-405
603
521
-264
-568
-403
-357
725
1259
-9
-691
-30
847
1186
1340
762
481
1586
2412
2401
2217
1843
1647
789
1368
2406
2328
691
-299
1307
1563
670
-733
-1477
-1133
-269
232
-1588
-2821
-3331
-2543
-1328
-1816
-2913
-3017
-1413
-889
-824
-627
-1666
-1604
-475
302
-133
-13
359
-171
733
1105
659
-109
-94
-301
-188
1032
726
-120
-537
25
477
753
678
-169
697
1834
2450
2373
2274
2186
821
1567
2977
2889
911
-188
1280
1526
779
-443
-1260
-888
-118
384
-1192
-2076
-2457
-2080
-1246
-1615
-2282
-2557
-1612
-1228
-1219
-945
-1850
-1684
-893
-441
-476
-312
-244
-1071
271
1108
639
-395
-248
9
64
1012
654
-104
-234
694
1101
1025
661
-252
546
1783
2379
1932
1802
1494
-101
1573
3165
2528
47
60
1878
1770
1309
-192
-913
-416
786
411
-1247
-2181
-2631
-1819
-1074
-1702
-2518
-2113
-1227
-854
-546
-936
-2235
-1374
-344
-214
-151
245
-635
-1477
246
768
122
-687
-635
-794
-115
1015
-24
-535
-354
501
874
1262
662
-254
1065
2246
2618
2082
2265
906
631
2693
2768
738
-817
900
1495
1152
302
-1140
-1155
129
1109
-525
-1802
-2323
-1530
-435
-604
-2176
-2202
-1110
-538
-460
-314
-1301
-2113
-654
-363
-430
-617
-117
-875
-412
713
211
-347
-588
-184
-153
741
370
-477
-338
194
504
702
1171
16
59
971
2029
2062
1900
936
-417
1947
3344
1854
-814
141
1662
1600
1411
-256
-1280
-523
1311
57
-1773
-2242
-2075
-1246
-749
-1700
-2413
-1392
-602
-823
-444
-471
-1823
-1030
-152
68
-93
481
-342
-791
954
863
24
-525
-232
-523
372
1039
-475
-661
211
652
543
827
342
41
1161
2029
1864
2084
1049
-315
1663
3112
1401
-1181
99
961
554
490
-997
-1739
-813
1003
-498
-1813
-1857
-1387
-628
-149
-1395
-2165
-898
-111
-67
-289
-436
-1749
-860
-210
-285
-480
-316
-538
-386
971
261
-425
-218
429
145
614
994
96
75
865
1140
1001
955
783
622
1301
1961
1837
1746
158
-117
1628
2179
3
-1598
307
1026
506
-163
-1359
-1485
-460
612
-1397
-2687
-2253
-1079
-610
-1082
-2296
-2056
-725
-183
-419
-563
-537
-993
-78
231
238
178
125
-231
343
1270
361
-622
-418
-16
113
750
602
-584
-594
811
1617
1250
773
732
1340
2465
2795
2416
888
-50
1941
3548
1842
-1440
-906
1022
904
-7
-1463
-2476
-1702
259
-585
-3070
-3759
-2143
-927
-618
-1956
-2315
-1045
5
-18
-677
-487
-1109
-114
451
212
-115
103
-61
-466
632
566
-67
-354
-72
-28
375
1114
128
-354
191
1325
1572
1156
981
970
1892
2543
2861
1637
-77
1061
3305
2662
-393
-795
1112
1331
367
-708
-1662
-1512
-91
-317
-2495
-3864
-2601
-1242
-1187
-2589
-3114
-1586
-637
-498
-1238
-867
-1271
-583
411
84
-139
289
947
133
507
915
336
-56
249
471
151
842
485
-169
-182
791
1108
946
908
943
1573
2276
2671
1718
350
580
2678
2973
507
-825
688
1826
870
-371
-1622
-1754
-303
115
-1715
-3635
-2543
-1260
-973
-1819
-2874
-2138
-925
-155
-1287
-1507
-1294
-937
-198
-83
-403
-657
276
406
185
192
269
330
299
389
239
888
1072
675
287
919
1119
1161
1411
1215
1211
1691
2763
1923
594
812
2051
2038
482
-135
490
1196
687
-452
-1347
-1311
-69
-184
-1698
-3354
-2399
-948
-715
-1831
-2536
-1991
-868
108
-814
-1840
-2064
-752
86
96
-487
-727
-270
145
625
102
-175
-378
319
721
320
380
481
713
594
919
1215
1339
1623
1559
1675
2030
2441
1644
859
1383
1880
1401
439
244
408
602
432
-130
-1089
-1207
-714
-760
-1708
-2481
-1938
-1332
-1092
-1713
-1821
-1722
-780
-402
-852
-1293
-1355
-730
-587
-25
-20
-81
-101
95
250
79
173
41
126
245
394
466
384
256
167
283
485
801
963
798
711
1202
1540
1222
960
1086
1239
1188
1216
994
734
775
956
861
213
-41
-1
47
-625
-1144
-1027
-973
-992
-1190
-978
-1288
-1254
-1227
-1100
-1034
-1060
-1012
-1226
-732
-582
-401
-648
-586
-584
-586
-378
-550
-601
-642
-124
-2
-2
-110
-16
12
158
604
725
877
955
1457
1616
1719
1507
1493
1578
1674
1831
1601
1421
1012
1352
1262
1005
566
682
557
-67
-353
-615
-610
-1015
-896
-1147
-1163
-1324
-1319
-1529
-1829
-1797
-1855
-1469
-1486
-1312
-1427
-1185
-1075
-1065
-934
-880
-689
-683
-362
-189
-103
-95
115
345
402
382
583
932
1143
1410
1433
1537
1714
2003
1906
1598
1655
1660
1725
1442
1495
1140
1093
1003
750
607
215
207
-260
-356
-633
-682
-934
-1200
-1158
-979
-1019
-1551
-1601
-1566
-1462
-1497
-1245
-1495
-1670
-1179
-681
-832
-1371
-1058
-914
-714
-700
-493
-438
-423
-36
32
158
35
339
532
747
1029
1322
1506
1394
1633
1810
1795
1586
1738
1747
1447
1364
1475
1412
863
841
890
795
384
127
-59
-290
-461
-626
-692
-885
-964
-1107
-979
-1244
-1390
-1373
-1181
-998
-1183
-1219
-1296
-872
-803
-916
-1072
-1053
-870
-932
-814
-919
-854
-799
-593
-376
-134
-215
-294
26
447
777
853
1228
1397
1599
1863
1978
1950
1783
1762
1669
1783
1748
1498
1170
1034
1091
896
670
227
49
-94
-190
-459
-678
-827
-956
-940
-1023
-1100
-1372
-1241
-1103
-963
-1265
-1389
-1268
-1273
-1151
-1102
-949
-1256
-960
-641
-682
-945
-991
-662
-642
-308
-287
-227
-231
70
309
467
704
974
1400
1523
1730
1796
1968
1789
1764
1851
1901
1887
1651
1499
1138
1202
1014
736
382
72
71
-221
-396
-790
-870
-1055
-1150
-1173
-1151
-1224
-1417
-1329
-1289
-1189
-1316
-1224
-1215
-1059
-1096
-987
-811
-774
-717
-898
-720
-838
-732
-566
-457
-481
-398
-21
61
89
280
722
933
1078
1356
1583
1739
1801
1803
1734
1770
1823
1654
1380
1381
1345
1108
820
681
518
303
155
-22
-241
-558
-633
-759
-833
-979
-970
-917
-1176
-1303
-1330
-1173
-1336
-1325
-1227
-1235
-1153
-929
-745
-906
-963
-766
-649
-761
-645
-477
-328
-319
-155
-65
-96
107
426
609
696
1056
1322
1367
1413
1538
1642
1629
1683
1584
1458
1370
1293
1172
978
961
775
632
305
140
-30
-254
-484
-584
-601
-705
-756
-779
-898
-1199
-1089
-941
-1065
-1373
-1256
-1045
-1105
-1102
-971
-921
-1024
-891
-776
-914
-953
-745
-480
-451
-485
-260
-80
23
118
392
547
736
1113
1372
1379
1351
1669
1736
1673
1572
1624
1488
1305
1267
1133
981
728
718
568
319
16
-109
-247
-540
-700
-658
-583
-770
-828
-868
-932
-1026
-990
-1015
-1155
-1055
-967
-998
-1118
-979
-891
-846
-876
-932
-990
-899
-606
-569
-593
-694
-311
-51
37
6
221
570
755
1107
1333
1382
1327
1708
1913
1777
1595
1594
1628
1454
1384
1240
1031
814
729
613
247
-101
-255
-356
-631
-757
-658
-723
-933
-1020
-939
-1030
-1140
-1181
-1158
-1168
-1117
-976
-1074
-1141
-1094
-757
-697
-813
-828
-723
-583
-606
-516
-423
-181
-87
-11
75
234
444
586
793
914
1094
1247
1405
1503
1493
1432
1464
1561
1434
1343
1291
1215
1028
906
810
528
288
157
19
-254
-515
-697
-720
-760
-811
-981
-1073
-1176
-1180
-1127
-1185
-1240
-1278
-1135
-1136
-995
-924
-854
-877
-799
-644
-607
-634
-662
-496
-258
-66
-36
58
128
385
587
758
886
1072
1336
1353
1514
1533
1468
1276
1375
1480
1294
1191
1062
1024
836
740
502
265
101
-11
-130
-335
-467
-662
-679
-719
-769
-882
-938
-931
-1002
-1056
-1179
-1221
-1234
-1127
-1082
-1073
-1008
-986
-898
-843
-717
-707
-656
-540
-382
-188
-80
103
186
349
529
710
885
1009
1171
1329
1505
1607
1561
1413
1392
1369
1327
1253
1106
942
880
852
618
314
148
-21
-233
-349
-444
-662
-809
-754
-786
-934
-1042
-1030
-1020
-1073
-1123
-1125
-1133
-1067
-972
-921
-868
-875
-733
-676
-661
-686
-701
-559
-474
-209
-141
13
65
258
480
600
797
922
1212
1364
1529
1562
1569
1459
1443
1430
1375
1221
1037
938
834
817
672
454
186
57
-66
-281
-499
-669
-700
-737
-798
-869
-923
-1013
-1182
-1256
-1236
-1230
-1273
-1226
-1164
-1078
-934
-837
-812
-835
-747
-622
-536
-477
-394
-252
-84
115
271
413
517
646
816
978
1133
1292
1418
1475
1495
1486
1467
1346
1238
1198
1147
1027
914
847
751
533
373
209
-7
-263
-440
-548
-678
-767
-880
-971
-1019
-984
-1089
-1256
-1335
-1343
-1282
-1238
-1173
-1208
-1127
-1000
-867
-828
-809
-754
-683
-559
-470
-327
-117
78
174
364
611
840
959
1117
1248
1401
1532
1670
1718
1674
1607
1519
1517
1355
1180
989
895
734
607
524
306
39
-154
-240
-438
-647
-816
-838
-911
-953
-999
-1082
-1262
-1462
-1369
-1260
-1252
-1380
-1343
-1166
-1075
-940
-928
-918
-885
-683
-449
-443
-435
-316
-85
94
301
455
502
648
936
1173
1231
1286
1390
1519
1645
1722
1686
1572
1431
1370
1324
1222
1071
883
709
546
502
348
2
-280
-431
-514
-697
-809
-1002
-1183
-1203
-1158
-1206
-1503
-1633
-1595
-1397
-1356
-1337
-1255
-1229
-1105
-944
-751
-838
-768
-590
-378
-262
-150
-21
17
236
443
683
726
879
1027
1213
1404
1486
1567
1557
1604
1615
1643
1511
1337
1195
1191
1158
1045
885
611
421
272
171
-58
-334
-518
-627
-657
-813
-1023
-1236
-1320
-1371
-1463
-1551
-1635
-1643
-1654
-1500
-1339
-1270
-1279
-1170
-998
-896
-774
-620
-477
-393
-170
60
231
329
457
610
785
1015
1190
1273
1319
1456
1596
1649
1611
1546
1466
1387
1357
1281
1110
977
905
829
694
518
285
59
-80
-214
-385
-571
-667
-789
-903
-1027
-1155
-1293
-1439
-1516
-1543
-1519
-1503
-1423
-1347
-1315
-1287
-1143
-1005
-973
-892
-672
-470
-322
-205
-8
164
332
514
670
823
989
1218
1340
1430
1444
1555
1599
1604
1513
1437
1381
1271
1193
1062
998
847
773
634
453
220
39
-79
-268
-426
-591
-682
-830
-952
-1102
-1225
-1326
-1400
-1454
-1528
-1482
-1436
-1353
-1317
-1217
-1130
-1034
-933
-890
-763
-643
-379
-222
-56
79
228
399
497
651
733
920
1093
1289
1366
1412
1470
1500
1494
1408
1391
1301
1255
1128
1081
973
821
693
544
410
158
16
-184
-363
-556
-640
-759
-931
-1032
-1136
-1226
-1348
-1381
-1431
-1393
-1357
-1295
-1292
-1188
-1075
-999
-947
-872
-709
-599
-425
-328
-117
25
183
321
488
601
645
771
930
1082
1164
1254
1279
1337
1360
1312
1190
1143
1156
1078
1008
941
867
732
655
592
399
173
-10
-109
-285
-457
-647
-754
-870
-998
-1056
-1180
-1288
-1409
-1351
-1323
-1343
-1326
-1239
-1096
-1014
-894
-828
-739
-620
-466
-261
-133
-1
111
276
398
506
631
704
747
848
1016
1077
1107
1091
1131
1167
1179
1097
997
979
953
924
819
728
584
492
395
250
88
-97
-237
-428
-488
-634
-746
-868
-919
-958
-1033
-1046
-1142
-1153
-1161
-1054
-1006
-986
-946
-817
-677
-601
-499
-427
-359
-244
8
163
204
259
402
524
622
727
794
839
885
991
1060
1041
960
956
961
918
862
796
719
603
572
519
368
172
28
-42
-177
-321
-438
-574
-713
-760
-801
-886
-983
-978
-951
-947
-914
-912
-869
-819
-696
-602
-529
-474
-409
-290
-155
-68
-11
57
170
314
415
470
481
569
645
716
790
822
830
818
893
869
766
687
655
635
532
482
385
309
193
96
-27
-176
-292
-405
-505
-600
-654
-710
-731
-781
-787
-799
-784
-756
-721
-663
-621
-524
-431
-331
-281
-230
-140
-35
52
75
114
189
282
358
426
481
504
540
560
593
628
651
656
653
650
679
647
544
420
368
313
240
159
66
-41
-143
-171
-271
-392
-513
-543
-583
-637
-680
-684
-667
-651
-581
-516
-468
-463
-392
-313
-224
-159
-95
-39
46
125
155
173
182
210
220
250
260
303
321
326
359
426
452
419
432
429
399
405
432
390
335
316
284
173
65
-46
-151
-232
-293
-326
-407
-452
-505
-544
-572
-565
-548
-524
-491
-446
-351
-277
-210
-156
-68
27
89
156
199
223
228
297
337
330
293
273
285
260
262
216
181
136
172
199
188
164
163
172
135
159
129
80
15
16
-4
-56
-90
-142
-204
-261
-283
-332
-397
-447
-413
-389
-390
-418
-375
-330
-299
-235
-151
-76
-42
55
148
218
258
312
356
389
414
446
439
398
365
354
330
278
226
162
133
108
93
34
-5
-27
-28
-23
-50
-74
-120
-131
-143
-179
-230
-283
-303
-331
-325
-347
-373
-387
-401
-385
-368
-346
-340
-284
-212
-151
-110
-59
28
93
184
256
308
337
376
441
454
451
454
442
414
415
395
351
248
218
204
179
132
60
32
19
45
0
-42
-98
-121
-121
-132
-174
-254
-276
-286
-304
-360
-401
-427
-422
-413
-409
-373
-366
-336
-303
-249
-201
-145
-75
-21
51
107
168
208
279
326
367
399
415
430
404
398
393
395
347
311
299
289
256
172
123
65
54
9
-55
-86
-98
-95
-127
-174
-229
-240
-250
-282
-343
-381
-387
-371
-350
-379
-397
-384
-347
-332
-285
-226
-193
-139
-61
6
16
55
121
188
231
272
316
333
347
358
372
381
371
355
334
321
288
259
226
200
185
166
134
79
27
-11
-32
-59
-82
-137
-150
-165
-180
-216
-257
-289
-335
-347
-347
-349
-359
-361
-354
-330
-285
-241
-226
-195
-150
-56
8
59
111
168
218
250
303
306
295
301
351
369
349
332
307
272
260
239
202
159
120
99
97
85
48
6
-10
-24
-37
-63
-117
-152
-170
-163
-202
-229
-251
-286
-295
-317
-333
-361
-355
-348
-315
-258
-227
-200
-179
-106
-69
-30
30
85
118
165
245
266
268
253
278
293
295
275
250
244
240
258
227
192
152
144
115
104
89
43
6
1
50
28
-8
-59
-66
-77
-102
-135
-172
-211
-240
-224
-228
-254
-302
-302
-304
-285
-265
-253
-251
-215
-138
-88
-43
-26
8
45
105
134
149
163
213
253
278
265
232
231
232
230
212
200
172
157
147
139
116
87
57
38
25
18
15
-14
-35
-31
-28
-45
-78
-102
-140
-153
-152
-174
-224
-239
-203
-202
-222
-237
-220
-226
-200
-167
-151
-131
-96
-41
-7
17
40
80
96
103
127
158
175
200
202
203
202
205
197
175
170
141
146
137
131
108
85
74
69
58
9
-4
-23
-23
-41
-55
-55
-70
-94
-102
-103
-130
-154
-162
-156
-164
-142
-142
-139
-132
-110
-89
-84
-72
-76
-35
-2
11
9
13
34
38
68
65
54
55
99
122
115
120
107
114
117
136
113
100
85
88
100
66
40
21
42
21
14
1
-21
-50
-47
-29
-64
-68
-70
-61
-93
-97
-86
-102
-122
-125
-95
-101
-103
-111
-97
-85
-65
-46
-56
-54
-36
-1
-5
-20
-16
7
24
33
46
39
56
82
106
111
97
88
79
87
91
90
60
46
62
68
52
21
21
23
18
28
47
25
3
0
6
0
-9
-4
-23
-32
-21
-17
-47
-71
-66
-54
-57
-55
-64
-72
-69
-62
-44
-40
-49
-57
-38
-30
-37
-28
-20
-4
13
33
48
45
49
57
69
62
54
49
52
42
40
35
44
35
20
15
12
24
10
16
7
11
10
32
22
-3
2
12
16
2
10
4
0
-12
-18
-32
-26
-32
-37
-33
-46
-46
-55
-40
-55
-53
-56
-59
-50
-44
-32
-38
-16
-16
-10
1
12
10
-1
3
13
23
12
10
15
23
18
16
15
12
16
13
26
19
26
31
36
34
33
38
24
31
37
45
36
34
30
36
37
18
13
4
9
1
-2
-28
-36
-34
-44
-53
-61
-63
-72
-68
-69
-67
-68
-59
-58
-57
-41
-33
-34
-26
-15
-8
4
12
8
12
22
29
34
39
42
38
51
60
66
68
72
74
69
64
66
72
57
55
59
64
53
48
40
17
13
15
20
-9
-19
-27
-36
-57
-65
-68
-80
-83
-88
-79
-92
-93
-85
-87
-94
-90
-79
-74
-81
-76
-67
-55
-42
-21
-12
-8
3
19
34
42
59
67
79
98
113
112
109
118
126
116
114
103
91
84
81
67
45
36
30
17
4
-5
-8
-19
-27
-39
-52
-63
-82
-78
-91
-93
-80
-71
-80
-82
-68
-67
-73
-90
-85
-82
-71
-64
-77
-89
-69
-29
-27
-41
-30
14
33
19
18
52
94
104
100
109
127
144
128
104
110
125
110
81
67
68
49
16
1
-28
-35
-30
-32
-35
-47
-44
-55
-68
-78
-80
-79
-82
-71
-58
-48
-48
-43
-40
-46
-44
-43
-38
-44
-35
-25
-24
-19
-6
6
0
10
13
28
28
35
35
34
57
63
65
55
64
62
55
53
61
52
37
55
65
52
33
34
21
15
17
23
9
-9
0
-1
-12
-36
-44
-63
-68
-50
-48
-51
-68
-55
-48
-45
-56
-74
-69
-60
-36
-29
-35
-36
-13
1
6
7
6
11
9
20
26
25
17
23
32
35
34
25
23
9
14
26
14
0
9
25
29
28
15
12
27
40
40
29
22
17
14
4
-14
-21
-27
-27
-34
-35
-31
-39
-44
-39
-34
-35
-30
-35
-37
-23
-8
-6
-9
-1
11
15
12
18
20
20
13
18
23
13
11
6
3
1
14
6
-9
-3
9
7
-1
6
12
20
18
12
14
22
24
20
23
17
2
10
0
-22
-27
-16
-9
-19
-20
-10
-7
-15
-18
-16
-7
-2
-11
-12
-3
-12
-1
3
-9
-5
9
4
-9
-10
-11
-9
-11
-12
-18
-23
-21
-19
-20
-17
-21
-11
-3
-2
4
11
11
11
22
30
26
27
41
33
27
34
28
25
25
14
9
11
8
1
3
7
2
1
-9
-14
-9
-3
-9
-15
-10
-11
-9
-8
-5
-14
-12
-2
-5
-9
-6
-9
-18
-13
-12
-14
-21
-21
-22
-20
-31
-29
-16
-9
-14
-12
4
11
18
9
15
20
39
40
34
32
27
41
42
39
19
29
36
31
20
14
8
0
5
-7
-10
-15
-20
-24
-21
-19
-22
-29
-38
-33
-29
-23
-36
-40
-26
-20
-19
-19
-21
-30
-10
-7
-9
-11
-12
-4
4
9
0
-1
3
11
16
24
22
10
15
29
30
23
20
17
25
42
27
21
24
25
23
17
12
-6
-13
-14
-12
-18
-16
-27
-34
-26
-27
-19
-31
-48
-48
-33
-26
-36
-40
-27
-28
-23
-11
-18
-20
-11
-2
6
11
17
28
29
32
40
37
38
35
42
53
42
46
43
46
45
39
29
25
32
22
18
11
14
2
-6
-15
-21
-27
-34
-35
-43
-41
-43
-38
-38
-33
-34
-35
-32
-35
-32
-26
-31
-27
-12
-15
-12
-1
-2
0
1
-1
9
18
15
18
10
20
27
20
26
32
40
44
46
46
52
55
55
41
37
39
36
25
13
11
9
-4
-20
-21
-33
-44
-48
-55
-63
-64
-56
-59
-54
-52
-48
-42
-31
-28
-30
-21
-26
-17
-15
-11
-1
5
5
7
13
16
17
13
26
30
24
27
31
28
37
41
38
43
51
53
47
44
46
39
35
26
20
19
10
-3
-8
-17
-22
-20
-39
-47
-42
-45
-58
-62
-57
-55
-58
-61
-48
-48
-42
-34
-36
-31
-25
-22
-19
-18
-12
2
15
12
7
25
38
31
35
38
40
51
62
52
48
58
59
55
54
57
49
44
39
33
30
18
9
8
-7
-16
-21
-31
-37
-39
-39
-43
-48
-53
-54
-55
-51
-47
-57
-53
-36
-29
-31
-26
-20
-12
-5
-8
-5
4
11
15
26
25
24
33
36
31
35
37
33
39
43
51
48
44
41
43
51
51
37
29
33
30
28
12
5
0
-13
-18
-27
-37
-48
-52
-55
-60
-63
-63
-61
-76
-71
-59
-55
-58
-50
-38
-29
-16
-16
-14
-8
4
15
18
19
22
36
44
42
45
50
42
38
46
49
45
46
45
45
46
46
34
25
23
20
10
6
-5
-7
-9
-17
-22
-26
-32
-41
-41
-45
-47
-54
-60
-60
-55
-55
-54
-56
-59
-45
-40
-36
-28
-23
-15
-2
1
6
19
17
25
37
38
49
54
56
58
63
65
63
62
61
59
54
56
48
42
36
27
23
18
7
-4
-11
-15
-18
-26
-32
-41
-42
-42
-43
-57
-59
-54
-57
-58
-59
-54
-54
-49
-49
-39
-34
-32
-24
-16
-10
-6
4
11
17
27
34
32
38
45
50
58
60
61
65
65
61
65
59
53
50
48
41
28
21
9
5
-5
-17
-24
-30
-37
-37
-42
-53
-47
-50
-52
-51
-57
-57
-58
-59
-51
-46
-51
-43
-32
-29
-25
-19
-18
-5
9
8
12
17
26
38
43
43
49
52
53
56
61
56
53
57
55
54
51
43
30
26
26
20
6
-1
-6
-14
-25
-32
-35
-45
-46
-47
-47
-48
-54
-55
-49
-51
-54
-53
-58
-55
-48
-46
-43
-38
-28
-22
-14
-8
-5
0
8
18
20
27
32
42
45
49
48
50
56
52
51
49
45
40
41
34
33
28
13
9
6
2
-7
-8
-18
-21
-21
-23
-28
-34
-29
-30
-30
-30
-27
-29
-27
-30
-27
-26
-31
-28
-27
-20
-16
-13
-12
-5
6
13
13
11
22
26
33
38
41
43
48
54
52
53
53
50
49
45
42
37
26
19
16
13
5
-10
-13
-15
-23
-25
-30
-40
-43
-39
-40
-44
-46
-42
-40
-37
-34
-30
-26
-33
-30
-23
-21
-18
-19
-19
-13
-3
1
1
1
8
13
14
17
17
19
23
28
29
29
28
29
30
27
24
24
16
12
5
4
3
-7
-11
-14
-19
-18
-21
-30
-32
-32
-31
-33
-40
-36
-35
-35
-32
-34
-28
-22
-23
-17
-13
-10
-5
-1
2
8
16
17
20
24
31
36
38
40
38
43
42
39
37
35
34
31
29
28
26
21
18
15
13
8
4
-3
-5
-7
-14
-13
-17
-24
-21
-21
-28
-25
-30
-33
-29
-25
-28
-29
-27
-24
-18
-19
-17
-12
-6
-1
6
8
11
18
22
22
26
31
31
35
34
35
41
36
31
36
30
25
25
12
10
11
8
2
-9
-10
-9
-12
-21
-25
-25
-26
-27
-26
-30
-29
-29
-29
-27
-31
-29
-27
-28
-24
-20
-18
-21
-19
-11
-12
-8
-6
-10
0
5
9
13
14
21
26
27
31
33
33
36
35
35
35
31
28
24
21
15
13
9
2
1
-3
-7
-13
-19
-24
-23
-25
-31
-32
-32
-30
-26
-27
-29
-25
-25
-22
-21
-22
-15
-15
-13
-7
-6
-2
1
-1
4
9
10
13
12
18
21
21
23
21
25
28
29
30
31
29
28
27
27
23
17
15
8
6
5
3
-1
-4
-5
-7
-6
-12
-17
-15
-17
-20
-16
-17
-19
-17
-16
-14
-12
-11
-10
-6
-5
-4
0
3
0
7
9
9
10
11
14
16
18
23
23
19
23
26
25
20
19
16
11
14
10
2
2
0
-2
-1
-8
-13
-8
-14
-15
-11
-16
-17
-13
-16
-15
-14
-16
-16
-17
-12
-12
-16
-15
-15
-11
-12
-11
-8
-9
-5
0
1
4
3
4
8
3
6
8
4
5
8
10
9
13
12
11
11
9
7
5
-1
1
0
-5
-4
-6
-4
0
-4
-5
-3
-4
-4
-2
-3
-4
-3
-3
-4
3
2
0
5
4
7
14
12
8
13
12
14
14
9
14
14
10
15
14
11
12
7
8
7
1
0
-1
-4
-3
-2
-6
-10
-9
-11
-12
-12
-17
-19
-17
-19
-17
-19
-17
-16
-18
-14
-13
-15
-12
-10
-9
-8
-5
-4
-2
-1
-2
4
8
4
11
14
15
18
17
19
18
17
20
16
12
13
11
7
7
5
1
1
-2
-4
-1
-5
-7
-6
-7
-6
-7
-9
-9
-8
-6
-5
-6
-5
-4
0
2
3
4
2
6
6
5
9
9
8
12
15
16
18
17
17
20
20
17
18
13
11
13
7
7
4
-1
0
-5
-6
-7
-13
-16
-15
-18
-21
-22
-26
-25
-25
-26
-26
-24
-27
-23
-25
-26
-21
-26
-24
-20
-21
-16
-16
-15
-6
-4
-1
4
2
8
12
12
14
17
20
21
24
25
26
29
27
27
29
24
22
21
14
16
13
6
6
2
0
2
-4
-7
-6
-7
-6
-9
-10
-12
-11
-9
-13
-11
-11
-12
-9
-9
-13
-9
-9
-9
-9
-6
-6
-7
-2
-2
2
4
3
5
7
7
13
11
10
14
16
18
16
16
15
15
15
11
9
7
4
6
1
-4
-1
-5
-7
-10
-11
-14
-17
-17
-19
-19
-16
-19
-20
-14
-16
-10
-8
-12
-5
-3
-5
-1
-1
0
3
4
9
8
12
16
14
19
16
17
18
14
16
16
13
15
15
16
16
13
15
12
10
9
8
7
3
1
0
-4
-7
-9
-12
-13
-14
-18
-23
-22
-23
-26
-24
-30
-31
-25
-28
-28
-22
-26
-20
-17
-18
-12
-11
-12
-8
-7
-3
0
-2
3
4
7
11
9
10
14
14
15
14
14
17
16
19
18
15
18
15
14
15
14
12
9
10
8
6
6
-1
-1
1
-6
-3
-6
-8
-5
-7
-7
-3
-7
-3
-1
-5
0
-1
-2
-1
-1
0
2
1
1
4
5
5
6
7
5
6
8
4
5
7
3
7
7
5
7
5
4
4
3
0
0
-3
-6
-6
-7
-9
-10
-13
-12
-12
-15
-16
-16
-16
-14
-13
-14
-13
-9
-9
-6
-2
-2
2
4
5
11
11
10
13
9
12
16
12
15
14
13
17
14
13
14
12
11
11
9
9
6
5
5
4
4
0
-1
1
-2
-3
-3
-7
-8
-9
-12
-11
-14
-16
-15
-15
-15
-14
-15
-14
-15
-13
-13
-14
-12
-10
-9
-7
-8
-4
-2
-3
0
-1
1
3
1
4
2
3
6
0
3
2
0
3
-3
-2
1
-3
-2
-4
-6
-4
-4
-6
-7
-3
-2
-3
1
-1
0
4
0
1
4
1
5
6
5
8
10
11
10
11
10
12
11
8
14
12
12
16
13
14
15
12
13
11
9
10
7
6
6
6
5
3
2
0
-2
-3
-7
-7
-9
-9
-13
-15
-13
-15
-15
-15
-17
-14
-15
-15
-13
-14
-15
-11
-12
-10
-7
-7
-2
0
0
7
7
6
9
9
9
11
10
12
12
13
16
15
15
14
14
14
11
11
8
8
5
6
6
1
3
5
0
4
1
-2
0
-5
-4
-4
-7
-7
-7
-9
-6
-7
-6
-8
-9
-5
-10
-10
-9
-9
-8
-6
-7
-6
-2
-3
-1
0
-4
1
-2
-4
1
-2
-2
0
-3
-1
-2
-2
-2
-6
-4
-6
-7
-5
-11
-8
-5
-9
-7
-7
-9
-7
-5
-7
-6
-3
-6
-4
-1
-3
0
3
1
3
6
6
6
9
7
8
12
9
11
15
13
16
16
13
15
14
11
12
11
11
10
10
10
10
12
12
9
11
8
5
9
1
1
4
-4
0
2
-5
1
-2
-4
0
-4
-5
-7
-7
-5
-7
-6
-5
-4
-1
0
0
1
-1
0
0
1
-3
-2
0
-4
2
1
-1
3
-3
1
2
-4
-2
-4
-6
-3
-7
-6
-3
-6
-3
-4
-4
-2
-5
-3
-4
-5
-2
-6
-4
-1
-1
1
0
-1
2
1
2
2
0
3
5
3
6
6
6
8
9
9
8
9
7
7
7
4
3
4
2
1
3