6
5
0
1
3
6
4
7
10
9
4
4
-2
1
0
-3
-2
-10
-2
1
-4
-1
-5
-2
2
-6
-5
-3
-2
6
4
2
5
2
1
4
4
3
-4
0
-1
2
2
-3
6
6
11
11
11
7
13
17
6
5
6
14
5
7
9
8
10
7
4
2
5
3
7
8
3
-2
-2
3
-2
-3
-2
-6
-4
-6
-9
-7
-7
-11
-11
-8
-5
-4
-8
-5
-5
-5
-12
-13
-8
-10
-10
-9
-7
-9
-15
-13
-13
-16
-9
-15
-15
-11
-11
-11
-15
-16
-14
-9
-7
-10
-11
-10
-10
-9
-13
-11
-14
-11
-14
-9
-8
-9
-7
-5
-6
-9
-2
-3
-3
-2
-1
1
-1
5
11
5
8
6
10
13
9
17
12
15
14
13
14
7
13
9
12
10
13
12
10
13
7
14
9
12
8
7
13
11
21
13
13
12
6
15
12
12
12
10
13
11
12
13
10
10
9
8
11
7
4
6
8
6
2
1
5
6
7
5
6
13
5
2
9
10
9
5
4
0
2
1
1
-1
-4
-6
-2
-1
-3
-5
-6
-4
-3
-9
-15
-16
-15
-10
-10
-8
-12
-16
-18
-19
-11
-15
-14
-10
-17
-17
-16
-18
-19
-16
-20
-18
-13
-17
-14
-15
-14
-11
-11
-10
-15
-19
-19
-21
-20
-18
-18
-14
-11
-16
-18
-14
-15
-16
-20
-14
-8
-14
-7
-9
-12
-15
-11
-9
-7
-3
3
3
4
4
4
6
5
2
4
1
5
5
3
3
4
4
4
12
10
13
2
6
10
5
11
10
14
7
7
12
11
16
12
10
11
9
8
13
17
17
14
13
15
12
12
15
16
8
11
15
13
15
8
4
13
12
0
7
7
7
8
2
6
4
6
6
1
8
6
4
5
6
4
-5
-3
7
5
-4
-1
2
-2
2
-2
-5
0
-1
0
0
-7
-1
-6
-13
-4
-7
-3
-5
-4
-8
-7
-12
-13
-5
-6
-6
-14
-10
-7
-10
-9
-7
-11
-18
-14
-9
-13
-16
-18
-19
-17
-16
-20
-17
-11
-18
-18
-15
-11
-10
-2
-6
-7
-4
-13
-9
-4
-3
-5
-6
-3
-10
-6
-5
-9
-2
2
0
-1
3
2
2
2
-4
0
0
-2
0
-3
1
-1
-1
0
-2
-2
2
1
8
13
4
7
6
8
10
5
6
8
10
11
9
4
11
10
8
4
6
14
7
7
4
7
6
8
7
9
12
3
3
3
8
9
5
3
5
6
3
1
7
5
5
4
-6
-3
-5
-3
0
0
-5
-4
-2
-5
-6
2
5
-4
-6
-3
2
-1
-3
-8
-4
-4
-5
2
-4
0
-2
-1
4
-1
0
1
0
0
2
-1
4
-2
9
9
2
-3
-3
2
-7
-4
-2
0
1
-2
-3
-1
-3
3
-1
0
2
-1
0
-1
1
-1
6
6
-1
5
0
2
5
4
0
2
8
7
7
3
3
2
3
4
10
9
14
9
5
12
2
5
8
5
11
12
12
9
11
12
5
7
11
8
10
7
0
7
10
9
12
11
9
9
6
9
6
-1
5
3
7
2
-1
5
-1
2
5
3
0
0
-3
1
-1
0
-7
-5
-2
-6
2
-1
0
3
2
0
-4
-7
-7
-1
-1
-6
-1
2
0
-2
-1
1
6
7
2
6
5
7
11
6
9
9
6
3
2
2
4
6
1
-1
2
7
7
4
2
1
8
8
-2
2
9
5
0
7
5
6
4
3
4
-2
3
7
3
5
2
0
1
-2
0
1
4
0
1
4
0
1
5
11
7
1
2
-1
6
2
-3
-1
2
1
2
1
-1
1
-2
3
1
1
2
-2
-1
9
2
-2
4
7
6
0
8
2
2
-5
-5
-4
-2
2
-3
0
-2
-10
-9
-3
-7
-5
-12
-9
-9
-18
-16
-16
-14
-9
-11
-10
-6
-5
-7
-4
0
-4
-1
-3
-6
-1
1
0
2
4
3
1
4
-7
-7
-7
-4
-7
-8
0
-5
-8
-9
-9
-2
-1
3
2
-8
-10
-9
-9
-5
-4
-3
2
-1
-1
2
-2
-4
-3
-3
-7
-10
-10
-8
-4
-4
-8
-7
-11
-9
-9
-11
-5
0
-6
-4
-1
-3
2
5
1
-2
8
11
3
4
8
8
5
12
10
12
17
17
17
13
9
6
8
13
16
11
8
10
6
2
3
5
0
3
6
5
-6
-2
3
2
1
1
-6
-6
3
-9
-8
-5
-8
-12
-11
-11
-13
-13
-18
-15
-13
-21
-22
-20
-20
-19
-19
-13
-13
-22
-25
-10
-7
-7
-6
-5
-1
-5
-2
-4
-10
-3
-5
-5
-1
-13
-10
-4
-9
-9
-11
-10
-5
-8
-3
-8
-6
-4
-7
-6
-6
-8
-15
-10
-16
-22
-18
-24
-26
-26
-27
-29
-28
-28
-33
-27
-30
-30
-26
-18
-12
-10
-1
1
14
14
15
18
21
33
30
33
27
27
28
29
24
22
22
13
19
13
10
3
-1
6
1
-7
-2
-5
-9
-6
-15
-10
-11
-8
-9
-12
-11
-20
-13
-15
-15
-13
-23
-20
-10
-12
-8
-12
-13
-10
-11
-3
-6
-1
-9
-1
7
-1
10
13
12
12
10
12
14
11
9
11
16
11
9
11
12
12
9
13
15
23
23
25
30
28
24
23
23
20
20
14
11
7
8
-7
-18
-27
-38
-50
-58
-62
-76
-86
-96
-92
-93
-99
-98
-93
-91
-94
-91
-79
-73
-67
-44
-32
-22
-12
8
29
41
61
84
103
118
136
152
161
165
173
180
188
188
188
177
166
159
138
119
96
71
49
24
-8
-38
-71
-99
-128
-154
-175
-196
-215
-230
-239
-253
-259
-255
-249
-244
-234
-217
-200
-190
-182
-160
-129
-109
-85
-59
-38
-8
26
61
94
131
165
200
227
273
317
348
382
425
459
482
497
492
482
456
436
398
346
273
194
131
50
-32
-105
-189
-281
-348
-395
-439
-469
-499
-518
-515
-518
-495
-476
-470
-437
-385
-337
-296
-259
-214
-181
-154
-111
-76
-51
-40
-14
24
46
59
73
78
84
100
138
164
176
194
230
273
298
349
390
412
439
488
545
580
600
641
659
635
606
568
506
422
363
322
238
103
-34
-167
-314
-435
-503
-558
-628
-675
-694
-732
-785
-803
-780
-755
-696
-601
-497
-458
-436
-389
-342
-301
-249
-152
-86
-26
41
103
123
105
121
165
226
269
331
373
355
349
354
350
317
313
340
371
399
430
436
405
387
403
450
490
549
621
670
681
664
607
490
372
330
317
270
181
39
-170
-425
-603
-709
-795
-850
-859
-855
-901
-963
-1009
-1052
-1063
-966
-768
-600
-512
-445
-394
-386
-359
-258
-135
-38
71
222
328
333
307
303
310
338
435
559
610
597
583
567
500
407
370
363
374
411
464
465
384
305
269
275
304
383
479
567
625
646
587
411
240
163
151
149
146
55
-188
-486
-713
-883
-1034
-1085
-1045
-979
-966
-974
-1007
-1121
-1197
-1101
-858
-617
-431
-246
-140
-151
-145
-72
6
71
229
468
630
661
630
557
458
424
498
636
715
748
769
741
625
464
333
227
197
243
326
357
298
182
41
-51
-86
-35
67
222
375
473
501
455
332
156
36
31
109
165
165
61
-184
-534
-846
-1024
-1111
-1125
-1022
-872
-837
-909
-1027
-1125
-1210
-1157
-887
-535
-251
-59
85
115
35
-15
51
189
372
633
878
983
918
784
645
549
533
627
784
905
960
881
701
466
209
23
-40
9
64
90
87
22
-150
-350
-438
-422
-321
-146
106
306
357
349
334
243
71
-20
30
133
220
281
200
-118
-541
-850
-1005
-1067
-1038
-904
-788
-783
-815
-885
-1004
-1110
-1037
-751
-390
-52
208
318
279
209
182
214
298
460
700
905
1013
1003
856
613
437
418
493
609
722
789
692
485
282
53
-185
-321
-275
-172
-94
-42
-35
-167
-371
-449
-402
-291
-127
135
401
552
612
610
466
215
61
102
240
367
413
290
-54
-496
-827
-1035
-1149
-1132
-980
-817
-752
-757
-843
-1018
-1149
-1047
-748
-393
-62
206
343
305
256
225
195
233
410
706
935
1048
1016
856
598
412
392
441
519
608
684
613
421
169
-104
-351
-483
-431
-303
-192
-142
-146
-258
-388
-427
-381
-274
-59
268
574
782
875
819
565
287
193
273
393
496
501
256
-219
-668
-965
-1184
-1306
-1210
-997
-896
-890
-907
-1000
-1186
-1223
-957
-589
-263
37
325
425
338
278
297
288
310
565
878
1038
1028
956
779
488
324
335
429
496
583
627
519
268
-17
-250
-458
-525
-434
-271
-149
-77
-105
-227
-324
-308
-214
-47
260
603
873
1046
1119
938
556
260
237
363
480
549
413
-58
-653
-1036
-1231
-1416
-1495
-1343
-1156
-1106
-1088
-1063
-1214
-1421
-1334
-952
-554
-245
88
346
343
260
275
292
250
370
723
1036
1141
1108
1000
727
470
438
566
650
694
761
720
535
274
40
-199
-371
-386
-251
-100
-36
-42
-139
-220
-219
-136
0
215
490
743
975
1132
1034
636
265
150
207
300
393
310
-165
-799
-1194
-1372
-1592
-1733
-1584
-1363
-1301
-1269
-1178
-1268
-1524
-1483
-1013
-534
-255
85
434
484
358
386
487
411
424
781
1198
1314
1239
1187
1009
702
544
634
735
738
786
860
755
419
67
-200
-397
-512
-450
-247
-101
-81
-137
-176
-210
-261
-223
17
351
638
917
1172
1163
772
297
90
77
103
221
316
35
-596
-1091
-1335
-1603
-1880
-1820
-1533
-1367
-1292
-1142
-1108
-1360
-1492
-1186
-692
-338
-16
410
644
592
533
590
548
441
650
1103
1387
1369
1331
1229
937
643
591
693
694
712
812
822
557
165
-129
-357
-532
-561
-370
-162
-113
-154
-150
-157
-242
-242
-30
292
544
801
1089
1122
728
260
65
31
23
107
187
-134
-790
-1278
-1464
-1690
-1963
-1905
-1611
-1414
-1326
-1168
-1106
-1334
-1461
-1109
-528
-145
147
556
806
747
660
732
706
590
772
1216
1488
1404
1293
1198
945
667
590
636
578
543
657
743
531
142
-150
-366
-541
-555
-342
-129
-99
-83
19
63
-42
-40
202
450
691
989
1205
1009
527
232
144
67
-12
30
-173
-731
-1251
-1499
-1674
-1940
-1992
-1792
-1573
-1507
-1439
-1330
-1382
-1451
-1218
-663
-223
-34
229
564
687
589
640
795
765
765
1063
1400
1319
1114
1113
1109
927
756
764
681
515
482
615
629
377
121
-43
-167
-319
-339
-199
-104
-50
56
236
255
214
324
518
726
876
984
817
471
246
154
106
30
-45
-430
-1011
-1468
-1751
-1943
-2071
-1918
-1719
-1570
-1494
-1486
-1511
-1612
-1526
-1178
-590
-111
152
405
587
619
508
587
724
762
901
1206
1457
1319
1124
1006
909
802
762
835
818
751
668
663
592
366
120
-36
-58
-114
-116
-47
-15
-47
-45
88
172
259
384
569
802
956
937
640
346
143
17
3
83
-4
-514
-1073
-1494
-1843
-2167
-2215
-1967
-1745
-1525
-1384
-1334
-1508
-1680
-1572
-1195
-624
-175
215
513
696
676
537
532
535
644
890
1287
1524
1427
1239
1063
964
823
794
859
931
927
867
857
681
376
111
38
20
-35
-34
-9
0
-46
-37
-15
78
252
406
588
790
852
565
256
123
-13
-190
-180
-29
-274
-777
-1185
-1532
-1993
-2326
-2200
-1914
-1603
-1345
-1172
-1184
-1400
-1533
-1471
-1053
-561
-125
328
752
952
756
659
616
564
624
975
1413
1481
1399
1268
1131
898
694
630
641
720
721
730
701
500
183
-10
-2
-70
-200
-207
-120
-12
106
258
362
467
620
817
1113
1266
1020
547
342
398
384
392
410
19
-785
-1423
-1745
-2162
-2576
-2597
-2351
-2074
-1800
-1645
-1825
-2119
-2187
-1988
-1492
-845
-276
91
495
930
985
792
705
854
1042
1354
1785
1977
1816
1536
1477
1408
1177
946
925
980
903
801
699
440
30
-177
-214
-330
-558
-629
-584
-619
-553
-344
-149
-85
124
417
590
780
1106
1357
1106
728
574
506
386
420
544
32
-847
-1410
-1634
-2019
-2445
-2337
-2150
-2102
-1966
-1706
-1768
-2142
-2070
-1648
-1130
-684
-222
205
492
865
986
957
912
1056
1310
1582
1948
1972
1767
1535
1562
1525
1236
1061
1065
1090
880
696
534
174
-285
-449
-387
-597
-938
-967
-776
-789
-870
-726
-495
-400
-153
324
617
682
871
1282
1343
1046
730
539
415
413
639
416
-334
-1049
-1442
-1763
-2155
-2160
-2124
-2212
-2056
-1664
-1527
-1894
-1918
-1587
-1246
-822
-232
349
485
757
1113
1263
1142
1080
1395
1633
1924
2040
2016
1720
1379
1341
1249
1134
964
997
883
595
384
25
-465
-877
-832
-904
-1173
-1172
-1039
-1090
-1276
-1061
-849
-827
-552
-29
392
511
828
1255
1544
1539
1194
887
664
610
588
785
672
-133
-860
-1157
-1375
-2028
-2265
-2116
-2121
-2027
-1612
-1262
-1649
-1794
-1482
-1100
-733
-273
296
500
896
1266
1346
1199
1137
1381
1534
1878
2017
1851
1512
1310
1356
1201
992
777
762
720
475
255
-101
-557
-1018
-1086
-1004
-1213
-1316
-1271
-1152
-1173
-1047
-877
-849
-533
-124
306
581
933
1214
1387
1659
1389
879
519
623
676
711
894
337
-528
-1123
-1295
-1842
-2320
-2144
-2061
-1878
-1456
-1015
-1352
-1750
-1420
-1127
-789
-296
433
711
891
1396
1492
1287
961
1180
1460
1659
1867
1849
1766
1319
1088
904
641
311
177
493
440
140
-276
-630
-1071
-1464
-1422
-1323
-1080
-819
-549
-455
-527
-526
-462
-104
268
700
1249
1809
2241
2596
2668
1534
-91
-672
-358
-638
-1147
-751
-758
-2045
-3263
-3185
-3214
-3750
-3242
-1859
-750
-379
105
183
-314
-441
-103
595
1182
2019
2533
2718
2877
2495
1742
942
1069
1410
1514
1610
1596
1273
269
-387
-571
-739
-1126
-1226
-625
-311
-615
-966
-930
-1045
-1582
-1696
-1194
-686
-431
-73
582
962
896
714
833
1238
1192
876
1152
2006
2265
2249
3117
2991
212
-2513
-2230
-1558
-3303
-4329
-2976
-2701
-4730
-5418
-3980
-3981
-4585
-2775
224
1515
1848
3226
3807
2992
2463
2972
3409
3374
4099
4487
3831
2598
1484
163
-1382
-1565
-1039
-989
-1207
-677
-352
-1461
-2148
-1551
-1214
-1780
-1238
706
1467
1113
1428
1732
359
-1466
-1602
-1151
-1165
-882
9
592
565
647
385
-120
-331
-298
51
996
2238
2773
3485
4176
2005
-2402
-4237
-2761
-2854
-4614
-3622
-1558
-2662
-4733
-3983
-3040
-4091
-3030
769
3174
3383
4461
5654
4156
2280
2146
2535
2292
2885
4228
3824
1994
353
-881
-2611
-3771
-2876
-1333
-679
-423
230
-86
-1785
-2592
-1753
-976
-571
1004
2725
2692
1745
1063
-386
-2654
-3313
-2172
-985
-114
851
1244
605
91
-257
-539
-434
389
2016
3562
4465
4521
4600
2267
-3155
-6143
-3846
-1750
-3615
-3367
-442
-1551
-5722
-6230
-4479
-5071
-3669
1975
5336
4743
4860
5969
3848
763
644
1623
2380
3721
5640
5317
2541
-522
-2806
-4017
-4915
-4486
-2257
188
938
268
-428
-1910
-3548
-3005
-696
1238
2252
3470
3987
2732
530
-2059
-3873
-4176
-2633
-313
1641
2461
1462
434
4
-510
-1168
-773
1647
3729
5418
6278
6286
3114
-3215
-6865
-5566
-2447
-2807
-2791
-475
-650
-4310
-6903
-6251
-5962
-4432
961
5288
5976
5379
5668
3908
245
-930
-225
1469
3578
5962
6293
3414
150
-2687
-4598
-5544
-4683
-1964
260
1507
1369
-71
-2527
-4483
-3654
-1256
1536
3826
4878
4655
3221
1236
-2134
-5010
-5179
-3247
-610
1583
2817
1901
360
-109
-634
-1129
-949
1093
3411
5348
6397
5866
4275
-736
-5807
-6612
-3031
-1554
-3058
-1578
-203
-3173
-7056
-6910
-5282
-4848
-727
4496
5584
4426
4437
4867
1565
-699
-136
1397
3356
4859
6161
3987
303
-2596
-4272
-4608
-5148
-3076
-39
1763
1516
-146
-1575
-3876
-4190
-1848
892
3228
4496
5374
4153
1845
-836
-4093
-5196
-4008
-1094
1126
2443
2422
690
-82
-522
-923
-1382
-159
2563
4370
5932
5818
5013
589
-4941
-6325
-3638
-1235
-2883
-1965
-160
-2327
-6163
-6987
-4985
-4676
-1681
3851
5405
4206
3381
4769
2824
-280
-268
936
3127
4163
5548
4649
978
-2269
-4118
-3812
-4429
-3965
-1087
1337
1657
-118
-1253
-2809
-4147
-2485
508
3023
3809
4235
4085
2464
240
-2847
-4612
-4234
-1879
778
2302
2368
837
54
-111
-469
-889
-334
1647
3030
5077
5943
5621
1600
-4503
-6255
-4233
-1319
-2827
-2412
-167
-1720
-5234
-6778
-4900
-4596
-2686
3239
5494
4339
2731
4311
3934
205
-414
470
2691
3609
4815
5347
1890
-1610
-3957
-3807
-4075
-4234
-1532
534
1326
171
-838
-2337
-4159
-2664
55
2502
3711
4249
4162
2424
653
-1948
-4131
-4398
-2531
369
1948
2354
1246
377
-13
-453
-334
-239
1129
2326
4385
5344
5062
2832
-3167
-5844
-4581
-1170
-2223
-3397
-541
-1166
-4330
-6325
-4431
-3445
-3344
2046
5368
4630
2472
3073
4342
800
-481
275
2228
3111
3309
5040
2767
-1020
-3892
-3851
-3237
-4062
-2281
-62
953
43
-817
-1220
-2815
-2824
-967
1563
3491
3913
3838
2814
1347
-1117
-3698
-4302
-3134
-750
1167
2301
1592
561
259
80
57
-100
1253
2276
3927
5383
5724
3223
-3472
-5839
-4078
-1008
-2020
-3008
-349
-1647
-4488
-5698
-4177
-3784
-3622
2120
5568
4427
2474
2855
3845
474
-714
263
1781
2826
3118
4757
2808
-924
-3651
-3802
-2989
-3541
-2020
292
1020
-291
-1360
-1594
-2749
-2917
-880
1603
3242
3470
3555
2827
1004
-1363
-3368
-3525
-2672
-690
1182
2090
1101
248
585
494
263
507
2103
2753
3612
4789
5314
2231
-4001
-5601
-3353
-575
-1975
-2634
-488
-2103
-4773
-5781
-3950
-3487
-2813
2614
5436
4044
1842
2585
3381
328
-505
868
2418
2698
2791
4037
2213
-1491
-3793
-3372
-2342
-2700
-1696
566
1007
-863
-2282
-2046
-2426
-2472
-487
2262
3440
2717
2424
2116
729
-1467
-2793
-2500
-1712
-174
1370
1890
389
-518
418
976
713
1217
2540
2978
3410
4513
4866
-300
-5607
-5440
-1932
-27
-2183
-1533
-840
-3271
-5251
-5205
-2918
-3211
-782
4351
5543
3251
906
2540
2107
-456
-215
1744
3269
2756
3153
3415
512
-3030
-4286
-3028
-2120
-1834
-606
774
359
-1304
-2288
-2493
-2529
-1782
539
3016
3578
2520
1642
1315
276
-1871
-2635
-1938
-650
589
1652
1580
-374
-1070
345
1268
1093
1892
2755
3326
3587
4811
2887
-3769
-6078
-4117
-402
-754
-1609
-249
-2529
-4527
-5383
-3771
-2962
-2788
2336
5411
4556
1600
1104
2473
170
-308
1136
2822
2876
2627
3664
1705
-1579
-3953
-3804
-2753
-1767
-543
456
905
-579
-1859
-2537
-2007
-1422
-613
2118
3510
2992
1196
527
747
-788
-2001
-1850
-773
108
849
1909
660
-1494
-1401
846
1819
1671
2539
3344
3752
3906
3789
-1240
-6035
-5318
-1953
98
-1135
-297
-1569
-4626
-5170
-4579
-2798
-2649
702
4736
4701
2766
653
1068
89
-852
1145
3094
3748
2861
3388
2642
-848
-3284
-3874
-3036
-2056
-119
1211
639
-711
-1981
-2506
-2627
-1287
44
1597
3224
3056
1852
-113
-689
-808
-1655
-1496
-846
325
1111
1309
1351
-266
-1422
-710
1178
2554
2536
2935
3804
4319
3554
-563
-4511
-5004
-3065
-1029
-845
-107
-1298
-4266
-5219
-4886
-3507
-2606
371
3800
4087
2821
1272
1103
-59
-1068
538
2910
4093
3485
3791
3238
214
-2588
-3397
-3011
-2814
-961
1125
1335
-209
-2229
-2570
-2794
-1799
-282
1323
3334
3128
2134
508
-807
-1369
-2026
-1566
-1104
-158
939
1567
1302
153
-563
-322
607
1795
2549
2986
3702
4620
3878
-818
-4570
-4344
-2461
-1688
-1552
-179
-1605
-4559
-4962
-4164
-3569
-2927
850
3915
3317
1953
1329
1274
-203
-715
1000
2806
3551
3280
3798
3085
683
-1285
-1803
-2082
-2611
-1568
0
129
-1412
-1893
-1998
-1887
-1051
9
1337
1944
2505
1969
416
-476
-1042
-1151
-1462
-1347
-561
253
1048
840
508
592
624
1426
1987
2222
2267
2922
4332
2580
-1644
-3966
-3008
-1375
-1660
-1661
-1229
-2934
-4934
-4743
-3293
-2622
-1732
1481
3401
2304
580
631
1163
52
-114
1709
3331
3117
2716
3104
2217
-90
-691
14
-554
-1655
-1606
-645
-1046
-2224
-2336
-2080
-1406
-258
753
1872
2022
1741
1105
216
-173
-1309
-1465
-1023
-799
-436
8
908
387
165
1034
1313
1995
2459
2830
2554
2767
3831
410
-3693
-4122
-1867
-448
-1476
-570
-1666
-4769
-5612
-4353
-2732
-2861
-35
3331
3156
1277
32
675
23
-116
1460
2648
3046
2505
2966
2425
619
-657
-306
634
1
-520
-623
-732
-2035
-3222
-2896
-2231
-780
449
1543
2121
1760
1313
437
329
211
-538
-898
-840
-842
-945
-350
445
149
130
801
1594
2319
2810
3151
2985
3490
1962
-2242
-4153
-2805
-518
-543
-522
-744
-3674
-5633
-5108
-3286
-2353
-940
2130
2971
1666
-81
-349
-206
-424
774
2390
3037
2369
2073
2275
1174
-203
-228
845
850
341
-18
-421
-1845
-3267
-2639
-1932
-1204
-463
907
1681
1316
1226
1346
1067
778
407
-236
-1210
-1853
-1564
-724
-45
35
310
981
965
1291
1993
2823
2911
3504
4160
5
-3802
-3678
-1054
-158
-1142
-293
-2041
-4850
-5152
-3884
-2467
-1680
1127
2661
1719
344
-292
-402
-824
0
1721
2795
2617
2267
2034
967
-30
37
1073
936
631
488
-410
-1234
-2356
-2102
-2101
-1813
-697
-295
414
982
1283
1177
830
1452
1246
237
-414
-893
-1353
-1362
-654
-307
-237
777
1589
1435
1603
2016
2515
3053
3815
1725
-2832
-3749
-1704
-73
-385
-642
-1450
-4193
-5263
-4207
-3124
-1859
526
2796
2409
668
-578
-1000
-762
225
1547
2275
2053
1982
1877
1057
18
-355
525
895
1061
1096
416
-894
-1870
-2283
-2116
-1428
-609
378
167
141
334
293
649
952
1958
1528
60
-430
-971
-944
-844
-142
-123
-256
717
1005
1628
2136
3192
3469
3546
1559
-2994
-4244
-2181
492
309
-286
-1562
-4293
-5118
-4440
-3200
-2028
318
2403
2046
1353
129
-580
-806
172
1757
1963
1582
1263
1722
1385
167
49
616
694
378
877
453
-1262
-1946
-1351
-815
-1186
-932
-404
-272
180
960
905
333
639
1526
1040
-6
-466
-499
-534
-19
620
-74
-397
62
308
939
1734
3250
3546
4673
2229
-3202
-4917
-2901
226
-300
64
-1355
-4560
-5105
-4125
-2675
-1602
720
2171
911
1107
734
218
-243
830
1916
1484
1276
919
889
297
531
1219
1093
223
-507
-8
-570
-839
-732
-1042
-907
-778
-76
-626
-880
72
727
1032
1357
1519
1427
378
-197
-852
-976
-36
810
988
24
301
379
-111
497
1343
2819
2976
4585
1284
-3618
-4300
-1605
351
-1538
-1346
-2719
-4588
-4651
-3415
-1814
-695
1302
1627
282
541
-83
708
1622
2829
2171
714
722
445
578
115
568
1059
1328
939
-242
-1117
-2179
-1859
-1011
-469
-233
-513
-435
-424
-91
537
478
686
1222
1860
1851
926
291
-585
-726
-252
349
158
-360
817
1102
1472
1217
1556
1580
2708
3465
-1389
-3808
-2705
1235
426
-1369
-2694
-5423
-5876
-4614
-2348
-748
1018
1798
34
-357
45
-194
911
2586
3409
1619
875
763
711
359
361
800
931
933
259
-18
-706
-1432
-1905
-1801
-1071
-834
-648
-319
62
180
461
833
1183
903
1116
1240
735
381
205
850
471
-92
-791
-287
801
980
2056
2211
2254
1626
3133
1306
-3481
-3782
-675
2194
-221
-1811
-3861
-5401
-5106
-4436
-3023
-669
1494
621
-1114
-98
365
521
2488
3910
2062
-553
443
1651
1645
1090
1496
963
223
146
92
-440
-956
-609
-1069
-1508
-1682
-1755
-1745
-854
197
814
666
817
1067
1368
1476
656
308
670
845
1148
1004
399
-889
-374
695
1415
2109
2382
2175
2266
3365
-1201
-4052
-2624
1794
1146
-1970
-3172
-5106
-4651
-4214
-2975
-2525
-683
201
-1438
-1485
-214
455
2167
4025
3424
389
-283
1255
1836
1770
1599
1337
719
390
36
-370
-693
-295
-450
-921
-1236
-1970
-2455
-1488
11
240
-275
353
1348
1581
1281
1010
783
1007
1234
1184
877
383
-545
-468
1114
999
1342
1791
2401
1656
2939
1858
-3139
-3458
239
3156
-920
-3475
-4930
-4737
-4049
-3716
-3061
-1694
155
-1405
-2426
-1258
-61
617
3097
3794
1407
-146
1347
2653
2336
1817
1274
736
716
865
332
205
108
-259
-1239
-1300
-1512
-2481
-1537
-557
-605
-976
-125
364
366
1050
1386
783
804
1800
1415
1489
1426
628
-555
172
1253
1590
2353
2661
1999
2639
814
-3042
-2722
1014
3126
-1429
-4083
-4684
-4152
-4223
-4504
-3381
-1651
-1073
-2301
-2715
-1166
836
1720
3212
1956
38
-231
2309
4362
3519
1586
656
899
1097
480
243
-52
-431
-18
-50
-439
-2100
-2546
-1522
-577
-1137
-1339
17
1380
950
45
134
430
1107
1559
1689
1714
1592
1051
364
543
691
1286
2071
2306
1433
2354
1313
-2530
-2240
1163
2779
-1988
-4283
-3733
-2777
-3341
-4087
-3279
-1930
-1891
-3615
-3521
-1336
429
1416
2897
1794
-337
-476
2031
3053
3061
2207
1777
1864
1880
1119
-27
-23
-269
-751
-488
684
-543
-1396
-1623
-1341
-2146
-2178
-93
1048
1292
59
-330
130
996
1374
1120
1218
1586
1372
1500
1403
1525
1948
1812
2301
2408
2626
-903
-2586
227
3178
1386
-3932
-4876
-3413
-2095
-3747
-4197
-3019
-1737
-2767
-3856
-3784
-1793
167
1451
1525
160
153
854
3092
3359
2245
735
1283
2423
2383
1889
976
-17
-535
-668
-420
-424
-612
-816
-686
-919
-1972
-1581
-476
556
410
-25
-187
-219
958
1736
1891
1379
855
678
1214
1830
2258
2556
2266
2177
2575
2571
-1518
-2482
707
3392
585
-3980
-4141
-2874
-2490
-3648
-3928
-2881
-2684
-3794
-3557
-2786
-875
-520
240
-118
-845
260
1458
2963
2694
2038
1526
2164
2489
2071
1302
1025
680
97
18
-167
105
-203
-712
-1159
-1596
-1359
-517
147
136
-71
-373
-528
-369
566
932
1039
1363
1548
1187
1148
1274
2109
2140
2796
2707
2845
912
-1895
-258
2111
2535
-2135
-3777
-2833
-1695
-2843
-3814
-3017
-2351
-3191
-4294
-3768
-2625
-963
-547
-186
-1011
-842
353
2011
2361
1369
787
1651
2730
3125
3132
1925
423
-276
440
829
687
26
-591
-543
21
-694
-1258
-591
-167
-346
-174
357
-181
-387
25
307
308
1115
1272
582
1172
2147
2474
2450
3022
3002
902
-1052
119
2299
2283
-1283
-3427
-2166
-767
-2318
-3822
-3285
-2446
-3046
-3361
-2900
-2979
-1658
-1344
-1579
-2374
-1228
369
1337
1998
1227
622
1220
2186
1996
2083
1811
1504
1534
1872
370
-295
293
260
-172
129
594
-215
-395
-460
-224
167
366
-664
-941
170
623
574
571
459
-231
469
2104
2119
2461
3042
3479
1060
-600
1013
2752
1603
-2083
-3285
-1755
-169
-1437
-3098
-3465
-2748
-3275
-2775
-2257
-2228
-2059
-1540
-1224
-1913
-1340
-1065
-294
169
716
1092
1838
2066
1307
1357
1506
1022
313
1641
1863
563
-224
-133
389
690
678
-72
-223
280
1036
1162
855
-807
-914
220
923
704
152
369
-44
828
1541
1614
1560
2347
1413
-198
1232
3009
2530
-876
-2280
-1823
-975
-1489
-2426
-2251
-2437
-3085
-2560
-1557
-1508
-1946
-1997
-1414
-1748
-670
-151
14
-1069
-1582
-482
603
1391
605
1016
1097
1147
1446
1662
1041
56
192
642
779
233
-15
329
1124
405
445
1390
1868
666
-200
412
719
1135
897
623
-268
108
504
1548
1751
1686
335
-836
750
2354
2129
-1178
-2133
-771
344
-1286
-2716
-2722
-2232
-2898
-2599
-1867
-1684
-1275
-974
-230
-1426
-1274
-490
586
140
-602
-134
574
440
-475
-95
297
383
615
1152
972
265
466
744
615
596
38
-64
334
424
220
541
1538
1690
1647
1278
669
782
1140
1169
1050
1474
1022
833
1273
1524
-476
-825
1069
1925
295
-1901
-1504
-547
-284
-2087
-2704
-2408
-2123
-2450
-1942
-2157
-2651
-2045
-769
-372
-1040
-333
-83
471
178
544
679
794
411
52
462
174
-544
-514
628
532
232
-233
19
124
423
226
502
1193
979
557
224
767
489
1069
1489
1758
1425
1434
1438
1316
1641
1611
1628
1289
1310
-227
164
1472
1181
-1322
-2561
-851
-22
-895
-2811
-2838
-2207
-2068
-2378
-1851
-2179
-2656
-2124
-705
-807
-1636
-423
363
475
-281
488
1026
1155
652
350
994
1208
616
-185
-389
-547
-43
121
-79
-485
-197
-95
158
177
284
803
1227
1161
669
981
1045
1517
1756
1481
1115
1372
1872
2301
2394
2018
258
21
1807
2226
233
-2427
-1784
-288
-376
-2321
-3178
-2484
-2408
-2731
-2430
-2287
-2615
-2019
-1072
-823
-1697
-1555
-649
145
113
202
758
933
949
971
1116
725
547
582
1036
825
358
-24
-59
-56
-399
-379
-224
-66
-177
65
435
906
803
493
536
1013
1482
1614
1674
1553
1438
1877
2224
2147
1299
35
940
2017
1550
-401
-839
82
-670
-2254
-3135
-2470
-2216
-2537
-2542
-2345
-2569
-2610
-2242
-1524
-1600
-1474
-726
-108
129
-161
412
480
366
502
1160
1265
1042
1325
1328
700
317
417
456
239
-14
132
364
282
-407
-332
210
495
526
417
231
276
1103
1600
1414
1146
1112
1479
1882
2250
1465
941
1713
2336
974
-1328
-1580
-143
591
-696
-2066
-2376
-1949
-2322
-2767
-2776
-2897
-2518
-1878
-1264
-1597
-1984
-1445
-851
-512
-483
-70
704
758
790
755
976
1076
1032
710
394
1064
1680
1313
128
-40
324
743
379
-74
-18
184
681
802
630
230
299
890
1082
625
572
1136
1922
2080
1990
825
292
1277
2150
1168
-648
-421
598
369
-1852
-3044
-2689
-1886
-1937
-1961
-2280
-2798
-2376
-1629
-1155
-1948
-1897
-1616
-646
-323
-173
26
-239
-547
-223
1193
1345
858
345
1091
1513
1385
952
542
497
247
752
827
622
400
404
475
576
765
668
438
309
535
1124
1586
1234
961
1079
1402
1294
693
859
1910
1956
312
-840
-236
586
-477
-1860
-2259
-1796
-1825
-2359
-2464
-2915
-3156
-2326
-1545
-1808
-1966
-1291
-617
-538
-190
-25
-71
7
2
266
373
588
702
622
480
600
1050
1252
1055
656
586
959
1284
790
385
329
614
707
634
715
1021
1366
1016
774
762
833
1049
1649
1819
981
418
906
1376
845
-121
-546
-148
29
-557
-1382
-1763
-2165
-2562
-2362
-2100
-2596
-2975
-2430
-1808
-1716
-1642
-1456
-1378
-943
-507
-165
101
683
812
683
670
719
641
323
632
925
917
361
644
1160
1000
582
318
732
1106
1251
1231
850
380
478
1183
1328
587
859
1422
1801
1595
1340
858
203
1082
1638
1063
-410
-707
-101
-47
-797
-1669
-1756
-1690
-1871
-2074
-1996
-2371
-2518
-2368
-2128
-2229
-2184
-1901
-1448
-866
-640
-328
-117
150
-86
27
461
849
1099
1086
1454
1311
1118
696
557
716
595
662
795
1044
894
700
756
488
477
1021
1586
1527
1055
1087
1107
1343
1386
1533
1220
847
1295
1472
890
-666
-686
202
237
-1246
-2479
-2033
-1702
-1892
-2367
-2398
-2205
-2054
-2046
-2261
-2180
-1547
-1202
-1091
-1118
-1152
-728
-437
-189
-355
-30
490
803
1099
557
324
350
927
1379
1495
1277
848
1139
1328
1013
480
491
1016
1337
1143
881
1031
1024
897
1179
1565
1667
1774
1708
1059
893
1343
1375
457
-380
-234
119
-381
-1636
-2026
-1593
-1656
-2380
-2977
-3098
-2884
-2257
-2014
-2329
-2145
-1495
-1179
-1209
-900
-446
-488
-431
-92
357
598
365
155
-106
48
600
1235
1118
515
567
1133
1183
955
1066
1229
1370
1346
1575
1321
1189
1150
1279
1498
1476
1394
1132
1380
1659
1339
772
1107
1566
1066
-93
-400
-146
-211
-889
-1673
-1875
-1919
-2305
-2802
-2710
-2531
-2300
-2284
-2462
-2662
-2176
-1701
-1695
-1599
-1049
-372
-179
32
117
306
232
499
658
769
1005
1133
1023
575
415
630
1023
963
737
812
1271
1289
1174
1252
1428
1365
1489
1855
1760
1515
1526
1903
2109
1763
1021
845
1103
979
107
-137
-59
-180
-886
-1599
-1927
-2143
-2134
-2350
-2379
-2723
-2712
-2612
-2371
-2402
-2341
-2007
-1803
-1344
-963
-551
-886
-800
-351
103
54
90
573
837
1113
1091
1244
1060
1019
1123
1304
1173
906
1044
1140
1138
944
1074
1050
1118
1052
1247
1614
2008
2090
1781
1680
1442
1360
1468
1622
1113
318
21
223
-97
-986
-1830
-1975
-1867
-1915
-2132
-2579
-2687
-2690
-2517
-2550
-2576
-2370
-2087
-1892
-1653
-1219
-880
-804
-911
-725
-298
14
216
365
712
856
815
906
963
1080
1102
1217
1418
1695
1820
1543
1165
1067
1233
1381
1466
1316
1456
1510
1630
1495
1395
1472
1345
1513
1654
1727
827
149
125
429
-116
-1085
-1505
-1405
-1445
-2267
-2527
-2308
-2279
-2740
-2694
-2386
-2311
-2309
-2174
-1827
-1552
-1311
-1349
-1241
-1155
-934
-414
-57
-39
79
491
672
502
604
925
1278
1406
1412
1552
1634
1606
1368
1397
1641
1764
1865
1843
1725
1530
1542
1715
1738
1588
1442
1440
1463
1577
1174
427
5
218
291
-455
-1328
-1682
-1409
-1597
-2118
-2550
-2504
-2414
-2386
-2385
-2488
-2285
-2120
-1789
-1664
-1562
-1541
-1336
-1242
-1230
-805
-507
-342
-308
-16
-28
84
367
805
1126
1175
1289
1435
1759
1754
1739
1735
1925
2160
2051
1924
1804
1882
1989
2012
2038
1887
1695
1383
1161
1327
1216
676
222
148
73
-538
-999
-1436
-1537
-1465
-1773
-2208
-2626
-2421
-2300
-2359
-2529
-2473
-2089
-1857
-1747
-1618
-1412
-1455
-1397
-1014
-602
-674
-755
-689
-568
-353
-8
198
183
402
708
997
1123
1384
1585
1643
1707
1910
2198
2264
2256
2208
2240
2316
2339
2299
2109
1811
1489
1492
1682
1488
900
299
75
-148
-506
-946
-1207
-1293
-1590
-1886
-2143
-2263
-2230
-1988
-2038
-2296
-2235
-1742
-1604
-1802
-1847
-1696
-1537
-1450
-1120
-929
-891
-1054
-853
-452
-326
-318
-283
-105
15
371
728
800
733
1017
1469
1637
1710
1963
2311
2318
2219
2276
2490
2548
2440
2325
2206
1899
1725
1853
1894
1280
396
110
157
49
-479
-908
-1326
-1643
-1880
-1893
-2001
-2266
-2265
-2131
-1918
-1969
-1926
-1816
-1538
-1376
-1339
-1194
-975
-910
-1012
-1039
-1062
-908
-734
-607
-703
-693
-520
-263
15
57
40
123
500
812
1120
1348
1308
1345
1609
1961
2147
2327
2452
2421
2313
2270
2424
2519
2284
1761
1451
1293
1096
870
650
263
-298
-547
-767
-1113
-1546
-1654
-1611
-1680
-1885
-2022
-1959
-1993
-1954
-1870
-1608
-1564
-1411
-1322
-1311
-1242
-1154
-1005
-1081
-1053
-991
-799
-711
-705
-704
-680
-566
-418
-211
17
298
497
604
784
1126
1404
1572
1814
2027
2057
2284
2639
2721
2587
2508
2607
2529
2386
2193
1912
1584
1311
1094
580
-18
-466
-721
-991
-1302
-1461
-1561
-1835
-2184
-2235
-2096
-2060
-2043
-2026
-2036
-1930
-1761
-1583
-1535
-1351
-1158
-1264
-1247
-1016
-718
-844
-926
-686
-533
-409
-458
-377
-256
-37
198
372
507
599
705
982
1320
1586
1766
1854
2017
2259
2488
2445
2435
2586
2616
2432
2304
2314
2155
1757
1331
959
688
452
71
-385
-838
-1233
-1473
-1677
-1944
-2137
-2114
-2026
-2201
-2299
-2201
-1928
-1767
-1793
-1707
-1560
-1473
-1443
-1261
-1089
-981
-871
-720
-609
-569
-615
-588
-424
-188
-5
57
10
49
309
579
827
974
1229
1405
1570
1764
1992
2147
2126
2223
2444
2584
2466
2352
2190
2090
1962
1789
1481
1155
891
547
240
-169
-574
-870
-1141
-1327
-1559
-1831
-2122
-2248
-2194
-2151
-2102
-2148
-2085
-1906
-1809
-1762
-1597
-1331
-1194
-1093
-1039
-1050
-1023
-801
-589
-512
-497
-365
-234
-136
-76
-2
219
418
674
842
969
1050
1181
1475
1735
1915
2023
2133
2194
2200
2227
2263
2259
2159
1955
1833
1686
1370
989
738
639
443
102
-327
-636
-909
-1176
-1321
-1421
-1641
-1867
-1894
-1910
-1961
-2057
-2110
-2048
-1915
-1685
-1540
-1505
-1523
-1441
-1192
-1047
-961
-886
-748
-622
-574
-541
-445
-258
-34
135
245
384
559
845
1125
1391
1519
1569
1691
1890
2072
2034
2021
2044
2168
2263
2222
2023
1717
1518
1402
1345
1223
974
593
158
-145
-331
-499
-773
-1047
-1218
-1345
-1438
-1590
-1724
-1851
-1884
-1810
-1824
-1883
-1800
-1660
-1714
-1826
-1621
-1270
-1183
-1272
-1189
-971
-854
-776
-591
-413
-360
-330
-218
16
198
445
735
864
950
1186
1470
1612
1747
1934
2027
2128
2226
2186
2030
1895
1923
1901
1838
1721
1517
1370
1203
916
574
364
174
-98
-341
-612
-954
-1207
-1362
-1451
-1571
-1644
-1702
-1784
-1753
-1717
-1691
-1735
-1714
-1661
-1521
-1387
-1426
-1511
-1420
-1211
-992
-890
-903
-834
-652
-399
-319
-230
-41
233
405
544
737
830
988
1333
1664
1696
1734
1855
2018
2036
2018
2007
1999
2036
1987
1891
1617
1381
1227
1120
950
702
514
268
-50
-400
-599
-798
-1042
-1245
-1393
-1579
-1747
-1762
-1761
-1795
-1795
-1680
-1681
-1639
-1494
-1354
-1268
-1248
-1169
-1087
-975
-947
-902
-814
-699
-540
-424
-311
-210
-43
108
236
353
555
793
922
1112
1316
1456
1482
1632
1723
1744
1861
2010
2028
1862
1778
1736
1784
1645
1401
1229
1040
813
566
397
24
-339
-499
-668
-913
-1113
-1253
-1382
-1523
-1630
-1678
-1733
-1763
-1730
-1629
-1666
-1643
-1523
-1360
-1227
-1100
-996
-1012
-957
-774
-639
-651
-569
-397
-288
-253
-91
65
153
288
599
820
803
899
1133
1273
1272
1468
1740
1789
1654
1724
1910
1873
1801
1843
1866
1659
1482
1373
1188
915
675
533
256
-117
-365
-591
-917
-1142
-1217
-1329
-1513
-1607
-1582
-1598
-1662
-1680
-1685
-1699
-1644
-1511
-1438
-1422
-1349
-1230
-1082
-980
-801
-645
-590
-483
-305
-175
-124
-38
91
199
320
504
682
765
816
1056
1280
1376
1439
1505
1522
1523
1652
1815
1814
1717
1762
1801
1668
1487
1414
1295
1026
767
649
396
-34
-336
-447
-728
-1098
-1187
-1182
-1323
-1585
-1655
-1648
-1668
-1652
-1550
-1522
-1656
-1626
-1475
-1355
-1341
-1263
-1167
-1165
-1081
-811
-594
-571
-469
-251
-61
48
130
200
317
454
652
815
864
938
1065
1186
1259
1439
1599
1638
1665
1711
1734
1635
1619
1682
1642
1468
1290
1186
1038
845
663
396
20
-246
-350
-563
-896
-1076
-1154
-1316
-1484
-1498
-1506
-1611
-1673
-1587
-1442
-1506
-1521
-1409
-1287
-1284
-1235
-1056
-963
-887
-728
-596
-616
-464
-163
-52
-94
31
271
395
478
621
767
825
857
985
1128
1214
1388
1531
1493
1409
1526
1685
1671
1642
1646
1583
1425
1286
1211
957
654
511
403
152
-223
-425
-569
-839
-1042
-1080
-1185
-1417
-1486
-1405
-1499
-1607
-1542
-1392
-1439
-1527
-1394
-1276
-1220
-1142
-930
-846
-859
-775
-637
-494
-398
-190
-65
-119
-69
175
334
321
442
702
845
875
1051
1267
1280
1241
1384
1562
1529
1533
1605
1602
1516
1533
1564
1414
1216
1112
982
745
617
491
186
-246
-482
-582
-810
-1049
-1145
-1205
-1413
-1496
-1455
-1476
-1553
-1506
-1385
-1425
-1465
-1385
-1233
-1229
-1181
-982
-895
-912
-805
-548
-467
-416
-215
-23
4
44
233
337
391
564
757
788
818
1008
1218
1258
1296
1463
1609
1577
1513
1597
1595
1518
1491
1521
1338
1064
1028
965
707
480
400
159
-207
-407
-541
-816
-1054
-1152
-1218
-1396
-1526
-1508
-1548
-1640
-1584
-1378
-1385
-1481
-1406
-1215
-1170
-1138
-969
-866
-889
-857
-624
-492
-422
-220
2
28
23
244
458
546
677
865
916
916
1038
1206
1224
1236
1358
1463
1454
1474
1562
1535
1455
1484
1515
1323
1111
1043
916
646
478
410
163
-237
-458
-560
-765
-1004
-1067
-1110
-1322
-1454
-1421
-1430
-1565
-1523
-1358
-1372
-1470
-1365
-1182
-1165
-1182
-1045
-887
-856
-750
-547
-443
-433
-306
-86
-10
48
254
423
491
673
932
1015
1017
1134
1263
1320
1387
1475
1462
1395
1407
1488
1464
1371
1386
1410
1260
1047
981
873
636
454
325
42
-303
-435
-557
-843
-1053
-1080
-1154
-1346
-1454
-1468
-1524
-1552
-1407
-1310
-1422
-1484
-1336
-1229
-1242
-1139
-931
-897
-948
-811
-598
-507
-449
-239
-71
-25
101
330
452
497
690
926
988
1037
1230
1365
1369
1435
1597
1611
1515
1505
1534
1485
1419
1450
1371
1133
1013
993
831
576
440
270
-69
-321
-445
-654
-958
-1104
-1150
-1293
-1447
-1462
-1453
-1545
-1576
-1465
-1411
-1525
-1505
-1342
-1255
-1242
-1110
-951
-974
-957
-761
-573
-536
-438
-230
-130
-83
100
325
461
605
830
941
982
1160
1405
1487
1460
1580
1689
1640
1601
1702
1739
1660
1571
1525
1382
1168
1056
960
762
484
334
123
-195
-473
-663
-865
-1075
-1157
-1274
-1484
-1602
-1588
-1584
-1618
-1587
-1530
-1552
-1551
-1429
-1285
-1260
-1248
-1139
-1067
-1031
-867
-684
-613
-540
-356
-167
-43
79
255
407
498
690
947
1122
1186
1294
1437
1504
1586
1695
1724
1688
1715
1792
1772
1701
1619
1487
1347
1234
1110
897
671
462
220
-66
-359
-577
-796
-1002
-1133
-1239
-1421
-1588
-1604
-1603
-1662
-1659
-1570
-1577
-1616
-1528
-1425
-1410
-1367
-1235
-1145
-1094
-1001
-843
-720
-655
-498
-267
-121
-15
150
301
452
651
905
1046
1138
1252
1378
1511
1624
1763
1809
1809
1785
1791
1790
1762
1730
1626
1451
1307
1223
1035
791
588
348
42
-207
-422
-722
-1016
-1164
-1269
-1443
-1585
-1629
-1679
-1747
-1712
-1610
-1614
-1658
-1611
-1520
-1524
-1513
-1380
-1252
-1196
-1133
-994
-886
-777
-578
-324
-162
-64
122
332
514
709
967
1088
1142
1319
1516
1626
1712
1840
1896
1909
1973
2029
1958
1881
1850
1797
1629
1426
1270
1031
768
578
429
119
-221
-428
-635
-952
-1191
-1245
-1367
-1610
-1762
-1778
-1824
-1858
-1788
-1726
-1763
-1784
-1662
-1582
-1603
-1534
-1379
-1323
-1303
-1145
-959
-883
-763
-492
-256
-108
86
347
528
680
939
1199
1324
1444
1636
1786
1843
1952
2090
2099
2057
2096
2151
2048
1928
1841
1723
1526
1333
1151
889
598
330
75
-252
-530
-733
-957
-1196
-1366
-1487
-1644
-1782
-1838
-1865
-1908
-1911
-1854
-1844
-1882
-1843
-1729
-1653
-1589
-1473
-1346
-1256
-1123
-939
-778
-645
-447
-216
-43
153
392
641
857
1070
1292
1471
1615
1778
1972
2076
2136
2214
2259
2261
2255
2237
2093
1906
1780
1670
1463
1219
988
705
398
120
-115
-392
-689
-916
-1089
-1305
-1521
-1671
-1812
-1942
-1947
-1899
-1930
-1995
-1989
-1941
-1898
-1810
-1698
-1618
-1569
-1469
-1327
-1182
-1036
-847
-650
-490
-303
-51
159
320
556
843
1063
1227
1430
1619
1771
1918
2073
2181
2253
2321
2347
2289
2185
2129
2039
1843
1658
1501
1270
968
692
434
118
-172
-402
-632
-908
-1160
-1358
-1540
-1701
-1809
-1869
-1931
-1992
-1998
-1987
-2001
-1958
-1854
-1765
-1694
-1588
-1469
-1390
-1285
-1101
-899
-741
-598
-405
-207
-11
217
449
625
810
1061
1298
1455
1600
1774
1915
2018
2144
2231
2228
2215
2200
2114
1986
1867
1728
1535
1288
1071
824
541
248
22
-193
-484
-742
-949
-1135
-1375
-1540
-1653
-1773
-1846
-1885
-1915
-1960
-1968
-1918
-1840
-1761
-1665
-1544
-1453
-1360
-1216
-1057
-911
-717
-527
-383
-238
-16
227
438
640
817
985
1132
1315
1496
1627
1736
1851
1959
1974
1961
1985
1975
1900
1819
1733
1561
1363
1188
1016
779
516
301
70
-178
-404
-592
-792
-996
-1145
-1269
-1425
-1571
-1635
-1672
-1733
-1753
-1731
-1745
-1751
-1670
-1554
-1459
-1360
-1243
-1106
-953
-772
-585
-404
-248
-81
108
287
469
681
853
978
1107
1254
1363
1424
1495
1563
1590
1602
1615
1585
1495
1407
1347
1246
1121
1003
870
678
493
333
148
-55
-222
-378
-567
-734
-843
-954
-1089
-1216
-1295
-1341
-1397
-1416
-1414
-1422
-1432
-1401
-1324
-1253
-1168
-1049
-926
-811
-663
-481
-313
-147
15
176
311
455
613
753
858
956
1055
1115
1163
1200
1211
1183
1173
1168
1132
1071
1004
915
805
731
673
570
434
315
208
108
-28
-164
-300
-420
-509
-583
-680
-816
-888
-934
-999
-1034
-1005
-991
-1023
-1014
-953
-906
-880
-786
-663
-589
-520
-415
-295
-188
-58
102
224
319
422
549
649
692
751
801
821
826
837
816
758
733
723
681
612
551
485
413
368
316
231
163
108
36
-52
-121
-165
-223
-311
-379
-418
-460
-503
-545
-598
-658
-671
-651
-636
-628
-591
-546
-521
-488
-399
-296
-238
-186
-101
-9
62
145
223
285
349
422
478
506
525
554
588
600
590
568
523
469
438
419
351
250
174
132
72
-17
-88
-138
-184
-218
-249
-287
-348
-394
-426
-443
-461
-479
-503
-519
-512
-498
-475
-450
-408
-378
-347
-300
-230
-182
-142
-80
2
78
126
182
244
292
340
414
469
493
522
565
585
575
563
571
567
538
512
465
385
307
251
216
158
75
13
-60
-147
-217
-261
-325
-398
-453
-492
-543
-588
-615
-648
-679
-670
-633
-605
-597
-581
-532
-476
-409
-330
-255
-194
-120
-38
36
101
188
289
360
416
478
537
570
596
637
677
685
686
681
649
622
600
575
525
487
449
391
317
253
195
125
69
14
-39
-136
-239
-307
-373
-438
-484
-530
-600
-671
-712
-747
-785
-791
-779
-784
-783
-748
-699
-660
-610
-519
-410
-310
-194
-76
29
119
222
336
418
506
595
662
696
749
802
832
842
844
840
820
797
759
703
648
580
494
428
359
279
184
92
11
-40
-85
-151
-220
-302
-380
-455
-506
-557
-630
-697
-765
-847
-914
-944
-963
-983
-977
-959
-936
-905
-839
-752
-670
-568
-425
-297
-199
-75
74
208
334
473
598
692
754
835
912
962
1018
1049
1039
998
981
969
918
837
767
710
622
539
459
364
253
167
95
1
-87
-159
-228
-328
-406
-455
-509
-577
-644
-699
-761
-817
-857
-887
-944
-976
-952
-951
-955
-927
-879
-814
-747
-644
-519
-410
-295
-154
-21
85
224
388
508
605
699
788
847
903
967
994
998
999
1007
989
933
878
817
747
678
618
526
408
318
247
154
55
-17
-89
-184
-258
-302
-365
-444
-498
-532
-585
-648
-694
-722
-757
-785
-783
-793
-814
-814
-779
-756
-738
-676
-598
-522
-460
-375
-283
-186
-68
56
160
257
361
462
543
619
702
761
797
836
853
843
834
828
812
767
716
664
601
538
475
404
314
240
177
112
26
-63
-146
-223
-292
-337
-392
-454
-524
-578
-606
-647
-677
-701
-709
-718
-728
-728
-728
-731
-713
-672
-616
-554
-510
-475
-413
-328
-243
-133
-30
55
142
228
313
389
466
539
601
649
682
707
726
732
737
749
750
734
705
664
598
532
480
431
374
302
228
149
55
-20
-80
-139
-207
-272
-334
-401
-452
-494
-537
-574
-596
-622
-644
-652
-655
-657
-649
-622
-597
-566
-532
-500
-458
-407
-335
-261
-195
-134
-64
14
90
176
268
341
396
461
526
573
601
628
649
662
667
679
685
647
616
593
566
518
475
437
364
281
220
162
84
12
-48
-105
-176
-248
-297
-330
-367
-412
-441
-478
-504
-518
-554
-580
-578
-559
-551
-552
-542
-529
-511
-466
-405
-350
-303
-256
-200
-135
-75
-4
78
143
198
266
319
360
415
464
498
523
551
575
576
565
555
538
508
475
447
411
356
295
234
175
128
90
36
-34
-91
-140
-185
-239
-289
-320
-361
-397
-423
-448
-479
-498
-498
-508
-510
-498
-492
-483
-457
-421
-387
-345
-293
-243
-196
-146
-103
-35
43
112
174
223
273
321
371
424
462
492
512
517
524
527
518
505
488
458
431
402
361
311
254
208
166
115
58
8
-41
-99
-149
-180
-218
-264
-298
-335
-373
-400
-418
-428
-446
-455
-457
-462
-465
-459
-438
-419
-390
-343
-299
-265
-228
-177
-129
-75
-8
55
108
155
213
274
315
359
409
443
469
489
509
507
502
503
493
463
434
403
361
318
278
243
190
140
92
38
-22
-72
-100
-139
-189
-225
-260
-311
-349
-363
-376
-404
-425
-427
-444
-457
-451
-442
-436
-430
-403
-371
-349
-325
-282
-247
-211
-154
-95
-43
6
63
117
171
243
304
344
382
424
460
477
488
500
492
482
472
460
425
375
343
303
251
209
176
131
72
14
-29
-80
-122
-146
-179
-231
-280
-307
-321
-344
-365
-363
-378
-401
-399
-387
-397
-399
-388
-373
-357
-341
-314
-296
-271
-227
-171
-121
-77
-36
13
68
123
181
228
266
309
353
387
424
452
466
462
464
467
448
424
396
364
329
291
255
214
156
114
80
38
0
-31
-69
-110
-150
-177
-211
-234
-247
-270
-292
-324
-340
-343
-351
-360
-349
-339
-332
-327
-319
-306
-287
-258
-226
-193
-161
-122
-93
-54
-7
42
93
134
173
210
248
284
314
336
360
374
381
388
389
381
358
341
329
307
280
251
212
169
125
95
69
30
-14
-45
-81
-123
-146
-168
-192
-217
-230
-249
-279
-305
-318
-321
-326
-323
-315
-316
-321
-318
-299
-267
-238
-214
-185
-166
-146
-105
-69
-31
7
42
68
95
131
161
183
210
243
268
286
301
314
316
318
316
310
298
285
273
242
208
188
164
135
111
87
52
10
-26
-47
-71
-96
-121
-149
-181
-201
-213
-226
-242
-252
-255
-265
-275
-267
-263
-258
-247
-228
-212
-205
-190
-173
-150
-131
-95
-62
-42
-17
4
23
50
88
122
141
155
181
204
221
242
258
270
273
280
285
276
264
258
240
217
195
183
159
122
100
75
40
16
2
-18
-47
-69
-87
-110
-132
-139
-140
-156
-184
-200
-208
-217
-222
-212
-208
-213
-211
-210
-209
-208
-197
-179
-164
-155
-143
-132
-115
-95
-66
-40
-13
11
40
68
96
130
161
178
205
222
240
259
262
264
259
258
264
258
237
225
212
196
175
153
131
97
73
54
31
13
-12
-41
-59
-70
-85
-98
-125
-149
-164
-182
-195
-209
-225
-238
-254
-265
-263
-263
-265
-263
-257
-244
-233
-211
-188
-165
-138
-114
-90
-60
-26
12
52
84
115
148
179
214
240
253
271
281
284
291
288
276
267
257
246
226
205
182
165
143
115
95
71
40
19
-2
-35
-61
-79
-102
-126
-145
-162
-183
-210
-233
-245
-262
-275
-279
-286
-296
-307
-299
-287
-271
-253
-230
-205
-180
-150
-114
-82
-52
-14
30
59
92
129
158
187
224
257
281
288
301
322
327
328
328
320
308
295
282
263
240
220
200
171
143
120
96
71
44
16
-23
-59
-88
-116
-149
-177
-208
-237
-265
-282
-292
-307
-323
-326
-330
-332
-331
-318
-306
-290
-269
-242
-221
-199
-169
-129
-100
-69
-28
13
49
86
125
157
184
219
252
274
293
308
317
319
327
333
329
322
318
298
287
266
242
217
187
158
135
97
59
26
-15
-58
-90
-124
-155
-191
-226
-252
-278
-301
-313
-325
-334
-340
-338
-338
-335
-329
-315
-300
-277
-250
-227
-205
-174
-139
-103
-62
-26
16
47
84
127
167
203
241
272
299
315
332
347
349
354
361
358
348
335
320
295
272
250
231
197
156
124
83
42
6
-27
-69
-113
-152
-188
-218
-242
-266
-281
-302
-320
-329
-336
-343
-342
-341
-331
-324
-305
-283
-265
-243
-219
-185
-143
-105
-67
-33
4
42
79
121
164
196
229
253
274
301
320
335
347
350
353
352
340
329
312
293
277
255
232
199
161
129
92
64
29
-7
-43
-80
-119
-149
-189
-220
-241
-269
-291
-306
-316
-326
-336
-335
-334
-327
-318
-306
-290
-275
-251
-222
-187
-157
-120
-81
-53
-17
27
65
102
135
170
199
221
241
272
292
304
319
329
332
334
325
318
309
292
277
257
223
191
158
130
100
70
36
0
-38
-78
-107
-135
-164
-194
-222
-250
-270
-287
-304
-315
-324
-328
-324
-318
-309
-295
-277
-259
-232
-204
-174
-144
-118
-89
-55
-20
16
54
93
120
154
184
211
239
265
286
306
314
318
321
319
319
316
301
283
261
236
210
183
156
123
92
59
22
-14
-43
-74
-99
-135
-165
-188
-221
-242
-257
-278
-288
-301
-304
-303
-306
-302
-290
-281
-266
-245
-223
-197
-175
-141
-108
-81
-47
-12
22
54
91
124
153
182
212
242
264
284
300
311
314
316
314
309
300
290
272
242
215
190
161
137
109
81
46
11
-18
-44
-81
-109
-134
-164
-184
-207
-226
-245
-266
-273
-281
-286
-289
-286
-279
-271
-261
-247
-230
-211
-186
-165
-142
-118
-87
-60
-29
6
36
67
100
133
163
186
209
228
244
257
269
276
275
268
266
258
238
226
209
183
164
138
115
89
55
32
10
-19
-40
-62
-95
-118
-138
-157
-174
-188
-202
-215
-225
-232
-232
-235
-239
-229
-226
-218
-206
-194
-174
-153
-131
-107
-87
-62
-38
-11
23
45
72
97
111
142
164
181
201
210
220
231
230
230
226
214
211
203
186
172
150
129
111
92
73
49
27
4
-14
-34
-53
-73
-92
-111
-126
-137
-154
-165
-180
-189
-193
-193
-190
-191
-184
-184
-175
-161
-152
-134
-117
-101
-81
-65
-45
-20
0
22
46
64
83
101
115
126
137
144
149
157
154
159
156
152
147
141
136
124
111
97
82
71
58
42
25
5
-13
-25
-38
-49
-62
-76
-91
-96
-100
-110
-116
-125
-131
-128
-130
-129
-129
-130
-126
-116
-104
-94
-77
-69
-60
-46
-32
-18
-2
13
24
38
47
57
67
74
82
96
100
100
106
102
101
97
98
98
92
92
86
75
66
54
48
40
30
23
12
-1
-14
-24
-33
-38
-39
-43
-48
-53
-58
-60
-64
-64
-61
-63
-62
-65
-66
-66
-66
-54
-48
-47
-36
-30
-24
-12
-7
-1
3
6
16
22
22
27
29
33
39
42
46
45
46
54
55
53
53
44
42
41
36
39
27
19
16
11
6
6
3
-3
-6
-7
-13
-13
-20
-23
-18
-23
-20
-15
-20
-22
-23
-23
-23
-27
-20
-19
-19
-18
-19
-17
-18
-15
-7
-5
-7
-4
-4
-8
-6
-2
-1
-4
-3
-6
-2
-4
-5
0
0
0
7
10
7
8
7
5
7
6
4
8
2
6
8
8
7
11
14
15
21
19
20
19
15
17
20
15
17
13
12
14
6
9
3
2
3
-3
-3
-1
-7
-6
-9
-13
-17
-21
-20
-24
-26
-30
-31
-35
-35
-37
-29
-31
-27
-21
-26
-21
-21
-18
-11
-7
-7
1
-3
0
5
4
15
18
24
29
31
33
38
37
45
41
44
44
41
42
37
33
34
31
29
30
25
22
13
11
7
6
-3
-4
-11
-22
-20
-27
-30
-35
-37
-39
-40
-45
-44
-47
-47
-48
-47
-46
-47
-40
-36
-29
-26
-19
-18
-11
-8
-1
5
9
15
20
25
27
38
38
48
52
58
60
63
60
60
59
57
58
54
52
45
42
31
31
26
17
13
9
0
-4
-15
-25
-30
-40
-43
-48
-52
-66
-65
-72
-73
-68
-69
-68
-67
-65
-59
-57
-58
-50
-50
-40
-32
-23
-17
-10
-4
7
17
23
34
37
42
49
57
57
62
65
71
71
73
74
72
69
64
65
58
53
50
46
34
30
17
10
3
-5
-8
-20
-28
-38
-43
-48
-55
-62
-67
-78
-76
-75
-78
-77
-81
-80
-75
-70
-64
-53
-55
-48
-38
-31
-21
-10
-4
5
11
19
31
32
41
43
51
58
61
65
67
64
70
73
72
74
70
69
68
64
61
59
52
47
40
36
26
19
15
2
-2
-9
-20
-24
-30
-44
-45
-56
-66
-66
-73
-73
-74
-78
-77
-74
-72
-63
-62
-58
-54
-48
-40
-30
-22
-15
-6
-3
4
15
16
20
26
27
34
35
40
46
48
52
54
58
57
58
60
59
59
57
56
52
45
43
40
31
29
20
12
7
-7
-7
-11
-23
-23
-29
-39
-46
-53
-56
-60
-66
-64
-67
-66
-63
-60
-53
-55
-48
-38
-36
-32
-27
-22
-18
-15
-4
5
3
9
13
15
21
25
34
40
37