2
0
7
4
1
3
0
2
1
2
3
-2
1
0
-2
0
1
3
-3
-2
1
-1
-1
-2
1
0
-4
-1
-4
-1
-4
-4
2
0
-2
2
-1
-6
-1
-5
-7
-2
7
3
0
5
-1
-5
1
1
-4
1
3
3
-1
4
9
3
-3
0
-2
-5
-2
0
4
4
1
1
-3
-3
-2
4
1
5
8
-3
-1
-2
-6
6
4
5
3
3
1
1
4
-1
1
1
2
-3
4
6
-1
-1
-5
-3
-1
2
1
4
2
-4
-4
-6
-1
1
5
-1
-1
3
1
4
1
-2
4
-3
-8
-2
-1
1
2
3
8
-1
2
-2
-3
1
6
3
2
3
-2
2
-5
0
-1
1
0
-7
-7
-6
-2
-7
3
2
-5
3
-4
-3
-3
-7
-1
-1
-4
-1
4
0
-2
-5
2
1
-3
2
-2
1
-3
2
-1
-2
5
1
4
4
3
2
2
-2
2
7
1
-1
-2
0
4
2
-1
3
3
-2
-2
-4
-4
0
-2
1
0
0
2
1
2
6
6
0
2
3
2
-2
1
1
-2
1
0
5
4
4
6
4
6
-2
2
0
0
1
-1
5
2
1
4
1
6
3
1
-2
-3
4
4
1
2
1
-2
2
2
4
0
-1
1
1
5
2
1
-2
-3
1
1
-1
-1
0
-2
-3
-4
-8
-4
-3
-9
-6
-5
-7
-8
-11
-4
0
-7
0
2
-4
1
0
-2
-2
0
1
0
4
4
5
2
3
3
4
4
6
8
8
2
0
4
1
5
5
2
-2
-1
0
1
2
-3
-4
-4
-6
-2
-2
-7
-10
-6
-4
-8
-2
-1
-4
-1
-5
-6
2
-2
-2
4
3
2
-1
3
3
-1
6
6
2
3
2
0
0
0
6
7
1
-1
5
-1
1
2
2
3
1
2
-6
2
0
-2
-3
-7
-4
-2
-2
2
1
2
1
-5
-3
-4
-5
-2
1
4
0
3
-1
4
1
-1
4
-5
3
1
7
5
-2
2
3
0
1
3
-1
-1
4
3
8
6
1
5
1
1
0
3
9
0
0
4
1
-1
1
0
-1
3
0
2
5
6
3
-1
1
5
-1
4
2
2
2
-3
3
0
-2
-6
0
0
-4
1
5
0
2
0
-6
2
0
1
0
4
4
-4
0
-5
-2
-3
-4
-1
2
4
-4
-5
-7
-5
-1
-2
-6
-2
0
0
-2
-5
-3
-4
-7
-8
2
-2
-5
-7
0
-2
-2
0
-2
1
-3
-4
-3
-1
0
3
5
7
4
-1
2
-1
2
-1
2
3
-3
4
0
1
-3
-4
2
-3
-3
1
-3
-4
0
-3
-3
-3
-3
-4
0
-1
1
-2
-4
-3
0
1
0
0
-5
-3
3
2
-4
-3
1
2
0
1
2
0
2
3
4
4
4
0
-4
3
8
4
0
6
7
5
-1
2
3
2
2
3
7
6
2
5
11
11
6
10
9
2
-2
2
6
4
5
2
3
3
2
-6
-1
-1
-6
-4
-2
2
-1
0
0
-4
-7
3
-1
-3
-5
-8
-5
-6
-1
-2
-2
-1
-5
-3
4
0
-1
-1
-2
7
3
2
3
4
11
5
7
2
2
6
0
1
1
2
-4
-1
6
1
5
0
-4
-3
-1
-4
-1
5
-1
-3
-2
1
0
-6
-5
-5
-6
-6
1
-4
-2
-3
-9
0
-7
-3
0
-4
-2
-4
0
4
-1
1
-6
-5
-1
-5
-1
-3
-5
-1
-10
-3
-2
-7
-7
-5
-1
-6
-4
-8
-5
-5
-3
-2
-6
-4
2
4
-2
-1
0
3
2
5
3
-2
5
1
3
6
-2
2
4
2
5
8
8
3
4
4
11
3
3
6
6
9
1
8
4
2
-1
4
7
1
3
-1
-7
2
3
6
8
4
7
2
4
8
6
2
7
4
5
2
0
4
0
-1
2
6
1
-4
-1
-3
-1
0
-1
6
-1
-3
-2
3
0
-7
1
-4
0
-5
-3
0
-7
2
-3
-10
-3
-5
-9
3
1
2
4
0
-6
-8
-6
-6
-2
-2
-3
-2
1
-4
-2
-2
-2
-4
-8
-7
-6
1
-1
-3
1
-2
-3
-6
0
1
0
-1
-7
4
1
0
-3
-3
1
-2
0
5
0
0
3
2
-3
-1
-4
-4
4
1
2
-1
1
-4
-2
1
2
4
1
1
-3
3
6
-2
0
2
1
-2
3
8
3
0
-3
0
-1
-2
-1
-3
-1
2
-2
-3
-4
1
1
-2
1
1
1
-1
3
2
-6
0
2
1
4
3
-3
7
2
-1
3
4
9
0
4
6
2
1
1
8
8
10
6
2
5
-2
-3
-2
-1
-1
-4
-2
-1
-5
-4
-4
-6
-2
-8
-1
2
-3
-2
-4
1
-3
-3
1
2
-1
-4
4
5
-1
3
3
-1
3
8
1
4
9
3
5
7
8
1
6
9
3
2
-1
0
3
4
0
-3
-4
1
-3
-9
-4
-4
-2
-5
-8
-7
-11
-7
-10
-12
-12
-14
-13
-13
-6
-10
-10
-6
-12
-8
-2
-7
-6
-4
-4
-2
-5
-3
0
2
4
5
14
4
10
10
4
13
10
12
12
13
12
15
19
14
8
7
8
12
9
5
2
4
6
0
2
-7
-9
-8
-13
-10
-13
-14
-10
-13
-15
-16
-17
-23
-18
-14
-20
-23
-22
-19
-14
-7
-7
-12
-14
-13
-8
-1
1
6
10
5
10
14
11
16
16
22
17
24
32
29
35
28
26
32
25
24
27
20
17
17
20
14
10
19
12
4
0
-3
-6
-13
-12
-19
-13
-18
-22
-20
-29
-30
-31
-32
-33
-33
-36
-30
-31
-29
-35
-31
-26
-27
-16
-16
-15
-14
-2
2
1
5
7
15
22
23
26
32
36
38
45
49
48
52
52
54
54
55
52
43
43
41
33
24
21
19
13
8
4
-2
-20
-25
-32
-40
-44
-56
-60
-64
-71
-76
-76
-82
-87
-83
-83
-89
-86
-82
-68
-61
-54
-46
-42
-34
-27
-10
1
6
14
26
37
45
55
68
76
85
96
99
110
116
116
121
118
117
114
109
102
94
86
81
69
58
47
34
19
3
-7
-20
-38
-51
-64
-82
-93
-109
-128
-133
-145
-149
-158
-162
-166
-168
-160
-157
-147
-140
-133
-118
-108
-93
-82
-63
-38
-30
-5
12
30
48
61
85
107
127
139
156
173
187
195
203
207
208
217
207
201
194
182
169
158
152
135
117
105
86
66
41
19
0
-21
-50
-80
-102
-130
-146
-171
-193
-203
-223
-238
-247
-246
-245
-247
-242
-236
-225
-216
-209
-194
-176
-159
-143
-130
-108
-83
-62
-31
-11
14
46
65
103
119
141
165
182
207
221
235
242
252
253
254
246
246
244
240
240
219
211
194
180
167
141
121
94
73
46
13
-11
-42
-73
-94
-124
-149
-178
-202
-215
-230
-241
-249
-249
-250
-251
-251
-252
-246
-243
-234
-230
-218
-198
-181
-168
-146
-117
-97
-71
-46
-25
-1
24
47
73
96
119
138
153
176
191
209
221
229
229
240
250
243
242
246
245
237
230
219
207
190
182
154
134
121
100
75
46
26
-5
-32
-57
-77
-97
-127
-149
-164
-190
-204
-218
-232
-250
-255
-254
-250
-246
-247
-240
-231
-224
-213
-193
-180
-168
-149
-132
-119
-94
-68
-50
-30
-9
18
40
61
83
103
129
149
174
188
201
226
234
239
250
258
258
258
264
249
243
231
214
202
189
168
151
131
103
83
54
34
5
-19
-34
-68
-89
-119
-146
-163
-188
-204
-228
-243
-249
-262
-269
-267
-265
-259
-243
-233
-219
-207
-184
-157
-140
-123
-102
-82
-58
-35
-15
8
26
48
66
82
106
118
133
150
158
169
167
168
172
164
163
158
148
136
124
110
102
95
85
80
79
72
70
64
58
52
42
29
23
17
3
-3
-13
-27
-39
-46
-57
-70
-74
-81
-88
-90
-104
-110
-116
-129
-141
-148
-151
-159
-166
-159
-152
-151
-139
-127
-108
-90
-64
-43
-19
11
35
57
78
104
123
147
156
173
182
189
199
201
214
212
213
212
195
192
177
164
148
116
94
61
40
9
-32
-57
-90
-117
-145
-169
-182
-190
-205
-216
-223
-232
-232
-229
-225
-219
-213
-202
-186
-179
-166
-144
-123
-100
-73
-52
-26
4
32
57
75
98
123
131
146
150
153
156
150
147
154
147
144
143
134
133
127
129
130
121
118
121
117
102
104
97
84
85
80
72
67
64
53
52
48
37
36
24
10
-6
-26
-36
-52
-71
-88
-114
-140
-163
-183
-199
-216
-228
-245
-253
-261
-273
-274
-282
-284
-276
-267
-256
-246
-233
-211
-191
-169
-141
-109
-73
-45
-8
32
67
104
143
178
214
247
275
300
329
348
362
379
384
390
376
373
367
346
331
309
284
241
201
167
126
86
44
-3
-49
-90
-133
-167
-204
-239
-263
-285
-302
-314
-318
-327
-324
-326
-309
-298
-278
-256
-239
-210
-185
-153
-121
-88
-53
-19
7
39
72
92
117
144
161
178
189
201
213
213
211
217
210
199
200
186
169
146
126
114
82
53
24
7
-16
-40
-52
-69
-83
-96
-93
-98
-101
-93
-78
-55
-47
-33
-16
1
15
36
55
64
70
75
84
75
76
69
61
48
29
17
-8
-33
-57
-89
-122
-151
-176
-204
-236
-263
-286
-296
-310
-311
-310
-302
-287
-278
-256
-230
-199
-167
-136
-95
-59
-18
19
56
95
128
162
196
225
250
284
302
320
326
329
337
329
324
314
301
278
252
216
184
156
116
88
58
28
-2
-24
-49
-78
-95
-115
-128
-143
-151
-155
-163
-162
-163
-153
-147
-138
-120
-102
-84
-67
-53
-43
-25
-12
-3
0
10
13
8
10
5
-1
-7
-10
-14
-16
-20
-16
-20
-14
-12
-11
4
10
23
36
47
54
66
91
106
117
132
147
162
178
190
196
205
207
195
189
179
155
134
105
79
54
19
-6
-38
-68
-98
-125
-134
-155
-167
-175
-177
-180
-185
-182
-181
-177
-171
-167
-156
-143
-139
-131
-114
-96
-77
-57
-45
-27
-8
4
18
23
29
38
35
32
26
25
8
-8
-20
-41
-55
-76
-99
-113
-121
-141
-156
-173
-188
-190
-199
-203
-204
-198
-192
-190
-175
-161
-139
-114
-90
-57
-23
15
52
90
122
155
199
229
259
294
312
331
347
363
372
375
377
371
364
352
341
336
313
290
268
247
216
194
172
145
118
88
64
30
5
-25
-48
-75
-100
-121
-143
-165
-193
-219
-235
-260
-281
-299
-310
-318
-333
-332
-334
-333
-326
-313
-299
-278
-247
-221
-194
-173
-139
-111
-76
-32
-1
28
59
88
122
151
171
189
216
238
257
269
287
290
296
304
290
284
271
253
235
213
188
173
154
127
105
83
59
36
23
6
-9
-18
-23
-34
-48
-47
-55
-72
-70
-79
-81
-86
-102
-105
-112
-112
-115
-114
-113
-121
-130
-138
-154
-175
-189
-203
-223
-238
-262
-286
-302
-322
-339
-354
-363
-374
-382
-380
-378
-368
-357
-344
-319
-292
-263
-234
-186
-138
-94
-49
10
64
113
164
218
265
308
358
401
445
470
491
510
515
531
525
521
524
504
485
464
442
415
384
350
322
283
243
208
165
129
97
54
23
-17
-53
-85
-107
-134
-158
-173
-202
-216
-230
-240
-252
-269
-273
-285
-292
-299
-316
-323
-328
-334
-333
-325
-321
-311
-296
-285
-269
-240
-215
-189
-147
-115
-80
-46
-10
27
62
99
141
188
227
262
296
326
357
389
407
427
443
445
453
450
438
419
388
349
305
249
197
148
91
45
-11
-62
-119
-173
-227
-275
-309
-333
-352
-380
-393
-403
-410
-410
-403
-387
-360
-334
-305
-271
-233
-202
-160
-127
-91
-47
-17
22
49
70
82
102
108
110
112
111
108
91
74
58
35
5
-16
-42
-66
-87
-105
-131
-149
-155
-161
-165
-163
-154
-137
-113
-95
-70
-43
-15
19
50
81
105
141
169
197
218
236
254
268
276
279
280
277
273
265
247
222
196
168
141
95
63
37
5
-22
-45
-63
-83
-95
-105
-109
-102
-96
-83
-74
-63
-41
-26
-4
18
34
51
73
93
107
118
132
140
141
139
131
115
96
77
60
30
-9
-38
-67
-99
-132
-156
-177
-199
-216
-228
-229
-231
-234
-222
-207
-192
-170
-147
-121
-92
-61
-33
4
38
65
103
134
157
174
196
220
232
234
233
221
210
192
160
129
98
71
36
8
-23
-62
-94
-114
-130
-140
-160
-163
-158
-167
-154
-152
-148
-134
-126
-104
-83
-67
-48
-26
-10
12
26
40
55
69
79
86
89
75
65
45
27
0
-29
-51
-78
-105
-138
-171
-197
-228
-249
-259
-275
-279
-284
-281
-272
-264
-246
-223
-197
-165
-130
-93
-57
-15
21
66
109
150
194
228
269
304
334
359
376
393
406
413
411
407
393
373
352
324
292
257
230
205
170
143
102
70
40
14
-12
-32
-40
-52
-58
-77
-90
-103
-114
-122
-139
-142
-145
-145
-144
-144
-144
-149
-154
-161
-174
-181
-189
-196
-196
-196
-196
-195
-195
-199
-201
-189
-184
-163
-130
-99
-67
-32
6
43
74
102
129
162
198
226
248
272
287
289
298
301
292
281
272
249
222
187
148
109
62
14
-24
-68
-107
-152
-188
-234
-280
-297
-309
-311
-307
-287
-258
-239
-217
-187
-175
-153
-127
-90
-49
-6
34
69
97
106
117
127
132
137
146
155
150
144
135
117
93
55
15
-27
-66
-107
-141
-167
-191
-211
-232
-238
-247
-246
-244
-236
-217
-195
-169
-131
-95
-60
-20
8
36
70
113
139
165
194
216
242
256
266
276
278
275
269
260
236
209
179
138
101
65
32
7
-15
-23
-31
-51
-63
-77
-78
-78
-63
-36
0
30
64
97
113
121
125
122
121
124
133
153
155
148
141
121
86
40
-4
-54
-95
-125
-159
-194
-225
-265
-296
-322
-354
-371
-369
-359
-341
-312
-269
-227
-176
-121
-80
-28
18
53
91
129
162
195
232
272
303
338
361
364
359
332
290
248
192
131
88
50
28
3
-28
-77
-142
-205
-257
-286
-301
-287
-248
-194
-143
-123
-110
-103
-114
-122
-109
-61
-7
52
115
179
214
205
181
167
155
129
124
144
163
153
136
116
68
3
-77
-147
-192
-239
-280
-297
-306
-330
-354
-375
-398
-410
-419
-402
-365
-333
-286
-227
-173
-113
-53
4
52
85
115
147
193
248
293
333
373
414
440
459
481
480
455
404
355
319
252
183
149
128
87
39
5
-6
-54
-122
-151
-143
-126
-123
-66
20
81
102
103
114
85
32
10
20
30
34
63
96
100
85
80
45
-37
-111
-151
-194
-278
-337
-333
-340
-419
-486
-489
-499
-594
-673
-606
-513
-454
-350
-142
75
169
203
285
372
383
360
399
495
576
627
692
744
765
773
709
574
424
290
135
-66
-220
-260
-303
-435
-532
-520
-527
-649
-764
-705
-591
-570
-519
-281
8
118
143
288
433
421
350
414
559
565
500
581
716
680
546
500
494
331
77
-50
-95
-286
-540
-660
-716
-915
-1189
-1312
-1338
-1466
-1592
-1448
-1162
-949
-751
-395
24
235
333
553
811
910
951
1136
1341
1338
1254
1284
1291
1100
874
856
940
872
754
748
600
57
-635
-1160
-1554
-1996
-2261
-2018
-1572
-1344
-1265
-1007
-688
-637
-669
-334
246
697
1070
1543
1968
1997
1725
1546
1426
1171
861
724
740
670
440
172
-85
-414
-769
-1048
-1190
-1214
-1152
-1018
-882
-815
-826
-880
-945
-952
-849
-674
-489
-233
96
362
503
534
543
558
507
424
409
469
553
613
626
591
502
381
319
301
343
462
577
669
732
749
493
-139
-850
-1389
-1814
-2201
-2239
-1747
-1126
-824
-686
-416
-149
-59
60
476
991
1322
1536
1776
1905
1723
1341
1000
777
557
345
242
240
215
24
-299
-638
-899
-1087
-1182
-1134
-959
-771
-676
-656
-730
-882
-1045
-1039
-824
-482
-80
320
628
721
625
445
321
308
409
617
815
875
772
676
663
590
429
434
711
976
1062
1229
1432
1019
-270
-1645
-2545
-3210
-3871
-3815
-2685
-1494
-1071
-1017
-586
32
281
428
1046
2000
2666
2913
3006
2927
2358
1435
732
399
127
-187
-259
-34
4
-456
-1082
-1406
-1488
-1550
-1474
-1070
-477
10
308
469
432
179
-122
-280
-332
-394
-387
-278
-129
-77
-217
-486
-716
-712
-504
-223
0
214
458
721
891
910
877
963
1096
1095
981
922
961
958
896
774
343
-609
-1745
-2584
-3044
-3275
-3124
-2336
-1270
-525
-275
-100
280
716
1019
1296
1741
2223
2494
2459
2197
1749
1068
369
-94
-277
-349
-379
-275
-124
-183
-527
-849
-922
-854
-757
-531
-106
280
384
139
-291
-711
-938
-841
-550
-212
11
68
-29
-292
-542
-682
-622
-334
134
588
807
859
913
1013
999
895
964
1349
1779
2009
2138
2160
1590
-40
-2009
-3572
-4521
-5071
-4837
-3387
-1709
-820
-741
-468
222
651
804
1193
2191
3086
3396
3293
2955
2272
1178
146
-500
-783
-830
-612
-189
36
-180
-716
-1145
-1308
-1346
-1282
-909
-126
679
1027
831
388
-48
-417
-600
-498
-226
-23
-22
-178
-449
-860
-1210
-1262
-938
-473
-41
387
845
1110
1095
1091
1231
1472
1574
1711
1922
1945
1795
1513
1137
-57
-1888
-3469
-4249
-4443
-4466
-3651
-2155
-832
-349
-252
249
819
1185
1437
2051
2801
3065
2830
2356
1863
1035
-43
-796
-959
-776
-740
-713
-468
-141
-49
-329
-678
-814
-601
-43
561
996
1116
1026
773
337
-188
-649
-761
-653
-420
-398
-584
-860
-1177
-1347
-1481
-1336
-926
-261
435
875
1033
1025
1228
1561
1855
1917
2062
2316
2524
2813
2888
2321
152
-2548
-4567
-5727
-6273
-6303
-4539
-2142
-434
-69
-202
401
883
1271
1426
2204
3316
3758
3725
3143
2455
1039
-466
-1142
-1163
-957
-1040
-592
125
425
-22
-874
-1328
-1441
-1173
-696
-60
577
882
885
515
-33
-493
-694
-402
127
513
544
158
-332
-986
-1573
-1836
-1498
-698
-7
510
672
844
956
1102
1261
1411
1974
2350
2889
3379
3714
2847
-196
-3310
-5695
-6714
-7106
-6288
-3470
-911
532
383
388
904
986
1120
1278
2510
3753
4196
3961
2978
1750
-172
-1717
-2084
-1682
-1213
-998
-322
363
278
-527
-1231
-1330
-1169
-785
-30
980
1654
1772
1399
770
79
-461
-510
-307
93
332
315
62
-487
-1177
-1991
-2318
-1883
-858
184
842
1108
1077
1048
1069
1279
1454
1986
2469
2852
3418
3663
3031
18
-3270
-5678
-7025
-7350
-6728
-3630
-814
700
737
536
1110
911
980
1113
2143
3441
3908
3997
3085
1681
-432
-2118
-2413
-1899
-1161
-642
179
769
577
-228
-927
-1149
-1182
-862
-80
982
1709
1711
1153
225
-687
-1051
-969
-424
143
579
761
368
-56
-783
-1596
-2038
-1678
-514
468
1086
1320
1189
786
465
536
1218
1797
2161
2755
3344
3699
1449
-1995
-5053
-7002
-7449
-7449
-4581
-1226
882
1240
624
1435
1431
1198
873
1390
3167
4003
4374
3535
1994
-3
-2089
-2626
-2333
-1650
-1057
-200
759
692
-208
-1109
-1314
-1260
-1040
-416
750
1754
1914
1507
672
-150
-779
-747
-55
541
773
553
310
98
-354
-1152
-1910
-1838
-877
273
969
1186
1139
784
596
664
1184
1813
2088
2776
3241
3509
1772
-1572
-4448
-6861
-7532
-7595
-5295
-1769
270
1069
448
1080
1576
1407
1466
1508
2934
3800
4093
3747
2179
474
-1657
-2421
-1968
-1482
-878
-422
558
724
-343
-1330
-1641
-1151
-785
-280
663
1390
1529
1117
614
0
-526
-597
126
1006
1224
740
-8
-306
-530
-1014
-1569
-1532
-753
180
809
1122
1255
993
825
780
1340
1818
1895
2391
2827
3176
1233
-1989
-4665
-6688
-7405
-7682
-5378
-1918
352
897
192
691
1259
1403
1295
1535
2812
3794
4132
3664
2267
248
-1678
-2387
-1720
-974
-505
61
701
904
-222
-1402
-1835
-1473
-801
-269
701
1263
1350
885
265
-342
-930
-713
132
1229
1509
921
86
-521
-654
-948
-1209
-1109
-475
419
1032
1332
1377
1142
943
960
1397
2099
2289
2512
2603
2365
622
-2430
-4704
-6283
-6890
-6743
-4716
-1524
269
443
-172
39
761
1101
1392
1839
2818
3583
3710
3247
1923
82
-1606
-2042
-1319
-475
-43
343
771
610
-299
-1281
-1411
-1096
-657
-12
606
1050
624
282
-76
-715
-1019
-835
688
1688
1831
1161
124
-328
-897
-968
-1002
-723
-102
415
1017
1312
1221
943
666
1028
1945
2276
2880
3160
3553
2162
-1690
-4633
-7261
-7907
-8008
-6003
-1733
378
1189
72
9
580
410
1238
1625
2889
3730
3656
3522
2011
354
-1656
-2722
-1751
-686
164
370
642
958
-134
-1178
-1553
-1058
-266
210
1016
1147
663
-170
-510
-592
-840
-608
193
1663
2076
1456
62
-1053
-1219
-1187
-713
-444
259
759
800
870
704
815
744
1069
2208
2657
2924
3076
3435
2926
-708
-4184
-6759
-7550
-7282
-6341
-2963
-545
258
-417
-840
283
907
1475
1975
2832
3978
3807
2981
1674
140
-1009
-1957
-1319
-204
163
191
-46
327
-158
-1108
-1223
-746
331
888
1473
1632
734
-289
-1067
-899
-588
-363
298
874
1462
1055
-39
-992
-1377
-923
-552
-61
503
941
868
470
392
544
1035
1622
2554
3080
2595
2319
2064
1996
109
-2993
-4847
-6176
-6019
-5923
-4315
-1921
-1270
-1056
-1568
-536
771
1540
2703
3096
3793
3354
2383
1825
743
-3
-1034
-1040
-163
-56
-80
-426
-231
-337
-1082
-1155
-783
113
747
1286
1612
955
-175
-1058
-939
-432
-362
-254
116
860
1163
534
-290
-983
-847
-416
238
899
1115
757
192
252
606
1077
1495
2555
3221
2899
2430
2262
1921
-612
-3669
-5884
-6555
-6250
-5406
-2973
-1097
-354
-1358
-2232
-1413
54
1924
2767
3636
4244
3800
2717
1263
396
-560
-1211
-882
-65
329
-239
-717
-850
-987
-1175
-1082
-476
164
908
1544
1640
982
-240
-866
-990
-305
442
578
652
325
522
206
-429
-745
-1005
-414
336
1277
1643
962
390
245
844
1414
2221
2959
3357
3477
3063
2542
14
-3061
-6043
-7553
-7047
-5837
-3074
-1451
-961
-1580
-2481
-1814
-967
995
2627
3740
4541
3978
3275
1843
713
5
-654
-176
302
402
-320
-1395
-1608
-1839
-1596
-930
-197
395
323
520
642
522
474
253
131
-4
443
1270
1345
675
-248
-488
-354
-414
-709
-973
-811
-164
603
1176
1432
1211
1088
1250
2335
2982
3301
3638
4132
3938
571
-2723
-5788
-7291
-7708
-6743
-2964
-1228
-1231
-2978
-3463
-1700
-556
1160
1871
3276
4405
3864
3285
1624
757
-105
-92
1387
1673
1170
-472
-1518
-1936
-2480
-1814
-999
-106
143
-110
8
-560
-657
-404
40
599
657
1207
1431
1325
912
305
59
69
186
60
-428
-713
-779
-527
357
1331
1831
1433
1594
2076
2938
3736
4296
3843
868
-1574
-3639
-4742
-5877
-5964
-3633
-2213
-1757
-3138
-3823
-2989
-1357
995
2120
3005
3064
2591
2276
1736
1383
410
38
837
1627
1673
584
-641
-1624
-2146
-1686
-888
-253
-239
-787
-1266
-1506
-1002
-239
-129
-24
249
1042
1807
1679
1444
860
692
844
920
787
185
-175
-324
-206
0
420
725
928
1359
1408
2087
3029
4492
3834
401
-2258
-4451
-4708
-5063
-3389
-744
-639
-2004
-4568
-4332
-2746
-919
820
1741
3288
3271
2380
1428
671
505
296
1102
1725
1178
311
-371
-663
-1280
-1727
-1193
-220
621
372
-846
-2005
-2258
-1434
-449
35
216
30
219
770
1126
1583
1365
1362
1309
898
833
336
347
251
555
1174
1218
1400
1245
1202
751
1003
2538
2884
1072
-1472
-3270
-4248
-5102
-4057
-1634
-321
-1219
-3231
-3382
-2066
-372
551
1013
2011
2010
1582
1387
1690
1872
1247
1278
927
245
-522
-732
-358
-661
-921
-1166
-735
-72
-235
-957
-1672
-1544
-1124
-707
-28
332
492
396
495
827
950
1056
1300
1403
1429
1107
734
473
269
544
749
888
1443
2021
2413
2565
2621
2450
-561
-3051
-3919
-3730
-3806
-4211
-1845
-600
-1303
-3884
-4763
-2665
-300
1984
2692
3243
2666
1177
551
819
1587
1777
2174
2320
1411
-215
-1380
-1456
-1063
-781
-812
-886
-890
-1120
-1440
-1469
-1001
-597
-724
-297
-287
-106
85
686
1619
1449
1361
1075
1378
1308
516
157
282
1583
1987
1651
606
-59
492
1071
2534
3309
4156
1628
-2147
-4137
-4832
-4310
-4911
-2853
-1088
-1558
-3934
-5408
-3171
-452
1597
2318
2841
2988
1750
810
1309
1938
2518
2719
2878
1825
-597
-1667
-1665
-235
404
-66
-678
-1464
-1697
-2653
-2571
-1456
-462
-47
-254
-496
-898
-626
435
1585
1839
1522
1294
1299
1383
1102
931
1023
1736
2057
1748
644
264
927
1530
2729
3192
3668
381
-3049
-4152
-4087
-3621
-4046
-1604
-882
-2909
-6449
-7022
-3388
-69
1628
1287
1695
2023
1940
1871
2255
2708
2763
3039
2701
1529
-126
-648
-92
651
89
-1348
-1994
-1415
-1174
-1711
-2164
-1638
-849
-764
-619
-1748
-1743
-829
1110
2684
2448
1502
289
588
1423
2016
1913
1909
2385
2426
1997
902
647
1091
2130
2932
3592
3189
-780
-3407
-4254
-3687
-4424
-4231
-1663
-1202
-3919
-7227
-6149
-2204
1015
1367
341
-481
-271
496
2288
3799
3716
3254
2454
1865
478
-120
376
1365
1827
334
-1252
-2083
-1583
-1752
-2086
-1761
-1030
-529
-386
-894
-2236
-1960
-680
1522
2110
1563
749
464
1591
2476
2737
1838
1549
1561
2163
2249
1738
1939
2270
3224
3274
3534
583
-2927
-3410
-2801
-2473
-4233
-3000
-1991
-3584
-6749
-7565
-4197
-433
1325
533
-377
-774
-348
771
2788
3119
3033
2648
2006
1201
-56
663
1285
1901
985
-944
-1642
-1296
-872
-1329
-1420
-1180
-1297
-1177
-1002
-1614
-1390
-612
1147
2245
1677
666
-530
136
1572
2680
2664
2056
1534
1977
2094
2009
1489
2054
3744
4385
4527
-34
-2556
-2825
-1892
-2928
-4519
-2218
-1529
-3346
-7124
-6653
-3906
-1115
-130
-145
-198
-814
-98
1338
3379
3211
2673
2294
1896
1038
361
977
1592
1208
-806
-2201
-2075
-805
-994
-1178
-1125
-1242
-1498
-1840
-1101
-1271
-713
-247
1097
1712
1282
1188
1186
1754
1648
1835
2130
2368
1924
2067
1970
2257
1735
1936
2567
3858
3946
-414
-1430
-1624
-1257
-3759
-4169
-2292
-2830
-5175
-7092
-4610
-2328
-1007
-1802
-1406
-960
-490
57
1829
3678
3332
3450
2665
2375
1052
1130
1676
2037
1252
-1208
-2325
-1956
-1383
-2385
-2865
-2437
-1293
-1612
-1572
-1868
-1605
-510
-357
710
1203
1383
1468
2178
2550
2120
1815
2563
3017
2744
2284
2396
3057
2832
3035
2447
3621
1332
-1487
-1496
-877
-1853
-4571
-2945
-2172
-3312
-7233
-6744
-3910
-1728
-1838
-3222
-1498
-988
319
385
2218
2849
2689
3328
3044
3045
2560
2893
2709
2038
78
-1369
-1574
-798
-1448
-2900
-3210
-3151
-2520
-2759
-2351
-2559
-1744
-940
-360
947
1278
1654
1822
2413
2210
1938
2192
2882
3411
3294
2996
2699
3284
3775
3594
3795
1789
-32
2
356
-1465
-4088
-3327
-2784
-3752
-6882
-6558
-4244
-2163
-2676
-4177
-3440
-2424
-673
-266
1335
1516
2079
3077
3689
3496
2743
3350
3505
3723
1794
486
-86
319
-679
-2377
-2968
-3673
-2908
-2948
-2464
-3327
-2990
-2085
-1186
-468
-534
388
1234
2532
2322
2358
3064
3700
3903
3491
2926
2126
3127
4033
5068
3070
-74
111
1230
1091
-2162
-2244
-1545
-2056
-5885
-6572
-3754
-1922
-2234
-5048
-4629
-4377
-2005
-826
289
346
-389
955
2113
3189
2608
2738
3444
3635
2532
1708
1920
1593
161
-1143
-1345
-1486
-1927
-2129
-2264
-3209
-3810
-2953
-1638
-749
-1530
-1644
171
2055
2389
1601
1559
1776
3045
4183
4492
3831
3189
3856
1742
1334
1863
1710
-333
-1552
75
109
-1814
-5145
-3934
-2058
-1526
-3344
-3640
-2538
-2623
-2264
-2147
-564
-536
158
102
614
837
1016
2074
2636
2661
1004
876
1030
1103
959
912
168
-914
-970
-1168
-1453
-2432
-2250
-1265
-779
-1237
-2257
-1433
-253
504
571
1295
1439
1659
2053
2892
3786
4568
4212
1035
1573
2249
2154
-70
-279
85
-1142
-3042
-3934
-1221
-774
-1466
-3876
-3223
-2057
-1548
-688
-1065
-672
-1261
-150
581
1210
853
211
892
1670
1746
1105
1263
903
1113
463
355
-174
-352
-149
-948
-1926
-2661
-2125
-2216
-1225
-1322
-1160
-658
16
311
412
790
774
1818
2553
3409
3447
3776
1565
1758
3429
3103
348
-1036
1000
924
-1119
-4223
-2641
-1284
-1174
-3179
-3679
-2640
-2995
-1601
-1508
-497
-1099
-409
530
389
333
738
2762
3382
2194
443
391
1225
1310
1324
1557
492
-305
-526
-24
-439
-1761
-2034
-1388
-818
-1657
-2673
-2092
-760
-627
-1078
-962
-760
643
2003
3237
2936
2514
2286
1455
3661
3792
2461
-106
686
1633
669
-1846
-2839
-700
-1088
-2160
-4312
-2826
-2275
-1647
-1799
-2460
-2005
-1815
98
148
495
-139
556
1987
2289
1262
331
1086
1769
2457
1680
1012
333
842
812
80
-574
-638
-468
-1052
-957
-1331
-803
-397
-588
-1131
-1323
-841
-40
1079
1636
1590
1472
-397
-149
2012
2484
824
-100
1852
1768
-99
-2091
-576
211
-623
-1708
-1845
-521
-1482
-1514
-2000
-1795
-1685
-741
399
-440
-758
-728
807
1185
951
364
-24
226
495
855
1011
1110
432
298
537
-38
-182
569
721
384
-186
-216
696
631
-363
-914
-395
374
426
1039
1328
2023
849
-580
1130
2104
1016
-1400
-442
442
-652
-2700
-2111
-178
-991
-1803
-2349
-955
-1015
-1180
-947
-716
-696
-594
789
967
314
-554
504
1433
1515
561
467
235
60
804
517
907
-240
-558
-809
-761
-1054
-532
330
-408
-521
-896
14
976
1119
708
829
1792
1626
1459
1667
2397
2556
390
941
2052
1579
-784
-875
613
-194
-2466
-3340
-895
-1192
-2582
-3768
-2885
-2188
-2404
-1543
-1633
-1584
-1373
519
1595
933
19
439
1823
2120
1513
1242
1456
1483
1211
619
475
430
662
254
-464
-1223
-750
-2
-522
-1315
-1902
-825
351
438
-378
-892
210
1085
2085
1940
2601
3183
1646
2345
3039
2441
-68
767
1855
616
-2543
-3297
-616
-1096
-2317
-4114
-3239
-2808
-2945
-2475
-2868
-2912
-2531
-562
383
-203
-1067
-152
1393
2049
1784
1138
1727
2419
2142
1411
1413
1718
1501
748
-198
-637
-204
345
-318
-1016
-1602
-843
-263
-176
-553
-502
340
452
1241
1975
1895
-15
1203
3400
2812
240
427
2710
2449
-508
-2315
282
1082
-72
-2068
-2474
-2494
-2781
-1662
-1848
-3155
-3820
-2273
-902
-1442
-2404
-2123
-623
410
297
-98
-217
801
1961
2121
1432
1231
1688
1732
1086
388
1048
1464
1301
757
-79
-302
5
177
-604
-839
-386
76
342
621
1042
-662
131
1874
2165
233
177
2407
1980
-158
-1848
938
1459
387
-769
-789
-632
-1663
-580
-1020
-1819
-2641
-1183
107
-1006
-1966
-2082
-854
-871
-540
-1004
-1301
-803
-455
268
-8
1
251
1216
929
197
222
957
1317
1459
1331
580
447
309
680
851
910
454
523
1326
893
-479
444
1893
749
-1136
-211
1385
265
-1614
-1239
1115
902
-623
-918
-192
-535
-752
89
-266
-1305
-1189
513
342
-1063
-1446
-573
205
113
-501
-1425
-855
-116
-148
-235
-164
-229
-259
-363
-383
412
486
-186
-238
244
1188
861
451
-231
-136
870
1508
1315
502
796
-506
383
2484
2061
-1025
-1665
1130
1521
-791
-2877
-632
1498
469
-1096
-1357
-466
-167
308
219
-1498
-1994
-57
1516
484
-1324
-1057
105
1115
401
-1066
-1358
-210
751
440
383
-7
-116
-477
-99
486
710
556
-241
-153
163
731
668
296
-440
-376
754
1301
971
295
-985
-456
1897
1830
-452
-1230
420
646
-1165
-2028
-498
620
-225
-1346
-1564
-757
-276
386
111
-1116
-1597
-171
1399
693
-269
-392
462
722
664
-430
-984
-13
214
313
-14
149
41
162
-138
193
982
892
846
309
545
361
500
620
473
379
628
970
833
1202
-760
-1246
537
1083
-926
-1615
242
225
-1666
-3025
-1068
394
-323
-1183
-1462
-652
-318
264
158
-1132
-1414
92
1575
605
-571
-533
-17
657
708
-201
-560
145
231
75
456
579
412
-238
-237
598
1178
1316
534
239
660
1136
1202
825
260
244
1187
1956
1616
170
-946
499
1421
-433
-2147
-998
686
-445
-2625
-2367
-613
-733
-1440
-2057
-2091
-1723
-607
574
-405
-1799
-1359
798
1518
449
-147
489
1064
1280
461
-257
183
112
-146
143
367
49
-265
-728
-27
411
212
514
614
923
781
955
890
1420
1338
1214
1583
1729
1719
56
943
2158
526
-2221
-1287
1442
560
-2678
-3547
-937
-130
-1062
-2305
-2533
-1798
-1199
-465
-1036
-2086
-1921
-101
871
192
-461
-127
380
794
722
195
652
1012
761
181
510
735
641
2
-91
623
672
802
168
-264
174
619
776
844
575
605
1318
1829
988
-156
1037
2386
593
-1735
-835
1120
600
-1685
-1957
-182
-64
-982
-1486
-1578
-1638
-1132
-325
-834
-2067
-1897
-348
227
-437
-835
-427
288
249
-79
-196
-494
-352
17
618
700
323
-137
37
820
1265
1364
976
941
1088
1533
1391
802
826
665
1367
1822
1730
-109
-1388
757
1962
-314
-2659
-691
562
-911
-2824
-1969
93
-325
-996
-1720
-1690
-1175
-210
203
-734
-1440
-433
1003
841
-412
-295
674
1055
461
-499
-358
-86
-83
-695
-902
-247
192
-75
-500
-298
22
717
1058
615
474
787
1529
1836
1721
1143
1182
2555
2301
850
939
2080
760
-1966
-1120
1036
0
-2821
-3011
-1059
-997
-2182
-2491
-2141
-1973
-1262
-476
-1100
-2243
-1465
811
1506
346
-410
180
1144
1398
839
849
929
499
147
135
491
439
-119
-190
520
275
-171
194
517
517
430
644
658
657
860
1210
1172
1297
489
454
2208
1888
-749
-1740
873
1662
-936
-2963
-1595
333
-590
-1784
-2843
-2795
-1967
-621
-347
-2312
-3157
-1619
662
375
-848
-962
346
1139
836
375
145
814
1424
1431
847
693
574
1118
1399
935
216
394
1307
1004
111
-154
727
1066
896
821
941
671
-285
369
1819
1435
-369
-1092
110
497
-796
-1364
-981
-673
-1061
-1155
-1324
-1897
-2011
-1459
-586
-1221
-1802
-1561
-553
-61
-518
-801
-764
-66
313
435
117
120
356
424
656
928
832
439
840
1377
1014
584
1068
1392
870
148
573
1379
1043
489
675
1054
621
190
327
439
50
-87
320
76
-601
-1001
-567
-117
-258
-746
-1144
-1107
-896
-699
-565
-868
-1347
-1315
-585
-74
-276
-858
-1311
-909
-86
356
-111
-652
-763
-113
499
470
-3
-489
146
711
746
152
210
996
1020
657
442
946
1172
984
844
783
882
1026
1288
1064
572
304
484
618
334
101
-320
-359
-297
-422
-698
-789
-722
-703
-609
-690
-762
-1093
-887
-386
-216
-473
-840
-986
-868
-467
-359
-476
-1006
-1139
-615
-265
-440
-718
-788
-579
-87
122
157
204
525
907
931
835
935
1514
1773
1575
1285
1284
1546
1578
1777
1364
817
425
572
718
206
-129
-539
-231
-285
-695
-877
-842
-636
-742
-921
-1358
-1094
-680
-412
-682
-1269
-1128
-838
-576
-582
-618
-773
-670
-664
-500
-425
-565
-474
-483
-396
-433
-92
182
143
46
332
678
537
734
1069
1245
1194
1124
1307
1544
1859
1910
1665
1197
1168
1387
1049
661
203
125
154
-113
-465
-844
-941
-1017
-940
-1087
-1320
-1381
-1394
-1230
-1135
-869
-682
-731
-840
-755
-571
-425
-401
-543
-469
-207
-49
-233
-468
-363
-131
35
99
54
100
240
443
653
533
548
601
815
920
896
1018
992
1172
1178
1275
1237
1191
955
599
489
430
589
144
-182
-331
-305
-404
-799
-927
-1051
-856
-872
-1087
-1340
-1043
-534
-669
-824
-986
-683
-438
-370
-431
-537
-446
-220
27
-101
-156
-236
-19
114
107
137
281
398
347
494
490
493
389
542
653
629
837
781
813
811
823
1079
1213
806
158
210
576
626
60
-276
-230
-218
-285
-440
-554
-655
-715
-687
-599
-688
-686
-665
-716
-800
-694
-437
-593
-838
-764
-454
-400
-636
-636
-533
-313
-316
-152
-13
-109
9
401
775
569
540
758
1025
891
615
748
1123
1320
1042
842
807
1028
925
668
380
243
164
-78
-199
-250
-156
-381
-544
-485
-486
-647
-844
-717
-504
-466
-532
-555
-498
-528
-460
-314
-415
-614
-761
-438
-243
-522
-828
-695
-298
-251
-295
-463
-275
54
190
352
365
634
718
701
742
747
991
1293
1427
1167
1072
1112
1283
1182
696
400
390
481
144
-245
-428
-433
-463
-582
-680
-894
-1035
-907
-815
-828
-861
-823
-678
-623
-520
-440
-379
-395
-403
-335
-409
-455
-331
-331
-428
-259
-19
-76
-192
-15
280
294
257
540
755
717
605
582
840
1033
887
640
746
974
1239
1062
684
484
572
702
294
-147
-247
115
-24
-287
-569
-750
-730
-779
-541
-697
-899
-864
-606
-651
-794
-551
-368
-511
-866
-773
-480
-415
-540
-690
-786
-640
-178
44
-145
-244
112
419
571
520
637
764
893
1001
965
1011
878
968
956
1053
1069
985
792
469
580
730
596
-19
-395
-299
-95
-115
-343
-676
-875
-756
-582
-541
-857
-919
-671
-442
-512
-627
-426
-302
-336
-566
-658
-553
-479
-558
-723
-704
-626
-474
-517
-384
-100
-116
-6
168
357
470
589
848
951
953
1079
1329
1271
1132
1246
1479
1502
1105
802
781
841
626
351
79
-215
-334
-343
-354
-660
-798
-817
-952
-1121
-1126
-971
-855
-890
-927
-744
-616
-548
-641
-619
-566
-486
-526
-686
-724
-534
-231
-215
-367
-392
-99
194
355
366
349
423
689
985
914
792
926
1136
1045
841
1005
1336
1363
963
713
810
929
735
428
274
206
193
55
-221
-526
-573
-451
-468
-811
-1161
-1146
-918
-855
-908
-934
-934
-888
-886
-879
-879
-831
-837
-880
-936
-820
-587
-488
-381
-254
35
227
346
475
590
689
793
997
1017
1112
1230
1323
1154
983
1151
1202
1130
910
836
762
629
374
147
179
95
-43
-198
-215
-334
-526
-474
-483
-504
-564
-645
-682
-732
-670
-576
-526
-826
-1001
-877
-750
-852
-1069
-1142
-1161
-953
-652
-501
-662
-577
-248
165
326
334
391
500
892
1010
1042
1069
1149
1091
1128
1356
1456
1255
816
843
931
888
595
304
204
90
93
19
-130
-400
-492
-406
-368
-478
-669
-621
-505
-492
-585
-546
-499
-534
-781
-789
-614
-715
-853
-993
-925
-896
-786
-729
-700
-623
-413
-84
10
75
192
412
548
553
656
905
1143
1113
964
969
1232
1509
1305
894
717
819
873
702
432
190
23
-113
-80
-125
-419
-599
-576
-460
-524
-618
-628
-603
-619
-563
-396
-481
-635
-709
-617
-612
-659
-740
-814
-784
-713
-511
-495
-505
-376
-115
53
72
204
465
600
519
493
659
937
1044
929
758
872
1150
1287
1025
716
649
693
614
321
152
18
4
10
-77
-345
-523
-406
-398
-543
-662
-517
-398
-541
-745
-651
-413
-476
-719
-757
-608
-610
-687
-796
-815
-657
-457
-342
-376
-340
-151
89
227
335
439
581
698
742
738
811
1001
1058
921
744
912
1177
1065
669
453
475
455
299
93
-113
-308
-355
-294
-299
-469
-570
-605
-616
-626
-549
-441
-433
-511
-515
-349
-315
-404
-580
-618
-507
-450
-551
-727
-740
-561
-344
-300
-307
-243
-111
88
303
462
497
541
649
790
901
1019
1120
1045
918
936
1128
1195
923
652
629
594
437
234
90
-114
-305
-334
-363
-556
-794
-828
-843
-880
-938
-909
-876
-842
-687
-565
-562
-595
-568
-529
-488
-495
-425
-397
-389
-292
-172
-138
-135
88
248
262
183
345
550
633
667
634
699
784
973
973
847
725
865
1110
1104
815
555
549
557
537
348
162
-104
-211
-144
-192
-441
-728
-819
-787
-740
-820
-977
-1076
-982
-817
-782
-864
-955
-962
-843
-733
-732
-729
-642
-480
-305
-161
-58
56
240
391
486
579
691
804
924
1001
954
972
1059
1126
1152
1012
910
818
802
807
718
580
362
225
175
174
-12
-207
-304
-306
-354
-532
-682
-742
-740
-783
-779
-798
-800
-875
-886
-798
-824
-879
-881
-799
-783
-788
-749
-580
-397
-376
-277
-133
63
201
321
467
556
621
712
920
1089
1120
1046
1037
1169
1274
1259
1129
891
806
870
834
582
266
147
154
141
-165
-481
-618
-556
-518
-707
-860
-915
-843
-842
-856
-865
-801
-685
-694
-753
-786
-658
-521
-546
-627
-642
-480
-283
-203
-221
-232
-86
163
300
270
308
472
618
705
789
857
837
897
1038
1093
1019
962
990
917
755
640
600
510
323
181
45
-83
-241
-323
-401
-559
-740
-782
-729
-717
-752
-899
-916
-840
-728
-644
-668
-729
-697
-507
-314
-312
-395
-413
-263
-46
60
38
-52
50
292
464
443
333
354
498
653
707
655
619
639
764
830
776
681
692
659
553
472
377
332
211
85
-46
-164
-276
-309
-410
-555
-636
-663
-663
-722
-760
-744
-738
-722
-665
-581
-525
-555
-492
-374
-246
-179
-175
-193
-120
71
230
276
184
209
332
454
499
496
471
473
568
635
664
564
533
563
572
587
533
442
337
305
234
213
115
-49
-178
-235
-193
-327
-477
-574
-567
-554
-568
-607
-761
-772
-655
-534
-567
-628
-492
-354
-319
-354
-278
-97
-5
14
-4
88
221
357
378
285
292
422
587
556
490
489
537
615
614
585
532
511
515
473
392
279
222
233
185
43
-98
-157
-192
-268
-349
-466
-533
-568
-579
-588
-689
-716
-676
-592
-570
-576
-602
-525
-365
-253
-165
-201
-176
-72
86
169
198
206
289
401
435
442
447
493
511
548
571
595
562
536
582
584
477
363
339
320
225
104
38
7
-34
-78
-151
-301
-416
-418
-379
-453
-599
-660
-627
-554
-540
-589
-634
-607
-464
-307
-273
-338
-303
-181
-64
6
56
88
110
187
265
319
327
358
357
380
411
424
427
375
424
486
540
532
479
444
433
436
404
349
207
115
80
44
-51
-159
-239
-334
-419
-503
-565
-644
-690
-769
-784
-730
-679
-625
-573
-531
-464
-334
-240
-128
-33
59
97
216
372
409
376
390
505
524
483
450
449
427
350
329
338
254
158
200
263
189
88
86
154
137
80
74
66
28
0
31
12
-77
-148
-155
-169
-247
-336
-392
-463
-539
-562
-543
-537
-579
-570
-523
-441
-377
-323
-279
-189
-53
67
148
187
286
418
555
625
612
602
635
708
705
641
519
439
438
393
293
153
85
-1
-86
-185
-247
-268
-315
-339
-398
-383
-365
-338
-351
-383
-368
-342
-281
-254
-224
-241
-236
-210
-183
-192
-203
-150
-96
-60
-76
-42
-5
20
38
65
136
203
242
243
282
356
450
487
466
449
470
512
531
473
388
302
255
258
182
75
-72
-134
-179
-236
-285
-368
-421
-495
-493
-495
-496
-556
-559
-472
-405
-400
-403
-338
-265
-178
-125
-80
-94
-47
67
148
174
191
269
343
340
308
351
410
411
372
363
370
365
378
357
284
251
261
232
165
96
65
27
-33
-81
-137
-189
-235
-267
-298
-331
-349
-359
-368
-390
-373
-355
-349
-338
-307
-240
-213
-200
-149
-90
-36
-23
8
37
77
117
153
198
199
247
303
334
306
302
341
362
367
331
315
306
309
288
244
184
131
120
74
5
-95
-174
-213
-217
-250
-340
-407
-437
-408
-388
-414
-461
-465
-394
-304
-262
-247
-214
-142
-20
69
90
89
130
182
231
261
279
248
218
247
303
326
283
257
219
240
262
258
220
164
158
140
143
115
50
2
4
30
-25
-144
-191
-159
-150
-251
-324
-307
-285
-321
-377
-388
-391
-338
-317
-347
-359
-293
-169
-118
-88
-49
42
138
195
228
213
269
306
347
356
341
353
360
335
325
331
291
265
231
227
208
164
107
60
5
12
6
-63
-112
-167
-169
-155
-196
-272
-297
-308
-329
-350
-380
-380
-362
-349
-325
-338
-343
-309
-249
-199
-162
-103
-31
44
93
149
209
252
284
315
341
332
315
343
373
375
344
309
307
302
285
262
219
152
128
134
129
67
-21
-54
-56
-70
-105
-156
-195
-239
-253
-227
-259
-317
-375
-363
-338
-328
-352
-396
-382
-331
-253
-239
-235
-213
-138
-59
-3
55
97
163
221
287
301
295
321
380
406
352
334
338
351
332
298
257
214
199
159
110
76
60
46
10
-35
-89
-106
-108
-129
-151
-180
-188
-208
-196
-204
-246
-281
-288
-262
-256
-262
-296
-284
-261
-248
-235
-205
-164
-126
-80
-36
2
33
90
150
217
221
227
285
329
334
302
325
351
333
291
272
270
239
225
192
129
57
50
52
15
-58
-119
-130
-136
-146
-195
-223
-244
-219
-207
-219
-238
-239
-207
-200
-191
-190
-168
-172
-153
-116
-86
-90
-90
-49
-20
-12
1
29
30
60
106
151
148
137
186
230
229
194
209
243
244
203
179
190
199
188
135
103
74
59
39
1
-32
-62
-71
-107
-140
-153
-155
-165
-195
-209
-203
-183
-153
-147
-167
-174
-142
-97
-81
-94
-90
-49
-19
-11
-12
-5
5
33
53
46
48
75
89
71
77
112
137
122
104
113
133
138
134
125
106
120
140
133
77
49
55
47
2
-35
-37
-55
-69
-107
-119
-123
-118
-121
-139
-125
-136
-105
-88
-83
-89
-77
-31
-27
-24
-43
-15
18
32
22
-2
4
19
36
15
1
8
18
20
15
17
21
20
38
59
64
51
59
95
104
86
65
87
94
82
58
44
47
12
-17
-22
-30
-37
-44
-48
-65
-85
-68
-46
-64
-78
-70
-50
-53
-60
-30
3
-4
-24
-7
-1
6
11
17
10
-22
-24
3
-6
-42
-45
-33
-31
-28
-27
-24
-24
-9
29
32
10
8
40
61
69
75
68
59
57
83
99
70
29
32
66
75
48
12
-3
12
29
24
-10
-47
-45
-20
-16
-31
-42
-40
-27
-20
-35
-63
-65
-47
-48
-52
-59
-59
-59
-74
-76
-69
-56
-57
-44
-23
-24
-13
2
16
19
31
41
39
56
63
74
62
72
86
97
93
59
38
42
81
81
61
33
29
45
66
55
7
-4
1
15
-3
-23
-39
-51
-45
-53
-60
-76
-79
-95
-107
-108
-85
-72
-102
-133
-112
-71
-72
-76
-68
-42
-26
-10
15
16
21
44
68
71
81
101
121
115
98
121
133
124
88
66
71
78
71
45
27
20
35
27
-1
-23
-25
-26
-38
-56
-68
-75
-71
-60
-70
-76
-85
-81
-76
-79
-86
-83
-83
-85
-76
-63
-51
-60
-55
-28
-6
-9
-9
11
43
50
50
57
78
102
127
135
116
112
126
145
127
99
105
113
94
71
65
63
56
31
10
-5
-16
-28
-56
-91
-108
-100
-103
-119
-148
-148
-129
-123
-129
-148
-145
-130
-111
-113
-115
-101
-75
-60
-50
-30
-12
-2
13
35
65
82
89
93
119
150
145
141
145
160
153
146
140
128
121
123
126
102
68
57
71
67
29
-16
-17
-21
-30
-62
-101
-113
-107
-101
-120
-131
-135
-138
-139
-133
-145
-159
-142
-125
-119
-127
-126
-104
-83
-56
-42
-30
-22
-1
43
73
90
93
111
137
164
173
168
169
180
188
177
162
148
147
134
113
86
71
62
36
0
-21
-24
-41
-65
-92
-111
-117
-127
-137
-148
-157
-161
-163
-154
-155
-166
-176
-165
-153
-143
-134
-121
-108
-106
-86
-47
-21
-7
9
38
83
116
137
144
162
179
215
230
220
217
227
236
227
217
196
189
157
128
105
88
76
38
7
-26
-37
-55
-86
-121
-140
-133
-146
-164
-194
-193
-188
-192
-193
-193
-191
-189
-185
-186
-181
-166
-139
-122
-127
-123
-80
-39
-20
-24
-6
54
96
120
121
137
166
198
224
222
226
236
250
242
221
201
186
173
141
115
90
60
31
6
-14
-38
-63
-91
-117
-138
-145
-140
-153
-173
-184
-183
-166
-153
-154
-164
-153
-132
-118
-113
-100
-78
-64
-48
-31
-4
13
30
47
71
99
110
127
147
164
186
205
208
210
213
220
219
210
196
181
159
138
121
90
61
34
8
-24
-51
-68
-95
-132
-166
-168
-177
-192
-214
-218
-214
-216
-211
-210
-200
-192
-167
-148
-149
-139
-116
-86
-72
-48
-21
1
14
34
68
88
104
115
133
147
161
181
190
188
186
188
188
181
170
164
143
114
100
87
64
29
3
-26
-45
-58
-83
-111
-140
-145
-150
-155
-173
-181
-183
-173
-160
-153
-160
-158
-131
-113
-105
-107
-90
-64
-44
-31
-9
17
34
42
61
91
112
115
119
131
146
164
177
177
172
180
191
190
166
151
146
134
112
91
65
40
22
-1
-24
-57
-76
-90
-112
-133
-143
-146
-155
-160
-153
-152
-162
-153
-127
-111
-106
-104
-96
-68
-39
-26
-16
-7
7
35
65
69
65
77
101
118
118
117
123
140
146
144
144
142
143
143
136
116
105
91
76
52
35
29
4
-21
-38
-55
-80
-91
-104
-121
-145
-158
-153
-155
-160
-166
-165
-157
-153
-146
-135
-128
-121
-98
-73
-58
-55
-40
-10
12
16
23
43
60
76
80
95
103
104
116
126
130
121
120
128
125
109
94
90
85
62
33
22
18
2
-25
-48
-55
-58
-76
-100
-116
-117
-120
-134
-137
-124
-123
-138
-139
-119
-97
-97
-100
-88
-72
-51
-24
-10
-3
8
32
63
70
74
84
111
130
142
149
157
164
168
177
172
164
152
155
148
133
100
92
90
62
28
6
13
-10
-41
-64
-74
-87
-107
-110
-114
-132
-155
-146
-124
-125
-138
-135
-113
-104
-101
-86
-64
-55
-53
-27
8
20
16
30
59
77
79
90
104
112
113
132
149
146
127
126
143
138
110
88
88
77
56
24
12
0
-30
-60
-76
-88
-112
-130
-143
-153
-165
-170
-169
-172
-182
-181
-159
-142
-157
-160
-132
-106
-105
-96
-68
-46
-36
-22
9
40
55
64
80
100
116
126
132
140
153
153
146
149
156
146
137
133
124
104
91
83
61
34
19
9
-26
-49
-48
-63
-127
-152
-100
-91
-171
-203
-122
-65
-127
-192
-138
-50
-56
-112
-98
-37
-20
-43
-36
5
32
27
27
52
85
92
89
106
128
132
132
143
152
142
129
148
155
127
102
118
119
79
61
69
52
12
-3
-2
-25
-66
-70
-67
-98
-138
-132
-122
-140
-165
-155
-137
-131
-126
-127
-113
-91
-72
-63
-44
-26
-16
1
33
55
40
40
90
114
76
65
122
153
105
71
118
151
112
69
87
122
99
55
50
64
50
22
1
-4
-22
-44
-53
-63
-86
-109
-111
-106
-123
-151
-152
-137
-142
-157
-152
-134
-122
-124
-107
-90
-82
-77
-49
-23
-20
-14
19
52
45
49
79
109
101
92
113
135
121
110
117
121
110
93
85
83
75
62
50
33
23
15
8
-9
-31
-53
-57
-61
-73
-92
-98
-97
-106
-115
-113
-106
-111
-105
-92
-76
-77
-71
-45
-17
-11
-9
10
39
50
48
59
88
104
97
92
117
142
132
113
120
141
135
115
107
109
97
73
62
58
44
22
7
-11
-25
-33
-46
-65
-84
-88
-88
-107
-125
-119
-114
-124
-136
-131
-116
-117
-118
-107
-89
-76
-62
-44
-27
-9
8
29
45
60
69
80
91
104
108
109
113
115
112
108
109
105
87
77
82
74
55
35
34
24
6
-12
-16
-29
-48
-64
-69
-73
-89
-98
-103
-107
-115
-113
-109
-110
-113
-109
-99
-86
-76
-73
-68
-54
-32
-10
-2
4
19
45
60
69
83
89
99
114
118
111
111
120
123
106
95
94
86
66
53
47
37
20
7
1
-16
-33
-43
-44
-49
-63
-81
-88
-80
-82
-93
-104
-109
-102
-96
-94
-97
-95
-86
-71
-59
-51
-44
-33
-18
-4
17
32
34
37
62
87
94
84
91
110
118
111
109
116
110
97
92
98
81
60
49
47
31
13
-4
-9
-22
-41
-46
-51
-60
-72
-76
-75
-74
-77
-83
-80
-75
-77
-78
-72
-59
-63
-61
-48
-39
-35
-29
-12
-7
-8
0
33
45
30
32
59
85
80
66
76
95
96
83
82
90
84
69
71
72
50
33
35
35
8
-14
-12
-11
-35
-62
-60
-48
-59
-82
-86
-78
-75
-78
-84
-81
-74
-70
-64
-55
-51
-52
-37
-17
-17
-24
-11
15
15
1
12
42
50
31
33
60
71
59
52
62
71
66
59
59
56
50
41
39
31
20
12
2
-7
-16
-26
-34
-42
-49
-57
-67
-62
-63
-71
-78
-77
-68
-63
-62
-67
-69
-57
-35
-31
-41
-36
-4
10
-7
-9
17
34
27
21
41
50
45
43
50
61
63
57
52
54
58
60
50
49
48
41
37
33
26
11
4
6
-3
-19
-27
-21
-24
-39
-44
-38
-39
-45
-42
-39
-39
-45
-37
-34
-29
-25
-24
-20
-15
-2
6
4
7
21
27
23
21
34
46
36
30
40
51
44
29
33
42
41
27
16
23
30
22
5
1
9
8
-12
-23
-19
-14
-29
-42
-38
-34
-42
-49
-49
-41
-41
-47
-45
-41
-37
-38
-38
-32
-28
-26
-20
-20
-15
-14
-9
5
3
2
6
17
22
19
20
26
29
28
31
31
33
24
27
32
29
23
19
23
18
12
12
8
0
-4
-8
-11
-18
-25
-22
-26
-30
-30
-30
-32
-31
-26
-29
-29
-20
-15
-17
-23
-15
-1
-1
-11
-7
6
12
5
2
16
20
20
15
16
29
28
21
20
25
30
25
16
22
26
22
12
12
23
18
3
4
6
7
-2
-11
-12
-15
-17
-20
-27
-35
-32
-24
-30
-39
-32
-26
-25
-25
-23
-15
-11
-6
-1
-2
1
9
14
16
17
26
24
20
29
37
30
26
30
38
33
25
26
24
24
25
20
15
7
7
10
3
-4
-2
-5
-16
-20
-14
-15
-27
-34
-33
-29
-34
-42
-39
-33
-38
-43
-37
-27
-23
-29
-29
-13
0
-8
-9
6
15
11
12
23
26
20
21
29
30
20
19
27
23
16
15
19
10
6
8
6
1
-1
-6
-11
-11
-10
-12
-20
-24
-23
-22
-25
-28
-30
-30
-27
-26
-33
-31
-21
-17
-23
-26
-11
-3
-7
-9
1
10
13
15
25
29
26
34
47
47
36
40
53
53
39
33
43
47
32
22
28
34
21
7
4
16
11
-4
-14
-7
-6
-16
-20
-21
-24
-32
-29
-27
-34
-43
-36
-29
-32
-37
-31
-21
-22
-27
-16
-8
-10
-9
-2
5
2
3
16
24
17
14
24
37
31
19
24
37
36
23
18
28
29
17
11
15
14
5
0
0
-1
-7
-9
-9
-12
-14
-14
-16
-19
-25
-26
-24
-23
-28
-33
-28
-22
-22
-25
-22
-15
-12
-12
-8
-4
0
3
8
10
11
16
24
22
19
24
30
29
22
23
29
26
21
20
21
16
10
10
10
1
-5
-7
-5
-5
-17
-19
-14
-13
-18
-23
-22
-19
-20
-25
-24
-21
-21
-23
-20
-18
-20
-13
-9
-13
-13
-6
2
1
-4
0
13
13
10
12
17
20
17
20
22
19
20
21
21
17
14
15
16
11
7
6
4
1
-3
-4
-6
-6
-8
-13
-9
-11
-15
-12
-9
-9
-15
-16
-7
-5
-11
-9
-4
1
-3
-3
5
8
6
5
9
17
17
13
14
19
24
24
16
19
21
25
23
17
13
14
16
14
7
2
3
2
-3
-11
-11
-11
-14
-18
-20
-21
-20
-18
-18
-23
-23
-15
-11
-17
-20
-13
-3
-6
-14
-8
3
3
-3
-1
12
13
7
6
16
22
18
14
18
23
22
20
18
22
23
16
14
19
19
10
6
9
11
2
-5
-4
-6
-11
-17
-18
-21
-21
-26
-28
-29
-28
-25
-28
-33
-25
-17
-18
-24
-20
-12
-7
-8
-10
-6
-1
1
2
6
6
9
10
10
15
17
16
17
20
19
18
16
19
21
14
9
12
13
6
-2
1
3
-4
-11
-10
-10
-13
-18
-19
-20
-24
-22
-24
-28
-29
-27
-21
-23
-28
-26
-18
-13
-14
-16
-12
-3
3
-1
1
9
8
11
15
19
20
17
19
26
28
26
27
31
32
29
33
31
28
28
27
25
21
14
14
11
5
1
-1
-3
-9
-11
-16
-15
-14
-16
-20
-19
-16
-17
-22
-21
-12
-13
-19
-18
-10
-7
-10
-8
-5
1
5
4
6
8
15
18
10
13
22
21
12
13
23
27
13
11
18
26
18
10
15
15
10
7
1
-1
-2
-11
-16
-21
-22
-24
-30
-34
-36
-35
-33
-35
-35
-35
-33
-28
-27
-27
-26
-21
-18
-19
-16
-13
-11
-6
-3
0
4
4
10
14
13
15
19
20
18
16
18
18
16
14
12
14
12
7
9
8
5
3
1
1
-1
-7
-9
-8
-14
-19
-19
-18
-23
-28
-27
-18
-21
-25
-20
-12
-9
-11
-7
3
2
2
10
15
14
15
19
26
27
26
30
34
37
35
37
42
42
40
40
38
41
35
31
31
26
21
21
15
11
8
3
1
1