-6
-5
-6
-3
-8
-1
-6
-10
0
-12
-5
-3
-4
-7
-7
-3
-2
2
-4
-1
-1
1
3
1
2
-2
-1
0
1
2
5
-1
2
7
1
5
8
6
11
4
1
5
4
6
4
2
3
4
3
10
9
3
7
3
7
8
4
1
5
4
4
7
4
6
6
3
3
5
5
3
7
6
-1
6
10
2
3
4
7
2
3
0
2
9
1
-2
1
5
6
4
-1
-1
2
0
4
6
-3
0
0
4
2
0
0
4
-1
-6
4
-5
2
1
2
-1
-3
2
-1
-2
-7
-4
-3
-1
-3
-8
-5
-3
-8
-6
-4
-4
-8
-9
-7
-8
-4
-7
-7
-7
-10
-8
-9
-11
-11
-5
-6
-10
-7
-7
-11
-8
-3
-6
-7
-5
-9
-9
-7
-7
-8
-8
-6
-3
-9
-5
0
-5
-5
-3
-1
0
1
-5
-1
-1
0
0
0
4
-1
0
1
3
5
6
5
4
6
2
5
4
1
7
7
6
6
2
3
9
7
-1
2
8
4
2
3
11
8
6
5
2
4
6
9
7
2
3
1
5
4
4
9
4
4
2
9
9
12
8
4
3
-1
3
1
2
1
-2
3
1
7
13
1
5
7
6
5
3
5
1
-5
-3
2
0
1
5
7
3
4
5
1
1
1
-1
-1
0
-1
-6
-6
0
0
-2
-10
-6
-5
-2
-2
-7
-3
-4
-7
-7
-3
-5
-8
-9
-2
-3
-9
-3
-7
-4
-2
-7
-7
-7
-7
-5
-2
-3
-3
-2
-3
-9
-7
-3
-4
-5
-7
-8
-8
-8
-5
-2
-5
-6
-5
-5
-3
-3
-7
-9
-3
-4
-5
-6
-5
-3
1
1
-4
-1
-5
4
5
-4
-2
-1
3
2
2
-2
-2
0
2
7
3
0
5
8
3
1
4
3
3
2
1
0
2
6
7
8
9
7
3
8
8
6
7
5
8
5
8
4
7
16
4
8
8
9
10
7
8
7
4
6
4
1
5
8
4
-1
5
4
4
5
2
2
3
0
-3
-3
2
6
1
0
1
0
2
-2
1
-2
2
-1
-3
-1
0
3
3
2
2
0
-7
-1
-1
-6
-3
-1
5
0
-1
1
-1
-1
1
-1
-5
-6
-11
-4
-4
-2
1
0
0
-3
2
-1
-5
-8
2
-2
-3
-5
-2
-3
-10
-2
-5
-2
-4
-8
-4
-7
-5
-4
-2
-2
-12
-6
-7
-7
-3
-11
-8
-8
-6
-6
-4
-3
-2
-1
-5
-2
-5
-4
0
1
0
-1
-1
-7
1
-1
-3
-4
-1
1
-2
5
0
-2
2
0
5
-1
-3
0
1
-1
-4
0
2
3
-2
8
3
0
3
-4
0
4
2
3
-5
1
3
0
-1
1
8
1
4
2
-3
2
2
4
-5
2
5
0
1
2
4
5
4
1
12
5
-2
-1
4
0
1
3
0
3
2
3
6
6
4
3
0
10
7
1
7
5
7
10
4
2
6
5
7
6
2
2
7
12
4
4
3
3
4
0
-4
2
-6
-3
-3
-9
-2
-3
-7
-3
2
-3
-9
-7
-3
-6
-1
-5
-7
-4
-6
-8
-6
-5
-5
-2
-7
-8
-3
0
-2
-2
-4
-2
-5
-4
-9
-11
-5
-2
-7
-9
-5
-2
-5
-9
-10
-6
-5
-8
-5
-4
-6
-4
-8
-4
-4
-7
-3
-4
-4
-11
-3
-8
-9
-2
0
-3
-1
0
-4
-1
-4
-3
-3
-2
-4
-9
0
3
-5
1
4
6
4
-3
4
5
4
8
8
6
8
9
6
8
10
3
6
7
10
9
5
8
9
10
8
6
3
8
10
8
6
-5
0
-1
1
7
3
4
1
4
4
1
5
4
1
11
7
7
6
8
10
5
7
6
8
5
8
2
5
5
2
5
4
4
-2
1
3
-3
-4
2
1
-1
-2
-5
0
-2
-7
-1
2
-5
1
-1
-4
-5
-6
-3
-1
-4
-4
-7
-4
-1
-11
-4
0
-2
-1
-3
-3
-5
-3
-4
-8
-5
-5
-10
-10
-5
-5
-4
-11
-11
-8
-12
-13
-9
-4
-6
-8
-3
-4
-8
-7
-10
-4
-5
-4
-7
-3
-3
-4
-4
-9
-4
1
0
-4
0
3
-3
-7
-4
6
1
-2
3
2
2
-1
2
2
1
3
-2
2
0
1
4
0
4
6
3
10
4
8
12
8
7
13
9
1
8
6
9
9
12
8
8
5
8
11
7
10
8
10
5
7
5
4
6
5
1
4
4
0
-4
0
1
0
0
0
6
-4
0
2
2
-2
2
-3
-2
1
-1
4
0
-1
4
5
2
2
5
11
1
3
3
0
4
-2
-6
1
4
0
1
1
1
3
2
-2
-6
1
-4
-7
-3
-2
-1
-7
-7
-7
-2
-6
-10
-4
-10
-6
0
-10
-3
-4
-8
-7
-2
-2
-9
-7
-3
-2
-7
-9
-9
-5
-5
-8
-10
2
-1
-5
-4
-8
1
-3
-3
-2
0
-1
-2
-1
-5
-2
-7
-6
-8
-2
-4
-6
0
0
1
0
0
-5
1
-4
-1
2
1
0
1
-2
-6
-6
-6
4
-5
2
9
6
9
8
11
5
6
4
6
10
0
5
5
6
2
7
7
6
3
4
10
7
9
2
7
5
2
4
-1
7
5
3
2
-3
-2
-1
-1
-2
7
3
2
2
0
6
2
4
3
1
0
-5
-3
-2
2
1
3
-1
4
-5
0
1
-2
1
-1
6
3
2
-6
-4
1
-1
0
-1
5
4
2
1
4
3
7
-1
1
2
-1
4
6
0
0
3
-2
-4
0
3
-6
-5
-5
-8
-8
-5
-3
-4
0
-8
-4
-5
-3
-5
-4
4
-3
-1
-10
-3
-2
0
-2
-2
1
-9
-7
-3
2
-3
-1
-4
-6
0
0
2
-3
-2
-4
-5
-6
-5
3
-1
-4
-5
-5
-2
-2
3
-3
-6
-8
-6
-4
-2
3
3
1
-1
0
-7
1
-2
1
3
-5
-1
2
-4
-8
-6
-1
-1
2
-3
-4
-4
-2
0
2
3
-1
5
9
4
1
3
5
6
0
-1
4
0
3
8
6
7
5
8
2
3
6
7
3
1
10
7
1
6
7
2
9
10
10
3
2
8
2
3
3
7
4
-2
-3
8
0
3
7
-2
2
3
3
3
5
6
13
11
9
10
1
4
4
8
2
1
5
4
0
-3
-4
0
4
-4
4
-1
-7
-1
-11
-7
-6
-7
-7
-8
-3
-5
-4
-6
-5
-3
-4
-1
-4
-10
-7
-2
-3
2
2
3
1
1
0
-3
1
-1
-11
-6
-6
-7
-4
-10
-8
-6
-5
-7
-1
-4
-9
-6
-6
-8
-6
-4
-4
2
-2
-4
-2
4
2
-1
-3
-1
-3
-5
-2
0
-2
-6
2
-3
-3
-1
-3
2
2
2
2
2
0
-6
-7
-3
-1
-2
-3
-1
-5
0
-2
-1
4
-1
2
6
5
4
2
3
3
5
3
0
2
2
4
3
5
3
4
7
7
6
6
5
10
13
3
5
5
5
3
3
2
3
1
-1
5
3
2
4
2
2
4
3
4
2
6
6
6
9
11
14
12
9
11
14
13
8
13
6
7
7
4
5
2
1
0
-6
-17
-9
-18
-20
-20
-26
-19
-18
-20
-23
-19
-12
-16
-14
-13
-14
-10
-3
-4
-6
-1
2
7
7
6
6
3
9
6
4
7
2
5
2
8
6
0
3
1
6
6
8
7
3
3
4
5
5
4
12
-1
0
-1
-3
-4
-5
0
-9
-5
-4
-7
-12
-8
-5
-5
-8
-10
-13
-15
-13
-13
-15
-16
-19
-13
-12
-21
-16
-12
-17
-17
-12
-11
-10
-8
-7
0
4
5
9
17
14
15
22
26
32
28
30
31
29
28
23
31
27
18
21
19
13
12
1
2
4
1
-7
-5
-12
-11
-8
-15
-16
-21
-15
-18
-22
-26
-25
-28
-31
-28
-31
-34
-32
-28
-31
-34
-27
-24
-22
-13
-9
-8
0
14
19
23
28
32
40
54
52
58
65
64
64
60
64
61
60
53
40
39
34
30
18
13
8
5
-4
-12
-16
-31
-30
-35
-37
-36
-43
-45
-47
-52
-56
-57
-62
-61
-67
-67
-67
-64
-60
-58
-57
-54
-46
-40
-38
-31
-19
-18
-1
5
11
25
41
43
53
68
70
74
72
82
84
84
88
86
89
85
80
82
78
76
68
64
61
54
50
42
35
30
14
2
-12
-24
-45
-65
-81
-100
-119
-139
-154
-165
-187
-196
-206
-213
-212
-211
-202
-193
-179
-162
-141
-108
-88
-54
-15
12
56
92
116
148
179
208
225
246
267
272
288
289
290
285
278
264
247
234
210
187
155
127
96
69
36
2
-34
-64
-102
-141
-174
-204
-237
-269
-292
-315
-333
-347
-349
-347
-337
-320
-299
-274
-250
-211
-166
-125
-72
-22
22
66
108
144
174
201
219
238
245
245
238
219
204
181
152
126
97
68
41
16
-3
-17
-24
-27
-22
-13
-8
20
44
72
105
135
169
197
220
237
245
249
249
230
209
170
132
79
17
-50
-120
-199
-267
-329
-399
-453
-500
-536
-554
-567
-558
-536
-504
-458
-397
-322
-237
-145
-57
32
126
216
296
370
428
486
526
552
570
565
555
519
478
424
358
289
216
141
59
-21
-97
-171
-236
-294
-350
-391
-420
-442
-454
-446
-432
-407
-376
-327
-278
-224
-162
-99
-30
32
102
164
219
268
305
347
386
402
413
416
407
388
350
314
273
217
151
85
18
-50
-120
-186
-246
-307
-356
-392
-423
-430
-428
-421
-389
-355
-307
-252
-194
-116
-50
18
100
169
228
286
322
349
377
383
378
358
322
281
226
169
102
27
-41
-110
-173
-226
-271
-310
-332
-346
-342
-323
-295
-245
-188
-126
-51
24
100
182
255
326
386
432
466
483
482
462
432
375
306
233
133
42
-56
-154
-253
-346
-418
-482
-533
-563
-574
-574
-555
-515
-462
-395
-307
-221
-130
-36
58
143
230
303
363
419
447
466
463
446
422
383
330
269
197
119
41
-42
-111
-188
-265
-322
-377
-424
-456
-472
-478
-470
-451
-409
-360
-303
-239
-157
-69
24
119
204
297
384
472
539
600
649
678
693
698
679
644
600
528
457
357
241
129
2
-125
-255
-381
-499
-609
-710
-786
-842
-883
-898
-892
-862
-809
-738
-647
-532
-416
-282
-130
10
154
286
424
547
649
738
800
846
866
864
827
785
715
622
513
394
268
123
-12
-138
-264
-382
-483
-567
-631
-675
-696
-687
-652
-603
-527
-435
-327
-202
-72
57
196
320
429
530
602
665
688
690
668
610
532
433
323
193
49
-95
-234
-363
-486
-582
-663
-724
-754
-760
-742
-704
-627
-536
-425
-306
-177
-31
100
229
352
466
560
633
684
715
722
709
676
620
553
463
355
242
122
-11
-134
-257
-377
-489
-597
-686
-754
-805
-839
-848
-838
-806
-749
-667
-570
-462
-327
-183
-38
128
288
438
575
705
821
922
998
1044
1079
1073
1033
973
876
758
621
456
283
97
-98
-288
-466
-639
-789
-907
-1014
-1084
-1117
-1120
-1098
-1049
-966
-851
-711
-551
-375
-200
-8
173
359
527
674
811
922
1003
1050
1078
1070
1036
971
875
765
620
458
284
93
-92
-287
-481
-657
-815
-953
-1071
-1154
-1198
-1213
-1195
-1144
-1045
-921
-757
-572
-363
-135
92
328
558
776
974
1143
1281
1384
1441
1462
1435
1362
1252
1101
927
716
478
240
-15
-262
-507
-725
-916
-1078
-1208
-1301
-1349
-1361
-1337
-1266
-1164
-1030
-864
-687
-492
-294
-89
111
294
463
614
748
858
938
986
1010
1006
980
929
851
750
634
500
353
185
20
-148
-313
-480
-643
-786
-916
-1019
-1101
-1148
-1175
-1152
-1095
-1017
-896
-749
-583
-383
-166
58
287
519
732
933
1115
1270
1395
1468
1513
1511
1461
1370
1237
1073
863
636
385
115
-149
-411
-665
-898
-1101
-1266
-1398
-1489
-1533
-1528
-1482
-1397
-1273
-1110
-921
-714
-484
-254
-15
215
441
652
833
998
1127
1227
1303
1340
1331
1298
1232
1132
1009
852
679
485
266
43
-189
-418
-648
-862
-1052
-1232
-1372
-1483
-1555
-1582
-1566
-1505
-1392
-1233
-1042
-815
-549
-266
29
334
625
915
1184
1421
1627
1787
1901
1961
1968
1926
1816
1658
1444
1196
927
613
282
-51
-385
-700
-990
-1250
-1474
-1652
-1775
-1856
-1878
-1843
-1754
-1631
-1462
-1248
-1016
-764
-494
-224
42
301
541
768
971
1141
1273
1372
1433
1455
1441
1386
1305
1188
1039
856
656
434
197
-46
-294
-540
-773
-996
-1198
-1355
-1488
-1579
-1631
-1628
-1585
-1493
-1351
-1166
-942
-697
-414
-117
193
498
798
1082
1340
1565
1748
1886
1969
1997
1969
1882
1750
1553
1316
1032
718
375
27
-323
-674
-989
-1293
-1537
-1746
-1894
-1978
-2006
-1980
-1896
-1750
-1561
-1323
-1056
-763
-462
-154
155
456
727
984
1198
1379
1530
1616
1663
1667
1633
1552
1432
1276
1092
874
640
381
111
-156
-428
-700
-961
-1183
-1388
-1562
-1694
-1783
-1821
-1805
-1742
-1626
-1459
-1242
-982
-705
-387
-54
277
613
935
1240
1517
1755
1950
2095
2187
2216
2188
2088
1934
1723
1453
1139
794
408
12
-372
-759
-1125
-1455
-1736
-1968
-2133
-2236
-2273
-2242
-2153
-1989
-1774
-1516
-1210
-881
-522
-162
193
543
869
1165
1422
1625
1790
1902
1953
1950
1899
1801
1649
1453
1223
961
670
361
25
-310
-641
-972
-1281
-1561
-1805
-2015
-2153
-2235
-2246
-2191
-2063
-1868
-1622
-1310
-950
-566
-163
257
666
1063
1439
1773
2054
2291
2479
2592
2635
2601
2501
2325
2079
1773
1404
987
529
56
-423
-898
-1347
-1762
-2124
-2413
-2631
-2767
-2811
-2774
-2651
-2460
-2190
-1846
-1460
-1039
-606
-141
306
729
1130
1483
1799
2039
2218
2342
2400
2389
2323
2195
2015
1787
1511
1206
853
481
80
-324
-740
-1145
-1526
-1885
-2193
-2447
-2625
-2731
-2755
-2687
-2539
-2306
-1987
-1614
-1183
-715
-225
280
781
1255
1703
2105
2460
2751
2967
3122
3191
3167
3062
2863
2587
2219
1775
1285
720
130
-474
-1076
-1650
-2189
-2649
-3034
-3330
-3515
-3582
-3543
-3382
-3116
-2752
-2303
-1798
-1231
-651
-54
533
1089
1600
2046
2427
2722
2948
3082
3136
3107
2992
2802
2541
2214
1830
1395
898
380
-167
-719
-1264
-1787
-2268
-2698
-3053
-3307
-3460
-3500
-3422
-3233
-2934
-2532
-2042
-1492
-887
-270
362
994
1571
2111
2590
3000
3328
3566
3724
3781
3735
3580
3328
2979
2546
2015
1411
733
9
-729
-1480
-2185
-2842
-3421
-3894
-4241
-4425
-4459
-4352
-4088
-3700
-3174
-2545
-1847
-1095
-336
418
1143
1823
2434
2957
3375
3683
3889
3997
3982
3852
3630
3289
2862
2355
1788
1160
474
-238
-959
-1649
-2322
-2925
-3459
-3909
-4233
-4420
-4459
-4344
-4092
-3687
-3169
-2522
-1772
-980
-154
660
1459
2212
2882
3471
3944
4301
4538
4665
4682
4587
4356
4001
3527
2953
2287
1516
679
-246
-1206
-2160
-3062
-3885
-4602
-5179
-5582
-5770
-5729
-5479
-5031
-4405
-3631
-2730
-1742
-695
330
1313
2226
3043
3764
4349
4789
5069
5195
5174
5014
4716
4283
3720
3037
2264
1417
528
-404
-1343
-2283
-3163
-3938
-4604
-5127
-5509
-5709
-5704
-5511
-5096
-4501
-3747
-2857
-1882
-812
295
1372
2381
3282
4066
4711
5194
5521
5666
5651
5484
5192
4797
4285
3639
2880
2023
1105
106
-960
-2037
-3128
-4177
-5131
-5918
-6492
-6844
-6944
-6777
-6311
-5551
-4588
-3451
-2202
-890
420
1669
2846
3875
4729
5375
5841
6147
6268
6200
5936
5508
4948
4231
3383
2438
1395
266
-893
-2020
-3059
-4012
-4893
-5598
-6082
-6356
-6417
-6278
-5899
-5350
-4649
-3764
-2754
-1626
-481
632
1741
2818
3800
4608
5240
5696
5941
5996
5869
5574
5130
4504
3786
3022
2273
1453
540
-384
-1294
-2190
-3106
-3935
-4702
-5407
-6011
-6404
-6511
-6351
-5984
-5386
-4531
-3398
-2125
-816
541
1814
2955
3926
4761
5411
5805
5942
5864
5684
5393
4934
4295
3555
2719
1783
778
-248
-1277
-2360
-3405
-4292
-4941
-5371
-5643
-5752
-5542
-5111
-4520
-3778
-2945
-2037
-1207
-368
502
1357
2124
2711
3226
3749
4177
4432
4528
4519
4341
3951
3484
2936
2310
1552
778
100
-418
-880
-1384
-1806
-2163
-2408
-2701
-2938
-3132
-3421
-3707
-3905
-3885
-3658
-3340
-2905
-2260
-1368
-312
667
1679
2595
3269
3734
4069
4313
4285
3999
3566
3129
2727
2282
1686
1117
572
-92
-777
-1384
-1901
-2553
-3200
-3605
-3736
-3698
-3536
-3304
-2826
-2170
-1557
-882
-268
320
619
804
1110
1360
1514
1535
1544
1707
1875
1952
1968
1924
1852
1556
1269
1090
845
512
182
76
177
314
279
216
145
15
-354
-799
-1222
-1925
-2731
-3403
-3739
-3783
-3697
-3437
-2860
-1964
-902
43
987
1872
2353
2627
2885
3129
3123
2906
2713
2579
2529
2438
2172
1863
1437
727
-33
-706
-1383
-2250
-3016
-3418
-3526
-3398
-3069
-2560
-1939
-1263
-708
-172
262
456
360
232
291
316
342
453
686
994
1331
1598
1837
1939
1853
1584
1330
1182
939
744
673
809
1038
1170
1101
951
657
131
-631
-1426
-2235
-3255
-4142
-4655
-4689
-4377
-3853
-3086
-2005
-775
323
1244
2091
2736
2893
2986
3138
3194
3074
2866
2748
2630
2452
2052
1480
802
-16
-1053
-1934
-2570
-3126
-3557
-3612
-3258
-2666
-1888
-1104
-318
277
748
915
936
864
542
235
2
5
58
133
307
530
725
832
808
800
722
510
410
450
732
1017
1403
1876
2397
2421
1973
1452
822
20
-1230
-2159
-3062
-4044
-4761
-4970
-4528
-3882
-3250
-2397
-1219
78
975
1549
2363
2785
2775
2826
3176
3376
3116
2805
2568
2288
1798
1024
30
-730
-1629
-2549
-2917
-2930
-2932
-2930
-2445
-1588
-740
48
712
807
1110
1113
898
778
373
32
-621
-697
-512
-528
-311
-204
-220
82
343
501
621
742
897
935
1524
2242
2646
3026
3327
2870
2039
1172
104
-916
-2176
-3030
-3976
-4677
-4955
-5206
-4651
-3740
-2978
-1961
-518
917
1871
2396
3272
3557
3430
3446
3288
3194
2636
2013
1577
1077
434
-495
-1308
-1683
-2340
-2939
-2981
-2772
-2579
-2357
-1583
-486
279
776
1544
1929
2089
1779
1346
1072
210
-438
-1012
-1122
-962
-1298
-1173
-621
-247
-191
-190
265
556
462
884
1452
2063
2535
2916
3464
3800
3135
1504
180
-788
-1682
-2991
-3514
-3945
-4865
-5310
-5061
-4011
-2925
-2120
-1146
400
2074
3181
3540
4143
4173
3371
2929
2769
2525
1610
623
34
-353
-671
-1292
-1874
-2156
-2574
-3014
-2728
-2122
-1679
-1373
-555
356
1355
2040
2266
2219
1737
1278
475
147
-421
-1147
-1369
-1352
-1190
-930
-463
-317
-459
-238
168
497
981
1336
1732
2290
2932
3321
3627
3780
2393
497
-904
-1701
-2594
-3460
-3633
-4166
-4631
-4878
-4473
-3533
-2477
-1737
-734
1189
3099
4026
4367
4779
4399
3438
2790
2516
1820
642
-392
-858
-1019
-1347
-1908
-2388
-2548
-2923
-3068
-2486
-1688
-1217
-973
130
1399
2268
2555
2483
2210
1354
603
163
-37
-573
-1206
-1345
-1009
-745
-650
-574
-552
-531
-424
121
934
1524
1817
2251
2896
3304
3358
3347
2869
960
-939
-2022
-2578
-3079
-3587
-3470
-3867
-4322
-4459
-4047
-3058
-2053
-1305
297
2695
4386
4808
4683
4746
3686
2357
1869
1460
636
-311
-848
-715
-772
-1278
-2204
-2811
-2843
-3207
-3057
-2092
-1183
-823
-42
1360
2483
2721
2258
1933
1319
715
335
222
227
-478
-934
-866
-719
-732
-1111
-1334
-1097
-552
152
989
1934
2316
2464
2753
3311
3220
2917
2177
-159
-1726
-2644
-2786
-3189
-3383
-2993
-3689
-3938
-3919
-3529
-2603
-1699
-818
863
3228
4723
4551
4172
3959
2800
1827
1497
1342
822
211
-14
-3
-216
-1115
-2453
-3116
-3166
-3289
-2990
-2280
-1123
-376
456
1571
2229
2381
1677
1306
1108
964
853
628
431
-212
-818
-1325
-1314
-1311
-1638
-1462
-671
416
1326
1856
2602
2840
2799
3162
3179
3750
2060
-641
-2270
-3264
-3177
-4012
-3527
-3324
-4091
-4245
-4046
-2963
-1853
-1196
-433
1630
3849
4742
4055
3848
3316
1919
1539
1820
1684
1074
549
438
372
-30
-1100
-2532
-2929
-3035
-3018
-2541
-1522
-1124
-824
-23
716
1432
1243
1100
972
988
1237
953
1087
694
-250
-496
-748
-858
-1051
-973
-310
231
1270
1761
2136
2522
2642
2887
3160
3142
614
-1548
-2692
-3090
-3264
-3519
-2937
-3731
-4262
-4067
-3501
-2367
-1568
-1027
317
2461
4056
3966
3366
3230
2392
1711
1881
2085
1511
716
224
78
-202
-1010
-1974
-2653
-2284
-1954
-1897
-1496
-799
-364
30
561
1189
1445
807
745
852
1157
1079
342
110
-352
-676
-622
-743
-550
-474
-226
620
1400
1910
1632
1559
1931
2271
2448
2825
2047
-940
-2759
-3662
-3262
-3313
-3187
-2504
-3286
-3176
-3114
-2724
-1762
-1113
-459
1057
3042
4118
3149
2370
2350
1833
1777
1991
2040
1468
904
509
275
-475
-1620
-2791
-3116
-2418
-2000
-1639
-1255
-442
59
605
1154
1511
1276
516
764
1005
1109
816
306
-139
-573
-751
-853
-675
145
638
1120
2047
2537
2681
2220
2659
2833
3021
2279
-964
-2613
-4037
-4003
-4445
-4182
-3280
-4362
-4388
-3929
-2884
-1833
-950
-26
1871
3617
4232
3036
2137
1900
1237
1599
2391
2623
1929
1503
1060
668
-476
-1683
-2797
-2889
-2129
-1777
-1470
-1418
-1041
-1049
-302
318
975
1035
742
1318
1462
1681
1052
373
-262
-698
-564
-341
151
845
1211
1529
2040
2168
2237
1844
2143
2618
3056
2597
-817
-2682
-3854
-3728
-3888
-3723
-2896
-4075
-4380
-4202
-3332
-2514
-1740
-911
984
3354
4056
3206
2111
2184
1590
1695
2595
2926
2514
2058
1544
902
-497
-2114
-3237
-3691
-2679
-2401
-2104
-1601
-1086
-476
-51
360
907
969
1054
1464
1657
1799
924
186
-205
-415
-511
-258
19
864
1549
2312
2751
2990
3087
2702
2842
3275
2962
-470
-3148
-4478
-4392
-4120
-3918
-2797
-3328
-3592
-3547
-2942
-1947
-1286
-1025
152
2392
3608
2781
1432
1273
1009
1235
2054
2743
2358
1966
1630
1175
315
-947
-2012
-2814
-2243
-1795
-1713
-2175
-1886
-1492
-979
-342
223
858
894
1290
1175
1200
864
131
-590
-546
-131
157
585
1451
2226
2600
2679
2780
3051
2979
3205
3271
3638
1126
-2105
-3842
-4499
-4400
-4873
-3993
-3986
-4264
-4025
-3590
-2480
-1334
-404
552
2656
3828
3139
1604
1260
1169
1306
2066
2753
2304
1955
1611
647
-404
-1795
-2489
-3039
-2365
-1568
-1563
-1734
-1641
-1100
-271
401
624
850
1077
1629
1599
1094
400
-728
-1466
-1574
-1157
-283
241
1096
2037
2725
3098
3562
3774
4117
4243
4620
3671
42
-2351
-4208
-4202
-4397
-4028
-3667
-4367
-4561
-4624
-3877
-2700
-1264
-665
1309
3251
3771
2582
1593
1544
1081
1640
2782
3023
2206
2002
1285
389
-1022
-2059
-2555
-2779
-1731
-2067
-2350
-2305
-2137
-1626
-751
424
1053
1275
2127
2852
2538
1921
665
-356
-853
-1097
-898
-556
-71
579
1056
1410
2174
2140
2879
3583
4482
4353
1124
-852
-2551
-2870
-3458
-3346
-3095
-4056
-4735
-4969
-4200
-3141
-1473
-547
1214
3272
3501
2280
1132
1203
1158
1767
3157
3589
2819
2373
1201
-164
-1574
-2639
-2941
-2973
-1697
-1451
-1846
-1767
-1759
-1597
-1015
-107
830
1323
1951
2601
2309
1847
886
-40
-384
-389
-214
-81
309
1043
1245
1398
1978
1957
2348
2831
3632
2227
-698
-1878
-2944
-3019
-3383
-2652
-2805
-3723
-4268
-4282
-3298
-2209
-1226
-570
1553
3021
2620
1759
1601
1683
1759
2865
3904
3553
2529
1951
664
-427
-1453
-2164
-2636
-2513
-2392
-2671
-2661
-2433
-2336
-2291
-964
170
1139
1796
2623
2949
2514
2035
1459
601
105
70
246
685
1093
1455
1429
1655
1775
2110
2424
2947
910
-974
-1344
-1479
-1898
-2775
-2358
-3362
-4987
-5528
-5146
-3774
-2250
-977
180
1972
2440
1535
500
873
916
1773
3543
4670
4017
3169
2552
851
-293
-1203
-1424
-1659
-1589
-2143
-3090
-3110
-3094
-3245
-2626
-1120
60
1040
1744
2278
2323
2285
2230
1707
1561
1354
1043
877
697
727
566
1025
1369
1795
2555
3248
3273
464
-1470
-2238
-2331
-2686
-2919
-2212
-3074
-4455
-5270
-4967
-3458
-1917
-683
543
2143
2281
1151
430
361
249
1381
3510
4449
3880
2928
1896
186
-612
-1064
-1367
-1383
-1313
-1648
-1988
-2191
-2835
-3619
-3264
-1899
-912
577
1809
2518
2291
2315
2447
2424
2278
2316
2401
2302
2138
1477
1275
1157
1036
1126
1689
2233
-61
-1974
-2253
-2085
-2715
-3130
-2036
-2395
-3956
-4995
-4697
-3325
-2062
-1228
-66
1777
1833
810
602
1505
1551
1781
3512
4357
3833
2892
2068
581
-602
-1245
-1538
-1420
-1590
-2582
-3164
-2861
-2699
-3192
-2777
-1457
-783
314
1246
1935
1597
1646
1545
1620
2179
2759
2771
2703
2964
2803
3023
3027
3182
2555
2618
924
-1685
-2508
-2465
-2762
-3615
-2920
-2579
-4236
-5740
-6079
-4902
-2818
-1466
-495
1082
2283
1343
452
983
1576
1464
2858
4607
4732
4064
3220
1868
638
162
-516
-1064
-1234
-2087
-3699
-4006
-3824
-4168
-4144
-2663
-1243
-255
772
1113
980
1323
1708
1294
1634
2345
2837
2893
3040
2887
2453
2632
3001
3041
3341
2171
-410
-1348
-1439
-1951
-3181
-3042
-2547
-4114
-5355
-5705
-4786
-3186
-2071
-1162
438
1526
607
-551
-109
897
1115
2647
4252
4353
4022
3721
2604
1356
872
572
30
-334
-487
-1959
-2882
-3417
-4178
-4339
-3470
-2739
-1494
-23
773
671
667
1453
1223
1306
2390
3195
3455
3351
2954
2471
2716
2958
2819
2282
781
-820
-1221
-1162
-2112
-3187
-3052
-3048
-4788
-5855
-5653
-4048
-2056
-906
-154
939
1329
333
-145
692
1546
2084
3273
3905
3262
2914
2174
825
108
-138
-163
-168
180
-456
-1737
-1961
-2201
-3130
-2818
-2123
-1199
-333
415
522
425
934
1223
884
1305
2046
2426
3155
3482
3303
3211
3515
3276
891
-902
-593
-274
-891
-1688
-1553
-2102
-4299
-6026
-6505
-5917
-4177
-2808
-1602
-299
-145
-726
-981
121
934
1825
3860
4992
4352
4125
3952
2631
1364
820
424
-192
13
-414
-1944
-2531
-2835
-3561
-3661
-2833
-1879
-798
591
1146
992
1203
1556
1102
1434
2464
2815
3173
3383
3226
2647
2548
2559
1127
-571
-528
-582
-1222
-1723
-1855
-1852
-3572
-4775
-5506
-4959
-3613
-2368
-1517
-518
-392
-1187
-1473
-963
-154
461
2025
3182
3245
3443
3327
2311
1262
1247
1282
1257
1507
1083
-125
-932
-1371
-2410
-3161
-2741
-2192
-1436
-414
304
344
591
948
776
1136
2165
2811
3140
3589
3605
3435
3562
2443
64
-823
-126
-404
-1426
-1286
-1146
-3067
-4957
-5923
-5750
-5009
-3418
-2048
-582
-52
-466
-878
-544
-238
149
1707
3282
3135
2624
2707
2050
1127
541
548
630
805
631
-10
-355
-699
-1732
-2397
-1869
-1211
-753
-188
220
239
183
405
498
1018
1885
2587
3103
3536
3518
3003
2976
2232
1008
455
495
205
-654
-667
-1089
-2650
-4322
-4869
-4833
-4248
-3560
-2563
-1684
-1670
-2012
-2168
-1607
-1250
-507
971
2414
2787
2702
2420
1985
1545
1280
1427
1228
832
353
138
-23
-556
-1150
-1151
-968
-688
-270
-24
21
-86
-90
229
527
811
982
1201
1522
1655
1625
1839
1864
1651
1629
1611
1494
1304
1427
1245
359
-682
-1597
-2333
-2767
-2644
-2401
-2201
-2291
-2734
-3100
-3099
-3023
-2967
-2371
-1418
-679
-146
380
619
634
1034
1523
1762
2081
2169
2125
1753
1383
958
391
128
37
84
103
-96
-447
-468
-309
83
371
733
899
985
1158
1352
1610
1572
1214
1055
1228
1443
1297
1192
1067
547
-220
-866
-1247
-1543
-1322
-1070
-910
-1243
-1749
-2311
-2508
-2491
-2394
-2015
-1488
-1444
-1706
-1480
-1373
-1315
-1292
-850
-473
52
802
1167
1203
1308
1435
1603
1873
1853
1934
1901
1864
1240
677
258
-78
-122
222
720
937
1107
786
545
316
202
74
420
1013
1506
1834
1803
1311
526
-18
-574
-829
-726
-415
-399
-558
-1097
-1851
-2586
-3013
-3103
-2849
-2138
-1711
-1374
-1390
-1421
-1542
-1447
-1130
-892
-293
477
1036
954
690
392
332
487
963
1455
1849
1979
1856
1407
812
405
362
591
807
1094
1415
1653
1376
998
622
544
660
799
1061
1349
1474
1248
671
11
-843
-1215
-1089
-596
-468
-645
-959
-1315
-1794
-2260
-2389
-2198
-1896
-1886
-1677
-1637
-1724
-2022
-1664
-1430
-1010
-449
288
613
504
509
565
758
731
751
899
1322
1278
1111
1025
1007
642
668
915
1084
1187
1411
1579
1582
1562
1225
865
704
876
867
1238
1599
1531
1077
571
-172
-814
-872
-636
-477
-626
-916
-1451
-2025
-2590
-2948
-2803
-2317
-2155
-2055
-1709
-1513
-1633
-1680
-1485
-1411
-1087
-541
1
170
300
522
773
1087
1133
1426
1720
1933
1812
1751
1624
1201
819
813
946
835
981
1063
1136
1025
752
661
696
919
1152
1516
1782
1643
1242
780
126
-444
-513
-332
-507
-751
-1063
-1511
-2083
-2584
-2805
-2775
-2608
-2417
-2331
-2167
-2299
-2327
-2034
-1603
-1213
-875
-361
-80
126
243
538
753
979
942
1046
1312
1406
1527
1708
1730
1667
1703
1837
1776
1607
1669
1719
1765
1692
1322
898
707
520
431
613
911
824
787
509
-40
-719
-845
-739
-737
-692
-743
-1053
-1557
-1954
-2484
-2507
-2322
-2122
-2141
-2069
-2107
-2317
-2364
-2213
-2098
-1701
-1015
-649
-358
-74
429
814
1095
1262
1478
1776
2041
2130
2267
2288
2063
1844
1655
1579
1485
1606
1576
1667
1552
1282
979
835
702
606
843
887
732
398
35
-476
-699
-716
-731
-858
-987
-1235
-1659
-1895
-2172
-2206
-2055
-1837
-1792
-1790
-1950
-2148
-2201
-2096
-1978
-1739
-1306
-1031
-737
-589
-428
-270
132
549
905
1315
1607
1875
2050
2230
2269
2457
2519
2567
2590
2706
2631
2480
2144
1592
1235
1045
846
582
666
546
218
-325
-728
-1169
-1311
-1226
-1127
-997
-1045
-1384
-1812
-1878
-2083
-2131
-1843
-1443
-1455
-1583
-1582
-1573
-1579
-1487
-1399
-1340
-1211
-1289
-1375
-1225
-908
-704
-449
74
343
537
876
1264
1487
1665
2076
2483
2752
2876
2919
2997
3220
3162
2886
2574
2223
1843
1490
1360
1101
654
305
-248
-995
-1512
-1601
-1615
-1711
-1784
-1773
-1947
-2151
-2265
-2329
-2114
-1829
-1705
-1781
-1819
-1824
-1661
-1404
-1076
-1000
-913
-655
-618
-621
-552
-338
-163
-17
50
111
276
757
1012
1189
1363
1447
1499
1706
2016
2279
2722
3035
2935
2612
2496
2317
2077
2131
2109
1848
1522
1094
458
-260
-632
-1000
-1344
-1680
-2083
-2470
-2593
-2770
-3068
-3017
-2776
-2662
-2683
-2320
-2039
-1782
-1401
-1042
-1061
-896
-596
-392
-223
41
345
330
428
387
448
684
1040
1165
1239
1421
1332
1162
1343
1596
1863
2216
2470
2285
1895
1779
1603
1524
1712
1765
1549
1150
666
96
-293
-357
-481
-587
-654
-888
-1396
-1841
-2252
-2439
-2397
-2237
-2217
-2236
-2305
-2433
-2526
-2405
-2212
-1975
-1465
-1032
-656
-330
11
207
403
621
874
1149
1489
1699
1708
1718
1658
1604
1620
1721
1884
2167
2203
1925
1653
1422
1270
1128
1223
1201
1068
887
508
29
-288
-402
-524
-550
-674
-976
-1206
-1356
-1574
-1675
-1602
-1641
-1868
-1847
-1796
-1741
-1582
-1391
-1520
-1695
-1609
-1546
-1384
-1152
-855
-656
-403
-288
-210
109
575
1033
1448
1833
1962
2051
2162
2275
2385
2654
2625
2305
1977
1709
1551
1423
1431
1144
956
617
188
-312
-564
-651
-717
-789
-1074
-1395
-1612
-1681
-1848
-1653
-1430
-1225
-1177
-1203
-1349
-1445
-1362
-1369
-1303
-1162
-936
-725
-483
-426
-514
-458
-341
-361
-289
-74
167
440
705
719
755
1044
1297
1529
1893
2197
2160
2151
2117
1914
1872
2109
2072
1803
1468
1048
504
108
-74
-316
-369
-515
-883
-1415
-1774
-2168
-2316
-2213
-2147
-2132
-1927
-1659
-1621
-1557
-1385
-1280
-1204
-813
-462
-220
-53
76
89
-6
-38
17
270
592
883
1077
1170
1034
904
968
1037
1148
1240
1315
1283
1165
1108
1118
1216
1216
1112
999
862
672
584
499
375
202
23
-384
-813
-1051
-1246
-1314
-1319
-1294
-1422
-1477
-1549
-1708
-1790
-1761
-1759
-1663
-1339
-1035
-732
-371
-83
-32
-34
92
272
634
1009
1284
1422
1455
1260
951
897
959
1103
1214
1296
1147
962
816
725
694
674
655
418
109
-203
-330
-288
-229
-242
-258
-364
-576
-735
-827
-832
-784
-603
-551
-628
-730
-773
-907
-933
-911
-890
-758
-719
-611
-587
-453
-415
-436
-361
-233
-13
369
705
876
1072
1201
1254
1314
1551
1595
1538
1442
1260
957
755
696
500
398
129
-168
-470
-576
-671
-709
-569
-608
-746
-855
-948
-1121
-1081
-923
-746
-616
-448
-437
-441
-400
-382
-390
-234
29
95
203
247
204
99
40
27
31
167
400
526
511
453
362
309
306
374
447
568
651
640
617
639
654
559
574
500
333
189
173
44
-182
-296
-416
-696
-980
-1129
-1315
-1366
-1169
-1023
-1016
-880
-786
-763
-701
-514
-368
-124
274
467
558
780
914
825
807
902
909
971
1048
966
848
792
647
402
358
281
82
29
7
-129
-236
-92
-103
-280
-340
-415
-571
-668
-605
-568
-476
-432
-420
-525
-552
-652
-621
-442
-347
-383
-347
-247
-376
-433
-362
-227
-193
-83
-1
24
128
325
443
546
659
753
869
983
1057
1076
1168
1206
1144
1101
989
822
701
556
337
178
124
-102
-443
-677
-890
-1119
-1209
-1251
-1313
-1313
-1231
-1236
-1249
-1166
-1167
-1042
-811
-639
-581
-402
-193
-122
-8
208
328
444
660
738
780
914
978
897
890
941
858
823
897
840
778
823
800
662
631
569
420
372
323
191
101
120
-10
-247
-416
-627
-831
-839
-781
-796
-806
-830
-1026
-1278
-1407
-1454
-1424
-1235
-1047
-942
-834
-751
-693
-551
-246
91
368
654
880
964
1046
1107
1115
1120
1189
1249
1260
1312
1355
1268
1173
1122
971
731
605
430
207
50
-49
-286
-567
-762
-935
-1034
-974
-906
-945
-881
-845
-910
-953
-887
-893
-816
-635
-530
-555
-487
-405
-450
-381
-226
-116
4
191
277
313
378
404
354
414
540
606
770
1003
1083
1127
1209
1198
1079
1045
965
747
608
516
326
165
158
-62
-329
-519
-726
-958
-1012
-911
-966
-980
-1007
-1194
-1415
-1406
-1355
-1253
-959
-623
-497
-401
-267
-187
1
342
638
805
1050
1136
1028
958
1020
966
905
978
927
783
715
699
552
475
438
311
144
109
40
-60
23
37
-142
-319
-424
-651
-835
-827
-788
-821
-736
-715
-889
-1008
-1039
-1114
-1103
-922
-753
-638
-444
-289
-251
-111
86
153
280
532
715
821
966
1076
1065
1097
1209
1241
1198
1253
1230
1204
1172
1092
932
726
503
153
-101
-263
-378
-544
-675
-877
-1173
-1379
-1509
-1524
-1468
-1311
-1209
-1189
-1203
-1210
-1204
-1039
-765
-494
-238
-50
50
87
153
239
414
605
802
925
994
1032
1036
1077
1071
1086
1149
1205
1213
1221
1188
1076
944
774
552
349
198
12
-111
-205
-374
-591
-794
-1007
-1211
-1223
-1190
-1214
-1220
-1201
-1277
-1378
-1361
-1366
-1298
-1067
-802
-655
-437
-248
-150
-1
257
481
656
938
1093
1178
1305
1439
1381
1359
1330
1250
1207
1239
1199
1048
1003
850
530
266
110
-93
-239
-274
-393
-606
-758
-924
-1165
-1262
-1173
-1112
-1033
-946
-985
-1061
-1067
-1052
-1052
-925
-681
-520
-368
-209
-143
-59
125
313
426
654
931
1028
1031
1059
1020
922
886
897
880
928
1048
1067
990
878
675
464
349
216
87
38
-42
-333
-649
-908
-1173
-1372
-1315
-1206
-1179
-1117
-1070
-1139
-1219
-1147
-1044
-878
-616
-398
-304
-184
-74
-2
142
409
642
856
1063
1160
1201
1235
1253
1141
1088
1076
1022
944
937
921
826
738
589
358
108
-55
-179
-231
-266
-371
-534
-763
-1048
-1333
-1415
-1345
-1249
-1124
-991
-952
-1014
-1080
-1097
-1021
-840
-563
-335
-130
-42
22
114
239
400
590
863
1051
1163
1237
1290
1272
1235
1205
1207
1216
1215
1184
1103
971
796
590
383
168
-9
-115
-209
-384
-607
-871
-1171
-1401
-1503
-1513
-1488
-1397
-1309
-1303
-1307
-1278
-1232
-1082
-852
-604
-374
-152
-20
52
139
258
412
642
871
1041
1192
1322
1341
1297
1297
1311
1302
1287
1244
1143
1014
852
618
389
243
73
-63
-165
-276
-461
-665
-838
-1038
-1215
-1269
-1265
-1246
-1186
-1146
-1150
-1147
-1127
-1093
-976
-745
-545
-379
-189
-87
-29
110
274
398
587
831
977
1050
1140
1198
1168
1189
1226
1188
1129
1084
971
823
712
533
326
150
14
-163
-251
-307
-462
-648
-806
-1005
-1199
-1225
-1191
-1162
-1126
-1065
-1103
-1129
-1066
-969
-817
-560
-268
-59
124
247
333
405
556
697
861
1058
1183
1220
1198
1156
1025
955
920
860
829
824
727
522
322
104
-115
-254
-340
-418
-463
-530
-664
-856
-998
-1120
-1153
-1094
-1018
-946
-859
-820
-849
-834
-753
-651
-487
-268
-91
78
209
324
390
527
656
796
928
1019
1046
1078
1113
1075
1045
1042
1019
949
910
837
713
518
345
135
-23
-167
-322
-450
-624
-821
-1039
-1191
-1309
-1362
-1362
-1289
-1224
-1174
-1117
-1066
-992
-894
-707
-501
-275
-61
144
302
414
531
642
759
865
1021
1143
1244
1253
1194
1112
998
909
858
881
857
778
651
454
183
-35
-187
-302
-348
-391
-483
-651
-837
-1023
-1163
-1219
-1179
-1123
-1018
-956
-968
-959
-923
-838
-724
-546
-371
-211
-42
102
197
314
474
603
745
897
1030
1116
1183
1228
1213
1162
1109
1064
1000
929
843
725
547
322
76
-144
-297
-426
-527
-610
-740
-916
-1101
-1229
-1320
-1304
-1217
-1098
-1009
-943
-906
-870
-789
-649
-452
-228
8
193
333
425
538
652
807
967
1105
1198
1244
1236
1155
1068
961
855
771
687
591
482
336
172
-11
-178
-335
-459
-521
-561
-647
-760
-872
-1014
-1129
-1191
-1193
-1117
-994
-904
-826
-754
-687
-592
-447
-272
-65
160
360
496
605
687
761
888
1009
1103
1188
1243
1227
1145
1050
947
849
774
702
585
438
262
50
-162
-338
-490
-578
-649
-739
-869
-1021
-1160
-1338
-1438
-1450
-1401
-1283
-1128
-999
-916
-831
-715
-585
-378
-80
229
509
725
836
868
923
980
1067
1215
1361
1446
1455
1390
1218
1037
921
827
726
672
617
442
209
-66
-378
-630
-767
-859
-912
-922
-1006
-1171
-1330
-1449
-1518
-1470
-1294
-1124
-969
-819
-709
-673
-593
-460
-257
5
283
509
673
816
875
921
1001
1114
1211
1324
1431
1451
1391
1300
1140
980
848
763
666
546
402
164
-117
-398
-653
-869
-996
-1062
-1124
-1208
-1310
-1419
-1509
-1530
-1464
-1354
-1188
-1027
-880
-742
-618
-465
-298
-80
160
399
631
836
996
1111
1215
1299
1378
1448
1499
1509
1479
1401
1274
1091
885
699
541
396
229
57
-147
-389
-630
-836
-1006
-1122
-1193
-1268
-1349
-1435
-1495
-1506
-1461
-1361
-1217
-1049
-907
-792
-661
-503
-323
-123
112
352
562
746
881
988
1086
1199
1321
1431
1519
1555
1547
1490
1351
1183
1012
848
699
564
426
246
20
-248
-517
-745
-906
-1036
-1138
-1231
-1337
-1455
-1560
-1628
-1646
-1575
-1438
-1280
-1125
-952
-787
-614
-416
-175
43
283
539
745
914
1065
1206
1302
1390
1461
1504
1541
1555
1500
1409
1292
1124
932
768
580
397
236
48
-194
-441
-638
-820
-978
-1090
-1198
-1304
-1384
-1455
-1517
-1524
-1470
-1398
-1286
-1150
-1033
-900
-726
-541
-341
-114
127
336
526
702
851
992
1118
1223
1305
1399
1471
1501
1488
1436
1353
1245
1126
1013
880
734
557
345
88
-165
-416
-645
-817
-961
-1096
-1239
-1362
-1493
-1588
-1634
-1591
-1504
-1386
-1242
-1113
-986
-831
-659
-457
-210
29
251
445
623
744
871
1020
1140
1245
1339
1398
1387
1374
1323
1242
1148
1061
942
783
634
473
273
71
-116
-327
-497
-652
-777
-906
-1014
-1133
-1237
-1289
-1320
-1322
-1281
-1186
-1092
-989
-880
-768
-655
-504
-319
-137
49
247
422
555
681
805
908
1008
1097
1188
1244
1270
1245
1195
1115
1019
919
802
678
517
338
148
-39
-247
-416
-546
-682
-807
-913
-1035
-1160
-1245
-1281
-1277
-1246
-1166
-1087
-1015
-928
-825
-684
-500
-290
-78
128
309
453
564
698
844
967
1091
1190
1232
1235
1216
1173
1106
1049
982
876
761
614
440
272
108
-66
-232
-386
-527
-662
-774
-862
-957
-1050
-1114
-1159
-1180
-1158
-1091
-1017
-947
-865
-786
-675
-531
-371
-195
-3
176
312
427
544
661
792
938
1060
1145
1188
1199
1175
1141
1092
1045
980
889
771
624
470
291
107
-85
-238
-382
-527
-656
-765
-893
-1013
-1124
-1228
-1295
-1306
-1261
-1189
-1096
-1020
-941
-840
-727
-593
-409
-193
22
216
397
530
636
751
868
977
1092
1191
1238
1246
1213
1153
1074
1004
917
814
701
572
415
244
75
-100
-257
-387
-520
-639
-726
-830
-939
-1032
-1114
-1179
-1204
-1191
-1152
-1091
-1006
-917
-834
-719
-586
-432
-243
-47
133
303
458
588
705
821
924
1004
1092
1150
1184
1207
1181
1121
1051
978
874
771
663
530
370
207
25
-163
-331
-487
-629
-744
-845
-949
-1038
-1115
-1173
-1201
-1179
-1142
-1085
-999
-903
-802
-672
-533
-401
-251
-83
82
247
412
558
674
771
854
915
967
1018
1052
1075
1073
1034
971
896
802
693
581
473
353
215
70
-86
-236
-372
-494
-612
-714
-800
-868
-937
-975
-984
-982
-966
-930
-873
-821
-736
-632
-535
-422
-289
-154
-24
118
242
355
478
570
655
735
803
861
901
926
930
905
862
792
701
620
541
450
359
254
140
1
-144
-283
-403
-488
-556
-613
-662
-722
-790
-836
-867
-870
-838
-761
-682
-602
-534
-463
-387
-310
-206
-89
53
184
301
391
459
510
551
598
634
678
726
743
736
703
643
567
488
424
358
300
237
151
61
-44
-152
-249
-328
-398
-455
-495
-537
-584
-634
-663
-679
-673
-630
-581
-516
-439
-371
-311
-243
-170
-96
-2
102
193
271
349
401
429
468
521
551
579
606
598
574
543
490
433
394
342
272
200
122
32
-58
-135
-205
-277
-341
-395
-456
-507
-539
-560
-567
-554
-543
-520
-477
-434
-384
-320
-235
-159
-92
-18
57
125
201
271
326
379
434
473
508
544
562
567
551
528
483
440
400
345
276
209
125
34
-50
-119
-186
-244
-296
-352
-409
-470
-513
-543
-551
-548
-531
-504
-475
-451
-413
-360
-307
-233
-156
-78
-7
71
140
204
261
309
363
406
447
480
506
521
523
504
477
436
392
357
313
255
198
126
33
-51
-123
-186
-230
-268
-314
-370
-426
-472
-508
-522
-517
-505
-488
-474
-461
-432
-381
-323
-245
-154
-76
3
80
150
224
288
348
405
439
460
481
487
486
486
462
436
406
364
326
288
234
167
103
39
-29
-83
-132
-184
-225
-273
-320
-354
-391
-419
-432
-422
-409
-395
-382
-363
-345
-313
-276
-235
-185
-129
-55
16
72
119
170
210
245
286
334
376
396
409
400
385
368
363
352
336
317
279
227
160
89
29
-8
-48
-90
-133
-186
-254
-306
-351
-394
-401
-393
-386
-382
-376
-365
-349
-330
-297
-247
-175
-103
-39
25
73
106
150
196
234
282
330
356
370
369
359
345
329
315
296
283
256
215
166
125
79
38
10
-34
-76
-116
-151
-187
-220
-249
-270
-294
-311
-325
-329
-324
-314
-302
-283
-256
-233
-189
-150
-105
-54
-4
31
64
108
147
182
217
248
268
286
296
306
312
315
313
298
267
230
190
147
107
68
29
-18
-69
-121
-174
-215
-244
-268
-289
-310
-323
-336
-346
-337
-317
-289
-252
-221
-190
-154
-114
-63
-9
44
92
137
172
196
221
249
272
290
310
321
313
305
295
270
249
228
194
159
124
80
28
-11
-59
-109
-147
-177
-201
-222
-230
-248
-269
-280
-288
-294
-285
-263
-247
-222
-188
-166
-135
-92
-51
-16
29
82
122
167
209
239
257
276
283
287
303
318
317
312
297
259
221
185
141
103
78
46
0
-50
-99
-151
-202
-228
-255
-281
-287
-293
-301
-304
-301
-298
-287
-272
-246
-215
-170
-126
-86
-45
-4
35
79
127
171
210
250
278
283
288
293
291
283
280
271
249
226
191
148
113
78
43
13
-24
-58
-97
-131
-163
-203
-235
-252
-267
-280
-284
-286
-286
-286
-284
-276
-256
-227
-191
-148
-101
-59
-25
11
50
89
135
187
226
260
279
288
298
300
298
294
292
282
266
237
200
162
124
83
42
-3
-44
-81
-124
-164
-202
-238
-262
-282
-300
-301
-299
-295
-286
-273
-258
-234
-209
-177
-137
-91
-43
9
53
87
123
155
189
227
254
277
297
304
303
300
290
274
262
248
229
204
175
139
95
49
-1
-46
-88
-123
-152
-180
-206
-238
-268
-295
-313
-319
-308
-290
-270
-255
-243
-232
-219
-191
-151
-105
-51
2
48
91
127
160
197
234
265
296
323
332
335
328
305
287
265
241
217
188
154
113
69
13
-48
-98
-139
-170
-197
-225
-253
-284
-306
-326
-333
-321
-300
-277
-256
-238
-220
-193
-161
-116
-66
-22
30
67
94
131
166
199
240
266
287
307
307
306
304
289
276
254
224
196
160
122
92
45
-3
-49
-94
-137
-169
-195
-225
-245
-268
-298
-319
-322
-324
-312
-291
-268
-250
-230
-202
-176
-141
-94
-41
5
54
97
136
174
205
238
279
306
327
345
346
347
332
318
299
269
242
213
167
116
67
12
-40
-86
-125
-156
-184
-218
-254
-280
-306
-319
-323
-319
-307
-292
-274
-260
-246
-217
-179
-142
-97
-48
-5
42
87
119
159
194
216
249
278
290
310
319
314
304
286
267
248
226
204
176
142
99
54
7
-37
-76
-108
-137
-168
-198
-231
-259
-282
-299
-309
-309
-310
-300
-282
-269
-244
-215
-184
-144
-97
-56
-9
41
83
119
160
190
217
250
269
284
293
295
290
284
272
252
231
209
175
143
107
67
32
-6
-45
-83
-120
-154
-184
-209
-229
-244
-252
-260
-264
-259
-252
-242
-222
-200
-179
-147
-116
-92
-59
-31
0
41
72
106
139
162
189
206
215
229
233
236
244
241
228
214
186
153
123
93
63
38
14
-16
-55
-90
-126
-164
-186
-200
-212
-221
-222
-230
-236
-235
-225
-215
-192
-163
-141
-104
-70
-46
-13
17
41
73
105
143
173
197
220
225
220
222
215
209
209
196
176
153
120
86
56
28
8
-12
-35
-57
-92
-115
-135
-155
-168
-176
-183
-186
-189
-191
-185
-177
-162
-144
-121
-98
-73
-46
-19
6
27
56
84
106
131
157
173
186
195
197
196
196
191
183
171
153
131
104
75
46
18
-5
-29
-51
-72
-93
-118
-141
-160
-180
-189
-194
-194
-191
-186
-179
-172
-164
-149
-125
-93
-58
-25
2
24
44
59
78
105
132
157
176
183
180
176
169
163
160
156
151
136
113
84
57
31
10
-8
-25
-39
-60
-83
-105
-125
-140
-148
-158
-163
-162
-161
-160
-159
-154
-147
-129
-110
-90
-64
-40
-20
3
22
37
59
78
98
118
136
146
150
154
149
150
154
149
142
132
110
93
74
50
34
18
1
-14
-36
-60
-76
-97
-112
-117
-129
-134
-134
-138
-138
-134
-132
-120
-109
-97
-78
-62
-42
-26
-14
1
15
32
49
67
83
94
104
110
112
117
118
122
126
120
113
103
89
73
60
45
34
20
9
-5
-24
-36
-48
-61
-70
-81
-90
-94
-102
-105
-105
-108
-106
-97
-93
-83
-69
-60
-44
-31
-18
0
15
31
46
55
67
74
82
90
97
100
102
100
89
81
75
65
59
54
41
24
11
-6
-21
-31
-40
-47
-56
-63
-73
-81
-85
-89
-92
-92
-93
-87
-80
-70
-61
-50
-38
-30
-26
-13
4
16
36
49
53
58
65
67
70
76
86
91
90
87
79
68
65
57
52
49
42
30
18
2
-16
-27
-39
-52
-62
-67
-74
-81
-88
-93
-97
-95
-88
-81
-70
-58
-47
-37
-31
-22
-12
2
18
32
45
54
61
64
63
69
75
81
88
90
87
80
69
57
48
40
37
34
26
17
6
-5
-22
-34
-40
-42
-45
-49
-51
-60
-66
-72
-75
-77
-73
-62
-55
-47
-41
-39
-35
-33
-31
-17
-8
2
16
23
26
34
39
44
54
60
70
76
76
75
71
62
59
54
44
38
29
22
13
3
-8
-18
-28
-32
-40
-45
-48
-51
-54
-57
-64
-64
-63
-64
-57
-51
-50
-43
-34
-35
-27
-20
-13
-4
3
11
17
23
26
32
36
41
44
52
54
50
54
54
46
44
43
35
34
34
24
22
13
2
0
-12
-19
-16
-23
-28
-32
-43
-51
-53
-57
-54
-50
-49
-46
-47
-49
-44
-38
-30
-14
-8
3
11
12
20
23
25
38
44
46
55
57
55
57
56
51
53
49
45
45
37
28
22
7
-4
-7
-13
-18
-22
-25
-32
-41
-42
-50
-54
-48
-44
-42
-38
-37
-43
-38
-39
-36
-23
-17
-8
5
3
5
13
15
21
28
34
40
40
43
41
38
39
38
37
37
32
28
23
14
7
-1
-8
-13
-17
-21
-24
-28
-33
-36
-42
-43
-40
-41
-36
-34
-36
-34
-32
-24
-19
-12
-1
5
8
17
20
23
33
41
45
49
49
47
43
43
39
37
36
31
25
22
14
6
2
-3
-14
-19
-20
-28
-31
-32
-37
-39
-40
-41
-41
-38
-37
-34
-32
-32
-27
-25
-22
-13
-8
-1
8
12
17
24
25
30
35
37
39
41
41
42
39
39
35
30
28
21
16
13
6
1
-6
-10
-15
-22
-26
-33
-40
-41
-45
-48
-46
-48
-46
-42
-40
-41
-35
-34
-28
-21
-15
-6
2
8
18
21
25
35
36
43
47
46
49
46
42
46
42
37
40
36
29
26
22
9
7
1
-9
-9
-15
-20
-20
-26
-31
-33
-35
-38
-38
-37
-40
-38
-33
-32
-28
-22
-17
-13
-8
-5
-1
6
13
20
26
27
33
35
34
38
37
40
42
38
38
30
26
28
24
18
16
10
3
-2
-12
-20
-22
-28
-32
-34
-40
-38
-37
-40
-39
-39
-37
-36
-32
-27
-28
-21
-15
-12
-6
-3
4
11
16
20
25
25
26
28
32
30
33
39
37
33
30
24
19
17
19
14
10
8
-1
-4
-11
-17
-18
-21
-22
-27
-30
-34
-37
-35
-38
-37
-34
-32
-29
-24
-25
-23
-18
-14
-9
0
3
12
21
20
24
26
26
32
36
36
39
38
34
31
25
24
22
19
19
13
3
1
-5
-13
-12
-15
-19
-17
-18
-25
-26
-29
-32
-29
-27
-28
-24
-19
-20
-14
-13
-14
-7
-2
4
6
9
13
13
15
15
15
18
21
25
22
18
20
17
17
15
15
14
12
11
6
2
-4
-6
-8
-15
-17
-18
-22
-20
-24
-27
-26
-28
-25
-24
-24
-20
-16
-17
-11
-11
-7
-1
4
11
13
16
19
19
17
21
23
23
28
26
24
21
15
17
15
9
11
8
3
0
-5
-9
-15
-14
-17
-20
-19
-21
-22
-21
-22
-21
-18
-19
-15
-12
-11
-9
-6
-7
-4
-1
-3
4
6
10
16
16
18
21
21
20
23
22
23
22
23
19
15
16
11
12
8
4
2
-3
-7
-11
-14
-19
-21
-20
-26
-26
-26
-28
-27
-29
-29
-25
-24
-19
-16
-16
-13
-9
-8
-4
-1
5
9
13
15
15
20
19
21
24
24
23
27
22
19
19
14
15
12
10
10
8
2
1
-3
-11
-9
-15
-17
-16
-19
-20
-20
-23
-23
-23
-24
-21
-20
-16
-15
-14
-10
-10
-9
-2
1
4
13
15
15
18
19
21
24
27
30
29
28
25
25
20
18
19
15
14
11
9
4
0
1
-5
-8
-10
-11
-14
-17
-17
-19
-21
-22
-20
-17
-16
-13
-10
-11
-12
-10
-9
-4
-2
4
6
7
9
9
10
9
13
15
16
16
15
15
10
11
9
10
9
7
7
0
-1
-4
-8
-9
-12
-13
-17
-17
-18
-23
-22
-27
-24
-23
-23
-20
-15
-16
-15
-7
-12
-7
-1
-1
2
4
4
9
8
9
14
14
18
17
18
17
12
13
13
10
8
13
6
5
5
-4
-3
-6
-9
-7
-9
-9
-10
-11
-13
-13
-12
-12
-10
-7
-6
-5
-3
-3
-1
1
4
8
12
11
15
16
14
20
18
20
24
22
23
22
22
20
20
16
15
16
8
9
5