7
-4
0
0
-2
-3
-3
-4
0
5
-2
-3
1
1
-3
-1
1
-2
2
0
1
3
-3
5
4
2
-1
-3
6
3
2
0
8
11
-1
-8
-2
3
7
5
7
-1
-1
5
1
3
4
6
4
4
5
3
5
4
4
11
7
4
5
6
3
0
5
4
9
5
-5
-2
2
6
-3
0
-1
-8
-1
0
0
0
-3
-3
-2
-1
0
1
-2
-5
0
-1
-2
-2
1
-2
-1
1
-4
-2
-3
-6
-1
-7
-7
1
-7
-4
-7
-7
0
-9
-6
-2
-6
0
1
0
-2
-3
-2
-5
1
2
-1
-4
-2
-5
-5
0
-2
-10
-2
1
-3
0
-3
-3
-1
-2
-3
-3
-2
1
2
-3
-3
4
2
1
0
3
0
2
6
8
6
4
0
5
11
-2
4
-2
-2
4
4
7
1
3
0
-2
3
5
3
-5
-2
-5
-5
-1
0
2
0
-4
-4
-2
1
2
-3
1
1
2
0
1
2
-2
-3
-1
0
0
3
-3
0
3
-2
4
4
-1
0
0
-4
4
1
0
-5
0
3
1
3
4
4
2
-1
3
6
0
2
-1
1
-5
-6
4
4
3
4
5
0
2
0
2
2
-1
-2
-3
1
4
1
-6
-7
-8
-5
3
-1
-5
-2
-3
-1
7
-3
-1
-4
-4
4
-5
-9
-4
-1
-4
-3
1
-4
-4
-2
-8
-1
-5
-1
1
-3
2
-3
-2
-1
2
0
2
0
1
0
1
4
-2
-1
1
1
1
2
1
0
7
3
-3
-1
-3
-1
1
1
-4
0
-2
-1
-1
2
4
5
4
3
1
2
7
1
2
-2
4
5
3
1
-1
-6
-1
-1
-2
0
-3
-1
1
-3
-4
-6
0
1
-7
-6
-3
1
-1
4
6
2
-2
1
4
2
-2
2
3
-2
3
-2
-6
0
3
-2
-4
0
1
2
2
0
2
-4
4
6
-3
8
3
2
7
4
3
2
3
4
6
1
6
7
-3
0
1
5
7
2
-2
0
1
-4
-4
-1
-3
3
4
3
-3
1
2
-6
-2
-3
-1
4
4
-2
-3
-3
-1
-3
-8
-2
-6
-1
-4
-1
-3
-4
-4
-9
-8
-5
-4
-9
-9
-5
-4
-5
-2
-8
-2
4
4
1
-3
-2
-4
0
2
3
1
0
-7
-7
-1
5
0
-2
-1
-1
1
2
2
-5
4
3
2
5
5
-3
-5
7
3
5
-1
-1
2
-5
-2
-6
-1
5
5
3
0
2
3
-4
2
1
8
8
1
-2
-1
4
-2
-4
-1
2
-1
0
4
-1
1
3
7
6
0
-1
2
-3
0
1
1
-2
0
4
-1
1
1
1
1
-1
-1
-2
-1
-4
-7
2
-3
-1
-3
-7
1
-2
-2
-1
2
-1
2
4
-1
4
5
1
3
2
8
2
2
3
5
6
-5
5
0
0
-2
-2
-1
0
1
0
-4
-1
3
1
-1
-2
3
-2
0
-4
-5
1
-3
-9
-7
-1
1
4
-2
-5
-3
-2
-3
-1
-1
-2
0
-3
-3
-5
1
-2
-4
-3
-1
1
1
4
2
1
1
6
-4
2
-1
-4
4
-2
2
3
-2
4
-2
-3
5
4
1
-4
1
3
-4
-4
1
-6
-5
3
3
-1
-1
5
-3
-2
0
-4
1
-1
-2
-5
-3
-2
0
-1
0
-1
-1
2
6
5
2
4
7
3
0
4
0
-1
3
8
6
4
2
1
4
10
8
2
8
6
3
9
2
-2
0
-4
-2
-1
3
-3
-7
-1
-4
-1
2
-2
-3
-2
0
-1
-1
1
6
1
3
7
-5
-1
2
3
4
1
-5
-7
-4
-2
-2
-3
2
-5
-5
-1
2
0
-2
1
2
3
4
-2
-5
-1
-2
0
-3
-4
-4
-5
-6
-4
-3
2
-2
-3
3
4
4
2
3
-7
-2
3
-3
-3
-5
-1
-3
-4
-2
-2
-4
-5
-3
3
2
0
2
0
-3
0
-1
-8
-1
1
-1
-2
-3
1
0
1
2
0
0
-1
0
3
-2
2
0
-2
0
-8
-5
-1
-1
-2
-1
4
7
6
8
7
5
5
2
8
5
1
2
2
4
3
6
5
6
2
-1
2
2
0
-2
0
-3
1
5
0
-3
0
0
-3
-2
-1
2
-2
-5
-1
0
-1
-3
3
0
-3
2
-7
-2
7
3
1
-1
-2
2
0
1
2
1
3
2
7
4
1
3
1
2
5
4
7
3
4
1
-4
4
1
-2
-2
3
-1
-1
2
-4
-1
4
4
1
-1
2
-2
-3
-1
-2
-3
-6
-7
-12
-13
-11
-9
-10
-12
-9
-7
2
4
10
14
15
17
14
22
20
18
17
7
8
3
-4
-4
-5
-3
-7
-11
-3
-12
-20
-8
-3
-10
-11
-8
-1
-5
-6
1
-3
2
0
0
-1
-4
-2
-2
-2
-6
-3
-7
-2
0
4
4
-2
1
-7
-8
-4
-9
-5
-8
-7
-8
-4
-2
-3
5
4
7
9
12
11
12
12
6
5
13
11
8
6
3
-4
-1
4
0
-8
-2
3
-5
-1
-6
-5
-6
-7
-3
1
0
-3
1
-5
3
2
3
5
1
11
5
4
6
0
-1
-1
0
4
5
8
8
4
6
5
2
-1
6
4
-2
5
5
6
6
3
7
10
8
2
1
7
1
1
-1
-2
2
-3
0
2
-4
-4
-2
-3
-2
-8
-3
-4
-2
-5
-4
0
-2
2
-6
1
-2
-5
-3
1
2
-1
-3
0
-1
-1
2
-3
-1
-4
4
5
1
2
0
1
-4
-1
-2
-1
-1
1
-2
-3
0
1
-3
3
5
-2
0
-4
-1
2
2
2
1
-1
-8
-4
-5
-8
-10
-9
-1
-8
-5
-2
-2
1
-2
-4
-3
-5
-5
3
-3
-4
3
0
1
-2
-5
2
-5
-6
0
-2
-1
2
-3
-2
2
1
5
7
3
6
13
8
7
8
12
8
13
12
12
15
8
10
6
1
0
-5
-10
-16
-16
-16
-15
-11
-23
-19
-22
-23
-20
-23
-19
-14
-10
-20
-11
-6
3
0
4
10
12
15
13
19
23
26
30
29
29
32
27
25
25
25
21
17
18
16
21
19
18
17
17
9
8
12
13
12
12
6
2
-5
-9
-11
-20
-21
-34
-36
-43
-57
-59
-58
-63
-65
-63
-68
-63
-59
-53
-47
-38
-30
-29
-17
-10
2
9
15
23
28
36
44
51
59
61
56
57
61
67
65
64
64
69
62
67
74
74
75
67
73
79
77
68
57
48
32
17
4
-15
-32
-50
-76
-99
-124
-146
-161
-178
-193
-193
-199
-203
-192
-183
-177
-165
-144
-117
-92
-64
-43
-16
15
41
62
82
107
127
141
156
169
177
189
191
191
188
188
187
182
178
172
166
148
136
134
118
99
81
61
42
11
-20
-46
-82
-117
-151
-187
-221
-254
-273
-295
-323
-332
-338
-335
-326
-306
-285
-258
-220
-192
-148
-101
-56
-10
36
75
116
157
183
216
250
268
278
294
303
302
305
299
284
278
269
247
228
215
197
172
149
123
104
88
59
40
19
-12
-40
-64
-94
-125
-151
-178
-206
-244
-268
-288
-312
-320
-328
-323
-323
-308
-291
-265
-231
-203
-155
-121
-71
-20
17
59
96
140
172
198
220
240
252
252
257
247
237
226
204
186
161
136
112
83
58
26
-8
-24
-48
-76
-89
-104
-117
-129
-134
-135
-144
-142
-142
-145
-147
-146
-142
-141
-139
-136
-135
-137
-135
-134
-132
-126
-112
-95
-74
-60
-43
-16
3
24
44
73
87
105
128
145
160
169
183
185
194
195
189
196
190
191
187
175
168
159
140
125
106
90
82
61
47
32
9
-1
-18
-28
-43
-51
-58
-71
-75
-87
-90
-102
-115
-115
-120
-124
-129
-138
-138
-131
-129
-130
-115
-97
-82
-64
-40
-16
15
47
75
109
133
171
205
221
244
271
287
297
299
299
297
280
259
236
199
158
110
54
1
-53
-115
-170
-229
-281
-330
-377
-414
-449
-459
-473
-475
-478
-466
-450
-433
-404
-380
-347
-311
-278
-238
-204
-170
-134
-96
-59
-21
25
63
105
150
193
233
272
309
347
380
408
435
449
468
482
481
471
466
447
422
400
363
321
266
210
146
79
3
-74
-143
-222
-304
-363
-414
-463
-502
-525
-529
-523
-500
-472
-429
-367
-313
-245
-171
-105
-39
18
77
129
163
196
222
237
250
257
253
249
242
231
220
201
194
180
165
155
144
137
116
104
88
65
45
27
-4
-26
-46
-74
-88
-110
-126
-133
-151
-160
-168
-173
-168
-167
-160
-151
-138
-115
-94
-64
-33
4
45
81
119
157
194
223
254
264
265
270
258
241
209
175
140
99
57
19
-29
-68
-92
-123
-135
-149
-152
-140
-137
-121
-100
-77
-57
-34
-22
1
25
33
48
43
47
44
33
25
6
-9
-43
-75
-106
-138
-169
-211
-241
-271
-295
-310
-326
-333
-320
-308
-286
-248
-201
-157
-104
-40
14
66
118
164
200
234
263
280
297
306
307
300
296
287
263
246
229
204
179
157
133
109
80
57
39
26
13
-2
-14
-23
-29
-34
-36
-45
-51
-56
-57
-68
-81
-93
-112
-119
-131
-147
-157
-163
-177
-181
-179
-179
-166
-147
-131
-111
-84
-71
-54
-33
-24
-23
-20
-15
-25
-40
-48
-57
-65
-66
-62
-53
-44
-27
1
32
64
93
121
151
183
211
234
252
270
289
302
308
312
313
307
291
270
248
212
177
123
71
17
-47
-99
-152
-201
-239
-267
-286
-305
-302
-291
-277
-239
-206
-166
-119
-73
-30
10
54
78
108
133
144
157
161
163
163
153
145
132
113
94
61
32
-1
-43
-87
-132
-174
-222
-266
-313
-347
-368
-385
-388
-382
-368
-342
-302
-259
-206
-154
-108
-53
-4
39
88
130
167
194
222
261
295
330
354
376
387
401
406
400
384
352
314
274
227
172
119
72
20
-31
-72
-92
-119
-139
-151
-160
-162
-158
-155
-158
-152
-152
-150
-145
-140
-141
-134
-129
-125
-115
-105
-93
-75
-60
-40
-21
-13
-4
-4
-9
-13
-42
-65
-97
-137
-171
-211
-245
-269
-275
-282
-276
-258
-221
-181
-137
-82
-27
32
84
129
179
220
266
314
355
395
434
470
498
525
536
545
529
506
467
405
338
250
164
76
-12
-91
-176
-245
-292
-332
-358
-361
-359
-350
-322
-290
-252
-211
-168
-132
-101
-76
-51
-29
-12
1
10
22
27
35
39
49
61
62
65
70
65
54
25
0
-38
-91
-138
-189
-242
-289
-329
-355
-358
-351
-331
-294
-255
-201
-137
-78
-17
38
91
139
193
240
278
322
362
407
441
478
505
529
538
527
499
455
391
305
217
110
-5
-113
-227
-326
-402
-470
-511
-530
-534
-518
-490
-453
-388
-317
-257
-195
-134
-71
-14
43
86
122
157
179
196
219
237
258
274
283
294
289
278
249
210
155
84
9
-93
-201
-297
-383
-466
-538
-583
-608
-605
-576
-529
-452
-372
-281
-176
-80
11
94
177
251
322
381
442
504
561
614
655
698
727
741
731
701
654
576
478
359
224
85
-65
-202
-326
-440
-520
-582
-614
-622
-606
-571
-526
-473
-400
-331
-264
-193
-135
-84
-32
21
56
91
131
166
203
238
274
313
332
351
355
351
326
268
202
109
6
-115
-243
-368
-489
-599
-687
-738
-754
-747
-700
-626
-531
-417
-286
-151
-21
107
224
333
433
530
610
695
769
837
901
938
965
978
951
899
816
692
537
351
150
-60
-272
-473
-650
-804
-918
-995
-1031
-1034
-1004
-937
-859
-761
-647
-536
-416
-292
-181
-73
30
142
248
342
435
525
604
672
738
785
811
816
797
748
669
550
397
224
27
-197
-422
-636
-835
-1015
-1157
-1248
-1292
-1283
-1224
-1109
-959
-781
-578
-355
-130
88
304
496
680
850
1007
1143
1263
1366
1439
1481
1483
1452
1363
1237
1048
808
541
223
-105
-439
-759
-1060
-1316
-1520
-1661
-1736
-1742
-1688
-1584
-1425
-1238
-1027
-793
-557
-325
-93
118
326
522
717
891
1063
1228
1366
1493
1584
1637
1650
1600
1497
1331
1104
818
492
127
-266
-649
-1041
-1396
-1704
-1951
-2132
-2245
-2260
-2202
-2066
-1859
-1592
-1266
-897
-505
-86
340
754
1152
1521
1851
2143
2365
2538
2654
2672
2631
2498
2295
1998
1624
1187
688
146
-441
-1013
-1564
-2071
-2512
-2855
-3097
-3225
-3229
-3108
-2872
-2548
-2164
-1698
-1195
-686
-175
323
798
1225
1612
1965
2283
2546
2746
2888
2967
2971
2894
2728
2464
2109
1650
1118
530
-114
-767
-1431
-2045
-2597
-3081
-3442
-3677
-3788
-3781
-3645
-3372
-2996
-2522
-1964
-1341
-683
-4
689
1374
2039
2643
3177
3636
4000
4253
4383
4386
4239
3956
3519
2972
2305
1518
670
-228
-1153
-2075
-2938
-3706
-4341
-4836
-5157
-5281
-5198
-4950
-4511
-3902
-3182
-2375
-1501
-587
329
1205
2020
2789
3454
4015
4470
4824
5043
5114
5029
4803
4418
3862
3166
2344
1413
375
-703
-1757
-2761
-3709
-4515
-5145
-5608
-5877
-5926
-5745
-5362
-4812
-4095
-3232
-2228
-1183
-98
1007
2079
3073
3969
4793
5448
5926
6210
6342
6258
5985
5527
4866
4025
3002
1868
627
-634
-1918
-3206
-4411
-5509
-6401
-7070
-7451
-7529
-7349
-6860
-6119
-5140
-3973
-2658
-1305
38
1362
2617
3754
4739
5595
6234
6667
6923
6991
6864
6499
5917
5097
4099
2929
1602
225
-1212
-2637
-4049
-5236
-6210
-6962
-7449
-7645
-7535
-7213
-6596
-5720
-4637
-3425
-2137
-750
685
2110
3420
4617
5691
6508
7093
7439
7594
7406
6965
6305
5483
4508
3407
2235
924
-435
-1812
-3151
-4383
-5489
-6519
-7428
-8107
-8473
-8527
-8155
-7416
-6347
-5055
-3483
-1775
38
1823
3443
4831
5946
6842
7408
7750
7830
7645
7164
6529
5767
4839
3730
2477
1059
-470
-2017
-3509
-4907
-6100
-7088
-7770
-8074
-7932
-7440
-6664
-5561
-4358
-3032
-1695
-313
935
2042
3019
3846
4564
5169
5660
5955
6065
6023
5747
5324
4695
3863
2843
1748
642
-433
-1328
-2225
-3015
-3755
-4214
-4576
-4793
-4842
-4859
-4877
-4883
-4629
-4164
-3490
-2657
-1696
-583
593
1785
2963
4040
4874
5280
5477
5448
5226
4707
4120
3403
2538
1655
826
109
-672
-1439
-2242
-2979
-3611
-4112
-4431
-4555
-4450
-4182
-3670
-2864
-2001
-1049
-190
655
1235
1691
2033
2107
2086
1957
1892
1773
1793
1829
1830
1808
1736
1648
1444
1177
767
299
-73
-392
-516
-502
-299
-328
-369
-335
-344
-480
-851
-1210
-1901
-2643
-3305
-3592
-3512
-3248
-2727
-2021
-1015
1
936
1912
2642
2976
2909
2928
2879
2674
2452
2292
2168
1892
1774
1576
1360
864
94
-761
-1625
-2354
-3140
-3600
-3751
-3736
-3420
-2826
-1877
-1082
-346
249
606
879
877
835
624
564
476
498
846
1300
1668
1840
2095
2214
2090
1878
1508
1134
662
389
323
488
773
533
268
-134
-395
-1011
-1696
-2210
-3136
-4045
-4845
-4764
-4274
-3573
-2630
-1574
-208
866
1926
2933
3738
3892
3538
3519
3508
3408
3091
2978
2690
2009
1434
812
203
-845
-2004
-3106
-3965
-4335
-4603
-4337
-3753
-3029
-2178
-1154
163
1008
1528
1774
1760
1612
1331
1146
859
710
548
476
707
1053
1119
897
793
686
421
226
96
21
-54
104
647
1275
1942
1599
1014
351
-177
-912
-1799
-2073
-3085
-4119
-4874
-4528
-3657
-2976
-2003
-1030
217
1153
2058
3232
4059
4063
3525
3612
3730
3408
2872
2467
1791
557
-249
-891
-1429
-2339
-3297
-3875
-4150
-3858
-3584
-2895
-1954
-1345
-483
500
1770
2323
2442
2488
2012
1626
1031
675
155
-326
-694
-960
-673
-349
-295
-262
-100
139
221
562
777
885
987
1318
1957
2538
3092
2292
1388
357
-347
-1221
-2115
-2434
-3755
-4877
-5633
-5124
-4064
-3155
-1937
-879
581
1658
2730
3969
4620
4346
3576
3523
3424
3005
2426
1947
1050
-100
-748
-1315
-1797
-2626
-3425
-3931
-3967
-3332
-2787
-1817
-830
-114
806
1746
2800
2934
2699
2116
1109
337
-391
-885
-1435
-1800
-1918
-1828
-1195
-525
-167
110
373
767
1144
1743
1982
2118
2258
2512
2950
3378
3695
2217
635
-908
-1768
-2677
-3583
-3658
-4889
-5818
-6487
-5501
-3887
-2616
-1250
-36
1741
2896
4032
5226
5848
5104
3917
3619
3360
2707
1800
1070
-45
-1343
-2018
-2485
-2785
-3477
-4172
-4352
-3909
-2750
-1827
-533
582
1324
2152
2908
3649
3264
2501
1382
104
-725
-1378
-1754
-2120
-2303
-2248
-1948
-1185
-432
-219
52
370
1070
1778
2560
2963
3047
3083
3082
3412
3626
3538
1285
-818
-2535
-3220
-3836
-4391
-3957
-5143
-6028
-6592
-5130
-3212
-1819
-338
1042
3022
4242
5433
6396
6626
5135
3433
2848
2537
1750
751
72
-1081
-2205
-2731
-2860
-3184
-3791
-4443
-4338
-3402
-1853
-524
842
1974
2465
3035
3476
3747
2815
1599
272
-906
-1653
-2086
-2283
-2430
-2488
-2372
-1740
-957
-147
-16
456
987
1791
2700
3341
3530
2951
2701
2354
2658
2712
2932
984
-1621
-3145
-3810
-3541
-4445
-3733
-4550
-5797
-6441
-5384
-2530
-959
756
2035
4049
5396
5926
6445
6388
4811
2368
1453
1570
1167
195
-396
-1186
-2401
-3237
-3351
-3520
-3901
-4448
-4056
-2652
-663
898
2085
3202
3202
3246
2999
3135
2128
654
-408
-1449
-1684
-2311
-2438
-2663
-2866
-2895
-2532
-1416
-421
-8
612
1562
2629
3502
3882
3963
3120
2509
1943
2356
2621
2789
1086
-1694
-3095
-4032
-3525
-4313
-3604
-4260
-5744
-6083
-5179
-2115
-555
1250
2360
3951
5176
5563
5859
5441
3972
1516
729
840
735
-81
-733
-1503
-2647
-3185
-3051
-3059
-3086
-3264
-2702
-1163
623
2223
2785
3423
2892
2589
2431
2225
1509
55
-751
-1815
-2148
-2567
-2979
-3320
-3598
-3425
-2730
-1312
125
845
1492
2318
3033
3735
3925
3771
2706
2195
1797
2201
2615
2861
1633
-1760
-3299
-4415
-3659
-4223
-3701
-3540
-5171
-5334
-4875
-1766
-98
1335
2206
3375
4858
5173
5379
4975
3858
1252
145
340
489
-371
-1217
-1699
-2675
-2979
-2722
-2281
-2316
-2415
-2115
-693
1063
2409
2970
3053
2741
2252
2256
2171
1489
223
-964
-2014
-2411
-2726
-3089
-3670
-3826
-3623
-2722
-1231
282
1191
1477
2223
2852
3685
3889
3651
2780
2137
1813
2281
2836
3058
1415
-2042
-3585
-4436
-3663
-3989
-3268
-3384
-5197
-5430
-4613
-1685
-75
1340
2185
3469
4869
5261
5274
4666
3265
627
-173
157
373
-437
-1123
-1597
-2439
-2593
-2345
-1913
-2035
-2148
-1727
-116
1681
2744
3036
2874
2338
1887
1779
1708
904
-509
-1715
-2643
-2657
-3048
-3390
-3794
-3763
-3218
-2169
-417
1052
1746
1933
2611
3423
4052
3983
3555
2778
2084
1861
2544
2996
2929
158
-3112
-4466
-4803
-3842
-4157
-2840
-3931
-5539
-5598
-3940
-1015
166
1816
2434
4173
5158
5701
5382
4523
2669
154
87
433
460
-649
-1189
-1940
-2775
-2847
-2374
-2052
-2200
-2028
-1124
787
2230
2881
2834
2429
1732
1486
1635
1455
363
-878
-1765
-2344
-2424
-2838
-3320
-3787
-3572
-2830
-1320
344
1535
1894
2111
2847
3327
3818
3544
2869
2126
1640
1957
2574
2921
2196
-1280
-3777
-4690
-4219
-3473
-3424
-2498
-4493
-5482
-5182
-2954
-570
578
2025
2833
4733
5463
5687
4868
3733
1449
-283
129
511
223
-928
-1428
-2081
-2617
-2584
-2192
-2042
-1968
-1642
-138
1581
2415
2371
2129
1887
1457
1561
1520
1104
-232
-898
-1565
-1695
-1874
-2721
-3210
-3613
-2771
-1987
-465
868
1246
1527
1839
2711
2916
3002
2528
2240
2077
2315
2860
2995
2304
-1210
-3367
-4468
-3836
-3619
-3172
-2199
-3681
-4280
-4407
-2363
-1034
115
1185
2486
4382
4795
4660
3524
2639
631
-406
232
526
46
-860
-794
-879
-1316
-1386
-1398
-1532
-1440
-857
498
1453
1411
1205
1154
1449
1290
1211
1090
529
-163
-625
-598
-1046
-1884
-3135
-3625
-3194
-2622
-1503
-483
525
1017
1539
2636
3208
3223
2781
3099
3126
3366
3408
3634
2430
-1538
-3316
-4577
-4092
-4655
-4240
-2988
-4283
-4172
-4261
-2540
-1617
-805
366
2026
4655
5229
4602
3455
2872
1398
492
1304
1541
591
-570
-622
-284
-993
-1611
-2092
-2055
-1638
-1048
295
844
737
155
298
955
1402
1389
737
464
386
103
35
-287
-1098
-2761
-3293
-2524
-1850
-1035
-543
563
925
1703
2499
3072
2842
2468
2796
3257
3811
3815
3019
-720
-3308
-4497
-4162
-4206
-3824
-2940
-4220
-4620
-4163
-2679
-1834
-746
23
1195
3304
4740
4609
3191
2720
1579
919
1250
1714
1413
328
-223
-372
-844
-1569
-2465
-2599
-2009
-1106
-170
348
691
497
432
393
874
1014
697
727
1000
1302
784
296
-602
-1610
-2242
-2159
-1562
-1327
-835
-70
912
1598
2165
2334
2215
2260
2564
3228
3306
3672
1430
-1828
-3403
-3684
-3324
-3958
-2831
-2836
-3957
-4242
-3653
-2642
-2074
-757
426
2475
4164
4505
3227
2021
1572
884
1023
1735
1501
960
300
155
-47
-868
-1552
-2726
-2566
-1703
-932
-327
100
585
357
402
723
1106
852
391
716
1074
1431
1126
454
-102
-977
-1254
-1249
-984
-648
-460
162
660
1221
1357
1579
1916
2185
2885
3017
3101
738
-1965
-3035
-3337
-2679
-2649
-1662
-2265
-3663
-3852
-3508
-2716
-2201
-967
1
1740
3109
3420
2683
1924
1422
829
1197
1829
1406
1239
1057
571
-215
-1146
-1532
-2317
-1867
-1017
-697
-838
-727
-151
202
423
475
841
475
463
920
1439
1276
256
-278
-720
-722
-34
377
184
303
615
982
1031
1296
1403
1340
1554
2446
2983
3160
1061
-2264
-3497
-3904
-3213
-3218
-1758
-1705
-3160
-3648
-3037
-2258
-2259
-1155
-98
1707
2929
3341
2666
1528
965
672
1380
2328
2139
1532
1141
344
-218
-1083
-1411
-1959
-2048
-1426
-1292
-1011
-1000
-620
-244
146
323
454
735
880
1158
1157
811
212
-446
-318
-337
185
442
444
901
1119
1898
2024
1831
1937
1674
2106
2257
2782
2256
-899
-3020
-3835
-3392
-3803
-3271
-2392
-3109
-4034
-3859
-2469
-2265
-1567
-505
1167
2943
3146
2752
1768
1507
1405
1889
3188
3332
2034
1001
267
-451
-1538
-1961
-2080
-2300
-1983
-1620
-961
-1258
-1250
-1274
-722
-60
529
1377
1407
1622
1375
1056
495
17
-157
-634
-257
305
766
990
1134
1341
1319
1380
2037
2443
2671
2975
3076
2939
-69
-2542
-3391
-3166
-3251
-3119
-1865
-2797
-4228
-5043
-3928
-3419
-2641
-1030
383
2721
2931
2666
1726
1484
1315
1593
3219
4104
3512
2617
2138
666
-779
-1810
-2435
-2910
-3198
-2612
-1997
-1648
-1468
-1542
-1358
-716
-173
883
1583
2035
1986
1172
735
501
349
94
240
657
926
1090
1186
1231
800
642
1166
1627
2454
2793
3332
2253
-1026
-2670
-2971
-2215
-2723
-1956
-1177
-2190
-3574
-4163
-3276
-3268
-2579
-1679
177
1976
1970
1596
1115
1332
1131
2049
3635
3955
2816
2249
1688
653
-620
-1133
-1567
-2176
-2200
-1928
-1409
-1653
-1861
-2360
-1892
-1080
-59
1040
1719
1909
1229
937
794
464
6
11
456
1038
1578
1872
1714
1340
823
1070
1549
2041
2162
2075
1721
-844
-2562
-2945
-2393
-2652
-2447
-1292
-1636
-3005
-3873
-3055
-2288
-1620
-775
424
1612
1302
568
315
543
784
1349
3054
3905
3241
2598
2041
1048
-281
-900
-1176
-1783
-1974
-1764
-1917
-2286
-2225
-1871
-1306
-716
82
911
1532
1582
1038
683
469
109
-353
160
976
1250
1498
1816
1888
1461
1534
1984
2201
2446
2999
2390
-153
-1853
-2697
-2909
-3633
-3250
-2588
-3045
-3631
-4028
-3210
-2250
-895
-38
911
1810
1573
1037
975
1390
1093
1560
2550
3142
2501
2107
1429
345
-437
-627
-752
-1430
-1218
-1400
-1728
-2334
-2439
-2420
-2164
-1378
-427
630
1296
1857
1609
1530
1040
666
535
944
1323
1204
1309
1237
1101
833
1290
1755
2214
2690
3197
2198
-114
-1614
-2352
-2817
-3498
-2863
-2426
-2992
-4006
-4354
-3970
-3316
-2040
-843
585
1551
1613
1362
1745
2319
2262
2822
3691
3706
2932
2309
1353
62
-680
-829
-1603
-1975
-1743
-2036
-2518
-2516
-2351
-2542
-2213
-1238
-116
816
1672
1764
1433
1468
1136
511
577
1074
1340
1444
1821
2077
1662
1677
1669
1522
1808
2616
2520
694
-951
-1551
-1850
-2606
-2682
-2594
-3166
-4222
-4770
-4323
-3837
-3032
-2039
-631
551
854
887
1185
1705
1835
2484
3731
4352
4020
3354
2708
1711
737
-169
-846
-1320
-1651
-2289
-2826
-2778
-2956
-3328
-3002
-1676
-444
256
820
1162
1281
1097
1389
1746
1883
1868
1987
2324
2170
1759
1634
1562
1383
1097
1347
1804
1404
-17
-1178
-1247
-1420
-1861
-2000
-1833
-2908
-4354
-4542
-3866
-3079
-2480
-1369
-521
-422
-844
-919
-273
565
1264
2366
3661
4168
3810
3477
3056
1966
863
369
358
-122
-929
-1650
-2203
-2717
-3300
-3311
-2640
-1627
-705
21
575
623
412
690
1354
1871
1998
2301
2527
2369
1840
1561
1672
1744
2056
2229
2543
1916
539
-713
-1325
-1979
-2764
-2785
-2395
-2775
-3831
-4074
-3647
-3158
-2557
-1495
-352
117
-47
-79
14
189
536
1335
2422
2782
2564
2294
1812
1174
550
567
697
406
102
-113
-304
-993
-1664
-2267
-2506
-2321
-1800
-911
-275
255
324
424
784
1300
1832
2195
2366
2376
2202
1817
1605
1565
1544
1427
1320
1148
451
-152
-545
-1008
-1358
-1436
-1516
-1944
-2273
-2538
-2660
-2559
-2217
-2090
-1913
-1409
-1063
-860
-467
185
802
1454
1820
1778
1469
1199
955
724
771
529
277
76
72
-157
-642
-951
-1168
-1012
-845
-545
-325
-213
-254
-187
113
362
436
629
977
1243
1450
1686
1890
1921
1865
1861
1919
1847
1390
723
76
-384
-642
-613
-453
-574
-881
-1244
-1437
-1629
-1736
-1733
-1664
-1489
-1423
-1270
-1044
-792
-681
-506
-238
-162
-269
-246
-103
26
360
681
789
585
351
88
-224
-477
-480
-383
-251
-222
-201
50
251
314
449
592
488
275
327
633
757
922
1151
1319
1433
1693
1843
1705
1448
1338
1217
1068
1061
998
633
45
-503
-1044
-1328
-1462
-1383
-1477
-1730
-1908
-2060
-2066
-2148
-1947
-1652
-1371
-1134
-748
-398
-460
-422
-162
193
379
569
850
956
863
675
345
45
-324
-566
-507
-203
189
435
616
423
-53
-251
-11
253
439
789
1286
1567
1434
1335
1162
1180
1244
1421
1631
1577
1445
1206
895
556
295
16
-246
-654
-855
-1102
-1297
-1472
-1597
-1660
-1794
-1790
-1719
-1436
-1376
-1331
-1401
-1424
-1353
-1299
-1099
-974
-527
-126
230
392
614
778
836
861
819
921
842
805
734
710
502
198
-5
-119
-294
-216
-37
108
240
494
790
897
1184
1468
1723
1837
1730
1480
1252
1090
952
977
1235
1211
799
243
-385
-1069
-1531
-1510
-1510
-1559
-1867
-2081
-2248
-2378
-2309
-2092
-1630
-1338
-1188
-889
-534
-345
-284
-143
36
39
60
159
252
118
14
12
128
233
396
776
998
1183
1290
1357
1164
854
654
696
817
843
882
814
761
447
282
429
750
948
926
929
987
1089
1193
1290
1185
893
434
-75
-459
-788
-1093
-1428
-1625
-1753
-1924
-2122
-2316
-2495
-2632
-2557
-2362
-1991
-1615
-1522
-1388
-1058
-464
-76
210
613
730
755
807
981
1048
1105
1087
960
904
962
1041
1002
919
747
585
624
767
864
1103
1300
1473
1367
1207
1170
1052
973
812
801
771
657
419
263
60
-127
-338
-596
-774
-931
-880
-834
-671
-748
-1008
-1407
-1688
-2001
-2261
-2308
-2270
-2175
-2123
-2059
-2038
-1749
-1310
-835
-504
-185
103
399
704
854
982
1162
1314
1376
1484
1686
1743
1656
1497
1267
1084
1099
1215
1285
1139
1059
1065
1076
938
783
812
787
746
747
775
671
554
587
581
454
85
-365
-849
-1217
-1459
-1517
-1470
-1627
-1801
-1925
-2007
-2155
-2159
-1931
-1762
-1672
-1524
-1522
-1497
-1414
-1183
-966
-620
-152
51
130
188
410
537
755
987
1248
1522
1717
1893
1850
1670
1339
1137
1160
1295
1357
1419
1426
1395
1281
1137
1090
1049
1041
909
805
642
566
548
599
426
37
-281
-704
-1279
-1790
-1887
-1805
-1695
-1598
-1592
-1803
-2006
-2049
-2012
-1897
-1717
-1622
-1557
-1400
-1196
-972
-718
-489
-412
-369
-300
-108
-6
267
630
1046
1342
1411
1479
1482
1442
1343
1369
1395
1437
1351
1318
1315
1344
1396
1390
1421
1411
1358
1213
1037
803
717
717
718
692
607
442
138
-287
-769
-1254
-1535
-1648
-1745
-1800
-1793
-1852
-2138
-2470
-2703
-2706
-2626
-2362
-1985
-1648
-1344
-977
-492
-158
-37
44
270
447
600
791
1049
1190
1104
1073
1087
1076
959
905
1008
1104
1156
1237
1374
1402
1407
1534
1731
1738
1646
1568
1398
1128
896
795
704
608
558
388
180
-155
-532
-939
-1243
-1385
-1487
-1494
-1544
-1664
-1948
-2158
-2323
-2315
-2285
-2196
-2166
-2203
-2165
-1957
-1507
-1057
-717
-506
-243
-35
124
329
654
968
1135
1331
1547
1702
1757
1861
1948
1871
1703
1594
1499
1413
1356
1388
1414
1421
1377
1196
926
695
669
732
785
851
849
713
432
60
-336
-736
-997
-1229
-1340
-1490
-1659
-1907
-2158
-2340
-2436
-2279
-2105
-1949
-1910
-1863
-1868
-1863
-1671
-1396
-1115
-874
-630
-398
-161
82
313
482
710
962
1259
1497
1701
1875
1988
2029
1945
1923
1893
1959
2018
2078
2086
2002
1844
1577
1281
1080
941
829
684
490
160
-223
-578
-860
-1019
-1097
-1047
-1049
-1090
-1282
-1594
-1872
-2080
-2188
-2154
-1960
-1843
-1792
-1664
-1488
-1468
-1464
-1346
-1219
-1110
-891
-579
-258
-34
107
153
219
355
510
760
966
1203
1391
1648
1793
1919
1977
2053
2126
2183
2180
2104
2072
1872
1641
1408
1304
1127
1052
907
598
198
-279
-697
-1131
-1273
-1308
-1285
-1287
-1450
-1698
-1925
-2081
-2173
-2164
-2073
-1893
-1737
-1507
-1390
-1339
-1345
-1319
-1258
-1140
-919
-589
-273
-15
189
356
504
592
759
959
1193
1318
1387
1379
1337
1301
1348
1593
1790
1925
2048
2098
1940
1601
1413
1347
1313
1345
1426
1270
880
381
-149
-696
-1038
-1098
-1152
-1234
-1348
-1536
-1850
-2092
-2225
-2182
-2070
-1899
-1785
-1678
-1532
-1455
-1389
-1265
-1118
-980
-710
-385
-145
-26
67
38
-53
-62
129
452
839
1184
1420
1529
1452
1340
1348
1524
1741
1986
2211
2330
2192
1846
1557
1334
1241
1119
1077
1012
724
308
-134
-490
-799
-932
-974
-991
-1188
-1437
-1706
-1925
-2033
-2033
-1912
-1792
-1714
-1666
-1627
-1560
-1466
-1441
-1391
-1197
-903
-624
-342
-30
167
232
284
432
584
715
907
1105
1255
1280
1337
1446
1527
1567
1620
1721
1808
1776
1598
1456
1425
1397
1373
1406
1329
989
585
231
-131
-414
-529
-608
-801
-999
-1187
-1428
-1705
-1961
-2067
-2070
-2056
-2021
-1964
-1856
-1888
-1841
-1659
-1427
-1203
-954
-650
-472
-361
-232
-31
126
330
622
971
1245
1425
1504
1469
1380
1342
1407
1544
1805
2007
2116
2015
1729
1373
1103
983
913
900
919
819
596
256
-80
-369
-522
-598
-690
-838
-1052
-1310
-1545
-1648
-1652
-1566
-1511
-1496
-1535
-1647
-1749
-1721
-1577
-1366
-1152
-924
-739
-617
-549
-519
-495
-421
-230
84
476
792
1027
1200
1268
1330
1405
1585
1847
2129
2316
2337
2212
2022
1827
1658
1474
1294
1109
826
461
79
-276
-593
-743
-826
-932
-1109
-1213
-1341
-1446
-1498
-1476
-1434
-1396
-1384
-1391
-1301
-1270
-1198
-1120
-1009
-936
-809
-628
-515
-416
-370
-344
-318
-217
-52
209
497
664
728
789
868
932
1115
1372
1558
1636
1616
1536
1490
1477
1494
1520
1481
1315
1084
825
566
395
375
335
131
-214
-645
-1054
-1414
-1652
-1736
-1650
-1590
-1606
-1652
-1694
-1765
-1781
-1636
-1445
-1161
-835
-529
-377
-257
-181
-104
7
126
321
506
680
745
746
707
697
732
870
1030
1155
1164
1029
865
762
809
948
1124
1230
1204
981
644
365
204
177
145
130
11
-178
-390
-637
-796
-882
-911
-903
-867
-899
-1029
-1137
-1213
-1297
-1275
-1112
-910
-757
-637
-613
-603
-578
-496
-277
79
397
586
721
737
680
643
704
847
1007
1105
1065
932
795
669
623
683
730
666
486
258
29
-112
-115
-78
-59
-134
-220
-317
-422
-501
-507
-460
-452
-460
-474
-455
-431
-413
-410
-369
-359
-369
-362
-321
-237
-176
-103
-61
-32
-10
17
65
133
178
206
230
260
321
408
451
406
388
372
327
321
388
419
416
365
259
109
16
4
-46
-106
-230
-353
-508
-574
-573
-455
-330
-283
-264
-307
-326
-343
-262
-158
-92
-31
60
101
87
64
135
221
253
337
442
466
423
413
404
369
316
319
282
124
-67
-184
-233
-270
-266
-191
-168
-232
-321
-395
-423
-421
-364
-285
-201
-191
-246
-306
-339
-317
-215
-46
77
132
186
188
130
102
170
241
297
358
368
355
340
355
314
269
288
363
444
491
516
456
372
289
213
102
-38
-83
-53
-64
-147
-169
-214
-360
-522
-585
-632
-656
-650
-636
-627
-683
-721
-743
-719
-711
-621
-410
-205
-118
-9
121
174
210
353
516
616
701
767
796
768
750
726
733
750
720
701
666
599
510
449
388
267
95
-19
-78
-114
-148
-175
-219
-388
-591
-777
-857
-870
-792
-732
-737
-767
-842
-905
-952
-912
-760
-563
-363
-224
-117
-45
2
92
232
376
517
671
767
796
794
768
735
739
782
842
887
902
867
788
692
596
517
435
301
162
23
-135
-280
-405
-530
-684
-818
-937
-1025
-1018
-953
-904
-862
-850
-879
-871
-841
-789
-685
-519
-390
-288
-171
-51
36
116
249
353
465
563
647
737
791
831
869
925
910
922
1002
1046
996
954
912
770
569
381
273
158
16
-107
-250
-469
-682
-844
-959
-1061
-1072
-1042
-1024
-983
-927
-880
-863
-871
-890
-835
-732
-589
-419
-218
-46
92
215
303
366
475
629
774
912
1003
1019
939
868
833
841
881
856
799
698
574
423
303
203
123
43
-68
-178
-268
-366
-505
-637
-717
-748
-718
-631
-566
-558
-598
-665
-749
-788
-771
-682
-564
-446
-347
-255
-184
-121
-40
111
280
415
550
626
667
659
673
681
707
735
726
732
728
709
653
590
491
371
255
155
36
-89
-219
-377
-542
-687
-770
-810
-807
-764
-713
-683
-685
-684
-676
-638
-593
-522
-423
-304
-189
-78
57
188
312
419
512
583
661
723
748
758
730
677
627
576
513
466
447
437
397
350
283
172
71
-35
-157
-266
-353
-463
-591
-701
-797
-882
-910
-855
-767
-686
-608
-533
-514
-531
-538
-496
-431
-355
-231
-105
7
92
213
341
462
579
672
782
861
932
959
993
978
922
855
760
683
638
642
605
555
476
348
189
-2
-202
-382
-525
-689
-855
-980
-1071
-1152
-1172
-1156
-1112
-1056
-981
-934
-901
-831
-757
-660
-544
-407
-284
-132
16
178
355
522
698
845
987
1073
1145
1186
1195
1162
1119
1054
958
844
724
620
540
502
461
424
338
207
32
-153
-345
-540
-670
-753
-838
-944
-1030
-1081
-1127
-1145
-1126
-1051
-945
-860
-753
-636
-530
-479
-423
-328
-223
-90
88
263
353
434
533
637
733
878
1006
1053
1080
1033
951
879
816
751
680
618
547
461
347
214
68
-72
-202
-354
-471
-570
-677
-785
-866
-941
-996
-1000
-973
-919
-822
-708
-601
-507
-450
-370
-268
-142
5
156
264
308
341
404
475
536
632
735
802
831
826
781
740
707
670
617
531
442
352
258
111
-18
-139
-272
-400
-502
-576
-646
-718
-761
-792
-820
-831
-790
-694
-630
-575
-520
-454
-408
-323
-194
-69
43
161
250
309
391
492
635
745
808
829
827
802
769
763
734
675
585
489
358
251
184
129
52
-35
-122
-234
-365
-514
-626
-692
-749
-813
-835
-864
-902
-894
-825
-735
-626
-523
-440
-369
-302
-225
-143
-63
26
127
248
359
448
533
628
700
761
846
931
996
1021
991
904
797
676
546
440
365
293
205
79
-34
-136
-243
-316
-379
-457
-564
-690
-803
-925
-1002
-1030
-1036
-998
-944
-862
-758
-664
-585
-479
-359
-251
-144
-9
126
229
322
384
445
518
604
710
826
915
945
944
895
823
763
733
655
532
428
314
193
87
10
-61
-116
-162
-222
-299
-383
-469
-545
-628
-707
-742
-741
-737
-709
-648
-575
-508
-444
-369
-295
-219
-142
-26
86
159
226
280
298
311
339
393
434
488
542
549
539
514
481
429
364
298
236
170
109
43
5
-47
-117
-179
-239
-296
-363
-419
-468
-501
-520
-542
-545
-518
-493
-438
-350
-264
-156
-54
38
100
174
248
298
360
424
468
489
495
476
459
454
462
469
465
453
402
324
234
120
24
-56
-137
-191
-229
-284
-367
-417
-451
-503
-523
-521
-526
-551
-554
-539
-538
-528
-484
-417
-346
-264
-165
-61
36
127
221
307
386
435
488
542
551
565
579
577
569
556
547
531
514
495
459
425
359
274
186
83
-45
-166
-269
-349
-419
-457
-493
-554
-592
-623
-637
-639
-624
-595
-560
-529
-508
-476
-428
-371
-320
-232
-145
-64
19
98
180
240
311
386
460
497
499
515
533
530
517
508
482
443
417
388
364
322
283
227
164
92
23
-22
-79
-122
-179
-237
-278
-319
-355
-387
-405
-412
-400
-385
-369
-344
-305
-272
-230
-179
-157
-150
-132
-84
-48
-5
70
127
154
163
163
180
194
204
230
249
255
242
212
159
102
83
81
61
51
40
26
4
-4
-13
-11
-2
-13
-38
-54
-66
-90
-104
-115
-125
-112
-79
-45
-1
61
87
101
112
111
107
102
98
82
57
46
35
3
-22
-38
-52
-65
-62
-34
-10
-14
-38
-80
-135
-175
-202
-217
-225
-221
-216
-206
-194
-192
-169
-130
-91
-62
-28
-4
-1
13
24
43
75
110
141
173
204
235
275
318
339
345
363
369
369
357
316
251
198
151
92
57
37
1
-20
-54
-104
-153
-203
-251
-286
-316
-343
-363
-376
-393
-396
-377
-374
-349
-322
-284
-232
-185
-130
-70
-28
-5
23
56
94
126
174
211
222
242
261
291
311
336
352
339
309
264
231
208
172
150
128
85
43
-2
-16
-42
-54
-56
-70
-89
-113
-134
-141
-147
-165
-158
-155
-161
-184
-195
-204
-211
-196
-164
-134
-106
-75
-60
-39
-12
18
48
85
95
114
133
129
128
127
127
121
119
119
98
70
48
7
-19
-22
-18
-23
-28
-39
-66
-85
-105
-106
-80
-57
-38
-5
10
3
5
2
18
39
61
86
97
107
108
114
127
132
148
162
163
143
123
97
54
12
-8
-33
-57
-73
-100
-132
-182
-209
-224
-219
-207
-199
-178
-169
-188
-185
-177
-190
-182
-156
-129
-111
-91
-65
-36
-7
30
75
113
133
159
170
190
210
229
250
254
259
255
245
230
205
191
185
169
155
145
124
83
45
20
-17
-52
-73
-100
-130
-163
-195
-214
-229
-246
-258
-259
-263
-275
-267
-267
-268
-249
-212
-176
-139
-94
-59
-35
-3
36
77
116
148
181
209
228
230
229
232
226
227
244
234
213
202
173
145
144
136
116
95
53
8
-27
-65
-89
-94
-104
-126
-143
-167
-183
-191
-190
-178
-170
-150
-136
-129
-120
-107
-87
-63
-44
-34
-25
-9
1
15
37
49
55
66
63
63
73
84
90
82
79
75
71
64
56
57
45
25
9
-11
-22
-31
-52
-67
-76
-75
-72
-58
-34
-13
-5
-13
-29
-31
-23
-9
21
49
67
76
82
82
77
82
100
113
117
118
119
104
76
46
13
-10
-27
-33
-35
-46
-63
-80
-96
-112
-125
-135
-140
-144
-161
-191
-211
-208
-208
-195
-164
-135
-107
-80
-47
-21
-2
35
75
103
127
150
177
191
189
206
230
244
253
261
264
264
258
244
222
191
151
113
72
32
-9
-38
-70
-107
-128
-142
-167
-192
-213
-241
-262
-283
-298
-299
-296
-287
-282
-266
-262
-239
-204
-161
-107
-44
9
38
73
91
113
137
166
191
215
234
240
243
242
245
257
283
293
291
275
239
188
142
111
83
62
46
11
-30
-78
-130
-165
-198
-207
-205
-206
-220
-240
-246
-266
-274
-267
-259
-234
-210
-185
-151
-118
-91
-57
-14
26
62
106
136
146
163
174
185
196
215
232
240
245
243
233
210
182
158
143
123
100
75
40
-2
-49
-92
-134
-162
-181
-187
-184
-193
-192
-195
-201
-201
-192
-182
-170
-164
-149
-125
-109
-80
-47
-27
1
27
53
80
112
145
169
180
188
198
199
188
182
183
170
157
143
131
109
79
59
36
19
-3
-25
-52
-88
-115
-134
-154
-163
-166
-160
-163
-173
-170
-170
-161
-153
-144
-121
-109
-95
-72
-46
-21
-3
27
60
83
107
132
147
166
186
203
204
206
192
177
172
144
124
113
100
73
44
15
-20
-47
-67
-86
-101
-106
-128
-145
-162
-175
-177
-172
-162
-160
-147
-135
-115
-105
-94
-83
-62
-33
1
42
69
90
93
100
109
120
135
157
165
160
151
131
114
104
101
90
86
76
51
31
8
-9
-23
-36
-49
-66
-86
-101
-116
-127
-140
-146
-147
-150
-142
-136
-126
-119
-124
-111
-98
-77
-50
-25
7
25
43
65
83
97
122
140
155
160
168
167
154
147
137
135
127
118
104
82
55
27
4
-25
-51
-68
-85
-102
-106
-121
-133
-146
-162
-166
-165
-151
-140
-123
-106
-96
-89
-86
-75
-57
-35
-12
18
34
53
73
87
91
106
124
126
134
143
144
140
133
116
110
108
97
96
93
81
59
31
5
-15
-33
-48
-60
-71
-75
-93
-110
-123
-129
-130
-118
-111
-105
-95
-92
-90
-95
-91
-72
-57
-34
-13
1
12
19
33
52
73
95
111
114
116
101
93
87
83
86
84
72
60
50
24
11
6
-2
-12
-16
-26
-44
-62
-72
-79
-92
-86
-86
-79
-72
-67
-56
-51
-47
-34
-14
-4
-1
9
21
22
30
45
56
60
75
87
88
93
92
86
80
69
59
58
50
28
12
-7
-31
-44
-50
-63
-72
-79
-79
-84
-97
-103
-107
-111
-105
-99
-96
-90
-86
-77
-68
-58
-42
-22
-13
1
18
38
53
61
75
97
108
111
118
117
120
116
117
117
115
106
95
77
53
46
28
11
2
-10
-20
-34
-53
-69
-75
-90
-101
-102
-102
-106
-101
-102
-104
-94
-94
-90
-76
-67
-56
-43
-41
-37
-22
-11
1
22
42
54
65
75
88
94
108
111
104
102
92
83
81
69
65
61
45
30
22
12
4
0
-5
-6
-15
-33
-45
-52
-68
-75
-77
-80
-79
-75
-68
-64
-54
-50
-37
-25
-22
-10
-2
3
7
5
5
12
15
21
26
31
36
31
27
24
25
27
32
26
23
16
1
-4
-2
-3
5
11
8
10
7
6
5
1
2
2
-1
-8
-10
-6
-3
-6
-7
-2
4
1
4
13
16
15
13
6
4
8
6
2
-5
-14
-20
-22
-24
-18
-12
-10
-21
-27
-33
-37
-38
-38
-29
-25
-30
-38
-39
-42
-37
-26
-19
-10
3
5
3
8
16
26
37
42
51
63
68
66
64
59
59
64
66
64
59
53
45
29
17
10
0
-2
-11
-25
-27
-44
-59
-63
-72
-77
-71
-70
-66
-64
-65
-68
-72
-66
-62
-53
-40
-28
-22
-11
-7
-7
2
16
34
50
63
75
80
79
78
74
74
76
75
70
69
56
45
37
29
25
24
19
13
3
-5
-15
-31
-35
-37
-44
-56
-66
-67
-67
-69
-74
-71
-65
-63
-57
-51
-54
-40
-27
-21
-14
-11
0
10
13
22
39
53
59
65
69
64
61
64
63
59
52
49
42
33
20
14
11
-3
-3
-4
-20
-32
-37
-44
-45
-54
-57
-53
-54
-54
-56
-52
-49
-43
-32
-15
-9
0
13
17
19
26
30
32
38
45
46
45
40
34
37
32
30
32
35
27
18
14
5
-2
0
-6
-14
-21
-30
-31
-36
-44
-44
-42
-43
-43
-43
-46
-49
-46
-43
-38
-29
-21
-10
-9
-8
-4
7
15
21
42
50
53
55
54
55
58
58
60
55
54
53
41
41
34
33
29
18
4
-4
-7
-21
-34
-41
-44
-54
-60
-67
-70
-71
-69
-62
-61
-54
-50
-44
-37
-37
-33
-21
-16
-12
2
7
12
19
30
39
46
54
61
65
65
62
61
61
55
53
50
45
40
35
28
16
14
10
6
0
-10
-16
-25
-42
-46
-44
-57
-56
-54
-64
-59
-57
-63
-55
-51
-47
-33
-31
-24
-17
-12
-4
-8
0
16
25
33
44
46
47
45
39
41
41
47
47
47
36
29
24
16
13
7
9
8
4
-4
-12
-22
-29
-32
-37
-36
-33
-34
-38
-36
-39
-38
-33
-30
-25
-22
-15
-14
-6
-2
3
9
12
17
24
29
31
35
37
40
35
35
35
35
33
27
26
21
13
12
6
3
1
-6
-13
-20
-27
-30
-44
-47
-48
-53
-51
-54
-53
-45
-40
-38
-31
-29
-17
-5
4
9
16
25
26
25
29
35
44
49
53
54
54
51
54
49
47
41
37
37
28
23
13
8
1
-4
-15
-21
-32
-35
-32
-40
-43
-44
-48
-49
-50
-55
-54
-51
-47
-40
-34
-24
-24
-19
-12
-11
-5
4
15
19
26
32
34
32
38
40
46
53
57
61
57
55
52
46
44
43
34
30
21
7
3
-4
-15
-19
-26
-32
-37
-43
-46
-45
-51
-50
-52
-51
-50
-49
-47
-48
-44
-42
-36
-32
-25
-17
-3
5
6
12
19
24
30
38
40
44
46
46
51
47
44
41
40
35
33
29
24
18
18
13
1
-2
-12
-11
-13
-20
-22
-25
-30
-32
-35
-37
-34
-32
-31
-26
-26
-23
-22
-21
-21
-15
-11
-7
0
6
10
11
13
13
16
23
31
30
31
30
28
28
27
30
22
23
23
16
13
7
2
4
3
0
-4
-9
-9
-16
-20
-25
-29
-28
-30
-26
-26
-29
-25
-21
-15
-10
-6
-1
5
9
11
12
16
14
18
22
22
27
26
26
23
22
22
19
17
14
13
12
6
-5
-11
-15
-19
-22
-24
-31
-33
-29
-31
-29
-30
-29
-25
-22
-19
-22
-19
-15
-12
-8
1
0
3
12
16
19
22
29
37
38
37
38
33
34
33
31
32
28
26
20
13
10
8
6
0
-7
-11
-13
-21
-31
-32
-33
-36
-35
-45
-49
-45
-45
-38
-40
-41
-33
-25
-19
-20
-19
-15
-8
-2
5
11
16
30
35
38
43
41
43
52
53
53
49
48
47
37
34
26
25
24
14
12
3
-4
-6
-17
-18
-21
-32
-35
-39
-48
-51
-51
-49
-50
-48
-44
-43
-42
-37
-36
-29
-17
-13
-5
-5
-3
9
10
11
20
24
33
41
43
43
43
40
39
45
47
45
41
39
38
31
23
15
14
16
9
1
-10
-15
-18
-27
-28
-29
-35
-35
-37
-38
-41
-44
-36
-36
-34
-28
-24
-21
-20
-14
-11
-4
-6
-5
8
12
19
21
20
25
23
21
26
26
30
35
33
26
25
22
12
11
16
15
13
5
1
4
-5
-16
-18
-14
-13
-13
-21
-22
-22
-25
-24
-29
-27
-24
-23
-20
-19
-17
-11
-8
-5
0
3
6
9
12
12
13
17
17
17
17
24
21
20
19
15
13
11
9
5
3
-1
-8
-9
-7
-14
-15
-16
-13
-12
-14
-17
-12
-7
-8
-11
-12
-6
-1
-1
-2
5
5
4
10
9
11
17
15
20
20
15
11
9
11
11
10
6
7
6
6
3
6
0
1
0
-4
-6
-14
-19
-16
-14
-22
-19
-19
-22
-20
-21
-19
-11
-10
-10
-7
-6
-3
-1
-4
-1
7
13
12
10
16
23
19
21
28
26
26
28
27
28
21
15
17
15
7
3
6
2
-2
-5
-14
-15
-17
-19
-17
-21
-27
-28
-28
-30
-27
-23
-26
-20
-16
-18
-17
-15
-9
-4
-3
2
5
10
7
9
17
19
19
19
22
24
23
23
23
25
22
21
19
17