3
7
-2
-2
-1
-3
2
-2
0
2
-1
1
-1
-1
1
3
5
-1
0
0
2
1
-3
2
1
0
2
-1
-4
2
2
-1
0
4
2
-3
-1
2
0
1
1
-2
0
-1
0
-2
0
1
1
3
-2
0
3
1
2
-1
0
0
-1
-2
-3
2
3
-3
1
0
-1
3
0
1
1
0
2
1
-3
1
-1
-3
1
0
2
0
0
0
1
3
0
3
2
-1
1
-3
-5
2
4
-3
-1
-2
-1
4
2
-1
-1
4
0
0
1
-1
3
-3
-2
2
-6
0
5
-4
-4
4
-3
-1
4
1
-3
2
1
1
0
-4
2
-3
1
3
-2
-1
-2
3
1
0
4
4
-2
0
0
-2
5
-1
4
-5
0
2
-2
5
1
4
-1
5
1
0
2
3
5
-1
2
2
-3
1
3
-2
5
4
0
6
1
1
3
4
4
2
2
2
1
-1
4
3
1
2
0
5
2
1
5
1
2
1
3
0
3
1
0
0
0
4
1
0
0
2
1
1
1
2
1
-1
-1
1
-2
-1
1
0
-5
-2
1
-3
3
1
-4
-5
2
-3
0
0
-4
1
-6
-2
-6
0
0
1
-5
-4
-2
-4
3
-2
0
-3
-7
-1
-4
-4
3
-8
-4
0
-3
-1
1
-2
-1
-6
0
-2
-1
3
-5
-3
-3
0
0
1
0
0
-1
1
-4
3
2
0
1
-2
0
-1
4
-1
-1
3
3
1
1
0
0
2
1
5
2
-3
2
3
1
1
5
-1
1
4
-1
2
0
-1
-1
4
1
0
2
-1
-2
0
1
1
-3
0
3
-7
-1
3
-2
-3
3
-3
-3
3
-3
-5
0
-4
-4
-3
1
-1
-3
-4
-5
0
3
2
-5
-6
0
1
-4
-3
-2
2
-3
1
-3
-7
2
4
2
1
-5
-2
3
-1
4
0
-3
-3
6
2
-1
5
0
0
3
2
-1
4
6
2
0
1
4
5
3
2
-1
2
2
6
4
0
2
4
1
6
5
-1
5
1
1
5
-1
4
-2
-1
5
2
1
-4
1
4
4
2
-2
-5
1
-2
1
2
-3
-2
-3
-3
-3
4
-2
1
0
-3
-3
-4
-1
-2
0
-1
-2
-8
-3
-1
-7
0
0
-5
-1
-7
-4
2
0
-2
0
-3
-7
-4
-4
-3
3
-1
-6
-2
0
-1
0
-1
-3
-4
1
-4
-2
0
-4
3
-1
-3
-1
0
-3
0
-1
-3
0
1
6
-3
-2
-3
0
3
5
1
-9
2
0
0
3
0
5
-5
0
-2
0
5
4
0
-1
-1
-2
1
0
0
-3
3
4
-4
4
3
-2
7
2
-5
0
-2
-1
6
-3
0
3
0
3
1
0
4
-1
-3
0
1
3
1
-1
-1
2
1
2
4
-2
1
-1
-1
4
2
-2
0
2
0
4
-1
0
1
2
1
-2
-4
4
0
-4
2
-1
2
-2
1
0
4
2
-1
-3
-6
4
-1
1
-1
-1
-1
1
2
1
2
1
0
-2
-1
-5
3
1
-2
0
-3
0
3
-1
-1
1
-2
4
2
-3
0
-1
3
-1
-3
4
-3
-2
7
1
-4
3
4
-2
-2
-3
0
5
5
1
-4
1
1
3
7
-3
-1
0
-2
0
1
5
5
4
-1
-4
5
4
-1
5
1
0
-1
2
1
4
5
-1
1
3
0
0
5
-2
1
7
1
2
-1
-2
2
2
3
3
0
0
-5
-2
2
-1
-3
-1
2
-3
-2
0
2
2
1
-2
-6
-3
-1
-2
-2
-6
-4
-1
2
-2
-1
-6
-7
1
-2
-5
-2
2
-6
-1
-3
-7
-8
0
-3
-4
-3
-8
1
0
0
0
-2
-5
-3
-3
-1
-3
-5
-3
0
2
-1
-1
-3
-5
1
1
2
1
1
3
4
-1
-2
2
3
8
-3
-6
5
2
4
5
-3
3
5
3
4
1
5
8
1
7
8
0
0
-1
0
5
4
1
-1
6
8
5
4
-1
2
4
0
-1
0
4
4
1
4
2
4
-1
-4
0
-1
-7
5
1
-2
-1
-3
6
2
-1
-1
-2
-4
-5
-2
0
-2
-6
-3
0
-5
0
0
-4
3
2
-2
-1
-1
-6
1
-1
-3
-2
-3
-5
-3
-1
-1
2
-1
2
0
3
2
-5
2
6
0
1
1
-6
-6
-1
5
5
0
1
7
-3
1
8
0
5
-1
2
-1
-2
10
-2
4
2
-1
-1
-3
3
3
5
2
1
3
5
9
2
-3
3
-4
-8
1
4
5
0
-1
3
5
-2
2
2
-7
-2
-2
1
3
2
5
-9
1
3
-2
5
-10
-2
-7
-13
10
-3
7
-3
-6
7
-16
8
-6
-8
12
-12
1
-5
-15
11
-7
2
1
-15
6
-13
6
1
-10
3
-8
3
-1
-1
3
-11
2
1
-6
3
-11
-2
2
-11
2
-4
-1
12
0
3
-1
-1
1
-3
-6
0
-6
-5
12
-13
8
-2
-2
9
-4
14
-3
4
-3
-1
7
-6
12
1
-7
13
-18
3
8
-7
23
-12
9
12
-18
21
-5
-2
16
-16
16
3
-1
-2
-9
12
-9
14
-5
-3
11
-16
23
-3
-14
28
-17
6
4
-19
12
-13
2
8
-7
-2
7
1
-4
9
-9
-2
6
-12
11
-10
-9
10
-22
16
3
-9
26
-22
-3
-2
-9
7
-10
12
-9
-5
4
-4
14
-16
14
0
-18
33
-24
-3
10
-23
24
-10
2
20
-25
13
0
-14
20
-8
13
-4
-5
3
-9
19
-2
4
1
-6
5
-4
-6
7
-11
14
13
-18
36
-15
-8
29
-31
22
-4
-15
27
-42
14
7
-13
27
-13
12
-7
-1
22
-22
12
-10
-11
18
-26
14
-5
-18
37
-36
19
25
-48
53
-40
0
25
-47
44
-25
3
20
-36
28
-8
-13
18
-18
8
-5
1
9
-22
19
-4
-4
7
-7
8
-15
-5
23
-30
14
4
-16
15
-11
18
-4
-15
30
-27
-9
18
-22
22
-25
17
1
-27
38
-12
15
-7
-16
11
-26
9
13
-35
41
-35
5
23
-41
59
-48
46
-26
-32
64
-81
64
-58
24
27
-88
104
-80
37
25
-74
98
-83
21
51
-109
103
-50
-20
85
-126
127
-65
-30
122
-173
167
-96
-3
102
-163
187
-138
47
95
-191
217
-158
36
106
-195
225
-163
38
110
-199
216
-131
19
102
-155
167
-106
8
110
-181
189
-119
33
55
-127
170
-154
82
36
-101
110
-71
19
48
-103
124
-84
-8
89
-125
105
-49
2
20
-42
27
14
-63
74
-44
-24
80
-117
138
-152
115
-28
-75
126
-171
147
-121
66
-5
-32
44
-37
21
-37
58
-89
103
-104
57
-19
-32
55
-61
47
-6
-26
35
-2
-47
86
-118
123
-95
25
56
-111
103
-50
17
16
-8
-9
69
-131
149
-86
-37
159
-210
189
-98
5
111
-175
155
-29
-112
206
-197
116
29
-159
277
-290
222
-64
-115
243
-284
254
-166
45
100
-196
217
-140
37
104
-177
195
-159
38
100
-219
269
-217
87
57
-165
192
-130
25
102
-172
144
-61
-75
167
-204
174
-104
20
37
-93
97
-92
63
-51
26
23
-86
112
-78
-15
95
-166
165
-119
16
79
-142
133
-82
16
6
16
-68
80
-73
16
52
-113
139
-118
66
10
-82
121
-132
110
-86
45
3
-55
79
-69
45
-8
-20
52
-43
17
47
-96
86
-73
55
-51
44
2
-39
95
-108
113
-96
34
59
-146
166
-131
58
54
-149
220
-196
130
-8
-116
178
-187
116
-17
-75
139
-125
60
56
-153
183
-137
32
75
-114
59
56
-157
201
-166
62
96
-218
243
-179
67
30
-80
64
-13
-33
85
-73
50
-15
-38
83
-125
166
-177
141
-61
-58
172
-186
128
5
-105
129
-61
-70
200
-267
191
-10
-187
307
-272
158
-9
-94
89
-27
-57
102
-66
-46
165
-231
192
-93
26
-21
46
-72
38
19
-130
225
-270
235
-110
-61
145
-153
76
-20
-1
6
-27
42
-65
66
-74
18
73
-200
234
-184
19
156
-233
193
-90
-37
111
-114
12
135
-251
224
-94
-101
246
-288
238
-117
-18
152
-247
237
-142
18
88
-151
193
-197
132
24
-169
244
-207
127
-4
-85
117
-98
22
84
-85
0
164
-292
336
-290
191
-16
-145
281
-315
265
-134
24
58
-106
130
-107
53
26
-66
64
-26
0
35
-60
67
-19
-62
137
-166
138
-82
26
33
-83
93
-72
19
11
-2
-31
36
-8
-36
74
-104
117
-87
-18
122
-214
239
-212
135
-37
-84
196
-271
293
-259
163
-75
-20
92
-131
96
-44
-5
35
-13
-6
16
-38
12
18
-69
90
-58
-38
154
-235
278
-236
139
-15
-92
151
-165
120
-87
57
-69
108
-144
170
-135
70
51
-161
234
-261
216
-130
13
74
-123
118
-65
10
45
-33
-14
97
-166
160
-100
-36
179
-282
310
-247
145
-30
-49
103
-111
90
-82
71
-97
123
-128
106
-56
7
51
-88
111
-110
82
-53
7
20
-55
71
-35
-32
112
-141
117
-42
-51
106
-109
49
32
-106
140
-122
65
18
-84
128
-150
152
-146
125
-71
-28
166
-273
329
-289
179
-45
-66
92
-51
-9
31
38
-135
235
-239
163
5
-210
364
-426
347
-166
-67
312
-455
514
-456
335
-178
28
84
-161
198
-201
187
-131
111
-103
139
-173
156
-98
-24
154
-260
318
-278
208
-93
5
40
-42
7
13
-41
31
-16
11
-7
-31
115
-227
361
-433
395
-258
23
161
-261
238
-149
60
-63
156
-303
412
-392
238
15
-309
484
-553
474
-338
199
-121
107
-119
106
-35
-111
286
-453
563
-607
537
-419
235
-18
-190
358
-431
399
-304
202
-154
169
-213
248
-247
169
-26
-155
311
-369
369
-313
240
-182
129
-94
64
-6
-72
170
-242
303
-319
313
-284
221
-112
-12
125
-190
203
-165
127
-72
40
-17
-20
39
-76
93
-41
-54
173
-256
298
-287
252
-168
28
106
-227
294
-314
326
-314
260
-164
43
84
-207
315
-386
368
-276
133
40
-196
339
-438
433
-314
115
96
-265
352
-356
280
-153
28
72
-71
11
41
-49
7
70
-165
223
-226
135
22
-167
227
-179
89
12
-106
181
-206
168
-91
-6
32
-12
-30
73
-101
78
-17
-116
270
-394
424
-380
257
-78
-135
318
-390
323
-159
-14
123
-163
110
-21
-81
104
-53
-63
203
-244
210
-108
-6
126
-216
246
-195
95
-1
-39
53
-10
-42
142
-224
216
-81
-142
388
-555
569
-403
149
155
-354
401
-293
115
21
-69
24
70
-168
246
-214
87
121
-345
492
-539
438
-224
-111
451
-700
715
-505
181
165
-429
556
-503
271
-6
-226
296
-277
191
-90
-15
81
-102
41
5
-54
48
-55
64
-63
2
94
-204
290
-319
281
-181
-15
202
-349
371
-290
192
-133
107
-76
16
68
-190
309
-407
441
-347
207
-43
-55
138
-209
289
-322
334
-287
200
-62
-59
155
-181
182
-151
179
-236
286
-298
252
-131
42
56
-107
176
-214
239
-216
167
-108
5
28
3
-106
225
-300
288
-174
-16
219
-373
380
-308
150
-21
-52
6
95
-211
254
-208
81
40
-170
213
-255
248
-268
271
-301
276
-211
56
136
-316
419
-426
338
-193
51
70
-156
196
-232
263
-245
125
45
-217
282
-257
175
-92
60
-50
81
-50
-7
166
-306
405
-403
312
-177
53
38
-91
112
-78
65
-44
77
-127
186
-210
234
-254
270
-225
83
116
-261
360
-334
258
-134
25
37
-40
-10
45
-64
42
-45
18
47
-127
209
-216
176
-113
64
-37
1
17
-23
18
-17
36
-60
66
-57
61
-80
99
-112
81
-52
-16
68
-136
162
-108
19
55
-28
-76
197
-236
160
3
-208
356
-393
280
-75
-121
188
-148
9
120
-222
231
-145
0
166
-237
249
-185
144
-103
72
-34
-30
72
-70
32
19
-24
-59
189
-324
406
-361
223
-26
-167
287
-306
299
-232
115
-6
-63
55
35
-148
246
-281
233
-123
-49
230
-387
438
-406
275
-109
-53
178
-186
115
14
-99
119
-68
-49
193
-360
430
-392
217
51
-328
496
-499
350
-114
-147
308
-375
291
-129
-98
274
-390
393
-275
68
148
-285
336
-303
221
-177
96
-14
-76
111
-122
88
-65
86
-125
224
-275
267
-177
51
77
-163
243
-288
308
-285
234
-113
-52
270
-443
520
-489
366
-169
-7
128
-201
210
-205
282
-402
523
-535
414
-226
23
175
-291
382
-431
426
-384
300
-189
89
-50
70
-145
174
-104
-79
330
-525
643
-586
413
-156
-113
279
-350
309
-199
126
-94
107
-144
170
-168
144
-92
-5
85
-213
283
-291
254
-117
15
45
26
-149
261
-297
208
-69
-93
221
-253
206
-105
-1
51
-2
-92
178
-202
157
-82
28
-15
84
-165
185
-118
-46
217
-355
436
-440
365
-284
168
-99
67
-99
106
-67
-48
201
-351
468
-509
495
-410
296
-127
-99
328
-489
509
-397
241
-91
7
7
28
-2
-27
142
-228
323
-378
349
-256
85
102
-255
327
-275
162
24
-191
331
-356
325
-192
-46
258
-412
436
-385
287
-186
103
-69
58
-49
29
47
-128
175
-189
157
-114
53
13
-36
4
74
-172
222
-230
190
-165
87
-50
-26
109
-209
292
-356
345
-244
90
55
-166
217
-233
216
-213
195
-219
236
-298
302
-220
39
204
-445
595
-616
527
-301
74
108
-170
85
33
-110
95
31
-196
346
-414
362
-196
4
149
-201
187
-139
46
74
-192
244
-182
33
162
-319
409
-384
271
-125
9
16
30
-99
156
-138
46
60
-163
255
-274
272
-283
293
-321
333
-259
103
54
-196
279
-302
320
-298
259
-203
130
-65
24
-8
13
10
-86
200
-305
362
-338
271
-195
113
-32
-27
55
-45
65
-114
257
-426
589
-645
570
-363
88
144
-297
356
-371
358
-324
253
-199
173
-207
240
-266
187
-23
-148
292
-337
311
-197
8
132
-201
142
-31
-116
216
-256
239
-152
104
-60
37
24
-178
320
-400
333
-149
-34
195
-276
351
-353
309
-189
70
40
-113
119
-75
-34
126
-112
35
137
-323
491
-540
431
-166
-188
489
-588
513
-292
105
48
-159
274
-303
235
-95
-69
153
-139
8
147
-264
286
-173
-10
179
-238
209
-161
83
-8
-59
11
122
-263
303
-172
-40
217
-318
327
-302
241
-217
141
-44
-97
236
-285
270
-177
135
-127
134
-143
105
-82
50
-22
-50
176
-307
409
-432
342
-194
52
63
-181
339
-499
585
-524
294
27
-317
537
-592
499
-287
28
206
-402
554
-591
505
-347
157
58
-273
515
-662
708
-574
395
-175
-41
199
-319
383
-386
371
-330
253
-166
59
49
-150
216
-232
198
-124
66
-70
74
-78
32
60
-166
212
-233
247
-253
196
-20
-239
470
-638
656
-611
409
-165
-85
317
-448
487
-393
208
31
-175
171
-80
-42
64
-53
53
-67
48
45
-152
268
-274
234
-116
-13
92
-107
72
-29
44
-54
76
-80
110
-178
258
-289
289
-216
133
5
-158
307
-403
455
-471
426
-366
269
-119
-84
334
-605
800
-841
724
-486
163
170
-480
659
-714
636
-518
377
-211
-2
233
-418
474
-407
303
-200
110
-103
78
-61
-34
169
-289
396
-378
355
-296
249
-107
-139
369
-519
540
-459
319
-109
-116
325
-368
368
-262
116
16
-105
125
-51
-42
127
-150
158
-93
33
138
-278
347
-263
81
112
-278
330
-353
304
-192
93
107
-264
386
-435
377
-276
177
-137
121
-135
66
54
-179
315
-407
424
-391
256
-164
56
3
-45
98
-195
306
-406
434
-356
218
-117
-1
93
-178
252
-316
339
-343
345
-317
296
-229
65
38
-153
200
-162
165
-185
188
-218
160
-111
76
-98
114
-108
-5
200
-371
453
-397
272
-76
-112
266
-315
216
-129
15
89
-97
125
-29
-86
200
-246
284
-283
214
-77
-138
304
-359
301
-206
120
38
-163
220
-199
168
-195
162
-144
56
-9
25
-40
43
-19
15
-15
-12
25
-33
14
-52
72
-83
56
34
-65
48
63
-142
201
-240
237
-203
158
-88
9
73
-115
182
-182
195
-176
123
24
-209
344
-438
436
-362
266
-159
13
143
-372
583
-629
528
-317
108
18
-118
164
-237
296
-374
458
-483
400
-222
38
129
-280
408
-573
646
-670
666
-611
456
-187
-95
327
-494
606
-683
668
-571
450
-368
251
-92
-100
338
-480
543
-582
531
-379
235
-17
-233
482
-633
650
-449
184
64
-234
271
-200
70
77
-123
115
-97
11
99
-209
292
-212
67
7
-110
166
-254
268
-129
-134
391
-619
696
-671
425
-141
-43
30
45
-94
-50
203
-331
434
-491
448
-359
178
6
-131
203
-175
107
-1
-50
77
-24
-4
27
-79
83
-11
-111
275
-423
444
-341
157
148
-292
307
-235
158
-149
139
-28
34
-16
-53
146
-191
207
-86
-62
192
-314
466
-484
359
-188
52
43
-110
185
-181
20
166
-290
257
-181
70
92
-298
445
-518
427
-354
251
-167
26
-42
33
16
-163
332
-489
513
-493
393
-292
94
96
-189
252
-299
376
-431
480
-515
543
-433
307
-65
-226
589
-983
1267
-1214
926
-466
68
251
-462
591
-654
692
-659
624
-547
457
-348
258
-78
-166
383
-439
444
-455
545
-630
613
-513
311
-122
-52
193
-342
480
-664
767
-775
625
-391
76
212
-583
798
-902
751
-488
174
32
-135
191
-228
254
-311
262
-136
25
-23
172
-304
328
-257
110
9
-81
202
-269
308
-291
274
-259
190
-106
16
131
-267
404
-503
496
-400
326
-231
82
223
-527
726
-706
543
-336
275
-123
-19
293
-453
551
-432
272
-92
7
-26
207
-310
362
-302
165
-1
-171
288
-423
431
-435
354
-387
395
-330
120
138
-278
317
-222
195
-252
328
-408
436
-326
148
-11
-188
140
-156
86
-205
270
-377
359
-356
162
40
-258
400
-342
315
-217
263
-110
49
190
-233
311
-74
-154
438
-546
478
-257
-7
205
-349
400
-519
406
-349
188
-84
-107
285
-393
419
-317
232
-43
-42
232
-155
185
-140
228
-223
164
-56
-101
86
-147
63
-158
117
-234
82
-199
71
-32
-89
153
-226
300
-146
111
148
-105
195
63
123
46
159
2
36
84
-52
68
21
-45
18
-126
55
-263
5
-205
-96
-225
-50
-168
-292
167
-496
94
-314
-234
91
-438
165
-251
-79
12
-199
238
-195
222
47
261
75
472
240
371
379
315
526
383
660
543
555
538
491
485
282
339
143
64
157
-132
-83
-147
-657
-252
-845
-592
-667
-873
-739
-909
-805
-888
-946
-776
-741
-719
-395
-470
-353
-247
-110
-110
232
20
395
443
446
597
688
501
582
710
600
1004
647
1130
762
1042
946
838
550
269
429
200
915
214
694
25
-10
-98
-338
-310
-764
-524
-931
-610
-946
-909
-1171
-1190
-1091
-818
-680
-661
-673
-744
-528
-594
-315
-258
-48
39
277
285
374
206
228
413
265
460
443
445
523
219
485
94
224
-4
394
330
496
813
784
935
695
718
-82
193
-17
814
522
620
650
62
131
-355
43
-695
-655
-690
-312
-569
-932
-745
-1197
-1122
-802
-297
-287
-369
-481
-330
-325
-526
-20
-315
97
70
451
179
82
-178
-167
-193
-45
188
-37
244
-17
220
-266
75
-107
72
242
353
802
937
1476
1372
1512
956
419
293
494
1255
885
948
533
417
-40
-298
-220
-821
-1249
-1247
-614
-1047
-1318
-1705
-1569
-1559
-1297
-463
-300
-295
-611
-107
-161
-40
122
234
568
546
992
579
302
-47
-92
-82
-209
161
-240
-196
-443
-278
-528
-894
-167
-253
243
-144
483
728
1181
1867
2060
2315
1064
449
661
1415
2099
1272
1313
729
347
-85
-216
-414
-1789
-1981
-1613
-541
-1755
-1991
-2502
-2139
-1994
-1361
-247
-444
-546
-631
517
351
446
343
694
1139
1105
1416
555
133
-306
62
-229
-521
-478
-793
-584
-866
-722
-1356
-1308
-766
-160
198
-98
492
1118
2205
3052
3382
3091
998
642
1262
3131
2468
1222
1259
697
587
-616
-111
-1899
-3203
-3228
-1373
-1226
-2843
-2985
-3077
-2206
-2312
-696
-290
-135
-264
756
1785
1113
1213
938
2095
2155
2361
1772
545
-174
-383
-518
-1248
-1141
-1606
-1413
-1881
-1732
-2189
-2714
-2347
-1461
-847
-872
6
71
1413
1995
4088
4749
4900
3287
1252
1540
2640
4179
2047
2063
1421
955
-421
-781
-1202
-3844
-4472
-3405
-962
-2862
-3584
-3900
-2968
-2730
-1885
438
344
399
627
2791
2348
1495
1397
2354
3065
2786
3109
1292
-537
-2305
-1157
-1642
-1962
-2505
-2646
-2507
-3151
-2228
-3301
-3327
-3066
-814
-200
342
651
1261
2640
3978
6406
6929
6834
3433
1955
1906
3626
3519
1446
1799
690
-5
-2134
-2031
-3994
-6013
-5721
-3173
-1857
-4439
-4525
-4253
-2604
-2895
-703
1305
1891
1953
2709
4261
2661
2071
2348
3885
3684
3325
2891
406
-2194
-2955
-2374
-3289
-3915
-3276
-3350
-3778
-3370
-2696
-3781
-3850
-2016
117
680
1339
3352
3141
3559
4413
7098
8423
9109
7793
2251
-198
325
3569
1151
-1217
-1487
-2217
-3690
-5146
-4276
-7111
-8846
-7149
-1926
-2110
-4448
-3849
-1671
-691
-280
3879
5448
5208
4582
7095
6774
3720
3098
3708
4172
2332
2205
789
-2376
-5654
-6898
-7061
-7706
-6571
-5182
-4306
-4853
-4623
-3695
-3255
-2189
2
2620
3885
5426
6611
6480
5611
6560
8676
10248
11523
11089
3637
-4400
-5154
-300
-112
-5746
-5515
-4935
-5673
-8011
-6095
-7334
-11694
-9642
-1762
2722
-1432
-2344
634
3872
3708
6311
9137
9034
7564
7981
9596
5380
1501
164
1540
682
-1613
-2823
-5768
-7967
-9995
-10219
-11172
-9935
-6837
-4126
-2738
-2391
-1505
-1083
997
3151
5376
6069
8083
10138
10088
7807
6181
7208
8158
9112
9142
7011
-3828
-11854
-10566
-3273
-3973
-10181
-8208
-5724
-5425
-8318
-5162
-6238
-9002
-5304
4181
8166
2588
1297
4894
8872
6933
7462
9469
9719
7024
5705
6319
970
-4042
-5293
-2085
-3029
-6209
-7097
-7940
-9347
-9691
-8358
-9388
-8672
-4074
2075
2573
1371
1590
2741
3949
5937
8078
7885
8041
9343
9203
5218
2493
2295
5041
4905
4631
-966
-10794
-13648
-9764
-2010
-6193
-8297
-6097
-2859
-3097
-3924
-1531
-4561
-4138
1085
9907
8637
3624
2490
6027
7286
5362
6374
6631
6020
2193
2490
1004
-3804
-7112
-6212
-2642
-4242
-6087
-6995
-6597
-6902
-6182
-5294
-4953
-3029
1090
4185
3856
2521
1856
2701
4616
6710
6181
5188
5605
6636
3810
988
2
837
2618
3339
2749
-7427
-12600
-10309
-1627
-1577
-5825
-3427
-2040
-290
-2437
678
-2192
-3753
-716
6800
9377
4229
1548
1765
4992
3511
4069
4643
4814
2139
884
2029
-2186
-5932
-7195
-2526
-1966
-3520
-4734
-5258
-5250
-4960
-3584
-4268
-3094
-494
3391
3255
2074
263
648
3063
4885
4959
3113
3940
4336
4757
1701
781
-28
2154
3529
4099
1331
-9036
-11170
-7842
2298
-1397
-4324
-2635
-286
-150
-2868
356
-2916
-3068
-441
7481
7534
2013
-556
1693
5314
3049
3934
4775
5801
1520
613
1090
-2837
-6207
-5862
-512
-1820
-4273
-5694
-4752
-5429
-4792
-3793
-4211
-2635
274
3775
1942
733
28
2047
4046
4982
4504
2821
3819
4597
5080
1741
509
228
2763
3011
3732
606
-9744
-12218
-7200
3579
-1206
-4562
-2362
802
115
-2529
761
-2615
-2464
278
8227
7440
1688
-898
1830
5743
2986
2929
3633
5401
951
-867
-671
-3701
-6766
-6508
-1097
-1988
-4752
-5946
-4131
-3895
-3995
-3183
-2555
-398
1542
3659
2552
1556
973
1998
4409
4768
3619
2027
3619
3961
3284
94
-930
-300
400
1788
1949
2899
-6711
-11537
-8743
1892
2593
-3261
-285
1379
2690
-1876
538
-421
-2014
-464
4757
7889
2987
-724
-1439
3547
2512
923
1107
4456
3112
-2469
-2431
-3282
-4253
-7307
-3399
-166
-2145
-3941
-3268
-1180
-3108
-3603
-2061
887
1658
2137
2283
2036
1534
997
2836
3173
2869
1666
2942
3599
1885
169
-1922
-350
-596
1603
1548
2952
194
-8347
-8940
-4688
4525
803
-401
1097
2052
1225
-1824
1011
-1573
-1340
-34
5227
5898
1143
-2612
-1464
2781
1193
198
1943
5004
93
-4071
-2409
-1671
-4646
-6780
-563
1668
-815
-3175
-1688
-1807
-4126
-2440
859
2146
633
977
2567
2519
695
-191
1667
2725
2413
1909
2501
1365
-310
-1065
-1003
-122
-246
1487
1726
4445
-598
-8002
-8678
-1738
5776
745
1011
1115
2180
-419
-1186
470
-3052
-2721
675
6866
4717
-1188
-4694
-1166
2012
1121
1203
3298
4236
-1563
-2372
-970
-1857
-5714
-4308
2829
2840
-1030
-3480
-2521
-3228
-3418
-791
1185
508
114
1793
2473
883
-1252
-585
1714
2872
2727
1193
695
-258
382
-609
-1199
89
650
2192
2639
6100
-1004
-8907
-8380
1465
7049
277
507
518
2520
-939
-1377
-1692
-4484
-1739
2068
6358
2100
-3443
-5299
-862
2925
1814
1193
3170
4593
-185
-1605
-1245
-1542
-3735
-1601
3917
2038
-2028
-4779
-2583
-2098
-2871
-1448
-590
419
549
1633
1396
-635
-1723
-795
1965
2818
1384
-363
670
1576
862
-1124
-1783
848
1455
3030
3717
6024
1062
-7566
-6818
-201
5871
425
76
1984
2347
-994
-4648
-3013
-3340
-1278
471
2931
1719
-2927
-4585
-587
3345
1894
794
3693
6677
2047
-1263
-983
567
-1272
-2368
1833
1621
-1666
-4624
-2321
-1878
-4183
-4352
-1628
763
551
181
252
-343
-1943
-993
1349
2549
1297
1023
2807
2703
712
-1572
-1050
2171
2961
3231
3261
5927
2004
-6781
-7512
-1829
4126
-175
674
2268
659
-3350
-4899
-1040
-2137
-1977
-1121
2522
2225
-1209
-2333
-95
3198
1851
1670
4678
6748
2218
-1084
-89
941
-2077
-3990
-246
411
-1612
-3970
-2661
-3282
-5407
-4654
-1843
416
348
681
619
-77
-1002
-664
1176
2449
2852
2571
2917
2159
463
-863
-443
2235
2481
2255
2932
5408
4286
-4942
-8865
-5773
1975
2168
472
1258
-1075
-1551
-2865
-238
-2094
-3665
-1612
1812
4590
1498
-1050
-1465
1658
3108
2646
3979
5422
4363
227
-451
-373
-2812
-5843
-3382
1090
74
-3802
-5336
-4134
-4754
-5333
-2542
339
1358
840
1603
1579
-150
-731
1089
4020
4170
3073
2053
2287
1227
-480
-1095
538
2144
1600
2626
4635
4455
-4659
-10313
-7017
1254
2876
-387
1034
853
1239
-1330
-473
-2109
-3868
-1565
2371
5657
1956
-1541
-2309
1441
2856
1775
1817
4333
4933
1052
-837
-1883
-3341
-6335
-3479
1066
517
-3351
-5072
-3181
-3563
-4387
-2805
-113
1572
1927
2257
2023
284
-277
595
3066
3788
2156
1529
2279
2242
-977
-2237
-573
2026
1513
1701
3917
5100
8
-8562
-7973
-2618
2313
480
1861
3380
1760
-177
-1850
-1386
-4237
-2656
359
3384
2989
-278
-1135
-609
1815
1387
1239
3027
5369
3481
-561
-1886
-2214
-3568
-5122
-1684
535
-827
-3507
-3781
-2326
-3791
-4032
-2290
1110
2456
1347
1645
1447
760
18
1397
3077
2246
1853
2997
3206
168
-2226
-961
1354
1308
645
2652
5068
3035
-5264
-9147
-5966
170
1684
1883
3251
2201
883
-1041
-932
-3176
-4009
-2186
1485
4347
2557
-321
-1521
789
1608
458
1290
4159
4149
572
-593
-196
-2846
-6727
-4222
718
1084
-2205
-3044
-1584
-3054
-4437
-3232
-82
1103
742
1904
2722
1717
-94
8
1473
2161
2250
2920
2893
1235
-989
-960
195
125
-85
1524
4460
5015
-322
-7564
-7929
-2809
2065
1487
1584
2270
1996
1617
-311
-1846
-4629
-3879
-472
3031
4043
954
-552
-115
1500
242
-1163
939
3967
4012
1476
-140
-2175
-4805
-5434
-1366
1035
-117
-2531
-2040
-897
-2674
-4378
-3799
-458
716
1264
2348
2875
1360
-490
422
1873
2004
1349
2244
2896
1732
-445
-944
-382
-126
689
2754
4831
3020
-3420
-7012
-4881
-476
190
-297
2326
3383
3443
582
-1159
-2896
-4140
-2583
-153
3619
2949
929
259
698
-231
-3028
-1266
3446
5108
1970
-309
-200
-1728
-4863
-3542
-181
200
-1830
-2038
92
-1443
-4173
-4576
-1451
543
-75
479
2245
2818
957
41
1012
1509
709
966
2711
2662
453
-569
443
1090
316
796
2853
4511
1869
-3973
-5907
-3564
-18
-204
925
2416
2321
1486
-117
-24
-2594
-3837
-3350
-156
2789
1793
648
-132
512
-488
-1178
788
3097
2574
570
989
1471
-1023
-3591
-2286
-776
-1209
-2564
-1642
-743
-1761
-2849
-2644
-1141
-1691
-1816
-111
2454
2467
995
965
1613
1564
410
803
1785
2093
1568
1388
1820
1205
690
1064
2840
3691
-526
-4897
-5143
-1145
628
-783
-28
572
1813
979
788
-67
-2528
-3992
-3586
474
1892
656
-402
1157
2238
396
-602
669
2185
1283
1327
2157
1632
-1454
-2638
-1279
-1298
-2338
-3403
-1866
-629
-766
-2074
-2720
-2113
-2062
-1888
-559
1278
1882
1487
1687
2471
1721
338
41
1652
2748
2160
1710
1827
2271
1657
1343
2185
2202
-1241
-4366
-3702
-741
-147
-1371
-866
364
1721
761
214
-651
-2358
-3952
-3550
-70
1281
788
609
2046
2401
752
-382
859
2177
1382
880
1251
1697
-334
-1487
-1461
-1468
-2185
-3380
-1982
-906
-1001
-2678
-2725
-1443
-1873
-2586
-1918
377
1430
1348
1497
2207
1923
790
596
1969
2734
1775
1284
2459
3531
2693
1418
2073
3079
377
-3141
-3995
-1157
-450
-1946
-1637
-278
1240
155
60
-542
-2510
-4653
-4665
-1135
761
969
402
1586
2961
2157
888
812
1776
1098
356
1297
2563
1517
-62
-349
-173
-1145
-3019
-3023
-2208
-1843
-2725
-2662
-1720
-2319
-3224
-2978
-947
238
-181
-355
652
2058
2133
1858
2101
2174
1906
2013
2902
3520
3120
2346
2892
4339
3523
-268
-2713
-1789
-798
-2034
-3289
-2320
-551
332
206
-440
-1842
-3561
-4391
-2980
-1415
-1124
-1405
-64
2632
3476
2641
1279
1551
1284
572
301
923
1744
1434
1611
1594
1131
-461
-1931
-2092
-1780
-1987
-2940
-3261
-2806
-2181
-1867
-1392
-852
-1117
-1951
-1452
311
841
105
205
1994
3083
3121
2902
2890
2441
1772
2249
3114
3648
2662
1449
670
-73
-1045
-2507
-2724
-1849
-589
-212
-543
-465
-1016
-1545
-2338
-2704
-2619
-2203
-936
-228
585
893
1362
1655
1570
968
-163
-308
9
702
534
398
726
1508
1657
521
-544
-1150
-1304
-2042
-2496
-2083
-1235
-610
-223
6
-350
-871
-1224
-1313
-1241
-740
155
1091
1786
2299
2400
1819
1045
805
1682
2159
2195
1563
841
456
-84
18
-360
-310
-414
-368
91
-39
-153
-654
-702
-910
-1123
-903
-840
-956
-931
-367
156
286
83
-159
-276
-37
-29
-411
-749
-504
253
504
152
-38
190
556
251
-644
-1375
-1429
-507
243
378
-45
-332
35
50
-313
-827
-658
-145
253
748
934
968
678
636
830
1169
1104
884
785
537
45
-468
-249
3
253
7
-80
261
663
1040
634
78
-761
-920
-410
-138
-196
-427
-277
22
206
82
-283
-702
-750
-633
-433
-654
-982
-554
-155
-117
-203
261
413
-463
-1051
-1043
-443
-58
5
139
245
589
518
103
-439
-662
-265
96
386
464
692
768
791
721
481
177
42
566
1221
928
-331
-745
-88
377
-244
-718
-450
226
1132
1704
1503
481
-100
-160
118
-111
-630
-830
-412
261
157
-31
-132
-35
-586
-1136
-1139
-1122
-1161
-975
-340
-63
-74
159
337
91
-373
-854
-734
-302
57
-106
89
915
1024
583
-58
-193
-367
-348
38
348
352
189
563
636
352
-106
-120
182
391
545
211
-49
-47
-124
-377
-353
89
456
952
1577
1774
1305
814
490
130
-330
-522
-452
-672
-1057
-986
-214
142
-332
-628
-554
-581
-1158
-1480
-1241
-1022
-812
-338
660
1019
518
-115
-175
-23
-232
-490
-504
37
617
787
491
63
-96
12
196
94
-292
-466
-217
311
663
442
211
267
499
341
-53
151
338
194
-214
-99
371
412
485
793
1401
1324
963
792
766
510
-209
-658
-947
-1217
-1685
-1298
-581
-337
-361
65
597
104
-745
-1292
-1341
-1085
-676
-52
386
529
498
411
537
354
-262
-1076
-1103
-417
-78
-195
-78
462
785
704
434
-136
-511
-442
-42
309
438
606
797
1037
962
274
-429
-381
264
515
-50
-294
-53
504
761
907
648
209
627
1030
1061
341
-139
-583
-968
-1063
-1181
-1123
-1234
-749
92
860
627
-112
-537
-657
-724
-844
-506
-406
-135
-67
382
737
331
-202
-804
-689
-916
-1091
-1106
-692
175
621
977
854
433
-161
-117
356
261
-82
157
964
1513
1461
786
20
-243
13
466
463
-44
-478
-236
688
1075
698
-105
-51
789
1071
640
-136
-300
-554
-928
-1183
-1337
-1327
-1208
-445
527
823
215
-261
-318
-353
-660
-561
-210
61
288
411
546
310
54
-354
-494
-757
-1272
-1387
-1055
-350
53
561
709
383
-30
-108
75
-95
-119
96
694
1088
1398
1304
613
87
50
366
294
105
-30
97
549
1082
1051
541
179
352
748
771
399
-161
-417
-721
-1088
-1485
-1670
-1410
-923
-348
-83
-16
-174
-403
-604
-581
-383
-283
-103
170
512
535
468
499
450
159
-345
-836
-1229
-1186
-691
-98
318
539
551
368
76
-62
-110
-149
-178
44
495
864
1055
947
712
460
374
216
-260
-526
-451
201
901
1158
1079
827
1049
1138
1024
424
-256
-556
-639
-596
-989
-1302
-1321
-913
-508
-433
-472
-606
-688
-776
-626
-443
-354
-273
-41
337
510
454
253
181
216
-4
-559
-1183
-1247
-812
-299
16
159
154
33
212
510
568
252
108
341
635
966
1140
1308
1226
1258
1314
711
-322
-1035
-803
-353
35
423
648
803
1095
1262
917
86
-830
-1416
-1340
-908
-866
-1121
-941
-280
184
91
-270
-526
-778
-892
-795
-332
129
362
621
833
942
556
-7
-239
-154
-444
-1258
-1571
-1242
-797
-674
-481
-308
-272
-463
-473
-7
464
660
566
948
1464
1822
1862
1870
1962
1711
1089
298
-103
-366
-527
-426
-17
436
619
588
409
300
-68
-824
-1528
-1697
-1550
-1358
-1019
-597
-246
-99
47
161
11
-462
-874
-800
-350
63
508
956
1307
1306
838
427
47
-322
-884
-1120
-1099
-1333
-1438
-1184
-626
-444
-616
-861
-871
-457
-62
319
905
1625
2077
2239
2520
2863
2469
1294
477
438
403
-311
-648
-167
403
583
280
-99
-715
-1341
-1626
-1379
-1020
-1193
-1374
-875
-70
217
-56
-333
-216
21
130
59
78
177
144
288
497
682
509
234
139
7
-253
-828
-987
-847
-708
-896
-1256
-1436
-1433
-1197
-935
-667
-515
-372
69
1027
1983
2413
2467
2623
2956
2832
2057
1219
816
613
184
-151
-221
-172
-304
-478
-390
-673
-1623
-2746
-2700
-1657
-957
-864
-706
-8
526
678
519
329
62
-102
253
932
1345
992
557
531
710
267
-567
-995
-886
-909
-1390
-1440
-1225
-1101
-1150
-819
-451
-817
-1541
-1817
-1094
-311
60
366
1199
2191
2753
3130
3544
3657
2748
1624
1118
1164
777
-42
-178
140
244
-541
-1367
-1772
-2238
-2911
-3402
-2824
-2159
-1855
-1191
278
1525
1351
799
857
1387
1322
808
818
1404
1840
1642
1467
1254
420
-851
-1685
-1742
-2014
-2600
-2646
-1982
-1497
-1813
-1820
-1310
-816
-789
-832
-450
-55
289
746
1787
3033
3449
3462
3944
4362
3429
1532
754
860
540
-554
-1076
-485
-122
-325
-1105
-1886
-3083
-4394
-4708
-3773
-2456
-1905
-1251
200
1789
2244
2022
2103
2378
2298
1929
2034
2331
2269
1566
1027
846
153
-1087
-2074
-2345
-2793
-3530
-3725
-3234
-2747
-2527
-2045
-1224
-786
-874
-661
192
1174
1599
2112
3031
4000
4405
4583
5110
4743
2777
426
-290
-110
-689
-1820
-1977
-1084
-689
-1253
-2125
-2506
-3242
-4184
-4229
-3061
-2139
-1955
-782
1508
3088
2824
2269
2655
3216
2939
2444
2550
2767
2174
1122
590
50
-1316
-2985
-3366
-2916
-3244
-4159
-4131
-3102
-2591
-2650
-2244
-1107
-267
30
488
1529
2205
2216
2637
4193
5549
5432
5075
5164
4484
1835
-621
-1321
-1507
-2701
-3792
-2993
-1495
-1060
-1962
-2703
-2924
-3499
-4177
-3649
-1795
-468
77
1147
2945
3583
2909
2658
3268
3611
2718
1997
2105
2441
1780
293
-535
-1232
-2319
-3632
-3995
-3896
-4497
-4843
-3996
-2542
-1979
-2013
-1344
-107
620
597
756
1793
2893
3585
4362
5277
5703
5350
5343
5148
3054
-93
-1951
-1888
-2095
-3382
-3989
-3304
-2296
-2457
-3413
-3834
-3890
-3828
-3475
-1850
68
1037
1829
3254
4424
4232
3459
3181
3218
2900
2575
2306
2198
1402
-137
-1375
-2248
-2933
-4063
-4537
-4364
-4306
-4155
-3854
-3125
-2669
-2124
-1050
230
1305
1764
2101
2717
3415
3904
4176
4538
5154
5776
6096
5075
2164
-892
-2286
-2247
-2880
-4240
-4510
-3508
-2206
-2058
-3012
-4224
-5059
-4706
-3413
-1481
113
1326
3176
5082
5700
4837
3989
3905
3746
3281
2805
2205
1328
-69
-1161
-1899
-3136
-4567
-5468
-4921
-4362
-4533
-4489
-3884
-2762
-2294
-1618
-293
1090
2007
2428
3244
4130
4621
4824
4928
5155
5469
5648
5459
3626
209
-2537
-3328
-3250
-4450
-5432
-4541
-2722
-1596
-2449
-3914
-5026
-4878
-3517
-1700
265
1464
2790
4825
6151
5498
3734
3212
3854
3980
3426
2463
1666
436
-1315
-2852
-4213
-5354
-6146
-5564
-3997
-3264
-3600
-3756
-2851
-1947
-1800
-1068
664
2593
3621
3972
4483
4893
4891
4450
4432
5183
5649
5087
3040
-225
-3118
-4469
-4488
-4902
-5235
-4126
-2226
-1082
-2014
-3739
-4740
-4460
-3091
-1182
1095
2830
4072
5523
6323
5452
3483
2347
2800
3199
2723
1618
898
97
-1881
-3878
-5090
-5340
-5446
-5012
-3853
-2965
-2674
-2763
-2337
-1468
-683
-56
1191
2939
3975
3828
3658
4120
4464
4524
4638
5338
5759
4651
1465
-2517
-4563
-4930
-5056
-5425
-4667
-2689
-1117
-733
-2020
-3719
-4373
-3540
-1962
-190
1676
3329
4795
6012
5764
4045
2671
2576
2994
2664
1782
736
-177
-1277
-3070
-4734
-5522
-5439
-4733
-3778
-2942
-2691
-2475
-1736
-883
-246
66
878
2356
3624
3949
3504
3228
3271
3679
4336
4964
5232
4623
2416
-1145
-4098
-5296
-5238
-5090
-4432
-2956
-1218
-342
-1086
-2550
-3591
-3370
-2131
-143
1876
3213
4298
5226
5053
3312
1762
1841
2633
2660
1713
743
-113
-1416
-3328
-4841
-5289
-5143
-4638
-3540
-2338
-1863
-1951
-1809
-1021
-199
362
1108
2783
4329
4292
3341
2914
3037
3108
3394
4257
5192
5051
2668
-1576
-4590
-5298
-5177
-5339
-4651
-2515
-733
-198
-1124
-2688
-3640
-3386
-1733
735
2977
4036
4473
5234
4933
2665
818
1260
2657
2609
1200
68
-906
-2093
-3985
-5431
-5409
-4739
-3843
-2999
-1946
-1655
-2023
-1677
-736
-35
412
1800
4203
5357
4395
2972
2583
3097
3295
3544
4376
5110
4666
1290
-3233
-5623
-5565
-4936
-5296
-4154
-2026
-549
-466
-1807
-3029
-3713
-2651
-292
2279
3828
3922
4235
5141
4378
2274
1475
2667
3503
2280
744
-1175
-3004
-4305
-5198
-5322
-5483
-4692
-3491
-2187
-1635
-2515
-2489
-1184
273
773
1543
3743
5307
5024
3983
3446
3735
4035
3998
4156
4452
4466
1432
-3283
-5524
-5189
-4533
-5374
-4302
-2203
-1558
-2164
-3231
-3255
-3399
-2705
-456
2599
4829
4715
4450
5033
4177
2289
1968
3592
4235
2650
1382
-366
-2769
-4896
-6122
-5887
-5632
-4698
-3864
-3052
-2590
-3383
-3234
-1684
30
709
1620
4008
5454
5075
4395
4261
4876
5269
5284
5358
5437
4441
-74
-4714
-5522
-4864
-5586
-6513
-3742
-948
-1399
-3398
-4715
-4431
-4113
-2940
-445
2709
4671
5108
5938
6467
4170
1834
2773
5044
4936
2866
1805
21
-2565
-5184
-6849
-7051
-6403
-4930
-3862
-3246
-3421
-4106
-3355
-1516
-402
305
2300
5001
5404
4158
3984
5027
6009
5797
5444
6198
6551
3941
-1764
-4892
-4725
-5206
-6804
-6044
-2652
-1447
-2517
-3793
-4540
-5001
-4470
-2073
1123
2875
3376
4650
6738
6041
2811
2273
4895
6093
4207
2135
1091
-421
-2935
-5227
-6778
-6666
-5726
-4167
-3013
-3580
-5050
-5085
-2435
-645
-936
-101
3172
5932
5603
4266
4356
5650
6730
6673
6359
5896
3565
-836
-3444
-3678
-4391
-6680
-6044
-2934
-1770
-3167
-4690
-4516
-4413
-3748
-2238
206
2220
3182
4292
5489
4843
2918
3298
5777
6315
4101
2171
1024
-470
-2649
-4717
-6129
-5992
-4641
-3541
-3441
-4066
-4606
-4049
-2556
-1824
-1446
203
2966
4259
4442
4832
5709
6160
6170
6598
6741
5426
1358
-1953
-2350
-2018
-4251
-6452
-4764
-2490
-2811
-4889
-5466
-4822
-3957
-2501
-884
545
1555
3259
5118
5261
3265
2612
4909
6406
4519
1765
1636
1497
-389
-3109
-4398
-4622
-4710
-4399
-4283
-4507
-4886
-3907
-2101
-1253
-1451
-875
1241
2901
3401
3537
4782
6284
6948
6995
6666
5378
1464
-1315
-1572
-756
-2766
-5104
-4388
-2932
-3181
-5700
-6478
-5437
-3363
-1862
-573
836
1435
1912
3215
4640
3651
2691
4269
6708
5520
1841
284
472
59
-2549
-3910
-3532
-2819
-3275
-4227
-4417
-4675
-4424
-3424
-1797
-773
-40
1244
2928
3617
3496
3965
5329
6369
6422
6059
4018
1065
-21
160
-1349
-4455
-4096
-1855
-1959
-4500
-6056
-5609
-5375
-4519
-3164
-1033
692
2359
3591
4062
3219
2491
3997
5911
5335
2467
1777
2319
1311
-1423
-3102
-3281
-3269
-2934
-3296
-4221
-4534
-3520
-2689
-2728
-2533
-1677
-83
1935
2944
2949
3830
5558
6287
6078
5731
3641
886
853
1993
112
-3009
-2742
-1152
-2386
-4939
-5954
-5624
-5233
-4123
-2712
-1944
-1533
-242
1855
3042
2704
2831
5128
6845
5150
2140
1660
2171
771
-1336
-1534
-707
-960
-2249
-3590
-4390
-4530
-4424
-3955
-2507
-819
-260
-81
844
1670
1655
2364
4264
5737
5682
4178
3016
2838
2746
488
-1508
-579
807
-1037
-3934
-4075
-3572
-4431
-5150
-3905
-2678
-2230
-1423
-237
131
-165
804
3289
4899
4235
3266
3930
4207
1993
-604
-1073
-455
-476
-968
-1448
-2066
-2558
-2491
-2679
-3151
-3402
-2538
-520
1129
1258
599
1553
3496
3811
2010
834
2019
3613
2902
818
467
1666
1458
-822
-2297
-2506
-2648
-2736
-2064
-1842
-2880
-2939
-1352
-406
-1601
-2078
211
2677
2388
902
1157
2250
1966
985
1109
1730
1652
908
121
-686
-1509
-1847
-1817
-1668
-1614
-1357
-832
-782
-1105
-1019
-87
1247
2069
2044
1214
1101
1837
1749
336
-78
1450
2462
1485
-178
-780
-973
-1230
-1511
-1289
-939
-830
-859
-1091
-1573
-2036
-1564
-487
72
10
251
928
1085
650
212
276
716
1185
1250
978
751
358
-150
-455
-327
-561
-891
-606
-223
-433
-1048
-837
-102
344
141
-85
285
550
532
755
1371
1127
434
565
1195
828
-87
25
629
725
-2
-474
-739
-911
-1223
-1203
-864
-800
-822
-733
-565
-1022
-1333
-1053
-463
-6
545
1083
1062
781
536
147
-326
-130
646
817
427
387
590
193
-589
-738
-301
8
3
-161
-100
-103
-250
-154
521
1068
918
788
1026
1049
446
162
216
589
795
651
-60
-564
-276
-338
-1187
-1757
-1120
-486
-735
-1095
-1025
-1093
-1404
-1098
-429
-284
-439
191
1152
928
-28
-316
433
428
-52
225
1202
1455
842
768
840
399
-127
-24
203
-54
-152
310
563
397
59
11
-25
-176
-178
62
304
503
417
391
156
13
-43
-48
-26
-335
-297
-266
-469
-1145
-1435
-1339
-1368
-1393
-1099
-855
-800
-291
215
-62
-681
-285
641
656
122
136
1040
1404
1176
977
1239
1428
1279
1247
966
373
-176
193
599
303
-301
-117
272
-218
-1239
-1483
-907
-473
-585
-658
-213
304
392
73
47
161
173
294
674
574
-136
-674
-629
-781
-1399
-1908
-1721
-888
-307
-449
-797
-665
-174
-155
-260
-67
518
1033
1235
1371
1368
1484
1653
1846
1667
1457
1324
1156
631
270
211
165
-146
-541
-868
-1312
-1651
-1699
-1396
-1249
-1001
-742
-478
-565
-565
-281
41
391
715
1163
1382
1277
852
231
-306
-674
-877
-1058
-1402
-1461
-1248
-1109
-1352
-1238
-659
-157
58
343
666
737
819
967
1357
1807
2107
1986
1916
1900
1748
1436
1236
820
278
154
-39
-887
-1744
-1541
-996
-1251
-1848
-1890
-1581
-1527
-1633
-1384
-936
-431
366
1261
1399
768
428
694
696
425
546
737
258
-411
-752
-1307
-2103
-2193
-1364
-703
-546
-363
1
130
25
137
672
1201
1580
1849
2231
2202
1720
1467
1853
2241
1888
1306
854
383
-431
-1118
-1394
-1299
-1214
-1201
-1481
-1846
-2270
-2338
-2083
-1681
-1082
-331
463
589
359
132
70
38
330
941
1241
1031
637
184
-494
-1114
-1282
-1080
-795
-606
-515
-480
-376
-271
35
541
1068
1176
1288
1668
1849
1654
1547
2062
2388
2124
1441
898
442
66
-269
-445
-661
-825
-1029
-1325
-1826
-2412
-2567
-2269
-1763
-1448
-1221
-957
-690
-510
-360
-292
-40
340
690
693
606
671
651
404
274
241
245
26
-141
-350
-583
-521
-141
463
659
593
639
990
1156
1095
1148
1604
2011
2127
1751
1048
479
345
331
60
-395
-439
-269
-573
-1444
-2079
-1880
-1715
-1827
-1866
-1538
-1374
-1519
-1593
-1433
-1198
-765
-256
283
490
400
331
569
883
854
778
1025
1359
1252
805
424
360
348
399
401
283
134
121
372
646
832
922
1026
1125
996
659
424
436
446
378
177
-14
-389
-669
-894
-1116
-1394
-1613
-1455
-1240
-1241
-1556
-1624
-1461
-1384
-1488
-1292
-826
-532
-397
-128
296
510
695
1042
1256
1260
1270
1405
1314
1079
1203
1346
1170
699
531
433
73
-234
37
577
568
230
126
290
78
-49
196
474
299
76
187
-18
-506
-826
-602
-553
-914
-1106
-1031
-1049
-1476
-1690
-1529
-1310
-1224
-1147
-979
-807
-694
-608
-414
-177
267
612
1060
1401
1564
1508
1369
1554
1721
1595
1157
957
1149
1028
474
247
483
545
145
-41
-34
-274
-542
-416
-150
-133
-274
-164
-109
-263
-460
-456
-330
-471
-556
-583
-750
-1054
-1109
-969
-1090
-1327
-1258
-1100
-1047
-867
-567
-379
-356
-44
269
207
220
616
1165
1218
1211
1523
1752
1563
1147
1114
1116
880
788
1089
1282
776
225
153
134
-334
-610
-360
-74
-269
-507
-541
-684
-804
-758
-451
-543
-740
-781
-633
-693
-947
-978
-911
-922
-1045
-1066
-997
-786
-420
-124
-123
-85
94
213
148
283
719
1014
1091
1239
1394
1164
689
706
1058
1048
870
1135
1602
1206
441
123
153
0
-65
160
235
31
-142
-372
-816
-1022
-824
-497
-651
-969
-1050
-1012
-1141
-1331
-1090
-682
-681
-858
-977
-1008
-1154
-975
-349
95
331
541
802
641
334
393
769
1040
1208
1371
1429
1131
706
511
427
496
678
1111
1190
683
92
-62
11
-20
9
304
320
29
-274
-430
-522
-603
-385
-301
-440
-810
-1124
-1321
-1352
-1315
-1289
-1276
-1047
-864
-929
-1097
-1005
-665
-367
18
390
539
507
614
946
1231
1322
1525
1755
1763
1271
856
666
456
256
539
980
743
33
-306
-256
-343
-372
-111
339
430
249
-59
-357
-558
-514
-182
35
-64
-244
-457
-765
-1119
-1212
-1133
-1160
-1177
-1119
-1123
-1311
-1388
-1148
-745
-461
-92
349
642
661
735
1016
1246
1460
1741
1887
1642
1319
1189
1132
987
917
871
610
173
-324
-646
-853
-798
-566
-214
-66
-242
-472
-585
-602
-615
-361
-72
39
-15
-30
-236
-582
-739
-606
-596
-662
-627
-624
-838
-1124
-1135
-984
-749
-581
-354
27
324
450
569
911
1272
1412
1478
1439
1360
1205
1091
1144
1266
1284
1036
687
346
-109
-499
-641
-598
-565
-644
-709
-748
-733
-728
-775
-773
-667
-531
-404
-369
-328
-303
-321
-390
-444
-387
-346
-311
-295
-310
-343
-354
-347
-333
-205
73
203
260
383
723
937
984
979
1005
985
915
952
956
940
794
691
421
163
-57
-61
19
-27
-209
-495
-652
-755
-738
-748
-711
-671
-548
-495
-568
-672
-661
-596
-620
-639
-594
-442
-244
-89
-88
-224
-234
-72
46
28
44
391
666
683
575
790
987
905
795
904
956
821
749
798
727
406
192
-22
-220
-384
-290
-164
-248
-473
-613
-694
-641
-579
-438
-421
-457
-366
-334
-400
-482
-317
-202
-357
-524
-460
-451
-471
-445
-201
-241
-415
-377
-117
76
94
344
718
808
753
820
1036
947
741
913
1141
1188
1008
1007
877
437
-43
-219
-259
-324
-444
-382
-414
-627
-914
-1087
-974
-796
-606
-591
-589
-478
-349
-324
-335
-269
-71
-17
-68
-176
-114
-23
-33
-109
-214
-225
-161
-132
-98
5
228
343
422
618
796
840
750
847
930
939
906
1015
1024
817
457
181
-9
-68
-65
-115
-310
-588
-773
-973
-1140
-1204
-984
-747
-707
-805
-760
-667
-611
-582
-382
-191
-80
-3
168
327
312
257
307
385
290
93
9
158
274
313
287
453
598
607
407
350
480
648
720
826
875
682
418
281
196
-2
-57
42
133
-89
-340
-608
-775
-1023
-1061
-966
-847
-916
-944
-814
-732
-744
-752
-528
-337
-194
-133
31
87
256
379
488
442
496
574
561
565
639
742
766
679
550
429
328
305
286
468
582
648
466
307
73
-142
-257
-98
90
137
0
-182
-403
-690
-787
-802
-698
-719
-670
-647
-742
-935
-984
-858
-682
-569
-284
-94
-56
-165
-100
94
194
286
477
680
690
653
683
767
779
879
933
967
736
536
461
546
548
446
358
244
64
-162
-337
-360
-204
-61
-51
-263
-443
-653
-760
-823
-775
-661
-530
-438
-452
-624
-813
-917
-794
-611
-423
-199
-1
95
10
-30
-43
24
181
407
489
545
601
741
716
736
801
887
864
736
680
604
577
649
731
583
285
78
5
-240
-391
-334
-136
-186
-393
-501
-585
-789
-955
-941
-797
-764
-717
-640
-621
-649
-722
-682
-610
-412
-194
-19
37
106
155
179
158
310
489
566
552
608
723
725
688
726
756
611
483
491
580
555
594
576
417
176
41
-38
-153
-177
-32
93
-52
-330
-523
-596
-764
-906
-863
-754
-742
-776
-722
-714
-834
-849
-725
-501
-349
-202
-46
92
191
227
284
362
450
590
710
731
733
759
874
837
734
568
483
455
427
412
404
443
330
107
-94
-216
-299
-273
-172
-41
-61
-186
-350
-426
-479
-605
-634
-513
-482
-614
-716
-672
-664
-742
-714
-633
-452
-310
-165
-101
-16
90
210
316
392
443
562
722
794
802
846
900
836
713
535
421
340
321
336
401
336
132
-117
-248
-374
-400
-300
-167
-151
-233
-339
-535
-667
-688
-536
-407
-343
-359
-398
-537
-685
-698
-536
-452
-361
-213
-74
-58
-94
0
162
313
421
505
597
671
664
695
726
860
890
893
769
571
359
182
133
178
228
159
-6
-145
-282
-451
-487
-421
-284
-280
-313
-395
-488
-573
-618
-542
-389
-333
-386
-459
-468
-478
-469
-392
-313
-200
-131
-82
-101
-85
23
208
371
480
526
571
596
618
650
713
811
863
861
765
622
462
308
240
218
149
-8
-163
-297
-473
-545
-508
-429
-386
-406
-513
-672
-738
-682
-595
-462
-358
-255
-226
-337
-443
-423
-278
-197
-125
1
62
4
-43
-3
83
163
340
473
500
523
568
603
560
623
748
816
733
623
560
470
352
317
329
219
64
-52
-182
-428
-559
-498
-426
-485
-623
-743
-821
-861
-818
-726
-644
-602
-510
-422
-408
-397
-235
-25
71
143
257
337
248
214
264
328
342
404
505
574
568
543
530
575
576
536
505
472
409
305
229
181
204
227
153
18
-71
-201
-269
-303
-300
-445
-579
-607
-681
-826
-921
-798
-677
-696
-721
-674
-600
-541
-439
-234
-91
13
118
251
322
376
520
655
647
663
705
713
643
638
700
630
592
560
571
436
273
242
231
120
0
-2
-5
-140
-241
-255
-308
-335
-310
-223
-318
-493
-587
-644
-707
-772
-709
-582
-573
-622
-630
-527
-475
-418
-260
-104
-16
16
97
211
349
463
557
647
771
801
786
776
826
830
760
716
649
578
414
279
196
116
-6
-70
-44
-94
-277
-422
-459
-461
-466
-442
-446
-550
-626
-660
-659
-661
-606
-511
-471
-488
-540
-546
-482
-384
-225
-76
10
38
79
135
181
282
414
517
648
749
761
717
705
742
742
725
698
681
623
492
321
194
125
83
50
26
-72
-227
-366
-487
-569
-563
-534
-552
-581
-609
-687
-731
-695
-625
-577
-553
-517
-486
-425
-352
-262
-154
-22
70
125
169
216
280
382
485
575
637
674
705
735
720
659
641
661
674
642
558
408
248
120
63
23
0
-14
-53
-127
-289
-469
-564
-553
-558
-617
-643
-656
-693
-746
-746
-694
-635
-582
-535
-476
-396
-324
-253
-167
-75
28
139
272
363
417
487
548
607
654
701
746
766
764
694
652
650
641
599
517
409
267
145
50
-36
-118
-182
-225
-302
-421
-528
-571
-551
-529
-544
-585
-634
-680
-673
-647
-645
-640
-543
-436
-397
-397
-327
-201
-95
-5
84
167
238
341
435
492
516
589
687
742
709
696
713
705
655
628
624
570
515
437
301
128
52
42
-27
-161
-270
-385
-530
-676
-738
-698
-638
-623
-642
-629
-634
-677
-679
-601
-518
-454
-379
-303
-258
-225
-180
-61
79
176
246
334
436
475
498
537
568
573
585
603
598
592
615
628
611
583
541
483
377
269
177
125
69
-14
-77
-209
-393
-550
-621
-665
-702
-646
-582
-609
-706
-756
-715
-641
-579
-500
-430
-385
-361
-311
-196
-86
46
189
317
359
374
453
498
530
570
614
626
574
530
505
514
524
498
498
511
515
452
315
176
96
67
19
-64
-115
-219
-390
-522
-569
-583
-626
-577
-533
-580
-677
-715
-648
-600
-548
-495
-447
-431
-432
-347
-202
-92
30
189
302
315
346
476
577
638
670
686
646
567
499
457
433
453
508
560
553
507
424
289
165
87
46
-41
-110
-170
-283
-481
-624
-643
-608
-567
-525
-514
-548
-597
-624
-594
-532
-462
-410
-379
-405
-404
-327
-181
-44
93
212
295
321
374
426
491
548
600
625
591
553
491
461
439
442
451
488
501
465
375
273
165
106
80
19
-70
-174
-333
-527
-660
-683
-640
-588
-556
-543
-566
-605
-595
-547
-458
-364
-296
-300
-314
-302
-223
-103
40
161
254
316
347
382
425
502
543
556
539
501
427
360
333
327
356
392
429
442
393
279
164
102
70
40
26
-20
-138
-305
-464
-565
-598
-551
-464
-417
-438
-513
-570
-572
-525
-459
-373
-298
-257
-231
-201
-148
-54
77
184
261
324
373
402
437
470
494
497
491
455
397
335
280
259
260
260
261
278
255
166
88
59
23
-4
-24
-62
-170
-291
-396
-479
-487
-433
-386
-384
-393
-403
-416
-435
-407
-323
-243
-252
-282
-247
-192
-144
-53
78
163
196
252
321
361
387
434
471
470
433
395
363
324
290
287
292
269
235
206
161
72
16
-18
-35
-51
-62
-130
-234
-324
-371
-393
-398
-362
-303
-293
-356
-386
-359
-311
-291
-232
-159
-149
-185
-171
-102
-51
-14
67
135
156
161
208
292
347
369
373
373
346
313
304
306
307
336
343
316
241
184
117
51
5
-24
-35
-43
-83
-174
-283
-363
-404
-413
-369
-327
-292
-312
-336
-340
-316
-292
-247
-173
-115
-110
-114
-85
-25
26
71
109
120
133
143
159
205
267
303
311
288
270
231
209
209
251
274
275
250
216
166
95
42
19
20
-12
-43
-101
-182
-268
-317
-335
-326
-302
-267
-261
-298
-317
-291
-255
-218
-163
-110
-65
-45
-32
9
64
105
140
155
163
154
162
171
184
214
226
221
197
167
132
104
127
172
185
171
132
93
22
-33
-58
-30
14
20
2
-60
-144
-200
-219
-228
-232
-215
-192
-204
-228
-254
-242
-196
-131
-67
-50
-30
4
32
60
74
116
159
193
199
182
164
141
159
182
176
154
140
128
93
46
40
54
63
45
13
-46
-116
-136
-121
-85
-66
-55
-41
-77
-129
-147
-133
-94
-74
-58
-85
-124
-163
-185
-182
-156
-109
-45
10
55
76
91
107
119
141
150
169
175
168
148
127
119
129
138
149
134
108
70
48
24
7
1
-29
-77
-143
-187
-200
-184
-155
-128
-121
-127
-142
-130
-115
-81
-32
-3
-12
-44
-67
-74
-82
-71
-36
-8
6
21
45
63
81
105
145
166
165
168
181
162
111
98
124
123
115
124
127
100
73
76
75
51
18
-23
-93
-172
-225
-223
-198
-184
-176
-160
-177
-212
-199
-144
-101
-56
-4
-3
-37
-54
-53
-54
-42
2
54
71
75
90
106
114
116
129
151
153
140
135
133
124
114
120
114
106
97
80
65
71
81
81
62
27
-39
-121
-188
-217
-198
-181
-182
-186
-194
-226
-259
-238
-172
-110
-57
-21
-17
-41
-53
-47
-29
14
65
107
119
115
118
134
150
171
184
195
190
156
127
104
98
106
113
102
79
65
37
13
23
42
49
29
0
-56
-135
-194
-203
-176
-151
-159
-167
-183
-215
-245
-234
-172
-104
-52
-38
-42
-53
-69
-56
-18
37
95
131
152
151
133
128
150
185
199
207
203
180
144
106
92
97
102
98
72
40
1
-30
-38
-36
-27
-33
-63
-109
-155
-180
-194
-172
-148
-131
-146
-174
-184
-197
-188
-146
-91
-46
-30
-43
-43
-52
-41
-9
43
86
119
142
142
132
134
162
183
194
208
206
180
147
120
118
104
97
96
76
35
-11
-31
-39
-53
-65
-67
-92
-142
-176
-186
-194
-173
-145
-128
-135
-155
-157
-148
-136
-104
-57
-18
-18
-23
-16
-5
3
32
80
94
96
110
109
96
103
130
165
178
184
185
177
149
129
115
107
104
88
66
30
-18
-39
-47
-65
-75
-81
-99
-137
-163
-169
-172
-165
-151
-149
-162
-175
-180
-154
-110
-79
-42
-6
-2
-8
4
18
38
76
96
102
100
96
89
86
93
109
116
127
135
129
130
130
126
117
122
117
92
57
20
-13
-34
-57
-74
-70
-70
-104
-139
-155
-158
-158
-152
-146
-154
-167
-182
-174
-149
-109
-83
-48
-25
-11
-6
22
67
108
132
129
116
101
92
82
84
101
120
126
127
116
102
91
96
99
97
94
93
84
53
13
-17
-36
-43
-53
-62
-78
-104
-120
-130
-134
-140
-140
-137
-146
-164
-178
-171
-136
-98
-74
-69
-53
-25
-5
23
62
111
141
135
121
109
96
91
107
124
124
121
113
104
85
69
68
71
79
81
68
44
11
-10
-27
-47
-52
-44
-38
-58
-89
-106
-113
-113
-114
-113
-120
-136
-148
-153
-154
-139
-107
-76
-66
-58
-31
-4
24
59
94
114
123
114
115
119
110
116
123
121
114
110
108
103
95
87
74
56
40
28
-1
-22
-27
-31
-42
-50
-48
-48
-66
-83
-83
-81
-88
-92
-96
-113
-133
-144
-140
-131
-114
-91
-73
-68
-59
-39
-9
16
47
74
89
90
92
105
117
125
133
137
129
111
102
104
96
97
94
77
55
38
15
-11
-25
-33
-41
-49
-60
-65
-66
-75
-84
-78
-69
-78
-85
-90
-103
-127
-127
-115
-108
-93
-76
-68
-56
-47
-27
7
29
47
59
57
52
60
78
103
121
133
139
125
110
112
112
118
120
107
83
53
20
-7
-24
-31
-29
-31
-40
-47
-64
-82
-91
-105
-98
-88
-91
-89
-89
-106
-117
-114
-101
-89
-73
-55
-42
-33
-19
5
26
52
57
52
43
40
49
70
93
111
121
114
97
92
99
103
120
126
118
90
54
23
-4
-26
-34
-31
-31
-38
-48
-64
-74
-91
-96
-87
-90
-86
-92
-104
-118
-128
-118
-96
-75
-47
-30
-22
-13
0
21
46
64
72
67
50
41
42
53
67
78
89
86
70
72
81
93
102
102
96
73
42
15
-4
-16
-24
-21
-20
-28
-41
-57
-66
-79
-83
-76
-74
-72
-82
-107
-121
-129
-123
-98
-73
-50
-27
-15
-10
6
26
49
68
73
65
53
48
43
54
64
65
69
63
55
51
56
73
82
79
75
57
33
15
-2
-8
-11
-15
-11
-17
-35
-48
-56
-56
-54
-51
-48
-50
-64
-89
-107
-112
-109
-87
-66
-54
-42
-29
-15
-1
23
51
63
68
63
51
47
45
48
62
63
56
52
51
50
52
62
72
67
56
42
19
4
-7
-8
-5
-8
-6
-8
-24
-40
-49
-43
-44
-39
-33
-44
-60
-76
-94
-92
-83
-75
-53
-45
-47
-40
-29
-18
8
30
46
52
50
48
46
45
48
57
60
53
51
53
56
60
62
66
58
49
37
22
9
1
-1
-4
-13
-14
-20
-31
-38
-42
-33
-24
-25
-27
-34
-58
-78
-85
-85
-75
-58
-46
-37
-38
-36
-29
-18
0
22
36
38
42
42
42
44
44
49
53
48
48
53
58
64
64
63
53
37
26
14
-1
-4
-3
-9
-13
-20
-32
-38
-46
-49
-37
-27
-27
-24
-28
-48
-62
-68
-66
-57
-46
-35
-32
-32
-29
-25
-15
0
14
26
29
30
35
38
44
50
52
54
50
42
46
46
44
49
49
38
25
16
6
-4
-3
-5
-12
-15
-25
-34
-41
-45
-42
-34
-28
-24
-27
-31
-39
-50
-47
-42
-38
-24
-16
-21
-20
-22
-16
-7
5
18
27
29
28
28
34
38
46
53
57
54
47
51
45
41
43
32
17
9
-7
-14
-14
-15
-11
-10
-21
-29
-35
-43
-41
-39
-31
-25
-26
-28
-33
-40
-40
-34
-25
-18
-9
-4
-6
-14
-14
-10
-4
8
17
25
30
26
30
37
41
50
55
54
49
41
36
34
33
33
29
15
0
-8
-18
-20
-17
-17
-17
-27
-39
-45
-47
-49
-41
-33
-30
-30
-32
-35
-34
-31
-19
-10
-5
2
1
-4
-8
-9
-4
5
11
20
25
25
24
28
35
45
54
59
57
50
38
31
25
23
22
16
5
-3
-11
-12
-12
-10
-7
-15
-24
-37
-48
-48
-49
-50
-43
-45
-48
-49
-50
-43
-30
-18
-4
4
8
9
4
-1
-3
3
10
16
24
28
26
25
27
37
47
55
63
58
51
41
28
22
18
12
7
-2
-10
-13
-13
-8
-4
-3
-7
-21
-31
-38
-43
-43
-45
-46
-46
-55
-57
-53
-51
-36
-20
-10
5
13
11
9
5
0
8
18
25
34
38
34
30
31
38
44
52
54
52
44
32
24
18
13
8
0
-9
-16
-17
-13
-12
-3
-4
-9
-16
-27
-31
-34
-40
-41
-43
-47
-50
-55
-54
-45
-36
-22
-6
5
15
14
8
6
1
5
14
20
29
33
32
29
34
45
49
55
57
49
37
25
13
7
3
-4
-11
-14
-18
-18
-14
-10
-6
-7
-10
-19
-26
-26
-30
-33
-32
-34
-38
-41
-44
-43
-36
-26
-15
-2
12
16
13
14
8
5
15
17
23
32
29
26
27
31
37
47
53
53
50
43
28
21
15
4
-5
-13
-23
-24
-22
-20
-12
-9
-11
-12
-20
-27
-25
-29
-30
-27
-31
-33
-34
-39
-32
-26
-20
-7
2
7
12
8
3
6
4
7
14
18
20
23
19
21
30
33
37
41
36
34
27
19
15
12
5
-4
-13
-18
-21
-22
-16
-14
-12
-14
-18
-24
-28
-25
-28
-26
-22
-28
-28
-26
-30
-22
-13
-9
2
10
12
15
13
11
13
12
14
16
19
18
18
20
24
30
36
37
38
34
29
22
17
16
13
6
-1
-9
-16
-19
-18
-16
-11
-10
-15
-17
-22
-24
-23
-26
-27
-27
-31
-31
-33
-30
-23
-17
-8
-1
3
11
9
9
11
9
13
14
14
16
12
10
11
11
20
25
25
27
20
13
11
5
4
6
0
-4
-8
-13
-14
-11
-10
-7
-7
-10
-17
-17
-20
-21
-18
-16
-16
-15
-17
-20
-15
-11
-10
-1
4
9
14
12
13
14
13
18
21
21
22
19
15
12
14
18
19
20
16
8
4
-3
-4
0
0
-2
-5
-11
-14
-15
-11
-7
-3
-1
-4
-7
-10
-15
-16
-13
-16
-13
-8
-13
-9
-4
-6
0
6
8
13
15
11
8
9
10
12
21
21
18
19
11
7
13
9
12
13
3
-4
-10
-16
-15
-14
-12
-10
-16
-15
-19
-20
-13
-13
-9
-6
-11
-11
-11
-15
-11
-11
-6
-1
-2
0
1
-5
0
1
1
11
12
10
13
7
6
9
9
16
19
18
17
11
11
12
7
9
5
-6
-9
-16
-20
-17
-18
-15
-14
-17
-17
-18
-17
-14
-11
-8
-7
-7
-9
-10
-8
-10
-2
3
5
14
13
12
18
13
13
18
16
18
18
12
11
9
9
14
16
19
20
20
17
15
16
13
10
6
-1
-7
-14
-19
-20
-24
-23
-22
-23
-20
-19
-19
-14
-14
-14
-14
-13
-16
-17
-13
-14
-10
-1
-1
5
12
8
12
15
12
17
19
15
15
12
8
5
5
9
12
15
17
15
13
13
11
9
6
5
-1
-8
-10
-17
-22
-20
-24
-26
-20
-22
-21
-15
-15
-15
-10
-11
-12
-8
-10
-12
-8
-7
-4
1
7
8
13
17
16
18
23
22
21
23
15
12
11
8
11
15
16
16
15
14
10
8
9
4
4
1
-10
-12
-17
-23
-22
-23
-23
-19
-19
-19
-17
-15
-15
-16
-13
-10
-11
-10
-8
-11
-8
-3
-5
0
6
5
10
15
14
18
22