-7
3
0
-6
-7
0
-1
-6
-3
6
-14
-8
1
-11
5
-2
1
4
-5
0
0
-6
2
-1
-8
4
-4
3
-4
-2
-6
-2
1
-1
-5
0
-6
12
1
-6
12
-2
-3
1
-2
1
2
-6
12
-6
1
-3
7
0
-3
-3
2
-4
-2
-1
-6
10
0
12
-11
9
-9
14
-11
13
-14
1
-3
-16
3
-9
9
-6
12
-17
17
-19
16
-9
-3
5
-6
4
-7
7
-4
5
-8
7
-12
-3
-4
-4
12
-12
5
-3
0
6
2
-7
8
0
1
2
-14
32
-27
16
3
-10
6
-10
10
-5
-5
7
15
-12
22
-17
17
-7
-5
12
-8
3
7
0
-5
23
-21
24
-14
6
0
-10
4
-4
-11
6
-3
-8
14
-16
19
-1
-7
11
-13
3
-2
-13
4
-15
-2
2
-25
18
-15
-1
13
-40
41
-36
12
-4
-2
2
-3
-20
28
-46
26
-22
0
5
-16
27
-30
9
-9
4
-13
15
-30
21
-28
24
-16
2
16
-22
25
-29
20
-20
16
-12
7
-17
19
-27
26
-3
-14
16
-27
30
-24
13
3
-3
12
-14
10
-7
6
-1
9
-16
23
-31
15
-14
14
-9
2
11
-7
13
-6
6
4
-4
2
-8
3
7
-2
12
-12
13
-3
8
5
-5
-9
18
-23
34
-15
13
14
-14
26
-8
-4
16
-9
12
13
-14
28
-15
6
21
-19
25
-12
9
0
2
11
1
16
0
-4
3
10
-14
21
-15
7
8
11
-8
8
5
-12
18
-23
10
4
-18
32
-31
16
-3
-17
28
-28
28
-17
-12
16
-9
-10
18
-31
36
-31
15
2
-36
49
-54
38
-6
-11
12
-5
-23
26
-8
-10
32
-38
45
-37
33
-31
18
18
-34
41
-20
7
-12
42
-68
82
-56
31
-4
3
-5
23
10
-18
32
-40
46
-56
67
-55
32
17
-43
56
-29
-11
48
-37
1
43
-65
42
-9
-32
66
-80
76
-61
41
-21
0
-20
40
-62
60
-19
-44
85
-122
100
-76
35
-6
-15
8
6
-39
68
-81
50
1
-76
114
-99
51
-12
-29
38
-39
35
-30
25
-4
3
-9
37
-63
60
-22
-22
54
-56
43
-8
-6
26
-27
26
-5
-13
41
-46
20
24
-46
63
-30
-2
41
-48
51
-58
63
-77
69
-32
-9
56
-64
52
-50
49
-60
56
-26
-7
20
2
-48
78
-64
8
37
-81
83
-75
64
-66
60
-36
-4
34
-44
14
22
-43
23
2
-43
59
-51
23
2
-15
13
2
-26
48
-73
75
-69
48
-22
-2
14
-12
-20
55
-64
64
-26
-16
57
-80
55
-17
-17
21
-2
-22
22
-1
-31
53
-48
29
-6
2
1
-15
24
-45
44
-22
-5
4
17
-57
69
-54
10
37
-54
19
21
-44
30
8
-47
64
-53
30
-7
-23
48
-74
74
-56
8
45
-74
68
-36
-1
9
18
-50
81
-72
63
-45
36
-17
0
33
-42
40
-20
28
-27
60
-92
114
-79
48
2
-33
62
-51
44
-24
21
-19
49
-54
76
-52
21
14
-17
-6
36
-40
23
26
-71
108
-117
104
-67
24
46
-100
119
-102
40
4
-36
20
22
-59
70
-51
14
-1
-33
38
-66
81
-89
43
-12
-20
0
19
-32
-1
35
-71
62
-47
-10
30
-61
49
-55
55
-94
107
-122
117
-124
126
-119
75
-28
-26
48
-69
46
-37
39
-57
72
-90
100
-117
134
-134
106
-63
-4
52
-68
41
9
-54
80
-55
1
58
-113
131
-109
75
-10
-33
71
-76
68
-50
16
16
-27
32
-19
-4
16
9
-39
76
-77
52
-26
12
-26
40
-39
24
-7
18
-36
56
-32
-37
88
-116
86
-13
-36
40
2
-53
72
-56
22
0
16
-35
35
10
-51
67
-31
-28
77
-86
76
-63
52
-45
42
-15
4
-7
49
-80
107
-94
55
-13
-19
58
-66
83
-74
49
-19
25
-52
106
-139
132
-69
-21
105
-136
141
-116
96
-64
20
42
-85
94
-55
2
27
-26
-10
44
-61
42
-15
-2
-8
4
12
-76
127
-143
114
-57
-21
72
-95
52
-3
-55
71
-52
6
33
-65
48
-40
21
-23
28
-38
9
28
-70
87
-79
61
-78
97
-101
42
57
-168
198
-167
81
-23
42
-130
212
-251
228
-183
164
-172
176
-145
48
61
-129
120
-73
59
-104
190
-245
239
-173
79
-18
15
-19
-7
59
-126
181
-163
120
-68
51
-66
70
-31
-61
162
-216
219
-155
95
-65
64
-60
47
13
-56
74
-51
26
-10
38
-70
98
-70
14
62
-92
122
-103
103
-114
133
-137
143
-131
130
-128
133
-86
35
62
-125
166
-167
163
-147
137
-119
113
-111
123
-121
122
-94
60
-21
17
-37
57
-47
40
13
-39
40
-27
-10
25
-19
6
19
-29
34
-37
38
-38
38
-33
21
-37
42
-60
73
-60
39
-7
-22
7
0
-11
1
19
-51
86
-114
123
-113
63
-4
-74
122
-155
127
-63
-21
103
-135
135
-101
47
7
-51
68
-65
39
-7
-40
57
-88
99
-104
118
-124
125
-113
102
-108
125
-161
190
-191
162
-100
2
90
-146
153
-116
55
11
-59
73
-79
77
-73
76
-60
35
-25
9
-15
26
-21
28
-16
18
-31
43
-42
5
40
-63
38
1
-34
34
-7
-26
60
-75
110
-134
179
-201
187
-149
90
-39
25
-23
26
-14
1
30
-36
38
-22
17
-28
38
-15
-31
77
-109
140
-104
103
-82
69
-65
42
-31
32
-27
35
-9
-31
68
-65
46
-26
33
-60
121
-147
133
-73
5
23
4
-80
143
-167
131
-71
22
-1
41
-81
101
-103
84
-93
114
-138
136
-100
58
-38
51
-107
141
-153
118
-41
-52
114
-163
179
-207
224
-233
215
-171
85
-16
-55
102
-159
200
-245
272
-278
261
-244
211
-206
154
-111
42
13
-56
66
-64
50
-42
48
-61
52
-49
28
-54
83
-150
172
-182
181
-174
179
-222
243
-250
213
-155
63
4
-59
69
-87
63
-55
48
-67
115
-154
199
-198
166
-142
112
-106
69
-39
29
-35
67
-123
192
-232
240
-201
148
-77
-20
124
-190
227
-222
188
-150
128
-123
95
-74
40
-18
30
-48
50
-35
-7
53
-65
36
31
-92
103
-74
16
59
-127
151
-170
158
-154
132
-78
-4
88
-148
132
-83
16
29
-9
-56
93
-88
33
37
-75
58
5
-61
96
-93
79
-78
73
-75
37
16
-46
56
-6
11
-46
134
-176
147
-26
-97
150
-98
14
57
-42
-33
103
-136
131
-104
121
-161
203
-193
135
-58
6
6
-13
23
-102
181
-234
207
-135
41
-17
13
-57
69
-65
30
-35
20
-14
-34
82
-137
129
-104
35
4
-26
-14
38
-68
70
-56
43
-53
60
-43
-14
82
-139
147
-138
88
-48
35
-48
93
-108
134
-129
135
-139
160
-155
145
-109
81
-45
23
11
-25
69
-97
118
-70
2
106
-171
198
-152
84
-5
-27
60
-51
58
-61
48
-12
-24
70
-89
83
-49
1
49
-84
101
-99
78
-56
32
-29
33
-59
86
-96
68
-7
-55
117
-157
170
-172
158
-128
72
-5
-66
116
-129
109
-76
60
-42
47
-30
19
15
-33
39
-12
-28
78
-98
101
-61
34
14
-19
28
-42
76
-97
120
-99
59
-2
-1
-7
78
-120
151
-115
62
2
-26
53
-71
107
-153
202
-204
180
-123
61
-27
19
-33
44
-26
6
31
-64
89
-116
118
-121
91
-52
5
22
-51
33
-16
11
-10
11
-35
53
-77
99
-124
123
-120
99
-69
25
4
-25
25
-18
15
-26
61
-87
105
-79
33
8
-31
20
5
-24
21
1
-17
5
45
-94
148
-125
90
-51
36
-42
47
-10
-55
118
-137
111
-47
17
-7
48
-86
97
-69
40
-7
13
-26
43
-34
18
24
-39
65
-83
100
-110
94
-59
16
18
-37
63
-66
82
-96
101
-86
52
-19
-14
29
-40
63
-62
68
-59
25
1
-31
54
-64
59
-49
33
-20
15
5
-18
45
-84
127
-155
165
-136
110
-85
74
-63
60
-42
18
-3
17
-51
78
-86
60
-7
-33
67
-79
88
-91
94
-98
81
-41
-33
87
-126
104
-65
21
-7
12
-16
8
2
-5
-27
51
-81
78
-49
11
-4
0
-8
-6
21
-56
71
-80
61
-68
72
-93
84
-74
44
-53
84
-115
120
-89
30
8
-24
25
-49
114
-188
241
-241
189
-115
54
-28
38
-41
54
-53
82
-102
105
-69
16
42
-40
9
43
-51
31
27
-80
81
-70
34
-57
87
-125
101
-37
-52
96
-84
31
13
-27
1
18
-17
-39
82
-109
71
-18
-44
45
-17
-36
98
-142
159
-140
108
-62
9
46
-68
74
-76
77
-101
114
-100
75
-5
-58
85
-94
69
-50
38
-36
29
-16
3
-16
30
-60
58
-65
36
-5
-27
47
-55
40
-25
-12
3
15
-66
114
-149
123
-88
7
19
-33
10
16
-9
-36
79
-92
37
54
-143
176
-130
44
38
-81
69
-50
69
-104
151
-145
119
-37
-15
29
2
-34
53
-41
50
-48
98
-124
145
-108
54
0
-9
-18
62
-120
146
-160
150
-135
108
-84
28
15
-66
86
-102
82
-65
39
-42
46
-105
138
-175
164
-135
51
18
-82
84
-75
20
-2
-16
-6
31
-72
93
-117
130
-134
110
-40
-52
137
-180
159
-89
19
15
-3
-32
59
-55
17
34
-59
40
5
-12
11
37
-72
78
-32
-44
112
-136
120
-67
16
11
5
-65
100
-127
100
-61
3
26
-30
3
15
-21
16
-10
-6
-2
-7
4
-24
51
-106
124
-113
54
17
-101
150
-151
106
-61
30
-23
36
-35
22
5
-19
-9
78
-129
166
-132
95
-30
5
13
-15
48
-54
72
-54
30
-11
24
-37
76
-75
108
-96
116
-104
96
-30
-45
130
-158
138
-60
-31
70
-62
14
24
-28
2
6
19
-52
77
-66
13
14
-26
-22
62
-101
66
-14
-63
94
-122
97
-93
69
-79
53
-41
-11
24
-25
-4
36
-55
60
-74
103
-128
108
-50
-40
111
-146
124
-58
-10
88
-122
153
-139
103
-27
-56
153
-218
253
-210
149
-43
-34
95
-108
99
-66
18
37
-84
114
-98
83
-44
33
-18
-25
102
-191
275
-310
294
-236
145
-73
22
9
-31
41
-66
80
-77
43
-9
14
-53
119
-184
225
-221
184
-128
77
-50
31
-24
1
24
-47
80
-102
156
-192
250
-254
202
-51
-121
269
-314
245
-113
0
53
-38
-10
57
-65
64
-51
52
-65
67
-43
40
-19
21
-26
-1
47
-145
258
-354
376
-329
249
-162
68
32
-92
145
-147
140
-124
119
-110
120
-111
115
-104
73
-42
26
0
-7
40
-48
74
-60
38
-10
27
-60
114
-116
85
17
-136
246
-325
355
-325
253
-146
31
64
-155
235
-307
355
-373
365
-297
187
-77
-25
45
-41
11
-35
67
-100
92
-41
-64
118
-117
51
45
-119
154
-151
125
-97
43
35
-125
235
-307
330
-302
219
-102
14
96
-182
257
-279
278
-208
170
-160
208
-259
266
-206
84
66
-196
302
-356
367
-328
244
-124
3
89
-163
180
-184
170
-174
172
-173
151
-117
79
-60
48
-74
97
-109
89
-56
-9
85
-180
257
-292
254
-192
140
-131
176
-216
236
-226
179
-129
107
-104
132
-141
128
-60
-12
87
-131
132
-112
78
-37
23
-36
84
-138
165
-134
59
51
-138
213
-228
239
-212
162
-112
30
66
-173
228
-268
233
-188
141
-117
108
-90
78
-55
23
-12
-13
40
-44
32
7
-84
146
-180
140
-57
-50
143
-173
170
-126
90
-85
119
-151
197
-211
202
-150
101
-43
4
-3
35
-101
147
-161
121
-63
-4
64
-110
149
-182
167
-114
32
51
-100
131
-144
139
-133
104
-48
-36
120
-169
160
-102
47
2
-6
17
-41
129
-210
277
-247
181
-66
-36
126
-208
281
-341
385
-394
387
-354
296
-213
108
-15
-58
70
-48
-8
27
-22
-51
126
-194
208
-215
155
-116
31
39
-125
170
-213
199
-215
215
-237
202
-146
25
93
-181
232
-275
344
-426
472
-464
362
-227
85
-4
-54
99
-145
164
-145
78
39
-145
210
-178
121
-57
45
-62
92
-52
-43
191
-259
219
-68
-106
228
-235
150
8
-137
221
-225
205
-146
111
-52
0
79
-152
181
-142
52
45
-126
157
-153
124
-105
90
-87
71
-67
51
-30
5
22
-51
74
-88
105
-129
136
-130
87
-24
-6
-5
59
-136
170
-151
93
-37
36
-128
238
-343
341
-261
120
7
-81
79
-57
-23
85
-167
202
-179
91
22
-137
183
-191
143
-117
115
-137
128
-81
-4
91
-152
178
-133
67
17
-77
122
-102
54
12
-62
91
-97
108
-120
149
-172
214
-239
238
-255
243
-236
228
-219
192
-178
160
-116
25
134
-279
353
-338
219
-87
-5
-9
94
-200
279
-294
262
-168
82
-20
-3
25
-36
54
-57
39
-3
-39
45
-45
52
-90
151
-191
177
-136
83
-89
151
-234
277
-209
49
108
-226
228
-173
108
-131
206
-285
291
-218
132
-102
146
-198
207
-111
-26
118
-106
19
86
-111
57
67
-162
195
-127
34
71
-114
98
-26
-32
82
-77
44
36
-107
189
-199
184
-107
22
57
-124
150
-112
31
67
-131
123
-55
-62
132
-166
193
-235
305
-356
316
-224
83
-1
-29
-19
23
-2
-71
129
-128
55
16
-53
-18
90
-127
47
95
-276
368
-381
292
-156
31
69
-110
111
-75
9
61
-96
69
14
-116
207
-262
307
-313
345
-339
315
-246
99
73
-210
298
-286
215
-108
46
-50
87
-104
59
39
-131
114
-14
-144
209
-160
-1
157
-225
174
-73
-41
87
-84
93
-134
202
-239
187
-57
-111
259
-306
241
-72
-146
380
-466
421
-221
-15
181
-195
115
10
-77
100
-53
72
-106
194
-238
242
-155
94
-43
74
-102
110
-29
-74
190
-235
235
-154
92
3
-72
115
-84
45
-21
42
-103
128
-82
-39
180
-248
213
-122
18
6
22
-91
126
-118
39
39
-114
136
-103
48
-8
-3
-61
166
-250
325
-289
206
-81
-34
137
-200
279
-295
281
-153
-17
211
-311
303
-195
109
-56
90
-130
148
-96
32
44
-54
75
-101
135
-149
91
30
-174
273
-315
282
-207
140
-65
5
31
-87
104
-129
124
-115
78
-49
27
-52
103
-196
240
-240
165
-44
-94
178
-190
121
-36
-50
94
-127
143
-146
127
-69
6
43
-58
56
-42
46
-32
36
-33
39
-45
10
80
-185
266
-263
191
-87
24
-18
70
-112
129
-85
37
-1
-2
29
-97
230
-368
457
-435
346
-196
114
-67
78
-101
109
-106
117
-112
99
-45
24
-28
65
-102
134
-127
117
-93
73
-47
-42
112
-169
139
-40
-65
126
-89
-25
106
-117
41
67
-111
72
12
-83
74
-15
-45
67
-15
-32
72
-64
60
-58
93
-109
125
-99
75
-31
15
51
-97
159
-201
222
-200
161
-92
46
7
-52
74
-81
23
23
-88
117
-131
114
-95
56
-39
10
-21
9
-50
54
-93
67
-64
-10
25
-78
75
-84
61
-22
-58
110
-134
50
62
-190
240
-218
96
21
-126
154
-135
96
-44
-23
75
-140
156
-138
60
36
-115
145
-114
44
11
-35
21
10
-33
25
-6
-30
40
-73
102
-186
230
-267
222
-137
52
-35
65
-166
230
-258
214
-158
71
-31
14
-22
31
-30
-22
84
-167
230
-262
247
-203
115
-25
-55
82
-88
72
-54
66
-57
55
-61
67
-61
61
-34
25
-23
79
-158
222
-228
189
-96
-9
99
-152
174
-135
103
-82
102
-133
166
-154
108
-29
-59
122
-131
119
-83
66
-86
76
-51
-18
62
-59
-27
130
-215
187
-105
-24
95
-123
115
-120
110
-119
79
-49
12
-8
24
-59
66
-76
63
-60
79
-39
-33
136
-192
158
-54
-44
73
13
-122
186
-141
25
82
-112
42
68
-133
126
-20
-105
212
-244
193
-127
41
16
-30
41
-72
124
-197
232
-197
87
49
-159
161
-80
-16
54
-7
-109
200
-194
110
-12
-41
-13
70
-130
85
-8
-97
153
-147
62
9
-78
66
-32
-47
127
-195
179
-130
40
13
-44
23
-9
-22
36
-57
88
-145
215
-271
285
-228
129
-30
-17
16
17
-13
3
51
-85
109
-100
152
-177
254
-242
175
-35
-87
236
-271
278
-185
96
11
-42
61
-3
-64
169
-234
282
-245
201
-107
58
8
-60
97
-145
201
-216
207
-158
101
-10
-85
174
-180
139
-49
-11
87
-108
164
-197
249
-241
225
-147
80
-13
11
-27
59
-44
-19
176
-309
398
-383
318
-206
155
-96
63
13
-88
171
-179
129
-42
-19
11
69
-206
287
-315
251
-148
51
-8
20
-49
58
-26
-50
140
-235
239
-225
140
-62
-49
113
-169
161
-122
3
127
-261
301
-263
179
-113
78
-117
140
-123
51
66
-184
245
-267
228
-174
93
19
-131
191
-183
85
13
-53
43
0
-27
36
-40
63
-119
160
-138
50
87
-207
288
-287
230
-158
84
-53
27
-20
19
-2
15
-53
62
-14
-85
198
-258
217
-125
21
1
26
-59
54
36
-159
256
-290
247
-156
74
16
-85
108
-45
-55
175
-210
189
-69
-46
122
-109
68
10
-46
69
-62
56
-35
44
-4
-27
97
-107
82
23
-61
91
0
-101
189
-195
151
-57
3
45
-37
42
-59
142
-217
275
-241
109
55
-174
176
-81
-22
51
17
-121
206
-200
158
-84
71
-76
108
-128
128
-92
40
49
-112
125
-60
-40
104
-96
4
113
-179
152
-67
-28
53
-32
-27
59
-38
-26
79
-95
22
37
-141
160
-142
31
30
-100
118
-209
274
-412
449
-421
251
-39
-194
290
-300
194
-76
-47
75
-129
85
-109
116
-159
104
-42
-106
193
-223
149
-80
10
-37
64
-101
70
-39
7
-44
106
-204
215
-229
148
-103
2
39
-94
95
-110
80
-59
-5
8
-6
-32
39
53
-204
401
-490
468
-305
106
89
-224
275
-312
295
-236
181
-63
16
31
-44
76
1
-45
208
-179
177
-20
-74
107
-94
48
73
-161
193
-182
77
-43
25
-73
186
-192
154
55
-186
307
-241
220
-103
143
-70
7
175
-317
409
-341
175
-55
18
-131
237
-327
243
-138
-48
145
-158
162
-81
96
-33
14
83
-106
120
3
-78
170
-84
-24
133
-126
16
103
-147
107
-58
1
-40
75
-160
156
-32
-176
342
-379
143
190
-510
535
-290
-129
394
-469
278
-92
-148
316
-503
499
-429
239
-137
47
-2
-126
320
-499
484
-246
-152
331
-260
-132
474
-620
427
-86
-318
442
-339
-5
230
-254
38
164
-225
1
276
-500
339
67
-524
670
-505
107
240
-450
397
-194
-24
73
59
-214
224
1
-338
580
-556
220
295
-638
650
-458
217
-104
86
-58
-16
221
-429
655
-637
487
-207
-35
274
-406
426
-330
174
-127
20
63
-296
428
-524
363
-114
-293
525
-494
206
128
-249
259
-27
-93
272
-135
58
163
-68
-10
157
-231
213
-176
60
-21
-24
-102
-5
113
-323
395
-219
5
397
-461
527
-57
-114
432
-189
162
104
7
-83
177
-171
-11
170
-229
26
107
-377
311
-260
-2
159
-323
285
-203
120
3
49
-13
73
96
-200
371
-245
32
245
-447
427
-319
9
121
-265
93
-130
16
-88
73
-41
17
136
-175
246
-82
54
104
-60
190
-127
123
-42
0
-133
29
-110
-136
30
-265
59
-154
-97
-15
-102
-73
-106
74
-35
95
-85
194
-193
68
66
-197
260
-267
48
-27
-168
-84
-85
-97
-193
32
-178
10
17
-204
233
-131
110
100
80
314
7
367
173
185
273
180
310
242
277
169
197
124
-83
256
-74
32
16
-116
-107
-235
-225
-205
-372
-253
-389
-391
-382
-491
-442
-425
-549
-470
-418
-389
-435
-178
-290
-136
-24
-107
336
107
381
567
487
647
746
721
911
857
914
968
961
894
942
919
838
669
641
567
291
189
42
-347
-385
-684
-722
-909
-1100
-1332
-1471
-1491
-1739
-1428
-1533
-1407
-1298
-1227
-831
-862
-469
-340
-158
81
192
495
605
808
840
1036
1066
1056
1249
1145
1309
1091
1125
973
992
980
948
1034
895
962
920
979
792
498
-78
-349
-543
-514
-354
-532
-793
-1481
-1949
-2090
-2300
-1979
-2046
-1807
-1661
-1585
-1209
-1060
-837
-827
-375
-91
410
879
929
1025
817
753
850
991
1047
1104
1009
879
825
709
580
544
472
578
652
960
950
879
657
749
822
964
1348
978
453
-354
-637
-639
-381
-445
-318
-1048
-1808
-2185
-2168
-2056
-2141
-1843
-1637
-1334
-1158
-608
-451
-577
-515
-138
514
1024
1325
1425
1255
756
330
634
383
730
479
707
568
185
-111
-312
-166
-194
433
732
1285
1089
908
990
1120
1292
1728
2236
2154
1158
255
-247
-368
-458
-341
-135
-831
-1865
-2482
-2485
-2858
-3017
-2801
-2171
-1840
-1435
-567
-477
-560
-748
-161
653
1182
1714
1959
1838
1318
1171
791
664
295
93
297
103
141
-476
-830
-1032
-1046
-536
-47
551
628
729
811
1279
1647
1975
2538
2926
2579
1557
883
214
108
142
218
149
-1027
-2165
-3064
-3405
-3685
-3438
-2989
-2564
-2082
-1739
-1005
-1078
-815
-509
209
1111
1937
2583
2535
2467
1787
1559
853
-21
408
-243
162
-109
-494
-1039
-2113
-1942
-1601
-961
-620
387
588
695
1381
1647
2315
2577
3020
3814
3673
2631
1413
359
24
234
153
416
-554
-2573
-3635
-4289
-4113
-3931
-3678
-2881
-2289
-2100
-1290
-581
-714
-552
153
1452
2739
2942
3180
2836
1795
1394
1303
852
643
-231
-444
-519
-1256
-1300
-1824
-1996
-2035
-1580
-1161
-303
27
370
1259
1599
2378
2979
3149
3809
3891
3416
2327
1053
402
535
417
384
87
-1858
-3538
-4706
-4654
-4187
-3780
-3103
-2558
-2421
-2098
-1156
-868
-419
294
1314
2589
3178
3451
3044
2055
1632
1389
1199
833
405
-447
-1297
-1656
-1866
-1974
-2229
-2070
-1863
-1711
-1141
-365
288
921
1922
2540
3008
3368
3525
4159
4303
4200
2371
859
235
241
336
-163
-277
-2755
-4866
-5614
-4870
-4260
-4119
-3325
-2856
-2639
-2162
-529
-4
290
1045
2290
3436
3958
4117
3356
2554
1784
1544
1348
483
-156
-1565
-2299
-2301
-2510
-2479
-2977
-2710
-2724
-2178
-1352
-87
437
1195
2526
3092
3713
3747
4314
4521
5075
5078
3233
1004
-286
-179
-607
-708
-751
-2949
-5543
-6695
-5543
-4958
-4624
-3849
-2872
-2671
-1866
219
966
1410
1833
3268
4243
4891
5125
4404
2962
1838
1693
627
203
-1207
-2064
-3449
-3876
-3414
-4104
-3979
-4181
-3176
-3108
-1624
-247
813
1724
2922
4594
4544
4908
5178
5597
5710
6404
5901
2843
-177
-1341
-1263
-1546
-1590
-1841
-4687
-7433
-7805
-6538
-5978
-5495
-3890
-2905
-2126
-558
1600
2152
2275
3340
4682
5730
6339
6399
4884
3146
1849
1317
-43
-1066
-1803
-3746
-4607
-5420
-4597
-5347
-5420
-4550
-3937
-2969
-1726
865
1372
2715
4178
5995
5904
5667
6415
6337
6601
7350
7212
3677
-677
-2433
-2546
-2435
-2330
-2382
-4796
-8524
-9162
-7953
-6700
-6105
-4581
-3111
-2015
22
2289
3147
2983
3956
5327
6441
7351
7079
5373
3257
2299
1196
48
-2219
-3437
-5152
-6058
-5353
-5427
-5143
-6635
-5590
-4771
-2825
-1197
1161
2741
3137
5452
6770
7981
6725
6565
6457
6162
7006
7500
5773
766
-3731
-4818
-4712
-3688
-3514
-4139
-6930
-9844
-9249
-7648
-6031
-5572
-3458
-1580
621
2831
4509
5067
4368
5357
6462
7776
7728
6142
4198
1859
909
-675
-1724
-3922
-6293
-6757
-7245
-5948
-6120
-6039
-6295
-5522
-3422
-1050
1108
2617
4719
5398
7468
8650
8483
7540
6003
6267
6066
6565
6578
4326
-507
-6036
-7090
-6520
-4731
-4703
-4848
-6292
-9623
-9303
-7573
-5488
-4998
-2495
413
2650
4480
5806
6336
4973
5881
6989
7878
7663
5767
3435
754
-564
-1987
-3440
-5393
-6729
-8543
-7894
-6920
-6777
-6141
-6188
-3960
-2655
-14
2154
3786
5332
6903
8531
9214
9346
7651
6783
5632
5316
5053
4278
3441
1012
-3630
-8327
-8791
-7281
-5502
-5596
-5068
-6157
-9135
-8740
-6065
-3751
-2686
99
2953
4819
5662
6973
7254
5888
6048
6758
7028
6118
4050
1512
-1018
-3057
-4193
-5550
-6827
-7591
-7401
-8326
-7259
-6253
-5996
-4263
-2920
303
1257
3092
5333
6685
7694
9201
9531
8069
7128
5671
5311
3732
3095
2361
1837
672
-1807
-6758
-10142
-8458
-7103
-4423
-4222
-3337
-5823
-8049
-5974
-3234
-1614
-826
3063
4390
5956
6814
7731
6405
4173
5283
5815
5400
3514
1572
-1659
-3933
-4780
-5260
-6338
-8121
-7941
-7370
-6862
-5588
-4104
-3952
-2770
-848
2049
3954
5224
7221
8011
8167
8507
8227
6797
5642
4215
3325
2445
1608
1136
742
-915
-4050
-9170
-10081
-6902
-4463
-2824
-2746
-3009
-6368
-7136
-4430
-1336
-419
1164
4422
5332
6240
6772
6784
4823
3649
4410
4588
3401
1375
-423
-3164
-4950
-5569
-6257
-7450
-8608
-7149
-5591
-4724
-3991
-2986
-2308
-1643
1425
4025
5778
6550
7814
8729
7924
7580
6512
5163
3480
2587
1877
800
-321
-1422
-647
-1592
-4703
-8898
-8770
-5903
-4273
-2557
-1348
-1559
-5393
-5248
-2391
-173
470
2409
5372
5412
5944
6739
6323
3388
2042
2724
2802
1915
418
-1322
-4184
-5761
-6025
-6449
-7326
-7457
-5890
-3930
-2854
-2300
-1874
-1756
-314
2496
5783
7337
7517
7563
7217
6418
5824
5241
3652
1867
490
30
-586
-1301
-1742
-1024
-1502
-4715
-8339
-7754
-4620
-2716
-1131
558
-122
-3984
-3898
-1383
520
668
2680
5301
5035
5381
5781
4717
1459
537
1578
1709
1064
-73
-1692
-4448
-5829
-5883
-6236
-6829
-6337
-4436
-2695
-1787
-1103
-715
-48
791
2931
5353
6481
6966
6780
6632
5348
4040
2784
1808
387
-228
-519
-1198
-1487
-2126
-400
-195
-2695
-6663
-6535
-3473
-1093
938
2405
1944
-3071
-3992
-1978
-299
71
1708
4189
3638
3448
3568
2837
-176
-762
814
1546
1541
343
-1021
-3648
-4983
-4919
-4708
-5110
-4882
-3333
-1441
-603
-774
-812
-591
137
2201
4772
5897
5684
4947
4791
3892
3146
2357
1595
584
12
-105
-333
-685
-1116
436
1262
-723
-4873
-5296
-2085
-178
1209
2032
1491
-3312
-5079
-2730
-1105
-1263
-519
1983
1855
2157
2878
2418
-351
-1009
1017
2133
2337
1417
-239
-2815
-3781
-3367
-3729
-4454
-4912
-3477
-1811
-706
-552
-1043
-694
-448
1088
2995
4484
4820
4542
4766
4245
3495
2129
1399
715
394
299
-159
54
-338
826
2222
1622
-1937
-4845
-2893
-1051
352
1289
2093
-1202
-5507
-4568
-2944
-2527
-2670
72
1513
1381
2228
2518
1083
-772
743
2323
3112
2652
1299
-344
-2213
-2632
-3342
-3860
-4684
-3932
-2363
-985
-946
-1632
-1484
-1354
-266
1420
3509
4030
4455
4645
4765
3976
2702
1893
1061
910
896
902
583
396
315
1688
2321
119
-3552
-4512
-2196
-639
462
1551
162
-4295
-6153
-4314
-3058
-3307
-1984
599
1429
1937
2871
2347
529
288
1990
3545
3715
2748
1101
-766
-2209
-3284
-3978
-4632
-4474
-3630
-2169
-1412
-1979
-2277
-2288
-1104
390
2149
4009
4976
5125
4766
4731
3971
2669
1620
1673
1471
793
644
467
142
-218
1057
1741
-434
-3792
-3868
-1891
-584
239
1040
-375
-4576
-5658
-4091
-3168
-3381
-1336
1121
1753
2275
2732
2541
744
960
2359
3342
3436
2319
973
-1180
-2743
-3982
-4199
-4327
-4260
-3182
-2311
-1510
-2216
-2299
-1707
-459
1251
2872
4808
5165
4943
4418
4519
3554
2166
1651
1586
989
-59
-162
-396
-559
-621
1229
2153
105
-3198
-3763
-1628
-310
438
1027
-92
-4108
-5489
-4018
-3187
-3572
-2324
633
1747
1970
2391
2109
566
344
2178
3944
3988
2632
926
-926
-2566
-3285
-3307
-3672
-3899
-3043
-1489
-1050
-1766
-2697
-2445
-1052
959
3381
4470
4858
4046
3796
3944
3345
2164
1218
1144
557
315
-41
64
-592
-513
1390
3067
1830
-2237
-3572
-2333
-750
-107
1031
366
-3978
-6019
-4780
-3547
-4213
-3137
-215
956
1710
3049
3258
1267
666
2497
4231
4576
3388
1703
-559
-1972
-2368
-2854
-3504
-4394
-3654
-2387
-1297
-1915
-3115
-3023
-1981
428
2483
4504
4579
3738
3196
3660
3562
2208
1450
964
1059
314
461
357
-189
-260
1061
3453
2531
-889
-3632
-2847
-1346
-421
562
160
-3070
-6380
-5647
-4190
-4142
-3608
-863
1547
2439
3318
3485
2002
1140
2764
4851
5230
3849
1845
-103
-1602
-2537
-3157
-4115
-5110
-4785
-3217
-1809
-2129
-3183
-2967
-1809
-57
1963
3708
4336
3920
3618
4174
3915
2339
1141
681
649
223
487
686
56
-155
1002
2929
3492
1732
-1906
-3372
-2275
-689
-39
-143
-1401
-5030
-6305
-4950
-4018
-4155
-2716
378
1682
2585
3511
3495
2306
2417
4002
4653
4194
3017
2035
153
-1738
-3076
-4273
-5317
-5610
-4130
-2648
-2322
-2588
-2845
-2525
-1447
493
2138
3377
4174
4213
4265
4033
3253
1495
690
873
740
804
1276
1467
761
666
1601
2508
2467
651
-1790
-2962
-2343
-1606
-1114
-1055
-2710
-5104
-5564
-4317
-3863
-3265
-1514
146
1263
3012
4458
4203
3314
3143
3415
3795
3953
3088
1199
-932
-2605
-4178
-5133
-5585
-5446
-4549
-3522
-2543
-2088
-1744
-1620
-702
639
2072
3568
4246
4804
4556
4064
2941
1522
826
566
638
1128
1866
1392
715
246
467
549
1179
2895
1523
-1984
-3628
-2426
-1639
-2315
-1447
-1630
-4086
-5029
-3387
-2900
-3891
-2343
834
2966
4008
5042
4229
2182
1886
3089
4084
3122
1816
301
-1620
-3443
-4807
-5218
-6095
-6063
-4724
-2713
-1539
-1393
-1476
-1265
-200
1294
3196
4693
5746
5390
4807
4397
3194
1756
1042
1417
1372
1052
763
-128
-1580
-2059
-1272
-569
753
1153
-472
-2528
-2714
-1304
-929
-197
382
-1111
-3106
-2957
-2116
-2591
-2041
-26
1642
2152
2719
2690
1524
1007
1346
1933
2025
1685
472
-1282
-2838
-4208
-4577
-4456
-3858
-2961
-1693
-779
-643
-431
-182
298
707
2254
3606
4653
4879
4269
3553
2444
1797
847
581
296
-85
-678
-925
-988
-1715
-1706
-916
869
2868
2758
114
-2304
-2001
-347
475
1119
631
-1885
-3678
-3171
-2581
-3132
-3005
-1454
217
1512
2595
2367
1089
364
901
1960
2242
1494
64
-1278
-2304
-2663
-2644
-2825
-3015
-2420
-1158
-144
198
-51
-106
-202
540
1946
3346
3957
3770
3563
2939
1691
247
-419
-644
-693
-371
115
-31
-813
-1049
-10
1143
2556
4391
3182
67
-1532
-606
-101
-686
134
-674
-3494
-4929
-4269
-4782
-5492
-3718
-1029
631
1712
2769
2288
1327
1256
2087
2888
2988
2491
1355
184
-1180
-2327
-2880
-3227
-3133
-2463
-1407
-962
-963
-1011
-747
-573
-379
1188
2970
4049
4072
3766
2901
1320
172
-19
125
18
409
648
783
515
233
698
1112
2521
4202
3209
94
-2252
-2253
-1737
-1694
-826
-1721
-4347
-5564
-4979
-4649
-4801
-3404
-1283
655
2478
3868
3448
2199
1723
2218
3225
3536
3217
1823
114
-1461
-2443
-3019
-3892
-4109
-3351
-2167
-1392
-780
-807
-1359
-1782
-443
1820
3482
4498
4273
3622
2384
1699
1188
691
562
724
1185
1631
1512
326
-356
-236
446
1591
3356
2840
-695
-3038
-2606
-1802
-2107
-1433
-1461
-3343
-4680
-4099
-3821
-4430
-3200
-653
1472
2431
3187
2889
1770
1470
2323
3443
3385
2585
1460
137
-1384
-2471
-3171
-3777
-4044
-3275
-1763
-1045
-1143
-1094
-724
-466
-44
1404
3181
3634
3657
3972
3510
2009
906
890
1012
772
937
976
259
-421
-765
-579
-254
503
2451
3515
1335
-1874
-3187
-2514
-1934
-1122
207
-976
-3545
-4524
-4093
-3892
-3709
-2253
-378
1008
2273
3032
2558
1828
1628
2202
3038
3102
2401
936
-366
-1143
-1803
-2490
-3265
-3361
-2730
-1964
-977
-420
-541
-950
-1029
198
1518
2845
3508
3316
2918
2474
2202
1647
1035
551
322
193
674
471
-403
-978
-694
408
1649
3207
2515
-744
-3225
-2598
-1031
-419
-47
-562
-2416
-4210
-4006
-3862
-4277
-3836
-2163
83
1919
3188
2666
1441
1041
1787
2893
3438
3235
2163
1001
320
-170
-1351
-2925
-3620
-3072
-2024
-1272
-823
-985
-1793
-1836
-923
55
857
1573
2723
3492
3778
3496
2399
999
238
501
957
1286
1045
545
-228
-409
-4
202
1199
2264
1222
-1182
-2110
-1514
-1601
-1749
-893
-1387
-3187
-3888
-3668
-4146
-4200
-2662
-1033
214
1690
2788
2512
2221
2632
3203
3471
3471
3237
2291
1278
137
-752
-1710
-2974
-3693
-3612
-3078
-2588
-2040
-1671
-1644
-1690
-817
230
1079
2225
3224
4172
4106
3532
2875
1872
1233
898
886
669
19
-864
-1169
-868
-465
-63
821
2221
1328
-900
-1709
-1472
-1552
-1514
-241
-169
-2020
-3298
-3526
-3872
-4064
-3199
-1927
-491
1217
2727
3041
2789
2702
2699
3052
3130
3067
2418
1360
640
-147
-1402
-3271
-4431
-4441
-3670
-2630
-1612
-1167
-1396
-1330
-1144
-290
740
1942
3312
4519
5083
4474
3187
1634
535
-31
-138
-394
-751
-874
-686
-162
56
-293
-115
1118
1610
758
-275
-653
-840
-905
-217
-361
-2017
-3611
-3921
-3673
-3509
-2939
-2189
-1239
199
1931
2802
2844
2841
2720
2656
3045
3358
2701
1556
752
-171
-1452
-2660
-3556
-3922
-3581
-2438
-1403
-1124
-1428
-1829
-1742
-690
625
1996
3321
4164
4383
3595
2560
1414
457
-63
-270
-290
-172
-9
-149
-225
-519
-479
88
1547
3007
2130
163
-1311
-1341
-1150
-1140
-819
-1386
-2476
-3283
-3308
-3271
-3485
-3395
-2661
-822
1334
2651
2985
3201
3200
2713
2459
2552
2442
1586
915
691
178
-832
-2028
-2690
-2972
-2859
-2441
-2015
-1777
-1559
-1268
-859
-162
620
1259
1696
2419
2912
2790
2564
2210
1503
432
-141
-14
70
17
181
665
786
843
1191
1731
1444
-158
-1309
-1689
-1446
-1437
-1427
-1085
-1662
-2494
-3078
-3221
-3384
-3375
-2740
-1646
154
1757
2626
2755
3039
2960
2210
1895
2079
2102
1536
1312
1431
1214
-52
-1565
-2440
-2837
-3055
-2913
-2136
-1786
-1844
-1750
-1181
-774
-307
561
1509
2527
3107
3279
2943
2469
1773
1147
801
434
130
128
528
662
505
311
206
472
723
42
-1148
-2001
-2006
-1662
-1235
-752
-1071
-1776
-2460
-2747
-2691
-2746
-2757
-2113
-317
1471
2249
2376
2380
2060
1796
2006
2306
2126
1709
1675
1677
1564
715
-692
-1920
-2554
-2800
-2906
-2864
-2667
-2206
-1703
-870
-437
67
518
783
1579
2325
2924
2739
2337
2064
1484
839
390
179
-64
-131
62
356
523
705
875
996
628
-421
-1525
-1961
-1664
-1434
-1115
-689
-753
-1545
-2325
-2580
-2527
-2431
-2061
-1089
-88
826
1471
2083
2508
2420
2046
1676
1715
1710
1585
1375
1147
697
32
-649
-1292
-2011
-2550
-2617
-2310
-1625
-1206
-969
-775
-320
357
789
1029
1119
1281
1256
1109
1093
1136
887
428
440
667
710
494
609
874
973
1042
1167
1148
419
-432
-929
-1098
-1252
-1302
-1322
-1498
-1763
-1859
-1774
-1881
-1737
-1717
-1849
-1582
-600
569
1042
1438
1929
2139
1770
1437
1380
1150
841
783
1311
1540
1052
194
-395
-768
-1286
-1546
-1546
-1479
-1469
-1502
-1150
-586
-291
-406
-701
-448
-96
99
423
880
1270
1273
1188
1370
1611
1527
1370
1422
1540
1497
1282
1316
1046
429
-347
-877
-1144
-1598
-1849
-1797
-1431
-1289
-1321
-1577
-1997
-2385
-2453
-2057
-1287
-319
123
233
462
977
1294
1280
1373
1636
1811
1890
2118
2280
1952
1228
708
343
-166
-874
-1385
-1806
-1956
-1842
-1732
-1584
-1671
-1677
-1593
-1065
-421
12
376
813
1261
1352
1342
1372
1647
1790
1810
1826
1634
1265
923
1037
1172
1264
1079
319
-615
-1265
-1456
-1657
-1616
-1298
-1269
-1530
-1653
-1676
-2003
-2542
-2696
-2318
-1802
-1212
-452
498
1265
1639
1898
2081
2132
2170
2215
2382
2374
2049
1396
557
96
-275
-824
-1299
-1572
-1733
-2048
-2274
-2156
-2000
-1750
-1269
-636
-36
292
458
532
672
1068
1425
1592
1558
1629
1719
1668
1578
1430
1421
1609
1990
1891
984
-208
-1015
-1195
-1148
-1088
-1127
-1264
-1515
-1824
-2031
-2375
-3037
-3631
-3273
-2201
-1132
-354
304
930
1347
1728
2008
2134
2027
1907
1983
2338
2317
1494
586
258
215
-36
-322
-881
-1597
-2156
-2201
-2042
-1961
-1464
-1130
-860
-407
-29
-82
-370
-108
530
1006
1277
1529
1598
1650
1717
1843
1822
1693
1793
2197
2382
1829
826
-221
-849
-1204
-1265
-1248
-1294
-1596
-2028
-2324
-2692
-3092
-3548
-3440
-2741
-1694
-675
2
620
1190
1624
1874
2225
2391
2198
1832
1820
1907
1749
1468
1027
733
277
-173
-923
-1691
-2081
-2213
-2049
-1758
-1262
-1130
-1347
-1319
-867
-424
-293
11
583
1014
1132
1259
1568
1757
1768
1844
2179
2465
2450
2388
2300
1848
963
29
-554
-1052
-1443
-1603
-1689
-1946
-2373
-2714
-3015
-3125
-3168
-3111
-2847
-2166
-1129
-243
673
1649
2305
2474
2430
2313
2110
1701
1460
1581
1708
1672
1213
729
271
-380
-1171
-1789
-2000
-2133
-2213
-1977
-1385
-1050
-1047
-992
-738
-490
-294
121
511
793
937
1167
1507
1797
2029
2093
2241
2397
2429
2272
2125
1818
1240
368
-569
-1252
-1841
-2081
-2205
-2153
-2093
-2232
-2463
-2683
-2735
-2875
-2798
-2225
-1192
-13
1104
2009
2394
2314
1910
1578
1415
1354
1296
1285
1479
1515
1189
619
-3
-619
-1175
-1537
-1635
-1601
-1562
-1442
-1266
-1088
-934
-849
-697
-452
-152
105
274
621
971
1202
1499
1832
2078
2183
2194
1998
1750
1680
1716
1626
1308
735
-260
-1225
-1749
-1919
-1956
-1937
-1748
-1753
-1947
-2153
-2275
-2387
-2510
-2147
-1355
-433
364
985
1446
1681
1719
1601
1549
1454
1213
942
934
1091
999
707
346
3
-425
-833
-1253
-1607
-1870
-1915
-1658
-1286
-868
-620
-500
-362
-47
284
490
673
1001
1346
1630
1964
2185
2113
1786
1542
1531
1617
1631
1535
1283
611
-402
-1186
-1576
-1757
-1790
-1669
-1480
-1549
-1793
-2066
-2333
-2390
-2385
-2200
-1614
-680
253
975
1611
2006
1941
1615
1387
1239
1124
954
968
1082
1017
663
91
-243
-629
-1049
-1477
-1891
-2052
-2093
-1823
-1336
-806
-339
-98
163
535
754
848
911
1073
1288
1486
1756
1878
1860
1705
1574
1558
1458
1273
1047
779
375
-272
-862
-1235
-1511
-1573
-1588
-1564
-1679
-1937
-2092
-2187
-2132
-2079
-1917
-1401
-623
163
926
1562
1903
1914
1701
1502
1199
1107
1013
835
722
619
486
25
-337
-625
-1088
-1654
-2085
-2106
-1969
-1696
-1140
-480
23
306
475
661
786
899
974
1074
1367
1526
1564
1569
1503
1327
1130
1051
994
913
945
933
592
105
-544
-1177
-1606
-1665
-1497
-1456
-1358
-1305
-1508
-1863
-1993
-1813
-1733
-1569
-979
-136
560
1094
1558
1811
1712
1461
1338
1254
1090
793
711
739
557
185
-186
-613
-1191
-1666
-1955
-2093
-1970
-1563
-1102
-678
-238
137
245
394
732
1011
1177
1229
1362
1366
1245
1225
1285
1362
1317
1255
1142
1050
961
879
635
224
-374
-1034
-1332
-1458
-1476
-1539
-1425
-1300
-1416
-1514
-1632
-1691
-1783
-1721
-1314
-619
132
765
1404
1987
2213
1964
1626
1277
982
747
639
638
424
50
-396
-745
-1089
-1503
-1843
-1997
-1812
-1358
-953
-726
-440
-111
119
356
712
1002
1072
1101
1187
1252
1186
1061
1050
1183
1268
1118
998
907
744
676
751
825
492
-270
-945
-1301
-1411
-1414
-1258
-978
-987
-1178
-1397
-1667
-1888
-1999
-1856
-1395
-569
335
1055
1684
2138
2124
1773
1327
922
674
490
490
504
411
-65
-710
-968
-1155
-1465
-1690
-1651
-1469
-1274
-1000
-513
-179
-37
47
310
822
1066
1155
1120
1117
1170
1117
1120
1181
1158
873
559
557
615
496
570
844
1076
852
111
-632
-1116
-1223
-1225
-964
-653
-766
-1129
-1428
-1596
-1869
-2064
-2000
-1489
-662
196
906
1488
1845
1785
1482
1102
867
662
519
525
641
604
98
-377
-647
-1021
-1476
-1845
-1991
-1898
-1564
-993
-516
-140
90
83
325
677
940
1128
1360
1697
1743
1595
1331
1004
664
264
142
319
505
652
882
1206
1220
632
-186
-884
-1136
-1120
-1028
-683
-497
-616
-967
-1354
-1696
-2051
-2222
-2093
-1496
-479
408
1093
1700
1961
1747
1317
1024
831
708
701
756
857
654
0
-655
-1156
-1657
-2173
-2410
-2219
-1896
-1371
-771
-282
146
196
346
721
1085
1393
1575
1813
1738
1465
1143
712
477
340
146
70
243
476
639
866
1190
1193
708
-76
-690
-821
-934
-874
-511
-276
-553
-1143
-1555
-1983
-2350
-2388
-2112
-1365
-338
545
1290
1906
2153
1833
1369
1090
894
827
781
743
718
338
-421
-1153
-1661
-2157
-2615
-2560
-2159
-1670
-1088
-496
52
415
571
697
1040
1420
1564
1616
1695
1667
1389
1013
704
472
158
-174
-225
25
280
521
936
1287
1265
690
-140
-693
-811
-859
-743
-308
-141
-568
-1209
-1581
-1966
-2319
-2365
-1958
-1010
64
913
1506
1979
1931
1412
958
722
620
566
650
680
576
0
-882
-1542
-1963
-2287
-2480
-2176
-1692
-1164
-599
-158
227
458
570
772
1266
1608
1552
1580
1737
1606
1138
702
398
155
-121
-193
39
341
581
834
1404
1550
1019
99
-755
-988
-1005
-792
-422
-32
-88
-792
-1380
-1854
-2295
-2517
-2261
-1333
-62
931
1400
1711
1908
1530
835
588
498
397
442
537
529
3
-819
-1594
-1937
-2047
-2392
-2214
-1694
-1194
-649
-47
488
607
834
1034
1274
1693
1741
1550
1521
1552
1170
589
235
-6
-303
-352
-166
199
635
834
1297
1639
1325
296
-636
-747
-759
-513
-224
-2
-85
-838
-1553
-2103
-2359
-2513
-2351
-1352
-80
926
1442
1677
1844
1617
930
437
362
400
312
331
466
-46
-898
-1722
-2144
-2183
-2389
-2271
-1798
-946
-253
127
637
766
870
1066
1443
1897
1979
1781
1442
1283
949
281
-230
-400
-432
-307
22
436
839
1049
1291
1500
1476
627
-490
-729
-608
-382
-241
-58
-269
-1057
-1711
-2324
-2538
-2465
-2190
-1318
-11
1167
1653
1808
1839
1495
876
455
304
312
316
248
194
-277
-1079
-2052
-2546
-2516
-2454
-2101
-1596
-710
-13
366
701
822
1124
1311
1639
2059
2245
2068
1509
1134
698
90
-405
-515
-400
-197
143
559
921
1120
1285
1298
1090
188
-707
-869
-702
-408
-232
-91
-532
-1268
-1819
-2342
-2447
-2108
-1494
-609
601
1544
1809
1752
1585
1128
599
281
87
150
180
-40
-478
-1026
-1708
-2396
-2553
-2323
-1986
-1521
-942
-240
403
620
671
938
1359
1749
2107
2436
2294
1845
1332
687
136
-252
-465
-448
-37
362
526
716
894
1034
1108
856
9
-805
-1012
-914
-627
-230
-150
-633
-1277
-1713
-2127
-2273
-1914
-1152
-105
890
1637
1857
1686
1412
1003
550
104
-153
-146
-191
-372
-806
-1518
-2135
-2516
-2403
-2014
-1579
-1018
-444
282
705
880
988
1093
1493
1971
2466
2554
2232
1776
1125
463
-192
-698
-880
-730
-234
377
758
991
1115
1271
1295
761
-155
-951
-1080
-824
-552
-304
-375
-940
-1650
-2152
-2454
-2454
-1906
-886
297
1524
2184
2075
1708
1349
969
415
63
-45
-72
-127
-531
-1130
-1807
-2544
-2883
-2536
-1892
-1420
-935
-155
416
772
1020
1116
1312
1675
2257
2624
2686
2372
1651
967
294
-254
-732
-1013
-789
-187
479
913
1222
1361
1159
678
-53
-792
-1054
-951
-649
-273
-203
-769
-1608
-2094
-2503
-2598
-1996
-1002
121
1248
2128
2274
2010
1508
720
236
77
-60
-121
-73
-354
-981
-1629
-2272
-2676
-2534
-2065
-1530
-759
-113
174
483
746
775
1008
1519
1897
2297
2610
2417
1860
1296
599
-177
-476
-469
-349
64
632
1002
1368
1613
1414
912
-79
-1048
-1338
-1151
-1065
-939
-592
-1045
-1869
-2224
-2550
-2758
-2263
-1095
7
1217
2314
2518
2359
2114
1489
716
301
89
-84
-171
-508
-1163
-1783
-2342
-2757
-2452
-1849
-1418
-923
-249
178
154
385
678
1119
1762
2315
2700
2654
2352
1811
1227
704
216
-97
-269
-211
40
315
510
812
1092
1101
623
-299
-959
-1160
-1023
-891
-753
-812
-1427
-1921
-2189
-2450
-2476
-1947
-957
80
997
1536
1638
1635
1602
1358
1028
705
459
256
-179
-801
-1443
-1921
-2204
-2040
-1521
-1062
-651
-276
-13
103
46
-129
134
928
1745
2333
2648
2589
2027
1422
930
449
232
198
292
472
637
553
439
549
668
477
-294
-1072
-1243
-984
-820
-690
-552
-983
-1748
-2139
-2301
-2346
-1844
-896
42
883
1334
1123
817
831
678
481
610
739
639
317
-235
-1000
-1661
-2098
-2096
-1441
-731
-398
55
617
519
238
345
488
687
1160
1619
1711
1830
1896
1514
1095
757
280
-32
181
629
762
726
748
715
526
-186
-1009
-1323
-1240
-917
-470
-8
-66
-816
-1512
-1983
-2345
-2371
-1744
-582
471
1143
1190
607
7
-296
-391
-326
49
449
490
412
78
-676
-1390
-1586
-1269
-648
-135
85
243
459
639
664
847
1005
1046
1331
1657
1557
1095
741
584
450
386
389
475
738
1048
1174
1118
958
290
-891
-1426
-1075
-788
-770
-360
38
-473
-1303
-1781
-2170
-2295
-1652
-631
268
922
1019
502
17
-231
-618
-837
-574
-136
155
141
-270
-841
-1363
-1864
-1837
-1015
18
581
1053
1483
1172
621
328
520
1000
1753
2543
2759
2361
1509
488
-418
-935
-978
-502
359
1302
1871
1847
1212
-255
-1596
-1793
-1180
-604
-74
670
639
-312
-1242
-2121
-2798
-2470
-1272
-94
762
1259
1008
190
-309
-689
-1149
-1156
-670
-56
283
77
-675
-1366
-1789
-2030
-1710
-824
46
689
1312
1550
1207
821
769
891
1296
1931
2349
2431
2217
1675
920
233
-295
-358
86
649
1118
1402
1079
-241
-1433
-1427
-902
-473
34
444
89
-850
-1654
-2387
-2723
-2087
-786
407
1151
1309
714
-178
-745
-1043
-1122
-851
-346
124
196
-339
-1236
-1913
-2173
-2098
-1512
-588
160
623
944
1033
841
718
860
1219
1813
2310
2479
2401
1941
1109
317
-19
27
357
940
1446
1568
1384
611
-791
-1638
-1336
-619
-139
440
838
219
-880
-1706
-2341
-2642
-2128
-915
151
768
802
269
-229
-493
-747
-818
-423
-26
56
-222
-868
-1605
-2072
-2127
-1927
-1194
-267
155
454
804
660
275
378
927
1505
2094
2660
2752
2419
1813
904
210
-36
10
276
775
1362
1546
1111
-2
-1046
-1199
-831
-219
580
1122
872
102
-665
-1575
-2312
-2048
-1047
-20
654
663
60
-736
-1304
-1658
-1797
-1416
-734
-8
321
-61
-718
-1385
-1793
-1761
-1168
-525
-323
-3
440
435
205
340
635
984
1539
2080
2131
1974
1993
1672
1132
791
673
621
742
1121
1314
831
-310
-1230
-1327
-992
-534
223
841
705
301
-106
-828
-1415
-1099
-318
306
918
1009
221
-592
-914
-1371
-1843
-1532
-904
-701
-897
-1270
-1956
-2600
-2508
-1697
-695
71
577
918
934
556
234
166
450
1094
1772
2090
2057
1926
1547
1027
716
654
726
961
1422
1632
1194
160
-809
-1064
-1005
-815
-312
328
416
46
-348
-928
-1495
-1218
-313
406
987
1362
1053
284
-188
-584
-1288
-1439
-862
-525
-823
-1381
-1805
-2221
-2463
-2376
-1963
-1354
-759
-200
364
586
411
389
690
1180
1817
2413
2572
2309
2018
1483
728
432
621
904
1196
1659
1500
435
-568
-864
-835
-779
-347
279
399
45
-367
-1000
-1712
-1683
-781
173
780
1180
1008
251
-351
-718
-1173
-1300
-590
94
67
-334
-944
-1873
-2618
-2575
-2168
-1747
-1036
-33
507
373
51
-127
-102
177
794
1575
2163
2424
2408
2055
1491
918
741
941
1196
1478
1498
907
66
-411
-675
-1019
-883
-96
315
126
-61
-383
-1071
-1422
-1031
-520
-120
408
656
459
227
-18
-401
-686
-628
-606
-703
-765
-1041
-1451
-1766
-1827
-1664
-1285
-859
-539
-162
92
-29
-272
-94
310
766
1272
1702
1811
1713
1676
1457
1053
790
850
1028
1181
1183
819
274
-99
-296
-510
-469
-15
308
337
252
16
-489
-839
-700
-412
-192
126
356
248
-23
-333
-702
-1013
-961
-814
-827
-867
-834
-927
-1220
-1451
-1390
-1226
-1075
-722
-241
98
88
98
221
208
238
439
682
821
953
1089
1003
915
941
943
1036
1299
1520
1351
992
771
482
204
119
299
466
373
337
203
-130
-498
-615
-523
-436
-284
-167
-163
-177
-221
-457
-666
-683
-577
-541
-578
-666
-942
-1271
-1582
-1776
-1791
-1738
-1582
-1184
-677
-403
-357
-259
-121
-53
201
654
1048
1377
1668
1784
1653
1570
1575
1537
1559
1672
1545
1107
698
537
441
310
323
375
297
122
-23
-153
-339
-437
-369
-371
-336
-270
-355
-488
-450
-418
-577
-717
-685
-669
-698
-647
-804
-1069
-1277
-1465
-1634
-1621
-1372
-1247
-1137
-978
-952
-922
-750
-430
-131
305
818
1153
1328
1508
1565
1602
1737
1858
1923
1877
1827
1571
1345
1209
1046
854
664
538
333
148
-25
-187
-328
-370
-369
-376
-421
-531
-590
-640
-632
-708
-811
-920
-996
-1013
-1085
-1033
-920
-799
-852
-987
-1133
-1320
-1398
-1294
-1081
-941
-780
-560
-348
-253
-87
232
476
676
945
1215
1356
1571
1784
1866
1886
1937
1871
1641
1452
1191
900
839
901
754
536
351
197
63
-93
-204
-310
-307
-382
-539
-678
-750
-809
-765
-652
-700
-800
-963
-1120
-1325
-1364
-1296
-1281
-1328
-1367
-1341
-1431
-1349
-1198
-1052
-916
-702
-480
-433
-249
56
423
816
1271
1575
1706
1879
2007
1975
1908
1911
1811
1737
1658
1464
1165
928
830
644
483
354
148
7
-46
-188
-380
-438
-507
-678
-760
-615
-582
-681
-619
-580
-736
-1011
-1200
-1383
-1487
-1384
-1245
-1264
-1290
-1230
-1344
-1473
-1387
-1195
-1084
-821
-454
-359
-296
5
314
450
734
1129
1342
1568
1988
2254
2233
2243
2146
1838
1580
1444
1228
1058
1135
1118
873
591
329
21
-203
-254
-311
-397
-449
-553
-683
-752
-937
-1151
-1162
-1042
-1037
-1118
-1128
-1221
-1334
-1247
-1153
-1245
-1233
-1088
-1086
-1177
-1127
-996
-904
-677
-299
-90
-33
154
346
455
635
853
992
1177
1548
1861
1989
2070
2076
1936
1791
1714
1531
1345
1216
1032
788
518
186
-178
-317
-289
-363
-476
-546
-644
-790
-850
-937
-1066
-1070
-950
-882
-974
-1106
-1307
-1463
-1491
-1433
-1414
-1370
-1152
-908
-760
-657
-629
-579
-435
-233
-20
159
400
613
735
799
887
984
1080
1275
1561
1768
1792
1726
1627
1487
1337
1286
1270
1194
1082
866
612
290
-27
-312
-509
-561
-656
-816
-934
-966
-997
-1024
-1018
-930
-866
-845
-874
-941
-1067
-1272
-1345
-1264
-1159
-1094
-1016
-871
-762
-699
-667
-630
-483
-211
112
447
763
921
984
1052
1126
1147
1195
1241
1246
1288
1352
1377
1355
1415
1418
1328
1221
1013
742
504
322
111
-129
-340
-513
-627
-719
-876
-1031
-1096
-1122
-1156
-1080
-945
-911
-900
-830
-789
-880
-959
-901
-866
-822
-653
-481
-428
-342
-207
-189
-200
-68
55
104
329
614
709
689
806
877
849
902
934
933
1004
1180
1226
1222
1249
1148
930
779
656
428
300
280
170
-53
-228
-481
-863
-1092
-1219
-1367
-1477
-1386
-1295
-1268
-1143
-976
-913
-852
-685
-593
-493
-309
-141
-108
-43
98
160
206
302
415
502
683
847
866
894
917
840
706
652
674
637
622
626
529
367
240
112
-23
-45
3
75
150
199
124
-37
-173
-323
-494
-596
-584
-568
-541
-622
-742
-864
-968
-1007
-1003
-879
-768
-622
-462
-367
-338
-306
-174
-22
166
405
652
863
1095
1235
1263
1219
1122
1018
864
814
787
713
583
442
287
57
-134
-269
-355
-457
-486
-479
-523
-578
-579
-587
-603
-549
-514
-492
-492
-482
-546
-642
-608
-519
-419
-323
-278
-250
-205
-170
-125
-43
106
255
402
567
638
645
694
743
739
694
641
593
611
678
697
698
713
666
559
451
276
33
-153
-260
-385
-549
-694
-850
-1002
-1084
-1096
-1083
-994
-847
-722
-577
-436
-348
-340
-265
-150
-79
-28
53
113
121
175
198
179
183
191
207
310
475
618
729
886
992
973
983
973
881
785
724
603
373
185
10
-150
-255
-294
-351
-464
-561
-653
-714
-761
-742
-700
-637
-636
-729
-833
-898
-863
-841
-777
-696
-599
-462
-333
-182
-21
184
343
509
683
805
881
956
1045
1068
1086
1114
1121
988
791
624
465
308
184
149
134
135
114
47
-54
-99
-165
-288
-361
-432
-545
-671
-699
-749
-829
-923
-986
-1017
-1003
-910
-836
-702
-574
-504
-504
-489
-406
-297
-151
-13
163
322
461
552
659
818
955
1089
1226
1384
1399
1319
1226
1135
983
858
790
645
443
256
76
-198
-421
-542
-660
-745
-723
-725
-815
-869
-887
-958
-1054
-1052
-996
-909
-773
-655
-589
-573
-572
-583
-564
-484
-363
-183
2
148
251
370
488
595
744
912
992
1034
1096
1099
1050
1007
999
975
925
928
900
730
528
353
170
-6
-112
-203
-356
-480
-592
-780
-955
-1044
-1124
-1185
-1093
-974
-913
-844
-748
-703
-703
-647
-623
-574
-461
-312
-197
-71
105
247
374
501
633
751
883
985
1044
1069
1054
1015
924
839
746
645
557
435
310
193
119
50
9
-3
-51
-150
-296
-421
-535
-617
-659
-680
-705
-736
-777
-854
-925
-956
-938
-930
-864
-727
-553
-371
-183
16
143
236
354
512
663
792
919
1024
1063
1038
1003
903
795
699
623
529
419
326
197
69
-46
-137
-261
-333
-385
-480
-566
-598
-574
-580
-543
-492
-469
-479
-486
-495
-494
-420
-348
-304
-298
-304
-340
-354
-327
-305
-249
-120
53
189
307
435
591
763
906
988
1037
1054
1038
1001
926
834
681
535
394
220
41
-109
-230
-357
-450
-541
-628
-691
-728
-748
-740
-744
-773
-800
-787
-755
-762
-714
-632
-572
-476
-337
-190
-95
8
136
241
348
438
505
589
707
812
859
868
874
835
777
710
640
553
480
461
445
378
257
136
25
-66
-127
-176
-257
-339
-414
-516
-614
-712
-797
-849
-874
-845
-813
-776
-727
-666
-592
-519
-432
-354
-269
-176
-90
4
108
213
338
471
589
680
758
811
862
928
981
964
907
850
753
618
495
381
234
113
45
-35
-148
-226
-279
-348
-423
-514
-610
-669
-697
-727
-729
-712
-713
-723
-699
-679
-681
-637
-580
-524
-439
-325
-230
-141
15
163
283
413
576
697
790
912
1000
1024
1023
1027
964
874
814
727
598
500
409
262
100
-52
-203
-336
-399
-440
-517
-562
-612
-689
-747
-774
-771
-743
-664
-600
-570
-522
-473
-464
-457
-429
-398
-368
-332
-277
-221
-123
-3
140
310
468
610
718
820
889
921
962
994
985
942
878
786
682
555
425
304
206
104
-10
-103
-204
-296
-407
-503
-576
-661
-753
-836
-844
-837
-831
-817
-784
-750
-719
-655
-579
-492
-412
-293
-169
-45
83
199
328
452
560
616
648
671
683
666
653
656
621
567
497
426
368
356
350
348
352
317
239
171
129
42
-56
-133
-206
-318
-417
-491
-570
-631
-673
-723
-764
-743
-712
-680
-639
-579
-513
-444
-348
-269
-156
-11
148
249
316
394
436
470
513
578
620
661
697
687
629
546
462
381
337
319
288
209
150
86
-34
-144
-209
-281
-343
-336
-340
-381
-410
-433
-483
-514
-482
-453
-442
-379
-282
-254
-245
-223
-239
-253
-198
-138
-114
-45
55
132
212
309
375
429
520
593
621
613
582
537
494
477
450
406
352
282
185
76
-22
-125
-186
-216
-241
-279
-309
-342
-397
-463
-530
-578
-622
-626
-585
-518
-450
-389
-361
-334
-295
-262
-215
-133
-17
75
173
271
335
386
438
487
509
542
566
560
553
551
519
477
466
455
412
337
290
235
179
137
103
66
3
-78
-181
-288
-385
-472
-544
-585
-627
-687
-731
-755
-771
-774
-734
-693
-635
-546
-441
-351
-277
-159
-47
47
149
256
346
456
582
679
739
779
801
776
736
718
712
688
648
601
523
431
363
306
246
187
134
75
-14
-124
-232
-328
-400
-449
-479
-526
-586
-638
-703
-777
-821
-837
-836
-795
-742
-694
-628
-561
-500
-441
-337
-213
-90
45
188
316
424
530
612
681
745
800
859
901
918
901
868
834
781
696
614
533
427
309
188
77
-28
-107
-174
-252
-331
-406
-489
-566
-639
-712
-784
-834
-844
-852
-828
-781
-748
-718
-672
-606
-540
-437
-317
-203
-70
52
136
186
263
333
409
493
567
645
712
787
815
827
829
807
766
730
708
658
601
532
464
372
251
138
22
-97
-222
-334
-441
-547
-634
-716
-783
-834
-863
-867
-851
-797
-737
-686
-616
-546
-474
-398
-317
-248
-187
-111
-34
46
129
219
295
371
445
506
571
647
711
734
748
743
715
681
661
631
579
542
497
415
329
255
158
50
-37
-121
-230
-336
-433
-541
-639
-706
-748
-795
-804
-793
-778
-747
-703
-633
-577
-494
-401
-315
-243
-158
-56
34
115
183
265
329
378
429
468
494
514
529
539
552
559
555
545
525
501
463
418
388
361
323
257
175
97
-4
-105
-187
-258
-329
-391
-423
-469
-509
-548
-574
-587
-582
-557
-547
-529
-507
-467
-426
-379
-321
-261
-195
-127
-35
57
166
288
393
458
501
531
533
532
527
518
513
508
492
457
408
355
307
265
209
139
91
49
-21
-98
-159
-211
-257
-287
-312
-333
-347
-358
-380
-392
-385
-388
-378
-353
-326
-301
-284
-270
-248
-219
-189
-148
-96
-37
18
73
121
155
189
229
274
331
396
448
476
495
488
457
421
389
348
294
255
203
118
36
-37
-114
-176
-215
-254
-289
-296
-306
-333
-334
-324
-323
-327
-313
-286
-264
-245
-221
-197
-177
-153
-139
-121
-97
-66
-25
34
92
131
171
220
251
269
292
302
306
303
298
277
266
264
255
240
221
185
115
67
42
4
-25
-50
-79
-129
-164
-188
-220
-242
-249
-253
-256
-252
-252
-252
-252
-231
-204
-176
-134
-92
-63
-41
-15
-1
4
46
104
156
204
228
218
203
196
181
166
160
168
172
171
155
119
80
54
37
18
9
11
5
-12
-13
-40
-93
-123
-138
-148
-150
-150
-161
-159
-155
-158
-160
-163
-157
-147
-127
-106
-86
-69
-52
-27
-3
32
67
112
154
189
208
203
197
189
193
192
180
167
143
110
80
49
22
-11
-30
-32
-44
-64
-86
-107
-127
-122
-120
-124
-121
-105
-86
-70
-52
-33
-12
-2
7
1
-25
-40
-37
-26
-24
-14
-13
-22
-26
-29
-21
-8
10
41
71
106
133
147
166
176
164
139
123
107
77
62
44
14
-23
-50
-73
-92
-88
-89
-89
-84
-79
-85
-99
-105
-106
-104
-102
-85
-79
-63
-46
-46
-32
-18
-7
-7
6
19
13
20
37
44
50
62
64
56
48
49
36
20
22
20
4
5
8
-4
-12
-2
10
9
22
45
53
58
63
68
68
68
53
34
18
-11
-45
-66
-70
-81
-74
-59
-50
-42
-36
-34
-38
-41
-44
-47
-50
-38
-23
-30
-21
-1
11
15
16
17
4
0
16
12
7
10
7
-3
-23
-38
-44
-36
-13
10
28
53
74
88
96
102
104
105
97
93
90
85
80
76
69
56
49
45
32
12
-7
-24
-47
-65
-86
-99
-106
-106
-102
-103
-102
-98
-94
-83
-72
-68
-71
-82
-93
-108
-127
-135
-126
-104
-79
-53
-36
-29
-20
-2
19
45
68
100
131
147
155
163
157
152
156
166
174
180
168
154
142
115
80
43
21
8
-15
-38
-56
-77
-103
-121
-137
-149
-151
-146
-144
-143
-138
-150
-157
-152
-155
-142
-122
-99
-81
-62
-41
-25
-9
13
27
41
64
83
90
95
104
117
125
134
147
151
162
170
172
178
180
178
168
159
149
126
91
66
39
2
-26
-49
-75
-107
-128
-147
-176
-192
-204
-218
-219
-217
-208
-200
-194
-171
-147
-124
-86
-55
-25
17
48
67
74
75
78
80
75
76
79
82
81
91
100
103
116
129
134
137
136
123
114
103
88
79
66
48
27
6
-16
-45
-68
-88
-98
-105
-114
-117
-125
-138
-148
-152
-161
-152
-141
-130
-104
-83
-66
-53
-38
-28
-18
-1
17
29
50
67
78
83
91
97
96
107
117
110
103
102
90
73
55
38
32
30
26
24
22
20
15
8
-4
-12
-24
-28
-36
-49
-58
-74
-79
-81
-79
-75
-74
-59
-46
-56
-62
-60
-58
-53
-35
-18
-4
8
13
14
14
14
21
34
46
67
80
82
88
89
77
68
67
57
43
41
32
22
16
-1
-18
-31
-35
-40
-39
-35
-21
-16
-12
-9
-11
-13
-6
5
0
-10
-16
-29
-43
-43
-48
-55
-57
-60
-71
-74
-67
-68
-67
-54
-37
-30
-18
1
23
40
61
71
71
76
83
79
79
77
65
46
44
36
24
21
21
16
10
8
-1
-3
6
16
26
36
39
36
30
22
13
-5
-15
-21
-28
-43
-60
-73
-80
-84
-76
-68
-61
-54
-51
-52
-55
-51
-48
-44
-34
-25
-17
-10
-4
5
16
24
32
38
46
55
59
73
81
78
78
77
68
60
56
46
43
41
38
27
14
3
-9
-25
-30
-23
-21
-20
-13
-14
-25
-34
-43
-51
-51
-55
-63
-67
-74
-71
-60
-59
-49
-38
-31
-23
-20
-13
-6
1
15
26
29
30
32
31
33
34
36
41
54
70
80
84
80
80
71
55
39
24
16
14
6
-1
-11
-28
-41
-49
-61
-66
-55
-48
-43
-40
-37
-42
-41
-37
-35
-30
-23
-19
-21
-20
-10
-7
-3
8
15
15
16
20
20
28
34
44
49
55
58
57
58
55
48
41
32
20
11
-3
-11
-18
-26
-30
-36
-37
-36
-38
-42
-44
-47
-57
-61
-55
-53
-49
-36
-26
-17
-9
-8
-6
-2
8
13
19
22
28
29
27
32
30
32
36
44
44
43
38
32
27
31
30
27
32
27
23
17
3
-6
-16
-19
-12
-14
-16
-23
-29
-39
-50
-55
-53
-56
-50
-44
-38
-34
-31
-23
-16
-2
7
11
16
17
13
16
14
12
15
22
30
34
36
37
40
44
47
45
44
42
46
44
39
34
24
11
-1
-13
-24
-28
-34
-35
-38
-41
-38
-39
-41
-33
-27
-25
-23
-19
-15
-13
-9
-5
-7
-7
-11
-17
-20
-24
-25
-28
-29
-25
-25
-26
-13
-1
11
28
40
44
44
41
34
23
20
24
20
19
19
11
6
-2
-5
-5
-4
3
8
10
16
12
12
10
4
0
-3
-6
-9
-15
-15
-20
-30
-33
-36
-35
-29
-26
-17
-16
-11
-7
-16
-9
-1
1
10
20
25
25
20
16
15
8
5
6
8
9
14
14
15
24
26
26
31
31
29
29
25
24
25
24
17
10
3
-4
-13
-18
-20
-19
-16
-15
-14
-18
-19
-23
-29
-35
-38
-42
-45
-44
-42
-44
-37
-30
-28
-21
-12
-7
-4
1
5
7
13
18
19
25
29
31
30
33
36
37
37
35
35
35
31
28
27
26
25
20
15
10
5
0
-9
-17
-25
-36
-42
-48
-52
-50
-52
-49
-47
-47
-45
-47
-42
-35
-28
-17
-17
-14
-9
-10
-7
-5
-3
2
10
15
19
20
28
31
37
47
54
63
67
68
69
67
60
52
45
40
38
35
28
20
6
-4
-18
-27
-34
-35
-32
-32
-30
-34
-45
-51
-54
-56
-52
-52
-51
-45
-44
-44
-37
-44
-38
-27
-17
-8
-1
13
22
32
39
37
40
44
49
53
57
58
56
50
44
39
33
29
24
24
23
16
12
6
5
4
-2
-7
-15
-25
-33
-39
-44
-47
-46
-48
-45
-44
-44
-44
-38
-27
-20
-7
0
2
5
3
1
-8
-9
-10
-7
-1
3
11
19
25
33
36
40
45
48
46
44
37
26
21
11
1
-5
-4
-10
-18
-18
-27
-33
-31
-32
-32
-28
-21
-22
-19
-20
-21
-19
-20
-14
-15
-15
-8
-11
-14
-11
-12
-14
-4
5
15
26
35
43
47
53
52
52
51
48
45
33
28
17
4
1
-6
-14
-15
-16
-21
-22
-22
-25
-25
-28
-29
-26
-30
-31
-33
-35
-35
-36
-38
-37
-30
-30
-23
-21
-16
-9
-10
-2
2
6
13
19
26
31
39
40
42
45
46
47
43
43
39
40
37
33
30
23
19
12
6
3
-1
0
2
1
-1
-8
-12
-15
-24
-28
-30
-39
-38
-42
-46
-40
-44
-42
-39
-32
-23
-21
-15
-7
0
3
4
4
3
10
11
17
23
25
29
30
28
25
30
27
32
34
29
30
24
18
11
5
2
-5
-4
-8
-7
-8
-13
-9
-10
-9
-12
-13
-19
-23
-25
-30
-29
-26
-23
-20
-16
-11
-11
-7
-11
-11
-7
-9
-8
-7
-2
1
7
7
10
16
13
17
17
15
18
17
14
8
7
2
-4
-5
-8
-7
-7
-4
-3
0
5
5
5
2
1
-4
-10
-15
-21
-18
-22
-25
-23
-23
-21
-21
-18
-11
-1
2
7
13
9
13
10
9
9
13
13
9
13
11
9
13
9
12
11
12
14
12
16
13
17
17
17
22
20
20
22
19
17
16
9
8
7
2
1
-6
-8
-10
-14
-14
-15
-9
-3
-1
1
-2
-5
-9
-15
-19
-17
-19
-18
-17
-21
-20
-23
-25
-22
-20
-10
-11
-2
4
3
8
6
9
10
10
11
12
10
11
13
6
9
8
7
11
10
12
15
14
11
7
5
1
0
-4
-5
-4
-7
-10
-11
-15
-14
-15
-18
-19
-17
-18
-20
-21
-21
-20
-20
-18
-21
-20
-19
-14
-15
-11
-2
-1
5
8
9
12
11
15
14
17
20
19
19
20
25
22
24
26
22
24
20
14
9
4
0
-2
-4
-5
-5
-5
-4
-7
-10
-9
-14
-11
-12
-16
-13
-18
-20
-22
-25
-25
-24
-19
-12
-3
5
10
14
19
18
18
21
19
23
23
21
22
18
20
18
18
21
21
21
21
18
17
13
7
6
4
1
3
0
-2
-5
-9
-12
-18
-21
-31
-33
-34
-40
-39
-41
-37
-34
-29
-22
-18
-10
-5
-1
4
2
6
6
9
10
8
11
11
8
10
13
15
22
24
31
38
37
38
35
30
27
18
14
5
1
-3
-10
-11
-13
-19
-17
-20
-25
-21
-26
-28
-24
-26
-27
-26
-26
-26
-21
-17
-19
-15
-12
-12
-9
-8
-7
-1
2
4
9
8
9
14
13
17
21
19
25
24
23
24
20
19
15
14
8
6
4
-3
-3
-4
-7
-7
-9
-15
-13
-15
-20
-17
-21
-22
-16
-20
-21
-20
-19
-18
-15
-14
-11
-6
-3
2
4
8
7
9
10
9
15
16
19
25
25
28
29
26
25
26
26
23
22
16
17
14
7
8
5
4
1
0
-4
-7
-7
-11
-13
-13
-17
-18
-20
-20
-24
-22
-23
-22
-16
-12
-10
-6
-3
-2
0
-1
-2
1
-1
1
2
2
5
6
8
11
15
18
21
21
24
22
17
17
10
7
10
4
2
4
-1
-3
-4
-7
-9
-6
-8
-10
-8
-10
-11
-13
-14
-15
-12
-13
-14
-10
-12
-10
-10
-12
-9
-11
-9
-9
-8
-4
-8
-4
-4
-5
3
3
5
12
12
13
14
8
7
4
1
1
-1
2
3
3
3
3
5
6
4
5
6
4
7
4
1
5
1
-1
-1
-3
-1
-3
-3
-1
0
2
0
2
-1
0
1
-1
3
2
2
5
2
2
4
1
0
3
2
4
6
1
3
3
0
0
1
0
-1
4
-2
0
1
-4
-4
-3
-3
-2
1
-1
3
4
1
1
-1
-4
-2
-4
-7
-5
-7
-10
-9
-10
-8
-6
-4
-1
0
3
4
3
4
4
6
5
5
5
5
6
2
2
2
2
3
2
4
6
10
9
10
13
11
13
12
11
11
13
6
3
4
-3
-4
-5
-9
-8
-8
-11
-13
-8
-12
-8
-6
-10
0
-1
-6
-2
-7
-9
-9
-14
-17
-16
-16
-17
-15
-14
-10
-9
-5
-5
-2
5
2
5
11
5
10
8
2
7
4
1
5
4
4
9
8
6
9
9
5
8
5
0
7
-2
-2
3
-4
0
-2
-5
-5
-5
-7
-12
-7
-14
-15
-10
-17
-12
-9
-11
-8
-5
-6
-3
-5
-3
0
0
3
4
3
8
8
8
11
11
12
15
14
13
16
14
15
15
15
15
15
15
12
13
12
8
9
5
3
3
0
0
-1
-1
-3
-4
-6
-6
-9
-7
-8
-11
-4
-9
-9
-5
-11
-6
-5
-4
-4
-3
3
1
7
6
7
11
7
7
5
5
4
3
5
4
6
8
4
7
7
3
6
1
1
1
-5
-5
-11
-10
-13
-18
-15
-20
-17
-15
-19
-18
-17
-17
-17
-16
-16
-13
-12
-11
-9
-10
-7
-6
-6
-2
-2
4
2
4
6
5
9
2
4
8
3
8
8
7
13
12
8
12
9
7
8
1
1
1
-3
-5
-8
-7
-9
-6
-7
-7
-3
-3
-3
-2
-3
-2
-2
-3
-1
0
3
4
3
7
6
7
9
6
12
11
11
15
11
15
14
11
11
9
10
10
8
10
8
8
9
3
6
4
-2
0
-4
-7
-6
-10
-10
-10
-8
-8
-6
-4
-6
0
-3
-5
-1
-1
-2
0
3
1
5
5
1
5
6
4
5
8
6
9
9
8
8
7
6
3
2
3
0
2
0
-2
0
-3
-7
-6
-10
-10
-11
-14
-13
-15
-14
-14
-16
-12
-12
-13
-9
-11
-9
-7
-9
-9
-5
-5
-6
0
-2
-1
4
1
3
6
4
4
6
6
5
8
6
4
9
3
6
7
3
6
4
1
3
0
0
1
-2
-3
-2
-4
-6
-7
-8
-9
-8
-10
-7
-7
-7
-2
-5
-2
0
-2
1
0
1
3
2
2
4
4
3
3
1
3
4
4
7
7
9
12
8
13
11
10
11
6
8