0
-5
-1
-5
-7
-3
-1
-2
-9
-5
-7
-5
-3
-2
3
4
4
1
3
-1
0
6
2
0
-2
1
0
-4
-3
-1
1
6
3
-1
-1
6
2
5
2
0
-1
6
9
2
2
-1
3
2
4
0
0
4
2
0
1
-1
-5
2
-1
2
5
2
-1
2
5
2
7
3
4
10
7
8
4
6
1
2
-1
-1
-6
-2
4
1
1
-1
-2
3
-2
-8
-5
2
5
-1
6
-2
0
8
2
0
-2
3
1
1
-3
-3
-1
1
1
0
2
-1
-3
-6
1
-3
2
5
1
2
1
0
4
2
5
4
-1
0
-1
0
-1
5
4
0
3
4
5
6
6
3
-1
2
6
3
1
1
6
2
-1
0
-6
-3
-7
-2
-5
-7
2
2
-2
-2
-7
-5
-2
-2
-3
-3
-1
-7
-6
-6
1
4
-4
-2
-3
-12
-4
-2
-6
-4
-5
-7
-7
-8
-8
-3
-10
-6
-4
-7
-8
-8
-11
-12
-9
-5
-5
-3
-3
-3
0
0
-7
3
0
-6
-2
-3
0
-2
-4
-5
5
0
-2
1
-2
-2
-4
6
5
0
-2
5
0
-8
-6
1
2
2
4
4
-4
2
7
-3
0
0
1
6
3
2
-1
2
6
4
6
1
-2
0
-1
-4
1
-2
-6
-2
-5
-2
-5
-2
-4
-5
-2
-3
-4
-2
-1
-8
-6
-3
-3
-1
0
0
-4
5
3
2
5
-2
5
2
5
9
4
-1
-3
2
2
4
1
0
5
1
2
2
2
0
0
1
2
2
1
1
-1
2
-2
-9
1
4
2
-2
-4
-4
-1
-2
-11
-4
-9
-8
-9
-8
-5
-7
-6
-4
3
-2
-1
-2
-5
-1
-4
-2
-1
-4
-5
-9
-10
-4
-7
-13
-9
-8
-7
-5
-8
-7
-7
-7
0
0
-2
-3
-5
1
-7
-3
-5
-8
-2
-5
-1
1
-7
-7
-5
0
7
9
10
11
11
9
7
5
2
3
8
7
3
7
5
4
4
5
4
-1
-1
-6
3
9
6
8
3
8
10
8
4
7
7
8
7
2
0
-3
0
1
1
7
8
8
3
1
2
4
-2
4
8
2
6
-2
-1
4
1
-2
-7
2
-5
-4
-3
-4
-1
-3
2
1
-6
-7
-4
-2
-1
2
-2
-4
-4
-9
-4
0
-3
-3
-7
-10
-6
-3
0
-5
-8
-3
-6
-3
-6
-6
-2
1
-1
-2
2
4
-1
-2
-2
-2
-4
-2
0
-5
-3
-1
-1
-4
-2
-2
2
0
0
2
0
7
8
3
5
6
5
6
9
3
-2
-1
-6
1
-5
-10
-2
-3
-1
-5
1
2
-6
0
-4
-7
-2
-6
-3
3
-1
-4
-3
1
0
4
-3
4
9
3
2
5
6
3
3
11
14
9
11
10
3
3
-1
1
11
2
1
4
-1
8
2
3
4
0
7
0
2
2
2
2
2
2
-5
1
1
1
5
0
-3
-3
-2
-4
-5
-3
3
0
2
-1
0
1
1
6
0
6
9
7
7
4
-9
1
-3
-5
0
-9
-1
3
-2
-2
8
7
1
4
2
-3
1
1
-4
-5
-7
0
-4
-7
1
-8
-6
-6
-3
4
3
7
1
6
7
10
5
7
11
5
-2
2
-3
-2
6
-1
-1
3
5
2
2
-2
2
9
7
0
-1
0
1
-2
1
0
-7
-8
-6
-5
-7
-10
-1
7
1
-3
0
4
4
-1
5
-1
4
8
4
2
-3
2
-5
-8
-8
-5
1
-6
-6
-7
-2
-2
1
3
2
4
1
9
5
0
-2
-2
-2
-3
-2
-4
-6
-6
-3
-4
4
3
4
6
8
8
7
8
6
6
6
8
6
2
2
-2
-1
3
5
2
3
5
3
1
3
6
11
9
4
4
4
2
1
6
3
3
8
6
4
7
7
-1
2
-2
3
2
0
0
-3
5
1
3
2
-3
-5
-11
-6
-6
-4
-9
-11
-3
-11
-7
-1
-6
-6
-7
-4
-5
-4
-6
-4
-3
1
3
1
2
2
12
3
1
1
-2
-3
-3
-2
0
3
3
6
8
3
5
4
-5
-11
-4
-1
-3
2
0
-2
2
-4
-2
-4
-6
1
-10
-3
-6
-4
-2
-11
8
-6
3
-4
-3
1
-8
-2
-4
-3
-6
0
-5
-3
9
5
-2
4
7
6
5
1
2
-2
-2
-3
-9
-6
1
0
-4
-6
-5
0
-1
4
2
1
6
7
5
-3
3
-1
0
2
-6
-2
-2
-2
-1
-2
1
3
7
8
9
12
11
13
5
7
0
-1
4
-3
1
4
-6
-10
-8
-9
-6
-11
-7
-1
-4
3
3
7
4
3
6
9
10
1
3
1
-8
-5
-8
-5
-7
-5
-5
-5
-6
-3
-8
-5
0
-4
9
3
5
6
9
1
0
1
-7
0
-6
-5
-12
-10
-11
-6
-5
-4
-2
1
5
3
9
12
13
15
14
7
4
9
7
1
-6
-13
-11
-20
-16
-13
-11
-8
-8
-5
-5
4
3
8
11
14
10
5
8
1
4
-4
-6
-9
-9
-15
-22
-17
-15
-13
-8
-3
4
13
11
21
17
18
18
9
13
1
2
-5
-11
-12
-16
-9
-7
-8
-9
-2
0
5
5
13
11
12
20
13
13
8
0
-1
-5
-11
-13
-19
-16
-16
-18
-17
-11
-10
-8
4
9
16
17
20
20
20
21
15
12
5
7
-5
-14
-15
-17
-14
-20
-18
-16
-8
1
4
15
18
17
17
20
15
10
17
12
2
7
-3
-9
-9
-10
-12
-13
-3
0
-5
5
0
3
10
16
7
11
18
2
6
-5
-7
-8
-16
-8
-16
-15
-13
-11
-6
2
-5
-4
3
3
7
10
11
16
14
13
14
8
1
-7
-14
-16
-13
-7
-9
-14
-5
-3
3
12
7
9
6
7
7
5
9
2
6
4
-4
0
3
-3
-8
3
-2
-6
-3
-6
-1
-7
0
4
-2
3
4
1
-1
1
4
4
-8
-4
-3
0
-3
-8
-1
-6
-4
-4
-5
-4
4
4
11
9
1
3
4
9
-1
-2
5
-4
4
-5
-7
1
-11
2
4
1
3
-3
4
1
1
7
-1
6
5
2
8
0
0
5
-2
1
-4
2
1
-4
-3
-2
5
5
-3
5
3
2
6
-6
6
-4
-3
-10
-10
7
0
4
6
9
12
8
6
5
2
8
5
5
0
1
9
0
0
-7
-7
-5
-11
-9
-8
-7
-1
-5
-5
0
-1
4
-1
4
0
3
3
6
3
-3
8
2
3
5
3
0
2
2
2
-5
9
1
0
10
2
11
-4
-4
-3
-11
-9
-16
-16
-18
-16
-6
-16
-2
0
2
11
5
9
6
11
8
2
7
-4
4
-4
-8
0
-11
-6
-11
-7
-6
-3
-3
-1
5
2
6
1
0
14
-10
-3
-5
-5
5
-8
-4
-12
4
-3
-3
2
-4
12
4
17
5
5
20
2
18
6
4
-3
-3
-10
-23
-14
-26
-15
-19
-19
-2
-10
18
11
6
20
13
22
17
15
6
15
0
0
-2
-19
-3
-19
-15
-5
-18
-6
-5
-1
7
7
16
11
19
11
8
0
-1
6
-3
-3
-8
-16
-9
-7
-7
1
6
5
10
14
17
20
25
26
18
26
3
1
-3
-14
-22
-31
-25
-37
-22
-22
-19
-14
-14
-2
4
12
13
27
19
33
21
15
18
2
9
-10
-13
-19
-19
-17
-21
-19
-11
-8
1
2
5
9
9
14
12
18
20
2
8
-8
-15
-10
-27
-19
-13
-15
-10
0
-5
6
11
17
17
17
24
16
16
19
4
8
-2
-13
-11
-31
-26
-34
-24
-24
-13
-13
-18
-1
4
5
10
25
18
27
17
13
17
3
-2
-3
-10
-17
-12
-19
-10
-15
-4
-5
-5
4
1
7
11
21
12
16
3
5
-4
-8
-7
-15
-6
-18
-12
-8
0
-4
-1
13
6
22
22
19
21
9
15
10
8
3
-7
-10
-13
-13
-13
-20
-9
-16
-2
-2
-6
16
8
21
14
16
12
18
7
11
10
2
6
-5
-11
-8
-10
-15
-10
-3
-7
-1
6
-1
6
0
3
7
3
6
-9
1
-2
-6
-2
-12
2
-11
-1
-5
-10
10
3
9
9
6
22
9
14
3
4
7
-15
3
-12
-9
-5
-27
-17
-12
-16
-11
-15
0
3
10
15
17
20
7
18
11
6
15
-8
-7
-1
-16
-14
-20
-12
-10
-17
-2
-10
-1
0
-5
8
5
11
11
9
8
-6
-2
3
-7
3
10
-9
1
-4
-3
12
-2
13
6
7
12
4
13
-1
11
-10
-6
-11
-21
-5
-26
-17
-17
-21
-12
-18
-6
4
-1
11
13
14
20
11
20
20
8
4
10
-7
-2
-15
-19
-13
-14
-11
-14
-8
-9
0
-2
8
9
7
11
5
17
1
10
1
-1
9
-7
2
-1
0
9
-5
9
9
4
13
5
13
4
5
1
-3
3
-20
-5
-11
-16
-14
-22
-9
-18
-12
5
-8
5
4
6
16
13
19
12
25
15
11
17
-9
12
-2
-6
-6
-12
-3
-8
-3
-9
2
-7
4
1
1
8
0
9
-3
1
7
0
-1
2
-3
-5
2
-11
-1
-1
-5
0
-6
9
5
1
10
6
1
3
2
-7
-14
-7
-13
-1
-16
-6
-8
-7
3
-13
-4
-3
2
10
10
8
16
9
6
12
9
6
4
-5
-4
-10
-5
-15
-10
-12
-23
-9
-27
5
-11
-7
12
-7
5
2
2
0
20
-6
14
5
1
11
1
-2
0
3
-12
13
-14
14
1
1
12
3
16
0
14
-3
15
-11
9
-7
-1
7
-9
13
-12
14
-9
2
4
7
10
3
12
0
12
2
11
6
-3
12
0
-9
3
-16
-4
-5
-17
-4
-7
-3
-13
1
-16
9
4
-14
22
-20
13
-5
1
7
-6
9
-16
27
-32
18
-6
-17
22
-24
20
-11
6
-10
12
-15
8
15
-8
18
-4
-3
1
-8
-14
9
-24
6
-8
1
-16
22
-5
-8
44
-55
46
-22
-11
27
-28
18
-5
-10
-1
12
-36
25
-16
-15
15
-17
6
6
11
-18
38
-21
21
12
-22
18
-6
-5
5
4
-31
26
-21
7
18
-26
28
-5
-9
27
-7
-1
10
-17
36
-20
15
1
-27
28
-42
43
-43
7
11
-39
74
-62
52
-19
-13
39
-42
36
-20
15
-21
19
-21
-4
11
-35
23
-28
-6
9
-17
11
9
-4
43
-31
59
-33
37
-3
-24
57
-87
91
-82
31
5
-60
62
-60
34
-6
-4
4
19
-16
31
8
-7
11
7
-1
17
-9
-33
38
-76
21
-24
-18
-2
-17
-11
-9
34
-47
69
-24
2
65
-50
57
14
-45
66
-35
-15
51
-72
31
-10
-36
35
-52
25
-32
42
-31
20
51
-77
116
-86
84
-15
-5
8
-1
-18
-14
47
-125
119
-103
18
24
-25
-11
67
-80
68
6
-67
125
-130
118
-109
112
-133
88
-42
-70
141
-188
153
-91
15
30
-4
-26
80
-58
58
16
-47
77
-46
23
-26
39
-88
74
-76
26
-8
-33
53
-83
105
-143
168
-146
96
19
-94
155
-132
75
13
-59
33
11
-99
136
-160
99
-33
-56
110
-86
68
-16
45
-40
86
-72
77
-31
11
-9
-25
51
-133
166
-206
142
-45
-89
162
-181
142
-74
56
-25
61
-7
-39
146
-202
173
-83
-65
119
-142
40
19
-76
17
32
-80
66
15
-65
67
9
-79
133
-84
-7
119
-165
144
-80
0
3
0
-38
-6
69
-127
166
-103
9
122
-150
151
-34
-48
144
-120
70
1
-44
34
-33
-12
-18
33
-67
55
-47
-19
91
-143
163
-97
33
98
-145
193
-169
133
-92
40
-10
-84
140
-239
244
-240
120
-37
-68
82
-73
52
-61
102
-106
91
25
-93
157
-112
14
82
-142
98
-35
-64
72
-65
-7
32
-66
60
-53
83
-86
80
16
-122
211
-206
116
51
-194
235
-235
135
-63
-13
44
-77
136
-199
228
-161
67
95
-130
146
5
-91
162
-122
3
98
-196
177
-144
74
-53
2
51
-125
206
-222
214
-109
25
72
-78
111
-74
122
-102
116
-59
-16
42
-73
-64
136
-270
263
-201
57
111
-237
341
-360
364
-268
128
83
-317
477
-520
392
-175
-102
297
-406
359
-294
171
-154
62
0
-104
251
-301
342
-193
50
140
-240
226
-167
4
89
-178
176
-168
105
-85
46
-5
-42
122
-179
241
-218
208
-97
41
50
-30
38
-9
10
-25
23
-73
16
-40
-28
-10
6
-68
153
-198
236
-145
24
175
-285
329
-244
93
80
-171
210
-150
61
-16
-69
63
-121
55
-30
-95
153
-118
38
127
-153
175
-40
-43
100
-37
-91
167
-185
54
70
-229
274
-299
255
-235
151
-93
4
96
-165
233
-206
214
-137
142
-75
50
34
-124
154
-191
82
-18
-122
171
-185
144
-51
-36
138
-195
222
-161
50
158
-290
406
-342
192
87
-305
409
-420
303
-228
91
-29
-107
211
-287
326
-206
103
107
-162
217
-188
167
-154
117
-38
-103
225
-301
268
-167
-2
78
-125
67
-59
9
6
-45
140
-174
193
-57
-93
270
-325
231
-70
-154
212
-218
84
-30
19
-113
210
-268
187
-23
-183
326
-362
324
-232
204
-148
149
-78
16
85
-151
138
-109
8
-10
-11
-30
46
-24
33
-25
108
-156
213
-174
101
38
-146
212
-193
158
-119
104
-116
87
-71
-32
65
-113
43
33
-75
67
68
-185
310
-251
137
42
-155
179
-153
88
-82
99
-139
112
-27
-101
204
-273
211
-133
35
14
-61
94
-93
104
-29
-23
137
-179
170
-108
-19
63
-103
34
15
-90
81
-10
-67
168
-199
213
-188
137
-29
-68
186
-204
218
-159
125
-110
107
-122
45
-10
-103
123
-151
122
-127
197
-275
405
-401
357
-150
-33
233
-328
338
-230
71
74
-149
130
-59
-93
170
-256
217
-216
153
-128
81
15
-51
112
-24
-47
189
-222
169
-11
-193
326
-418
359
-282
132
-19
-82
122
-126
79
-33
31
-55
145
-169
217
-144
116
-28
34
-20
-31
94
-293
385
-496
392
-271
58
92
-163
173
-91
56
-11
61
-78
129
-137
164
-171
211
-187
123
-24
-134
192
-210
72
13
-122
38
71
-207
253
-119
-21
227
-211
135
72
-229
267
-192
0
158
-273
265
-186
65
27
-99
95
-71
0
45
-76
75
-40
37
45
-79
203
-259
270
-226
63
30
-155
124
-121
76
-92
139
-186
220
-148
90
45
-110
192
-196
193
-98
-26
181
-254
203
-52
-187
258
-220
-56
256
-393
278
-50
-136
254
-161
94
14
55
-124
163
-54
-162
335
-415
281
-85
-94
152
-115
29
-21
103
-191
232
-114
-64
273
-280
198
62
-229
312
-250
97
-27
-62
31
-110
193
-338
396
-335
177
33
-146
217
-162
172
-161
216
-226
171
-28
-113
196
-240
171
-148
81
-86
15
5
-68
103
-77
61
71
-106
231
-196
183
-61
-69
197
-312
327
-296
193
-134
26
11
-92
103
-122
83
-39
32
-45
145
-163
199
-92
16
82
-118
95
-87
16
-53
1
-76
105
-219
289
-315
275
-129
8
138
-132
110
-39
57
-119
247
-335
346
-287
115
-20
-154
185
-285
280
-307
294
-243
238
-167
168
-70
33
111
-184
296
-333
290
-232
70
-31
-54
-9
-4
-25
-50
95
-161
168
-136
124
-71
81
-9
12
81
-98
91
-35
-48
65
-57
-62
116
-174
100
-31
-67
100
-79
56
-17
71
-89
143
-90
48
45
-85
98
-82
13
-5
-38
25
-90
100
-118
68
49
-168
312
-313
304
-108
-14
232
-278
328
-251
154
-50
-72
103
-170
141
-183
175
-207
172
-134
80
-16
5
50
-57
157
-173
221
-156
76
25
-83
46
-9
-79
58
-44
-67
123
-189
183
-155
107
-34
-20
105
-125
185
-162
154
-90
21
15
-74
33
-38
-41
26
-63
20
-6
-36
90
-144
259
-263
278
-146
42
134
-197
234
-192
109
-34
-86
130
-219
188
-190
74
-11
-78
148
-149
159
-73
28
97
-102
98
-10
-71
101
-121
86
-121
91
-123
17
43
-164
173
-128
12
128
-183
220
-177
175
-97
101
-5
-37
123
-185
235
-292
245
-221
12
132
-323
394
-382
265
-108
4
102
-130
186
-166
193
-86
31
73
-72
6
112
-238
228
-181
-13
104
-207
164
-126
72
-64
129
-142
172
-83
58
32
-22
36
-53
99
-183
199
-198
71
15
-129
120
-134
91
-110
128
-119
96
14
-33
101
-14
-21
103
-83
22
38
-108
32
17
-161
147
-105
-68
176
-248
211
-115
19
76
-95
170
-192
325
-355
390
-275
155
-30
-58
21
-54
14
-102
117
-148
121
-43
-18
105
-59
25
145
-263
432
-450
384
-171
-85
279
-417
381
-324
165
-79
-55
117
-201
227
-208
175
-71
77
-20
86
-35
38
24
-97
137
-180
117
-92
-27
13
-3
-130
212
-256
188
-33
-125
265
-237
197
-59
31
26
-24
84
-176
249
-316
234
-161
-57
152
-320
349
-378
337
-249
157
-15
-57
170
-200
225
-178
129
-43
25
-43
80
-93
1
83
-216
235
-237
144
-69
24
24
-37
171
-206
289
-212
141
-76
56
-134
189
-264
199
-94
-106
249
-363
359
-284
163
-11
-86
211
-240
337
-317
344
-166
-5
266
-419
428
-335
80
64
-188
122
-86
20
-8
19
4
-10
29
52
-124
262
-297
270
-107
-81
232
-289
197
-54
-126
159
-152
8
75
-147
100
-11
-66
150
-149
171
-113
53
68
-187
227
-205
36
135
-334
396
-450
369
-274
113
46
-199
236
-174
32
106
-140
52
115
-236
267
-213
137
-109
85
-88
14
64
-160
175
-136
88
-67
133
-198
244
-140
0
206
-310
348
-269
212
-159
183
-222
218
-162
9
123
-239
218
-176
117
-168
275
-382
405
-264
18
226
-343
341
-206
108
-41
49
-34
-1
89
-137
124
-18
-115
209
-212
129
1
-128
189
-188
143
-61
53
-44
75
-73
48
-8
-17
-2
1
-35
5
36
-98
123
-111
97
-65
82
-82
103
-71
58
2
-42
111
-143
178
-191
185
-173
123
-127
86
-110
52
-15
-90
150
-161
150
-57
6
67
-53
17
86
-153
202
-145
30
95
-209
216
-215
115
-33
-51
67
-52
12
44
-13
-5
130
-205
278
-257
170
-43
-104
147
-184
89
-20
-123
182
-238
218
-134
15
119
-211
255
-199
150
-32
-20
60
-39
13
21
-52
18
14
-136
208
-298
266
-180
39
101
-134
169
-113
120
-135
181
-186
102
14
-134
157
-148
99
-134
188
-278
253
-146
-16
132
-141
85
37
-117
161
-109
77
20
-89
165
-253
301
-396
387
-404
281
-149
-66
220
-293
238
-139
53
-68
152
-205
193
-46
-99
217
-209
129
-20
-36
-3
64
-109
128
-85
45
-17
7
46
-88
184
-188
186
-91
-43
177
-292
345
-332
223
-82
-47
116
-180
202
-246
229
-152
-8
183
-282
311
-246
244
-230
303
-281
202
19
-226
402
-425
362
-267
155
-137
95
-54
-22
125
-203
265
-336
318
-293
170
-28
-93
150
-117
87
-108
122
-150
59
103
-247
312
-228
78
30
-76
15
51
37
-177
456
-594
591
-434
159
60
-218
241
-264
212
-248
211
-261
161
-27
-193
386
-413
315
-178
163
-245
455
-577
623
-464
184
134
-378
474
-416
378
-306
304
-281
243
-211
140
-49
-18
61
27
-149
206
-225
135
-11
-3
130
-107
108
-207
163
-378
296
-317
250
-61
-83
295
-441
418
-276
42
213
-312
456
-451
330
-272
7
41
-166
299
-230
332
-243
234
-288
150
-41
-185
376
-428
519
-499
356
-179
-190
391
-508
527
-302
131
71
-221
122
-23
-185
326
-253
195
124
-323
442
-363
120
48
-57
50
23
32
-122
175
-232
119
-6
-122
128
98
-314
450
-376
91
187
-430
487
-385
192
-1
-2
-88
159
-177
14
124
-224
373
-404
444
-326
160
-39
-31
0
58
-105
221
-189
113
53
-284
351
-478
480
-321
125
117
-204
131
-164
137
-255
246
-107
83
2
46
-62
11
19
-220
489
-607
589
-290
-59
226
-359
324
-345
330
-247
257
-212
106
29
-269
336
-272
196
-18
5
76
-189
159
-240
241
-274
316
-123
-51
246
-326
232
-140
32
108
-89
68
78
-123
92
-64
27
-106
147
-196
230
-310
166
18
-388
546
-528
384
-96
-91
249
-283
241
-168
144
-132
151
-50
-74
37
-38
15
-136
215
-178
102
-89
108
-43
-8
94
-60
69
-70
178
-135
67
63
-146
189
-236
185
-126
42
-60
54
20
-156
315
-353
279
-123
7
144
-148
162
-8
-111
153
-155
97
-192
144
-98
-92
212
-291
331
-288
150
81
-100
105
107
-23
-65
199
-118
138
-25
21
80
-191
68
6
-121
105
-140
158
-149
101
-73
-15
38
-184
252
-277
204
-119
107
-229
184
-66
-173
186
-223
174
-158
28
59
-93
19
16
77
-72
91
88
-43
-2
163
-159
188
-122
188
-57
-190
234
-188
-16
43
-17
34
-128
141
-93
-62
105
-172
266
-171
246
-8
49
-25
60
34
-271
269
-231
87
-71
35
28
-175
85
-94
3
-120
127
-45
-77
167
-143
33
-116
-39
29
-81
31
-5
10
-271
231
-269
40
104
-136
192
-155
115
-69
-52
-63
62
-22
-1
158
-76
41
71
11
122
13
45
196
-60
149
83
80
-19
62
9
213
-8
258
188
-115
252
-161
170
8
87
117
-49
-7
-114
-19
-277
-122
-275
-191
-291
-248
-274
-358
-317
-376
-275
-297
-229
-358
-351
-172
-257
-87
19
-97
241
-70
206
328
303
347
539
551
558
711
566
704
689
634
795
730
686
770
614
311
400
11
40
-54
-134
-171
-441
-566
-787
-879
-982
-1074
-1154
-1217
-1226
-1146
-1278
-1167
-1432
-1144
-1054
-845
-622
-351
-233
-189
154
131
742
387
839
1088
1095
1411
1313
1397
1368
1566
1348
1618
1648
1608
1688
1452
1660
1079
58
-76
181
483
173
98
86
-502
-1331
-1587
-1198
-1635
-1683
-1795
-1203
-1277
-1758
-2190
-2575
-2283
-2213
-1338
-885
-417
-975
-1028
-879
-485
-285
98
739
823
1109
1122
1273
901
977
1318
1758
1782
2013
2052
1500
1293
1650
2080
2207
2172
2301
2103
373
-231
-588
541
449
390
515
-220
-995
-2210
-1660
-1753
-1521
-1997
-1503
-1295
-1781
-2448
-3095
-2706
-2560
-1441
-980
-230
-816
-1514
-1383
-903
-80
25
705
738
903
564
800
780
712
1053
1753
2047
1862
1435
894
752
1007
1810
2120
2174
2207
2010
1764
1803
785
-511
-687
624
1675
886
186
-235
-1351
-2328
-1466
-383
-697
-2054
-2124
-1468
-1786
-2026
-2570
-2517
-2407
-1544
-632
-320
-734
-1615
-2108
-1014
379
826
460
97
255
35
498
884
890
400
775
1660
1572
1399
774
432
465
1474
2479
2275
2079
1616
1810
1843
1907
554
-734
-283
1190
1457
533
460
-273
-1776
-2309
-695
-86
-1395
-2567
-1676
-1234
-1824
-2402
-2539
-2435
-2320
-1274
-59
103
-1099
-2135
-1654
-101
779
828
547
152
-111
-46
629
760
405
693
1423
1718
1511
1062
521
145
899
2340
2919
2333
2006
1894
2115
1125
-398
-392
691
1974
995
856
303
-857
-2503
-1925
4
-342
-1809
-2831
-1546
-1831
-2355
-2724
-2417
-2197
-2158
-982
-100
-81
-1587
-2202
-1293
581
1092
835
648
215
-210
121
1145
1030
691
840
1776
1776
1428
1039
272
191
1003
2813
2797
2344
1784
1992
1759
-105
-649
-19
1903
1303
439
82
-201
-1607
-2782
-940
-42
-978
-3138
-2260
-1292
-1736
-2744
-2642
-1815
-2122
-1472
-623
470
-741
-1962
-1454
196
1326
584
753
484
254
41
1114
1310
674
716
1242
1907
1308
1130
372
-34
505
2101
2803
2008
1477
1545
2023
987
-528
-836
532
1799
913
65
-335
-1021
-2562
-1943
140
206
-2060
-3427
-1907
-1321
-1653
-2377
-1891
-1741
-2008
-1178
35
491
-929
-1574
-651
1192
928
184
123
539
335
486
1450
1043
160
49
1419
1572
1010
550
247
48
769
2351
2481
1493
1040
1987
2137
196
-1033
59
1757
1580
362
143
-194
-1644
-2328
-345
1066
-730
-3169
-2825
-777
-973
-2012
-2036
-1591
-1949
-2020
-541
782
-125
-1876
-1563
207
868
113
-140
134
97
10
638
1045
356
-164
388
1401
1564
1127
407
-137
490
1790
2726
2410
1867
1990
1864
958
-469
89
1459
1978
846
-141
-217
-998
-1755
-1162
280
-461
-2672
-3264
-1399
-887
-1829
-2572
-1818
-1687
-2150
-1306
-71
-70
-1631
-1314
113
726
-359
-389
516
634
459
375
848
262
486
1240
1911
1496
699
606
52
901
1842
3062
2242
1643
1672
2144
1279
-806
-235
1012
2595
817
-329
-912
-1272
-1921
-1163
754
-388
-2758
-4452
-1937
-589
-1014
-2274
-2384
-2017
-2298
-1322
-76
532
-1071
-1812
-863
663
824
44
-98
394
647
410
661
768
1032
1079
1557
1913
1449
777
124
986
1907
2901
2454
1812
1699
1954
1454
-652
-343
1125
2358
234
-937
-674
-966
-1672
-1306
483
-892
-3321
-4339
-1531
-143
-1021
-2727
-2785
-2109
-2029
-931
124
317
-1726
-1821
-94
1692
652
-586
-43
506
604
626
1247
406
241
1123
2274
1823
783
505
282
1065
2063
2979
1848
889
1340
2487
2549
43
-908
-148
1724
1344
56
-381
-1004
-1610
-1684
327
-58
-2427
-4663
-2649
-111
-346
-2083
-3107
-2652
-2745
-1228
239
1039
-1578
-2862
-1429
1290
1596
0
-325
-302
181
419
1620
1054
206
258
1628
2195
1595
1100
597
768
1426
2673
2728
1785
1587
2477
2836
497
-1061
-43
1971
1648
-76
-172
-658
-1723
-2237
-155
287
-2157
-4442
-3019
-435
-790
-2484
-3077
-2451
-2498
-1657
-136
526
-1742
-2691
-1310
1102
1100
41
-152
-370
59
629
1788
900
207
565
1722
1943
1655
1478
808
825
1517
2669
2503
1789
1885
2624
2928
828
-1369
-729
1700
2328
313
-450
-814
-1769
-2426
-404
834
-1370
-4090
-3512
-593
-407
-1906
-3338
-2753
-2712
-1769
-150
1005
-627
-3178
-2556
-32
2022
623
-126
-507
-49
216
1279
1686
409
30
702
2227
2220
1936
807
211
916
2227
3063
2372
1859
1881
2664
1685
-658
-913
921
2382
526
-215
-472
-1250
-2592
-1384
892
-376
-3175
-4142
-1121
-342
-1378
-3024
-2765
-2806
-2538
-793
780
180
-2571
-2720
-887
1030
471
364
217
-25
-137
804
1325
413
526
1104
1790
1728
1969
1213
131
712
2227
2961
2283
1900
2077
2262
2402
503
-833
-330
2163
1910
42
-407
-744
-1728
-2286
380
458
-1777
-4437
-2475
-416
-647
-2359
-3267
-3099
-3439
-1757
21
923
-1996
-3431
-2568
364
909
410
293
-372
-524
-26
1867
1320
727
533
1454
1674
2202
2247
1012
278
1294
2837
2963
2462
2018
1962
2114
2120
149
-532
517
2200
842
-24
-14
-731
-1902
-1258
604
-400
-2564
-3596
-1542
-986
-1236
-2613
-2954
-3698
-3262
-1519
57
-536
-2885
-3234
-2029
13
156
741
125
-655
-1086
665
1944
1593
1213
1222
1422
1465
2527
2354
1425
720
1904
2527
2838
2515
2111
1530
1665
2172
838
132
-41
1163
339
180
-90
-239
-865
-1242
-455
-725
-1310
-2660
-1947
-1353
-1000
-2081
-2539
-3081
-3067
-2117
-732
-611
-2196
-2966
-2193
-780
-150
536
158
-967
-1562
311
1883
1880
1288
1089
557
918
2150
2882
1660
760
1092
1858
2475
2311
1974
686
693
1298
2735
1731
-217
-1240
-212
880
859
1250
192
-967
-2007
-448
930
611
-1610
-2653
-1649
-634
-576
-1199
-1841
-3035
-3091
-1641
-132
-617
-2044
-3021
-1842
-352
274
-381
-1070
-1236
-329
1283
1719
977
-301
-522
434
2005
2692
1555
21
-394
558
1881
2243
1441
521
217
450
1064
1514
1221
301
-8
271
881
1033
945
485
276
457
692
699
169
-41
-417
-573
-535
25
-336
-1340
-1888
-1524
-1169
-1223
-690
-609
-1188
-1956
-1632
-831
-340
-209
-149
-490
-1058
-842
248
759
344
-230
-421
-401
33
861
793
-101
-790
-396
194
489
418
352
19
-125
414
876
605
166
547
988
1190
1108
1023
408
269
752
1341
1370
859
192
-444
-152
462
981
272
-220
-439
-225
-207
-44
236
-136
-367
-321
192
-257
-563
-443
91
-143
-564
-817
-845
-852
-583
-52
-505
-1210
-1647
-1102
-803
-641
-806
-1044
-1317
-1046
-385
-445
-524
-515
-85
143
376
545
175
137
490
1123
1394
1312
747
-65
-7
985
2003
1701
841
313
330
633
1050
1614
1463
758
367
802
1166
840
534
718
896
358
-199
-315
-112
-312
-383
-348
-617
-1302
-1662
-1230
-899
-983
-1454
-1632
-1783
-1629
-1459
-1176
-1221
-1314
-1195
-1019
-863
-929
-690
-543
-374
-114
230
20
-529
-646
133
948
1222
1024
721
564
588
1127
1717
1941
1457
1031
1053
1354
1548
1567
1469
1334
1148
806
554
525
710
706
467
133
-64
-387
-413
-127
162
-199
-789
-1085
-1008
-902
-884
-616
-819
-1122
-1391
-1281
-1157
-974
-723
-930
-1092
-903
-632
-1059
-1399
-1031
-531
-293
-222
-86
-331
-570
-383
342
809
707
336
158
207
602
1294
1541
1304
733
543
558
1085
1626
1546
869
176
314
631
914
933
838
406
-217
-114
297
312
-112
-110
-62
-161
-247
-214
-465
-803
-582
-348
-359
-458
-463
-900
-1316
-1123
-447
-282
-545
-629
-673
-868
-812
-228
42
-209
-451
-457
-307
-292
110
433
439
63
-138
-12
157
627
720
585
-62
-136
191
607
780
757
631
131
-1
258
758
580
440
455
429
340
272
373
278
285
249
229
177
176
-140
-606
-606
-153
72
-129
-234
-234
-465
-639
-314
76
-32
-437
-566
-525
-476
-367
23
71
-213
-526
-387
-350
-219
-45
-41
-440
-896
-497
-125
129
-172
-108
-216
-370
-237
102
340
80
220
228
348
218
224
273
406
654
569
591
600
522
32
-58
440
921
745
389
301
239
189
438
995
791
131
-288
-102
188
224
354
192
-237
-606
-372
-49
-150
-367
-565
-691
-949
-747
-511
-525
-807
-871
-621
-580
-632
-764
-784
-733
-425
-136
-103
-357
-576
-476
-75
270
217
-12
-28
107
159
230
291
407
475
571
678
751
665
562
819
1108
1190
843
552
424
645
986
1179
912
244
-130
42
550
685
515
-91
-628
-734
-248
81
-58
-458
-849
-812
-654
-451
-637
-810
-909
-849
-638
-606
-775
-967
-881
-591
-459
-576
-723
-663
-614
-523
-234
-103
-203
-361
-127
86
223
251
406
518
610
627
582
665
693
933
1167
1196
802
415
336
741
1140
1113
693
202
-17
143
631
821
572
-70
-314
-193
206
229
-49
-199
-435
-427
-307
-53
-408
-776
-801
-488
-438
-542
-619
-870
-993
-855
-385
-363
-656
-887
-729
-537
-344
-186
-221
-447
-417
-165
34
88
228
324
287
233
143
183
210
495
588
523
175
-16
51
336
620
804
677
278
96
308
698
730
742
564
429
314
478
689
612
303
91
153
133
147
133
-45
-409
-424
-157
-122
-252
-400
-501
-570
-432
-224
-289
-532
-757
-634
-406
-281
-261
-336
-500
-716
-584
-320
-144
-214
-349
-459
-546
-482
-337
-108
-70
-150
-253
-252
-157
42
176
182
290
337
226
172
431
672
603
505
542
540
446
595
644
563
387
420
570
532
457
342
398
360
392
355
294
84
21
157
307
272
50
-79
-224
-300
-241
-13
-118
-446
-684
-544
-497
-576
-558
-527
-591
-754
-778
-731
-631
-631
-581
-514
-399
-403
-474
-377
-101
39
-7
-70
-74
-73
91
268
322
210
106
161
249
453
514
499
448
502
543
561
535
540
601
663
770
720
646
469
389
316
426
467
283
49
-89
36
19
75
-32
-114
-295
-476
-516
-391
-260
-416
-617
-716
-687
-649
-544
-380
-311
-574
-752
-730
-515
-335
-230
-296
-477
-513
-420
-211
-62
47
-70
-110
19
162
216
151
130
207
340
503
594
562
409
297
423
571
630
507
357
262
304
448
529
561
481
348
304
332
398
346
296
159
32
-41
-82
-18
-43
-53
-277
-396
-518
-498
-351
-286
-380
-651
-709
-766
-649
-433
-218
-294
-502
-515
-367
-235
-240
-126
-114
-137
-130
60
122
21
5
58
136
135
151
75
62
79
129
200
275
270
284
308
354
436
501
475
408
410
431
409
444
474
437
282
65
43
-6
98
126
77
-222
-458
-418
-362
-263
-178
-123
-368
-418
-352
-267
-309
-300
-249
-312
-320
-296
-198
-275
-283
-183
-80
-156
-251
-221
-201
-126
-66
18
-63
-108
-39
109
252
251
254
249
247
234
347
454
468
468
507
463
308
249
317
350
339
334
191
-21
-134
-21
83
121
28
-71
-165
-156
-45
-51
-56
-109
-148
-233
-229
-128
-174
-303
-315
-218
-236
-374
-477
-454
-363
-309
-313
-325
-367
-433
-313
-43
124
20
-52
-63
-14
57
230
388
348
272
198
211
215
309
397
390
276
162
118
59
84
177
256
254
97
10
62
201
211
163
132
91
12
52
181
175
17
-144
-118
-58
-66
-226
-289
-269
-272
-280
-318
-347
-411
-347
-197
20
-16
-152
-228
-231
-120
-16
209
163
-12
-190
-210
-108
35
166
113
-63
-220
-201
-84
67
109
57
-15
-58
4
108
231
252
153
96
131
251
259
276
342
333
189
118
170
205
102
52
128
118
17
-118
-165
-157
-68
42
140
75
-56
-159
-155
-41
60
133
93
-13
-141
-204
-181
-112
-19
-42
-202
-366
-412
-291
-161
-84
-134
-237
-339
-274
-36
141
141
-2
-72
-108
25
201
317
259
135
63
29
112
197
200
76
40
70
90
52
-35
-71
-30
64
170
193
85
-15
-26
73
203
280
266
103
-40
-56
9
67
72
21
-134
-265
-330
-216
-99
-72
-158
-252
-331
-348
-180
-4
81
-27
-111
-185
-128
59
209
233
119
33
-69
-56
53
188
148
7
-55
-50
-3
-50
-30
0
43
18
16
44
58
28
18
125
160
149
63
84
80
52
91
117
85
-56
-133
-166
-122
-51
19
-23
-166
-270
-267
-107
64
175
109
-33
-129
-72
127
276
290
183
105
16
17
47
127
99
10
-44
-73
-19
-57
-80
-103
-28
-4
-56
-79
-42
30
24
48
111
97
40
19
89
84
1
-18
-23
-86
-194
-189
-154
-120
-128
-151
-206
-290
-311
-181
0
65
13
-66
-137
-128
57
264
315
197
93
53
98
183
238
205
75
2
8
40
49
43
15
-22
31
68
33
19
55
77
55
100
107
88
66
80
113
80
14
-66
-68
-90
-114
-111
-113
-155
-185
-221
-250
-278
-232
-108
-36
-60
-191
-218
-227
-129
24
156
128
-2
-48
-3
129
207
220
127
53
32
98
170
172
112
72
52
100
165
199
133
68
66
121
152
96
103
71
89
42
61
27
-57
-125
-116
-51
-72
-106
-198
-234
-271
-234
-172
-126
-101
-140
-165
-174
-163
-143
-86
-25
-18
-37
-60
-54
-8
61
94
76
17
-24
32
94
121
87
66
45
36
103
176
213
136
86
109
154
151
158
201
174
111
102
104
32
-12
-31
-7
-16
-29
-76
-150
-159
-149
-104
-100
-63
-62
-92
-107
-102
-106
-127
-48
1
-16
-89
-102
-76
-60
-6
1
-35
-122
-135
-34
46
15
-32
-37
-38
-30
55
150
135
47
42
98
111
144
200
225
118
54
77
86
46
54
85
31
-31
-42
-39
-68
-71
-42
-39
-69
-36
-1
23
-28
-90
-64
-20
36
23
-14
-76
-89
-74
-50
-2
-21
-96
-180
-131
-57
-29
-60
-78
-69
-72
-28
48
122
55
-11
5
50
69
111
164
131
54
20
34
50
54
50
44
21
-28
-59
-51
-56
-34
-34
-14
-33
-5
34
42
11
-29
5
68
117
93
81
32
10
8
72
75
22
-39
-75
-32
-5
11
-28
-44
-64
-40
3
71
63
-5
-48
-47
14
48
76
61
4
-58
-72
-48
-18
-16
-44
-82
-98
-82
-67
-95
-84
-70
-71
-81
-29
13
0
-31
-31
11
36
66
55
53
23
24
21
59
77
47
15
-12
15
16
26
9
-4
-21
-12
51
85
114
89
60
32
49
85
113
100
64
-5
-48
-38
4
38
-30
-76
-123
-104
-91
-92
-105
-130
-126
-112
-63
-23
-2
-40
-75
-51
9
59
38
24
-7
3
4
19
53
20
-15
-37
11
26
15
2
-2
-22
-25
5
44
68
45
44
36
24
41
98
129
93
48
11
16
39
56
46
0
-46
-81
-40
2
-11
-80
-130
-117
-94
-38
16
18
-49
-112
-79
-3
45
45
25
-9
-48
-40
-1
25
12
2
-10
-7
1
17
37
11
-22
-16
44
92
97
56
34
23
23
56
87
84
16
-22
-15
22
25
10
-6
-23
-40
-45
13
30
-10
-91
-92
-53
-15
18
46
15
-69
-102
-58
20
40
43
-5
-49
-83
-40
2
19
29
14
-21
-32
26
56
24
-30
-25
-4
38
57
59
25
-10
2
44
65
41
-1
-39
-39
-16
16
-23
-62
-73
-56
-35
-10
10
-17
-70
-79
-25
16
22
21
19
-14
-31
-16
28
31
38
42
24
-13
-23
10
18
43
62
54
-8
1
60
83
55
31
23
30
56
80
90
41
2
-4
36
33
12
-22
-63
-46
-26
-4
-35
-59
-78
-75
-40
-38
-44
-81
-98
-97
-31
17
13
6
-24
-31
-49
-14
-8
-17
-17
-28
-36
-55
-44
-38
7
41
49
2
-19
12
46
50
42
50
35
45
67
104
89
58
28
29
60
58
24
-9
-3
8
4
3
-8
-13
-14
29
28
14
-18
-52
-57
-51
-13
-12
-4
-20
-31
-56
-57
-44
-34
-27
-35
-36
-63
-81
-74
-42
-12
17
19
-15
-11
22
40
55
38
15
15
35
63
77
73
44
13
17
39
46
22
-4
-10
-6
8
18
36
25
28
32
31
9
-16
-21
-31
-17
-8
10
2
-11
-23
-40
-40
-18
-9
-9
-21
-59
-80
-73
-39
-10
9
13
18
20
16
35
62
51
18
10
14
21
25
43
39
10
-16
3
18
8
-4
-24
-37
-60
-35
-21
-7
0
15
14
-3
6
14
5
-40
-36
-18
-6
-1
-6
-18
-37
-40
-18
5
1
-34
-62
-67
-47
-14
-13
-7
7
10
12
32
70
75
53
39
35
34
19
38
44
30
-12
3
47
54
64
55
33
-18
-28
-18
-11
-17
-25
-28
-40
-35
14
45
25
-11
-13
11
-2
4
-22
-37
-69
-65
-31
-14
18
-12
-19
-17
9
19
22
20
25
23
2
23
35
22
1
1
5
17
-1
31
32
2
-7
-6
41
26
40
25
-11
-47
-56
-21
-46
-28
-41
-32
-22
23
48
49
24
-4
0
6
3
-47
-69
-99
-86
-79
-27
6
7
11
-8
51
41
42
11
25
-3
-63
-33
-38
-32
-17
-6
36
30
62
101
121
127
66
60
-18
-28
-118
-165
-180
-270
-123
-71
129
214
279
346
248
269
125
-55
-251
-427
-442
-436
-225
-102
71
277
361
528
466
403
78
-182
-382
-616
-542
-568
-316
-185
112
340
449
578
490
371
129
-19
-230
-351
-399
-365
-298
-117
-19
233
315
429
431
337
249
7
-66
-302
-349
-475
-345
-272
-115
165
240
424
363
375
258
119
-54
-217
-319
-356
-318
-175
-3
97
233
212
256
153
111
22
-142
-175
-298
-291
-254
-149
-101
-9
86
115
178
199
150
119
-42
-73
-201
-232
-133
-206
21
-30
189
174
317
299
152
181
-131
-105
-270
-242
-206
-149
58
156
325
363
309
174
6
-105
-328
-255
-317
-278
-60
-129
195
96
272
201
90
136
-181
-41
-222
-87
-143
-133
25
-105
138
65
177
146
109
141
-6
103
-62
-67
-92
-281
-122
-192
-58
-21
20
181
52
206
75
43
-6
-175
16
-239
96
-86
76
192
69
303
79
202
19
11
-27
-132
-47
-117
11
-55
76
5
-38
24
-24
-14
-32
-65
-47
-126
66
-77
-89
59
-261
25
-104
-72
131
-174
270
-172
147
34
-77
47
-163
104
-282
260
-163
126
83
29
116
47
106
-46
-74
50
-93
-39
108
-67
183
-182
384
-268
234
81
-176
357
-358
340
-249
134
59
-91
152
-102
19
-86
1
-111
-27
-6
-134
25
-5
60
-25
4
34
-152
-63
-44
-241
61
-210
31
23
-95
298
-164
311
-93
188
-74
117
-77
-145
56
-326
195
-246
165
-5
155
93
143
134
45
153
-204
179
-303
105
-224
72
-155
226
-64
168
167
-36
375
-198
166
-117
-169
-41
-136
-76
-6
-88
72
8
22
97
-137
59
-83
15
-28
-65
12
117
-235
190
-264
35
-204
136
-284
364
-161
229
75
-11
106
-204
79
-285
103
-187
140
-236
289
-167
241
82
-43
177
-273
242
-208
55
-8
54
44
92
20
54
-100
84
-160
37
-111
170
-67
216
72
4
146
-225
227
-410
203
-173
-100
105
-151
134
-19
168
-7
103
126
-189
224
-396
169
-182
-279
359
-538
355
-81
-12
156
14
169
18
-30
79
-239
-12
-51
-146
-48
59
-36
38
308
-107
268
-100
18
-15
-182
-90
67
-227
168
-32
77
80
179
-148
134
-86
-138
45
-180
255
-230
250
-115
-133
167
-187
36
-32
-11
10
107
-16
135
-195
129
-128
96
-146
114
81
-222
324
-234
46
218
-249
283
-334
104
-119
-166
92
-176
226
-50
339
-82
138
297
-597
514
-482
-72
219
-429
356
-134
82
148
108
-246
448
-402
45
271
-631
326
-155
-382
423
-433
145
359
-279
477
-57
-29
175
37
-318
412
-488
171
101
-316
478
-306
131
9
-134
33
-1
-117
95
-100
40
-42
-77
139
-242
240
-12
-41
153
-251
209
-169
223
-94
84
83
142
-37
129
-248
251
-414
96
52
-482
646
-557
365
-58
-149
256
-188
-38
115
-197
150
-7
-106
93
-9
-34
-5
196
-241
286
-24
-207
186
42
-212
371
-464
270
-176
129
-10
-97
131
-224
294
-377
475
-325
150
95
-228
35
74
-320
180
-12
-245
399
-286
290
-75
-59
85
-188
-6
12
-28
21
74
24
-61
154
-176
289
-435
441
-454
242
74
-304
535
-440
336
-44
-50
64
-101
17
16
-147
162
-207
208
-147
130
-69
71
10
-68
149
-267
400
-258
153
12
-179
145
-254
98
-230
278
-204
210
76
-17
93
67
-103
-114
-16
-142
-1
-14
-85
167
-197
403
-443
403
-216
-11
265
-459
530
-523
406
-338
297
-210
236
-57
-92
121
-117
351
-357
505
-394
229
-126
118
-258
167
-72
-201
424
-383
299
-8
-156
193
-167
-167
252
-457
399
-297
217
-85
152
-127
113
-102
-93
69
-282
281
-363
439
-460
543
-388
236
-21
-229
95
-268
143
-228
308
-307
277
-121
32
309
-397
447
-214
78
76
-18
52
-4
162
-283
303
-221
-19
425
-654
755
-466
107
484
-692
738
-626
314
-340
198
-259
186
15
-103
347
-422
661
-654
518
-409
136
-2
-249
318
-469
511
-531
599
-551
395
-29
-389
590
-716
510
-325
103
-78
94
-172
129
34
-284
514
-634
461
-257
43
44
-114
168
-80
2
246
-217
406
-297
153
8
-427
651
-834
747
-495
243
124
-212
382
-392
403
-327
187
-198
93
-236
139
-77
-122
290
-386
433
-312
129
124
-231
286
-403
475
-510
389
-64
-338
561
-615
401
-172
12
163
-1
26
-52
217
-566
664
-691
368
-100
-169
283
-162
124
7
15
120
-73
46
-79
6
3
-142
380
-656
786
-697
469
-49
-213
487
-418
232
-3
-135
32
124
-175
13
217
-409
332
-186
99
-99
168
-197
72
49
-254
589
-819
765
-498
11
530
-713
612
-393
183
-229
302
-536
529
-336
159
187
-237
287
-258
410
-669
790
-778
588
-372
127
-139
41
-180
59
112
-379
686
-738
791
-613
568
-404
147
-94
-205
338
-553
798
-928
1017
-688
406
89
-286
540
-637
644
-657
339
-191
-53
19
-103
83
-196
415
-421
494
-431
339
-141
2
150
-140
23
169
-325
370
-304
164
101
-251
525
-560
745
-746
703
-679
299
-230
-143
199
-468
645
-814
881
-812
672
-488
315
-73
-258
605
-778
910
-760
430
-94
-101
341
-420
412
-307
175
114
-354
502
-544
451
-303
117
56
-364
632
-791
735
-602
483
-430
353
-249
83
205
-440
747
-717
721
-281
34
172
-144
12
9
-172
106
-203
254
-128
-77
470
-662
740
-577
110
61
-432
305
-278
10
125
-201
193
11
-104
95
91
-257
406
-368
218
110
-348
428
-394
198
0
-167
341
-405
518
-383
265
-42
-107
203
-292
133
-153
-85
284
-430
559
-496
382
132
-440
795
-942
793
-564
206
85
-265
372
-203
153
1
-21
191
-315
344
-320
-53
255
-467
383
-342
240
-211
225
-179
123
42
-277
509
-714
624
-457
98
142
-420
542
-471
472
-235
228
-113
201
-139
-72
180
-448
257
-138
-138
257
-263
345
-208
205
-109
110
-131
92
-118
-211
397
-573
518
-214
-133
403
-395
364
-156
100
62
-82
22
-41
-68
5
-92
55
-107
116
-57
68
45
-20
163
-213
167
-150
22
-56
67
-134
13
215
-297
368
-93
-144
522
-592
559
-505
343
-280
154
-38
-50
123
-53
21
32
36
-104
291
-525
632
-675
458
-101
-256
435
-488
500
-623
739
-702
478
-61
-252
423
-544
491
-403
288
-146
164
-170
352
-417
440
-379
266
-131
-131
225
-413
433
-493
403
-365
150
73
-143
207
71
-231
252
3
-378
402
-334
26
230
-348
447
-464
575
-379
182
123
-282
352
-433
466
-651
559
-488
241
-129
84
-44
24
75
-214
383
-563
690
-711
523
-261
148
0
-53
170
-277
434
-447
352
-266
317
-319
316
-289
181
-112
57
-60
-95
215
-365
439
-506
597
-811
957
-901
533
32
-579
962
-1055
963
-701
466
-258
134
-39
-38
177
-239
189
-189
226
-362
446
-353
159
38
-22
-255
454
-633
501
-268
33
151
-289
501
-621
763
-723
617
-480
454
-313
96
238
-515
619
-545
399
-371
542
-624
703
-557
253
52
-315
399
-500
573
-763
886
-811
497
-98
-206
373
-403
338
-216
131
-119
174
-298
355
-263
7
303
-429
448
-272
71
48
-186
267
-447
468
-383
221
48
-162
208
-204
287
-408
472
-442
144
149
-401
432
-299
118
25
22
-15
80
41
-56
101
-48
-147
284
-520
581
-643
480
-246
-109
386
-494
523
-375
248
-146
46
-26
24
-144
96
-87
-115
280
-284
199
-19
19
14
4
57
-268
418
-480
400
-286
126
56
-217
393
-559
692
-799
914
-888
722
-303
-193
701
-1038
1140
-1010
704
-318
50
96
-121
175
-323
467
-520
418
-58
-285
526
-647
662
-604
367
-130
-110
227
-266
337
-365
429
-262
70
141
-215
69
147
-449
460
-406
101
205
-429
542
-437
308
-104
32
-91
120
-180
108
-65
5
63
-126
314
-429
638
-652
700
-709
672
-580
363
-122
-172
339
-529
627
-732
787
-720
567
-261
-31
263
-443
452
-403
218
-137
12
73
-59
42
174
-348
556
-462
174
241
-585
692
-767
754
-812
653
-286
-164
564
-594
635
-595
709
-847
790
-613
209
30
-336
425
-440
472
-420
490
-355
390
-241
165
-76
35
-14
-81
55
-155
215
-221
232
-132
133
-86
123
-135
129
-197
87
-46
-225
412
-612
652
-624
447
-231
50
105
-178
277
-360
523
-612
516
-353
75
84
-207
246
-356
511
-564
557
-503
385
-270
72
215
-608
847
-839
526
-21
-375
448
-283
-56
414
-658
738
-637
331
42
-429
696
-740
653
-373
113
264
-362
377
-152
-57
196
-277
251
-255
235
-169
142
-217
307
-336
181
193
-658
1000
-1155
1107
-822
371
235
-697
1050
-949
664
-276
-29
94
-107
-147
350
-577
727
-667
545
-157
-89
280
-257
83
120
-358
466
-497
344
-130
-208
495
-799
962
-987
805
-560
285
-189
213
-281
173
70
-371
631
-604
439
-79
-159
292
-245
32
91
-195
137
-94
20
-20
-58
298
-552
745
-648
349
48
-368
379
-292
-16
256
-423
394
-67
-212
632
-731
785
-659
464
-385
234
-224
230
-334
292
-163
-86
448
-630
743
-579
521
-430
434
-481
338
-204
-74
215
-357
416
-368
426
-497
627
-678
528
-247
-179
426
-498
332
-102
5
-65
291
-351
265
27
-165
79
150
-452
451
-342
70
42
-187
335
-465
691
-687
622
-387
270
-295
396
-486
222
203
-710
897
-840
539
-180
-55
248
-271
275
-243
249
-350
381
-357
149
193
-431
619
-501
355
-156
110
-123
50
50
-331
498
-653
616
-579
514
-540
583
-463
279
104
-386
667
-738
726
-657
460
-289
170
-57
9
52
37
-132
264
-373
328
-237
12
198
-513
723
-803
760
-512
231
169
-425
562
-510
315
-78
-117
75
5
-221
418
-568
520
-297
70
178
-224
192
-169
369
-586
742
-692
427
-171
5
-90
85
-106
-56
174
-260
180
6
-210
260
-192
78
-75
347
-606
856
-678
341
102
-533
874
-1226
1417
-1492
1173
-651
25
436
-639
511
-217
-87
224
-168
-21
133
-101
44
-31
184
-477
780
-921
908
-641
193
286
-692
926
-1046
1048
-959
760
-331
-151
619
-817
858
-670
408
-131
-105
192
-209
37
109
-268
264
-222
197
-12
-79
137
-123
110
-93
141
-349
578
-746
875
-714
406
3
-153
213
-294
440
-662
740
-530
21
469
-719
566
-161
-396
707
-731
533
-411
390
-440
446
-285
-21
454
-733
1011
-1111
940
-662
327
-115
-61
78
-118
269
-492
796
-977
1052
-841
548
-144
-360
804
-1225
1311
-1204
713
-143
-419
897
-1154
1222
-1005
582
70
-706
1154
-1287
1155
-896
660
-443
268
85
-529
1021
-1187
1010
-468
-157
542
-541
235
37
-256
214
-104
34
-68
237
-522
936
-1176
1111
-702
-36
789
-1268
1324
-1194
1037
-956
1052
-1061
984
-660
274
189
-781
1265
-1776
1968
-1938
1494
-825
119
502
-903
1077
-1001
754
-604
466
-594
789
-872
641
-195
-383
820
-955
666
-254
-7
92
145
-433
488
-394
266
-263
251
-16
-339
826
-1048
895
-537
35
272
-559
650
-688
542
-402
295
-109
-16
377
-662
951
-796
539
-232
28
81
-250
494
-789
935
-797
518
-192
-10
121
-174
287
-381
526
-504
284
125
-464
648
-533
204
3
-72
160
-271
402
-332
164
10
-12
-192
282
-88
-78
197
7
-230
356
-191
-289
755
-1183
1215
-1016
530
-80
-295
604
-905
1088
-1078
977
-897
788
-566
218
207
-670
934
-1104
1230
-1140
850
-451
120
35
-190
402
-614
742
-705
489
-252
-98
215
-289
64
200
-281
-11
500
-715
524
6
-530
656
-436
163
7
-7
-111
299
-296
129
236
-582
662
-388
-192
585
-731
576
-220
-107
346
-363
405
-567
703
-705
502
-144
-312
642
-811
798
-643
313
22
-226
395
-603
833
-757
476
29
-317
550
-678
878
-948
718
-272
-366
808
-1123
1113
-845
232
393
-708
642
-351
143
-65
205
-367
441
-194
-236
684
-897
715
-291
-116
279
-284
219
-193
278
-312
339
-364
338
-287
118
-21
-71
272
-429
600
-680
563
-333
-13
213
-428
598
-547
296
26
-288
288
-215
117
-188
441
-587
699
-585
304
80
-433
609
-523
354
-277
304
-409
386
-504
540
-567
640
-605
297
233
-812
1174
-1249
969
-490
153
209
-422
575
-608
541
-470
121
329
-758
1147
-1288
1081
-609
49
452
-725
795
-799
955
-1125
966
-441
-270
844
-1018
754
-246
-146
387
-507
373
-172
-11
16
165
-110
0
189
-349
302
-126
40
-47
88
124
-396
484
-468
283
-144
-5
155
-424
573
-259
-357
911
-1011
747
-165
-538
1145
-1389
1371
-1207
753
-265
-286
867
-1127
923
-309
-312
599
-571
226
237
-556
655
-597
540
-525
479
-334
-65
424
-630
400
46
-201
3
238
-448
478
-333
135
122
-204
279
-116
-310
669
-747
472
-101
-243
384
-209
-30
34
36
-93
87
-117
105
-151
477
-676
643
-417
1
391
-555
519
-390
434
-472
485
-260
-298
834
-903
475
-88
-55
30
173
-37
-116
153
-15
-57
15
112
-277
388
-560
725
-854
836
-550
141
224
-657
935
-937
1030
-1044
979
-661
235
375
-910
1084
-1095
1091
-972
691
-387
442
-609
595
-597
211
340
-885
1216
-1386
1377
-919
519
-298
139
-97
-116
380
-629
615
-282
-45
129
-27
-215
293
-213
-9
213
-299
459
-486
341
-185
-262
600
-681
621
-283
-63
363
-582
471
-341
44
118
-199
326
-297
279
-168
-90
24
-106
128
83
112
-197
303
-316
153
-128
-71
6
-13
373
-508
576
-168
-268
377
-502
131
91
-18
-85
298
-477
494
-312
93
173
-180
101
-41
115
-283
372
-460
338
-126
94
-183
455
-622
357
119
-781
1388
-1465
1420
-1028
250
550
-1244
1371
-1231
986
-533
547
-415
474
-530
82
156
-716
880
-586
628
-453
577
-754
678
-469
1
572
-758
725
-216
-136
82
44
-579
662
-389
90
577
-752
748
-345
-251
360
-347
32
268
-82
-126
657
-868
715
-417
-329
932
-1096
973
-462
58
285
-492
423
-451
449
-433
234
-13
-26
125
110
-327
383
-494
318
-204
-8
237
-289
474
-527
615
-686
605
-652
372
-127
-62
299
-335
322
-222
-59
46
-100
-121
323
-228
166
-62
4
-176
202
-403
413
-303
326
-163
184
-331
195
-219
-127
180
13
-27
29
316
-486
407
-389
268
-243
113
142
-106
-62
234
-322
103
-237
411
-611
573
-262
39
319
-544
685
-614
364
-108
144
-399
566
-336
66
56
7
54
-84
271
-485
439
-370
66
283
-344
49
707
-976
786
-361
9
172
-254
332
-317
396
-367
473
-750
528
-214
-14
128
70
18
-172
496
-876
1056
-1003
780
19
-601
651
-310
-326
423
-227
-131
581
-451
417
-255
-125
-200
358
-642
475
141
-234
493
-267
-46
-37
-104
152
-51
4
249
-141
22
-157
-116
75
-195
478
-401
280
98
-439
662
-925
611
-118
-412
804
-833
633
-349
291
-163
-81
300
-508
634
-770
716
-733
606
-331
82
68
-388
766
-963
827
-459
339
-128
234
-477
271
-378
82
179
-446
668
-329
417
-561
431
-472
-104
265
-297
267
127
-8
177
-182
-264
483
-693
392
-12
-45
30
249
-192
-31
-29
-450
768
-1197
938
-70
-291
685
-477
228
-411
171
-144
-87
72
305
76
15
46
-167
-85
-184
152
-59
159
155
96
-139
-108
-186
144
-372
443
21
100
210
-155
-113
-219
-183
191
125
-151
750
-459
335
-492
190
-244
-136
772
-609
651
-262
14
-169
-72
-172
93
192
216
-79
198
-230
-276
178
-107
-72
378
138
-258
322
-591
186
-328
378
-169
545
-215
304
-325
-277
-117
-73
213
-52
772
-346
396
-534
54
-714
311
-108
348
146
215
118
-536
78
-661
118
-28
511
103
360
-6
-354
-2
-603
244
-298
446
210
1
295
-289
-250
-142
-241
106
103
212
267
-215
178
-309
-302
145
-161
283
-68
369
-178
-131
137
-401
129
-144
179
-11
184
-145
419
-782
684
-444
-89
338
-166
71
-5
218
-627
526
-407
-23
386
-467
505
-31
-500
707
-539
97
303
-225
-95
451
-424
264
-26
-339
429
-546
548
-361
283
-181
-63
92
-304
324
-176
397
-86
30
42
-166
-190
171
-182
4
435
-233
502
-511
230
-259
-168
95
41
188
170
232
-342
103
-596
344
-305
78
416
83
38
87
-244
-404
-28
33
81
141
506
-328
409
-377
-237
188
-367
282
265
27
84
54
-325
-144
-231
1
259
-3
281
162
-315
-170
283
-605
294
231
-66
199
-131
233
-466
97
43
-84
-129
607
-278
274
-208
-207
189
-531
632
-241
216
133
-215
139
-355
74
18
-134
168
-101
79
135
-323
292
-131
-261
456
-158
168
-53
180
-140
-212
195
-80
-75
167
-27
72
-272
216
83
-590
527
-395
111
103
-109
195
-23
-212
369
-415
15
287
-294
308
10
86
-164
140
-461
26
111
-307
484
45
-273
270
90
-674
712
-573
159
91
-46
274
-285
282
-434
201
-363
222
237
-77
193
45
-522
174
-142
-202
485
-301
421
-147
108
-197
28
-82
-358
500
-274
324
185
69
-450
112
-313
-173
459
-254
627
-161
67
-93
-153
-289
35
73
15
247
153
75
-189
-80
-267
150
-431
638
-41
31
301
-183
-331
175
-369
17
428
-246
697
-195
57
-149
-268
-63
-179
237
78
183
158
-117
118
-294
-235
157
-384
386
79
185
291
-536
254
-412
-213
316
101
199
107
179
-159
-171
-15
-47
-191
196
4
240
-57
81
-144
-240
-146
-144
325
-223
426
-55
-134
122
-303
77
54
-182
201
197
-344
492
-170
-5
-34
-220
94
-170
138
-48
248
-172
133
70
-282
-23
-69
-221
101
-153
259
169
-191
420
-438
81
-265
-71
97
21
332
233
73
-203
-61
-344
-71
0
247
97
167
83
-234
-21
-427
45
4
-141
389
107
180
-71
-39
-334
-183
83
55
361
52
91
-48
-236
-268
112
8
84
279
-22
267
-162
22
-172
-232
-96
112
79
155
229
-30
-77
-244
-132
-204
172
-89
331
83
-16
79
-103
-137
-68
44
56
164
-58
288
-265
-23
109
-279
143
-68
83
-15
88
-72
-47
121
-345
375
-127
65
107
-167
-23
-341
199
0
1
193
-45
60
11
-90
67
-131
-22
8
-23
85
64
275
-203
-66
2
-282
124
4
145
28
77
48
-32
-59
-88
43
-186
129
31
-20
145
-71
-144
-8
-86
-66
267
-140
22
152
-197
27
75
-1
34
202
-103
119
-113
-2
12
-71
112
-38
33
-28
-9
-175
-52
-33
-92
120
-82
94
-12
-68
54
-153
86
-38
108
99
37
-12
-47
-143
-16
-8
170
73
50
42
-236
-130
-67
24
-48
208
55
26
24
-135
-30
-230
24
-23
116
112
164
-32
-172
-140
-233
45
27
259
157
75
-5
-85
9
-130
186
-8
90
196
-133
184
-166
-129
-19
-58
-77
111
0
-54
45
-228
111
-84
5
281
-32
52
143
-51
-93
43
-39
92
111
76
55
-25
-199
-33
-22
-116
146
113
-22
80
-140
-44
-94
-157
120
-19
37
164
-37
-41
-204
-56
-57
43
126
69
122
-173
-10
-11
-161
61
163
-56
59
15
-59
-53
-72
-92
63
-83
128
57
-190
121
-311
169
-82
-106
258
-120
-53
17
-16
-148
213
60
-4
119
-23
-41
14
-87
30
58
11
85
20
-38
-13
-31
-48
78
-66
61
123
-110
51
19
-148
16
16
-18
80
76
68
-30
-3
-56
72
-10
53
99
-25
72
29
-162
141
-181
91
39
-48
97
-24
-31
-103
-85
-90
-7
109
23
68
37
-149
118
-225
94
105
10
142
1
-175
-26
-211
-113
86
-25
196
65
37
-189
-46
-230
-59
125
44
251
125
6
-129
-126
-322
22
22
98
253
49
55
-135
-201
-187
-83
36
153
143
172
67
-48
-108
-67
-66
-18
155
64
70
74
-86
-8
-150
41
-32
85
89
81
10
-24
36
-111
90
-27
74
43
61
-51
100
-107
-34
137
-196
127
-41
12
69
-37
24
-2
-85
61
8
-13
79
9
75
-46
59
27
-4
-72
40
-29
-130
89
-97
-82
85
-145
28
-28
-103
23
-85
-24
85
1
50
147
-84
-6
-1
-160
31
34
-36
114
-21
-20
-40
-112
-73
-29
-10
84
62
-13
-32
-109
-57
-34
-11
119
40
4
60
-187
50
-67
43
99
28
82
-15
-13
-164
-5
-44
105
115
167
137
-62
-12
-144
-117
-54
85
89
83
44
-39
-55
-83
-112
75
-66
138
167
-26
95
-29
-62
12
-100
66
56
0
107
-27
20
-41
-11
-15
-78
51
-69
109
-7
-38
56
-75
-69
76
-90
46
10
20
46
-57
42
-45
-57
-90
-17
2
-6
72
82
-76
19
-20
-90
39
-33
39
28
23
32
-33
17
-111
72
-140
42
9
19
48
-104
90
-69
16
31
3
-41
36
-28
-7
31
-8
25
-4
-44
15
36
-35
48
-8
21
8
39
18
18
-6
45
1
-31
43
-22
-31
-8
-10
-8
40
-2
24
-32
-39
11
-51
36
1
40
31
-35
35
-37
-47
31
-18
70
-58
122
-60
-11
29
-63
44
-19
20
-34
-2
-7
-16
-2
-33
-50
2
-36
58
-37
40
-8
-73
-30
-2
-75
62
5
2
81
-23
48
-44
-22
-39
-24
-2
74
-9
129
-44
-26
-28
-125
-5
-47
65
-9
102
-4
16
-34
-71
-67
-52
-31
100
57
43
171
-60
-6
-44
-112
-10
19
41
138
6
25
-17
-99
-51
-20
3
35
81
42
43
25
-49
-45
-31
-24
26
44
43
-11
10
-50
-92
13
0
-21
98
20
-1
75
-51
71
-66
67
-18
28
24
21
25
-45
-1
-92
8
-75
4
9
18
16
1
13
-65
13
-7
19
4
35
16
26
1
4
13
-42
13
-49
8
-24
33
-5
-21
17
-24
22
-24
40
-46
-16
13
-39
40
-26
16
-40
-12
-67
-15
10
-13
48
7
33
-30
43
-61
32
-57
29
6
-31
59
-19
5
31
-1
-11
7
-27
0
-63
11
-59
9
33
-17
33
-16
-43
-22
-62
4
63
48
85
17
29
-85
-6
-24
-28
84
47
49
23
-2
-83
-7
-63
9
50
11
73
-25
-25
-76
-3
12
-13
110
18
39
34
-78
0
-44
-6
58
21
68
20
10
-50
-34
-20
-12
53
20
62
17
17
14
-28
-26
-24
-22
17
0
-1
35
-47
7
-57
-3
-34
12
8
-12
26
22
19
-3
26
-59
17
-6
-13
12
-17
-18
-1
-2
21
-20
13
-5
-53
-25
-51
39
-79
62
-44
-20
42
-56
60
-41
4
11
-23
4
-22
27
-38
7
21
-28
33
-18
8
12
-7
36
46
-47
60
-17
-57
46
-78
13
-22
12
19
10
27
-16
4
-4
-24
28
24
10
32
15
11
-28
53
-25
9
38
9
14
50
-25
29
-31
-46
12
-16
22
17
20
-16
23
-24
20
-45
26
-7
-6
22
-40
33
-30
12
-7
19
-13
74
-17
16
15
-35
12
-47
3
-15
-4
-28
11
-10
-48
44
-53
-19
5
-35
41
-29
43
-7
-14
9
-23
-6
-1
-14
38
-9
1
7
-12
1
-38
10
-36
23
2
32
-6
9
-24
-5
-40
-3
34
-6
65
-34
14
-29
-36
14
-3
-5
75
22
19
11
-9
8
-17
22
23
20
8
43
-50
-29
-15
-31
12
37
24
27
23
-28
-21
-30
0
11
56
18
38
-4
10
-13
-48
21
-3
12
36
11
17
-5
-20
-48
-53
-8
-34
73
-3
31
-3
-41
-16
-50
18
-29
42
20
-3
4
-29
-7
-37
-14
12
5
35
-16
26
-58
-16
-17
-5
6
1
14
-52
11
-55
-10
-10
1
5
21
-25
9
-9
-23
13
3
29
1
34
-30
26
-17
8
32
-22
24
-8
-42
27
-10
8
28
-10
30
-36
-3
-1
-38
20
19
31
52
14
26
-42
-1
-18
11
41
23
52
-2
10
-5
-6
-25
30
6
51
11
37
-5
-31
-6
-53
-1
-7
24
16
13
-22
6
-32
-1
-7
31
14
10
52
-23
5
-13
-12
-12
14
3
23
4
-7
0
-46
-11
-34
-16
-1
2
21
4
-11
-32
-27
-38
-22
9
5
23
33
-4
6
-59
-22
-10
-38
28
35
6
18
13
-44
-18
-24
-4
14
-9
25
4
-11
-17
-13
-7
-2
10
8
-17
-23
5
-31
3
-3
36
-10
41
-10
-13
14
-22
24
-1
27
8
50
-10
-11
20
-29
7
7
8
1
4
4
-8
2
-1
7
-3
-3
-13
40
-21
36
18
-17
21
-11
14
3
-15
14
18
-16
14
0
-13
2
-3
-1
-7
37
-3
16
-2
-22
0
-6
-21
24
-10
11
14
-39
24
-69
19
-21
-5
24
11
17
-18
2
-30
-3
-4
-5
5
13
-8
8
-19
-9
-26
-1
-9
23
-1
24
6
-29
20
-58
19
-22
14
8
5
20
-2
2
-29
-13
-15
-6
14
14
14
-2
-17
-8
-31
12
2
14
30
12
16
10
-13
-1
-15
-2
13
6
31
-14
-1
-5
-29
7
-1
18
-7
-3
7
-20
4
11
-1
-5
11
-17
-4
2
-11
13
-1
20
-2
5
-19
11
-20
3
14
-15
15
-6
10
-17
22
-27
4
-5
-23
-2
-12
-18
-3
-1
-17
-6
-5
-3
-10
-5
-3
11
16
24
17
-14
15
-22
-9
17
-20
21
-10
-17
8
-32
8
-9
-1
-6
13
0
-6
11
-18
4
-4
-11
17
4
2
37
-25
16
-10
5
16
-2
16
5
4
8
11
-15
11
-10
-5
8
7
7
12
-5
11
-38
-8
-9
-9
12
22
18
13
23
-13
-5
-12
-11
-6
15
2
29
3
6
-18
-11
-13
-6
10
3
30
-10
9
-35
-10
-36
-3
6
-2
21
-9
-4
-15
-11
-17
2
-2
17
8
21
-5
-5
-22
-5
-10
14
18
6
9
-24
-23
-23
-13
-10
15
-3
23
-13
4
-7
-18
3
-10
11
10
18
8
10
-13
-1
1
-10
14
15
-5
8
5
-7
-3
2
-19
0
6
-5
20
-10
19
11
-2
2
-3
-3
-11
12
15
-6
28
-11
0
-10
-6
14
7
17
9
12
-19
11
-26
5
-2
-6
21
-1
4
1
-13
-31
-4
-17
9
10
9
8
-4
-10
2
1
-5
15
2
5
9
-1
1
-4
-7
-9
-13
-16
-11
2
-7
3
3
4
-10
-25
6
-29
5
19
5
19
6
-5
-6
-25
-3
-5
10
15
12
25
-17
11
-23
-13
4
-3
18
1
2
-6
-16
-9
-18
7
-3
3
22
-3
10
0
1
2
8
3
25
-3
21
-2
-5
-9
0
10
-3
26
6
19
-8
14
-29
-1
-6
-6
17
6
9
3
3
-20
6
-10
15
15
22
6
2
4
-14
4
5
21
4
26
0
-9
-1
-1
-6
2
5
-4
8
-13
-7
-11
-11
4
6
7
10
8
-3
1
-22
3
-3
2
11
4
-6
3
4
-6
3
2
-1
-8
8
-19
4
1
-7
11
-16
-4
-13
-4
-16
0
1
0
7
5
-6
-9
3
-21
2
-10
13
15
2
3
-6
-19
0
-4
-3
18
9
3
0
-11
-1
-18
14
-12
17
-2
5
14
-28
23
-34
15
-3
-3
21
-6
12
-2
-3
4
-6
12
5
-1
16
3
7
6
8
6
1
6
8
-10
13
-2
-4
11
-13
18
1
10
0
-4
-7
-11
6
-8
9
23
9
8
0
-12
1
-11
11
7
5
12
6
-8
-9
-7
0
6
12
13
4
1
-5
-17
-5
-7
2
6
-10
5
-19
-10
-8
-14
10
13
1
11
3
-11
1
-3
-7
-3
5
-3
16
-4
10
-2
-10
8
-16
-10
-2
-8
-8
7
-14
8
1
-4
0
-10
-9
5
-1
10
10
-3
1
-4
-2
-5
8
4
10
6
8
6
-6
-4
-1
-14
9
-2
1
5
-7
3
-10
0
-1
10
3
7
6
-5
-4
-7
-7
5
-1
20
10
3
1
-8
-5
-12
13
-3
6
7
2
-4
-8
-3
-17
-8
-3
3
4
5
-11
-7
-8
-12
2
11
-1
16
6
-14
3
-16
-7
-5
-2
3
4
5
-7
-6
-10
-17
3
1
-5
13
-7
0
-4
-7
-2
-6
-4
6
0
4
8
-1
0
-6
4
0
3
7
8
10
3
7
7
-7
-8
4
-13
11
2
11
10
-13
9
-16
0
5
10
9
21
10
4
7
-13
3
-8
5
5
13
6
-3
2
-12
-1
-4
9
-4
3
7
-5
-7
2
-8
-1
9
-3
16
-13
5
-17
-15
-12
-12
8
-4
7
2
-3
0
-13
-2
-15
-4
0
-8
6
-11
-9
-8
-13
-7
1
-8
3
-7
-8
-12
-9
-9
-5
0
-5
6
-4
3
6
-2
6
1
1
-9
3
-12
-6
0
-3
5
-1
2
-1
-3
2
-1
3
7
3
8
7
3
0
1
8
5
14
11
10
4
1
1
-3
8
4
9
10
5
12
2
10
6
8
6
6
0
0
-1
-9
3
-4
9
10
13
9
4
5
-3
-1
2
-3
6
3
1
9
-8
6
-6
-2
4
-4
-1
-5
-10
-9
-7
-10
-5
-8
5
-7
3
0
-1
-2
-3
-5
-11
2
-8
-3
-5
-5
-6
3
-10
10
3
2
10
-8
-7
-17
-20
-14
-11
-7
9
3
8
4
1
-4
2
-2
-3
5
-2
1
7
-3
2
8
3
11
8
9
-1
6
-7
-2
1
-2
8
-5
5
-2
9
4
10
7
0
7
-8
3
-7
8
8
-4
15
-3
7
6
7
5
5
12
-4
7
-12
-4
-5
-11
5
-1
4
3
4
-2
-3
-2
-3
3
-5
-2
0
-14
4
2
4
5
13
2
-3
0
-7
-4
-8
5
-5
1
-5
-4
-3
-4
6
7
2
3
4
-5
-12
-8
-4
-14
15
6
13
17
5
7
-2
-8
-4
1
-7
9
0
5
2
7
-1
4
0
-2
5
-2
5
-3
-4
-10
-1
-2
7
9
9
12
1
3
1
-7
4
-3
5
-1
-3
1
-6
-9
-6
-9
-4
10
1
7
-5
-4
-11
-8
-10
-6
3
2
5
5
2
-3
0
-9
-2
-14
3
-4
-8
2
-6
-3
2
0
1
1
-1
0
-11
-2
-10
-2
-4
-1
4
0
2
-2
1
1
6
7
10
0
3
1
0
1
0
2
2
3
5
2
-1
3
-1
1
-1
4
-4
2
0
0
6
5
12
9
3
5
-5
5
-2
5
6
-4
8
-2
0
6
0
4
3
-2
3
-8
-4
-15
-6
-9
-5
7
-4
9
-3
1
-1
-4
-1
1
4
5
1
0
-7
-3
-4
-4
3
-1
1
-5
-3
-13
-7
-11
-5
-6
-3
1
0
2
-3
1
-6
2
-1
2
5
1
1
2
-3
0
11
-2
9
3
2
8
-3
3
-5
0
-3
0
-5
0
-3
1
-1
-2
4
-4
5
2
4
2
9
8
10
10
11
11
3
7
2
0
-1
4
-4
0
-1
-8
5
-10
1
0
-4
1
-4
-7
-3
-7
-5
-2
-6
7
2
3
3
-4
-2
2
-4
-4
-3
-5
-4
-3
-8
-2
-4
-4
-4
-9
-9
-14
-16
-17
-18
-12
-4
-4
0
-4
1
-3
1
1
-2
4
-3
0
-5
-3
0
0
4
4
2
1
2
-4
-6
-6
-1
-4
7
1
2
5
1
5
2
2
2
8
7
0
12
5
7
12
6
8
6
11
3
10
6
7
11
1
4
-2
-2
-1
2
2
4
3
6
1
0
1
-1
-3
4
0
2
4
-2
8
-3
3
-1
3
0
-1
-2
-6
-1
-7
-3
-9
-7
-5
-4
-5
-3
-3
-5
-3
-1
-2
3
5
3
1
-2
-4
-5
-5
-2
1
1
2
0
-2
-6
-4
-6
-4
0
2
1
4
2
-1
1
-3
4
1
-2
1
-4
-4
-1
-2
3
8
13
8
10
1
1
3
-8
0
-3