2
-3
-4
1
-1
-1
-8
-2
2
-2
-3
-7
2
0
0
-2
-3
-1
-4
-2
-1
1
-3
0
-1
-3
-1
-2
2
-1
-2
-3
0
-2
-4
2
-7
-5
2
-4
-1
1
3
3
2
1
-5
-1
2
-5
2
0
-1
5
1
-6
-5
-5
0
4
-2
0
5
4
3
3
0
0
-2
1
0
-1
5
-1
-4
-5
0
-2
2
1
-3
5
3
0
3
4
-1
2
8
4
1
-1
0
1
2
-2
0
6
-2
1
-4
-7
2
5
1
3
1
3
5
2
1
2
-1
0
5
4
1
0
0
-2
3
1
1
2
-3
3
2
-7
0
0
-3
-1
4
5
-2
2
1
1
0
0
6
1
1
-6
-2
4
-4
-4
-4
7
0
6
3
0
6
-9
-7
-2
-4
1
-2
-2
3
-1
-3
-7
-5
0
3
3
-4
4
4
2
-3
-2
5
0
1
-4
-3
-1
-9
-4
2
-2
-8
-7
1
-5
-5
-6
-6
-4
2
7
-2
-4
-4
-3
3
1
-1
-3
-1
-1
-2
-2
-4
1
3
0
1
1
-4
-7
-2
-4
-7
-9
-4
3
1
1
-2
-1
1
0
0
-5
-1
-1
3
1
4
2
-1
5
0
6
4
0
6
7
-1
1
2
2
2
-1
9
5
2
4
4
6
-5
2
5
-1
3
4
5
6
3
5
-1
4
8
0
1
8
7
3
5
9
-1
3
4
2
5
2
4
-4
2
0
-4
-10
-6
1
-6
-3
-5
0
-2
-7
-1
-3
2
3
-7
-4
0
0
-2
-2
-6
-2
-6
-9
-4
-8
-3
-3
-6
-4
-3
-4
-8
-7
-8
-7
-11
-5
-1
-4
-2
-3
-2
-7
-2
-5
-4
-6
-5
1
-4
-1
-7
2
8
3
2
9
5
2
-3
-1
1
3
5
-2
-3
1
2
2
2
-1
7
4
-1
3
6
6
11
7
-2
2
0
0
2
8
7
6
7
7
10
7
8
0
4
1
2
7
-3
-5
-1
0
0
5
2
3
-1
1
0
-1
1
0
0
-9
-5
-2
-7
-2
-1
2
1
0
1
-4
0
-3
-7
-4
1
1
1
-1
-6
-3
-5
-3
-8
-8
-7
-5
-6
-3
-2
-6
-5
-9
-5
-2
-1
-2
1
1
-4
-1
-1
-2
-2
3
4
5
3
0
6
-4
-5
1
2
4
-1
1
0
1
-8
-12
-3
2
-6
0
6
2
1
5
5
1
9
3
8
11
4
4
-4
1
3
1
4
-2
0
2
8
3
-3
1
-2
-1
-2
4
2
6
4
-4
0
-6
-1
0
3
6
1
2
-1
6
4
1
4
2
-1
1
1
-2
1
-3
-1
0
2
3
2
2
-2
1
0
-4
-3
-6
-5
-2
-4
-1
1
-6
-1
2
-2
-1
-3
5
8
-3
-3
-6
-4
-1
-4
0
0
2
0
1
1
-4
-7
-6
-6
-5
-1
-5
-5
-1
-3
2
-4
-5
2
1
4
-1
1
-1
0
3
-7
-4
1
2
-1
-2
-2
0
0
3
4
3
3
4
4
6
-1
1
3
-2
6
5
0
0
2
-7
-3
1
7
2
1
4
3
2
1
11
10
4
6
4
2
3
0
3
3
7
-2
-1
3
-1
2
0
-1
-2
-3
2
-4
4
2
4
4
-1
-1
-5
-6
-5
0
1
2
-4
0
9
2
2
-1
-1
0
-4
-1
-5
-5
-4
-4
-4
-5
-5
-2
-2
-1
-1
-4
1
-6
-1
0
-7
2
1
3
0
2
4
-4
-3
-3
-1
-1
1
2
2
3
2
2
-3
0
-1
1
-3
-1
-3
-4
1
3
0
-2
3
3
1
1
2
-2
-5
-1
4
-2
2
6
1
-1
3
2
-2
2
4
-3
-4
-1
0
1
-1
-1
2
1
-5
2
0
-4
-7
-4
-1
-10
-3
1
0
-3
0
2
-1
0
-4
-4
2
3
0
-1
1
3
2
4
2
-2
-2
1
-1
-1
0
-1
3
-2
-6
-3
-2
1
2
2
7
3
-3
1
6
5
5
6
-4
4
4
4
8
0
3
2
6
7
-4
0
4
5
2
-1
4
-2
-2
-4
-2
-2
-1
4
4
2
0
3
2
2
4
-5
-1
6
-5
-1
3
0
0
0
-2
2
2
-2
0
-3
0
-3
-2
-6
-6
-3
-5
-2
-2
-3
-4
6
-2
-10
-1
-4
2
4
0
5
2
1
-6
1
2
-4
3
-4
-1
-5
-1
1
-1
2
-3
-2
-6
-9
2
1
4
2
-2
-2
1
2
-7
-1
3
3
2
1
5
1
-7
2
-1
-3
3
-1
0
-3
-3
-4
1
1
0
4
0
-3
2
4
3
-2
-2
0
5
1
-2
0
0
-2
0
2
-1
5
-2
0
-1
-5
5
2
-2
6
4
6
2
1
0
3
2
2
6
3
-1
-4
-1
-1
-1
2
-2
-3
-4
-5
3
4
1
4
5
0
4
5
4
-1
2
-3
-3
6
3
-4
-3
1
-1
-1
-2
-1
2
-1
0
3
-2
-3
-6
-7
-5
-5
1
2
-6
-2
0
0
1
2
0
0
2
-3
4
3
0
1
-2
-1
-3
0
0
0
-2
-3
-4
-1
3
-3
1
1
-4
-5
-2
-5
-10
-4
6
7
3
0
0
4
7
3
3
3
6
6
-1
2
5
1
2
-6
0
-3
-3
-3
-2
-6
-5
3
-7
4
1
-3
2
5
1
-4
4
2
5
3
0
5
4
1
9
0
11
-11
14
-12
-11
11
-18
11
-20
19
-20
1
-15
-4
-1
-18
13
-12
19
-11
16
7
1
1
2
7
3
10
-1
7
0
0
10
-1
4
-7
-11
5
-7
-6
0
-5
-2
-3
1
-5
5
5
10
8
2
8
-2
10
3
2
4
5
8
9
0
-8
-5
0
-1
-1
1
0
0
-3
-3
-1
-1
2
3
0
-6
-7
0
-6
-7
-3
0
6
0
3
3
-1
3
1
-4
4
-8
-3
-1
-2
-1
-9
-5
-6
-3
-14
5
-8
-3
-5
-2
-7
1
1
-5
3
-9
7
-11
8
-11
2
-9
7
1
1
1
-3
5
-8
19
-5
2
-12
8
-1
-5
5
-3
5
-2
-1
-4
8
7
1
0
2
-3
5
-7
7
-3
3
3
7
10
-4
12
-7
20
-11
20
-8
13
-1
-2
6
-6
14
-22
15
-21
11
-14
21
-11
12
-11
-5
17
-15
19
-19
25
-13
18
-6
9
9
-8
29
-19
22
-23
15
-9
-5
-6
-8
-2
-12
18
-12
12
-12
11
-1
-3
1
-11
1
-9
13
-7
9
5
-3
-1
-10
12
-11
12
-3
-7
15
-25
27
-25
19
-25
12
-7
-9
10
-28
22
-35
29
-35
28
-33
24
-5
-11
31
-23
37
-30
40
-37
32
-33
20
-10
5
18
-13
30
-26
26
-21
-5
-2
-8
1
-8
17
-30
15
-5
-14
7
-18
15
-19
13
12
10
6
0
10
-4
28
-27
39
-26
25
4
-22
25
-39
26
-26
6
-20
13
-20
2
14
-39
40
-54
31
-33
33
-17
16
10
-7
31
-48
64
-63
72
-39
15
-5
-24
33
-45
55
-66
64
-68
52
-37
26
-3
-18
20
-49
46
-47
57
-51
47
-39
25
-2
2
20
-22
33
-46
43
-26
43
-19
14
-7
6
2
7
16
8
0
14
-2
-11
1
-4
4
3
-2
1
-4
-4
-2
-3
0
3
-14
14
-20
21
-14
19
-8
14
-9
13
19
-28
41
-40
1
24
-39
31
-11
-14
14
-25
-18
17
-31
8
12
-58
40
-49
36
-30
7
-1
-17
22
-36
57
-79
96
-95
80
-34
-4
49
-66
66
-69
69
-100
119
-141
106
-50
-53
133
-206
210
-187
137
-105
66
-44
35
-13
-23
83
-136
199
-221
219
-176
124
-67
26
9
-30
79
-135
213
-251
249
-202
150
-80
60
-49
32
14
-64
122
-174
197
-195
152
-85
39
-22
15
-49
46
-36
-10
73
-134
174
-150
101
-49
12
21
-30
34
-45
60
-53
83
-57
36
-17
-22
37
-17
5
16
-34
25
-13
-15
34
-68
85
-83
77
-69
66
-43
2
49
-111
155
-163
164
-114
59
19
-59
112
-122
116
-79
32
-6
3
13
-34
33
-41
31
-13
-21
44
-81
67
-27
-24
65
-96
97
-83
36
-6
-6
35
-28
19
-20
26
12
-26
31
-57
60
-58
22
36
-108
135
-160
144
-140
115
-114
74
-57
18
13
-79
113
-126
128
-117
100
-102
68
-26
-23
113
-178
228
-226
194
-127
81
-17
-12
42
-48
65
-71
58
-40
-3
28
-47
26
0
-47
90
-145
150
-154
123
-67
-23
95
-158
195
-211
218
-177
112
9
-144
249
-262
234
-129
58
-28
20
-37
3
42
-100
100
-85
64
-44
31
-28
12
27
-57
85
-64
24
-25
42
-86
103
-63
21
44
-39
46
-49
105
-149
168
-119
-1
98
-150
119
-33
-60
101
-83
65
-21
13
0
-60
120
-153
149
-84
25
24
15
-60
119
-135
139
-134
157
-147
108
-28
-40
82
-93
73
-76
141
-223
275
-258
138
1
-124
154
-149
91
-3
-56
139
-188
197
-160
79
46
-154
226
-259
254
-197
118
21
-171
267
-324
331
-329
281
-249
171
-85
-34
164
-282
346
-329
238
-91
-86
255
-352
365
-297
162
-33
-85
125
-130
102
-86
42
38
-134
193
-213
166
-93
6
67
-120
160
-228
267
-279
238
-165
117
-58
14
26
-93
165
-198
147
-74
-3
26
20
-88
178
-209
184
-135
52
25
-122
199
-268
290
-267
209
-145
98
-64
48
-23
3
-5
57
-99
107
-72
-8
88
-120
127
-90
53
-23
63
-81
124
-131
99
-78
22
13
-13
14
5
12
-54
113
-152
187
-179
114
-75
30
-22
-13
57
-99
126
-110
71
-26
-9
71
-85
127
-123
106
-62
17
45
-48
71
-94
151
-182
189
-139
56
23
-35
-5
67
-81
56
7
-47
38
-6
-44
69
-77
89
-112
119
-68
-13
82
-122
98
-66
19
-23
21
-30
34
-16
-24
53
-80
116
-199
257
-318
297
-201
63
54
-111
83
-30
-10
32
-12
-36
94
-153
218
-272
271
-208
84
25
-85
76
-8
-70
134
-112
70
-2
-44
97
-132
160
-129
84
-18
-22
12
59
-145
160
-132
60
-10
-35
68
-101
125
-138
97
-33
-28
33
28
-106
154
-127
31
120
-265
357
-373
326
-258
159
-84
-16
27
-28
-47
92
-115
65
-6
-74
136
-198
286
-405
493
-513
464
-362
271
-237
239
-222
166
-31
-70
148
-139
108
-76
68
-67
56
-21
-18
50
-49
45
-48
53
-45
14
52
-119
147
-130
84
-46
55
-108
146
-130
76
-2
-9
-29
105
-110
106
-61
69
-123
222
-267
287
-240
182
-131
86
-39
-21
66
-93
82
-54
32
-55
112
-142
169
-126
71
-15
-27
67
-115
179
-228
256
-213
119
-5
-100
166
-192
179
-161
134
-125
100
-82
22
27
-107
159
-183
173
-123
68
3
-77
152
-227
267
-270
251
-194
145
-54
-23
110
-191
235
-230
180
-133
89
-67
64
-41
2
45
-96
108
-124
108
-132
163
-200
208
-182
114
-50
-10
37
-53
75
-81
75
-44
37
-13
15
-17
10
8
-37
38
-15
-39
82
-112
88
-48
-20
71
-113
111
-93
62
-40
-1
44
-81
104
-122
142
-151
162
-153
115
-65
-6
54
-99
123
-135
115
-97
52
-28
7
-16
29
-57
69
-82
55
-21
-27
67
-87
91
-40
-25
100
-114
116
-80
57
-35
48
-51
59
-38
7
39
-60
104
-89
98
-47
-9
83
-131
165
-133
81
11
-84
156
-194
238
-232
218
-161
96
-32
-13
20
-21
22
-42
44
-24
-5
57
-111
136
-141
108
-78
25
8
-59
101
-142
139
-134
97
-76
44
-42
29
-23
7
-16
10
-24
5
18
-34
46
-54
22
-6
1
-1
6
8
-18
43
-65
82
-99
129
-150
181
-160
135
-58
10
48
-89
117
-145
152
-131
90
-50
3
25
-17
-9
21
-42
42
-67
81
-88
52
-13
-40
81
-121
145
-165
169
-149
114
-53
-15
68
-90
96
-95
103
-113
101
-77
46
-7
-17
35
-59
80
-112
124
-109
76
-32
3
7
0
-5
0
-3
19
-35
43
-20
-9
57
-84
102
-72
40
-9
-7
10
-11
6
-3
-18
36
-52
35
-5
-50
115
-148
158
-129
94
-38
-9
65
-116
157
-171
155
-119
78
-44
12
6
-29
54
-91
113
-131
130
-137
140
-138
118
-74
-3
69
-122
144
-140
137
-139
160
-162
166
-139
112
-74
45
-8
-33
59
-100
94
-79
57
-48
8
22
-54
99
-127
119
-104
56
-24
-6
33
-40
71
-97
111
-97
38
19
-97
136
-154
139
-92
29
45
-121
172
-213
230
-252
271
-247
197
-118
38
15
-49
36
-43
51
-88
118
-138
134
-130
106
-96
78
-55
17
26
-54
77
-98
125
-141
163
-133
111
-48
12
0
-13
27
-51
93
-93
86
-46
42
-29
61
-66
77
-59
53
-48
71
-86
100
-104
85
-77
53
-37
1
40
-96
136
-175
176
-182
155
-143
120
-104
71
-28
-42
81
-96
81
-52
26
5
-13
9
7
-31
57
-67
76
-62
57
-29
20
-6
21
-20
30
25
-68
101
-114
92
-58
10
20
-82
131
-204
243
-244
200
-125
65
-41
46
-74
87
-82
46
-11
-10
24
-47
88
-104
136
-120
148
-172
215
-235
215
-149
66
6
-52
63
-96
117
-137
135
-128
107
-101
90
-82
57
-9
-61
131
-189
217
-217
210
-171
117
-18
-65
142
-136
99
-33
11
-29
83
-129
128
-111
92
-89
73
-83
34
-2
-24
21
-14
4
-28
53
-85
94
-120
139
-173
197
-206
199
-162
148
-117
99
-89
78
-79
38
-8
-63
69
-63
27
-9
-3
-22
20
-28
29
-56
78
-103
105
-114
124
-139
106
-40
-18
93
-104
137
-101
75
-8
-22
55
-37
16
4
26
-62
90
-106
106
-126
153
-169
141
-52
-35
108
-105
70
-28
-8
32
-23
13
12
-14
33
-1
-1
72
-109
153
-132
69
39
-152
247
-295
298
-258
208
-117
3
115
-191
235
-224
200
-215
226
-257
221
-170
59
51
-153
232
-271
312
-301
273
-189
121
-59
39
-52
75
-67
41
15
-96
165
-206
210
-209
230
-285
293
-248
135
-61
-13
19
-63
90
-147
169
-164
92
-19
-41
106
-146
129
-69
-37
128
-188
194
-227
250
-231
144
-26
-97
193
-335
432
-460
349
-198
-9
142
-224
190
-164
120
-56
-66
165
-234
242
-247
269
-288
262
-202
155
-75
-20
192
-391
559
-637
688
-632
461
-148
-146
427
-552
600
-548
438
-379
258
-144
84
20
-72
145
-196
231
-264
367
-438
484
-577
621
-593
511
-261
-24
389
-604
693
-557
423
-250
143
-6
-110
299
-491
590
-557
355
-129
-88
295
-381
412
-412
408
-375
335
-182
-17
219
-339
313
-224
108
61
-228
402
-516
660
-737
718
-574
409
-223
-80
450
-873
1081
-1125
933
-574
127
219
-367
328
-239
112
86
-320
495
-471
209
48
-319
504
-594
561
-350
110
107
-307
476
-552
455
-267
116
-27
-190
260
-300
269
-358
506
-555
358
-165
-45
184
-320
370
-274
118
-249
516
-882
976
-949
913
-844
562
-114
-262
486
-629
827
-885
774
-519
258
-33
-229
385
-300
141
-21
5
-57
63
-11
-45
142
-202
27
297
-775
924
-757
434
-175
62
8
-250
440
-548
611
-560
436
-266
115
-133
119
-105
111
-25
129
-249
340
-295
88
145
-122
46
139
-132
-83
377
-427
213
101
-179
95
9
-87
99
15
-208
435
-316
115
23
-45
-32
117
-36
-71
189
-403
564
-724
738
-500
76
453
-798
914
-721
332
6
-137
299
-396
452
-239
58
46
-59
161
-150
182
-75
21
-141
255
-439
672
-660
556
-429
196
2
-146
269
-265
301
-291
264
-335
353
-327
446
-301
-44
457
-637
375
-154
-7
66
-258
128
126
-426
228
-257
459
-481
273
-64
-197
143
-479
795
-745
487
-346
275
-118
-289
395
-63
-70
88
125
-70
-218
288
-108
28
-151
329
-232
-103
219
-212
152
-202
232
-99
47
-136
26
8
-221
268
-416
479
-720
304
-29
-390
406
-447
558
-397
328
-17
-114
83
-43
336
-95
203
-229
337
-277
290
-199
298
-94
219
-23
-255
330
-454
355
-93
-16
-10
-294
-12
205
-352
241
-102
-202
150
-298
107
41
-201
152
158
-235
-4
131
73
-83
69
250
-231
203
28
178
145
-168
370
-4
128
-77
78
269
-429
506
-216
-70
168
-337
370
-174
-56
-74
-10
33
-166
389
-470
186
-115
-101
96
-39
-41
-133
-129
-147
35
-30
85
-128
-98
-167
178
47
11
151
-169
80
-6
227
6
26
174
71
283
126
147
264
91
133
432
193
45
147
176
91
76
88
114
-91
-479
-22
-220
-339
-273
-417
-480
-809
-419
-535
-501
-552
-585
-298
-627
-249
-223
-236
-73
30
10
66
126
236
625
677
617
607
751
488
1259
930
1206
813
873
526
759
361
25
320
216
420
-65
-140
-471
-555
-671
-279
-331
-891
-1504
-970
-1276
-1301
-1310
-1175
-1108
-1446
-1030
-952
-794
-921
-301
-93
126
-146
251
262
323
805
972
1207
925
1279
1405
1542
1344
1776
1688
1912
1905
2100
1794
85
-9
-133
1605
898
303
-743
-1061
-1423
-1037
129
-341
-1507
-3083
-1820
-1433
-1541
-2160
-1649
-1441
-1867
-1471
-1201
-1184
-1516
-649
546
627
-476
-135
-123
907
1189
1609
1489
623
1186
1345
1842
1486
1532
1534
1397
1584
1765
1746
1319
2451
1305
-64
-588
144
2016
337
-14
-897
-967
-1856
-779
423
-689
-2952
-3517
-1598
-1280
-2082
-2319
-1426
-2074
-2395
-1597
-584
-1040
-1546
-99
588
244
-561
-540
957
1001
1392
1522
1313
705
914
1600
2194
2052
841
1160
936
1511
1347
1846
2075
2434
572
-847
-465
931
2573
720
64
-1223
-1297
-1595
58
1046
-915
-3503
-3855
-1118
-1341
-2013
-2373
-1674
-2242
-2785
-1416
-497
-1243
-1745
69
841
-47
-938
-256
1144
1186
1125
1748
1113
559
960
2132
2108
1645
1116
956
952
1273
1654
2125
1672
2271
880
-974
-822
1276
3255
795
-390
-1256
-1082
-1401
288
1698
-665
-3989
-4222
-909
-812
-1937
-2484
-1608
-2664
-3050
-1341
-279
-960
-1893
191
850
-298
-1241
-30
1510
1525
1107
1063
504
190
1144
2443
2487
1346
452
651
923
1506
1695
1901
1612
2068
1395
-611
-877
509
3701
1810
101
-1267
-1324
-1143
147
2497
401
-3458
-5237
-1916
-283
-1175
-2137
-1991
-2698
-3853
-2075
-293
-471
-1841
-994
273
-753
-1284
-375
1587
1372
684
383
67
-97
1055
2737
2546
1281
109
375
897
1698
2309
1844
1706
1391
2479
893
-369
59
2455
3739
1052
-192
-1328
-845
-311
2180
2529
-1382
-5102
-4597
-574
-12
-1057
-2338
-3000
-4509
-3959
-955
303
-1037
-2780
-1744
-1206
-1097
-552
843
1239
191
-426
-356
-58
845
2452
2728
1640
-92
-9
948
1844
2950
2583
1560
907
1584
3457
2272
331
315
2547
3547
1108
5
-425
-200
-212
1807
2170
-1749
-5604
-4347
8
427
-1856
-3788
-3775
-4805
-3544
-693
262
-2221
-4272
-2546
-850
-279
-242
699
249
-593
-664
728
1025
1618
2350
2377
1279
-7
1114
1913
2994
2812
2399
763
985
2378
4166
4153
497
-391
-1
3389
3019
1369
-295
-1463
-1207
-20
2542
330
-4043
-6253
-2585
517
-1013
-3558
-4247
-4290
-4202
-1783
20
-1318
-4412
-3431
-477
545
-158
-387
13
-78
397
1031
1440
937
1928
2330
1847
1257
896
1673
2112
3156
2556
832
274
1549
3326
3395
3634
826
-1476
-1189
2468
4557
1208
-1019
-2342
-1437
-826
1620
1755
-2752
-6027
-4129
-146
-540
-2432
-3298
-3277
-4224
-2449
-250
-666
-2687
-2747
-511
-353
-602
-296
476
315
109
564
901
436
1464
2446
1893
878
326
1371
1867
2493
2071
693
277
1251
2883
3264
2359
2121
232
-864
473
2970
3649
219
-1140
-2124
-1099
73
2421
1773
-2966
-5561
-3884
166
500
-695
-3064
-4400
-4979
-1893
784
566
-2169
-3718
-2439
-1231
346
501
405
-358
-619
-867
220
1269
2132
1715
1046
586
-73
681
2092
3055
2112
324
-72
1085
1934
2678
2281
1642
700
1326
777
575
767
1469
1075
-591
-104
-540
-339
-265
952
-79
-2334
-2944
-1170
2
-657
-1533
-2207
-2454
-2251
-525
-500
-1215
-2226
-1577
-1013
-377
-233
-666
-738
-632
122
-317
178
63
714
447
701
755
551
743
1105
1488
804
387
568
1136
1379
1349
807
670
572
1399
1396
1402
800
-128
-254
422
1504
693
-1
-809
-421
61
589
937
-392
-1377
-1615
-472
-110
-352
-984
-1287
-1759
-1538
-782
-616
-843
-1295
-780
-735
-739
-880
-608
-360
-203
75
68
93
-317
517
1030
985
386
183
439
370
662
836
619
52
-27
210
723
763
482
309
-33
85
8
272
588
570
220
-469
-320
113
354
105
-67
-47
-193
-149
83
300
-26
-376
-544
-126
199
-72
-177
-401
-31
-349
50
319
394
25
-524
16
477
578
-130
-12
11
153
25
145
332
-78
-112
-221
130
-207
-321
-533
-317
-478
-601
-641
-695
-395
-129
-129
-694
-886
-760
-219
-99
-102
-571
-881
-738
-43
543
495
72
-177
27
327
824
933
602
397
619
927
1003
1102
1143
1052
1050
848
989
801
882
845
763
416
283
440
337
453
50
-52
-529
-486
-253
-513
-732
-964
-899
-1000
-782
-923
-1060
-1362
-1178
-1155
-1204
-1117
-1336
-1340
-1441
-1002
-743
-696
-620
-534
-388
-302
221
711
597
536
515
771
828
1219
1553
1464
1183
1084
1042
1104
1470
1254
1182
682
783
634
622
911
715
352
-272
-151
90
80
-137
-110
-541
-815
-804
-297
-381
-811
-916
-1102
-933
-1126
-961
-771
-699
-791
-1024
-1115
-807
-618
-370
-252
-316
-308
-486
-92
303
620
352
189
243
556
764
842
650
456
524
671
879
997
974
322
346
487
889
601
334
206
-8
-2
-14
441
165
-292
-652
-425
-260
-278
-219
-497
-827
-991
-673
-428
-324
-565
-608
-600
-668
-472
-162
43
-193
-254
-79
-115
-18
101
534
479
318
302
283
270
197
741
793
450
-100
28
506
549
512
487
236
-189
-116
366
718
212
-208
-178
51
-20
-36
163
-161
-518
-700
-132
-102
-273
-485
-494
-382
-431
-372
-515
-452
-429
-99
-99
-174
-219
-293
-153
46
341
192
-131
-31
169
212
172
328
423
138
197
272
369
315
296
548
451
244
79
228
243
231
286
330
97
-144
-151
139
115
-94
-404
-562
-522
-558
-221
-91
-216
-537
-584
-597
-416
-200
6
-73
-275
-245
-235
-185
41
420
608
410
-35
11
108
432
761
835
374
-157
-175
237
753
828
545
-91
-266
1
470
716
291
-220
-474
-440
-139
-23
58
-303
-642
-787
-680
-443
-482
-470
-588
-651
-745
-769
-415
-304
-234
-340
-285
-341
-98
181
245
307
113
252
295
579
570
577
475
542
695
672
655
632
704
559
788
683
668
294
279
414
445
414
60
121
-17
49
-146
-138
-249
-326
-468
-547
-683
-882
-704
-597
-476
-793
-981
-1033
-775
-544
-458
-451
-727
-730
-591
-189
-25
-63
-208
-207
8
319
250
239
184
289
384
467
502
416
548
794
931
587
421
394
813
836
795
736
367
238
316
761
670
393
66
-46
-117
-82
-42
-159
-283
-453
-483
-584
-495
-487
-443
-588
-595
-625
-612
-621
-583
-326
-445
-310
-455
-408
-492
-348
-130
-95
-170
-248
-316
-167
20
203
229
35
9
-42
244
424
599
463
243
177
313
391
560
654
526
351
142
339
463
491
331
32
-34
31
144
173
34
29
-94
-29
-44
-97
-13
-142
1
-170
-105
-251
-140
-81
-49
-10
-137
-147
-272
-127
-60
-21
-124
-76
-61
-21
-137
-204
-112
-93
71
61
17
-251
-250
-17
131
58
-150
-154
-208
-112
-158
-51
-146
-264
-255
-193
-67
-214
-178
-217
-142
-73
-91
-19
-39
70
-6
161
219
107
143
335
589
413
288
221
334
344
448
653
579
385
151
463
548
453
279
253
287
202
93
0
50
-30
-48
-108
-121
-307
-435
-324
-334
-408
-562
-567
-587
-520
-465
-541
-612
-775
-650
-440
-300
-248
-354
-471
-452
-260
27
-30
-79
68
131
145
198
339
351
294
314
474
509
409
383
408
494
495
570
583
422
275
317
429
385
372
286
250
140
73
93
46
-3
-83
-92
-139
-258
-258
-187
-246
-347
-351
-366
-473
-429
-284
-289
-478
-552
-409
-210
-269
-272
-239
-355
-362
-256
26
51
-4
-80
-17
98
135
214
206
256
227
191
199
270
324
326
331
281
193
249
344
429
293
61
35
67
202
272
235
62
-152
-160
-88
112
210
20
-225
-257
-144
-95
-112
-179
-203
-261
-231
-107
-171
-198
-261
-77
-45
-151
-204
-162
-95
-176
-92
-23
53
-84
-21
13
29
-44
-50
140
117
74
50
61
91
179
294
157
-34
-28
148
301
365
235
-11
-180
-57
234
268
194
-69
-169
-202
-60
167
116
-109
-297
-172
-113
-41
-74
-17
-87
-150
-135
-70
38
-80
-30
-76
-3
-23
-74
62
65
113
0
-58
-67
-107
33
77
151
-21
-39
-67
16
57
64
57
-19
-22
-58
20
-35
54
40
79
-51
-60
-10
-17
53
34
66
-56
-80
38
157
59
7
43
154
138
68
107
32
63
68
188
46
-49
-39
113
137
-15
-69
-140
-99
-47
90
31
-125
-218
-85
-21
5
-67
-126
-137
-142
-89
-155
-211
-236
-129
-54
-94
-177
-198
-136
-30
-16
-28
-30
-36
-24
0
172
163
115
41
134
181
210
187
167
184
103
211
190
234
165
144
111
58
131
123
100
50
55
32
-19
-11
56
61
35
-45
-46
-24
-5
-17
-59
-102
-170
-155
-107
-32
-86
-200
-246
-193
-126
-146
-167
-141
-224
-245
-189
-20
-23
-124
-147
-116
-36
-62
-44
-28
-41
-51
-79
32
19
36
21
-11
22
22
74
80
131
144
102
117
108
210
229
253
253
179
115
103
222
322
254
155
128
85
106
96
108
59
-45
-5
1
-30
-63
-61
-86
-129
-124
-49
-113
-209
-194
-135
-119
-191
-172
-195
-244
-219
-184
-149
-267
-225
-147
-142
-136
-128
-54
-128
-129
-111
21
39
26
90
108
113
62
142
181
192
182
199
199
134
146
183
284
231
190
142
119
103
144
209
171
106
44
77
63
51
32
4
-14
-61
-78
-50
-73
-114
-154
-167
-204
-196
-197
-170
-114
-179
-192
-262
-196
-133
-89
-93
-107
-84
-93
-100
-95
-27
5
34
42
49
-66
-71
59
230
186
81
-30
9
109
171
268
151
68
-5
158
248
211
143
94
119
113
129
70
51
30
19
36
-15
-30
-94
-86
-25
-50
-100
-154
-158
-141
-170
-122
-81
-103
-145
-147
-90
-104
-105
-23
22
-32
-130
-126
-5
60
145
52
8
-59
-18
101
167
144
53
-30
-37
69
119
192
111
35
-37
13
81
83
68
-16
-42
-105
-55
-46
9
13
-23
-81
-124
-99
-37
9
-4
-43
-142
-95
-59
56
90
36
-21
-70
6
64
85
79
94
100
62
88
78
122
109
137
103
63
53
66
120
101
90
-8
0
-17
43
46
-22
-76
-114
-96
-91
-69
-92
-135
-206
-136
-112
-84
-173
-176
-171
-127
-91
-123
-96
-185
-163
-95
20
23
8
-69
-52
-8
79
138
112
108
56
102
119
186
178
171
139
142
149
137
186
184
161
70
69
81
105
109
98
43
10
-45
-26
-29
-13
-44
-105
-84
-89
-127
-163
-122
-64
-108
-185
-187
-176
-118
-109
-72
-97
-186
-139
-85
-13
-17
-53
-68
-52
15
72
98
74
40
25
86
144
182
106
67
100
142
99
76
105
93
80
75
77
27
0
19
70
37
-22
-77
-63
-12
-16
-44
-110
-97
-88
-28
-20
-45
-131
-171
-73
57
52
-42
-83
-57
-11
26
82
32
-15
-62
28
75
80
28
41
42
-1
-10
17
53
30
32
11
-15
-30
31
90
73
-23
-54
-40
-12
15
14
4
-64
-68
-52
-23
-30
-44
-45
-57
-30
-51
-53
-61
-49
-10
-3
7
-15
4
29
15
34
47
72
56
24
51
51
35
52
67
75
34
7
49
44
16
-17
25
3
2
5
31
43
12
32
-23
-2
-30
21
-7
-38
-58
-74
-20
-65
-14
-61
-72
-85
-78
-33
-76
-34
-25
-12
-28
-32
-20
-39
-31
1
46
31
-9
-43
-26
26
61
66
-16
-32
-10
24
37
26
40
-6
0
36
81
63
13
31
56
62
57
61
58
24
6
58
48
19
-11
5
20
-9
-5
-38
-38
-38
-34
-20
-33
-41
-62
-41
-55
-21
-36
-36
-13
-15
-26
-72
-46
-35
5
2
-7
-53
-70
-32
2
36
33
-6
-37
-19
5
56
43
48
38
9
-2
59
84
81
40
9
14
-8
53
53
47
10
-7
-17
-33
-13
6
18
-32
-41
-48
-50
-30
12
19
-10
-55
-43
-38
-20
20
28
-4
-64
-44
-10
-5
7
6
3
-56
-50
39
62
66
21
35
14
5
58
87
55
-9
15
65
86
44
35
15
21
53
58
42
-31
-32
-4
32
23
-8
-43
-70
-59
-18
-12
-31
-50
-69
-76
-96
-89
-60
-42
-55
-89
-84
-108
-82
-23
22
9
-93
-90
-40
31
46
29
10
-23
-8
36
117
114
58
38
41
75
89
114
125
107
75
52
75
97
109
95
61
15
0
26
51
63
15
-39
-80
-80
-43
-2
-11
-78
-150
-142
-98
-51
-32
-68
-111
-138
-103
-68
-28
-21
-44
-68
-55
-27
-10
11
8
15
0
12
62
85
66
29
15
31
53
91
119
88
45
33
61
103
83
33
3
8
30
38
35
6
-61
-58
-7
10
-11
-66
-61
-69
-56
-35
-23
-14
-52
-68
-69
-57
-50
-22
-5
23
6
-18
-22
9
32
-7
18
26
27
0
25
55
63
29
44
35
38
43
55
50
2
-2
8
31
26
24
-19
-32
-68
-54
-43
-34
-25
-56
-69
-46
-43
-51
-38
-27
-33
-67
-67
-53
1
15
42
40
11
3
35
81
69
42
-3
10
30
78
46
44
-11
1
30
73
87
60
29
20
76
31
47
-77
-31
-127
-96
-94
-82
-20
-47
95
48
132
11
59
-24
-40
-133
-163
-148
-136
-33
-55
32
-14
92
84
156
51
29
-94
-91
-64
-47
-36
-101
-28
-70
42
38
119
87
77
73
115
106
66
50
39
36
-7
4
24
65
74
85
55
42
3
60
35
28
-32
-80
-75
-99
-40
-57
-55
-94
-100
-81
-36
-39
-2
-34
-16
-33
-12
-35
-47
-108
-102
-117
-55
-16
32
93
69
150
91
125
45
48
12
0
4
5
18
39
15
37
51
24
59
11
42
16
50
40
57
9
-34
-80
-135
-97
-152
-35
-125
14
20
46
148
100
104
6
-66
-86
-131
-137
-126
-64
-60
-16
7
94
90
105
105
29
14
-104
-14
-73
21
0
31
82
17
163
70
162
27
33
-32
-22
0
-74
79
-108
56
-84
65
-25
23
-25
-6
-63
-13
-100
-74
-60
-113
4
-62
-66
-30
-70
15
67
-7
60
-76
19
-69
34
-32
-26
-21
-2
12
69
117
46
136
-51
138
-76
119
-70
39
39
-23
61
-19
55
10
79
-19
120
-126
108
-127
33
-32
-22
-27
-46
-18
11
30
1
10
-8
-44
33
-92
78
-160
56
-80
8
69
-166
252
-229
260
-184
74
-64
-41
-1
-13
110
-147
294
-282
388
-249
147
12
-237
392
-498
468
-404
251
-92
27
39
-13
2
-56
75
-178
148
-260
152
-178
127
-60
54
71
-150
256
-223
147
-61
-1
-10
47
-90
163
-127
124
-6
10
132
-58
76
31
-80
77
-22
-56
191
-228
244
-221
139
-78
33
-37
49
24
-57
123
-126
109
-120
4
-117
-53
-57
-66
33
-13
52
-42
13
-25
11
-41
-19
-81
6
-58
27
98
-89
166
-189
167
-154
37
-25
-68
84
-76
120
-47
197
-64
195
-2
21
93
-171
177
-193
198
-115
124
-45
59
61
-37
166
-173
133
-191
25
-57
-121
54
-191
93
-128
45
-99
44
-162
-24
0
-169
129
-102
44
40
-21
20
31
-83
59
-74
65
25
150
-44
213
-90
130
56
-28
99
-87
72
-104
131
-13
103
-12
48
-27
-86
111
-199
156
-128
-23
42
-156
121
-144
94
-123
32
-176
110
-71
-3
172
-249
220
-297
189
-135
45
7
-179
222
-248
231
-73
64
-29
18
14
63
68
13
64
-6
-36
57
-28
11
27
-39
33
43
16
6
83
-143
106
-175
132
-147
125
-93
-36
100
-189
132
-177
90
-298
256
-313
181
9
-197
317
-390
278
-294
201
-285
289
-201
232
44
12
202
-128
201
-227
142
-235
191
-162
313
-210
340
-155
105
103
-71
58
-176
74
-206
206
-161
137
-17
-36
-26
33
-110
81
-87
-38
48
-116
141
-173
260
-266
177
-242
67
-98
25
0
-83
160
-194
202
-108
45
-77
50
-204
129
-116
27
32
9
63
8
89
-54
142
-93
63
-80
83
-113
91
-60
101
15
85
-62
141
-89
41
55
-59
110
-89
80
-118
173
-210
197
-220
84
-87
-79
65
-124
141
-95
30
50
-61
40
-36
-20
-12
-96
4
-94
126
-53
73
57
-84
167
-107
22
76
-158
101
-119
48
-12
-40
2
27
-52
126
-142
161
-170
112
-22
-79
90
-96
9
-14
45
-21
118
-125
159
-25
48
42
-36
34
-93
51
-94
52
-42
66
-55
80
1
-96
148
-216
274
-251
168
-136
78
-40
-49
206
-336
337
-412
333
-237
182
-38
0
132
-122
222
-232
288
-261
264
-214
160
-51
34
-50
149
-225
190
-192
-3
76
-224
210
-239
165
-123
78
-73
70
-149
97
-195
74
-77
-35
70
-94
176
-147
160
-137
159
-118
-17
122
-203
249
-149
164
-36
116
-66
79
-9
-74
92
-220
211
-206
189
-76
58
75
-1
65
15
-18
-17
-42
-27
63
-148
152
-162
96
-61
66
-57
49
-11
-38
3
26
-67
86
-106
47
-45
-78
58
-146
156
-174
82
-48
1
-33
158
-161
248
-272
282
-281
234
-185
173
-135
133
-18
14
172
-169
222
-274
225
-301
212
-141
66
-13
34
5
-2
119
-184
163
-219
117
-202
131
-123
74
-66
-11
30
-149
185
-240
188
-134
138
-143
266
-151
96
70
-188
222
-259
241
-192
126
53
-83
133
6
-36
63
-31
55
-8
68
-11
77
-40
25
13
-181
213
-349
352
-327
294
-150
47
134
-295
426
-523
402
-349
201
-154
35
14
-61
39
-30
29
-105
99
-168
48
6
-97
128
-169
154
-128
22
25
-35
48
7
-20
18
75
-87
114
6
-42
104
-76
90
-30
111
-12
39
52
19
23
40
40
-42
22
-102
8
-71
0
-69
108
-164
235
-201
160
-144
161
-301
288
-347
168
-61
-80
117
-60
29
-56
67
-109
117
-157
174
-148
96
30
-87
138
-35
-64
151
-191
187
-98
43
45
-62
44
-100
103
-161
178
-187
199
-126
126
-34
-45
109
-208
177
-192
159
-216
261
-283
328
-247
246
-243
196
-172
32
96
-209
311
-322
261
-169
77
-46
9
-22
-2
18
-33
68
-61
82
-64
47
21
-87
193
-192
249
-195
217
-218
193
-167
111
-42
-20
50
-43
29
18
-28
-1
-21
-55
24
-78
127
-239
363
-384
349
-214
36
47
-139
142
-177
203
-215
188
-152
148
-96
38
107
-264
439
-396
310
-58
-93
144
-134
-13
50
-77
78
-27
77
-14
66
10
-16
49
-29
-72
129
-185
188
-137
194
-143
97
5
-169
172
-117
-44
118
-111
31
52
-68
57
-57
53
-179
220
-336
381
-371
282
-135
-20
124
-149
105
-37
27
6
21
7
105
-130
180
-129
14
20
-73
21
-25
19
-24
35
-62
128
-234
268
-250
142
-128
51
-63
-9
57
-142
192
-188
196
-186
213
-222
216
-232
247
-267
261
-190
95
1
47
-56
149
-94
59
42
-112
173
-216
155
-139
57
-46
10
-1
-8
82
-111
126
-90
-2
77
-125
136
-113
79
-25
-44
102
-77
-6
56
-113
38
-11
-52
56
-60
75
-105
137
-136
64
-67
-79
47
-144
32
20
-74
106
-26
-55
182
-186
212
-216
233
-184
95
34
-43
96
-47
132
-189
315
-284
238
-117
32
-8
-17
27
-43
61
-75
67
-37
6
33
-41
20
41
-94
41
-10
-74
110
-197
202
-222
218
-100
45
87
-22
4
42
-28
-23
56
-115
52
-88
71
-92
131
-94
119
-127
136
-103
43
17
-123
145
-191
154
-87
46
50
-66
33
15
-39
76
-98
104
-123
111
-65
25
59
-89
128
-161
153
-133
62
-28
-20
-72
60
-86
-22
104
-175
195
-212
226
-202
157
-126
133
-171
212
-170
127
5
-50
112
-125
187
-185
204
-193
160
-100
58
39
-110
215
-237
211
-165
88
-32
-37
70
-126
79
-93
88
-124
164
-142
44
74
-145
176
-136
62
55
-208
292
-327
283
-198
112
-71
14
45
-122
237
-287
299
-284
224
-229
168
-118
-20
102
-202
232
-256
342
-367
370
-284
114
6
-121
91
-27
-32
63
53
-105
242
-196
168
-108
31
-54
35
-73
73
-67
68
-40
62
3
-65
123
-134
96
-76
62
-81
50
46
-152
210
-170
93
-13
17
-52
138
-172
177
-141
95
-29
-60
146
-237
279
-300
280
-228
139
-80
28
-10
2
20
-61
101
-156
124
-121
53
-55
34
-47
59
-37
97
-114
157
-110
38
56
-126
156
-164
146
-137
103
-58
-18
106
-173
195
-154
118
-81
126
-191
229
-231
151
-61
-65
157
-208
262
-271
331
-307
295
-220
154
-126
100
-89
46
26
-91
116
-132
157
-201
256
-273
268
-210
166
-141
125
-132
56
-41
-81
153
-270
363
-329
313
-170
160
-128
151
-128
38
76
-169
224
-227
249
-216
192
-166
134
-156
168
-173
133
-48
3
29
-47
72
-134
194
-295
314
-301
212
-87
-21
72
-20
-53
83
-12
-158
295
-357
317
-161
32
105
-169
227
-263
225
-196
108
-125
107
-152
131
-70
-42
128
-159
180
-175
206
-224
220
-161
50
50
-125
176
-194
220
-186
197
-192
237
-250
237
-169
100
-15
-28
85
-128
154
-125
79
-101
171
-248
276
-246
202
-205
243
-300
286
-239
150
-64
-26
121
-181
242
-225
216
-173
160
-162
135
-119
22
3
-71
90
-128
155
-135
129
-85
73
-89
62
-66
-5
-31
-9
38
-175
322
-431
491
-444
371
-267
170
-82
11
46
-92
152
-205
311
-402
483
-501
452
-366
278
-207
141
-43
-52
140
-213
247
-260
256
-264
289
-299
321
-295
258
-190
110
-23
-85
162
-211
230
-209
194
-181
177
-176
130
-44
-75
153
-158
137
-72
71
-101
134
-199
139
-141
72
-69
56
-49
53
-13
11
5
-22
72
-176
233
-270
245
-217
178
-118
43
57
-130
165
-160
148
-133
118
-75
31
-2
-42
78
-143
202
-218
192
-91
60
-39
62
-68
59
-52
36
-63
63
-54
23
47
-105
203
-247
310
-303
300
-290
272
-275
217
-193
126
-88
53
1
-44
132
-149
164
-144
129
-154
167
-213
208
-182
140
-109
88
-60
47
-18
-23
64
-95
131
-151
181
-217
202
-205
106
-73
-5
44
-45
94
-95
167
-185
205
-168
66
-35
-32
7
-12
41
-61
126
-87
75
-34
35
-67
94
-118
110
-76
38
16
-74
102
-182
161
-165
117
-37
12
52
-15
36
-74
124
-231
253
-270
196
-118
82
-17
33
16
-24
65
-95
73
-61
17
-7
10
-37
31
-6
-40
10
5
-55
27
69
-125
167
-133
89
-67
-55
115
-227
254
-196
146
-49
55
-36
51
-73
47
-39
40
-55
83
-65
36
-2
-79
140
-236
254
-203
115
-17
24
-40
84
-129
136
-168
121
-89
31
38
-1
59
-69
153
-215
216
-222
128
-80
107
-98
153
-70
-13
82
-155
141
-192
218
-189
177
-85
59
-67
44
-88
56
-86
21
93
-133
182
-110
95
-89
94
-92
-18
91
-149
164
-115
135
-126
164
-197
124
-32
-180
303
-327
317
-200
140
-67
-24
37
-98
47
-10
1
30
52
-84
103
-98
-6
-27
101
-250
376
-299
255
-89
29
-3
-1
-46
-18
51
-149
203
-194
211
-173
172
-177
158
-229
290
-358
343
-119
-113
382
-533
480
-375
155
-79
99
-94
163
-28
-60
155
-177
-9
188
-464
600
-538
338
2
-245
365
-341
193
-100
49
-104
147
-95
26
74
-132
90
-32
-188
373
-554
596
-367
173
42
2
-131
184
-184
-49
257
-430
519
-363
188
16
-140
76
-34
-87
111
-21
-4
107
-38
-58
136
-217
77
7
-129
217
-207
214
-49
-100
188
-198
70
24
-30
3
145
-160
155
-46
-125
119
-131
-40
96
-97
119
11
4
105
-138
93
-130
-3
-99
84
-19
25
85
-52
92
-140
22
-39
-118
172
-102
135
11
-49
136
-227
143
-216
174
-175
94
185
-311
421
-344
242
-201
76
-34
-137
268
-310
391
-316
239
-62
-73
28
-89
79
-188
350
-344
450
-321
220
-73
-181
238
-383
375
-305
283
-13
-103
258
-309
286
-432
479
-540
487
-283
204
-48
-5
-10
-86
60
-173
169
-136
168
-98
216
-232
232
-319
295
-422
346
-266
180
-46
83
65
-169
232
-210
37
-24
51
-150
219
-202
226
-156
7
98
-222
194
-163
150
-173
238
-128
-19
234
-553
746
-887
693
-456
180
35
-68
194
-145
169
-181
268
-481
497
-383
113
134
-177
225
-174
130
-109
40
-62
39
0
-42
150
-161
149
-75
-133
320
-541
484
-239
-51
235
-169
76
55
-75
-9
137
-262
263
-74
-131
296
-218
47
228
-430
410
-221
-86
391
-528
506
-369
219
-125
-57
82
-120
111
-167
310
-368
334
-170
21
26
-73
72
-78
70
-6
48
-104
175
-221
191
-187
158
-25
-68
266
-313
246
-196
102
-139
117
-138
107
10
-250
381
-494
393
-246
102
-45
42
-63
99
-133
76
222
-436
624
-455
4
395
-591
413
-91
-49
120
133
-310
368
-233
-125
382
-563
598
-491
372
-230
202
-276
261
-346
181
-47
-110
235
-136
98
133
-169
49
174
-539
743
-723
590
-194
-39
386
-437
358
-329
248
-361
425
-345
241
72
-256
378
-443
180
-87
-136
84
-54
44
-33
58
-89
101
-117
35
47
-159
229
-66
0
123
-44
-17
7
-17
-107
106
8
-34
165
-66
22
-31
33
-152
57
8
-209
243
-248
124
10
-260
444
-560
476
-362
65
99
-121
208
-169
339
-358
417
-399
298
-333
350
-319
435
-405
530
-425
356
-165
-58
109
-178
113
-161
259
-394
450
-480
268
-128
-297
514
-637
531
-120
-35
178
-71
99
-309
505
-633
400
-42
-138
367
-230
192
38
-88
-14
25
-110
141
-67
108
0
-69
83
-190
17
-166
110
-140
80
15
-56
186
-373
468
-569
297
-145
24
-5
168
51
-27
295
-428
606
-774
624
-361
54
313
-480
684
-774
657
-680
531
-544
303
12
-212
380
-336
209
-215
69
-178
97
-264
272
-28
-274
640
-720
626
-404
189
87
-282
561
-524
614
-402
311
-87
-11
-14
-14
-26
-143
216
-176
231
-192
231
-347
268
-481
437
-532
345
-37
-19
22
100
-142
-56
222
-373
381
-315
410
-167
294
-156
299
-278
62
-42
-86
-54
204
-69
212
-107
122
-143
-269
252
-354
2
317
-464
649
-499
190
60
-531
417
-458
363
-469
730
-448
293
150
-372
327
-327
108
105
-12
167
137
107
-331
391
-683
288
-220
-194
776
-928
1045
-554
-36
94
-365
21
-131
230
-104
299
-193
241
-151
-184
223
-311
259
-4
40
214
-7
-169
370
-348
-100
301
-280
-29
318
-134
131
91
-24
52
-252
156
-283
49
-139
239
-299
296
-167
-39
267
-569
492
-315
81
45
187
-83
258
21
-28
72
-456
410
-399
-64
508
-277
258
122
-153
29
-381
168
-269
-3
194
-41
253
-58
53
4
-228
-189
123
-182
-97
410
-129
73
126
-87
-179
23
-301
296
-76
-28
580
-231
212
153
-350
125
-456
122
-63
-115
232
324
-355
504
-407
-157
70
-530
343
-14
101
232
196
-195
113
-259
-153
30
-294
508
-146
-5
429
-203
-132
269
-321
-168
422
-632
767
-341
169
388
-286
72
-9
-424
19
8
-370
701
-369
333
210
-317
135
-262
-220
19
-72
54
313
8
-33
451
-531
128
-38
-480
516
-128
9
736
-551
427
-40
-524
50
-359
34
-86
275
70
356
-196
234
-137
-374
121
-314
169
-18
91
155
154
-429
598
-634
-55
215
-553
460
-67
232
290
5
63
63
-514
-30
-38
-253
405
229
0
288
-142
-351
-112
-305
-361
644
-528
728
154
-277
455
-507
92
-304
120
-12
158
142
343
-148
35
-88
-246
-301
54
-32
5
488
-206
516
-410
-57
110
-480
300
80
-3
319
-23
-232
216
-469
-40
313
-494
406
-33
-61
12
200
-334
497
-178
-9
507
-653
283
-43
-397
190
-4
-104
264
-198
123
-152
-209
48
64
-10
182
370
-296
325
-276
-320
201
-437
347
184
-88
448
-206
-94
-61
-355
-101
47
-79
378
-18
108
94
-279
-150
-108
-215
-33
514
-116
647
-44
-42
-33
-560
-134
-106
-185
379
473
-55
393
-184
-262
-197
-190
-46
77
189
236
215
-157
-43
-206
-208
-221
6
118
-31
274
260
33
-83
93
-212
-61
-161
154
82
-113
436
51
-52
-34
179
-392
-7
19
-213
23
5
173
-1
23
-74
86
-201
-248
216
-218
118
206
276
-71
133
-12
-181
-201
-157
61
-62
199
239
195
-45
-107
-52
-353
-237
162
-73
196
306
80
53
-157
-201
-89
-144
-192
389
-169
75
262
-213
91
-177
133
-29
1
45
117
2
-97
314
-265
41
6
-85
-31
-123
59
-103
40
-29
221
-66
89
211
-179
54
-272
22
-58
-28
336
141
10
119
-13
-480
29
-300
114
193
75
336
41
-245
24
-312
-251
38
167
145
241
257
-147
-82
-257
-184
-111
17
251
315
114
137
-135
-213
-273
-170
125
-113
292
172
-59
-1
-218
-111
-106
38
69
199
-100
57
37
-232
-2
83
9
23
217
-141
-26
-60
-19
42
-41
227
130
-84
114
-21
-345
-26
-116
-117
108
91
153
95
-29
-24
-93
-354
192
-20
19
405
-3
172
-131
-174
2
-361
73
194
73
197
219
-5
-173
-113
-206
-144
-101
92
221
89
104
132
-112
-216
-44
-179
-20
-6
257
117
37
129
-75
-165
-136
-8
-45
30
168
125
25
-62
73
-133
-149
79
-132
-45
-10
-74
-48
4
98
-28
286
-64
76
96
-205
61
-80
77
2
112
120
-144
37
-180
-99
-164
63
-19
84
186
46
135
-88
89
-151
-22
-42
-6
-85
96
-120
-29
-13
-168
197
-88
279
171
95
70
55
-212
-35
-120
0
66
22
126
-86
-150
-105
-166
-115
27
70
157
76
81
-11
-88
-107
31
-25
21
117
56
-56
39
-103
8
-26
31
78
-18
-35
-33
-17
-105
76
87
-23
104
-29
-91
-99
-131
-17
19
47
88
121
-85
-4
-99
-125
-44
82
149
140
117
107
-64
-171
-18
-224
42
71
135
177
-24
27
-82
-238
-103
5
-20
157
214
52
49
-134
-99
-170
-118
79
-19
177
64
101
21
-90
9
-80
-48
6
19
10
70
123
18
-19
-14
-63
-164
10
-71
12
73
40
131
-93
82
-85
74
-82
49
60
-127
118
-138
19
-75
-91
129
-37
-39
194
-91
-51
66
-7
-48
88
132
66
73
-74
2
-225
-133
22
-51
122
130
110
-32
-103
-218
-79
-142
126
134
236
80
23
-63
-203
-134
-72
97
28
172
84
-84
-78
-108
-84
27
34
171
145
14
62
-66
-209
-35
-57
-22
107
5
110
0
-116
-64
-96
-102
42
114
19
112
67
-12
13
-37
-14
51
3
97
-20
27
-43
-33
60
-188
151
-85
-37
68
-72
-29
20
-8
25
39
10
25
-19
-21
18
-128
23
-13
-87
93
-9
39
61
72
1
80
-89
25
-35
-90
51
-25
4
34
4
-21
-83
-75
-49
-81
71
36
63
101
-4
16
-82
-41
-40
-2
71
3
115
-48
34
-15
-40
19
-1
58
16
64
-30
18
-37
-37
-12
2
-50
45
-7
-56
44
-58
24
26
27
96
-18
34
18
-117
34
-15
-1
96
28
38
-4
-83
-22
-128
3
43
17
85
61
-72
11
-81
-124
20
-75
69
20
46
33
12
11
-17
-22
-27
-13
-47
41
-11
30
35
8
26
-81
22
-47
-92
40
-30
-28
46
14
-11
61
-39
16
-7
-68
25
26
-6
86
56
16
8
-28
0
-74
36
21
42
11
21
-33
-29
-42
28
28
-27
87
-19
-70
-21
-59
-29
38
42
71
19
-11
42
-109
41
-33
5
112
-52
105
-30
-59
70
-93
-1
5
-54
36
0
-58
93
-56
-13
34
-138
-11
-60
-52
77
23
81
140
-54
35
-12
-170
32
-6
-21
163
-9
58
7
-124
-3
-104
-35
105
35
72
64
-7
-73
-57
-68
-5
27
35
134
-43
21
-29
-100
26
-28
110
3
46
16
-54
-54
-61
48
13
78
64
31
-77
-40
-64
-55
10
65
69
16
4
-39
-158
-66
-19
-21
117
98
68
80
-38
-81
-44
-140
26
29
39
102
54
-20
-25
-101
-59
-77
-9
58
32
83
20
-14
-14
-26
-51
41
-40
49
48
-21
46
8
-2
14
-5
-3
-23
-27
-22
30
-29
43
24
-2
40
-14
13
-19
-6
36
-8
13
-32
6
-35
-42
-19
2
-66
36
23
-25
43
11
42
-9
31
16
-45
22
18
-5
18
-33
22
-59
-59
-50
-41
-29
-5
69
6
68
-3
19
-20
-73
23
-25
-2
60
8
-16
1
-85
3
-37
-12
82
6
91
-6
26
-2
-39
17
27
-1
30
54
-30
11
-51
-17
-35
-29
24
28
-28
36
-37
-21
-12
-6
18
100
19
67
45
-101
19
-90
32
-32
74
63
17
17
-65
-40
-89
9
29
22
62
48
-26
-28
-70
-59
-27
-1
43
11
19
-3
-42
-6
-59
19
6
57
31
24
22
-45
8
-47
20
47
6
57
3
-58
-44
-47
-85
54
28
53
82
-51
1
-69
-96
2
-16
27
95
16
31
-13
-47
-2
-5
29
39
70
3
39
-47
-29
-78
-7
-10
1
27
-11
29
-39
-20
-32
-19
4
36
12
51
-6
-2
-4
-25
-50
12
-17
-26
41
-16
22
-5
49
4
17
2
-15
2
-10
-2
17
1
-9
12
-45
-47
-13
-14
-3
36
0
42
6
-16
44
-5
-23
73
-44
29
-1
-28
23
-10
25
20
-1
7
-14
-15
-30
-17
2
11
8
35
-18
-6
-21
-26
10
-3
52
20
48
-6
-7
-58
-53
-14
-4
9
43
35
14
-2
-22
-33
-29
23
20
7
30
3
-43
-14
-21
-33
12
19
40
16
13
3
-9
-39
13
-5
-39
72
-19
30
8
-12
-4
-27
-1
-8
17
-13
36
-15
8
-8
-9
12
-18
17
-10
-11
-34
8
-10
14
24
30
20
-19
24
-17
-39
20
5
-3
16
-30
-19
-39
-41
-6
-33
12
12
34
-5
9
5
-14
-5
-26
21
-37
27
21
-5
18
-18
10
-61
-15
9
-25
55
34
34
13
1
-40
-35
-13
-35
50
10
25
29
-4
-27
-23
-8
-20
24
25
32
22
16
6
-1
-3
7
15
2
26
-1
5
-1
-14
7
5
-4
23
-15
6
-14
-23
7
-1
0
49
29
-12
23
-59
-30
-50
-36
29
3
56
53
2
-12
-44
-54
-40
-3
11
77
20
43
9
-62
-58
-65
-41
-14
33
41
58
15
-1
-1
-74
-27
-11
-3
21
32
35
-18
-2
-16
-36
-24
-4
13
-6
12
22
-15
24
9
25
33
-5
32
-6
-20
-20
-1
-40
21
-4
15
-5
-4
8
-4
-21
20
11
-4
45
3
-1
22
-34
-5
-8
-52
46
-29
32
23
-11
12
-23
-4
0
4
33
27
21
3
-21
-40
-47
-6
-34
18
28
23
12
0
-20
-30
-40
12
-5
15
40
22
3
-6
-4
-50
0
-15
14
24
11
24
4
-6
-14
-10
-22
16
1
8
23
-28
6
-18
-27
-2
-16
5
6
6
12
-11
13
3
20
-8
30
-11
5
15
-36
18
-24
5
19
-3
21
11
-9
16
-9
-21
28
-25
25
7
-8
11
-26
-13
8
-18
-5
25
-9
21
-11
-8
-16
-22
15
10
13
45
40
-2
13
-20
-30
5
-10
35
15
6
-2
-19
-74
-11
-17
-22
51
17
18
-8
-26
-32
-36
-14
10
29
4
22
-4
-22
-25
-11
0
3
52
1
11
1
-16
-18
-17
-3
2
34
-8
12
-9
-48
-11
-25
-12
10
27
13
6
-18
-30
-34
-25
17
25
33
46
27
-9
4
-28
8
19
37
45
34
22