7
3
-5
-3
-6
-8
-8
-7
0
1
10
12
4
11
11
6
10
8
5
7
8
9
7
-2
2
-2
-7
-4
-4
-1
2
0
-2
0
4
0
10
12
2
12
5
-5
0
-1
2
-2
-2
0
-4
-1
-2
-3
-2
-10
-5
-2
-3
-5
-7
-4
-8
-6
-7
-7
1
-3
-4
-3
1
-3
-2
-1
-11
-8
-6
-11
-12
-3
-3
-8
0
0
-3
2
3
0
4
2
-3
0
5
1
7
2
1
3
-4
-7
-10
-11
-13
-7
-2
1
9
9
16
17
12
7
5
8
1
1
2
-1
1
0
-2
-2
-2
6
2
-3
9
-1
3
2
2
4
3
3
-2
2
-1
4
-1
-6
-10
-9
-14
-12
-11
-7
1
1
2
3
3
-5
-6
-2
1
-3
-3
2
-1
3
-1
-8
-5
-2
-10
-15
-11
-13
-8
-9
-12
-1
-2
5
10
8
4
2
3
-7
-1
-6
-8
5
-8
2
2
-6
5
6
3
2
3
-3
4
8
6
12
19
18
23
19
7
4
-2
1
-5
-4
-3
0
-1
0
4
5
13
9
13
15
12
11
16
8
12
10
6
7
9
12
-1
3
-6
-3
-1
1
6
1
4
11
9
15
16
16
10
8
-1
-3
-10
-9
-6
-7
-13
-11
0
-3
-4
2
0
-2
3
-4
5
-1
8
3
12
9
3
11
4
2
-5
-10
-12
-12
-9
-8
-13
-5
-3
1
-6
8
2
8
5
5
4
0
-2
-6
0
-2
-2
-2
-2
-13
-5
-8
-10
-4
-3
-7
7
8
7
7
13
10
10
5
2
2
8
-7
-3
-14
-7
-14
-18
-9
-20
-1
-14
-11
2
-2
5
7
6
10
2
13
0
-1
-1
-14
-1
-15
-12
-18
-13
-11
-15
-6
-4
-2
12
4
11
4
9
2
5
-2
13
-4
4
-1
-13
1
-24
2
-18
-3
-5
-9
4
-7
12
1
17
13
14
20
9
14
3
2
5
2
-3
-1
7
-14
9
-12
4
4
-6
13
-2
29
-7
16
5
6
4
5
10
7
3
15
2
0
5
-8
8
-20
7
-22
5
-12
4
5
-6
27
-7
29
-10
30
-21
29
-26
12
-10
-7
-3
-17
9
-33
11
-26
4
-14
6
-19
7
-11
16
2
-1
14
-15
23
-18
17
-20
4
-9
-16
-3
-8
-5
-6
1
-12
9
-19
9
-24
22
-22
16
-5
8
16
-4
18
-16
12
-24
14
-27
9
-10
-4
7
-13
18
-15
23
-15
34
-18
22
3
2
16
2
11
-4
13
-3
15
-4
7
-1
3
-2
6
-11
0
6
-15
16
-16
21
-6
20
7
4
12
-1
5
-4
-7
-8
3
-10
8
-19
1
-11
-7
-13
-6
-4
-13
11
-14
13
-13
11
-3
6
-3
1
-10
-7
-10
-17
-3
-27
-6
-29
-9
-12
-5
6
-14
4
-8
-5
-9
2
-10
14
-20
10
-18
-8
6
-27
21
-33
15
-36
15
-17
-1
5
-4
8
-2
16
-3
24
1
22
-1
10
-2
11
9
0
20
-17
11
-12
4
-5
7
-1
8
2
10
9
4
20
7
15
0
16
-11
21
-9
10
-8
4
9
-15
6
-16
1
3
3
-11
17
-9
12
2
1
10
2
7
-13
20
-27
19
-32
6
-21
-12
-22
-2
-23
12
-17
4
10
-22
21
-14
16
-9
-1
4
-13
10
-14
11
-16
8
-32
20
-27
14
-17
16
-7
5
16
0
15
0
14
-11
23
-3
1
6
-9
15
-21
23
-16
19
-6
11
19
2
16
13
21
-1
22
-5
33
-19
43
-21
34
1
3
14
-4
16
-18
36
-30
34
-18
39
-29
36
-34
11
6
-28
34
-39
48
-52
50
-50
31
-31
-5
-5
-21
8
-7
8
-7
8
-20
20
-32
19
-31
11
-21
0
-6
-8
2
-11
-9
-9
3
-29
12
-19
-2
-17
2
-22
-9
-18
-10
10
-32
15
-16
7
-14
11
-22
10
-21
6
-14
1
3
-15
13
-17
6
1
-1
15
-11
24
-25
40
-21
30
-15
7
3
-2
-2
6
-9
-4
9
-12
14
-24
38
-30
31
-21
3
-1
-12
9
-9
12
-17
25
-23
21
-22
25
-25
23
-19
9
-11
-6
9
-28
23
-33
27
-17
20
-1
7
9
-14
14
-16
17
-26
8
-13
-6
-8
1
-11
3
-4
-2
5
-9
9
-5
13
-10
10
-8
8
-15
12
-5
3
11
-19
34
-34
48
-28
40
-24
29
-2
-4
27
-15
35
-17
35
-3
26
11
15
11
16
4
14
0
8
5
5
5
2
10
-1
13
12
11
20
9
18
5
19
6
2
10
-15
15
-7
15
-7
9
8
6
7
11
5
14
5
5
3
5
-2
-2
13
-17
31
-22
27
-20
19
-21
6
-9
-17
-5
-30
12
-27
11
-22
6
-18
6
-13
1
-6
-17
5
-23
7
-32
3
-23
-18
-6
-38
2
-39
18
-37
42
-54
56
-62
55
-41
25
-19
-14
10
-46
31
-46
27
-27
10
-10
-2
-3
3
-18
12
-11
4
-6
0
4
-4
16
-12
14
-2
-2
7
-16
1
-2
-28
33
-58
61
-60
60
-60
61
-49
38
-17
-2
17
-32
40
-55
53
-66
63
-68
58
-40
26
-11
3
1
-9
14
-20
20
-34
29
-39
27
-19
0
14
-38
54
-66
68
-56
40
-4
-16
40
-58
43
-43
15
-1
-30
22
-35
24
-9
-2
17
-11
18
-4
13
6
-4
24
-15
19
3
-4
24
-17
28
-15
24
-12
12
14
-2
21
-2
30
-7
27
-9
33
-13
27
-11
20
-5
14
11
-10
29
-37
60
-50
78
-75
79
-71
46
-26
-5
37
-58
90
-83
104
-85
89
-67
68
-34
17
12
-24
54
-75
97
-115
118
-122
101
-72
23
7
-42
85
-97
128
-114
116
-69
37
2
-23
51
-81
82
-101
80
-96
56
-68
41
-34
7
31
-48
78
-93
116
-104
105
-90
69
-42
14
9
-38
42
-45
36
-46
29
-47
49
-50
54
-49
48
-33
24
-6
-3
26
-14
1
19
-41
55
-59
50
-35
-8
40
-89
104
-121
126
-114
103
-78
57
-25
-8
48
-71
115
-136
160
-145
115
-74
11
38
-106
127
-148
131
-120
83
-53
19
-2
-30
33
-41
32
-41
53
-64
56
-65
60
-66
60
-75
54
-67
41
-37
16
-5
-25
51
-76
84
-93
96
-96
105
-104
84
-59
-2
32
-72
84
-100
118
-126
100
-68
29
5
-39
57
-88
110
-119
97
-62
18
28
-80
126
-135
137
-93
62
-3
-16
33
-18
-14
74
-103
147
-139
121
-60
-11
106
-178
237
-250
264
-225
195
-138
67
17
-101
170
-229
267
-277
273
-249
200
-143
71
2
-67
132
-176
210
-213
185
-152
98
-57
11
20
-46
85
-105
149
-151
155
-121
93
-41
3
42
-61
74
-78
70
-72
65
-89
115
-155
197
-236
245
-238
194
-115
17
105
-181
244
-248
250
-203
170
-135
81
-27
-34
82
-127
140
-128
110
-49
13
47
-73
150
-162
201
-189
159
-92
7
85
-182
221
-252
216
-170
93
-24
-41
87
-120
116
-94
50
-4
-60
109
-152
135
-105
52
-10
-32
60
-87
120
-155
164
-135
62
15
-125
184
-224
202
-157
79
2
-79
129
-125
98
-50
-21
77
-148
154
-171
131
-101
37
6
-54
64
-78
64
-81
88
-109
134
-127
103
-88
48
-24
-1
31
-58
92
-106
123
-120
87
-59
1
17
-39
-3
24
-79
118
-153
167
-186
194
-220
231
-227
212
-199
150
-116
23
31
-100
99
-98
61
-18
-17
66
-62
18
76
-176
242
-231
163
-51
-59
168
-231
250
-204
134
-68
65
-65
101
-120
129
-119
90
-34
-79
211
-316
400
-416
356
-194
3
229
-408
528
-515
427
-286
142
-17
-84
148
-119
56
62
-152
286
-377
453
-436
342
-179
20
134
-220
309
-358
411
-385
329
-223
65
154
-369
526
-547
432
-224
-40
233
-336
333
-249
118
29
-136
160
-132
75
4
-64
112
-124
98
-33
-52
62
-19
-145
320
-472
517
-414
214
59
-302
495
-552
503
-405
294
-234
200
-177
150
-124
90
-44
10
-36
119
-220
270
-272
175
-16
-129
193
-170
120
-101
180
-247
322
-273
152
24
-155
189
-156
80
52
-172
292
-328
357
-352
397
-421
407
-291
145
-1
-60
2
123
-206
255
-171
-6
196
-337
371
-307
176
-177
231
-377
461
-491
407
-247
55
132
-233
250
-166
4
91
-73
-84
168
-165
-28
239
-447
537
-562
534
-487
384
-241
21
174
-417
643
-874
904
-835
502
-64
-430
767
-924
902
-779
531
-268
-116
424
-792
1011
-1123
922
-533
47
342
-515
577
-531
546
-455
350
-127
-19
235
-372
530
-594
473
-185
-293
750
-1076
1073
-833
414
40
-422
695
-893
892
-866
634
-510
174
6
-277
202
-166
173
-111
243
-223
273
-196
105
-13
-167
282
-326
190
72
-124
247
-82
119
100
-67
202
-260
147
-10
-298
261
-217
-37
110
-62
-112
244
-348
280
-132
34
-206
249
-452
303
-117
-211
427
-421
263
35
48
-4
173
-106
167
-8
189
-157
305
-188
318
-304
397
-190
109
229
-229
374
-240
221
-139
257
-383
470
-452
228
-109
-146
178
-336
366
-302
170
9
-141
182
-177
159
-109
10
54
-140
298
-478
498
-298
98
141
-185
205
-93
15
40
-71
139
-307
349
-546
565
-510
271
-209
-78
121
-296
226
-342
335
-777
708
-793
407
-269
-41
170
-462
418
-377
143
-132
145
-187
124
32
-307
384
-313
156
134
-194
358
-234
258
-105
135
66
97
-1
-208
619
-782
550
-107
-32
116
-255
305
-302
137
-114
-95
115
-374
350
-385
256
-276
24
82
-301
135
33
-39
-126
186
15
-142
206
-60
137
-76
73
255
-272
197
-84
132
-79
219
-46
137
-74
-66
194
-163
104
-115
39
-75
-109
-89
-44
60
-269
408
-338
98
86
-347
319
-243
102
17
14
61
-3
259
-153
211
-43
-15
233
-79
112
97
-162
44
68
43
-39
59
-88
-101
58
-123
126
-214
-91
-58
-15
25
-250
157
-192
-15
12
57
-118
92
5
43
207
-107
235
39
148
206
48
100
3
60
180
66
87
127
-5
10
-51
20
-160
-102
-70
-214
-61
-276
-2
-257
10
-260
2
-214
-118
52
-126
134
-132
123
-70
285
92
392
248
80
349
270
217
538
366
343
319
221
290
148
42
86
82
-260
-117
-480
-367
-377
-501
-484
-582
-794
-706
-636
-885
-556
-651
-754
-452
-496
-193
-106
-129
174
238
305
535
480
745
703
938
886
1066
1113
1221
1131
1258
1204
1075
1095
75
-110
7
754
416
120
-405
-729
-820
-1029
-531
-537
-1243
-1897
-1535
-1114
-1172
-1612
-1429
-1282
-795
-1079
-777
-650
-818
-275
57
697
370
184
196
810
917
804
1099
1241
1249
969
1032
917
747
841
1022
1169
1150
695
1091
1178
1586
272
-1057
-1231
525
1260
129
-608
-1325
-895
-1349
-99
392
-474
-2654
-2743
-995
-536
-1088
-2068
-1051
-817
-294
-608
-282
-647
-423
301
1096
1465
406
-249
-75
1338
1075
1067
514
973
455
84
421
503
162
-616
223
199
-113
-934
-159
317
630
441
956
1267
1149
388
-754
-612
818
2470
1389
180
-578
-299
-500
416
1353
858
-1959
-3019
-1282
-419
-978
-2228
-1286
-788
-936
-1269
-1180
-1184
-1103
-273
933
1318
-58
-860
-1151
456
903
1310
800
674
349
-320
260
903
1233
413
295
279
126
-789
152
956
1498
906
1129
1386
1743
1046
-904
-487
435
3210
1740
81
-1315
-919
-670
123
1915
930
-2013
-4533
-2345
-35
-462
-2319
-1904
-989
-1030
-1732
-1265
-716
-865
-326
1069
1761
629
-1044
-854
899
1414
1357
812
1038
423
-408
188
1110
1267
188
38
-110
-364
-1041
-170
798
1027
562
324
1036
1304
1500
-621
-1038
-172
3033
2735
254
-1249
-1035
-141
187
2164
1743
-1399
-5042
-2765
633
819
-1986
-2632
-1527
-1392
-1596
-1462
-403
-977
-648
430
1538
536
-978
-1151
826
2389
1363
-224
-433
1021
630
526
1174
1509
-288
-983
742
1099
-692
-1436
937
1361
337
-670
1155
1663
1651
1270
-392
-1461
-471
3697
3009
273
-2072
-896
-308
778
2481
1085
-3494
-5753
-1538
1749
283
-3211
-2700
-2118
-1871
-1895
-276
-359
-1238
-802
854
1689
-4
-543
-436
1941
2039
1363
-285
248
1150
1031
1358
1571
1096
-968
-595
909
1100
-890
-808
360
618
-364
136
1345
1239
1181
-329
-1304
-1461
1893
3632
1371
-1572
-1702
-466
17
1961
2252
-567
-5352
-3891
833
2184
-1212
-2994
-1830
-1598
-1617
-912
611
-286
-922
-175
1593
1049
-145
-521
961
2066
1105
87
-523
1072
905
868
725
665
-830
-1399
110
1154
-139
-1653
-732
20
105
-216
1219
1255
1283
988
-483
-1373
-180
3865
3719
531
-1771
-744
376
1262
3211
2190
-2309
-5707
-2062
2381
1709
-2281
-3364
-2483
-2085
-1628
-139
391
-1403
-2190
-730
1086
532
-556
-568
1079
713
-81
-500
611
1329
715
642
604
302
-652
452
1592
1148
-804
-779
288
871
1070
1235
1469
907
1472
722
-731
-981
2123
4287
1248
-1580
-1845
117
426
1796
2420
-663
-5658
-5006
599
2859
-650
-4157
-3530
-2647
-1614
-479
919
-632
-2357
-2148
730
2006
922
-511
-200
902
701
626
751
1880
749
128
383
1302
482
-24
724
1174
-112
-1172
-205
331
514
282
920
506
771
1574
43
-1671
-1003
3247
3157
-25
-1772
-549
251
444
2528
2243
-2054
-5890
-2212
2761
2532
-2232
-3913
-2814
-1469
-529
473
487
-1702
-2882
-1321
1824
2001
-146
-1785
-371
755
578
257
1242
1145
-525
-543
1008
1543
-24
-135
634
377
-438
-39
671
159
-30
670
1165
1132
2059
909
-1536
-1830
2137
4326
1120
-1380
-1102
251
29
2171
2975
-321
-5349
-3831
1594
2982
-726
-3623
-3036
-2203
-627
222
697
-1493
-2842
-2084
885
2241
743
-1445
-1254
325
702
820
1030
1177
-580
-844
664
1767
624
-202
173
126
-313
335
934
-190
-757
39
1207
985
1334
1871
-268
-2199
-790
3417
3466
327
-1256
-895
-93
907
3334
2443
-1649
-4751
-1962
2144
2433
-867
-2997
-2980
-1683
-108
627
177
-1890
-3017
-1874
1254
1984
178
-2231
-1635
-412
776
1014
1022
-63
-1535
-743
942
1866
504
-308
-573
-85
167
987
310
-296
-339
587
1128
850
946
1070
815
-403
-102
1130
2401
1362
193
-516
-28
826
1913
2081
97
-2295
-2393
334
2186
778
-1743
-2806
-2155
-741
182
713
-942
-2588
-2873
-265
1471
610
-1366
-2026
-1245
-372
876
1139
189
-1585
-1660
99
1886
1779
267
-1326
-1122
231
1466
777
-43
-341
-80
151
649
1016
160
-4
609
1702
535
-673
-537
1272
1847
1270
545
-275
-254
413
1896
1558
151
-1176
-857
322
739
204
-955
-1460
-1024
-217
42
-462
-1018
-1449
-1134
-297
215
-210
-931
-1097
-700
21
439
8
-656
-458
488
787
412
137
-31
-430
-450
464
903
91
-1017
-693
-104
149
218
164
-340
-688
-416
236
742
604
649
20
-335
-82
841
1470
988
794
201
42
344
1151
1242
508
-136
-182
156
310
394
56
-315
-740
-299
-33
165
-299
-710
-750
-321
120
-210
-378
-274
-318
-586
-80
454
393
-861
-1027
-242
335
67
-518
-555
-712
-408
-21
216
-425
-1072
-1088
-387
379
502
-105
-645
-717
-313
576
950
783
197
-255
104
790
1105
838
410
75
188
582
1006
863
502
20
-21
427
862
737
16
-343
-179
245
271
103
78
-82
-434
-163
435
580
-110
-866
-676
-43
275
-22
-348
-622
-559
-314
59
-6
-385
-781
-826
-303
32
138
-434
-691
-850
-509
-7
87
-32
-579
-691
-574
154
463
242
-429
-699
-319
271
600
621
428
-264
-468
187
1136
1026
165
-335
98
602
718
600
650
344
20
420
1091
1189
273
-205
94
633
509
196
75
-13
-15
-66
57
-180
-295
-307
-339
-392
-535
-410
-625
-670
-609
-398
-300
-473
-497
-462
-327
-241
-58
-38
-181
-355
-389
-240
56
101
38
-90
-284
-451
-234
321
343
-33
-349
-134
139
215
340
360
249
59
304
705
616
182
71
344
552
304
235
204
334
216
163
198
81
152
114
174
-143
-78
-91
0
-136
-254
-3
49
-45
-297
-172
-52
-37
-95
-19
-263
-486
-379
41
140
-50
-152
-240
-318
-210
87
157
-178
-540
-395
-70
134
-26
-202
-252
-215
100
159
301
52
-207
-60
306
662
249
60
9
344
413
415
303
233
284
223
106
-149
119
128
-169
-463
-243
13
-97
-169
-108
-165
-366
-362
72
234
-143
-361
-189
161
185
132
14
-122
-104
-39
210
177
-179
-384
-145
222
161
-189
-347
-193
32
151
211
180
-259
-273
49
547
416
89
-16
50
178
366
384
152
94
205
326
35
84
82
38
-271
-219
86
5
-113
-69
29
-226
-376
-271
-12
-36
-219
-331
-295
-193
-74
16
-86
-224
-370
-283
13
102
-191
-400
-211
6
-53
-149
63
69
-27
20
246
241
-52
-79
173
396
287
270
151
106
131
363
514
434
350
99
-49
72
431
401
117
-282
-224
-84
187
305
178
-205
-354
-159
68
227
42
-204
-513
-247
48
220
-73
-261
-418
-372
-177
-15
-22
-431
-507
-285
-107
-326
-367
-371
-253
-237
-70
-12
-201
-365
-220
57
199
192
95
111
82
278
278
435
461
501
256
148
370
476
431
198
241
254
255
288
386
309
89
38
82
185
254
274
108
-108
-82
5
63
139
66
-196
-344
-208
-24
-158
-258
-252
-250
-435
-435
-192
-298
-363
-344
-195
-311
-514
-319
-180
-182
-253
-60
-31
-188
-181
-15
27
-63
-36
39
-64
-141
-37
29
-7
-116
-29
59
54
37
86
70
101
170
165
251
275
336
200
295
368
477
484
471
490
359
355
362
348
252
249
290
179
-45
-83
21
110
130
58
-198
-439
-279
-5
23
-199
-347
-315
-284
-278
-111
-151
-360
-413
-247
-112
-304
-402
-464
-412
-385
-380
-340
-405
-417
-345
-183
-172
-180
-201
-215
-61
185
192
75
106
231
374
379
453
451
372
394
462
487
417
401
432
323
221
268
332
396
397
330
-13
-191
15
326
329
-11
-127
-114
-29
47
205
116
-231
-370
-168
80
-6
-236
-457
-417
-377
-279
-250
-327
-407
-539
-440
-321
-256
-455
-473
-271
-134
-217
-298
-170
-143
-160
32
260
170
-70
-98
106
177
199
256
287
109
131
204
302
360
401
381
136
176
316
467
354
277
303
340
318
360
388
287
108
101
222
245
105
-64
-84
-119
-132
-168
-138
-208
-273
-344
-324
-329
-368
-345
-325
-247
-404
-393
-304
-201
-256
-333
-180
-70
-99
-219
-219
-201
-118
-33
90
-3
-136
-168
-71
127
194
162
-84
-202
-5
265
236
83
17
89
196
268
387
285
125
159
302
457
338
115
13
55
294
269
184
-74
-87
-2
163
330
190
-46
-267
-161
-22
-32
-143
-167
-180
-150
58
178
93
-163
-204
-145
-126
-108
-155
-231
-351
-162
-29
-2
-183
-159
-168
-269
-299
-153
-35
-138
-57
74
213
137
123
109
99
7
122
185
246
192
177
185
192
208
178
188
75
7
-154
-109
-33
79
56
6
-28
-16
12
69
68
-74
-146
-84
47
49
-52
-107
-103
-22
22
-4
-173
-243
-172
-81
-44
-119
-113
-270
-229
-65
114
19
-183
-130
18
172
130
132
46
-19
29
202
323
199
-13
-22
108
238
197
99
52
50
76
87
123
70
50
28
23
23
4
26
47
85
1
10
16
27
31
-18
-29
-73
-59
-95
-118
-177
-155
-57
6
-105
-170
-203
-252
-237
-132
-15
-127
-265
-207
-93
-60
-64
3
88
-64
-51
61
214
107
-37
5
91
178
116
119
73
74
61
148
222
143
57
-14
9
52
128
136
120
34
-28
41
104
146
117
5
-31
-41
26
34
-25
-76
-82
-25
-42
-55
-90
-150
-207
-170
-92
-99
-219
-162
-84
-43
-111
-114
-14
-25
-68
-71
37
26
-25
-12
131
145
58
-31
11
48
13
-3
5
54
16
4
30
30
17
54
97
141
8
-51
-5
136
171
112
71
49
85
74
101
104
82
54
67
57
39
10
20
-18
9
25
-63
-129
-117
-8
-32
-86
-109
-44
-54
-67
-32
-52
-98
-165
-116
-43
13
-48
-108
-111
-71
-15
-25
-45
-50
-68
-88
-82
-51
-24
-28
-34
-73
-128
-72
8
70
19
-6
-17
56
93
154
132
55
63
111
217
157
162
87
105
90
187
204
97
7
10
125
88
54
0
26
-8
44
76
64
-64
-129
-71
37
33
-55
-107
-109
-78
-68
-14
-70
-113
-164
-149
-137
-135
-89
-63
-90
-158
-154
-113
-55
-25
1
-71
-118
-121
5
85
59
14
-18
25
43
98
103
54
-11
51
201
202
71
-2
93
139
124
92
99
61
-27
81
190
188
14
-27
45
94
100
34
9
-76
-53
4
58
45
-63
-140
-192
-134
-34
-45
-111
-223
-242
-204
-106
-25
-74
-113
-186
-136
-103
-50
-12
-10
-11
-16
2
-21
-3
18
53
29
67
91
-9
-47
17
131
83
8
44
62
23
33
153
175
90
61
140
156
93
54
76
73
76
111
111
93
61
55
13
-33
-16
-11
-27
-38
-88
-106
-126
-52
-4
-50
-56
-75
-45
-43
-20
-24
-34
-55
-52
-61
-78
-44
-19
-44
-69
-9
-1
-63
-86
-24
-5
-89
-153
-54
-34
-43
-14
71
54
-35
-24
36
63
7
6
34
42
43
80
95
114
56
20
12
27
61
22
52
34
26
17
76
122
48
-10
-37
35
10
22
41
49
26
46
51
1
-21
-32
-12
-53
-38
-17
-22
-65
-49
7
-9
-76
-46
-19
-24
-77
-56
-17
-42
-36
-29
-3
-52
-33
-1
39
-17
-11
-38
-17
8
11
-3
-29
0
16
18
-9
-41
-64
-36
-4
33
-27
-30
-9
20
-1
-25
15
20
32
44
18
-6
-3
41
75
64
63
63
65
52
68
56
12
10
43
47
36
32
37
18
6
10
8
-27
-40
-37
0
9
-36
-72
-98
-38
-8
-28
-100
-106
-80
-47
-9
-21
-61
-93
-39
41
41
-7
-47
-24
15
32
67
64
16
43
47
40
11
27
54
39
34
58
34
-10
10
63
82
6
-8
-4
18
-5
21
33
28
22
1
-20
-38
-38
-17
-1
-30
-36
-95
-74
-51
-9
-39
-103
-99
-60
-5
2
-5
-62
-62
-34
18
16
21
-19
-44
-48
6
88
82
63
25
10
-10
39
74
53
-31
-23
3
13
12
46
74
20
21
35
76
39
15
33
41
76
61
42
-8
12
40
77
66
3
-54
-102
-30
17
37
-45
-114
-114
-52
16
-9
-59
-101
-55
-17
-2
-2
-33
-50
-40
15
33
0
-11
8
27
-11
10
25
2
-41
-43
15
-9
-29
-32
16
-1
-43
-17
3
17
-27
-2
20
38
31
23
16
-11
19
19
48
34
-10
-59
-61
-2
37
7
-35
-77
-66
-25
1
-24
-95
-91
-44
15
24
3
-5
-24
4
75
100
83
35
30
21
41
70
80
54
9
19
45
48
19
10
13
30
25
26
31
10
0
15
43
65
42
18
-6
6
37
39
55
-4
-31
-63
-48
-8
3
-20
-79
-87
-65
-23
-44
-62
-90
-61
-44
-15
-7
-30
-41
-58
-41
-4
30
21
-3
-33
-61
-53
-9
18
-2
-67
-84
-58
-4
-12
-4
7
-7
-15
-9
39
16
-2
-16
29
59
41
23
20
54
73
79
85
48
11
-4
42
83
56
7
-30
-10
11
53
44
-3
-51
-39
6
21
25
-2
-12
-38
-11
29
35
9
-5
-5
-8
7
19
21
3
-29
-28
4
13
-16
-31
5
12
-10
-20
0
-2
-35
-30
21
27
-10
-17
17
18
-12
-27
-20
-28
-42
-25
-8
-2
-28
-25
-26
-30
-16
-11
-23
-35
-20
-3
-17
6
32
29
-6
-27
6
23
21
17
11
2
-7
2
47
63
19
-26
-14
21
19
-3
4
32
10
-7
16
26
-4
-45
-23
15
4
-29
-23
-14
-7
-1
2
-4
-18
-18
-8
-2
-6
7
12
29
33
16
-5
-13
14
34
28
29
28
24
16
23
26
29
22
29
29
12
11
3
11
22
27
17
2
17
8
0
-12
22
22
-4
1
-2
-4
-40
-20
1
-5
-28
-28
-11
-15
-22
-16
-31
-47
-39
-41
-42
-42
-30
-48
-56
-44
-26
-21
-35
-22
-26
-31
-44
-20
-8
-19
-52
-58
-36
7
45
26
16
3
16
17
44
64
39
8
27
58
46
34
47
76
39
29
25
42
-1
14
35
45
-2
-15
15
6
2
-15
9
-24
-8
-12
1
-25
-5
27
30
10
-6
7
-5
10
14
16
-8
-3
6
35
27
9
-23
-7
38
38
20
-13
-16
-31
-27
8
13
-11
-34
-9
-4
-20
-21
4
5
-33
-17
-19
-51
-79
-38
-15
-34
-70
-64
-38
-47
-47
-34
-25
-39
-53
-40
-29
-30
-21
-19
4
-5
4
5
23
25
29
30
22
43
35
43
24
26
20
41
59
56
41
27
37
40
56
56
59
59
56
51
39
54
76
79
56
41
47
45
40
45
47
33
10
4
15
8
-23
-35
-26
-6
-19
-39
-57
-64
-43
-46
-29
-50
-89
-101
-74
-16
-21
-48
-69
-68
-43
-30
-29
-66
-93
-80
-33
-5
-22
-41
-54
-56
-27
5
-3
-26
-37
-15
2
16
33
34
24
10
18
31
26
9
8
15
14
3
-6
0
15
10
-7
2
23
18
6
3
23
40
40
52
38
21
20
50
75
55
29
19
39
53
69
51
18
-7
-3
18
44
41
4
-36
-39
-4
7
8
-11
-25
-35
-22
1
8
-11
-35
-46
-30
-19
-19
-25
-29
-20
-18
-19
-19
3
-4
-13
-26
-6
9
-5
-10
-13
-5
-14
7
11
-16
-26
-17
15
25
18
-2
0
5
13
7
-14
-26
-13
1
5
9
3
-4
-17
6
19
24
18
14
5
-3
-1
25
47
31
14
1
11
19
19
19
17
6
6
-7
2
8
10
-16
-17
2
-6
-19
-32
-24
-26
-19
-12
-14
-31
-41
-23
-13
-12
-34
-34
-29
-12
6
-5
-25
-19
14
26
33
36
30
12
16
47
50
35
23
20
15
1
7
23
13
12
7
1
1
1
-4
-5
-5
-7
-22
-29
-13
2
-7
-30
-13
-1
2
-10
-10
-10
-9
1
11
-5
-33
-22
-13
9
4
-3
-21
-27
-9
15
12
-14
-15
-11
-6
-5
-3
-23
-42
-40
-20
-10
-11
-15
-16
-10
1
12
21
20
15
6
-7
11
12
5
-12
8
12
5
31
44
57
26
32
41
55
25
12
20
11
15
7
18
-14
-12
-5
9
10
-3
9
-7
-2
-19
20
-21
-7
-42
-30
-28
-22
3
4
45
20
58
48
83
39
52
24
19
1
12
16
9
-6
-9
13
1
-1
-16
-3
-27
-5
-21
16
-56
-67
-76
-73
-37
-89
-35
-106
-22
-62
27
-18
7
-20
-17
29
-34
42
-68
8
-71
8
-41
-12
-22
-29
31
-14
71
37
58
35
19
27
18
9
-27
-18
-15
-2
-2
26
9
6
7
9
28
36
-24
40
-17
37
-36
37
-44
-6
-16
-44
61
-28
74
22
88
80
73
85
10
35
-41
9
-51
19
-52
33
-22
18
37
-25
38
-56
49
-98
64
-118
60
-87
-22
-47
-43
-27
-66
-32
-50
4
-11
32
30
44
-26
27
-32
14
-47
-23
-50
-9
5
-25
89
-28
49
-26
76
-52
107
-115
68
-44
-28
29
-91
88
-160
150
-163
130
-53
30
18
-13
69
-65
114
-97
103
-18
20
42
40
73
-27
130
-141
213
-127
155
-38
81
-33
37
-13
5
-46
11
-91
64
-89
35
-14
-32
53
-62
47
-89
49
-146
37
-56
-4
-26
4
-42
-59
63
-157
133
-132
65
-52
73
-52
69
-17
3
-17
-16
7
-73
58
-72
112
-54
56
8
-25
22
-23
32
-49
41
-21
-45
121
-123
101
-88
14
-59
65
-52
80
-41
64
-22
54
-1
-2
26
-41
27
-16
37
29
54
-14
96
-67
74
-107
129
-182
157
-128
21
27
-114
131
-157
132
-216
147
-166
86
-51
41
47
-50
131
-89
126
-148
90
-79
30
-24
41
-38
60
44
-12
38
45
-94
146
-92
97
-48
55
-43
56
-4
-13
-9
-19
-53
36
-37
42
-10
31
-22
16
-29
-13
35
-83
30
-29
-2
-82
147
-188
189
-154
100
-72
61
4
-7
63
-57
84
-92
100
-95
90
-75
136
-49
56
35
-48
22
-63
8
-127
88
-104
14
-5
18
-65
60
-132
86
-133
77
-63
77
-40
90
-28
44
-17
-34
-15
-81
57
-123
167
-124
136
-69
82
-72
44
-32
-74
10
-40
-31
61
-65
70
-92
50
-45
22
14
-6
48
-47
107
-34
52
-52
42
-76
40
-8
6
53
9
86
-51
160
-97
106
-20
1
66
-56
75
-44
19
10
-8
24
-50
86
-71
79
-19
33
-46
58
-87
-24
-23
-74
2
-65
44
-137
95
-80
31
31
-31
8
-27
-32
33
-35
0
20
-64
42
-7
42
-47
39
-9
-51
70
-50
0
8
-16
-20
31
-9
-1
-27
30
-69
30
-22
-6
28
-31
40
24
-36
74
-66
25
34
-1
1
37
0
28
-29
114
-99
104
-25
-33
73
-73
142
-145
150
-112
82
-61
20
-23
16
-50
45
-98
45
-28
-67
75
-123
120
-110
129
-80
16
20
-82
74
-89
54
-58
54
-1
28
19
38
-52
56
-59
24
9
-73
101
-68
93
-29
5
-41
-41
13
-68
18
-22
-33
40
-30
-34
47
-100
64
-127
40
-74
-10
74
-98
138
-101
68
0
-27
43
-23
2
40
-19
70
-39
75
-63
22
56
-115
151
-146
136
-91
101
-85
73
-25
-1
-15
-23
-5
-36
52
-90
123
-126
102
-33
-10
39
-16
51
-59
110
-95
87
-24
-20
73
-56
67
-67
102
-76
110
-40
24
-1
-6
27
-38
50
-84
65
-38
37
-34
39
-57
37
-86
25
-37
-17
0
5
-16
27
-23
35
-34
26
-16
3
37
-23
70
-63
93
-57
53
-24
-16
-6
-32
28
16
-25
41
-65
35
-48
13
-55
-10
-2
-26
63
-37
8
17
-13
-80
45
-97
18
-46
50
-86
110
-37
6
48
-50
12
-36
42
-10
50
-6
14
9
-1
-9
-8
-23
0
20
-25
45
18
-64
130
-191
128
-153
77
-116
87
-58
8
55
-70
49
-31
-2
-40
33
-29
48
-21
37
-38
53
-20
35
1
10
29
27
25
14
28
-64
118
-132
114
-90
64
-66
99
-56
31
5
-5
-16
11
-7
-50
57
-75
52
-76
89
-79
40
-3
-28
33
-16
16
21
-40
62
-62
10
26
-87
97
-143
130
-117
81
-29
-26
54
-46
52
-65
39
-65
-1
-25
-11
-16
-1
5
-37
49
-48
90
-120
193
-189
132
-73
15
6
-72
94
-180
147
-52
58
28
59
9
21
69
8
-45
114
-110
60
0
25
20
-9
106
-113
132
-73
61
-82
120
-138
95
-65
-5
9
-96
88
-191
125
-86
19
63
-75
114
-105
124
-87
0
41
-103
83
-68
55
-8
6
49
-75
105
-107
65
-54
-3
-10
26
-76
150
-132
119
-71
-19
84
-199
189
-200
105
-60
-69
117
-161
164
-115
61
-23
43
-13
-11
37
-78
6
18
-105
124
-46
18
106
-104
196
-78
85
-43
61
-179
201
-238
146
-59
-10
89
-205
334
-384
346
-295
213
-204
159
-112
-11
72
-137
80
-104
68
-41
35
-15
88
-53
105
-50
1
61
-105
-6
12
-62
24
50
-52
77
-23
103
-118
122
-98
79
-137
102
-66
30
9
6
-57
8
86
-151
148
-107
89
-21
-52
146
-236
222
-211
147
-137
156
-41
-60
177
-174
108
-85
54
-78
36
48
-76
90
65
-38
24
80
-161
90
-14
-119
128
-141
100
-58
5
39
-123
128
-115
96
-97
124
-114
26
70
-233
60
-63
-52
-25
129
-89
153
-45
185
-103
76
47
-224
178
-129
70
-16
16
42
-13
177
-135
219
-164
196
-104
28
-30
-35
13
-63
-76
-14
26
-38
129
-145
172
-76
78
-46
63
-167
133
-145
67
-6
23
56
-58
163
-154
264
-290
272
-204
140
-4
-80
56
-61
50
13
-58
-61
121
-170
198
-285
259
-315
217
-94
-57
37
-73
56
-147
236
-286
196
-73
74
-109
231
-226
220
-93
54
-18
9
69
-117
142
-100
76
-140
218
-180
113
-6
-79
54
-9
-4
21
-87
19
6
-81
32
-72
-19
44
40
-123
149
-166
207
-93
31
62
-146
212
-230
231
-203
153
-199
79
155
-266
402
-377
401
-303
305
-205
-5
3
10
-195
140
-34
-125
241
-87
-18
49
8
-31
24
-101
64
-141
119
-161
191
-308
378
-383
293
-71
38
8
-8
118
-162
194
-214
182
-208
198
-132
34
37
-18
80
-25
61
-91
82
-14
78
-108
10
34
-77
47
58
-259
357
-358
324
-206
181
-163
128
-23
-117
167
-273
300
-309
228
-79
-49
60
73
-154
158
-29
-125
186
-119
107
-92
-30
123
-118
75
-70
26
-99
165
-243
169
-147
-41
187
-266
228
-175
92
-77
110
-170
46
-63
-8
18
-26
45
-5
-6
144
-72
122
11
-114
186
-91
0
-1
79
-160
287
-255
180
-82
101
2
-42
94
-157
166
-105
98
-160
82
-4
-66
148
-152
98
-13
48
-32
23
66
-115
177
-125
127
-96
72
-78
115
-122
96
-162
227
-152
104
10
-71
-31
146
-246
168
-275
120
-130
64
-7
-42
82
-63
190
-323
277
-304
184
-169
11
-15
12
3
73
63
-125
217
-160
150
-71
54
-90
13
-74
68
-108
51
12
-17
137
-34
96
-86
107
-100
97
-195
45
-59
64
-8
-108
296
-319
385
-213
259
-390
477
-368
181
29
-102
63
-98
238
-348
378
-320
307
-154
63
114
-129
58
-51
72
-291
360
-480
400
-303
166
-5
-244
394
-402
425
-403
307
-243
99
-8
-130
88
-190
212
-182
106
-72
126
-129
199
-191
160
-158
69
-12
-53
-56
136
-206
178
-37
21
-6
-98
239
-238
191
-127
22
6
33
-24
-32
113
-275
462
-420
261
-58
7
-42
108
34
-179
269
-130
126
-182
290
-282
198
-71
90
-61
19
79
-47
18
11
-36
8
-49
106
-151
120
-130
84
1
-28
-88
245
-350
254
-44
-128
23
25
65
-184
229
-185
117
-61
107
-110
-14
37
-48
37
-58
86
-36
44
-22
131
-86
-100
149
-171
-83
127
-123
33
3
119
-108
125
-74
62
-2
-92
85
-90
-38
186
-228
237
-231
256
-91
-27
225
-273
293
-269
205
-116
-21
72
-69
146
-220
326
-285
172
-58
38
-174
112
-139
-1
132
-282
417
-413
348
-62
-58
69
-151
132
-176
43
73
-165
109
12
-48
16
66
-63
4
105
-178
187
-198
201
-216
180
-262
203
-96
1
51
-33
37
-51
137
-101
112
-199
268
-369
400
-465
508
-525
494
-262
68
94
-134
250
-311
436
-428
263
-98
39
-91
-16
129
-371
533
-470
374
-117
57
43
-29
32
4
-75
16
-2
-22
-122
291
-390
423
-263
57
85
-158
262
-312
274
-235
152
-80
36
-109
-27
68
-156
103
-5
-147
219
-105
-5
-9
87
-213
295
-427
497
-445
196
109
-253
197
-81
66
-136
262
-174
30
51
-32
-8
-70
68
41
-219
211
-11
-273
401
-326
252
-161
87
-51
43
-66
187
-191
32
212
-399
412
-294
119
-70
91
-80
152
-93
126
-7
43
-68
92
-226
320
-301
30
268
-419
382
-229
135
-89
65
12
-110
80
-86
60
-275
417
-352
97
130
-194
144
28
-155
267
-403
417
-364
231
-227
153
-17
-100
281
-440
541
-412
279
-36
-157
258
-244
156
-129
121
-168
174
-307
434
-522
452
-288
139
28
-139
162
-167
146
-146
182
-258
211
-158
160
-260
412
-376
289
-26
-68
111
-154
262
-387
415
-351
310
-400
584
-631
622
-372
89
149
-236
303
-420
501
-574
504
-424
180
-57
-67
175
-202
143
-17
-42
-45
315
-415
423
-354
359
-451
499
-340
60
184
-272
341
-473
697
-901
964
-756
404
-154
14
24
-26
30
-149
257
-346
254
-178
65
-16
-78
-22
168
-315
374
-394
355
-256
112
87
-407
654
-807
851
-803
740
-587
476
-232
-37
262
-400
469
-447
349
-325
303
-318
224
-99
-38
89
-150
120
70
-158
297
-374
281
-54
-232
270
-203
102
-79
116
-59
26
107
-51
-3
82
-73
65
-78
214
-171
9
134
-158
0
267
-392
425
-331
203
49
-262
412
-585
618
-590
354
-270
231
-177
98
-26
80
-117
51
151
-369
517
-619
653
-767
844
-641
235
-60
129
-280
306
-220
45
164
-310
554
-660
647
-594
600
-779
784
-648
304
14
-311
378
-326
248
-327
535
-637
605
-480
404
-569
909
-977
572
-217
91
-59
-66
425
-608
672
-497
434
-302
46
258
-490
353
-196
208
-543
896
-798
556
-134
-171
555
-886
1100
-1084
772
-551
429
-328
69
114
-191
213
-229
348
-407
495
-473
465
-358
371
-335
159
-34
-42
130
-283
214
25
-127
6
229
-491
560
-316
26
140
-272
403
-416
276
-81
-236
307
-226
80
-69
129
-39
-193
471
-476
240
42
-453
725
-917
909
-784
458
-50
-104
40
0
262
-626
921
-934
592
-242
40
44
-158
381
-783
956
-930
822
-644
409
-77
-159
503
-767
819
-691
386
-70
-131
46
7
129
-242
194
-6
-249
515
-657
692
-594
395
37
-454
636
-436
174
-225
475
-599
511
-165
-285
542
-412
226
-78
-30
97
-185
312
-546
615
-362
75
313
-748
957
-888
606
-155
-318
665
-847
870
-810
586
-283
-54
171
-170
124
-99
210
-187
138
99
-269
237
-197
70
-24
-175
394
-612
692
-651
618
-572
403
-91
-314
661
-860
770
-467
224
-31
-207
292
-399
310
-90
65
-351
871
-1017
677
-203
-142
198
-64
56
-328
569
-453
199
-19
86
-97
16
89
-184
243
-270
428
-529
490
-330
221
-152
-49
229
-138
-188
627
-873
855
-389
-213
655
-889
903
-740
500
-377
409
-401
431
-484
167
306
-698
854
-854
998
-1249
1410
-1261
632
139
-670
789
-713
463
-395
380
-361
339
-477
824
-1228
1469
-1525
1308
-804
141
371
-726
977
-1272
1385
-1353
969
-380
-341
993
-1418
1515
-1132
676
-327
45
210
-433
515
-609
752
-929
1063
-793
229
363
-620
728
-754
715
-532
147
306
-655
975
-1149
1175
-943
448
158
-621
960
-891
661
-179
-341
583
-670
588
-569
649
-679
573
-197
-103
330
-508
430
-119
-254
474
-425
246
-27
-81
126
-247
211
-177
148
-316
563
-691
584
-218
-246
517
-566
302
-38
-216
344
-374
261
-171
135
-48
-147
243
-449
699
-762
566
-263
133
-299
531
-706
348
164
-568
839
-927
914
-582
98
315
-471
341
-115
27
-70
176
-300
469
-655
660
-294
-215
661
-931
1013
-798
607
-480
397
-230
21
117
-56
-240
597
-728
574
-319
146
60
-180
248
-112
-151
166
112
-496
644
-515
399
-484
580
-445
109
166
-277
431
-525
526
-345
12
252
-428
448
-510
304
-66
-198
198
14
-24
-102
276
-308
36
70
-100
100
-183
215
-188
122
-129
200
-228
57
193
-355
349
-171
86
92
-144
-46
141
-135
-10
61
193
-284
220
150
-483
442
-227
117
-258
379
-330
268
-90
-331
850
-981
706
-292
125
-224
318
27
-621
1005
-856
515
-314
117
79
-59
63
39
26
-48
-83
438
-897
1007
-806
464
-419
448
-191
-233
631
-823
828
-929
756
-400
-202
729
-763
335
3
-123
-9
1
195
-577
831
-683
166
239
-277
-85
436
-419
116
137
-317
441
-595
593
-375
-29
337
-485
590
-792
767
-520
165
33
-101
84
-47
51
-92
260
-539
774
-747
465
-62
-168
206
-332
558
-522
74
653
-1077
1206
-755
175
312
-579
760
-733
634
-648
727
-614
278
29
-117
45
241
-322
210
78
-298
272
-12
-248
448
-377
153
108
-285
433
-622
622
-388
136
111
-247
159
56
-210
187
-137
162
-299
441
-396
17
480
-806
840
-599
193
12
-152
175
-318
479
-760
859
-809
782
-770
715
-619
269
191
-703
892
-698
461
-183
-103
143
-215
145
-156
160
3
-347
802
-1097
951
-350
-344
753
-779
661
-568
690
-950
1184
-1000
496
76
-512
551
-385
309
-423
626
-488
263
-52
38
-171
315
-321
294
-236
193
-44
-107
293
-384
389
-455
371
-130
-77
346
-349
332
-208
23
-155
330
-486
497
-172
-210
492
-498
229
9
-160
86
-7
-114
53
135
-304
252
95
-611
828
-775
422
-200
98
107
-342
588
-685
720
-844
662
-378
-72
297
-185
-14
245
-261
299
-440
446
-296
-117
415
-580
661
-503
398
-412
539
-826
890
-735
482
-36
-178
446
-694
837
-881
660
-291
61
133
16
-129
322
-380
466
-440
180
19
-136
217
-237
336
-308
251
-105
11
-185
376
-455
343
44
-365
682
-768
775
-766
602
-584
303
11
-328
626
-563
444
-218
91
-207
168
-208
118
124
-158
220
-217
-38
155
-348
296
-201
147
-20
-20
130
-469
573
-723
571
-308
-55
199
-73
114
-170
220
-42
-350
646
-582
227
106
-234
282
-254
213
-171
68
-167
277
-269
174
-42
239
-362
414
-67
-537
741
-677
405
-88
-53
202
-132
155
-122
-17
12
-145
320
-210
-42
436
-684
787
-729
487
-222
-176
641
-657
595
-449
462
-610
593
-509
131
29
1
-111
366
-392
292
-227
35
172
-499
766
-879
847
-727
569
-587
346
-169
19
337
-619
743
-644
350
82
-257
129
-78
160
-366
407
-397
31
405
-662
796
-639
198
343
-712
862
-947
807
-406
183
199
-329
313
-582
549
-447
225
158
-113
151
-53
-20
-5
-269
311
13
-32
232
-298
208
-221
111
-50
90
-204
477
-215
-202
269
-249
117
28
41
-36
-80
22
209
-382
341
-232
318
-402
522
-395
242
-248
151
185
-475
551
-327
204
-323
261
-283
-341
642
-554
658
-421
90
237
-741
720
-590
279
1
-132
561
-903
726
-598
197
211
-413
717
-791
998
-684
345
66
-518
516
-320
-31
-124
276
-408
273
74
-242
119
29
-66
82
-157
398
-622
616
-479
180
118
-442
543
-359
290
-270
316
-37
-108
627
-402
7
251
-513
590
-659
460
-13
-238
370
-258
-127
13
-6
63
74
-90
104
14
-161
-56
-1
-433
426
-370
465
-232
327
-87
286
-245
95
167
-308
400
-157
-56
161
-466
216
-54
-384
625
-537
218
-11
-56
-17
-134
215
-79
9
96
-337
-52
-60
-49
251
-381
508
-27
-131
377
-362
324
-202
267
40
-252
266
-168
-17
52
-169
123
-241
152
111
-242
382
-315
217
-150
-73
133
-336
174
104
-194
260
-178
176
-48
217
-11
-39
213
-338
570
-441
221
121
-259
215
-126
-83
-159
236
-134
254
-96
-25
74
-122
-20
-141
-31
-126
61
-7
43
136
-210
490
-500
396
-255
94
77
-100
414
-247
-11
3
-222
-137
51
-12
-128
161
297
-398
270
-324
44
-98
111
-252
165
-101
9
195
-134
143
-297
490
-513
216
253
-301
366
108
-218
-32
32
-325
196
-31
9
37
120
-123
129
-66
-140
14
-82
-18
143
-204
202
82
-274
417
-377
182
-17
46
328
-234
363
-128
9
97
-182
34
-103
45
40
37
-73
48
1
38
-178
138
-251
-91
211
-162
181
-250
361
-377
-6
84
-110
27
310
18
117
48
-130
159
-247
152
50
-116
187
-81
-45
119
-351
87
-62
-48
-123
192
-158
-104
251
-221
-23
4
-54
70
30
-102
320
-300
263
-88
-36
87
-88
260
-109
134
-92
115
-25
-31
135
-100
-13
31
-75
-13
-25
32
-67
-23
-97
53
-291
233
-85
-11
206
-39
-9
-48
146
-260
180
-16
32
152
112
-113
156
-115
32
20
-7
-18
110
42
-64
87
-256
95
-217
4
-82
147
-28
141
-47
-61
-30
-203
86
13
-102
191
-9
-32
12
54
9
-170
340
-316
405
-157
124
166
-177
158
-299
139
-326
69
33
-84
135
-68
145
-100
-60
57
-209
107
-4
49
110
-105
160
-201
42
-145
-50
-69
80
-16
105
274
-101
245
-97
-80
-116
36
-141
153
128
-56
119
-64
-121
5
-130
-73
74
-202
380
-179
29
134
-200
-106
-30
-104
-21
141
79
105
84
10
-32
92
-174
43
97
-170
195
-17
106
-87
42
6
-173
93
-81
-5
-15
143
15
104
-89
17
-126
-216
48
-87
17
171
11
33
1
-30
-45
134
-85
83
144
-211
235
82
-123
165
-65
-97
18
-1
15
4
9
36
-54
-91
51
-140
39
0
-118
10
-37
29
-46
124
-127
65
14
-5
96
-85
55
20
-88
182
-122
49
121
-188
231
-141
83
-94
129
-177
60
50
-114
91
-145
44
-212
-68
48
-47
-8
124
-80
-119
230
-124
127
117
-209
217
-143
84
68
22
76
-62
85
-239
46
61
-108
183
-30
26
-15
-15
22
-127
-44
-30
-42
91
-30
66
57
-171
118
-104
8
-62
104
-24
-5
82
7
10
-37
76
-59
65
-18
175
-36
48
13
-106
33
-81
93
-74
-74
-17
14
-83
72
-22
-45
13
-18
-29
27
104
-71
95
-42
-61
27
12
-38
124
-84
30
0
32
33
32
59
-100
48
-11
-28
17
40
-50
98
-78
-16
-39
9
-86
78
-26
-40
58
-110
46
-147
76
8
60
50
51
-23
-95
52
-52
15
40
23
-6
49
-82
79
-43
-59
70
-49
45
8
81
-32
-17
16
-155
21
-79
7
5
-55
2
-46
71
-60
132
-25
-25
100
-92
-3
20
-16
19
46
-24
-8
71
-100
112
-14
9
73
-20
6
-60
10
-36
-16
-14
81
-119
43
-39
-10
-14
60
38
-39
85
-45
22
11
-74
97
-113
20
-14
12
48
11
66
2
-35
20
-21
-8
-3
52
-27
-44
37
-129
61
-115
55
3
28
31
39
-27
-15
-31
-30
-33
-50
47
-31
5
0
8
-52
55
-60
81
-62
87
17
-26
63
-92
28
-71
-11
-39
27
-44
40
-19
44
5
50
35
-76
62
-107
21
-23
-17
102
-40
68
-73
-9
6
-53
94
-19
35
7
49
-42
-16
80
-95
95
-81
12
10
-52
120
-41
81
31
3
25
-40
-30
15
-70
0
62
-52
30
-11
-29
-41
28
-33
27
-5
15
70
-45
-1
15
-21
-25
20
0
10
24
47
0
-71
48
-70
41
-53
35
-44
-25
-13
-37
66
-77
33
8
-65
-10
36
-72
51
2
-14
13
-25
-6
38
-1
-17
43
-35
58
20
4
41
-69
28
-18
-11
-25
37
-37
-7
54
-76
14
-22
-6
-52
17
-24
38
7
-2
24
-38
-1
75
-12
72
-28
61
-48
-41
109
-93
84
-52
48
-72
53
-65
31
7
-36
71
-33
1
11
-3
-62
-14
-60
25
-45
38
-11
-16
22
-50
80
-20
27
57
-15
67
-18
10
25
-48
31
-33
19
-23
-5
27
-74
28
-38
1
7
-38
-25
12
-56
46
-14
25
-3
4
11
-49
80
-29
39
23
-41
18
3
-14
25
22
3
4
24
-2
-19
52
-52
41
-29
-21
38
-30
-19
46
-58
15
10
-60
62
-77
45
-27
4
44
-20
19
-3
-1
-24
47
9
-22
59
9
-28
56
-36
-26
16
-13
-5
-17
41
-38
14
-32
-37
-17
-2
28
-31
89
-105
65
-62
-5
2
-31
34
-40
14
-5
34
-41
63
-19
1
7
-2
-57
84
-36
-13
33
-37
-3
5
-11
-4
19
15
26
-21
9
-34
4
-26
13
-8
9
0
8
-12
13
17
-36
72
-31
8
48
-12
27
-9
41
-74
40
-13
-7
62
-52
55
-16
-4
8
25
-4
-20
-3
-15
-24
-21
45
-24
18
11
-26
16
-6
32
-8
48
-28
-13
28
-96
39
-36
-18
51
-60
43
-34
-35
2
-40
23
-17
29
-4
-3
-7
-13
0
-5
-23
27
-49
34
-5
15
-2
-5
-3
-20
7
-20
45
-30
44
-27
-24
20
-9
13
-4
1
-5
-15
5
-4
-20
-8
-4
-1
-4
25
47
36
11
42
27
-28
18
-7
22
2
20
67
-28
36
-5
-23
-19
-36
41
-15
-27
29
-4
-22
25
9
-36
-12
-14
0
-5
8
40
0
-7
6
2
-22
43
-8
24
-22
-5
20
-23
36
-32
12
-77
8
-59
13
-32
7
-9
-37
6
-52
-15
-47
20
-22
18
5
16
-3
12
-39
17
-27
21
38
-11
18
19
-3
6
17
-21
12
-30
28
-28
35
9
-22
29
-22
26
-15
25
-22
-11
17
-18
-12
51
-3
48
-10
14
-7
20
31
27
50
-13
70
-2
11
-1
15
-15
-14
21
-18
-3
-9
12
-36
4
-4
-49
40
-52
15
-1
-22
9
1
3
-21
19
-20
0
15
-26
9
-22
-14
23
-14
24
-43
9
-32
-22
-1
-23
8
-8
10
-18
-28
-5
-19
-1
-10
-15
4
-9
5
-17
19
-33
2
9
-5
22
3
28
6
41
6
-2
40
-39
47
7
-6
16
11
17
-11
30
-11
5
-7
9
-11
1
22
3
36
-13
15
-24
-8
15
-24
43
-11
23
15
25
10
-22
33
-16
1
16
-5
18
-22
18
-28
-14
-35
-2
-23
-20
17
-49
32
-35
7
-19
-27
-29
8
-20
-1
7
-27
18
-12
8
-19
12
-18
7
-6
-1
35
-20
40
-15
-35
12
-26
3
10
-11
26
-34
1
10
-14
20
-3
11
11
4
4
22
-11
10
11
15
-9
36
15
16
25
2
42
0
30
12
1
11
10
5
22
-4
-4
14
-18
-3
-1
7
-34
27
-24
-2
5
-2
-6
-1
-8
7
16
-9
27
-20
13
-20
6
23
-14
21
-35
-22
-27
-40
7
-34
-3
2
-28
-4
-22
17
-30
22
-17
-16
2
-14
3
-33
23
-31
22
-10
-19
23
-14
-14
22
-12
7
16
-12
15
-23
36
-26
46
-30
41
-9
15
2
-1
23
-27
33
-22
22
-3
32
-12
-4
6
16
7
31
32
20
10
1
10
-22
2
17
-9
2
7
0
16
-7
2
10
-17
-7
17
-17
-7
2
0
-45
1
-1
-16
23
4
14
-3
-6
-6
-2
-22
18
3
-18
4
-31
-16
-15
-32
2
2
-16
3
-6
-30
1
8
-12
20
-6
11
-13
-2
9
-18
31
-6
25
-10
9
19
-17
25
-8
5
5
-3
14
-7
10
11
-5
14
19
16
15
10
-8
-13
10
-13
20
9
8
16
4
-11
0
5
3
11
-1
25
-5
27
1
2
5
8
-15
8
-5
-16
9
-20
-14
-7
-6
-20
-6
-14
2
0
0
-14
-8
-12
-22
-7
-19
-2
2
1
-12
-12
10
-13
5
0
-17
4
3
-22
25
-25
-3
2
-39
1
-25
-5
2
-5
16
0
32
-2
-6
15
-23
15
-22
15
7
-1
21
-14
-2
-5
16
0
6
7
30
20
10
19
-13
29
-11
21
-5
7
17
3
2
-8
13
0
10
-4
-5
7
-1
7
-3
17
-6
1
0
-3
6
-11
28
-34
16
-3
-10
-1
-25
6
-17
5
-14
1
-5
6
-1
1
-5
8
2
-2
-2
-31
5
-20
-2
-18
-18
0
-10
2
-6
-7
1
2
0
10
3
6
18
-8
1
-10
2
-9
8
-4
20
1
-1
27
-14
24
-4
12
2
15
4
10
-6
-6
18
-6
1
-1
10
-16
14
-5
6
5
4
12
3
-6
6
-1
-2
13
-3
14
-6
13
-2
-10
-4
-14
2
1
-12
6
-12
-12
1
-23
-3
-19
7
-22
-1
-10
-21
1
-24
1
-11
-1
1
6
-8
6
-12
2
-9
-3
-5
-9
0
-17
6
-18
-5
4
-15
-5
11
-6
2
5
-11
6
-4
2
5
-8
17
4
2
0
14
-4
9
10
-4
14
13
-4
13
-4
9
23
-9
25
-6
7
-9
1
8
-4
21
0
-3
-9
-12
-1
-21
16
-4
19
11
11
19
-4
11
2
-1
-7
18
-8
-2
-2
-9
-5
-9
-2
-10
-9
2
-12
6
-12
11
-7
-1
-3
-17
8
-30
12
-27
9
-4
4
4
-4
6
-18
11
-5
7
25
-15
17
-10
-9
12
-13
16
-10
13
-2
-10
5
-3
-9
-1
-2
-22
8
3
0
9
6
0
18
2
9
11
0
18
3
12
1
10
-8
2
-7
5
-10
1
4
-8
-2
9
2
-1
5
9
-9
-12
4
-2
-4
-9
9
-17
0
13
-7
-2
-11
2
-3
-10
7
4
-6
6
-6
-6
-4
-2
8
-9
-1
-3
-1
-1
1
-4
-3
-13
-4
-1
-9
8
-2
-2
9
-2
-3
0
-3
-1
9
12
-3
21
0
0
9
-11
2
8
7
7
-10
18
-13
7