1
-2
-1
-2
-2
3
5
6
2
0
2
0
-2
-2
-2
-2
-5
-1
0
1
-2
-7
1
-3
1
2
0
5
5
5
1
1
-2
2
5
2
0
0
0
2
1
1
2
-1
2
0
2
5
3
3
1
3
5
9
2
3
0
-3
3
-4
-3
5
4
0
-3
0
-1
3
1
1
9
4
8
6
4
1
-2
0
1
1
4
0
-2
1
1
-4
-5
-5
-6
-3
1
0
1
-3
2
1
-2
6
0
-1
-2
3
1
0
-3
-6
-4
-4
-4
-2
-3
-3
0
-7
-7
-1
2
-2
0
2
0
0
0
1
4
3
-4
-3
2
-3
-3
2
-3
9
5
2
-1
1
5
0
5
2
4
1
1
3
-1
-1
-1
3
-2
-1
4
3
4
-1
2
6
1
1
3
3
-2
1
4
2
-1
-2
-3
0
-1
-2
0
-1
-4
-6
-4
-4
-3
0
-4
0
3
2
-2
-1
3
4
-1
-5
0
-1
-1
0
-1
3
7
1
3
3
-3
-3
-4
-4
1
1
6
6
3
2
2
0
6
6
8
9
3
6
-5
1
2
6
3
-1
8
0
-1
-2
0
-4
-4
3
4
-4
4
2
2
2
-1
0
0
-2
3
2
-5
-2
-2
-2
-5
-2
-3
2
0
2
3
-2
1
-5
-3
-4
-1
2
-1
0
-1
-3
-1
-4
-3
2
10
5
7
3
2
3
0
6
0
4
5
2
1
-1
1
0
0
3
1
-2
-4
2
7
1
2
1
3
6
1
1
3
0
2
-4
-6
-3
-6
-2
-8
-6
-5
-5
-2
-7
-4
-6
-3
-3
-2
0
-6
-6
-3
-6
-9
-2
0
-3
-2
-1
-5
-7
-3
-6
-6
-6
-13
-5
8
4
4
-2
3
-1
1
0
-1
0
-1
3
-1
1
5
4
5
2
-2
0
2
7
9
5
5
4
8
0
-2
7
4
5
4
3
1
0
4
3
-4
-1
3
1
1
1
2
3
4
0
2
4
-1
-1
-2
0
2
0
0
-1
-5
-5
-2
-6
-5
4
3
2
1
5
-1
-3
-2
-4
-8
-3
-1
-2
0
-1
1
-3
2
-1
-6
1
0
-3
4
0
-2
-3
-3
0
-1
6
-1
1
-1
-9
-2
-4
-3
-2
0
0
-7
-1
-1
-7
2
3
5
4
-2
0
-1
0
3
-5
-8
2
8
4
1
2
-4
-1
-1
-4
1
2
-2
-1
0
1
-3
4
2
3
4
-4
-1
0
2
6
2
0
4
4
2
3
-2
-8
-6
3
3
-7
-3
-4
0
0
0
1
0
5
4
-2
-7
-2
2
5
2
4
3
-1
0
-4
-2
4
1
0
-5
-3
-1
-4
-5
1
6
2
-1
-1
2
0
5
2
1
1
0
5
1
-2
0
2
-1
-1
-2
-4
-1
-3
-3
1
0
-4
-4
-1
-3
0
-3
1
1
-4
-2
-6
-3
-5
-6
0
-2
-4
-3
-4
-9
-5
-4
-3
0
0
-1
-5
-2
-1
-4
-5
2
-2
-7
-6
-8
-4
-5
-2
5
2
4
8
4
-5
-6
-1
-4
-1
2
3
5
7
7
0
4
9
3
-2
1
1
-4
-3
-1
-3
4
2
3
8
8
10
9
1
0
4
4
3
5
5
1
0
-2
-5
-3
-2
4
1
-3
-2
-4
-2
-1
-2
-2
4
2
0
5
3
-4
-6
-4
-2
-3
-3
1
-3
-4
-8
-6
-1
4
8
-3
4
-2
-3
5
1
5
2
2
1
0
-1
-2
3
1
5
0
0
5
2
-3
3
3
6
8
3
8
-1
2
6
6
0
2
4
-4
3
1
3
-1
-1
-2
-7
0
-5
1
-8
-8
-1
-2
-7
0
-4
1
3
-3
3
-6
3
-3
0
0
-9
2
-3
-8
-3
-6
-6
-2
-2
-3
-7
-6
-1
0
1
-3
-2
3
-3
-4
-3
2
4
3
6
-4
-3
1
-2
0
-2
7
-3
-7
4
-2
1
2
1
1
-3
-3
4
1
0
2
0
-1
1
2
2
1
-2
5
0
3
5
2
3
5
0
2
8
3
4
2
2
-2
-6
0
3
-2
-2
12
4
1
4
-1
-2
-5
2
-2
2
-1
1
5
2
-2
1
5
-4
7
-2
0
7
-3
1
-1
-5
3
-3
-1
10
-2
-1
4
-4
-8
7
1
1
3
2
6
13
0
-3
1
-1
6
-7
4
3
-3
8
4
-1
1
9
4
0
-5
1
-7
4
-1
1
0
-14
0
1
-7
2
-2
5
6
-9
6
-8
-1
-1
-2
-4
2
-9
1
5
-4
-3
2
-9
-2
0
-17
10
-4
0
6
-2
7
-1
1
4
-5
-4
5
-10
-1
1
-4
2
-7
6
-4
14
-8
6
-1
5
1
-9
8
-5
3
-5
2
-11
9
-7
7
7
-14
10
-1
-2
7
-3
-3
0
-5
-3
2
-4
-3
14
-1
-1
-3
13
5
-5
2
8
-2
-3
-1
6
4
-6
-7
9
0
1
14
2
5
8
-6
20
-14
-2
4
-14
7
-11
3
-5
18
-12
21
-14
-7
19
-9
11
-7
6
0
-2
5
-10
13
-25
10
-1
-10
19
-6
12
-9
11
-11
-4
1
-9
4
0
-10
11
5
7
0
-2
1
15
4
-4
1
-7
2
5
10
-3
4
12
-16
14
-7
-4
9
-7
5
-4
6
-10
13
-1
-7
8
5
-16
13
-12
-3
4
-3
2
-5
5
-14
3
-4
4
8
-7
-6
1
-7
-16
9
-12
-3
-5
3
1
-12
-1
-7
-4
-5
-8
8
-7
5
5
-14
13
-11
-7
-1
-10
7
1
-5
6
-2
-2
4
-6
1
-10
-1
2
-8
5
-9
10
-13
-2
7
-5
9
4
-18
12
-1
-3
10
-4
14
-3
0
13
-5
14
-4
-4
5
-8
-2
5
-4
5
-2
-13
8
-10
4
2
9
8
14
-7
13
4
-6
25
-20
8
9
-11
8
-15
16
-10
16
-17
25
-17
0
16
-22
26
-16
17
6
-2
3
10
1
-4
3
-3
9
-14
17
5
-19
28
-14
-8
21
-38
25
1
-15
17
-15
2
-5
7
-21
7
0
-8
15
-15
-6
6
-4
-10
3
5
-10
6
-9
-5
5
-24
-2
10
-13
-5
9
-8
-10
13
-11
0
10
-11
17
-6
3
-3
-10
4
-12
-2
22
-22
-3
22
-28
4
18
-31
26
4
-24
19
-6
-7
7
11
-20
16
-4
-11
18
-8
-15
16
-13
-7
16
-23
10
7
-16
5
-2
7
-18
1
17
-12
4
10
-3
-10
27
-28
13
28
-70
62
-3
-68
95
-37
-19
66
-45
-10
71
-85
39
52
-100
82
-8
-38
54
-11
-24
54
-24
-12
53
-57
43
-12
-27
45
-37
15
12
-22
25
-6
-24
37
-16
-35
54
-33
-4
34
-44
5
12
-37
-3
60
-89
38
44
-98
86
-17
-45
48
1
-66
66
-21
-63
116
-106
41
44
-90
84
-34
-15
39
-24
-22
42
-29
4
61
-100
126
-78
-1
103
-135
91
17
-100
97
1
-127
166
-87
-49
174
-191
85
53
-151
142
-61
-61
112
-83
-11
87
-108
62
14
-71
101
-80
19
26
-43
30
-8
-13
28
3
-60
75
-81
14
53
-87
54
7
-44
8
35
-47
3
48
-59
39
3
-31
34
-2
-14
0
35
-82
101
-77
22
46
-103
123
-111
63
-5
-58
71
-31
-28
61
-37
-52
156
-173
94
44
-151
169
-127
61
18
-43
39
0
20
-74
125
-94
26
16
-13
-33
54
-29
-46
107
-138
104
-25
-12
-1
40
-24
-36
99
-119
82
-27
-33
76
-84
73
-73
24
73
-166
170
-77
-64
127
-78
-35
121
-122
6
174
-312
276
-93
-127
259
-245
162
-76
15
67
-128
164
-151
68
33
-86
52
27
-67
49
19
-61
97
-108
85
-24
-15
-4
73
-100
28
72
-93
38
25
-6
-58
140
-184
172
-100
26
25
-82
175
-240
204
-78
-68
158
-141
29
77
-125
66
34
-70
17
68
-102
35
65
-133
81
9
-69
22
81
-177
214
-110
-93
249
-279
179
-48
-73
138
-161
84
44
-145
129
-24
-137
240
-234
62
134
-264
213
-62
-60
75
20
-111
98
34
-234
332
-262
26
200
-289
193
25
-153
163
-16
-122
150
-50
-55
59
45
-109
92
12
-30
-1
-5
87
-178
229
-190
104
6
-102
155
-170
195
-241
260
-209
72
87
-244
335
-284
99
78
-113
9
62
-9
-106
134
-59
-73
89
-53
30
-105
212
-229
69
196
-409
451
-363
227
-84
-72
211
-293
325
-300
251
-147
-12
162
-214
150
-39
-10
-38
99
-92
16
47
-3
-76
95
3
-126
166
-63
-89
161
-110
-27
145
-198
150
-21
-102
95
30
-150
110
79
-224
168
29
-188
193
-49
-69
80
25
-116
94
72
-218
212
-72
-46
8
87
-154
136
-23
-120
224
-241
145
31
-167
137
28
-161
196
-140
43
19
-79
114
-107
36
23
36
-215
422
-408
146
237
-443
380
-105
-107
132
19
-148
158
-57
-53
121
-151
118
3
-177
276
-241
121
4
-155
355
-532
557
-360
-28
374
-523
433
-247
114
-133
237
-272
102
216
-523
604
-437
170
15
-89
108
-131
169
-226
286
-313
244
-105
-115
363
-543
553
-330
-40
356
-470
300
-24
-180
184
-43
-114
188
-132
-19
219
-365
366
-156
-173
408
-388
111
196
-309
179
38
-154
99
-8
16
-163
315
-314
146
146
-376
449
-354
155
55
-195
215
-155
73
-33
48
-79
111
-122
94
22
-199
369
-460
412
-186
-105
347
-432
312
-73
-115
157
-34
-143
252
-186
-53
302
-372
214
21
-138
103
-9
-41
33
8
-46
43
-22
-14
90
-208
327
-267
-26
426
-594
459
-162
-53
124
-82
32
18
-104
144
-94
-44
196
-310
284
-167
28
28
-5
-23
-40
150
-187
131
-48
-10
25
-11
4
5
43
-108
188
-218
192
-124
50
6
-59
63
-43
37
-54
133
-197
176
-42
-130
196
-90
-131
285
-281
167
-12
-111
181
-180
100
-5
-18
-25
93
-107
58
60
-210
304
-270
108
29
-22
-114
170
-57
-216
461
-520
332
-38
-171
186
-83
59
-171
291
-254
96
22
-36
-10
26
23
-68
116
-136
116
-12
-104
175
-132
42
74
-197
343
-409
331
-122
-87
161
-118
55
-17
20
-36
69
-100
107
-121
144
-187
220
-219
232
-183
84
65
-200
259
-253
231
-233
241
-206
93
30
-147
217
-204
76
130
-317
362
-195
-130
404
-473
296
-50
-111
82
33
-112
88
52
-162
161
-66
-9
-20
112
-180
164
-94
16
37
-20
-43
84
-44
16
-69
157
-103
-132
423
-537
415
-122
-144
294
-292
172
-23
-107
147
-125
18
101
-195
163
6
-211
327
-312
191
-3
-184
295
-258
124
29
-98
111
-102
75
-44
46
-100
142
-66
-123
308
-320
200
-49
13
-80
190
-238
149
40
-209
272
-237
169
-124
85
-58
24
-33
23
13
-47
14
110
-223
238
-145
13
125
-291
449
-514
326
53
-456
696
-698
492
-169
-154
413
-498
470
-328
176
-64
42
-53
-7
181
-405
568
-568
406
-114
-125
279
-300
264
-200
164
-139
96
46
-264
438
-408
154
149
-314
314
-236
170
-81
-66
186
-165
-31
292
-452
381
-108
-222
401
-376
215
-73
42
-77
109
-111
125
-182
202
-161
58
61
-211
312
-313
196
-68
-1
-15
40
-48
8
-37
47
-79
123
-191
196
-132
19
48
-30
78
-245
427
-495
350
-90
-167
349
-422
420
-369
311
-238
168
-94
14
74
-147
233
-255
195
-48
-104
150
-39
-166
328
-344
249
-171
170
-258
330
-241
10
321
-632
800
-755
521
-201
-84
243
-288
288
-295
371
-423
398
-278
124
20
-132
208
-276
283
-250
181
-130
41
68
-163
158
-71
-65
199
-293
305
-194
49
36
-47
31
-87
136
-125
50
-8
31
-74
56
-31
17
12
-57
113
-145
96
-8
-41
89
-107
106
-51
0
29
3
-72
130
-121
76
15
-73
69
-15
-21
7
59
-129
221
-258
225
-77
-125
260
-289
242
-219
186
-132
-16
175
-267
279
-241
173
-93
-41
156
-224
186
-120
79
-88
82
-24
-94
205
-292
308
-277
193
-98
20
25
-49
36
-8
-9
-10
40
-36
-46
140
-197
177
-152
116
-52
-64
191
-263
253
-218
151
-121
83
-68
5
119
-278
327
-235
11
238
-394
391
-286
124
-6
-90
159
-273
354
-348
220
-39
-103
225
-319
345
-294
164
16
-191
343
-412
365
-241
97
26
-103
195
-303
449
-539
548
-418
198
-1
-90
54
-15
20
-125
221
-267
242
-104
-24
128
-132
78
45
-99
93
-7
-130
218
-219
133
2
-113
132
-37
-110
241
-239
121
85
-226
278
-190
83
-48
103
-198
198
-78
-105
300
-448
483
-386
148
106
-270
302
-229
177
-156
192
-218
189
-86
-65
217
-368
453
-437
325
-99
-124
258
-296
245
-156
85
-35
-45
73
-119
117
-133
158
-154
78
45
-159
185
-111
1
2
108
-250
216
3
-331
492
-408
117
175
-331
306
-162
-1
112
-152
158
-168
163
-200
195
-230
273
-350
390
-318
126
129
-299
377
-317
277
-272
281
-243
112
-3
7
-166
381
-513
442
-254
56
87
-86
24
65
-104
11
164
-382
506
-478
367
-234
60
29
-162
356
-461
577
-476
310
-127
35
111
-245
359
-461
461
-401
225
18
-174
264
-205
182
-136
117
-124
134
-131
81
-112
175
-348
483
-535
449
-268
38
205
-369
514
-580
585
-496
407
-314
228
-159
28
111
-240
244
-110
-64
193
-182
88
99
-273
449
-509
480
-413
269
-85
-125
298
-376
369
-306
170
14
-122
189
-162
98
-67
23
23
-163
276
-384
409
-392
237
-76
-140
318
-400
430
-326
186
-105
162
-230
312
-308
319
-200
88
14
-44
66
-141
357
-475
521
-487
402
-253
169
-168
214
-389
415
-337
141
10
-97
-59
184
-238
115
155
-372
422
-397
316
-274
186
-258
411
-632
705
-638
407
-161
-47
242
-275
398
-489
555
-592
553
-305
97
206
-300
223
-263
88
84
101
-173
187
-10
-323
509
-390
319
-95
-255
546
-724
621
-393
120
-43
165
-264
270
-161
24
156
-193
80
-88
-3
-215
163
-212
237
-352
274
-128
-288
197
-200
470
-326
344
-413
107
-108
-51
468
-641
564
-312
-39
389
-351
223
141
-342
730
-342
124
19
17
19
-67
94
-57
201
-90
113
46
-181
138
43
191
-80
-5
12
-144
171
-143
-56
78
-186
111
-16
-14
-318
324
-134
-90
453
-511
241
-82
-82
72
95
-208
146
-27
-63
67
-107
203
-102
232
-237
188
-14
-270
342
-239
-27
5
62
-174
307
-497
424
-283
57
-80
117
56
-511
629
-663
325
-331
185
90
-316
372
-349
222
-272
289
-161
106
16
-251
447
-491
213
130
-111
159
-129
186
67
-474
770
-489
299
-100
90
-12
17
-110
194
-65
-46
10
261
-416
341
-322
211
-99
-119
134
70
-395
297
-123
-324
435
-694
809
-726
534
-409
432
-501
155
187
-336
661
-682
683
-324
-273
401
-78
275
-22
91
131
-215
77
111
122
-284
271
-69
-236
332
-491
414
-179
-227
143
-127
-256
-6
156
-238
-50
-300
-3
47
-446
610
-283
-54
206
-268
334
-453
259
86
235
-29
392
37
-94
330
97
735
-316
482
226
158
90
323
155
-217
266
27
283
-73
-235
-64
-321
-461
-60
-396
-252
-627
-480
-533
-659
-566
-221
-592
-414
-337
-335
-147
-286
242
97
-2
134
411
108
276
423
656
673
621
951
708
680
751
1106
990
708
1002
631
278
92
226
636
211
235
22
-190
-628
-620
-328
-427
-1136
-1142
-1134
-1225
-1479
-1541
-1420
-1527
-1544
-1301
-992
-1163
-1187
-850
-429
-427
167
63
386
388
315
626
790
1217
1333
1567
1160
1185
1454
1387
1597
1800
1969
1693
1853
1914
673
-113
-967
1066
1251
954
-32
-634
-1099
-1636
-375
251
-726
-2250
-2297
-1264
-1571
-2189
-2246
-1918
-1743
-1336
-866
-996
-1620
-1904
-1028
209
539
113
-134
-22
545
890
1197
1165
1402
1042
1313
1545
1303
778
597
1010
1749
1450
1415
1148
1035
1246
1488
1943
1516
-263
-783
-571
1364
1199
98
-636
-906
-745
-842
146
-173
-1618
-2921
-1961
-524
-1414
-2591
-2654
-1536
-1275
-1078
-801
-722
-1758
-1641
-43
749
400
-424
-248
406
794
706
1332
888
998
922
936
1152
527
674
491
1085
992
1031
650
868
1191
1500
1646
1679
1861
-371
-1062
-502
2105
1668
434
-492
-628
-886
-874
715
772
-1518
-3472
-1978
-401
-1433
-2642
-2498
-1411
-1689
-1274
-834
-1167
-2087
-2037
46
1066
255
-1083
-770
-131
716
971
1414
1033
631
582
881
1361
666
756
589
1403
1125
1014
557
1037
1480
1978
2291
2163
2163
-995
-1277
-369
3117
2233
364
-622
-1141
-1274
-1119
1543
1182
-1742
-4247
-2259
-518
-1967
-3086
-2560
-1148
-1886
-1516
-1178
-1369
-2824
-2014
500
1866
294
-1518
-910
74
1231
1086
1924
1118
600
638
1409
1944
791
590
1081
1967
1296
913
768
1255
1765
2634
2859
2548
1030
-1932
-1382
935
4224
2033
-425
-1844
-1642
-1361
30
2449
462
-3697
-5565
-1855
-254
-2209
-3652
-2374
-1911
-2494
-1747
-843
-1680
-3276
-1427
1455
1988
-775
-1759
-520
1047
1483
1909
1968
717
264
1077
2655
1955
979
593
1622
1717
980
1086
640
1558
1894
3095
2322
2232
147
-2275
-1337
1768
4672
959
-1360
-2628
-1828
-1681
514
2667
-458
-5279
-5909
-1313
-611
-2364
-3557
-1893
-2605
-2599
-1447
-661
-1788
-2840
-212
1578
1649
-1067
-1051
241
1965
2262
2182
1407
328
799
1682
3188
1888
862
158
1336
1489
1062
851
560
1490
1484
2644
1888
2421
-218
-2399
-1487
1945
4404
528
-1317
-2535
-1525
-1359
1277
2806
-988
-5724
-5251
-479
-20
-2027
-3133
-1785
-2727
-2209
-1061
-200
-1708
-2474
-216
1347
988
-1060
-565
586
1863
1529
1422
675
224
822
1703
2555
1095
162
-116
1044
1261
700
571
237
1275
1561
2313
1739
2458
825
-1806
-1213
1508
4494
1166
-226
-1581
-1259
-1222
1011
3327
-47
-4516
-5085
-927
-194
-1529
-2651
-2043
-2824
-2518
-1500
-811
-1753
-2803
-1092
378
652
-906
-1203
83
1166
1093
978
431
376
718
1609
2525
1317
25
59
1313
1826
1220
941
555
1071
1692
2337
2347
1754
2192
77
-745
-153
2315
2772
425
-254
-1318
-1139
-1212
1806
2084
-1593
-5046
-4253
-1030
-851
-1748
-2217
-2333
-3287
-2962
-1582
-344
-1744
-2178
-952
447
171
-947
-271
525
1237
997
1264
808
689
1285
2370
2063
645
302
775
1741
1231
1127
340
536
1052
1867
1681
863
658
1295
1906
164
-485
-652
1312
1035
798
-367
-1636
-1752
-97
2233
546
-2836
-4456
-2518
-829
-18
-459
-1211
-3595
-3503
-1592
532
-89
-1524
-1327
-830
203
-182
150
11
450
699
1052
817
374
800
1195
1613
1257
806
351
418
690
979
461
310
405
819
460
127
276
769
1005
1396
897
-866
-1352
-471
1620
1018
568
-371
-877
-951
259
1799
670
-1317
-2105
-500
388
-238
-708
-958
-1593
-1362
-633
332
-435
-1062
-1011
-426
166
-135
-190
-485
-287
-78
430
131
-175
53
695
981
540
-65
-561
-131
479
716
31
-637
-1104
-418
776
1095
477
-372
-643
-288
598
828
845
-222
-254
-215
403
819
662
752
81
735
1010
1360
593
285
169
147
427
455
119
-239
-81
168
-41
-467
-479
-370
-283
-338
-367
-749
-1003
-1000
-676
-202
-238
-681
-1009
-864
-232
-46
-154
-280
-727
-1232
-1043
-373
-136
-234
-541
-547
-587
-298
-187
-38
20
61
-83
-197
197
422
547
561
956
1268
689
489
1024
1580
1608
1360
1193
877
740
1037
1746
1462
721
199
442
715
491
54
-221
-424
-616
-464
-363
-553
-987
-1148
-1076
-816
-905
-897
-1086
-1231
-1208
-1047
-764
-822
-670
-659
-583
-806
-762
-1008
-675
-109
182
-389
-1100
-794
-313
336
561
741
304
-168
6
929
1425
1306
967
588
677
830
1255
1313
1212
919
667
914
1157
872
357
-5
309
462
315
179
-61
-213
-277
34
-22
-392
-538
-494
-392
-391
-249
-270
-383
-668
-807
-750
-571
-370
-473
-468
-552
-528
-816
-577
-479
-329
-572
-475
-330
-279
-295
-188
54
-242
-55
71
459
231
87
25
455
639
515
505
524
577
256
264
548
649
373
172
433
266
-143
-6
218
316
-122
-109
-44
-92
-65
191
366
285
167
-187
-265
-156
214
265
158
30
-144
-345
-147
35
46
-208
-323
-273
-358
-246
-172
31
-187
-84
-181
-232
18
-35
44
-205
85
-88
-260
-110
33
-9
-556
-421
-153
-50
-190
-221
-181
-246
-210
106
-17
-60
-154
-28
35
36
242
118
267
368
422
63
-194
-58
222
611
669
452
-128
-83
162
663
674
517
231
-102
66
465
654
314
130
-3
34
68
320
262
-134
-230
-311
-263
-119
-42
-310
-817
-897
-626
-378
-366
-256
-478
-719
-757
-386
-220
-204
-137
-168
-229
-270
122
38
211
437
449
223
-87
110
379
645
694
610
135
165
275
618
796
535
236
-24
150
489
371
249
58
10
-186
-173
79
12
-160
-324
-313
-443
-335
-302
-317
-591
-571
-728
-529
-390
-212
-204
-454
-448
-545
-384
-283
139
6
-69
-182
57
-1
-59
264
417
356
-31
26
269
407
554
506
482
213
178
405
618
686
423
326
220
488
507
515
295
235
281
182
193
50
177
-37
-308
-336
-146
-135
-455
-594
-487
-524
-691
-589
-476
-428
-672
-566
-446
-676
-795
-416
-23
-18
-244
-332
-376
-341
-24
215
234
-84
-219
-187
98
413
561
460
236
172
317
503
642
624
426
484
639
787
607
483
364
487
623
689
538
287
152
-56
119
289
286
-102
-479
-448
-313
-259
-304
-327
-508
-660
-656
-429
-489
-609
-568
-392
-244
-310
-441
-655
-533
-277
-91
-105
-303
-392
-384
-388
-23
182
199
-28
-91
20
-30
103
176
419
370
403
405
250
264
278
624
614
498
292
253
317
256
335
394
471
190
10
71
105
70
101
207
202
-98
-234
-86
-74
-62
48
171
79
-54
-242
-103
-132
-105
-114
-192
-217
-308
-302
-346
-340
-256
-227
-293
-286
-371
-421
-470
-307
-265
-152
-239
-156
-197
-227
-229
-34
83
-145
-198
-104
84
-91
50
103
167
54
48
153
126
266
304
491
366
170
212
354
494
422
437
481
539
376
290
361
433
378
275
301
168
-41
-81
136
258
151
92
-107
-172
-296
-263
-187
-182
-274
-317
-312
-271
-318
-391
-357
-429
-258
-417
-332
-364
-349
-342
-405
-304
-366
-321
-431
-305
-188
-115
-101
-118
-75
-169
-107
17
111
14
-38
174
374
364
315
348
424
399
370
528
549
487
411
495
522
412
422
453
559
381
301
146
213
141
174
164
76
3
-108
7
-166
-135
-306
-226
-227
-272
-272
-410
-485
-535
-454
-474
-556
-581
-513
-484
-502
-547
-529
-549
-404
-320
-280
-380
-399
-180
-132
95
149
196
57
19
247
354
354
341
492
508
338
389
431
515
494
502
571
406
272
245
371
419
368
323
279
147
5
55
138
106
23
83
-14
-201
-301
-147
-38
-177
-206
-253
-310
-431
-404
-292
-259
-294
-335
-363
-521
-465
-288
-156
-106
-173
-214
-295
-255
-27
84
67
20
10
57
75
176
197
139
76
178
301
242
97
-22
56
219
384
354
143
-56
-122
106
262
325
211
100
137
44
123
147
195
53
23
115
46
-68
-165
-27
-35
43
43
-104
-333
-304
-55
15
9
-111
-200
-411
-288
-77
74
-22
-116
-93
-179
-215
-76
61
-13
-83
-83
-86
-171
-175
-97
34
108
59
7
-40
-149
-39
153
349
173
20
-11
77
132
176
297
227
125
47
78
100
65
162
191
70
20
50
5
-65
-74
42
103
60
54
-47
-163
-207
-56
75
136
56
-24
-125
-204
-94
31
60
-44
-94
-186
-251
-292
-161
-68
-37
-54
-157
-252
-349
-236
45
175
35
-56
-82
-56
-43
128
298
226
-20
-66
72
153
209
253
278
74
-21
114
213
172
127
198
172
119
105
108
81
41
135
144
92
70
-17
-59
-78
-16
14
-94
-117
-135
-197
-270
-327
-214
-167
-132
-158
-251
-418
-494
-271
-46
46
-168
-308
-284
-180
-6
113
207
1
-66
-74
84
195
204
304
215
170
121
203
222
236
263
248
246
162
130
136
183
190
189
185
159
122
53
63
120
175
123
36
-36
-25
-65
-108
-135
-79
-41
-146
-160
-178
-269
-390
-305
-145
-100
-258
-311
-294
-276
-200
-119
2
-75
-253
-254
-167
-9
29
74
47
-86
-109
-65
139
168
141
108
104
58
50
122
200
165
106
172
194
200
122
112
187
212
241
171
134
82
95
119
52
91
55
46
62
61
-11
-164
-185
-52
7
-50
-183
-181
-178
-124
-93
-44
-82
-205
-189
-211
-64
-49
-59
-120
-142
-120
-121
-51
1
12
-18
17
-6
-6
-38
56
39
52
22
44
36
36
84
102
135
104
124
59
40
23
96
64
94
98
70
14
-16
-3
1
19
62
87
-29
-84
-86
-11
40
45
46
9
-33
-9
28
52
89
30
22
-24
2
-17
7
-23
-18
11
39
48
-46
-74
-67
-32
-9
11
7
-63
-104
-58
-19
-56
-90
-63
-32
-35
-52
-117
-165
-95
-42
34
-45
-111
-185
-167
-41
50
98
-20
-45
-95
26
52
92
98
61
139
100
103
62
99
91
125
165
151
87
18
48
87
145
149
92
36
15
15
31
71
66
42
-89
-65
-16
-1
-74
-88
-74
-94
-120
-97
-104
-217
-177
-159
-78
-138
-131
-146
-171
-154
-90
-24
-47
-70
-93
-37
-1
41
43
62
112
135
109
82
93
68
94
147
169
118
38
23
63
133
192
145
65
-3
17
52
121
120
114
23
-16
29
29
43
0
10
-31
-28
-18
-17
-124
-134
-79
-49
-62
-117
-115
-124
-114
-90
-18
-29
-89
-107
-58
-35
-48
-16
23
39
-9
-8
3
2
-39
-30
37
54
20
-5
-17
-4
44
75
68
34
2
7
21
58
43
55
27
34
65
2
-26
-50
0
9
-20
33
-3
-69
-108
-60
72
25
-29
-79
-53
-65
-52
40
59
26
-75
-15
-4
3
1
91
85
7
-38
-14
41
13
4
12
9
-39
-35
-12
9
-11
0
-24
-1
-17
-23
-19
-35
-13
7
65
84
60
-2
-57
-23
8
79
85
40
-27
-112
-109
-55
51
31
-13
-41
-89
-79
-78
9
52
29
8
-60
-51
-57
1
79
82
30
-22
-19
2
32
53
34
-1
-22
-5
9
37
66
68
31
-30
-14
21
81
72
73
31
-11
17
85
101
49
2
-24
-12
28
71
21
-67
-133
-102
-38
-17
-48
-93
-112
-114
-73
-42
-28
-64
-73
-50
-36
-32
-17
59
58
32
24
6
25
51
87
79
24
-9
4
27
89
113
83
27
-7
5
10
57
84
76
9
-19
-2
-7
18
17
38
-11
-6
-2
-3
-29
-99
-63
-69
-41
-70
-75
-73
-95
-60
-20
1
-53
-99
-65
-41
-2
2
32
40
-14
6
12
48
32
52
68
55
17
-16
-8
41
68
57
43
20
5
-22
2
34
60
4
-10
-4
10
11
-12
20
-19
-30
-31
18
9
-70
-102
-78
-12
-35
-42
-77
-78
-90
-70
0
20
-6
-95
-55
-47
6
7
40
50
-6
-3
22
64
53
53
55
57
30
19
20
72
87
97
48
31
49
20
44
65
118
71
42
6
10
13
29
73
11
-20
-37
-12
-4
-14
-38
-60
-52
-33
-23
-62
-91
-89
-68
-1
18
-20
-104
-106
-60
-25
-3
-3
3
-45
-22
-9
32
49
34
49
47
48
40
33
49
126
89
62
24
56
57
49
63
84
56
31
51
42
5
-32
10
9
2
-23
-11
-59
-90
-55
-25
-30
-72
-97
-83
-96
-70
-54
-37
-45
-75
-74
-55
-55
-57
-31
-9
-12
-32
-25
-39
-26
9
38
40
14
-1
-9
17
51
94
75
5
-11
11
36
45
50
50
31
18
19
17
28
29
34
19
10
8
11
-3
-34
-37
-16
-4
-17
-27
-54
-48
-46
-2
11
-10
-46
-59
-22
-22
-14
-2
13
-8
-27
-21
9
7
6
5
9
-6
-4
1
27
39
39
16
-17
-16
11
45
33
31
14
-22
-27
1
24
27
12
3
-7
-25
10
49
59
19
-19
2
5
8
15
4
-3
-16
15
48
27
-23
-48
-5
25
16
21
25
9
-17
2
50
39
29
21
18
12
-10
16
41
64
55
-6
-32
-43
-4
30
72
58
-6
-54
-35
18
19
22
0
-16
-63
-64
-14
-5
-10
-25
-31
-49
-42
-49
-30
-47
-24
-31
-32
-22
-32
-40
-52
-13
-22
-14
-28
-2
-13
-22
-21
8
26
10
17
17
30
14
24
51
82
81
32
2
-18
0
21
50
45
-2
-42
-36
8
7
18
-7
-18
-39
-35
-2
-17
-14
-24
-16
-32
-40
-20
-27
-26
-32
-11
-13
-17
-28
-31
-9
-2
-5
-30
-25
-21
-8
-10
-14
4
7
-5
8
40
67
44
32
38
43
48
15
32
-7
-4
-3
22
25
-16
-25
-38
-17
-1
22
11
-23
-40
-39
-10
10
-6
3
-2
10
16
19
28
11
22
3
26
18
10
-9
-13
14
7
4
-18
-9
15
13
6
12
5
-26
-4
28
41
10
-9
9
14
30
24
29
6
13
21
43
33
-5
-19
-19
8
22
22
-17
-37
-37
1
30
29
13
4
-22
-27
1
19
16
-16
-12
-15
-11
-6
-4
-7
-24
-17
-28
-41
-50
-40
-19
-18
-11
-21
-40
-32
-20
6
8
7
-2
-16
-14
-10
-1
1
3
18
33
43
32
22
15
6
26
40
45
17
-17
-12
16
43
45
45
32
20
18
16
15
-6
-17
-24
-33
-29
-37
-45
-35
-16
0
-21
-56
-61
-47
-29
-31
-44
-55
-63
-51
-16
17
0
-16
-22
-10
2
6
4
-14
-30
-21
11
43
42
33
24
19
41
47
53
30
5
-3
10
37
38
33
21
15
20
29
44
37
23
7
2
10
11
-7
-22
-26
-19
-27
-38
-33
-35
-28
-13
5
6
-8
-8
8
23
13
-12
-29
-40
-44
-32
-1
-2
-7
17
38
70
62
48
30
5
8
7
3
-21
-31
-25
-1
28
49
62
54
59
54
31
5
-12
-30
-37
-25
-19
-14
-14
7
23
42
37
15
-6
-19
-36
-41
-37
-44
-52
-45
-27
8
2
8
24
9
-6
-30
-37
-28
-32
-23
-21
-26
-15
-2
-7
-2
-5
-3
-3
-1
1
15
14
45
46
33
48
38
61
16
-5
-35
-33
-57
-60
-51
-46
-18
10
66
82
83
66
55
20
-1
-71
-77
-134
-143
-177
-176
-83
-46
75
165
266
264
230
172
91
-74
-162
-332
-338
-387
-266
-141
53
239
375
490
428
359
187
-13
-197
-411
-524
-568
-521
-313
-96
173
412
587
635
628
456
229
-62
-343
-530
-641
-657
-491
-340
-9
237
437
639
637
602
421
224
-46
-285
-544
-676
-672
-622
-416
-208
91
311
514
614
647
529
356
127
-59
-254
-415
-498
-492
-478
-364
-193
-18
225
386
535
603
542
387
196
-57
-267
-441
-539
-526
-434
-231
7
196
368
438
416
377
226
127
4
-156
-155
-244
-247
-203
-191
-101
-40
42
121
115
110
103
38
2
-64
-74
-51
-46
-7
27
-30
-67
-126
-190
-150
-193
-44
-8
100
195
208
269
119
81
-96
-168
-197
-194
-91
20
101
173
203
138
156
-34
15
-117
-97
-46
-87
-4
15
17
30
-14
-56
-55
-138
-64
-43
-38
42
31
27
69
63
33
81
-23
-23
-14
-113
-6
-121
6
26
14
110
63
11
21
-103
-95
-36
-92
54
19
69
151
71
78
-19
-70
-159
-175
-120
-70
60
107
229
262
173
113
-3
-146
-260
-195
-224
44
20
244
241
165
223
-52
-67
-138
-218
-164
-70
-81
180
62
182
138
14
131
-177
94
-148
-25
5
-156
107
-90
-9
159
70
96
148
26
117
-60
31
-56
-60
-125
-27
-60
53
9
75
68
-193
-27
-126
-190
20
114
71
179
181
-102
119
-196
-226
77
-321
93
34
23
412
-251
288
-209
-87
-71
-164
83
39
76
123
172
-368
286
-281
-130
38
-77
123
126
30
194
168
-245
-11
-76
-124
-58
85
-24
98
-8
-141
243
-434
207
-162
-174
256
-411
500
-148
156
126
-38
-247
96
-399
87
-42
-205
380
-43
55
105
256
-362
345
-398
204
-490
252
-308
212
74
72
181
-67
344
-291
276
-160
-194
33
-109
-173
145
-5
136
78
238
-137
249
-178
62
-49
-100
36
-410
218
-163
-28
376
92
69
160
-207
37
-194
-210
69
-143
-88
297
-220
-74
381
-367
13
360
-475
430
40
-54
117
149
-81
-116
257
-410
325
-149
29
38
232
-1
164
225
-70
-100
48
-381
-229
202
-633
554
-199
84
353
68
10
100
89
-518
408
-625
280
-254
167
-136
271
133
-245
601
-324
-30
72
-147
-215
52
-70
50
-32
166
-117
-3
164
-340
422
-261
128
-31
-5
-42
45
-233
-23
14
-244
277
-6
18
215
127
-152
195
-110
-89
50
-69
-268
332
-386
-2
116
-45
285
-199
-8
455
-1012
767
-512
-291
554
-647
627
-275
165
180
-230
68
-37
-284
115
-172
234
126
287
-165
380
-345
59
-180
-322
278
-479
39
189
201
-373
811
-489
-78
270
-685
-121
488
-501
698
66
126
50
-78
-110
-382
53
-104
-128
374
307
-173
805
-203
-173
243
-856
-346
292
-623
477
525
104
660
182
-358
227
-409
-635
-23
-27
-241
609
107
109
363
-316
34
-354
-22
68
73
114
128
243
-390
78
-323
-213
105
-176
372
-173
666
-304
235
58
-545
165
-379
143
-107
217
-121
236
-162
-155
-103
-16
131
-85
465
-7
-10
118
-440
54
-324
-24
-47
97
506
32
311
15
-268
192
-668
-30
82
-89
77
558
-103
60
124
-291
-218
-7
187
-494
698
-182
284
-112
-234
149
-508
137
-163
252
-11
360
-166
170
-168
-150
-156
-179
166
-63
193
317
-32
257
-156
-285
297
-738
429
-152
-95
696
-412
153
301
-436
129
-335
301
-564
439
-118
-18
469
-203
162
-184
4
-286
54
105
-489
1060
-704
395
-25
3
-201
-190
182
-374
302
-366
593
-433
404
-235
132
-197
177
-377
163
-215
124
-39
-263
686
-767
950
-801
681
-207
-291
531
-600
538
-517
495
-512
91
586
-886
771
-254
-215
390
-532
452
-351
342
71
-91
208
-211
147
-647
492
-479
-70
219
22
141
158
354
-385
194
-112
-651
449
-281
330
-48
406
101
-368
201
-621
289
-252
116
340
365
-135
364
-29
-787
350
-610
-398
637
-260
598
100
571
-317
78
-212
-624
415
-612
435
248
-24
251
212
-440
54
-316
34
-506
549
-78
123
554
-414
511
-614
126
-530
162
-403
259
420
-463
884
-398
36
80
-323
37
-310
534
-716
861
-389
-47
357
-529
354
-330
528
-347
219
212
-324
301
-557
110
13
-193
203
-19
438
-673
834
-641
196
-132
-312
366
-491
250
80
128
-423
826
-394
-34
137
-194
-110
-207
169
-91
12
128
357
-189
280
-210
180
-631
520
-645
84
248
-130
559
-645
976
-800
116
358
-574
449
-83
-3
-94
402
-322
4
299
-370
327
-170
-301
466
-408
187
37
154
-187
-173
365
-634
553
-454
628
-779
655
-111
-199
198
61
-323
537
-567
220
-92
-173
548
-624
440
-52
-138
182
105
-299
367
-226
-213
148
47
-385
467
-351
408
-548
515
-427
450
-329
315
277
-367
160
-315
306
-586
119
337
-376
382
298
-506
755
-646
192
-98
-308
86
138
-75
-42
187
123
-455
534
-578
367
-222
168
-123
-159
248
-172
153
-273
240
-20
-82
342
-172
237
-38
-271
271
-423
117
-243
273
62
-120
445
-221
96
-134
-59
25
-519
369
-150
-139
358
26
94
-283
434
-140
-635
946
-873
324
174
-49
-103
183
-115
22
-125
-180
370
-688
917
-642
687
-620
495
-100
-635
831
-1013
857
-910
746
-435
193
497
-737
775
-355
-186
281
-385
302
-176
300
-189
-68
271
-357
345
-138
279
-201
463
-417
137
44
-569
467
-343
-55
355
-216
381
-116
85
13
-353
333
-801
705
-244
33
469
-535
516
-538
441
-211
-372
934
-1014
875
-374
22
214
-203
-3
-261
444
-605
538
-184
-11
244
-351
212
-293
120
30
-218
620
-508
487
-292
284
-513
300
-233
-151
405
-120
68
330
-169
-6
77
-437
321
-389
123
58
340
-711
1043
-939
417
12
-197
109
-143
198
-266
299
-104
-130
121
-84
-147
173
-58
-7
66
177
-277
321
-129
53
49
-132
103
-222
19
-213
443
-768
826
-239
-210
601
-610
384
-411
219
-400
439
-522
601
-167
-230
605
-732
624
-409
-44
397
-281
34
271
-384
171
-24
-228
274
-106
46
-81
177
-138
187
13
-235
15
30
-179
124
-55
130
49
79
-83
87
91
-446
723
-614
215
-52
347
-791
938
-658
341
-131
-64
412
-692
865
-830
454
-35
-338
184
285
-571
528
123
-614
630
-689
334
-271
382
-238
245
98
-308
272
-472
446
-370
157
192
-59
130
-304
539
-765
331
-38
-289
404
-170
624
-966
1154
-1021
287
182
-577
472
-222
385
-470
558
-389
80
-57
-58
162
-102
294
-149
155
-146
298
-440
-35
229
-561
674
-726
840
-349
86
412
-710
724
-809
384
-332
125
136
-222
642
-658
522
-109
-340
412
-355
-66
428
-471
427
-351
207
204
-632
840
-858
608
-251
295
-182
159
-158
13
-130
-66
448
-672
640
-383
189
-130
471
-754
670
-262
-133
-33
188
-525
391
182
-263
405
-259
212
-397
346
-360
221
-171
37
422
-618
607
-461
313
-489
343
-298
-48
424
-359
449
-63
-403
499
-642
360
-164
-20
221
-561
834
-907
752
-446
385
-192
25
286
-476
488
-456
695
-1052
937
-565
-343
790
-747
642
-704
1484
-1708
1274
-432
-309
541
-546
405
-490
388
-240
3
72
243
-456
719
-294
-27
297
-261
89
-389
289
-138
-352
711
-352
281
-267
564
-726
319
70
-379
408
-155
216
-430
593
-609
191
21
-24
-266
335
73
-572
1216
-1079
729
-208
-182
117
-321
334
-466
644
-461
607
-605
375
-37
-429
515
-515
302
5
-196
365
-425
130
166
-291
86
307
-391
320
70
-454
680
-703
253
12
-213
362
-389
712
-716
572
-245
-145
452
-688
577
-461
-48
430
-841
991
-551
273
433
-914
1129
-1200
598
-116
-469
796
-926
980
-903
608
200
-744
1110
-840
530
-322
171
-366
199
-91
-225
256
-135
248
-318
644
-395
80
190
-337
-26
152
-172
-135
399
-484
523
-533
495
-381
499
-646
468
50
-494
840
-936
961
-629
9
339
-770
605
-403
305
114
-353
919
-1020
717
-574
497
-634
120
617
-1278
1376
-758
155
292
-534
569
-550
366
-168
225
-29
-37
167
-346
282
-398
326
-276
215
38
3
37
-119
-64
250
-458
219
77
-313
484
-240
148
95
34
-150
-91
159
-598
747
-895
971
-664
260
320
-679
1064
-951
770
-536
284
-417
267
-393
142
150
-306
478
-119
98
-63
393
-650
553
-470
-101
274
-492
441
-199
178
-64
84
-28
-51
95
147
-32
129
-347
345
-519
228
-159
-193
556
-831
1031
-749
569
-115
-101
482
-865
730
-723
518
-478
360
-24
-284
546
-495
379
-155
64
81
-290
314
-187
-112
258
-115
-25
-18
168
-356
197
104
-19
81
-65
184
-292
209
-428
426
-312
-63
336
-509
432
-194
426
-347
317
-16
-130
112
-238
54
-137
169
-215
194
208
-448
652
-750
763
-778
263
28
-108
-5
177
-57
-191
451
-546
669
-448
243
-64
-14
-304
33
179
-307
314
110
-37
116
-341
258
-271
-136
337
-354
409
-195
182
-77
139
-202
-261
627
-873
936
-805
784
-539
18
410
-633
254
-32
-204
279
-168
244
-107
220
44
-208
564
-792
413
-325
29
92
-404
877
-734
552
-362
76
-126
-135
335
-534
887
-859
920
-610
226
-13
-92
-122
174
-211
32
184
-85
-45
214
9
-131
246
-239
196
-454
360
-296
49
150
-164
277
-193
249
-107
-81
215
-379
489
-340
24
191
-222
56
-154
237
-326
351
-431
671
-601
368
236
-558
743
-665
335
-147
-151
116
-175
99
-69
75
121
12
84
-319
601
-645
144
225
-553
677
-624
491
-1
-371
385
-281
158
-287
321
-265
321
-218
262
-71
-31
31
-50
197
-673
877
-1086
1021
-875
738
-400
54
486
-592
619
-596
377
-339
317
-334
166
77
-250
349
-391
428
-328
179
149
-333
267
-98
24
84
-320
469
-609
456
-423
281
-195
-239
854
-1180
1430
-998
628
-370
133
77
-652
767
-682
537
-270
266
-167
-260
547
-704
317
-144
62
203
-19
-26
141
-101
-89
163
-290
119
67
-216
329
-179
96
-143
99
-84
-80
133
23
-137
387
-249
85
-138
152
-25
-358
575
-474
173
289
-188
-264
598
-896
931
-712
459
25
-412
592
-611
509
-927
1079
-879
419
252
-320
269
235
-257
101
-199
-22
226
-766
1022
-913
625
-389
289
-73
-213
502
-592
874
-952
707
-261
-318
347
-48
-240
176
107
-109
45
-75
131
-168
216
-145
76
-189
604
-695
431
89
-663
488
-345
399
-598
800
-418
168
-26
-58
277
-854
1247
-1122
686
-228
-308
672
-921
767
-632
411
-3
-146
441
-275
187
-61
-180
17
-214
30
175
-134
73
94
-20
-147
165
-207
224
-58
-112
326
-208
-288
293
160
-712
580
-135
-153
312
-27
195
-524
450
-350
41
-247
751
-846
566
354
-1080
886
-549
63
97
135
115
-117
116
128
-130
-381
468
-471
235
-94
110
-155
239
-132
36
11
-150
327
-250
290
-247
315
-268
65
-169
9
24
-271
666
-832
572
104
-382
696
-383
177
-459
362
-340
213
5
-119
118
-93
20
-148
30
98
-28
210
-42
-282
560
-758
530
-280
-3
-18
274
-276
308
-139
-141
294
-324
246
31
253
-423
709
-800
262
-244
-204
434
-519
614
-5
-273
534
-651
17
503
-939
1011
-481
-39
428
-540
648
-461
-65
251
-426
453
-100
342
-233
365
-401
116
-191
-320
609
-657
430
-28
55
-148
440
-692
313
-145
-356
350
-233
351
-19
84
152
-247
48
166
-388
303
49
-224
106
7
-106
34
102
-127
459
-312
304
-182
-281
335
-614
297
-366
85
-26
197
-47
243
69
-338
358
-253
-228
516
-142
44
224
-159
286
-548
653
-737
424
-319
402
-216
205
175
-702
745
-916
290
122
-320
335
-119
297
-517
409
-351
115
-69
65
349
-384
599
-355
84
-149
108
9
45
46
220
-338
281
-300
84
-60
29
271
-354
577
-509
-60
10
-628
292
-436
335
230
-67
384
-124
226
-508
240
176
-408
365
385
-188
150
-15
38
-511
73
124
-291
118
204
-27
75
35
225
-69
-400
284
-705
320
-486
177
62
-426
854
-709
844
-405
518
-106
-175
469
-502
457
-305
58
21
-254
210
-154
-128
300
-132
196
-289
420
-315
73
131
-209
2
-45
-256
-154
197
-204
288
54
101
77
-235
105
-246
-183
628
-168
326
312
91
-17
-221
-33
-469
-111
244
-252
574
-67
210
-205
-213
48
-514
438
-249
201
40
-116
237
-505
191
-69
-111
334
129
129
66
-149
-14
-265
-140
171
98
-132
631
68
-120
201
-438
29
-538
193
-111
-45
295
94
64
-96
-115
-195
-81
-368
160
175
136
79
369
-244
-89
-52
-408
208
-89
243
299
236
-28
38
-110
-354
-290
89
134
-209
761
63
11
-174
-421
8
-733
325
-60
81
394
186
173
-229
-184
-249
-122
-127
-74
655
-91
208
530
-432
54
-106
-207
-2
-93
175
121
-3
85
40
-282
248
-307
205
21
-187
224
-210
92
-228
137
-500
319
-219
7
312
-86
300
103
114
-52
-44
60
-57
-121
-47
105
103
-4
263
-214
-86
-154
-66
-107
16
232
74
153
201
-286
82
-266
-130
-85
-133
216
-70
215
-56
51
-280
151
44
27
302
50
241
-136
27
-152
-393
-20
-203
99
204
29
273
43
-118
-59
-160
-150
-51
1
-147
398
-177
92
308
-388
-8
-32
-211
-57
198
45
179
-52
370
0
-198
44
-173
-321
-125
224
-313
394
136
35
-42
-169
7
-148
-95
144
240
-58
308
-133
-60
-308
-240
63
-135
185
450
-14
9
76
-154
-225
-81
-73
-54
227
64
93
120
-143
-106
-57
-38
-118
81
178
-69
-80
62
73
-170
212
-27
122
-124
243
-28
-200
152
-294
23
-150
29
161
136
109
67
9
-172
-126
-279
-58
-36
157
166
267
132
-2
-146
-296
-145
-54
72
176
259
219
176
-71
-126
-313
-148
-77
-41
280
72
-8
118
-229
-67
-4
79
92
-3
188
-175
-139
-199
-11
11
-198
328
-4
77
67
-11
7
-63
59
91
57
-2
92
-92
-2
-245
-7
62
-143
15
161
-154
60
102
-158
174
-210
234
-120
-28
78
-246
87
-118
-38
34
-92
75
-73
101
127
97
59
46
39
-77
46
-86
-3
53
-150
58
-74
-62
63
11
33
4
160
-158
-26
-213
-88
-62
4
106
66
237
-14
-22
-118
-167
-54
18
34
246
44
138
66
-195
-63
15
-103
161
46
59
77
-93
-60
-53
-22
-53
21
48
-136
26
-130
-33
-101
-60
293
-198
304
74
-28
-13
-92
42
-42
5
78
57
-70
44
70
-33
91
62
93
8
-71
84
-203
-73
-13
38
-136
118
14
-200
-22
-100
-14
-10
110
84
-3
127
61
-49
29
-82
18
-8
15
116
33
29
-8
-49
99
-105
36
33
-64
68
-83
77
-90
-12
-133
-122
2
-100
75
48
29
-32
12
-98
-69
-15
165
-58
195
96
-54
171
-169
-51
21
26
-3
191
45
-53
-129
-61
-111
-111
-15
106
-8
50
90
-69
-35
-206
63
-105
16
126
118
-49
-79
19
-163
82
-28
128
152
-26
167
-36
-42
45
-102
-26
118
-77
43
-1
-154
19
-65
-1
-45
68
-21
34
-90
37
-1
17
40
-62
27
-99
100
-9
29
26
67
-23
-36
80
-35
76
-23
94
8
-48
13
7
-72
7
-5
-2
-4
-28
-65
5
-104
38
45
-31
131
-83
144
-54
-46
32
-116
69
-6
130
54
-17
33
-101
-48
-106
39
13
87
112
39
0
6
-33
-109
11
-66
9
81
-30
47
1
-110
-6
-96
-20
10
9
119
-2
137
-16
-12
-3
-27
-29
-66
28
-6
-36
12
-35
-33
40
-72
117
-54
127
33
70
-66
-48
-9
-185
13
-55
10
81
-34
28
42
-134
54
-41
44
91
60
42
12
-51
-48
-65
-140
37
-10
45
59
83
-5
3
-3
-56
-39
7
21
32
56
20
-4
-96
-21
-61
-3
16
48
70
-5
-8
-20
-5
-12
12
88
-54
66
8
-33
-40
-39
62
-108
76
38
34
7
11
15
-111
-18
-3
-42
46
121
20
45
-17
18
-65
-45
66
-114
76
28
-48
11
-42
12
31
-8
76
-15
12
44
-24
8
-64
41
-58
46
-62
35
24
-74
46
-91
93
3
26
59
-9
12
-62
34
28
-51
46
-17
-16
-7
28
-76
-27
18
-9
85
-61
79
-58
16
-56
-68
-38
45
30
-44
89
3
-9
-1
-15
56
-52
41
77
-85
-54
-27
-39
-45
18
73
58
4
10
20
-44
-79
35
-28
-4
-4
15
9
-36
12
-77
-39
-53
85
44
18
53
-43
43
-51
27
8
6
60
-26
1
10
-57
-13
-25
-9
44
48
-1
2
-37
-21
-26
-75
95
-81
44
48
-41
18
19
-35
-38
40
-10
14
66
9
-31
17
-54
-27
7
13
57
38
81
-13
19
8
-68
-34
-67
-21
31
29
42
22
-29
-22
-73
-17
-25
13
65
25
52
7
20
-58
-41
-7
-7
20
29
25
4
11
-30
61
-37
105
-17
-7
59
-77
17
-42
-26
-28
-18
-30
39
-62
11
8
-34
20
14
65
-35
61
-35
-5
-39
-21
57
-32
10
-12
0
-9
-28
77
-2
50
49
5
-31
-28
-25
-68
-5
-14
17
-21
-9
-23
-47
-2
-25
14
27
11
41
-11
21
37
-39
25
-24
-48
31
1
-18
54
-1
-5
24
-30
22
-27
-42
60
-34
-8
78
-38
-9
-25
-43
-45
-7
-1
14
-3
20
13
3
-13
40
-15
34
-3
19
1
-9
-5
2
21
23
48
-3
27
-72
4
-91
0
-8
16
48
-24
36
-2
-26
-20
-39
41
-11
45
29
-9
33
-18
8
-27
53
-11
1
25
-60
33
4
-4
51
-14
44
3
-43
-30
-10
-49
-29
50
4
60
8
-2
1
-76
28
-21
-20
63
-38
48
-13
8
34
-25
44
-7
16
-11
-3
-19
-9
-19
-2
2
-10
-41
37
-53
26
23
-56
60
-72
45
-13
8
22
7
29
-34
50
-20
2
-17
11
-16
-6
16
-26
31
-23
-10
-14
1
27
-27
6
29
-41
13
-14
-6
-23
26
11
-34
3
-9
-9
-60
19
44
4
40
78
-28
58
-27
5
15
-36
41
-61
-49
-7
-37
-42
6
-10
27
20
41
-29
5
19
-5
25
18
9
-14
-31
-10
-39
-5
38
5
32
7
28
10
10
-6
4
-11
33
6
-1
10
-38
-23
-14
-67
25
-33
2
30
-3
54
8
11
-18
11
-25
6
-27
16
47
0
34
-19
24
3
-2
-21
30
-2
4
53
-55
6
-60
-5
-21
2
14
33
21
-48
-7
-47
-9
-38
48
35
-8
55
27
-54
-16
-53
29
-10
55
33
16
48
-47
32
-29
-10
-22
-6
0
-35
21
-19
-29
27
-13
10
35
-31
22
-8
-31
10
-30
43
7
-11
13
-21
-6
8
21
16
20
4
24
-7
13
14
-3
10
-1
-32
9
-9
-62
32
-51
7
-8
11
0
-3
25
-7
21
-29
42
-35
3
22
-46
32
-26
5
-18
24
31
4
26
-3
6
-4
5
2
-24
3
-23
-30
-11
-6
15
-12
-6
2
-22
7
7
11
-13
-24
22
-38
6
17
2
8
-1
23
-10
-6
1
31
4
22
22
-5
-15
-13
-34
-9
-10
-7
12
4
-8
3
0
-3
-4
-1
16
-19
12
-9
-2
-20
-12
2
11
2
14
21
3
31
-6
23
15
-1
-2
-5
-23
-28
27
-37
10
17
-8
16
-21
-13
-4
-28
9
20
6
21
-22
10
-29
-7
2
15
-14
31
10
-15
24
-9
7
17
14
-2
4
-22
7
-9
-25
44
-13
22
0
-17
-15
-23
-13
-18
-2
-15
48
-5
-4
2
8
-30
9
22
31
17
13
-1
-34
19
-40
22
3
-2
33
-23
15
-20
9
-10
-29
16
-7
-5
5
-15
-2
-3
4
-31
-9
-25
11
5
-22
39
-4
14
-11
18
11
10
29
26
-11
-21
19
-30
-32
-2
-13
-3
-1
1
9
-15
-9
-21
-1
-10
17
26
6
3
-9
-9
2
-15
4
14
-20
2
16
-11
-11
19
-7
41
35
9
26
-29
0
-15
-19
9
-16
5
-14
-15
-31
-7
-2
-32
22
21
4
30
10
-1
-4
-9
12
-1
10
27
-5
-12
13
-31
12
-12
2
16
-22
22
-14
10
14
-4
-11
-17
-9
-14
-15
-7
14
-5
14
15
-28
1
-32
8
-9
17
21
1
3
8
17
-20
41
-11
-12
3
1
-2
-22
6
-13
-33
4
19
-17
14
5
-8
-9
-12
1
16
-6
15
6
-6
10
-18
-9
12
-31
9
17
-10
26
5
44
1
-3
16
-21
-17
-10
-3
-3
9
16
-10
-4
-21
0
-8
17
21
13
9
13
-7
-16
0
-33
-11
5
7
28
-5
18
16
-6
16
-5
19
0
-8
4
-7
-3
-3
-11
-12
-30
2
-3
11
-2
13
4
-3
3
-13
3
-12
-2
18
-10
-12
4
-11
-24
8
-14
21
12
7
24
-27
15
-32
-2
-9
-12
7
1
2
0
-10
-13
0
-10
15
-4
7
-16
3
-37
0
-2
-10
35
-25
31
5
0
-4
19
-1
5
15
2
-2
-13
0
-34
-7
13
6
-1
19
-5
7
7
-13
24
4
9
18
-14
-7
-10
-13
-3
-13
24
4
14
4
17
-1
-3
26
-28
11
4
-17
15
-15
8
-7
3
-4
9
7
-14
23
-29
-2
-2
-4
0
0
3
4
-2
0
2
-2
9
8
-5
9
-3
-9
-5
-26
0
-7
-8
0
1
0
10
-4
4
-4
11
-9
4
5
1
12
-6
-9
-7
-3
-15
-3
6
-1
15
12
18
2
-17
8
-31
0
-1
7
9
6
8
-7
9
-10
8
-8
0
-4
4
-2
-11
3
-3
16
14
20
13
22
-20
-5
4
-18
7
4
1
2
-10
-14
-18
-28
-3
-3
4
19
11
25
2
2
-1
-3
-11
0
-2
-13
4
-12
-1
2
-18
16
3
4
22
-11
16
-12
-8
1
-15
6
1
-13
-9
-10
-5
-11
6
-4
2
1
15
-7
15
11
2
2
0
8
-10
8
-4
9
9
-6
11
-3
1
5
-2
4
0
-7
11
-14
-10
15
-14
10
-5
9
9
-4
0
9
2
-13
19
2
-9
2
12
-1
-10
7
11
-14
3
18
-22
-1
8
-20
8
-18
9
-9
-8
10
-12
3
1
1
-14
2
-7
-11
-1
-6
-5
7
3
12
-9
0
-14
-9
0
-4
19
-5
22
-13
-3
-14
-16
1
-12
9
2
11
-9
0
-4
-9
-8
1
4
6
17
2
1
2
-5
8
-11
5
9
0
9
-10
2
-4
-3
-3
-2
5
10
7
10
5
6
7
4
-18
12
-13
0
13
-9
5
-3
-11
-3
5
-6
19
-1
13
7
7
-6
4
-15
8
-7
-10
3
-13
17
-15
3
0
3
2
11
12
2
8
7
-10
-12
-2
2
2
-3
7
-2
2
-5
5
2
-10
9
-5
-3
-1
-8
7
4
-8
15
-8
4
7
0
5
6
2
0
11
-3
3
0
0
2
-19
6
-10
-1
19
1
21
-9
-5
-1