1
-2
-3
-4
-5
-1
-7
-4
-8
-6
1
-2
-4
-8
-2
1
0
3
-3
5
8
4
1
-2
2
0
2
5
6
9
14
7
5
12
9
4
1
3
-1
-4
4
3
2
1
0
3
1
6
8
1
3
1
1
4
0
-4
-4
-3
3
-4
-11
-4
-6
-3
5
4
3
3
0
2
1
-1
0
1
-2
0
-4
-4
-1
-5
-5
-4
-1
-4
-6
-2
-7
-5
-5
-6
-4
-3
-1
-5
4
-1
-7
-7
-3
-3
-5
2
-7
-4
-7
-7
-7
-8
-4
-11
-16
-5
0
-1
-3
-3
3
5
3
3
-2
1
2
-6
-5
-4
-1
-2
4
1
-1
4
-1
1
6
4
2
7
1
5
5
-3
4
1
1
4
2
6
4
9
14
6
10
2
3
6
3
-1
-3
-3
0
3
-1
3
3
2
4
10
4
0
3
3
5
-3
-2
-3
-7
-12
-2
-2
3
5
4
9
7
8
9
3
2
3
-7
-6
-5
-1
2
-1
3
7
7
4
-1
-5
-4
2
-4
-6
-6
-6
0
-4
-4
3
4
5
6
2
6
2
-4
-2
-2
1
-1
-3
-4
-1
-4
-3
4
-4
0
-1
-3
-3
0
1
-6
-10
-10
-10
-7
-5
-5
-1
-3
5
-1
3
5
4
2
-1
3
0
-1
1
0
-8
-5
-3
-4
4
2
1
4
6
2
2
2
-4
-5
-1
-2
-2
-2
-3
-4
-3
-5
1
2
-3
-4
-3
0
-5
-7
-5
-4
-1
-4
-1
2
2
3
1
7
7
0
3
1
3
1
0
5
1
-4
5
8
6
10
6
10
7
5
1
6
5
4
7
0
1
4
7
5
7
0
7
9
0
-1
1
3
0
-4
-1
-3
-6
3
1
1
-3
-5
-5
-5
-3
-3
-4
-2
4
2
-3
-9
-5
-3
-8
-3
-3
-2
-3
-6
-4
-2
-1
-3
-3
-3
-3
-3
0
2
1
-3
0
-2
-1
0
-4
4
4
1
1
7
4
9
7
-3
0
0
1
-4
0
-2
-4
-4
-1
5
3
6
6
12
4
4
5
4
1
-4
3
-1
8
9
5
5
3
-2
-1
-1
1
3
-1
-8
-8
0
-5
-7
-6
-8
-6
-8
-7
-6
-5
-5
1
-3
-4
-4
-7
-10
-3
-3
-1
6
0
1
3
1
7
-1
0
2
1
-2
-1
3
3
4
3
3
6
6
5
7
6
4
3
2
-2
-5
-4
0
6
9
4
1
3
5
4
-2
2
2
1
-6
2
-2
-6
-4
0
2
-1
3
2
5
9
2
-5
-3
-4
0
-3
-3
1
0
-2
0
-1
-2
1
2
4
2
2
5
4
1
3
1
3
1
3
1
-6
2
0
-5
-6
-4
-6
-6
-7
-3
5
-1
1
-2
3
3
-1
3
2
-4
2
3
-5
-2
-7
-8
-4
-3
-3
3
-1
-3
-4
-5
-2
-9
-3
2
4
1
1
5
4
4
8
-5
-1
2
-2
0
-4
2
2
-3
-3
0
-2
-1
-5
-3
3
-4
-6
-1
-3
1
-1
-4
3
2
2
-3
5
6
-2
3
2
-3
-2
3
-1
5
5
-2
0
2
-2
0
1
-1
1
-8
-1
-1
2
8
-2
6
0
-3
3
-1
6
6
8
-3
2
-1
-2
0
-2
1
-5
-4
-5
-6
-3
0
-2
1
3
9
5
-2
3
1
-3
1
1
-2
-4
-2
-3
1
4
-1
-2
-1
1
4
2
-2
-3
1
-6
-6
-1
-6
1
2
5
12
4
5
-1
-5
-1
2
3
0
3
0
4
0
-2
8
3
5
7
-3
3
0
-5
0
1
-1
3
-2
-2
8
3
-2
2
5
1
1
0
2
2
-6
-6
-6
-9
-3
-4
-4
4
1
2
2
1
3
0
-6
-5
-3
-8
-1
-6
0
1
0
-5
-6
-1
-4
-3
-4
0
-5
-4
2
3
5
6
3
3
-1
-6
-1
1
0
0
-4
-6
-8
-3
-2
-3
3
5
2
7
1
1
1
-4
0
5
4
2
2
-4
-3
-5
-1
-3
0
2
-8
-1
-2
0
7
3
-3
1
-2
2
6
0
-1
7
8
0
-2
-2
-2
3
4
0
-2
3
2
-1
0
-3
-1
-3
2
1
-5
4
3
-1
5
1
3
7
10
10
3
-2
-2
-6
-5
0
-1
3
-4
-4
-4
-8
-2
-4
2
-3
-3
-1
2
1
-6
-2
-4
-2
5
5
7
6
6
2
1
3
-1
0
2
6
6
0
0
-7
-4
-2
-9
-1
-4
2
14
-1
-1
0
-3
4
2
-3
-2
-1
-8
-3
0
2
-2
2
0
-2
4
3
4
0
-1
-5
-8
-1
5
-2
-2
-4
-2
-2
-2
-5
1
0
-7
0
-6
-4
2
-3
0
0
-4
-1
-3
0
5
2
-2
6
4
-7
-3
1
-2
5
9
1
0
0
-1
0
0
9
-2
-1
6
-5
-7
-6
0
-10
-6
7
-5
8
9
9
14
5
1
-1
-7
-1
7
-2
0
1
-4
9
6
3
14
-1
3
15
3
6
2
1
1
-4
2
3
4
-4
-6
0
-4
0
10
0
-6
2
-12
-5
1
-13
-1
-4
0
-4
-5
12
-5
4
-2
-11
-3
-5
-2
-2
8
-8
-11
3
-1
-1
3
5
0
12
8
-1
5
0
1
10
3
-3
1
-4
-3
-3
3
0
-3
8
5
4
1
-6
-7
-1
-12
-2
-3
4
3
4
3
-1
8
-7
4
1
9
3
2
0
-5
-4
-9
7
0
2
-3
-1
-5
-6
4
0
-8
-17
-3
-16
-11
9
-12
-8
12
3
-10
7
1
-10
-6
12
-5
-4
17
-8
-4
2
5
2
9
10
-6
5
13
-3
-11
6
-1
-6
5
-4
-5
3
3
4
4
3
6
8
1
8
-4
-13
2
1
-9
10
9
-5
12
15
10
3
15
3
-13
11
0
-14
3
12
-13
-4
15
1
-3
10
7
-8
2
-1
-6
-11
0
0
-13
-4
16
0
-5
13
11
5
14
18
-17
-7
14
-18
-20
1
-8
-19
-1
20
-16
5
19
-13
-6
13
-3
-20
2
2
-17
-4
20
-12
-13
12
-10
3
15
5
-13
-11
2
-3
-14
0
15
-9
-4
11
5
-4
18
13
-16
-4
11
-15
-28
16
-9
-30
26
0
-21
12
17
-21
10
17
-9
-1
6
3
-27
8
13
-6
-3
18
1
-25
13
3
-16
1
17
-5
-13
17
-1
-25
8
14
-20
-4
29
-15
-22
21
0
-34
17
26
-34
1
25
-21
-12
33
-1
-28
26
14
-6
8
10
-8
-18
24
10
-18
21
13
-17
0
21
0
-22
24
3
-34
12
20
-16
2
28
-8
-23
23
4
-22
4
27
-19
-18
33
-9
-32
34
4
-32
32
10
-13
10
13
-10
-15
26
-2
-19
18
10
-15
-11
11
-8
-17
11
0
-18
4
0
-8
-4
4
7
-5
8
21
-22
0
20
-21
-8
17
-8
-14
9
6
-18
3
8
-13
-5
23
-15
-22
19
-23
-19
16
-8
-24
2
-4
5
-6
5
8
-17
27
-7
-19
10
-6
-6
-3
-15
9
-7
6
15
-1
14
7
7
-7
14
6
-34
13
8
-31
21
-13
-4
1
-12
3
-19
10
-5
-22
16
-8
-16
10
-12
14
-12
13
18
-13
26
-13
-5
31
-25
6
18
-32
11
2
4
-18
30
4
0
23
-6
-1
0
-1
-10
-5
12
4
-28
31
-7
-6
8
5
0
8
12
3
-29
29
3
-49
39
-23
2
-4
6
25
-26
33
33
-52
44
-1
-14
7
-6
12
-30
17
-5
-8
-3
28
3
-12
22
9
-36
37
-6
-17
15
-5
-4
-22
39
-31
19
7
-8
4
-9
5
-1
-12
-12
20
-12
-28
52
-22
-26
71
-50
1
22
-11
0
7
-8
25
-38
-6
54
-65
20
49
-60
24
27
-25
8
12
8
-52
56
-35
-20
37
-45
22
-29
32
-26
-7
49
-67
46
3
-68
62
-63
10
17
-50
40
-26
-41
53
-40
-32
79
-72
12
33
-43
21
3
-11
13
-39
56
-41
-6
54
-26
-11
16
20
-68
48
-11
-39
25
-20
37
-39
-2
69
-88
27
54
-63
-8
62
-8
-80
107
-27
-44
57
-13
-9
17
11
-12
9
-11
9
16
-67
73
12
-82
126
-47
-2
27
9
-2
-28
59
-30
5
11
8
10
-56
67
0
-66
76
19
-84
19
102
-165
55
111
-170
96
47
-81
27
29
-24
6
29
-9
13
-31
22
29
-100
88
4
-70
66
-9
-35
-14
65
-71
5
61
-74
43
-15
-19
67
-100
91
3
-83
106
-35
-28
38
-20
-22
22
-33
26
-26
-13
61
-85
30
40
-94
91
-22
-63
120
-133
53
3
-84
77
-69
5
43
-68
42
14
-64
78
-65
4
40
-55
13
23
-44
-8
56
-91
32
56
-124
95
-19
-52
112
-122
79
10
-119
172
-120
-47
221
-290
222
-29
-153
253
-210
63
105
-151
124
-30
-61
135
-136
70
54
-125
71
113
-207
127
90
-248
226
-108
-32
90
-154
200
-145
-49
268
-285
107
122
-188
105
-44
28
-16
-74
109
-17
-163
200
-40
-155
155
19
-159
123
-21
9
-34
14
117
-164
56
187
-264
142
95
-182
196
-131
87
42
-181
241
-79
-152
268
-185
16
59
-59
72
-145
182
-94
-34
76
-26
11
-102
182
-103
-88
219
-139
-51
116
-31
-81
13
148
-206
93
85
-185
129
-63
-36
69
-153
152
-104
-15
74
-96
83
-101
87
-33
-34
24
9
-43
-3
53
-38
-24
25
48
-102
4
157
-226
93
108
-176
102
-6
9
-58
25
89
-126
17
133
-163
81
2
-18
21
-119
197
-138
-42
176
-103
-48
144
-90
5
12
16
47
-163
226
-96
-94
186
-132
83
-101
134
-14
-201
354
-293
65
128
-204
172
-159
123
-16
-140
247
-227
121
-32
-15
39
-69
91
-23
-59
73
33
-135
121
-4
-100
95
-10
-44
12
22
-12
-45
36
44
-126
105
13
-111
101
-22
-53
30
48
-97
92
-46
-7
73
-150
208
-184
47
72
-106
39
40
-52
-36
129
-154
85
36
-155
202
-161
73
41
-121
154
-111
57
14
-48
76
-74
67
-61
67
-53
-5
73
-99
34
51
-89
20
70
-98
81
-45
30
-7
-18
35
27
-82
76
75
-230
259
-146
20
14
19
-31
-42
120
-152
144
-150
118
-21
-153
250
-215
102
-14
4
6
-72
145
-131
27
44
4
-122
158
-110
-7
53
-54
33
-45
49
-2
-49
48
-21
-11
5
29
-27
27
0
7
-24
70
-137
175
-151
59
39
-101
78
-31
20
-70
132
-144
67
85
-216
233
-131
-48
201
-213
121
-1
-101
130
-121
40
46
-73
34
35
-58
50
-48
77
-134
132
-43
-37
41
63
-126
60
109
-200
190
-74
-8
34
7
-39
96
-129
124
-29
-133
286
-261
117
124
-242
250
-121
14
45
-30
13
22
-56
74
-38
14
2
11
14
-46
68
-22
-80
119
-60
-79
179
-162
39
69
-144
112
-32
-95
200
-246
181
-68
-49
76
-65
16
58
-123
119
-51
-80
127
-98
-14
116
-178
206
-162
-1
222
-340
204
89
-284
201
78
-237
129
137
-300
272
-66
-163
343
-345
194
54
-181
90
143
-286
228
-9
-165
170
-69
-38
59
-16
-79
159
-155
31
113
-128
-61
261
-251
-13
353
-469
262
67
-273
196
-23
-60
-33
175
-253
174
-12
-182
290
-267
95
149
-267
185
0
-137
106
75
-307
442
-339
36
261
-281
54
228
-286
50
274
-463
385
-167
-77
240
-235
101
90
-196
173
-68
-22
89
-112
174
-191
162
-10
-132
178
-120
30
-36
120
-95
-78
291
-307
114
134
-181
86
40
-81
132
-148
48
217
-414
352
-17
-247
224
-14
-92
-13
168
-188
103
-50
57
-7
-137
191
-79
-144
182
-13
-181
163
-8
-77
-20
162
-130
-119
359
-341
115
119
-187
135
-120
141
-129
10
81
-11
-171
240
-80
-137
190
-49
-115
94
113
-313
299
-28
-333
494
-338
-77
430
-480
157
275
-554
545
-269
-134
500
-648
458
-32
-337
350
-53
-315
412
-140
-305
568
-433
-9
390
-400
89
215
-295
146
50
-214
366
-415
177
244
-553
438
-15
-355
386
-131
-80
102
-4
-82
105
-90
65
-26
95
-190
167
90
-413
500
-238
-125
359
-313
102
144
-312
207
136
-504
611
-243
-305
627
-493
58
281
-303
106
108
-108
-2
107
-63
-116
271
-206
-61
382
-422
156
177
-383
402
-323
130
195
-525
560
-173
-292
457
-262
13
-24
225
-250
-90
522
-672
376
109
-386
358
-133
-151
361
-340
59
303
-495
345
-29
-179
113
201
-434
343
58
-456
527
-238
-139
233
-53
-311
492
-308
-205
671
-757
343
164
-362
169
69
-41
-255
564
-686
579
-324
-64
513
-784
675
-194
-336
573
-481
210
-24
-91
218
-332
354
-180
-110
310
-323
107
120
-134
8
131
-69
-100
155
-83
9
-37
89
-55
22
-59
160
-188
-36
348
-549
446
-102
-192
293
-243
130
-85
2
92
-160
227
-146
-67
327
-409
111
315
-459
165
258
-308
-64
491
-635
417
-51
-287
513
-525
290
25
-132
-96
415
-463
157
309
-568
496
-175
-232
430
-254
-135
318
-6
-557
819
-508
-117
622
-697
381
111
-440
394
-15
-326
327
-94
-84
44
58
-50
-3
30
1
46
-149
149
13
-256
251
25
-275
243
111
-387
286
173
-663
751
-381
-148
436
-362
173
-173
211
-54
-291
442
-187
-143
129
196
-464
265
181
-473
401
-89
-109
134
-137
202
-332
234
98
-499
683
-445
5
263
-244
-36
154
37
-278
366
-154
-76
165
-291
554
-784
654
-57
-564
835
-641
208
115
-289
389
-435
360
-20
-477
778
-730
346
-90
16
70
-217
413
-427
122
133
-199
-1
140
17
-232
293
-6
-243
204
-64
74
-259
362
-53
-324
415
-233
-86
220
-133
-17
85
-93
165
-319
265
18
-454
462
47
-535
600
-82
-478
615
-409
65
114
-161
151
-6
-123
181
-55
-255
352
-87
-322
531
-357
-66
289
-328
157
52
-149
85
191
-316
130
191
-381
275
-33
-27
96
-84
79
-63
26
-71
129
-48
-136
380
-351
33
398
-689
506
-175
-138
371
-461
432
-154
-314
502
-239
-223
449
-245
-135
355
-260
-22
142
-106
-14
98
-32
-2
91
-234
232
-96
-179
234
-158
-32
153
-34
-4
66
-76
-13
51
-80
0
141
-251
256
-9
-266
477
-411
89
232
-281
219
-75
-41
10
-47
127
-165
223
-73
-21
102
-64
-27
-19
-112
32
120
-266
389
-159
-253
387
-334
-61
385
-448
247
93
-214
196
-173
158
-188
127
130
-185
118
53
-160
6
156
-16
-88
204
61
-352
276
-155
-90
-15
6
228
-208
126
284
-452
232
35
-194
224
-165
83
-66
43
-52
-47
115
-86
-26
293
-319
-36
36
-268
-64
-48
108
-54
-85
264
-86
-182
310
-173
-55
202
-18
121
13
11
50
79
-68
188
123
-126
344
-202
98
-5
-52
-149
168
-84
-290
505
-474
42
153
-295
180
-85
-108
183
-197
-25
59
-16
-263
281
-65
-122
254
-162
168
-203
169
71
-292
376
-79
-155
296
-113
31
-49
37
139
-273
345
-39
-237
343
-110
-74
131
52
-57
7
56
-5
-170
112
-12
-180
308
-235
161
-9
-210
126
-185
100
-139
-2
229
-239
115
-76
-10
-56
-173
344
-209
106
134
-173
150
-260
208
86
-290
353
-88
-56
-22
22
-159
4
186
5
96
49
-61
-74
-23
-183
76
-4
-42
114
-76
164
-100
-191
266
-94
-128
391
-75
-268
129
-14
-256
119
145
-200
257
-26
7
58
-164
151
-250
279
-111
-14
117
-253
86
-101
208
-35
-42
173
-38
-124
149
-94
-28
-54
39
-50
-2
-120
55
-82
-183
404
-230
108
31
-130
-60
70
14
-175
317
-259
151
88
-208
244
-191
83
69
10
121
-32
36
-120
49
62
-84
87
5
-39
75
4
27
-69
127
-122
77
57
-165
165
-198
86
-100
98
32
-136
128
-146
78
21
-95
86
-26
-58
70
17
-13
60
4
65
-89
89
-42
-40
125
-42
88
88
-30
-5
-7
-52
-29
-17
56
-179
125
14
-195
136
-4
-42
55
10
-29
-17
-146
122
-109
-20
161
-117
73
44
-57
-23
51
-51
-28
54
19
-114
1
-34
-69
104
-115
186
-45
-95
122
-100
-18
62
34
55
51
68
-5
-48
-12
-66
74
-26
40
88
-190
94
-137
34
-8
-79
184
-120
-11
2
-26
-134
58
3
-33
164
-64
-25
109
-107
42
109
-15
7
-7
16
-80
-124
90
-14
-146
185
3
-141
91
-72
19
34
-40
111
-47
113
-138
132
97
-212
210
16
-45
76
-26
52
-33
4
228
-83
115
-19
-31
-30
-110
136
-169
94
36
-162
94
-95
-102
29
-150
-92
15
-236
-219
-77
-164
-175
-8
-12
-85
-14
-90
-78
-50
-81
-61
94
-29
77
246
29
247
229
227
268
329
167
257
228
171
298
274
257
317
310
200
306
131
128
68
-92
-13
-105
-235
-201
-398
-443
-372
-555
-567
-548
-698
-649
-645
-642
-631
-546
-650
-499
-450
-409
-266
-239
-150
1
159
182
434
405
493
735
687
890
945
784
864
867
864
929
957
958
806
922
814
719
661
466
393
173
82
-79
-366
-569
-529
-824
-891
-827
-1156
-1207
-1296
-1436
-1413
-1509
-1496
-1313
-1307
-1219
-1025
-1005
-951
-747
-562
-299
-33
88
433
631
801
906
1075
1272
1194
1449
1536
1358
1509
1369
1367
1377
1196
1290
1274
1261
1153
1204
900
606
297
-116
-214
-422
-328
-523
-750
-694
-1090
-1365
-1395
-1553
-1552
-1718
-1600
-1600
-1626
-1574
-1657
-1583
-1405
-1219
-932
-607
-513
-263
-167
-50
228
489
731
1124
1195
1244
1382
1308
1233
1288
1479
1425
1382
1450
1287
1225
1135
1222
1338
1278
1411
1165
712
-29
-456
-86
97
-72
-310
-533
-841
-1392
-1316
-1282
-1439
-1784
-1985
-1790
-1613
-1573
-1870
-1979
-1967
-1610
-1216
-897
-661
-765
-548
-172
105
403
622
755
1083
1357
1405
1525
1382
1291
1405
1674
1800
1649
1523
1274
1212
1372
1777
1831
1471
1250
395
-672
-230
509
350
-154
-584
-763
-1139
-1589
-1247
-1060
-1674
-2292
-2153
-1607
-1350
-1771
-2168
-2080
-1961
-1452
-964
-554
-648
-656
-335
84
565
563
647
1112
1368
1519
1589
1536
1166
1023
1503
1832
1794
1415
1043
791
1071
1581
1700
1710
1083
-218
-912
-281
661
424
-294
-737
-857
-1084
-1289
-939
-903
-1720
-2277
-1980
-1127
-919
-1601
-2159
-2171
-1557
-1022
-676
-455
-523
-598
-254
433
902
667
693
1069
1507
1704
1524
1292
948
1007
1427
1822
1598
1044
613
585
864
1503
1830
1291
539
-194
-607
-538
303
531
-138
-910
-931
-659
-890
-1169
-1205
-1369
-1898
-2064
-1445
-951
-1471
-2155
-2047
-1432
-1078
-933
-723
-586
-501
-259
169
589
649
669
1189
1681
1643
1336
1172
1269
1289
1482
1900
1693
1179
814
802
1213
1529
1792
1345
818
461
-514
-848
40
671
-2
-930
-920
-637
-1004
-1473
-1237
-1158
-1956
-2523
-1857
-1024
-1304
-2045
-2218
-1886
-1389
-1114
-717
-436
-513
-371
-131
425
799
713
999
1457
1564
1394
1425
1351
1223
1537
1937
1932
1359
992
997
1066
1591
1980
1552
971
-81
-653
-232
639
530
-473
-859
-703
-829
-910
-865
-1257
-1737
-2164
-2012
-1429
-1203
-1528
-2124
-2381
-1728
-1149
-812
-888
-873
-440
-209
-101
263
757
794
960
1363
1459
1181
1106
1298
1603
1858
1775
1269
1119
1013
1011
1402
1632
1429
926
683
123
-280
119
544
-133
-597
-558
-461
-675
-934
-992
-1308
-1580
-1837
-1820
-1398
-1106
-1410
-1842
-2068
-1689
-1115
-844
-841
-439
-292
-526
-427
341
893
919
1017
1149
1031
1015
1408
1756
1771
1632
1270
1042
1199
1164
1305
1310
1244
980
997
648
-173
-170
509
388
-424
-508
-378
-671
-1051
-758
-791
-1265
-1912
-2041
-1495
-983
-1053
-1391
-1883
-2261
-1791
-924
-462
-519
-563
-761
-736
-245
687
886
809
899
775
905
1413
1678
1615
1545
1392
1145
1175
1374
1283
1145
1213
1376
1338
873
-68
-152
650
950
120
-425
-356
-657
-911
-362
-161
-918
-2002
-2198
-1320
-668
-594
-1250
-2016
-2588
-2282
-1103
-278
-596
-1096
-1309
-1066
-472
439
789
440
291
413
765
1234
1668
1573
1263
1142
1253
1319
1421
1276
1112
1060
1127
1196
1362
806
-112
-134
773
1005
179
-273
-357
-563
-621
-107
-151
-833
-1963
-2057
-1072
-142
-202
-1169
-2148
-2492
-2011
-811
-32
-491
-1276
-1716
-1169
-110
692
610
191
-158
-11
644
1577
1724
1105
612
678
1036
1415
1659
1247
751
585
886
1322
1501
625
-254
-62
850
836
243
-159
-360
-544
-336
276
99
-846
-1928
-1757
-646
80
-315
-1250
-2133
-2268
-1732
-547
-18
-852
-1647
-1725
-811
190
426
139
-204
-476
-209
844
1728
1490
589
248
533
1039
1610
1634
1085
433
306
947
1390
1453
994
75
-115
271
829
716
181
-98
-192
-126
242
350
-165
-940
-1158
-758
-285
-50
-579
-1324
-1983
-1794
-958
-290
-735
-1365
-1409
-1193
-799
-379
114
-81
-805
-804
169
870
974
558
266
81
208
840
1453
1301
351
-17
471
954
1101
1096
909
567
222
173
299
801
812
302
151
422
523
142
252
334
-4
-402
-353
-64
-112
-525
-769
-828
-959
-1010
-649
-313
-724
-1271
-1240
-596
-451
-512
-381
-385
-518
-417
-52
246
-61
-315
-88
256
395
209
162
24
-83
98
632
863
606
150
-98
3
380
696
761
637
422
286
354
696
864
653
299
393
540
461
364
295
136
-146
-211
123
287
-110
-508
-465
-201
-361
-558
-408
-247
-449
-556
-403
-481
-772
-753
-379
-227
-472
-681
-724
-652
-534
-257
53
-119
-480
-704
-486
-204
-101
49
67
-5
25
250
524
592
523
480
479
620
790
878
738
486
432
480
685
710
612
491
339
319
508
505
248
170
220
309
273
72
-184
-338
-306
-68
-110
-354
-623
-847
-824
-496
-226
-317
-551
-993
-1146
-875
-567
-465
-534
-626
-610
-590
-389
-134
-69
-257
-341
-261
-14
307
298
176
79
58
121
420
653
696
514
339
455
678
686
585
566
722
781
571
467
454
327
401
625
565
296
-30
-56
56
242
376
271
-34
-413
-522
-218
-81
-269
-380
-421
-485
-465
-284
-256
-472
-643
-643
-583
-384
-290
-456
-646
-805
-783
-586
-302
-209
-406
-471
-387
-279
-108
-26
-68
0
180
299
306
284
187
257
557
688
674
416
283
342
502
746
858
788
457
209
284
564
680
486
355
275
254
470
582
511
252
68
-78
31
283
206
-82
-397
-575
-601
-557
-398
-485
-783
-910
-835
-647
-647
-785
-868
-665
-519
-564
-665
-704
-716
-542
-246
-11
-120
-449
-519
-279
152
365
385
205
43
120
502
823
757
485
291
394
794
1061
1065
840
497
438
622
954
1081
858
440
179
223
393
502
339
43
-148
-180
-13
56
-115
-398
-611
-417
-198
-205
-475
-799
-938
-881
-460
-241
-480
-905
-1162
-972
-593
-323
-285
-615
-867
-821
-460
-89
-26
-238
-524
-412
-6
431
611
448
176
82
331
817
1113
977
614
401
407
607
921
949
658
344
321
602
736
645
389
204
142
251
356
237
-6
-227
-247
-138
-20
-95
-364
-595
-559
-412
-235
-335
-519
-620
-623
-515
-421
-337
-510
-737
-660
-330
-165
-162
-273
-369
-425
-296
47
259
125
-67
-150
-168
19
139
206
117
-27
66
264
407
428
324
253
244
342
454
442
335
259
264
327
354
309
277
181
150
173
220
179
88
13
44
70
86
21
-146
-210
-131
66
69
-14
-132
-209
-244
-216
44
175
-35
-248
-325
-291
-261
-257
-238
-329
-429
-411
-249
-119
-190
-289
-329
-303
-267
-205
-117
-183
-269
-225
-80
-26
-82
-56
-71
-59
20
160
228
144
115
169
297
379
313
260
270
349
533
657
586
391
307
343
438
638
697
502
183
80
166
241
203
36
-85
-228
-244
-72
58
-80
-387
-468
-340
-335
-309
-289
-388
-630
-707
-497
-379
-426
-545
-553
-510
-492
-391
-277
-305
-360
-362
-178
-90
-105
-148
-134
-18
176
345
323
277
272
354
439
597
745
616
415
439
534
607
506
449
439
361
395
464
513
358
152
118
186
204
157
74
1
-155
-217
-166
-142
-229
-356
-453
-442
-399
-445
-513
-567
-609
-553
-494
-509
-590
-695
-661
-546
-323
-238
-293
-395
-373
-247
-47
203
180
-2
-62
42
244
370
332
279
206
296
507
666
652
493
369
397
545
680
699
554
369
296
409
469
447
301
116
44
124
237
153
-8
-203
-247
-173
-77
-69
-279
-546
-656
-480
-241
-248
-426
-550
-645
-592
-413
-216
-270
-499
-611
-508
-281
-180
-224
-322
-352
-306
-99
111
121
-25
-112
-31
93
199
312
283
160
121
227
413
461
410
348
318
373
480
522
465
302
239
361
480
526
397
184
58
118
192
275
241
53
-90
-121
-33
50
0
-144
-280
-320
-234
-196
-243
-375
-462
-472
-397
-323
-307
-314
-389
-458
-431
-330
-268
-257
-336
-364
-283
-224
-177
-127
-95
-127
-144
-32
66
73
32
36
126
231
325
282
205
202
201
249
362
432
364
279
287
358
401
382
336
277
238
303
364
310
183
113
110
96
104
135
116
17
-60
-39
-9
-60
-126
-225
-241
-228
-208
-218
-262
-310
-338
-333
-314
-293
-384
-424
-426
-366
-255
-215
-274
-383
-363
-271
-204
-140
-111
-193
-252
-160
9
60
37
33
48
74
167
314
355
267
205
298
415
450
443
452
453
397
420
525
513
392
289
316
358
339
294
267
196
82
54
123
106
-30
-139
-178
-176
-174
-175
-277
-413
-430
-435
-420
-347
-354
-498
-580
-511
-408
-344
-387
-399
-396
-428
-362
-247
-186
-206
-227
-129
-78
-72
-6
87
139
121
187
279
277
261
273
354
379
358
391
420
420
385
407
431
379
362
359
347
342
310
285
198
131
84
81
78
57
-6
-112
-177
-161
-142
-184
-224
-261
-318
-361
-327
-295
-310
-371
-331
-279
-315
-328
-291
-267
-278
-273
-189
-139
-198
-263
-206
-135
-142
-89
-49
-9
-42
-23
92
116
130
151
189
224
251
297
320
308
230
201
281
336
349
295
240
223
222
218
244
250
186
116
92
124
116
17
30
75
16
-55
-69
-10
-41
-143
-144
-114
-159
-258
-282
-203
-233
-297
-302
-256
-267
-285
-210
-180
-247
-264
-191
-141
-128
-99
-48
-28
-88
-156
-60
28
75
53
33
77
70
118
198
219
166
113
134
218
252
236
200
208
212
205
243
282
259
174
145
209
237
153
93
84
50
11
-3
23
12
-99
-132
-65
-70
-149
-197
-212
-246
-239
-193
-167
-197
-315
-353
-300
-207
-153
-185
-192
-217
-235
-169
-75
-44
-90
-110
-49
13
61
74
98
119
106
117
189
246
235
239
264
296
302
255
228
238
229
214
189
210
182
129
116
88
70
22
-8
-37
-76
-65
-68
-104
-159
-235
-249
-228
-184
-195
-224
-264
-291
-267
-232
-185
-189
-224
-232
-182
-96
-80
-104
-114
-106
-81
-51
17
56
26
25
80
150
177
149
146
148
133
178
243
235
209
221
238
241
229
225
188
157
146
182
198
152
73
-3
-26
-17
20
32
-32
-107
-109
-97
-91
-104
-113
-146
-196
-169
-90
-74
-132
-199
-191
-164
-162
-125
-91
-124
-181
-156
-64
-40
-64
-67
-67
-54
-45
-6
15
39
45
26
57
103
90
70
80
85
99
115
143
117
59
23
34
86
113
102
76
51
47
44
68
93
60
-22
-21
38
73
28
-18
-12
-39
-58
-27
50
35
-58
-89
-29
-3
-30
-34
-18
-43
-61
-39
-15
3
-34
-36
-23
-21
-12
-26
-15
-20
-40
-15
18
-10
-49
-83
-70
-57
-34
-41
-42
-45
-61
-63
-52
-8
-34
-55
-20
25
1
-18
0
23
-19
-34
21
76
47
-11
37
43
-2
-2
73
91
37
15
40
53
26
36
79
56
22
8
5
17
-14
10
41
55
38
22
23
-2
9
-10
-9
-6
-14
-7
-9
-22
-28
-68
-61
-1
22
-14
-76
-50
-31
-38
-21
28
23
-36
-37
20
39
1
2
43
26
-19
5
44
9
-45
6
53
41
1
-20
-15
-55
-43
32
57
57
5
-7
13
2
2
-5
0
-7
-4
11
28
18
-29
-62
-17
46
47
5
9
10
-28
-48
-3
45
8
-20
4
23
-9
-44
-1
50
3
-39
-26
-6
-45
-53
0
-10
-69
-92
-58
-56
-81
-76
-50
-49
-69
-64
-18
-6
-29
-50
-37
0
22
20
15
33
33
-4
7
72
105
62
15
45
64
60
52
68
85
47
45
118
146
74
37
89
114
78
84
101
56
-23
-11
72
59
-19
-41
-48
-83
-93
-40
-2
-64
-129
-129
-108
-105
-109
-104
-135
-151
-136
-107
-77
-89
-111
-147
-148
-69
-27
-30
-44
-54
-43
-23
26
57
46
11
25
82
99
93
118
142
118
101
159
189
139
113
160
184
145
127
122
88
36
57
126
118
56
13
-1
-25
-45
-21
-9
-58
-102
-112
-99
-99
-92
-110
-146
-155
-132
-107
-107
-102
-108
-123
-111
-86
-54
-40
-60
-66
-63
-53
-13
20
8
-8
11
29
26
36
81
96
71
81
108
101
66
80
138
148
113
98
100
68
36
63
102
68
7
-10
-2
6
0
9
-3
-48
-58
-21
-9
-14
-43
-64
-69
-71
-51
-34
-59
-97
-95
-97
-80
-40
-30
-68
-89
-59
-46
-54
-40
1
-1
-30
-16
19
-13
-34
11
47
53
34
70
75
14
12
70
102
82
56
56
42
17
25
59
64
16
4
23
41
34
27
14
-18
-18
16
53
35
-6
-33
-46
-15
33
40
-2
-45
-44
-56
-52
-7
-2
-43
-68
-40
-16
-48
-52
-23
-12
-34
-23
17
-11
-60
-46
9
25
-4
1
9
-30
-63
-41
16
21
9
1
9
4
-8
11
28
26
22
55
77
63
31
27
20
38
82
97
73
55
48
14
24
55
46
16
10
24
19
0
7
14
-3
-20
-6
-2
-37
-64
-34
-7
-27
-32
-21
-46
-85
-102
-57
-40
-56
-59
-61
-61
-80
-74
-51
-50
-45
-16
13
18
-9
-6
-3
5
32
61
47
8
24
44
46
45
46
34
24
24
41
35
13
22
27
19
26
43
27
-12
-19
26
29
-1
-8
11
-7
-47
-35
-1
-9
-33
-23
-21
-63
-89
-58
-37
-36
-42
-20
-21
-47
-47
-27
-22
-33
-24
7
4
-11
5
17
27
24
44
48
43
40
57
56
38
44
59
63
59
75
64
27
27
68
75
51
22
20
13
-2
21
42
23
-23
-29
-25
-36
-53
-54
-45
-58
-62
-51
-38
-48
-62
-68
-45
-36
-32
-48
-68
-67
-61
-35
-14
-15
-40
-59
-38
-9
-3
-3
-10
4
-6
3
41
64
45
12
31
51
57
61
63
50
18
16
55
72
55
25
22
22
12
22
48
40
5
0
8
14
16
-2
-6
-5
-14
-11
-16
-16
-34
-51
-46
-18
-5
-37
-49
-34
-20
-11
-11
5
-2
-29
-26
-5
19
5
-8
8
7
-1
-7
6
-8
-28
-11
4
10
-1
-21
-17
-18
-18
-12
0
5
-12
-13
-6
1
-9
-13
-4
-4
-3
-3
1
-9
-19
-12
-1
8
-1
-26
-20
-13
2
11
21
25
0
-12
4
34
37
23
20
26
19
27
34
21
-10
-7
12
27
25
-3
-13
-18
-10
-5
15
24
-4
-27
-5
14
11
-5
1
11
-2
-1
10
16
-4
-9
7
12
-1
-18
-34
-28
-22
-21
-10
5
6
-12
-14
-3
5
7
10
31
29
10
23
29
15
-1
15
33
27
12
18
30
7
-11
-9
10
11
-2
-10
1
-6
-28
-30
-9
-5
-23
-23
-10
-6
-28
-22
0
-10
-27
-26
-21
-21
-33
-26
-8
-10
-33
-31
-8
4
-1
-9
0
0
1
11
27
33
-3
-21
8
25
15
11
21
7
-22
-14
5
14
-7
-19
0
15
5
-8
-3
2
-6
-4
26
31
1
-9
13
16
7
4
16
15
-3
-2
8
17
7
-4
10
18
12
10
14
17
0
-4
15
37
25
-17
-22
-3
1
-5
9
22
-6
-45
-32
-2
-3
-32
-36
-20
-19
-24
-18
0
-25
-51
-28
11
12
-8
-5
4
-5
-17
-4
22
6
-20
-8
6
11
-1
5
18
15
14
20
36
38
26
22
45
56
32
12
12
13
6
14
38
31
-2
-19
-1
11
-6
-14
-2
-7
-20
-22
2
-1
-37
-45
-29
-13
-21
-29
-19
-20
-48
-43
-14
1
-21
-30
-17
-10
-9
-6
12
14
7
10
24
29
27
24
36
57
55
31
30
38
32
36
45
59
40
11
18
38
27
2
4
19
5
-17
-2
16
1
-32
-20
7
0
-25
-19
-1
-32
-56
-43
-28
-40
-56
-52
-48
-63
-72
-53
-37
-41
-46
-34
-19
-28
-34
-14
-6
3
0
-2
3
3
9
12
28
27
3
-7
3
20
17
6
25
29
15
10
25
37
10
2
27
40
33
18
26
31
18
11
30
44
17
5
10
15
6
-6
-1
4
-7
-14
0
1
-11
-14
-4
-3
-1
-4
-1
-5
-6
-3
5
14
6
-9
-14
-3
4
-5
-5
5
-1
-18
-16
-2
-3
-6
-14
-2
5
-14
-9
18
22
-1
-4
14
21
13
3
11
1
-26
-23
-7
-1
-16
-15
-2
-4
-14
-19
-10
-13
-20
-13
-1
-4
-13
-14
-1
-3
-16
-20
-13
7
-11
-11
-6
-8
-16
-27
-9
-1
-14
-27
-11
-2
-16
-16
-7
7
-2
-13
6
14
8
2
29
37
19
8
15
37
25
28
33
34
18
4
12
18
13
10
20
29
30
24
39
45
47
33
35
41
30
17
-1
7
6
-18
-12
1
5
-10
-28
-13
-20
-26
-28
-8
-4
-30
-34
-27
-9
-23
-15
0
-5
-26
-35
-13
-24
-37
-41
-28
-33
-49
-37
-31
-12
-6
0
28
24
8
10
13
25
14
9
19
21
17
6
15
16
14
16
26
49
39
18
27
10
4
-16
-18
-3
-37
-44
-43
-17
-30
-31
-15
-4
5
-19
13
11
-8
4
-1
-1
9
-25
-10
-11
-23
-17
-11
-5
-18
-22
-8
16
-1
27
21
21
34
41
38
45
39
4
9
5
-23
-39
-46
-95
-32
-56
19
46
46
122
45
139
85
78
61
8
8
-47
0
-64
-29
-48
-57
19
-2
69
70
94
65
63
50
2
9
-78
-63
-112
-113
-76
-99
-79
-59
-81
-29
-17
-23
29
-18
21
-16
21
-18
-14
-30
-70
-42
-68
-51
-38
-46
-24
-36
-10
35
-4
81
35
58
74
74
71
44
70
14
28
21
5
-3
-13
-23
37
-28
64
25
44
71
25
88
30
80
-5
44
-34
-100
-53
-228
-141
-181
-239
-58
-135
30
45
105
264
136
281
150
158
53
27
-27
-94
-31
-106
-30
-12
76
15
148
112
98
149
44
113
-36
-31
-49
-137
-96
-104
-154
-83
-115
-97
-61
-37
-76
6
-138
37
-89
-77
55
-153
166
-152
197
7
23
180
-145
197
-120
101
4
42
153
10
155
112
36
13
42
-176
18
-116
-70
33
-76
61
-113
-42
-157
-320
-240
-360
-228
-238
-35
80
61
351
178
303
206
164
44
35
10
-124
44
-134
105
-82
139
212
25
430
42
243
180
-20
8
-76
-258
-44
-407
71
-191
-71
237
-205
379
-228
154
-39
-259
34
-200
-243
74
-117
-47
200
-89
362
-188
289
-9
-67
-21
50
-125
-98
263
-339
408
-159
258
83
-97
422
-394
195
26
-342
237
-444
174
-265
-186
254
-436
262
-68
-151
207
-12
-225
430
-428
258
9
-215
416
-447
469
-328
156
107
-169
257
-165
288
-285
342
-167
37
113
-195
220
-231
157
-132
-111
204
-382
281
-187
80
45
-84
203
-183
205
-152
16
18
-113
18
-57
97
-149
127
21
3
48
113
-33
43
95
-261
232
-315
256
-216
114
261
-231
394
-18
-68
207
-105
-209
274
-326
41
82
-227
235
-175
23
226
-394
324
-5
-389
588
-591
359
-225
58
71
-328
467
-525
305
-203
59
-28
-30
-14
132
-257
270
-210
-96
237
-478
358
-228
64
79
-51
118
-198
324
-344
170
164
-441
584
-488
274
66
-526
811
-794
499
-8
-115
249
-90
131
-269
271
-299
17
101
-253
246
-161
-14
269
-328
256
41
-115
164
92
-122
225
-58
-32
203
-196
244
-148
-34
252
-447
464
-433
385
-54
-158
611
-697
682
-488
-12
159
-594
394
-424
71
81
-256
292
-166
27
110
-191
205
-151
54
5
-191
211
-365
224
-49
-85
311
-130
291
22
-5
329
-523
531
-443
-21
234
-409
246
21
-199
369
-149
55
349
-499
500
-462
175
-162
-221
201
-370
347
-366
405
-237
20
249
-527
445
-214
-89
348
-384
388
-126
-249
651
-778
585
-129
-119
425
-331
419
-361
173
-104
-223
180
-209
235
-200
311
-81
-107
290
-502
356
-298
-21
223
-261
277
-46
-24
75
-131
56
44
-241
282
-110
-134
218
-245
8
60
-35
68
-100
232
-33
-254
398
-390
211
-94
73
121
-222
488
-388
234
-70
1
44
-101
262
-423
243
-186
-287
66
-121
-262
389
-206
-29
520
-519
432
-274
-105
247
-460
348
-58
-34
256
18
29
2
197
-94
-156
351
-391
186
244
-570
837
-535
201
556
-1012
923
-479
-333
627
-791
510
-1
-170
199
79
-362
190
18
-711
995
-827
409
329
-738
806
-644
81
48
-240
158
102
83
-3
359
-180
18
267
-514
415
-37
-288
438
-276
42
97
-193
-94
210
-488
244
-10
-438
586
-368
-117
481
-505
103
396
-774
536
-150
-357
522
-278
75
142
-8
-40
19
64
-165
268
-348
416
40
-501
1046
-782
158
417
-652
291
28
-223
172
-49
-31
233
-264
138
116
-339
202
-82
-41
-98
354
-377
197
163
-593
795
-851
398
128
-632
840
-625
222
265
-518
315
-88
-184
227
30
-35
2
288
-357
186
-27
-258
478
-575
543
-48
-472
842
-860
415
-96
-162
352
-393
459
-304
57
10
-283
291
-399
435
-174
-192
574
-677
420
-16
-499
794
-434
87
516
-579
328
26
-450
429
-174
6
476
-248
-39
189
-257
-196
357
-361
268
175
-194
374
-538
6
-68
-492
97
295
-314
475
252
-439
350
-413
-113
114
-302
397
99
25
279
33
-214
-63
229
-475
368
405
-363
900
-558
344
-261
-213
21
-277
207
-161
269
-235
323
-295
99
21
-510
558
-390
66
85
-202
-1
-17
-76
-70
46
188
-93
172
-165
8
216
-422
425
-382
113
321
-480
360
-130
-98
151
-152
93
-63
311
-264
147
-221
-92
257
-667
647
-399
-94
637
-671
353
-56
-160
159
-338
330
-168
213
-173
170
-108
-53
203
-105
4
255
233
-457
617
-423
49
224
-519
475
-232
115
344
-311
198
64
-134
-63
118
-156
329
-137
-118
365
-637
557
-415
-57
144
-164
291
-278
176
-149
2
-49
-167
298
-213
189
252
-373
359
-291
106
-22
-175
327
-87
114
58
-12
-29
-103
137
-267
101
255
-238
194
-166
19
-298
193
-271
225
-26
32
365
-655
726
-750
73
226
-762
860
-416
230
318
-485
536
-596
322
-159
-299
640
-465
195
197
-227
-31
128
-281
127
-23
141
61
89
57
-106
24
-135
-114
-57
36
-113
233
-217
275
153
-349
496
-634
139
211
-658
725
-354
250
202
-57
177
-220
151
-283
-5
-25
76
254
-88
206
156
-430
355
-226
-391
516
-239
30
358
-287
171
81
-566
309
-264
-165
321
15
-107
365
-48
-245
198
-299
-5
-2
-66
40
153
-236
372
-133
-379
480
-379
-75
188
-80
-150
328
-175
-5
279
-350
395
-392
145
62
-289
149
78
-199
391
-306
152
135
-444
363
-211
-289
431
-205
185
-44
-2
252
-579
465
-358
-199
287
-171
147
-16
249
55
-32
52
-66
108
-301
362
-176
28
227
-93
345
-475
447
-250
-381
700
-664
319
165
-220
375
-283
207
32
-419
343
-146
-252
302
-169
-22
141
-6
-213
85
-4
-296
343
-176
-76
335
-114
25
95
53
-419
474
-558
314
-40
-178
526
-435
114
286
-335
175
7
-122
45
10
79
-139
80
-37
-97
58
-150
115
-69
-116
286
-418
314
-203
88
-16
-198
444
-411
144
75
-104
145
-201
163
-319
332
-119
-96
353
-514
601
-251
-111
413
-221
-178
423
-375
53
232
-256
146
-93
52
-49
116
-207
26
205
-586
661
-590
54
279
-545
426
-266
91
192
-232
177
-99
103
-148
-54
188
-330
464
-265
-56
249
-289
502
-401
247
125
-170
390
-250
-1
-97
-19
-87
-113
175
3
-77
197
-218
100
-130
119
-268
184
-82
154
100
-226
374
-481
327
-216
175
-62
133
75
-17
140
-182
165
-64
-162
186
224
-582
778
-459
-100
576
-753
415
-210
42
143
-120
-63
48
32
-232
189
42
-427
553
-401
164
-54
74
-31
-75
164
-192
152
-134
129
-224
114
-43
282
-300
385
-149
-111
354
-519
381
-131
-200
338
-251
96
53
-155
321
-439
455
-159
-229
327
-112
-293
115
69
-380
326
-65
155
-276
256
-132
-226
397
-665
546
-379
3
349
-457
303
-136
-196
244
-287
370
49
-173
381
-262
62
-186
201
-339
172
30
60
12
127
43
-140
25
-5
-134
136
6
-111
215
-258
111
-81
-33
79
21
-50
24
127
-98
29
207
-306
328
-234
116
140
-117
17
177
-252
238
106
11
53
31
-4
-301
403
-456
215
-56
46
127
-45
35
125
-212
-83
-12
-137
-39
340
-372
291
-102
-49
8
-99
109
-251
348
-226
183
166
-198
140
-51
-163
81
-30
-123
302
-146
105
50
-23
-38
-11
9
-248
46
-113
105
-52
-39
203
-242
171
-25
-57
-210
390
-396
80
21
-98
160
-118
25
-118
125
-114
357
-300
118
208
-211
16
207
-268
77
63
-200
161
-83
147
-103
77
-50
150
-157
104
91
-302
216
-116
-80
-41
376
-484
396
-94
-187
263
-76
-107
11
251
-454
565
-324
64
329
-453
374
-314
-107
651
-749
633
-350
9
360
-514
570
-695
590
-376
137
220
-287
368
-238
-14
-14
34
-192
177
-63
-3
41
-23
156
-210
69
-71
50
-178
86
198
-382
620
-585
398
-181
-68
247
-459
445
-284
64
168
-254
373
-248
45
118
-476
647
-422
232
-243
210
-107
-38
276
-464
340
-300
220
-83
-27
57
5
-64
-54
203
-275
181
-58
-46
0
2
114
-12
-73
74
63
-262
328
-174
-31
286
-339
306
-95
15
93
-136
163
-200
342
-385
230
55
-221
275
-393
226
-142
178
52
-298
376
-374
335
-138
-70
165
-397
423
-338
375
-335
264
-2
-305
318
-111
-216
385
-290
-85
281
-389
387
-133
-53
86
-33
-125
260
-261
149
-197
100
-103
194
-159
-24
280
-549
488
-309
-121
318
-75
-109
246
-273
201
-205
194
-240
-40
190
-329
565
-404
191
115
-422
460
-326
-101
465
-445
271
0
-199
184
-61
-10
64
-251
268
18
-140
308
-247
-106
212
-226
158
-189
338
-281
32
433
-623
459
43
-408
498
-361
47
299
-567
608
-414
-173
677
-747
741
-498
290
-54
-261
604
-765
655
-223
-130
482
-554
319
8
-214
280
-203
-77
320
-307
263
-60
-263
410
-462
365
-231
92
-204
242
-236
-104
424
-603
558
-341
116
-79
89
52
-273
381
-376
126
46
60
-173
161
-5
-125
274
-394
550
-706
563
-191
-264
470
-625
802
-906
743
-412
-83
474
-559
491
-414
272
-87
-255
373
-407
159
-74
90
66
-82
251
-117
20
7
40
-258
254
-85
24
24
20
138
-198
216
-167
4
74
-13
95
62
-274
241
-104
-268
357
-403
228
81
-25
-16
206
-137
-102
248
-605
500
-375
316
-117
-84
423
-509
284
-81
-23
28
37
46
77
-136
224
-349
-14
197
-464
619
-501
558
-148
-212
508
-847
521
-136
-335
510
-496
380
-127
-9
47
-209
232
-431
650
-564
343
135
-275
137
-235
160
-165
99
33
-102
269
-123
275
-451
275
-104
-170
99
9
45
82
18
-194
298
-354
148
-13
-51
120
85
-74
77
8
-73
28
-208
237
-203
241
33
-105
141
-102
-35
50
-189
225
-47
12
137
-156
146
-121
58
-55
-185
406
-110
28
142
-310
271
-290
105
-91
-37
174
-2
-90
228
-160
-20
157
-371
348
-195
-38
292
-314
179
45
-328
294
-154
-26
61
58
-48
53
228
-440
319
-225
-131
133
-124
-59
316
-233
31
211
-475
345
-168
-27
-43
184
-221
292
-123
-93
126
-234
224
-112
-67
177
-31
-140
254
-178
16
25
48
-95
6
54
-105
24
-2
64
-76
-40
252
-298
281
-240
162
-171
114
-13
-157
303
-308
342
-240
90
81
-186
272
-114
-103
224
-89
-4
52
-48
-144
279
-303
261
-184
83
129
-131
218
-185
182
-242
245
-241
91
97
-118
106
49
-60
143
-178
136
-83
27
-14
167
-204
165
163
-508
491
-271
49
116
-138
73
56
-108
52
120
-349
465
-313
32
35
-9
-36
76
-48
-18
96
16
-12
-8
59
-297
406
-440
312
-8
-160
299
-279
86
106
-204
94
71
-312
265
-106
-76
261
-307
271
-225
-9
176
-316
356
-280
4
336
-413
318
-133
-47
98
-171
70
-39
225
-41
-37
89
-80
-11
45
-69
-47
21
41
65
-109
234
-49
-188
176
-216
-23
39
-26
-52
148
-206
251
-137
-13
150
-231
45
70
-65
32
211
-371
421
-378
76
137
-219
219
-37
67
-22
94
-107
75
-85
-46
-70
0
125
-42
82
-123
76
-12
-56
141
-221
192
-147
-29
56
-86
87
13
47
-117
165
-107
55
-41
-78
57
-16
263
-132
131
69
-281
195
-174
-53
307
-255
305
-33
-49
133
-83
-175
72
-25
-107
124
96
-127
250
-121
-141
199
-311
328
-270
175
-60
123
-9
-9
15
28
-176
37
-6
-199
496
-321
269
-50
-109
191
-212
69
-37
-222
265
-256
185
29
-53
87
-294
368
-427
290
-60
-281
436
-437
181
155
-247
187
-48
-126
35
19
57
-165
209
-125
145
-6
-189
117
-145
-28
11
97
-229
524
-199
-55
218
-448
79
-42
-77
145
36
188
-47
28
46
-205
102
-274
199
26
-121
403
-260
124
38
-314
147
-79
-39
236
-345
292
54
-73
108
-80
-90
61
-71
-41
65
-213
327
-164
7
212
-369
222
-102
32
-108
49
119
-232
328
-133
-50
167
-2
-158
27
-112
-2
69
-10
137
-90
167
52
-199
32
-145
-163
132
-98
201
-78
164
101
-214
219
-342
204
-111
-52
171
-38
-103
286
-123
77
-48
-30
-21
-68
211
-159
47
201
-133
51
-5
-222
215
-279
308
-342
199
79
-1
125
-250
205
-266
40
-4
-175
226
-156
17
314
-404
485
-249
-129
141
-112
29
-73
265
-153
8
142
-286
139
-20
-104
267
-400
467
-222
-20
71
-178
-1
52
103
-322
521
-439
310
-75
-250
373
-389
288
-81
-54
196
-298
394
-501
356
-1
-472
765
-694
404
98
-296
320
-375
324
-250
68
137
-261
257
-114
6
104
-172
107
-3
-246
258
-92
-111
119
-96
-79
218
-206
148
-16
-258
438
-477
201
104
-92
23
140
1
-149
187
-99
-78
-174
161
-71
-68
190
55
-95
177
-43
-184
-22
64
-164
54
32
-4
72
157
-45
-150
170
-375
343
-275
155
149
-178
296
-218
127
-6
-80
-11
34
-92
49
137
-62
44
112
-118
-62
28
-40
-66
29
-58
-1
158
-38
139
-78
31
13
-146
13
-53
-6
206
-40
-57
252
-119
2
95
-290
92
-88
144
32
-41
189
-37
-174
102
-77
-121
178
-207
232
-125
96
198
-434
494
-226
-206
277
-279
76
63
-126
230
-131
81
132
-278
-16
14
-4
-66
150
16
123
-31
36
-128
-64
-80
163
-248
287
-8
-62
191
-235
92
-139
-27
-123
129
-120
-10
216
-347
308
80
-283
183
-147
-108
130
-70
-59
188
-86
235
-172
27
96
-70
-218
108
-104
-31
392
-174
130
64
-76
-96
42
-196
-34
-20
85
9
317
-130
205
-233
-48
-79
-162
-52
248
-139
208
186
-299
433
-420
227
-202
5
-4
137
-30
249
-108
121
1
-193
174
-251
127
-99
171
-219
162
139
-172
246
-170
-151
147
-235
273
-245
89
64
-86
141
29
8
-212
292
-444
221
-109
65
85
-35
179
-101
53
39
-149
-172
195
-228
253
-59
112
41
-104
205
-391
255
-197
-158
345
-383
372
-117
-14
68
-106
129
-364
264
-84
-106
279
-114
-31
54
31
-33
-136
313
-291
17
346
-285
120
88
-123
9
16
43
105
-268
372
-415
108
7
19
68
-129
203
-200
153
15
-129
-5
1
-158
327
-299
195
70
-193
212
-128
38
-14
155
-173
126
-116
142
-136
5
269
-336
343
-158
-76
51
-29
-156
71
-93
-60
261
-126
123
8
-64
-62
-72
-60
137
-170
300
-183
84
270
-335
302
-343
87
-56
-84
265
-143
43
174
-224
122
-28
-176
68
-134
199
-212
220
28
-109
33
-7
-100
-87
150
-216
156
131
-154
270
-206
55
27
-190
197
-314
303
-273
281
-125
-29
230
-240
115
-40
24
-53
168
-361
362
-222
-16
264
-312
104
107
3
-73
179
-227
90
-81
43
14
-90
212
-204
173
-161
60
67
-338
415
-196
17
412
-439
218
-256
46
17
-162
320
-102
211
-75
190
-228
-141
118
-316
126
131
-53
173
-32
-56
90
-290
26
6
-164
116
54
191
-241
311
-94
-229
193
-136
-87
37
70
-41
131
-13
85
-160
4
111
-144
-49
79
-103
-38
244
-108
-14
95
-76
-52
111
-130
-85
227
-308
200
151
-221
210
-41
-222
-80
185
-212
75
157
-51
-57
178
102
-399
228
-140
-158
141
73
33
-58
299
-174
-94
30
8
-182
115
109
-198
175
-45
-20
-134
13
58
-260
255
100
-270
370
-276
-18
16
-242
293
-156
153
2
91
-194
156
-1
-148
200
-280
286
-256
345
-123
-105
227
-214
186
-185
117
-58
-87
214
-337
133
100
-158
130
-95
-127
33
77
-174
185
-85
31
115
-51
77
-62
79
-44
-107
51
156
-154
199
43
-113
14
-29
-6
-166
176
-113
-89
230
-123
28
-26
-204
71
-238
218
-132
39
144
-91
152
-96
-1
-92
57
-100
119
-128
258
-58
110
-38
-102
96
-180
199
-258
246
-97
78
64
-181
142
-221
25
53
-279
218
41
-69
90
-19
-85
-95
122
-137
-33
113
2
-85
211
-74
76
-18
0
5
-58
227
-118
92
51
-101
14
37
-32
76
-114
47
-84
-19
109
-129
125
-221
140
-125
-5
59
-95
39
15
-8
-34
138
37
-80
-36
215
-301
293
-45
84
1
-47
267
-502
480
-242
-128
252
-175
89
-144
125
-42
-172
139
-6
-220
249
-23
-87
32
-50
-132
-11
116
-100
225
121
-105
147
-130
-120
128
-181
2
122
127
-28
239
-117
-71
-67
-157
5
-76
106
204
-81
2
144
-270
-29
-36
-88
-57
173
30
-59
182
-79
-38
19
-150
116
-23
13
229
-114
-4
97
-55
-126
124
89
-222
228
-142
21
59
-7
71
-146
160
-256
47
-35
-80
-39
42
20
65
185
-10
110
-165
35
-219
30
28
-81
264
19
20
83
-32
43
-95
-29
87
-199
275
-48
-18
26
-144
-68
-68
55
18
108
40
45
-117
10
-76
-67
52
-115
115
-11
25
137
-24
-26
-16
48
-9
1
143
-107
-91
116
-208
9
86
32
42
28
66
-181
41
-102
-124
14
-68
165
-45
132
89
-136
-15
-156
3
-61
159
68
46
143
-128
-19
-12
-83
-67
78
-40
58
181
-81
13
22
-248
37
13
-77
82
73
-22
47
-25
-33
116
-149
68
-46
50
-2
43
51
-129
207
-165
84
-20
-15
68
-22
-34
-35
15
-21
80
-93
138
-52
10
-11
-61
77
-83
36
22
54
55
110
-93
-18
-19
-91
36
-34
104
26
115
-27
-33
53
-181
17
-90
-66
191
-45
89
72
-93
44
-85
-12
-151
138
-14
4
178
-78
-32
61
-96
-105
114
-94
62
-9
62
57
-122
166
-182
16
68
-102
44
-31
29
-38
21
76
-103
54
-35
-48
-38
-21
9
-54
78
44
-4
90
-99
-80
-30
-173
61
-20
127
29
157
85
-34
33
-191
-162
-22
-20
10
236
44
123
3
4
-131
-162
34
-158
93
45
65
120
-86
-10
-100
-83
-25
52
-12
171
45
82
0
-51
-11
-113
30
5
21
41
156
9
53
67
-54
-78
-27
-47
-44
2
4
5
-18
114
-28
-3
41
-115
-38
-45
16
-15
62
90
8
60
41
-49
-54
-8
-130
72
18
74
97
21
69
-109
-23
-90
-86
-68
66
34
-10
121
-20
-27
-20
-78
-168
-4
-3
3
102
73
27
29
-46
-44
-31
-57
42
3
22
61
62
-12
16
-43
-40
43
-34
71
-30
-27
2
-66
-9
-4
46
-17
13
38
-30
4
17
-38
26
24
32
30
-38
51
-69
-20
-35
-4
65
59
92
52
7
-13
0
-84
-43
0
4
44
32
57
33
-3
-28
-53
-79
1
3
-30
88
-30
-28
28
-25
-47
31
-31
-9
53
-41
77
4
15
22
15
-20
2
40
-103
67
-31
-87
42
26
-54
80
-45
-87
29
-76
-2
-44
26
-10
31
-15
38
-29
-28
58
-81
14
55
20
13
58
-39
-10
21
-18
-70
52
-30
-34
84
-35
-2
46
-25
-8
6
-19
-19
-29
38
-18
16
58
-27
11
19
-21
22
-50
43
-8
16
117
-7
70
34
-25
-31
-21
-44
-6
9
5
80
44
-4
27
-23
-90
12
-69
-6
10
15
22
8
35
-61
32
-53
32
3
19
33
23
-30
18
7
-44
53
-87
69
-41
31
23
-66
2
-80
13
-71
38
26
-45
23
-23
-67
-22
-20
-31
-7
14
24
-17
35
9
-43
-12
-16
27
9
11
67
-42
0
0
-68
1
-3
6
-13
14
52
-13
22
8
-64
-51
-34
-17
-46
50
56
3
31
63
-42
7
13
-75
8
-8
-1
37
28
58
13
30
-7
-11
-15
10
-20
-10
46
-2
47
39
-39
-18
20
-98
4
27
12
59
14
26
-26
-1
-34
-39
-31
5
16
53
50
52
23
-24
-24
-56
-41
-29
26
-6
57
78
24
4
27
-38
-98
11
-77
4
40
13
41
21
-4
-46
-7
-85
-28
-36
32
25
1
77
3
-10
-2
-21
-74
12
15
-12
39
79
-27
29
42
-101
-26
-15
-54
-31
12
34
-4
53
35
-51
-3
-25
-74
3
-15
-1
39
59
18
45
-24
-22
11
-65
15
-13
20
25
22
3
-14
7
-35
-14
6
-24
34
0
32
-33
23
-5
-9
-12
-12
18
-51
50
2
-2
48
10
-25
28
-33
-31
-23
6
-18
27
67
-21
13
39
-34
-51
-1
-40
10
34
19
8
40
-25
-35
8
-64
13
10
20
13
27
40
-17
-17
-32
-42
-11
-5
-10
11
20
-16
4
-8
-9
5
20
-22
31
9
-17
35
-34
6
-15
-19
10
-20
-5
23
-9
6
1
-18
6
-16
-30
-18
-27
-28
14
27
17
38
14
16
-21
21
-42
-22
35
-51
33
42
29
-8
31
-34
-37
-8
-4
-2
-1
54
-2
6
-1
21
-39
-4
2
11
28
57
15
-5
34
-24
-23
-6
-3
17
20
33
20
-6
13
-14
-39
-23
-12
-5
13
24
9
23
48
-34
12
1
-16
22
-12
10
-8
5
-6
-5
-21
-6
-16
-10
10
-10
-18
-5
-14
-65
22
-21
-31
15
4
-3
-25
7
-24
14
-13
13
5
9
11
-22
1
-47
31
-7
-12
45
1
0
-14
2
-58
-14
-3
-39
13
-18
7
2
-13
29
-14
-3
23
13
-9
39
13
-8
45
13
-1
38
-7
2
32
-23
22
12
-1
12
12
-15
-11
3
-23
-6
-5
29
17
0
35
-9
-7
20
-33
-6
3
13
49
19
21
16
-8
-4
1
-20
-6
9
-13
-11
19
15
-35
41
-35
0
12
-25
4
-36
1
-17
15
8
26
-3
5
-11
-16
-22
-6
-32
7
15
4
45
-25
23
-27
-2
-13
-34
3
2
3
30
-6
-10
14
-50
2
-12
3
2
4
23
-4
18
9
-21
-22
-13
-21
-2
-2
23
0
17
24
-10
14
-12
-35
-13
-13
-10
21
-13
24
19
2
9
-17
-14
-24
0
-27
-6
12
-2
7
12
-21
10
-31
-4
4
-21
60
7
11
18
-15
-3
-9
-9
-12
-6
25
8
24
10
4
-1
-21
-2
-25
0
12
-8
10
25
-9
-6
18
-7
0
3
6
7
8
18
30
-19
31
11
0
37
7
17
10
2
-7
4
-1
8
-17
-10
-4
-19
12
-1
-7
-5
4
-11
-2
-6
-24
-10
-10
7
-13
45
-8
3
14
-37
-2
-11
-4
-14
25
15
-15
16
-2
-34
-1
-6
-52
11
-20
-8
5
-14
-12
-23
3
-19
8
-13
8
-7
-13
30
-37
18
28
-23
32
19
18
22
-6
-3
-16
5
-14
9
26
-15
33
-12
2
12
-14
10
10
17
4
9
14
-12
8
26
-2
10
36
7
11
23
-12
-4
12
-17
-2
-9
-3
-11
-2
2
-13
5
-19
4
-22
2
-2
-13
5
-26
-8
10
-7
-9
12
-4
-3
2
-7
-23
-5
-7
-21
15
-18
8
-22
-27
-5
-38
-6
-14
-27
-6
-12
-11
-12
-1
-19
18
-4
-9
34
-26
12
26
-20
30
14
5
17
17
1
12
10
-9
13
3
-1
5
-1
-1
4
3
11
15
2
8
-3
14
10
14
19
10
31
-2
28
1
4
-1
1
6
-10
29
-4
5
13
-12
12
7
-7
3
16
-7
0
7
-22
14
-8
-1
12
11
11
-2
-10
-7
-21
-18
-17
-19
-6
3
0
-19
3
-28
-4
-10
-7
-1
11
-21
-8
8
-19
19
9
-8
25
8
2
7
-23
7
-26
-4
0
-13
13
-8
6
-16
-2
-2
-19
4
-13
6
3
2
14
4
5
6
4
1
-3
25
-5
7
9
-5
-2
7
10
5
7
6
-10
-9
13
-17
5
1
7
5
4
10
-14
-6
-6
-6
7
14
18
14
7
3
-13
-6
-15
-4
-2
10
16
5
11
-2
-4
-27
-12
-26
-6
8
-10
24
14
-5
10
5
-6
-12
1
-3
-8
13
11
6
1
5
-7
-6
5
-1
-13
9
-6
1
9
2
3
-13
6
-6
-13
15
4
-6
11
3
7
5
-11
7
-6
-7
21
8
-10
35
7
-5
19
-7
-9
1
8
-14
8
12
-9
14
-5
-2
-9
-2
-3
4
1
18
-12
1
2
-17
5
-7
8
-3
8
4
-2
-2
0
-5
-12
-6
2
-1
7
-15
3
14
-13
4
-6
-14
-6
-5
-15
-9
-3
-7
12
-3
9
9
1
8
-5
-13
-12
2
-17
3
12
-5
-2
6
-20
-16
-1
-2
-7
15
6
-6
10
-10
-9
-12
11
-3
15
28
5
25
11
8
0
8
-4
-1
-5
10
-8
-5
2
-20
2
-2
-11
0
4
-1
-7
6
-13
-9
5
-6
13
3
22
7
6
17
-7
7
13
-11
5
9
-13
3
-10
-7
-10
-5
-6
-21
4
-11
-15
-4
-12
-9
0
-14
-5
-7
-1
0
-3
17
-7
4
15
-9
10
8
-1
8
0
8
-6
-12
2
-21
-4
6
-11
7
3
0
-4
7
-14
-1
9
-6
19
5
6
13
10
6
15
8
0
21
1
0
11
5
1
11
-3
9
-1
10
14
-5
11
13
10
5
11
-11
10
16
-8
11
9
2
7
7
1
-5
4
-4
-13
-3
-4
-9
-6
2
-1
3
-7
0
-11
-1
-6
-5
-9
-13
0
-24
0
0
-6
-2
-3
-10
-5
-8
-10
-22
-15
-15
-11
-11
-11
-4
-17
4
-6
-17
9
-21
-2
-11
-11
-3
-8
-3
-2
-4
-6
0
-1
2
5
9
3
2
-14
4
-8
2
4
11
12
8
15
10
7
2
5
-3
10
12
14
14
11
14
3
17
7
1
12
3
3
19
13
11
18
-1
9
1
-1
11
2
18
5
11
13
7
4
4
11
-13
10
-2
-1
11
5
5
1
12
-1
-7
5
-9
-11
5
4
2
-1
-1
-14
-12
-7
-14
4
-5
3
4
-11
-4
-4
-14
-9
-8
-8
0
-6
2
-4
-1
10
-6
-11
1
-12
-15
0
-8
-3
-7
7
7
-5
3
-5
-2
-5
-3
-12
-14
-8
-9
-2
1
0
5
-4
0
1
4
-3
3
1
-1
9
1
-1
5
7
3
8
5
7
-4
1
8
-6
10
-4
1
1
3
6
8
12
3
11
6
7
8
2
9
10
9
7
3
5
2
-5
4
8
3
9
16
-4
5
6
-7
-2
-6
0
3
10
0
12
7
-4
8
-3
2
1
-2
6
4
6
-1
-4
4
-6
-3
-5
-13
-3
-8
-6
-10
-10
-16
-10
-7
-13
2
-3
-6
6
-1
-2
5
-4
-1
4
-5
6
2
-5
10
-8
1
-1
-5
-8
1
-9
-7
2
1
-5
11
-2
-3
13
-10
7
4
7
6
2
22
4
8
17
-5
0
7
8
0
15
19
4
11
7
-5
3
4
1
1
7
17
4
7
0
-4
-2
-2
4
1
8
4
5
2
-6
-3
-4
-5
-6
-7
-4
-4
2
-6
-15
0
-16
-5
-6
-13
-8
-10
-11
-14
-13
-15
-4
-7
-11
-6
-7
-15
-6
-13
-11
-11
-9
-6
-12
-5
-12
-20
-18
1
-8
2
-2
-6
-6
-8
-5
-15
4
-7
7
4
-1
7
1
0
-3
-1
-2
0
4
1
10
10
13
6
4
6
0
9
-2
10
12
9
16
10
9
8
14
4
8
7
5
5
3
5
4
7
6
3
-5
10
4
-1
6
4
5
1
0
-2
-3
-4
4
-3
-7
2
-2
-3
4
0
-6
-4
-3
-7
-15
-12
-11
-9
-6
-5
-4
-10
-1
-10
-13
-4
-12
-8
-11
-8
-13
-8
-11
-10
-2
-10
2
-6
-2
-4
-6
-3
-4
-3
-2
-3
1
-5
-4
3
-6
8
4
0
4
4
3
9
4
3
2
6
-5
-1
1
-4
4
4
8
7
4
9
1
5
-1
-3
3
-2
1
4
4
14
6
6
5
4
7
-8
7
1
-1
7
-5
-7
-11
-7
-3
-11
0
-7
-7
-2
-4
-13
-6
-7
-23
-3
-9
-8
-1
4
-6
0
3
-8
-4
-8
-9
-8
-7
-12
-3
-6
-4
-10
-8
-5
-11
-5
-3
-8
-6
0
-7
-5
1
-8
-6
2
0
9
2
3
4
1
8
0
1
6
2
8
9
2
-2
9
6
3
5
3
6
6
16
13
3
6
10
10
8
16
5
6
7
10
5
7
8
7
15
5
9
-1
2
4
-3
10
2
5
5
5
4
4
3
-2
6
1
3
-2
3
4
0
5
0
1
-1
-3
0
-2
-2
-2
-6
-3
-6
-2
-1
-9
-7
-11
-10
-9
-10
-6
5
-1
5
6
-7
-3
-1
-7
-2
-4
-1
3
-2
1
-2
-1
-2
-7
-3
-3
-5
-1
2
2
1
1
-4
2
1
2
-1
2
10
0
8
2
2
2
5
2
0
5
1
4
7
8
10
10
6
12
3
5
4
1
10
5
9
6
8
4
3
6
6
2
1
7
5
6
3
5
0
5
4
3
1
3
4
3
2
1
9
7
9
5
6
3
6
6
-5
-1
-3
4
1
4
6
2
2
3
-5
-8
1
-7
-4
-2
1
4
-2
6
-1
-5
2
-4
3
-4
-1
3
-6
1
1
-4
-1
-1
-6
-5
2
0
1
1
0
-2
-5
-3
-3
-9
-2
-1
-2
4
1
0
5
7
-4
-2
-4
-11
2
-4
-5
3
1
7
1
0
-2
-4
5
1
9
6
8
4
7
8
-1
8
6
7
7
6
2
8
5
0
3
-3
-4
-2
-3
-1
3
6
-4
6
6
2
2
3
3
1
4
0
1
5
8
8
8
8
4
5
0
3
-3
-2
2
-5
-2
-9
-6
-9
-8
-5
-9
-4
-8
-2
3
-4
7
-3
-1
3
-6
-5
-5
0
3
5
4
-2
0
0
-6
-4
-9
-8
0
-3
-2
-1
-2
-2
0
-3
-4
-5
-2
2
3
1
-4
-1
0
-4
-3
0
3
3
-1
6
0
2
3
2
6
4
0
-2
6
-2
-3
-1
2
2
6
7
5
4
3
1
1
-1
-6
-5
1
4
-3
-1
3
0
-4
0
-6
-2
2
1
1
-2
2
3
1
-5
-2
0
2
-3
0
3
-5
-2
4
-4
-4
-3
-9
-2
-3
-9
-13
-5
-6
-6
-7
-6
-6
-7
-2
-8
-3
-8
-11
-4
0
-3
-7
-3
-3
-2
-2
-8
-4
0
-2
2
-3
-6
-12
-9
-7
-12
-8
-5
-3
-4
4
-5
-8
-6
-12
-9
-7
-9
-8
2
-2
5
3
-2
-3
-2
0
3
6
3
3
8
1
-3
-2
-5
-2
3
2
1
5
7
-3
-2
6
-1
-2
0
-2
0
0
2
1
4
3
8
9
7
7
7
10
0
1
1
2
5
5
8
8
6
2
-5
-2
-4
-10
1
0
1
-2
-1
-1
-4
-2
-5
0
4
-3
1
4
-4
0
-6
-4
-7
-7
-5
0
1
-7
1
-3
-3
-7
-9
-4
-3
-6
-7
-6
-11
-8
-9
-3
-7
-11
-1
0
-4
-12
-5
-6
-6
-7
-2
-5
-4
1
-1
0
-1
-4
-2
1
-2
-3
4
3
-2
-2
-3
0
-5
-5
2
0
-3
-6
2
-2
-2
0
-3
2
-3
-2
2
0
0
-4
-1
2
2
4
2
7
6
6
2
-1
-2
-2
1
2
-2
-2
-3
-2
-3
-8
-3
-8
-4
-3
-7
-2
-7
-8
-1
3
-7
-4
4
-3
0
5
3
-5
-7
-6
-1
-1
-5
-1
0
2
-2
-10
-8
-6
-3
-2
-4
-1
-1
-1
-1
-3
-4
-7
-3
0
0
1
4
6
5
2
1
1
3
-2
-2
4
0
2
-1
0
1
2
3
3
4
1
4
2
1
1
7
9
-2
1
4
4
2
1
2
3
3
1
4
4
-1
2
4
1