6
9
15
12
5
7
2
-2
-3
-9
-2
1
1
2
-4
2
0
-3
-3
4
1
1
9
1
5
3
1
0
-1
3
4
7
1
4
5
-8
0
-2
-1
2
-3
-3
-6
3
3
8
9
3
-1
-3
-6
0
9
5
2
-1
-3
-6
-8
-3
2
-6
-6
-16
-15
-8
-5
1
3
2
-4
2
1
-3
0
-1
-12
-8
-3
-5
3
5
1
0
3
2
0
-1
1
-5
-5
-6
-16
-10
-9
4
8
1
0
2
2
4
13
5
2
-1
-6
-8
-6
-3
0
-4
1
-2
6
9
4
1
-7
-2
-1
0
6
4
3
1
4
10
9
9
9
10
-1
-6
-8
-7
-3
1
-2
-11
-6
-13
-2
14
4
2
5
-1
-6
0
-2
0
6
6
7
10
10
11
11
5
-5
2
0
-6
-5
-8
-3
-10
-6
0
-1
8
7
0
3
1
0
6
2
3
4
6
2
2
5
9
6
-8
-9
-13
-13
-14
-8
-10
-14
-4
-1
8
16
19
12
5
4
3
0
1
6
4
-1
-4
-4
-1
-1
2
-1
-2
-7
-12
-10
-18
-14
-4
-1
-4
-1
2
3
5
4
0
-3
-8
-8
-11
-3
1
-2
0
1
5
-2
2
3
-5
3
-4
-12
-6
-2
1
-3
-1
8
9
15
5
-3
-5
-5
-2
2
7
5
-2
-4
-5
-10
1
6
6
1
-7
-4
-6
-2
2
1
5
-2
3
6
3
9
11
10
7
10
3
-5
-5
-4
-1
6
3
1
5
6
-4
-3
1
-7
-7
1
3
1
-4
-6
-5
0
5
14
17
9
6
-6
-5
-4
-6
-5
-4
1
-4
-2
-2
0
-7
1
2
-4
0
-7
0
1
8
5
7
11
8
9
10
7
-4
-1
-5
-7
-6
-9
-11
-11
-1
2
-5
-5
-4
6
7
1
-4
-7
0
5
4
4
-2
-8
-4
4
10
7
-4
-6
-7
-4
-1
-7
-2
-6
-7
-7
-5
2
8
7
-7
1
-10
-12
-3
3
3
-6
-3
-2
6
0
3
0
-8
-8
-13
-11
1
-1
4
4
-11
-7
-3
7
13
12
7
2
-1
-1
7
11
14
14
8
6
2
0
1
0
1
-6
-7
-1
-3
2
-6
-2
8
1
3
4
1
8
14
6
6
3
3
0
1
12
11
10
7
0
1
-1
4
-2
-1
1
-9
-9
-6
-11
4
9
2
10
-2
-4
6
7
14
10
2
-3
-8
-7
2
12
3
1
2
-14
-10
-20
-19
-1
-13
-9
-11
-17
-3
-4
0
14
11
9
9
7
7
1
-5
0
-5
1
2
-3
2
-10
-19
-14
-19
-19
-18
-34
-12
-10
-7
16
1
12
21
2
24
18
8
14
-10
-8
8
-1
9
8
-2
-5
-20
-17
0
-8
-6
-16
-29
-33
-12
-1
9
21
14
14
23
6
15
18
4
-2
-11
-15
12
15
12
3
-25
-35
-8
-7
16
19
-16
-23
-30
-12
26
34
34
17
-12
-15
1
18
45
42
14
-14
-36
-27
19
32
38
21
-19
-30
-15
8
30
21
2
-24
-35
-21
7
34
37
19
0
-23
-5
28
36
47
19
-16
-19
-18
15
35
24
14
-18
-28
-12
-1
18
12
-10
-35
-46
-11
17
55
56
19
3
-27
-14
20
29
44
11
-19
-35
-59
-5
-2
9
22
-29
-13
-24
-32
29
11
3
4
-41
-17
-1
-2
35
21
6
-13
-33
-38
-15
-8
-11
1
-22
-33
-13
-50
-4
5
-16
9
-9
-9
-7
-12
20
-7
0
-38
-74
-34
-58
27
84
-15
49
-85
-158
51
-212
107
221
-162
169
-139
-156
148
-199
186
98
-201
209
-160
-45
179
-200
41
-65
-262
69
-83
77
256
-81
54
-251
-150
179
-21
302
166
-90
20
-238
17
103
-8
244
-171
-186
28
-316
52
211
-121
-46
-183
-319
177
145
431
480
-71
-27
-203
-251
411
286
230
377
-384
-341
-288
-431
187
129
108
131
-370
-188
-170
-76
410
233
357
256
-62
321
151
293
515
6
123
-279
-348
22
-250
81
4
-366
-114
-315
-173
260
77
382
215
38
83
47
121
308
167
330
59
-52
-38
-118
-76
50
-108
-26
-192
-154
-192
-50
64
-87
147
-64
-141
-87
138
81
109
213
-16
-211
-91
22
-80
229
30
102
-262
-78
-193
-293
31
-10
-185
146
-89
-126
-145
-210
78
-512
93
297
-488
323
27
-326
150
-149
81
267
-68
213
-52
-547
-142
-505
-331
236
-126
-43
67
-560
-165
-210
235
598
56
401
-122
-574
-18
47
359
315
96
-13
-673
-486
-148
-56
532
374
172
274
-497
-229
68
97
649
240
308
52
-615
-202
-105
65
266
124
156
-156
-469
-161
12
17
219
387
132
98
-114
-61
157
-39
280
431
283
26
-49
-71
-169
-104
224
361
-6
135
-285
-176
151
-188
528
457
-38
166
-322
-101
-81
-262
568
127
8
180
-121
-197
-53
28
321
196
39
60
-251
-57
-70
-27
514
60
-109
209
-311
-158
-64
4
190
26
-18
235
-237
-214
21
-324
237
32
-134
475
-460
-163
91
-427
461
-143
-2
298
-505
-238
-34
-300
103
-22
67
178
-459
53
-186
-203
216
-67
149
-1
-415
-107
-350
-95
239
-148
325
-273
-248
-219
-204
1
216
188
135
-99
-203
-183
-258
-272
80
6
-151
138
-230
-94
-19
-255
209
129
-222
314
-260
274
-52
-67
485
-46
-6
176
-47
276
-95
42
368
-233
9
8
114
82
-280
175
100
-80
159
160
148
177
-164
306
340
166
305
136
326
-126
-152
156
96
280
57
256
252
67
-416
168
94
55
147
186
85
213
-544
118
436
-109
332
-73
-66
244
-681
66
699
-226
311
-66
-84
472
-583
116
343
-108
113
-492
157
142
-473
-67
155
107
-190
-414
325
-133
-72
179
28
140
-329
-287
-290
-256
124
-278
-269
169
-499
-344
-176
-208
66
-107
84
-86
-63
28
-243
-143
-77
130
-152
-190
328
-174
-274
-238
-375
-109
-355
-356
-29
-253
-70
-281
-153
-59
-319
-82
-74
52
142
-44
-10
-84
-327
26
-200
-66
146
-11
132
-238
-37
92
-174
-10
166
141
234
26
71
118
26
-20
32
171
111
-11
9
180
95
-5
165
95
-36
150
31
87
195
110
140
158
73
304
135
135
284
143
296
130
80
210
106
5
143
262
313
44
99
196
-10
106
155
332
340
98
132
149
9
36
153
265
285
112
174
170
-23
-2
94
176
107
33
65
21
-90
-12
-22
116
128
-46
-70
81
-70
-151
51
83
70
-27
-77
-17
-110
-164
-128
-91
41
-127
-290
-150
-152
-180
-174
-26
7
-61
-303
-225
-71
-158
-121
-74
34
-21
-244
-190
-40
-187
-158
-106
-76
-96
-225
-203
-238
-175
-86
-236
-61
-82
-217
-246
-284
-141
-128
-189
17
-84
-87
-71
-262
-109
-156
-28
81
-47
125
-20
-198
-158
-234
-168
36
-36
92
80
-62
-30
-109
-71
36
-61
-23
113
-83
49
-70
-69
137
-17
33
84
109
146
-65
145
176
-18
48
113
83
104
131
276
109
35
278
-77
-18
308
20
116
271
23
68
157
40
167
7
179
8
-1
27
253
-15
53
247
-13
35
37
152
95
192
117
217
89
16
-16
8
72
-2
36
136
14
-59
26
153
99
90
169
-54
109
15
-59
137
169
154
69
-198
134
-22
-93
124
184
-33
-40
-114
-228
-109
-218
-118
-61
111
-223
-204
102
80
66
77
64
314
-8
-8
163
224
111
-257
-70
-126
-219
-290
-3
28
-9
-302
-252
-82
-378
-226
22
50
-54
-263
-137
87
-225
107
210
272
11
-113
116
-124
-126
68
-27
121
-104
-210
3
-11
-245
-153
73
95
-236
-230
54
-149
-271
-290
205
-20
-92
4
81
162
-165
-53
146
53
41
99
80
290
-232
26
127
-42
-48
-22
109
129
-231
97
38
6
-89
-92
-56
-51
-84
41
121
-45
-60
-43
68
-67
78
45
224
79
-47
231
110
213
68
46
253
143
-163
259
-84
-104
134
-294
47
12
5
35
-25
226
17
-174
-27
17
-109
105
-28
192
89
-141
-93
25
140
19
82
188
147
-183
-183
99
97
57
-7
274
114
-170
-125
-90
-87
26
38
59
135
-159
-112
-257
-6
-110
-119
74
88
-25
-178
41
-19
-132
-38
-80
59
12
101
-75
-135
12
-120
-225
31
190
27
37
2
-7
-245
-34
-37
-97
159
-25
-98
37
-146
-313
-73
-73
76
-189
62
290
-103
-135
-44
-37
-41
-29
-21
123
123
65
-87
-168
51
-144
-61
99
30
139
45
37
-111
-179
-27
11
-27
76
165
79
48
-118
-183
-91
12
28
236
165
134
-37
-205
-77
-174
19
161
289
52
89
141
-14
-128
-91
84
222
-9
51
151
-10
40
-68
-133
49
74
53
57
89
130
4
-156
-132
112
-37
195
172
69
101
-18
-3
43
-31
145
104
116
144
-5
-66
-98
12
-82
-40
146
182
36
-169
-73
64
-238
-7
29
60
210
49
-23
-7
-122
-131
-62
21
192
108
198
-117
-259
-130
-189
-142
-8
68
71
36
-119
-127
-84
-63
-98
-70
135
66
-133
185
35
-74
-39
-39
179
14
115
340
184
228
3
-188
-18
-29
-102
39
373
131
-38
-38
-51
-127
-137
33
37
7
-26
-50
-43
-162
-249
-102
-54
3
50
37
30
-101
-193
-120
-79
-75
12
36
1
-49
-125
-14
49
-168
-96
33
97
-94
-210
84
78
-126
-50
-38
84
32
32
146
130
145
2
-13
132
116
252
378
213
-9
26
146
169
90
115
267
74
-153
-169
-229
-202
-186
-319
-221
-153
-258
-412
-562
-531
-394
-279
-322
-434
-355
-329
-207
-151
-54
72
7
-27
-32
250
480
436
299
329
314
368
500
450
235
288
437
294
154
181
354
337
167
206
361
308
-54
-311
-47
235
220
-155
-397
-536
-580
-674
-432
-170
-59
-340
-405
-359
-440
-268
-337
-167
-86
33
226
273
59
6
3
30
211
191
258
241
35
-23
-47
-85
-54
-129
-80
-35
95
201
183
84
61
162
186
291
480
408
549
387
426
838
943
942
695
613
308
24
268
788
781
217
-490
-965
-989
-1061
-671
-405
-468
-1007
-1334
-1186
-849
-684
-695
-658
-662
-543
-144
191
263
175
78
209
267
397
608
623
609
522
422
291
72
-142
-176
22
31
83
-134
-470
-576
-418
-227
-272
-160
-70
3
190
440
500
325
426
909
1338
1507
1462
1311
636
25
337
1207
1444
595
-576
-1057
-1018
-1193
-904
-529
-823
-1792
-2201
-1565
-874
-839
-1150
-1280
-1282
-1229
-711
-2
293
-87
-305
-38
185
376
479
661
848
730
735
729
653
381
320
505
554
596
314
110
76
92
221
108
-63
-286
-216
332
731
709
464
562
772
998
1366
1808
1807
731
-97
337
1616
1651
330
-871
-1313
-1385
-1442
-752
-294
-1062
-2608
-2919
-1938
-1051
-1031
-1245
-1464
-1627
-1624
-959
-114
125
-324
-579
-173
298
538
603
802
1046
812
814
752
945
978
894
1109
1061
975
552
381
457
683
541
136
4
57
161
373
543
269
208
588
1187
1332
1277
1474
998
-25
-144
1294
2106
896
-1001
-1488
-1186
-1332
-1493
-724
-934
-2397
-3467
-2416
-930
-1221
-2056
-2205
-1714
-1627
-1373
-306
269
-142
-1085
-946
76
511
693
735
1104
958
671
737
947
1373
1428
1215
1022
999
1036
937
1044
1149
857
137
-147
287
661
937
714
182
-197
-19
725
1303
1416
1383
1140
386
-272
116
1518
1724
237
-1292
-1470
-1446
-1493
-1325
-571
-1344
-3165
-3504
-2010
-763
-1121
-1740
-1903
-1930
-2123
-1282
126
653
-203
-1242
-843
116
543
989
1188
1124
483
300
798
1552
1854
1534
983
728
891
1134
1257
1607
1380
553
-244
-188
573
1064
1108
460
-162
-314
177
1010
1556
1583
1113
595
-164
-430
690
2283
1702
-632
-2041
-1655
-1266
-1161
-736
-571
-2401
-4135
-3489
-1272
-159
-1299
-2333
-2645
-2263
-1912
-603
861
460
-1218
-1907
-786
467
800
1136
1246
761
-23
282
1216
2047
1939
1107
566
790
1083
1347
1740
1967
1018
-199
-399
485
1423
1550
855
-123
-550
2
951
1811
1843
1023
506
274
-74
428
2008
2581
50
-2480
-2109
-987
-696
-1038
-585
-2145
-4265
-4377
-1896
44
-873
-2854
-3391
-2785
-1953
-1259
525
813
-1042
-2469
-1284
819
1109
1062
1203
707
13
76
1454
2437
2478
1295
220
657
1583
2104
2194
2112
1059
-378
-242
1024
1885
1790
657
-473
-775
185
1405
1923
1800
663
-92
621
809
401
895
2342
1275
-1715
-2567
-1024
-494
-829
-1193
-1487
-3888
-4653
-3074
-224
106
-2447
-4055
-3473
-1843
-1123
-200
1008
-502
-2549
-2030
681
1792
885
860
640
295
396
1387
2530
2396
1459
202
338
1687
2210
2264
1897
1205
-126
-322
1055
1866
1644
646
-414
-840
50
1229
1666
1375
585
-185
461
1775
1070
1
626
1984
367
-1698
-1586
-601
-920
-1284
-1481
-1893
-3787
-3903
-2204
-194
-1067
-3714
-3839
-2128
-1033
-1265
-507
256
-1512
-2184
-448
1546
1192
-9
490
647
884
928
1503
2142
1914
1030
334
1145
2008
1817
1820
1579
717
-250
185
1393
1503
1036
77
-548
-268
848
1393
1377
901
222
-58
1303
2332
508
-425
811
2196
331
-1528
-1234
-717
-1197
-1438
-1467
-1986
-3931
-3677
-1837
-261
-1793
-4082
-3064
-1453
-1168
-1653
-430
60
-1817
-1781
105
1455
608
-108
993
970
1028
783
1498
2355
1841
686
353
1476
2033
1672
1764
1318
314
-41
865
1919
1328
577
-567
-556
344
1240
1131
832
529
-33
265
2154
2503
-140
-883
892
2376
427
-1290
-1222
-832
-1220
-1343
-1446
-1768
-3702
-3472
-1704
-259
-2285
-4261
-2531
-1147
-1451
-2060
-670
-91
-1797
-1191
308
1004
149
-164
1177
1029
971
572
1423
2359
1698
591
641
1745
1984
1602
1815
1141
285
370
1186
1811
887
171
-758
-140
1004
1276
591
254
212
6
636
2226
2403
-399
-1438
563
2700
1572
-1036
-1812
-1068
-1196
-921
-1265
-883
-3529
-3982
-2221
-254
-1500
-3715
-2339
-1338
-1774
-2164
-928
426
-1306
-1434
-418
509
437
-150
1172
1229
629
127
1031
2506
2072
554
541
1304
1974
1521
1819
1462
606
494
856
1817
1298
337
-530
-127
1005
905
502
577
543
50
401
1827
2549
185
-1481
350
2301
1940
-1011
-1668
-954
-1212
-982
-1372
-583
-3172
-4031
-2431
-471
-1058
-3576
-2660
-1449
-1687
-2041
-1315
445
-876
-1563
-722
323
568
-100
735
1162
504
222
882
2285
2147
463
384
1127
2110
1658
1507
1417
665
556
805
1640
1476
195
-397
-27
1221
904
421
421
584
-50
360
1627
2531
726
-1846
-26
1872
2645
-512
-1823
-1273
-1513
-983
-1173
-380
-2509
-4454
-2824
-904
-427
-3041
-2852
-1469
-1856
-2062
-1694
526
-264
-1728
-1063
207
866
236
531
1383
522
57
731
2122
2506
485
67
975
1943
1829
1227
1490
745
385
825
1348
1685
112
-333
-132
978
898
395
467
636
0
231
1394
2351
1459
-1765
-536
1383
2962
557
-1758
-1203
-1431
-901
-733
-443
-1310
-4429
-3054
-1464
-169
-2189
-3232
-1453
-2018
-1946
-1983
256
488
-1694
-1381
-313
698
467
373
1396
487
-196
531
1922
2566
854
-140
955
1671
1858
1105
1376
1034
188
929
1155
1775
453
-108
2
649
972
427
467
714
1
20
1114
2178
2200
-1118
-1135
1124
2667
1700
-1606
-1219
-1221
-1262
-433
-896
-321
-4123
-3426
-1562
-256
-1372
-3655
-1531
-1849
-2180
-2206
-605
977
-1612
-1834
-634
471
679
-83
992
501
-499
274
1580
2384
1066
-391
817
1530
1973
1334
1403
1423
391
994
1011
1638
1055
170
204
407
960
795
711
1050
284
-63
864
1849
2502
-512
-1532
934
2133
2126
-1551
-1299
-981
-1523
-383
-1319
-170
-3815
-3714
-1587
-611
-1209
-3846
-1658
-1397
-2238
-2123
-1046
1050
-1426
-2050
-698
206
711
-150
809
549
-463
455
1497
2064
1166
-287
752
1362
1812
1360
1221
1476
591
1072
1124
1449
1307
456
284
369
972
1084
680
946
484
54
944
1755
2670
-400
-1705
929
1948
2043
-1821
-1450
-936
-1584
-419
-1523
-160
-3624
-3592
-1336
-478
-1272
-3968
-1680
-1144
-2203
-2088
-1078
1021
-1371
-2010
-600
255
764
-359
494
338
-465
564
1431
1881
963
-416
796
1378
1801
1355
1080
1256
430
1158
1167
1457
1425
621
433
379
1259
1429
874
1162
335
406
950
1905
2462
-984
-1002
1026
2368
1357
-2077
-1092
-918
-1135
-886
-1626
-525
-3919
-2960
-1154
-268
-2063
-4091
-1246
-1126
-2092
-2326
-889
698
-1875
-1823
-435
403
660
-635
621
147
-258
871
1490
1766
189
-456
1071
1542
1836
1118
1060
1031
683
1559
1316
1533
991
576
416
653
1594
1357
931
1005
164
1007
1358
2389
1754
-1725
-78
1321
2782
128
-2342
-654
-1017
-710
-1395
-1306
-1081
-4157
-2363
-1202
-482
-3191
-3729
-892
-1535
-2166
-2418
-179
154
-2193
-1455
-172
589
244
-805
652
-92
57
1195
1592
1501
-272
10
1705
1761
1658
824
1098
970
938
1803
1407
1353
584
706
805
1055
1651
983
1233
590
265
1560
1745
2523
-432
-1146
1260
2112
2027
-1966
-1428
-573
-853
-701
-2164
-780
-2936
-3286
-1691
-807
-1502
-4085
-2098
-1106
-1983
-2417
-1571
384
-1227
-2159
-847
273
750
-387
-185
422
-206
598
1451
1632
634
-577
929
1801
1707
1133
795
1105
866
1500
1631
1223
749
527
946
956
1352
1283
1129
1227
203
1333
1755
2493
422
-1378
1050
1757
2488
-1192
-1692
-585
-737
-145
-2120
-1188
-2200
-3297
-1817
-1451
-1103
-3560
-2503
-1081
-1885
-2252
-2019
-12
-675
-1766
-1120
-417
435
-108
-204
449
-200
361
845
1629
1060
-137
731
1431
1499
1096
1038
994
986
1364
1652
1244
635
795
1357
1316
1094
965
1186
1571
566
1262
1690
2369
498
-1517
1552
1968
2145
-1325
-1697
-274
-974
-51
-1941
-1579
-2464
-3526
-1311
-1275
-1421
-3731
-2530
-808
-2155
-1997
-1940
-276
-1143
-1983
-474
-317
44
-354
-282
627
-326
540
1137
995
778
-133
1226
1713
1035
881
1144
1413
888
1465
1918
1316
481
455
1717
1696
1272
677
939
1807
806
1379
1800
2502
-153
-1630
1829
2780
1872
-2505
-1616
173
-682
-295
-2245
-1217
-3110
-3712
-1177
-875
-1752
-4473
-2360
-760
-2132
-2410
-1422
-55
-1722
-2281
-373
413
48
-584
-435
781
-291
798
1575
863
617
-567
1770
1895
1162
773
664
1481
892
1636
1962
1335
567
185
1613
1871
1891
624
784
1450
1109
1728
2148
2436
-1388
-722
1989
3543
746
-3128
-976
111
-166
-1244
-2429
-1057
-3675
-3092
-1330
-745
-2888
-4309
-1556
-1173
-2288
-2583
-671
-346
-2110
-1665
-266
439
40
-602
78
278
44
1272
1658
662
199
-87
1964
1644
833
1062
727
1018
981
1706
1811
1153
418
917
1244
1830
1687
900
1366
856
1484
1826
2987
445
-1436
1542
2396
2697
-2352
-1461
324
-520
-48
-2851
-1240
-2698
-3380
-1390
-1417
-2194
-4253
-2433
-666
-2478
-2576
-1677
-11
-1856
-2254
-87
-122
-38
-708
13
696
-554
759
1624
942
338
-103
1685
1859
491
784
1235
1311
824
961
1642
1504
845
887
1424
1291
1496
1109
1537
1518
1479
1408
2528
1694
-1034
1132
2048
3309
-1244
-2575
410
234
281
-2432
-2240
-1850
-3567
-1844
-1133
-1787
-4380
-3766
-967
-1589
-2544
-2810
-437
-1134
-2479
-764
18
218
-867
-722
1016
-162
485
1322
1254
384
-2
1369
2217
1236
165
1089
1346
1429
1313
1013
1297
854
1292
1630
1122
1360
1313
1469
1296
1703
1674
2419
1550
-879
1173
2107
3215
-322
-2550
-324
88
577
-1308
-2711
-2192
-3492
-2094
-1274
-1830
-3775
-4077
-1655
-1860
-2237
-2574
-1282
-1329
-2236
-698
-331
-202
-619
-579
880
271
256
1185
1231
773
547
1136
2063
1208
737
1341
1341
1454
1434
1430
945
938
1423
1862
1096
939
1175
1623
1501
1650
1423
2023
1803
-845
1424
1846
2731
-240
-2165
-195
-247
463
-1175
-2698
-2185
-3198
-1821
-1543
-2227
-3887
-3773
-1677
-2044
-2461
-2658
-1636
-1756
-2011
-570
-283
-536
-790
-953
715
705
795
994
390
685
904
2103
2254
828
422
1450
1984
1804
1541
1170
869
777
1720
2166
1315
979
624
1781
1593
2057
1648
2000
746
-1303
2562
2614
2265
-2050
-1804
856
-50
474
-1945
-2070
-2724
-3171
-831
-1194
-2915
-4782
-3058
-1075
-2536
-2650
-2164
-1687
-2545
-2503
-124
-182
-693
-1176
-1164
445
199
1354
1493
-95
191
436
2744
2594
637
805
737
2232
1975
1957
1399
426
1446
1773
2097
1518
1017
1363
1130
1950
2078
1881
2197
-342
349
2362
2507
1324
-2145
-699
79
72
172
-2412
-2034
-3334
-1863
-981
-1970
-3442
-4426
-1910
-1888
-2720
-2672
-2304
-1572
-2867
-1523
-647
-1305
-642
-1047
206
-336
-270
1164
860
590
-78
1371
2324
1328
978
1345
2025
1787
1698
1916
1022
1438
1786
2375
1724
593
1483
2113
2157
1733
1549
2413
596
160
2557
2947
1299
-2041
-1007
999
466
-495
-2188
-2002
-2532
-2360
-924
-1538
-3214
-4600
-2658
-1379
-2419
-2732
-2773
-2152
-2715
-1737
-500
-1336
-1769
-1646
-495
273
-75
678
69
-356
332
1503
2574
1218
544
966
2061
2487
2179
2103
1077
901
1978
3100
2588
904
730
1802
2463
2627
1753
2227
800
-448
2212
3332
2762
-1814
-1988
447
1127
422
-2122
-2306
-2691
-2815
-823
-816
-2737
-5213
-3137
-928
-2204
-2865
-2901
-1790
-3137
-2661
-661
-542
-1683
-2666
-1216
251
-317
127
628
-273
-697
338
2700
2080
372
507
1610
2356
2405
2362
1814
1017
1605
2714
3332
1881
708
1460
2326
3149
2092
2325
640
-94
2426
3169
2328
-1519
-1666
259
913
843
-1932
-2267
-2953
-2489
-929
-857
-2303
-4772
-3274
-1604
-1867
-2333
-2451
-1946
-3396
-2571
-822
-433
-1147
-2609
-1688
-566
26
455
-277
-604
-845
429
2231
1686
475
116
1416
2192
2469
2096
1381
1309
2007
3000
2611
2091
1808
1726
2327
2896
2888
2237
43
1212
2894
3036
976
-1482
-295
240
587
31
-1807
-1850
-3069
-1536
-1444
-1841
-3153
-3434
-1984
-2821
-2461
-2207
-1759
-2105
-3145
-1790
-1410
-1314
-1179
-1819
-1099
-1396
-355
520
-320
-1119
-826
1147
1684
538
11
781
1654
1731
1839
1867
1438
1555
2193
3027
2748
1828
1946
2176
3249
3156
2655
1205
523
2906
3256
2590
-552
-626
463
571
939
-1257
-1841
-2456
-1975
-722
-1661
-2793
-3670
-2310
-1889
-2747
-2415
-2202
-2016
-3141
-2070
-1201
-1436
-1744
-2040
-1495
-982
-678
-89
-508
-1284
-690
-185
1090
683
-3
-28
273
1867
1838
1450
817
1338
2590
2228
2386
1923
2849
2040
2700
3523
3436
1873
331
3671
3453
2871
-20
274
1053
239
992
-271
-1191
-2471
-2450
-531
-898
-2584
-3793
-2619
-1977
-2905
-2323
-2105
-2444
-3527
-2366
-860
-1542
-2032
-1924
-1496
-1035
-1134
-174
-114
-1448
-1388
-353
1451
589
-545
-427
267
1343
1686
1455
355
484
2055
2898
2666
1422
1896
2329
3497
3748
3596
2224
574
3406
4121
3621
278
57
1380
814
1158
160
-1077
-2090
-2549
-449
-807
-2620
-4059
-2811
-1473
-3070
-2780
-2474
-1909
-3245
-2739
-1162
-1587
-1784
-1744
-1493
-1248
-1393
-33
163
-1523
-1111
-455
1100
542
-590
-60
72
1104
1192
875
477
430
2152
2370
2212
1323
2020
2590
3014
3744
3203
2018
1034
3614
4716
2916
169
374
1926
1380
908
-90
-1050
-1952
-2113
-382
-1000
-2642
-4112
-2520
-1596
-2818
-2696
-2243
-2015
-3433
-2341
-937
-1374
-2298
-2221
-898
-766
-1003
-568
-339
-880
-1055
321
966
-88
-634
-401
756
1053
608
1129
33
956
1316
2550
2182
936
1740
2359
3520
2986
3089
1026
1850
4114
4122
2518
-127
1365
2015
1443
997
-882
-907
-1751
-1108
-567
-1494
-3309
-3025
-1481
-2153
-3227
-2530
-1572
-2492
-3480
-2003
-895
-1609
-2047
-2209
-1257
-677
-345
-260
-988
-1734
-519
1047
906
-595
-1228
-19
1140
855
623
-16
125
1562
1793
1786
721
1475
2200
2891
2608
2866
2019
1587
3762
3353
3351
765
1379
2161
1353
1713
-88
46
-1247
-1101
-288
-778
-1931
-3279
-1795
-1917
-2352
-2365
-2244
-2196
-3269
-1951
-1352
-1616
-1898
-2158
-1461
-1322
-610
-552
-791
-1374
-1080
610
305
-40
-896
-74
948
526
644
-57
355
1139
1507
1389
1136
1258
1788
2752
2902
2849
1284
1253
4159
4095
2445
242
1324
3151
1482
1005
356
-207
-530
-980
248
-809
-2462
-2681
-1423
-1517
-2877
-2396
-1840
-2200
-3240
-2095
-976
-1752
-2050
-2069
-1755
-1476
-766
-95
-1307
-2157
-803
918
622
-562
-980
-69
1132
799
829
68
271
1241
2065
1882
661
1257
2138
2978
2785
2725
770
1437
4311
3986
1819
-445
1581
3073
1669
884
-247
-41
-1009
-601
395
-697
-2975
-2799
-1089
-1496
-2551
-2187
-1507
-2485
-3159
-1701
-772
-1704
-2176
-2127
-1430
-1223
-793
-453
-1408
-1585
-487
622
318
-703
-743
215
1019
1020
617
279
554
1767
1921
1778
1233
1621
2027
2267
3286
1849
296
2413
3769
3088
-151
402
2456
1724
728
-2
293
-539
-1678
-18
346
-1746
-3181
-1400
-705
-2283
-2466
-1312
-1065
-3178
-2360
-875
-951
-1848
-2306
-1223
-1181
-1162
-628
-946
-1149
-967
-94
197
-399
-570
-133
849
307
851
958
753
1198
1619
2098
1473
1788
2350
2154
2802
2230
481
2326
3419
3184
222
-192
1914
1908
965
-333
-413
-268
-1228
-596
-122
-1301
-2975
-1486
-537
-1862
-2606
-1852
-388
-2354
-2373
-1375
-1002
-1213
-1991
-1248
-882
-1279
-1260
-392
-618
-1133
-1129
179
116
-743
-460
429
375
584
899
891
1267
1219
1441
2384
1835
2155
2001
3125
2085
425
3319
3453
2623
-197
418
1993
1665
961
-644
-634
-920
-901
99
-531
-2303
-3052
-890
-612
-2115
-2341
-1806
-1214
-1932
-1459
-1400
-1576
-1416
-1154
-808
-1041
-1348
-1009
-604
-571
-874
-672
-412
-511
-488
-221
277
554
506
407
451
1633
1885
1475
1500
1682
2565
2580
3124
1179
1218
3623
3731
2032
-646
1194
2332
1418
602
-1043
-389
-1022
-560
-277
-1305
-2756
-2137
-278
-1687
-2728
-2155
-759
-1420
-2537
-975
-1371
-1280
-1298
-958
-607
-1873
-851
-522
-306
-1161
-1096
-59
-633
-569
-473
232
283
131
852
409
779
1588
1898
1855
1070
2187
2444
3074
1904
909
3098
3494
2866
-62
469
2343
1637
1086
-784
-877
-474
-478
175
-1173
-2472
-2766
-772
-405
-2352
-2630
-1811
-724
-1906
-1319
-1186
-1546
-1147
-1116
-532
-1378
-1188
-634
-402
-735
-1196
-627
-377
-431
-453
-378
266
21
433
675
822
1265
1377
1737
1332
1932
2425
2830
1720
684
2918
3527
2931
-217
54
2248
1974
1204
-702
-1017
-829
-170
759
-744
-2875
-2980
-49
-10
-2035
-2871
-1630
-458
-1785
-987
-1040
-1284
-1131
-752
-666
-1488
-835
-393
199
-1448
-1462
9
123
-530
-1317
221
596
-265
491
657
329
1089
1793
1698
1054
1295
2499
3090
898
688
3018
3602
1928
-913
1016
1922
952
1136
-836
-1059
-1389
-51
714
-1420
-3030
-2379
145
-858
-2098
-1989
-1467
-974
-1456
-20
-995
-1376
-519
-639
-257
-836
-270
-252
-622
-813
-643
495
-316
-467
-815
-104
795
355
739
-279
570
1915
1495
1030
1267
1952
2258
1871
726
1867
2850
3002
523
-747
1086
1796
1153
-170
-2081
-1360
-347
252
-809
-2675
-2962
-1293
-285
-1212
-2248
-2076
-1194
-1217
-487
-183
-1007
-901
-516
-302
-154
324
130
-534
-810
-260
987
196
-505
-808
-77
834
588
943
78
-32
1207
2364
1383
728
1436
2394
2379
560
1445
2806
2628
1039
-515
756
1141
727
425
-1366
-2179
-1497
105
-238
-2514
-3675
-1783
-366
-1387
-2376
-2177
-1347
-1419
-987
-13
-916
-1120
-423
-191
54
-156
571
202
-561
-606
839
1266
-45
-702
-236
1202
1157
1021
451
1
1238
2184
1755
1246
1168
2164
2335
933
1354
2939
2413
677
-528
1234
1609
142
-253
-1447
-1638
-1424
-323
-556
-2670
-4343
-1842
-87
-1528
-3129
-2754
-1319
-1787
-865
7
-1134
-2029
-1201
773
674
-390
-718
-112
40
105
1370
827
-788
-405
1049
1892
730
680
643
847
1743
2394
1869
1024
1293
2611
2582
624
1912
3209
2184
-268
-77
2277
1605
-177
-1034
-1656
-1056
-617
-108
-1499
-3945
-3812
-545
-8
-2483
-4201
-2633
-991
-1597
-833
-1019
-1816
-1972
-452
755
-152
-707
-693
-84
-91
278
1311
466
-553
-302
1227
2033
1055
647
700
852
2245
2745
1605
1161
1249
3004
1629
1454
3154
2200
1137
-341
1795
2236
601
-219
-1084
-915
-1144
-320
-433
-1962
-3969
-2347
-425
-1322
-2875
-3194
-1992
-1823
-1461
-857
-1824
-1999
-1237
-407
56
-384
-596
-906
-157
183
973
380
-340
1
503
1529
1130
1482
998
154
1551
2892
2121
1541
1338
2286
1140
1388
3645
2791
965
-933
1190
2655
1363
-23
-904
-1085
-1366
222
469
-1881
-4251
-2545
85
-978
-2494
-3123
-2505
-2073
-1218
-139
-2050
-2695
-1768
-40
185
-703
-378
-802
-523
-53
1348
1171
-609
-257
632
1482
1348
1767
1228
-297
1146
2714
2880
1605
1085
1492
518
2211
3532
2614
-233
-1231
1714
2697
926
-701
-1402
-971
-1172
550
355
-2536
-4355
-1760
380
-1062
-2448
-2802
-2030
-2239
-928
-241
-1351
-2238
-2272
-174
484
76
-448
-621
-602
287
2053
1302
-609
-147
1154
1959
1492
1317
643
453
1727
2097
2289
1550
977
-26
738
3076
2726
903
-1865
-182
2117
1767
364
-1347
-1383
-1697
-453
1199
-678
-3660
-3272
-744
-106
-1585
-2086
-1902
-2014
-1813
-399
-284
-1299
-2024
-1344
105
173
149
-228
-544
-225
1348
2093
770
-100
417
1899
2380
1651
754
396
1604
2481
1948
1335
942
315
627
2243
1930
446
-1604
-154
1095
613
-162
-1362
-1159
-1357
-971
116
-709
-2860
-2490
-1191
-343
-1344
-1980
-1934
-1900
-963
-174
-798
-1467
-1420
-591
118
97
-128
-657
-90
532
1612
1086
396
932
1057
2045
1877
2158
1252
489
1764
2658
2575
1194
858
-16
1078
3034
2083
-149
-2586
28
1497
504
-770
-2317
-1599
-1798
-572
-104
-1516
-3402
-2370
-967
-1099
-1567
-1746
-1592
-2529
-1592
102
-256
-1249
-1746
-817
108
606
563
-444
-1058
171
2264
1790
268
206
1229
2603
2411
2502
1052
893
2018
3402
2792
1381
592
70
2261
2930
2064
-713
-1563
221
1035
271
-933
-2244
-2172
-1930
-691
-261
-2664
-3611
-2270
-1003
-1243
-1939
-2081
-2505
-2488
-776
80
-1043
-2279
-1646
-68
607
207
-131
-342
-431
979
2090
1125
129
609
1895
2520
2457
1906
1428
1632
2515
3036
2771
2125
-156
735
3186
3090
967
-1662
-134
877
812
38
-1565
-2138
-2519
-1084
-15
-1536
-4150
-2940
-1188
-1072
-2169
-2171
-1877
-2831
-1675
-232
-803
-1782
-2109
-518
231
-191
-65
-102
-12
9
1542
1865
439
202
1182
2336
2107
2060
1364
1384
1977
2808
2784
2088
651
94
2808
2928
1454
-747
-474
836
413
584
-732
-1786
-1754
-1498
-279
-1109
-2969
-2730
-1743
-1439
-1829
-1758
-1636
-2620
-1850
-292
-559
-1202
-1872
-1182
-57
325
160
-379
-229
-42
1227
1771
883
483
742
1542
1973
2156
1051
737
1727
2451
2109
2107
1188
-567
1443
3269
2348
-836
-1701
641
1378
410
-964
-1701
-1322
-1578
-331
-85
-2142
-3255
-1805
-723
-1250
-1886
-1926
-1947
-1978
-561
-94
-463
-1606
-1588
153
703
658
-329
-178
-111
1075
2012
1057
700
432
1362
2040
2426
1338
449
1088
1728
2037
1949
1163
-798
561
2376
2158
68
-1283
-300
164
183
-175
-1124
-1716
-2287
-796
152
-1572
-2549
-1956
-1412
-1290
-969
-1149
-2157
-2372
-958
64
-344
-1049
-1536
-281
440
803
746
66
-150
859
1965
1220
1201
1095
1332
1514
2246
2118
1078
1225
1707
1932
1895
1108
-544
509
1886
1642
-67
-1288
-288
227
84
-590
-1733
-1617
-1814
-1094
-641
-1915
-2391
-1767
-1362
-1615
-1412
-1498
-1772
-1562
-881
-696
-896
-963
-904
-497
373
502
530
149
260
1364
1900
959
1075
1458
1361
1814
2158
2083
1221
1572
1893
1819
2177
1408
94
577
1783
1593
6
-1248
-626
270
7
-790
-1567
-1860
-1841
-875
-592
-2272
-2894
-1882
-987
-1202
-1882
-2150
-1833
-921
-715
-854
-1079
-1029
-438
-52
-3
-88
362
553
578
1088
1169
955
1605
1841
1200
1335
1872
1962
1672
1620
1572
1667
2122
1237
210
1093
1749
1212
-95
-721
-269
-18
-185
-914
-1656
-1804
-1408
-533
-1210
-2575
-2163
-1242
-1231
-1697
-1972
-1718
-1370
-878
-737
-1098
-873
-335
-96
-311
-296
791
808
148
100
1179
1204
974
1236
1112
1088
1488
2084
1371
1008
1075
1745
1841
1334
358
129
1641
1804
860
-789
-721
319
352
-233
-1169
-1610
-1630
-1020
-438
-1326
-2386
-1869
-871
-1005
-1693
-1591
-1232
-1053
-851
-690
-1009
-676
146
429
-302
-226
868
1244
586
194
1123
1234
1002
1094
871
778
1154
1793
1237
439
816
1479
1667
754
-417
67
1427
1296
81
-882
-726
153
265
-252
-1456
-1760
-1141
-676
-627
-1774
-2118
-1350
-1050
-1370
-1267
-929
-1082
-1046
-537
-176
-318
-244
176
48
197
789
1628
1236
202
823
1918
1790
1048
915
762
1246
1767
1291
110
147
987
1427
790
-277
-779
284
1094
130
-785
-1229
-880
-190
-283
-1065
-1786
-1417
-1007
-736
-1223
-1883
-1600
-1032
-1239
-1418
-927
-722
-1193
-893
-94
159
-26
57
550
734
746
1319
1846
1029
788
1889
2345
1744
1306
1656
1348
1336
1842
1337
497
288
1070
1086
54
-972
-334
645
-177
-1094
-1418
-1158
-1070
-857
-1127
-2145
-2462
-1407
-727
-1358
-2209
-2164
-1120
-967
-1271
-1481
-1172
-883
-466
-219
-97
-118
130
831
911
908
1259
1725
1800
1569
1674
2103
2040
1810
1864
1916
1914
1675
1703
1327
864
1031
1200
438
-444
-507
237
104
-818
-1714
-1639
-1347
-1112
-1331
-2119
-2848
-2457
-1230
-1316
-2451
-2912
-1902
-1038
-1044
-1415
-1543
-1051
-617
-29
19
-155
-30
794
1515
1138
1029
1426
1914
1980
2084
2062
1855
1785
2084
2454
2025
1512
1446
1695
1493
1320
1562
860
-225
-446
531
574
-766
-1713
-1580
-1025
-1179
-1522
-2028
-2988
-2671
-1726
-1195
-2628
-3411
-2557
-1489
-1206
-1763
-1873
-1787
-816
-90
269
1
-357
437
1156
1700
1345
1499
1584
1765
2260
2482
2250
1731
1843
2049
2529
2275
1459
1093
1163
1713
1765
1017
0
-411
588
906
1
-1399
-1640
-1140
-843
-1141
-2014
-2558
-2765
-1789
-1737
-2423
-2878
-2760
-1858
-1894
-1820
-1986
-1466
-1148
-821
-360
-197
223
526
1053
940
1554
1993
1820
1690
2019
2379
2278
2219
1827
1794
2047
2237
1811
1192
975
1328
1650
1019
-60
-165
443
515
-164
-1072
-1284
-868
-643
-1294
-1882
-2288
-2006
-1874
-1862
-2373
-2795
-2183
-1936
-2003
-2199
-1904
-1289
-1004
-746
-686
-359
131
798
984
1241
1142
1700
1993
2185
2271
2125
2111
1791
2082
2143
2117
1796
1306
1188
1133
1389
1113
391
-137
-48
365
160
-586
-1119
-1339
-1062
-757
-1116
-1888
-2341
-2111
-1466
-1362
-2291
-2867
-2355
-1506
-1454
-1654
-1746
-1703
-869
-139
72
-170
-36
523
1296
1638
1542
1496
1606
1842
2303
2624
2039
1589
1819
2086
1921
1840
1492
842
845
1204
1156
276
-310
-339
54
-32
-796
-1334
-1264
-1300
-1437
-1416
-1940
-2470
-2058
-1670
-1972
-2174
-2073
-2181
-1683
-1370
-1415
-1450
-849
-529
-201
543
383
344
845
1540
1690
1770
1577
1667
2221
2252
1854
1880
2149
1691
1691
1968
1589
1168
1159
1053
851
669
245
-151
-280
-277
-376
-760
-1357
-1665
-1308
-1413
-2047
-2168
-2365
-2468
-2162
-1960
-2304
-2477
-2005
-1642
-1334
-1262
-1111
-724
-190
184
386
780
895
1263
1694
1739
1768
1923
2091
2064
2300
2112
1661
1727
2068
1940
1339
1217
1272
1233
949
734
553
135
-104
-179
-294
-776
-1006
-1205
-1481
-1679
-1719
-2027
-2397
-2507
-2326
-2200
-2246
-2443
-2334
-1922
-1437
-1176
-1192
-1128
-658
314
652
540
676
1152
1434
1831
2000
1911
1736
1984
2342
2086
1969
1896
1820
1668
1575
1456
1314
919
626
828
642
151
-136
-21
-405
-877
-794
-973
-1491
-1815
-1754
-1783
-2036
-2317
-2455
-2131
-2102
-2111
-1805
-1571
-1345
-1153
-691
-561
-385
40
431
703
735
897
1297
1741
1634
1525
1562
1617
1708
1671
1632
1358
1332
1357
1168
1089
942
958
772
541
431
411
180
-298
-326
-431
-638
-960
-1138
-1407
-1560
-1400
-1496
-1730
-2051
-1900
-1625
-1401
-1325
-1262
-1076
-882
-391
-167
-19
112
416
556
609
833
963
1015
1065
1153
1195
1137
1012
1098
1200
1013
759
748
829
673
651
664
565
448
371
231
166
114
-60
-227
-408
-748
-973
-976
-1096
-1243
-1256
-1171
-1408
-1464
-1173
-804
-711
-1003
-1002
-602
-67
88
64
38
219
372
697
894
690
600
781
972
882
709
618
623
602
735
642
546
351
314
638
565
376
164
217
103
159
155
-20
-155
-373
-486
-531
-482
-646
-871
-1006
-1089
-947
-670
-832
-977
-736
-471
-286
-280
-260
-181
106
207
186
137
280
276
508
604
422
405
460
557
457
618
530
289
195
264
413
294
320
307
268
215
318
391
243
2
32
10
-248
-257
-296
-246
-535
-519
-495
-579
-629
-467
-324
-491
-624
-452
-179
-193
-231
-125
-65
51
210
245
116
-15
242
436
280
3
2
292
425
241
144
204
207
158
176
323
234
41
79
184
117
127
245
209
-51
-105
139
221
-124
-350
-221
-106
-230
-428
-405
-413
-210
-10
-78
-421
-399
-17
209
48
-222
-119
11
95
121
125
80
63
202
195
37
9
91
131
18
-89
-3
31
74
30
74
80
29
142
55
-11
-14
59
59
-92
-78
-55
77
106
34
-85
-55
8
18
-39
-186
-113
37
86
-117
-125
136
235
158
16
38
43
133
238
53
-117
-129
96
141
-44
-92
-3
98
-37
-73
-140
-164
-208
-57
-19
-360
-330
-92
109
-82
-177
-162
-114
-65
-79
-37
-43
-70
-74
-32
-12
98
242
125
-62
70
284
240
134
96
136
239
367
264
125
102
306
398
295
-39
-140
81
234
118
-212
-276
-200
9
22
-88
-230
-230
-157
-152
-221
-307
-253
-245
-157
-316
-258
-142
-69
-131
-139
-15
-108
-101
-149
-32
-26
34
2
-45
18
112
354
351
216
81
252
371
394
321
260
294
306
345
242
204
222
254
213
51
-140
-111
60
49
-167
-337
-289
-161
-104
-219
-373
-380
-335
-389
-392
-437
-449
-322
-225
-333
-285
-139
-160
-214
-117
53
-11
-71
-104
3
301
307
250
192
311
484
699
667
357
350
453
540
409
284
254
279
346
206
63
33
78
63
-27
-181
-331
-209
-221
-285
-444
-538
-467
-421
-389
-500
-536
-416
-395
-396
-451
-423
-234
-104
-203
-219
-103
-36
131
166
191
162
358
440
311
353
501
568
527
384
353
617
623
459
302
194
171
292
357
94
-131
-26
70
-26
-202
-313
-218
-165
-320
-436
-393
-432
-543
-509
-458
-451
-459
-414
-328
-296
-262
-171
-105
-224
-321
-53
219
110
39
56
206
310
383
394
312
383
444
501
458
338
340
488
404
225
246
302
306
212
102
-131
-77
36
-23
-210
-326
-300
-238
-171
-392
-492
-384
-291
-347
-391
-415
-444
-381
-283
-192
-175
-168
-180
-20
104
50
9
51
79
123
257
371
273
160
202
365
483
374
298
291
370
357
369
270
51
80
205
230
30
-69
-117
-55
-53
-192
-314
-383
-304
-217
-137
-345
-479
-350
-220
-238
-250
-228
-258
-174
-138
-134
-72
-52
-74
-17
115
119
153
164
110
158
261
276
205
181
232
373
443
229
125
262
340
329
255
109
7
68
105
-54
-175
-183
-141
-67
-158
-315
-310
-246
-254
-284
-320
-403
-301
-156
-257
-328
-269
-184
-195
-104
-71
-62
81
87
-17
-60
95
202
258
210
114
252
339
375
313
288
206
303
441
331
210
247
318
195
79
30
70
95
2
-116
-187
-222
-279
-222
-271
-364
-341
-223
-252
-410
-427
-286
-173
-264
-347
-259
-90
-70
-69
-75
-62
-45
83
183
134
137
202
243
133
124
243
343
266
257
315
320
240
209
189
136
167
208
171
26
19
72
101
-65
-236
-211
-104
-36
-106
-200
-351
-353
-238
-151
-248
-305
-231
-139
-124
-221
-271
-182
-60
-50
-53
-23
38
99
119
72
35
108
130
115
154
218
200
153
77
82
215
265
206
139
154
124
92
37
-16
-6
55
33
-33
-32
-31
-39
-22
-76
-153
-110
-54
-34
-81
-159
-184
-151
-103
-141
-120
-2
37
-11
-57
-110
-88
-38
-10
53
38
-1
5
99
72
-21
23
80
66
58
143
127
52
-4
-32
5
37
40
56
71
36
37
16
-80
-108
-5
64
2
8
15
-38
-70
-14
-5
-29
-50
-49
9
2
-19
-49
-94
-97
-12
100
77
5
3
8
-20
-29
-38
-28
-4
30
66
12
-83
-52
-2
9
-23
-1
18
33
36
-26
-85
-70
6
55
46
34
34
101
43
-60
-45
-27
45
39
68
85
54
5
-35
-1
28
-32
7
49
27
1
9
11
-47
-39
58
132
64
-45
-77
-8
-43
-97
-88
-91
-70
17
78
-15
-78
-85
-16
2
-24
-30
-16
19
4
-17
-30
-52
-14
88
110
54
8
-3
-2
24
19
34
3
13
97
114
72
-57
-2
34
37
0
-3
27
-35
-30
-45
-74
-161
-44
55
10
-60
-122
-93
-93
-49
-69
-47
-41
-7
91
111
62
-29
9
-26
24
107
119
71
13
35
41
47
23
23
85
146
155
96
-36
-56
19
69
10
-42
-21
43
75
11
-56
-108
-119
-125
-80
-74
-84
-62
-82
-151
-175
-85
-9
-1
-64
-42
-14
7
-27
-36
20
33
97
87
74
67
142
191
93
-21
-8
120
140
66
18
40
37
23
64
82
68
78
64
-26
-119
-78
5
7
-95
-137
-48
-31
-76
-114
-133
-160
-177
-115
-109
-143
-118
-53
-51
-123
-132
-21
74
80
78
64
24
10
77
139
114
102
133
176
182
168
171
149
65
19
57
106
89
33
14
7
8
-9
-5
18
39
32
-22
-139
-208
-179
-93
-97
-167
-193
-140
-85
-77
-89
-105
-132
-150
-99
-30
-35
-36
-15
-25
-20
18
89
116
138
155
138
91
83
76
78
152
185
140
62
70
128
142
90
12
-23
-10
21
60
64
-50
-110
-68
-38
-89
-98
-65
-72
-116
-172
-199
-201
-108
-42
-43
-88
-128
-50
45
17
-54
-66
-58
-68
-10
68
83
61
23
62
88
107
98
150
132
50
60
69
47
42
122
124
60
8
35
68
78
60
19
-34
-94
-58
22
-34
-107
-100
-65
-77
-72
-34
-44
-65
-76
-85
-131
-129
-18
75
73
-62
-83
-8
10
14
-13
4
-18
8
54
53
23
2
27
51
39
42
119
114
82
46
-1
-48
-31
43
68
78
69
16
-17
-7
23
21
-35
-98
-80
-19
-36
-34
-1
-69
-128
-81
3
5
-29
-20
-21
-44
-66
-64
-22
0
-1
25
23
-8
0
58
72
25
12
2
-15
-2
48
85
69
22
-5
24
62
75
68
16
-36
-10
40
62
32
25
14
-36
-55
-26
7
8
-24
-55
-66
-93
-94
-55
-20
-31
-34
-6
-5
-18
3
32
-11
-77
-72
-7
49
63
56
43
-9
-23
4
69
71
40
56
29
-20
-10
33
29
8
15
48
58
40
34
15
6
-33
-54
-30
-50
-16
25
18
-75
-114
-78
-37
0
7
-18
-87
-96
-73
-10
-5
-38
-27
9
20
2
21
31
1
-31
-11
5
36
72
104
64
25
24
56
73
71
96
85
44
-12
-10
3
33
59
51
22
-22
-4
30
54
-21
-84
-103
-80
-63
-51
-58
-63
-54
-89
-75
-39
19
-3
-40
-84
-118
-65
-22
14
-3
5
20
7
-19
-40
13
62
80
63
36
40
87
114
66
19
19
59
113
141
112
47
7
-32
-45
-7
42
80
75
32
-30
-58
-85
-120
-118
-127
-104
-80
-41
-47
-59
-27
-35
-69
-94
-43
27
48
-11
-62
-79
-71
-32
20
61
71
69
97
71
23
29
62
57
11
5
53
74
72
70
57
47
43
78
80
36
4
-6
-41
-96
-71
-13
18
-16
-66
-85
-89
-54
-33
-32
-52
-42
-15
-13
-41
-59
-21
7
3
1
19
55
49
-5
-51
-58
-45
-3
60
84
62
35
6
-28
-17
18
32
16
18
40
50
28
-8
5
7
7
30
45
22
-6
-6
-47
-95
-99
-35
24
54
27
-12
-25
-33
-6
8
3
4
29
47
12
-16
-26
-28
-12
10
18
25
50
45
-2
-50
-69
-49
-19
12
60
61
-7
-55
-55
-48
-25
-20
-9
14
22
21
23
-5
-53
-46
-14
1
5
8
-4
-31
-30
-18
-7
23
49
90
90
36
7
-8
-4
1
44
71
45
30
49
61
15
-38
-45
-23
6
22
39
-23
-85
-94
-61
-59
-77
-42
-5
27
5
-19
-43
-44
-39
-22
-10
-47
-28
8
34
12
10
8
1
13
34
50
30
13
-11
14
65
93
85
57
39
33
28
25
24
46
60
55
44
-6
-42
-66
-57
-50
-45
-29
0
28
4
-51
-119
-132
-110
-87
-44
-1
18
12
-9
-56
-70
-74
-27
-1
7
14
26
54
21
-4
-16
-16
17
94
120
106
96
75
45
23
39
48
62
66
53
53
38
-9
-25
-20
-26
-18
2
-13
-32
-27
-26
-48
-96
-118
-91
-39
-36
-60
-62
-71
-68
-31
-11
-31
-45
-52
-38
-24
-10
12
32
35
40
61
60
54
63
82
66
52
77
104
107
81
39
29
26
7
20
54
56
23
-7
-31
-51
-53
-51
-49
-45
-51
-36
-32
-53
-79
-57
-63
-92
-95
-68
-44
-28
-22
-38
-43
-35
-17
11
28
8
27
56
38
31
57
69
68
90
97
73
53
60
62
59
52
54
74
59
20
-13
-21
-44
-47
-27
-16
-9
-14
-32
-68
-84
-88
-75
-68
-70
-57
-54
-65
-67
-71
-72
-54
-26
-2
18
26
29
13
-9
-14
9
42
59
82
89
87
78
68
47
32
47
74
89
75
67
52
22
-3
-10
-13
-23
-23
0
11
-5
-29
-32
-51
-84
-88
-79
-73
-71
-58
-44
-39
-62
-68
-48
-39
-44
-39
-20
-22
-13
16
29
33
31
43
37
51
47
62
86
97
102
93
68
23
20
24
27
28
57
80
81
52
-25
-67
-76
-58
-25
-16
-28
-26
-9
-28
-77
-84
-81
-71
-54
-47
-48
-60
-51
-49
-50
-75
-67
-25
9
25
26
24
-1
-8
14
49
75
95
89
61
59
66
58
49
45
61
90
90
52
23
8
-8
-20
-36
-41
-16
27
32
-5
-49
-81
-63
-36
-43
-50
-42
-37
-46
-46
-49
-58
-71
-77
-67
-45
-11
13
9
-26
-46
-15
35
55
66
66
41
12
7
30
65
108
121
91
42
19
35
64
65
27
8
-24
-35
-8
9
5
-12
-23
-38
-43
-11
21
21
-23
-75
-99
-87
-59
-37
-17
-28
-37
-40
-46
-42
-25
-4
-13
-22
-31
-21
17
47
39
27
20
17
46
75
90
65
24
-17
-17
43
96
112
63
-12
-62
-48
-10
19
44
37
14
0
-9
-20
-26
-39
-55
-56
-49
-22
17
29
-11
-68
-111
-120
-65
16
66
49
-16
-70
-83
-53
-10
29
44
21
12
12
13
12
38
48
50
56
57
63
59
55
18
-16
-34
3
58
81
59
22
-5
-31
-25
-3
12
-7
-16
-40
-58
-42
-18
-8
-25
-54
-81
-62
-35
2
31
5
-55
-93
-80
-31
18
30
4
-30
-27
10
71
90
62
18
-14
-11
15
66
99
100
61
7
-29
-22
15
47
41
-1
-18
-5
23
45
53
23
-35
-76
-79
-57
-18
10
13
-14
-53
-69
-69
-60
-53
-43
-40
-25
-1
8
12
-1
-23
-47
-54
-16
45
85
86
61
21
-8
0
38
61
51
29
12
18
23
34
49
48
33
10
19
33
30
12
-19
-49
-63
-26
33
53
8
-58
-97
-109
-78
-11
37
30
-16
-64
-93
-82
-45
-6
9
-6
-5
15
29
22
15
11