4
-1
2
3
3
2
1
5
-4
-4
0
4
2
1
3
1
3
-5
-3
2
-2
1
5
1
6
0
-6
-1
1
4
0
2
3
3
1
-3
0
0
2
-5
-2
1
-2
0
-6
-3
-1
-4
-2
-1
1
-8
-10
-2
-6
-4
-1
-8
-5
4
-2
-9
-2
-7
-2
0
-8
-6
-6
-10
-7
-1
-3
1
-2
-2
-5
-5
-3
-2
-2
-5
-2
-2
4
1
0
-2
-8
-3
-6
-1
-1
-5
-4
0
-3
2
5
3
4
4
-3
-6
7
0
8
3
2
5
-2
5
3
-1
-1
0
2
4
-2
3
9
1
8
7
4
5
7
8
5
0
0
6
2
1
1
6
3
0
5
0
2
-1
1
5
8
3
-2
4
3
0
1
5
1
-3
-1
2
3
-5
3
4
2
2
6
0
-4
-1
-4
-5
1
9
0
7
0
-6
-1
-4
1
5
6
4
-2
-3
0
-4
-5
-5
2
-6
-2
-6
-6
3
0
-2
-1
1
3
4
5
-2
-2
-3
-3
-2
-5
-4
-7
4
5
3
0
-1
-2
2
2
-2
-4
-6
-7
-5
2
-7
-2
3
-1
-2
-6
-2
-2
2
2
-3
-7
-7
-4
-4
-3
1
3
-2
-2
-2
0
1
7
-1
-1
4
-5
-6
-4
-2
1
2
-4
-4
-3
0
5
4
2
1
-2
-3
-5
-5
3
-1
-3
-1
4
1
7
2
2
1
-1
4
1
1
-2
2
8
0
-1
1
-3
8
3
3
0
-2
2
3
9
3
1
1
1
1
1
-1
-4
-3
-1
1
0
2
4
-5
3
4
1
9
6
3
4
5
1
-2
5
-6
-2
1
0
1
-2
4
0
5
2
2
-1
-2
-2
2
6
-1
7
5
5
4
0
-1
3
-2
-3
3
-6
-6
1
3
0
2
5
4
1
3
3
8
5
-1
3
3
-1
1
-1
-6
3
0
-5
1
1
-1
1
4
0
-5
-5
-1
-3
-2
2
2
7
1
3
1
-7
-8
-1
-2
-8
-2
-3
-5
-6
-5
-5
-9
2
0
-3
0
-4
-9
-6
0
-2
0
-6
-2
2
-2
-9
-5
-1
-5
-3
-5
-4
-2
-2
-1
-3
0
-4
-4
-2
-4
3
6
8
4
2
-1
-1
0
-2
1
0
-3
1
2
1
5
-3
2
7
9
2
-7
4
7
5
1
5
12
2
2
4
8
5
3
7
4
6
2
-2
-1
5
10
4
2
3
5
3
-4
0
-1
6
4
1
4
7
1
-1
2
-3
-3
-3
-2
-5
-2
-3
0
-7
-4
2
2
4
1
0
1
-1
0
-1
-5
-8
-4
2
-4
-2
1
3
-2
-5
2
-4
-5
-2
-6
-3
-4
-2
-4
-5
-1
-2
-3
-1
-2
-1
-7
-2
4
-2
0
-5
-2
0
0
-2
-1
-2
-3
4
0
5
-3
-6
-4
2
4
0
-2
-4
-2
-3
-1
-1
-1
-3
1
-1
0
2
-2
-3
-3
-3
-3
-1
2
1
-2
-1
-4
-1
-2
-1
0
2
2
0
-2
-1
0
3
-3
6
6
-4
4
2
1
-4
-2
3
1
3
3
4
-3
-5
-1
1
3
-2
2
4
-2
4
-1
-1
2
3
1
4
2
-5
3
0
1
-3
-1
-2
-3
0
-2
-1
4
4
4
3
-1
4
0
-1
-1
1
-5
-2
6
0
-1
-6
1
1
-3
3
4
1
2
-1
-3
0
1
-4
-3
5
-1
-1
0
-4
0
2
4
-2
2
2
-4
1
2
1
2
5
6
0
0
3
5
0
-5
-6
-3
-6
-5
0
2
7
2
1
-4
-2
4
3
1
-4
-4
-3
-2
-3
4
2
-4
-2
-4
-2
2
5
5
3
3
5
2
2
1
-1
-3
-2
0
-3
-3
-4
-5
1
0
-3
3
1
-2
-1
-5
-5
-3
1
4
1
0
8
1
5
5
-1
-1
2
2
-2
4
-3
-2
0
-3
2
-1
-5
0
-2
1
10
1
-7
1
-6
-8
-7
-4
0
0
4
-2
1
-3
-3
-1
0
0
-2
3
0
5
1
4
6
3
2
1
1
2
2
4
3
-1
-5
-5
-1
2
5
4
8
5
2
1
-5
-3
3
5
3
7
7
10
6
6
6
2
6
2
0
4
-3
-4
4
3
6
3
4
0
1
5
0
-6
-8
0
-1
-2
2
2
-1
2
-1
1
3
0
1
3
-3
1
-3
-5
-3
-8
-2
-3
-6
-2
-6
-5
2
-2
1
1
-6
-5
-7
-3
0
-3
-7
-5
-3
-5
-2
-3
-2
-5
-8
-1
-1
2
0
6
1
-4
7
3
4
-4
-8
-2
-3
-3
-4
-5
-4
3
1
-7
-5
0
-1
1
0
2
1
-2
-2
0
-3
0
3
0
2
-1
3
2
-3
3
4
-5
0
-2
-1
6
0
1
-1
1
-1
-3
0
-1
2
2
3
6
5
5
3
0
6
4
8
5
0
2
5
6
0
7
4
4
8
0
-2
0
0
2
1
2
5
4
1
0
-2
-1
3
0
6
9
1
7
8
7
7
-2
1
0
-1
-4
0
2
-1
1
-4
1
0
-1
0
0
-4
-1
-4
-8
-5
-5
-7
-10
-5
-2
-4
-4
-7
-3
1
-4
-3
1
2
-6
-3
1
1
6
-2
-1
1
-4
-3
-3
0
-6
-2
-3
-4
2
-1
0
-3
0
-6
-4
-2
-1
-5
-5
2
1
-5
1
2
-2
-2
4
7
3
7
0
-4
-4
-5
-8
-7
-1
1
4
2
-2
5
0
1
2
3
4
-2
-3
-1
3
4
4
6
5
4
3
0
3
1
4
5
2
3
0
1
0
5
1
-3
1
1
4
-3
-2
-2
-2
1
-4
2
-2
-4
-3
-4
0
0
-1
-1
1
2
1
-2
2
2
-2
-1
-3
-1
5
0
-7
-4
0
1
0
-2
0
-2
-4
-1
-2
-6
-1
-7
-9
-1
-4
2
1
5
2
3
3
3
10
2
-3
-2
0
4
6
-1
8
10
6
1
4
5
0
0
5
9
4
6
8
5
1
2
3
3
4
-2
-1
-2
-6
0
3
2
3
1
-2
0
-3
-1
-3
-4
-3
2
-1
-1
-3
-8
3
3
-2
0
-3
-1
1
-2
0
-4
-4
-4
-4
-7
-6
-1
-4
-2
-3
-1
-4
-6
1
-4
-7
-9
-6
1
-4
-2
-12
-5
-2
-3
-3
-2
0
-2
4
-1
5
5
-2
-4
0
2
-5
-1
0
-4
3
1
-1
-3
-3
-1
-2
2
6
3
0
4
5
5
2
1
2
-1
0
-7
-5
1
1
3
5
3
2
3
0
1
-2
4
10
5
6
2
-2
-3
-3
2
0
-3
-1
3
11
-1
-1
2
1
4
6
1
0
7
6
-2
-3
2
2
4
0
-1
3
3
2
3
-2
1
-1
-3
-2
-3
-1
1
-5
-8
-4
2
-6
-6
0
-5
-6
-4
-4
-2
1
-1
-1
2
-3
5
-2
-1
4
1
6
-2
-2
-4
-4
-3
-1
5
1
3
3
7
5
-3
1
-1
2
-1
3
5
-2
4
0
-2
-2
2
-6
-1
-2
3
0
-6
-5
-11
3
1
-2
-9
2
-5
-5
2
-2
4
2
8
11
6
1
-2
3
14
10
4
0
2
3
-3
1
0
-2
-4
-7
-12
-6
0
-8
-3
-5
0
-5
-2
4
-4
-6
1
3
3
10
9
-2
-3
2
6
6
14
14
11
6
7
13
2
15
7
-3
2
3
10
0
1
2
2
4
3
-10
-2
1
-16
-8
-11
5
4
2
1
-5
2
18
10
-4
-5
-4
3
-5
-1
-1
3
9
4
-12
0
5
-1
-10
-18
-4
-6
0
-3
-12
-14
-1
4
-6
0
-14
-5
1
3
4
0
12
6
2
10
7
2
-3
16
11
11
4
6
4
-2
10
0
2
-2
-18
-15
-6
2
12
12
7
0
6
-2
-3
-15
-4
17
-11
-16
3
1
-8
-23
-18
-3
-13
-16
-27
-16
-6
-8
-25
12
-4
3
1
-20
0
-44
-13
-8
-10
-20
-15
-12
-6
-1
-23
-17
-23
-1
-9
-5
-8
-33
-7
-4
-6
-29
-27
-1
-16
-21
-14
-15
-20
-6
11
44
18
17
20
23
50
23
27
43
33
10
13
20
32
5
-10
12
-11
0
-5
-32
-13
-12
-3
-5
-8
13
18
0
-1
1
-13
10
7
28
56
49
31
42
21
16
12
21
59
-30
-48
1
2
14
-29
-30
-14
-37
-84
43
-13
-72
-201
-218
248
258
122
-191
-270
-11
116
151
-34
-291
-387
24
209
156
-93
-440
132
133
355
100
-202
79
-220
218
253
471
-123
-195
-191
278
424
-488
-266
-625
493
87
-226
-360
-331
302
109
336
-142
136
-56
189
246
38
502
-192
328
-76
309
156
-124
-113
-341
171
60
138
-416
-200
-39
130
126
-272
40
-54
110
-99
-41
208
86
15
-143
188
182
-23
-157
-12
313
73
-72
-208
207
230
36
-47
-117
209
-136
23
-142
43
-46
24
30
-130
-76
-243
94
-160
-9
-216
-22
-34
-227
-151
-73
210
-52
39
-12
183
-4
-123
53
56
216
-8
-59
-102
-71
-64
-68
-136
-123
-75
-234
-221
-315
-205
-109
-246
-145
-256
-111
-113
-154
-167
-76
15
-26
90
-42
298
12
288
148
342
378
311
431
203
478
363
623
322
479
405
422
398
250
461
162
201
-146
-37
-87
-22
-91
-249
-503
-615
-543
-383
-458
-715
-924
-921
-707
-492
-631
-878
-911
-664
-357
-386
-547
-580
-345
-65
-11
-20
240
370
484
415
600
796
828
990
899
1037
912
1167
1216
1253
991
900
992
1007
987
734
734
528
204
-52
3
201
149
-265
-496
-854
-1032
-1298
-1026
-840
-1000
-1566
-1838
-1541
-1255
-1076
-1220
-1003
-985
-898
-831
-594
-120
59
238
229
517
797
955
768
747
878
1118
1212
958
796
637
754
790
601
340
214
49
-67
-219
-157
-79
-180
-244
-275
-158
49
31
104
310
687
746
234
-93
239
921
986
610
90
5
-380
-548
-452
-150
-433
-1373
-1892
-1582
-926
-971
-1380
-1670
-1465
-1263
-1150
-887
-604
-371
-348
-30
418
818
864
784
890
1197
1547
1564
1221
993
1076
1344
1193
961
609
395
-89
-306
-156
27
-202
-852
-1022
-734
-237
-248
-310
-198
74
376
638
1090
1016
739
552
1170
1650
1608
999
579
258
-45
-72
14
-279
-1319
-2273
-2356
-1813
-1590
-1999
-2558
-2786
-2620
-2330
-1923
-1581
-1452
-1373
-1086
-320
419
876
918
1020
1332
1969
2419
2414
2057
1813
2035
2364
2396
2012
1513
829
443
260
596
397
-290
-1097
-1120
-648
-349
-388
-713
-590
-563
64
480
807
404
62
437
1106
1426
1019
703
237
-160
-426
-196
-210
-1323
-2544
-2999
-2206
-1764
-2159
-2861
-3169
-2959
-2771
-2244
-1695
-1256
-1409
-1211
-355
871
1628
1664
1701
1956
2653
3170
3350
3089
2767
2758
2968
3000
2578
1906
1039
337
8
115
-72
-1060
-2014
-2240
-1612
-1290
-1455
-1841
-1764
-1565
-1015
-417
552
742
303
92
858
1978
1894
1526
1059
1382
670
575
282
454
-706
-2051
-2174
-1716
-1207
-2448
-2813
-3126
-2497
-2624
-2259
-1797
-1658
-1511
-1474
-43
771
1462
1097
1355
2072
2746
3100
2837
2738
2439
2579
2519
2601
2067
1583
779
263
-51
-165
-743
-1509
-2042
-1822
-1382
-1432
-1585
-1725
-1308
-802
-207
444
710
372
275
812
2009
2085
1888
1335
1589
989
726
445
310
-568
-2156
-2211
-2068
-1522
-2584
-2993
-3229
-3021
-3047
-2799
-2141
-2151
-2033
-1712
-362
668
1028
1216
1574
2359
2744
3039
3212
3201
2895
2691
2878
3061
2672
1888
1126
641
201
-175
-654
-1419
-1980
-2260
-1751
-1678
-1793
-2048
-1821
-1122
-651
37
222
225
250
747
1832
1919
2068
1499
1765
1080
1006
811
489
-428
-1979
-1835
-1778
-1360
-2433
-2769
-2979
-2939
-3020
-2809
-2045
-2117
-2095
-1891
-485
578
918
1140
1588
2381
2662
2945
3228
3315
2989
2797
3015
3124
2645
1864
1324
877
153
-485
-941
-1397
-2028
-2662
-2398
-2227
-2011
-2441
-2175
-1801
-1088
-614
-2
541
383
927
1257
2616
2164
2447
1908
2449
1771
1414
1077
462
-206
-1712
-1265
-1786
-1554
-2954
-2896
-3197
-3132
-3206
-2983
-2287
-2632
-2370
-2011
-427
292
653
888
1591
2388
2825
3101
3242
3124
2956
2987
3167
3002
2361
1861
1263
899
-66
-397
-1067
-1439
-2245
-2472
-2314
-2220
-2214
-2261
-1716
-1380
-722
-276
682
610
727
936
2116
2460
2235
2054
2276
2330
1410
1228
729
324
-1318
-1791
-1807
-1938
-2658
-3460
-3144
-3458
-3322
-3392
-2606
-2580
-2679
-2271
-1179
-63
254
821
1482
2306
2712
3075
3629
3682
3351
3057
3205
3413
2809
2196
1586
1377
539
-88
-715
-1064
-1862
-2457
-2433
-2418
-2454
-2741
-2134
-1721
-1029
-750
288
489
610
791
1606
2404
1962
2250
2056
2603
1484
1566
1089
824
-591
-1512
-1281
-1850
-2190
-3491
-2815
-3375
-3114
-3446
-2545
-2482
-2693
-2406
-1496
-298
-161
446
1014
2027
2323
2916
3347
3646
3241
3131
3186
3315
2739
2182
1753
1347
630
-163
-428
-937
-1530
-2388
-2370
-2485
-2514
-2717
-2202
-1735
-1371
-867
39
682
489
886
1477
2446
1897
2157
2105
2580
1640
1385
1185
799
-232
-1368
-1151
-1942
-2190
-3419
-2837
-3460
-3330
-3526
-2730
-2593
-2895
-2422
-1675
-458
-513
272
762
1848
2072
2788
3332
3554
3324
3205
3592
3440
2913
2289
2072
1684
853
171
-195
-621
-1406
-2167
-2177
-2341
-2404
-2830
-2265
-2009
-1483
-1093
-233
451
284
920
1215
2392
1684
2261
1996
2474
1652
1474
1529
824
-3
-1296
-799
-1777
-1982
-3293
-2784
-3433
-3548
-3497
-2894
-2554
-3051
-2415
-1707
-599
-686
124
764
1720
1857
2592
3351
3673
3374
3307
3741
3643
3108
2447
2408
1840
1147
335
230
-477
-1214
-1999
-1923
-2170
-2465
-2571
-2208
-1932
-1803
-1075
-173
342
17
622
1145
1993
1411
2043
1894
2006
1043
1272
1332
539
-562
-1362
-780
-1927
-2168
-3254
-2413
-3553
-3373
-3347
-2489
-2574
-2921
-1912
-1341
-383
-647
714
1122
1893
1837
2869
3551
3655
3390
3429
3685
3379
2847
2542
2279
1585
749
278
-16
-819
-1519
-2058
-1952
-2555
-2605
-2465
-1970
-1964
-1767
-786
-18
44
154
777
1509
1320
1593
1986
2135
1245
1000
1379
1005
74
-1004
-585
-1430
-1904
-2700
-2172
-2716
-3412
-3268
-2780
-2221
-2937
-2158
-1755
-791
-855
-17
764
1270
1698
2096
3067
3114
3351
3253
3554
3239
2724
2497
2277
2002
1083
539
162
-298
-887
-1458
-1581
-2012
-2341
-2198
-1786
-1502
-1578
-926
-288
33
271
659
1427
1005
1437
1459
1985
1127
951
962
550
-73
-989
-590
-1631
-1885
-2702
-2208
-2776
-3154
-3016
-2867
-2525
-2813
-1909
-1601
-997
-704
117
809
1122
1845
2288
2913
2965
3320
3476
3449
3361
2935
2709
2159
1985
1441
846
255
-336
-547
-1192
-1337
-1911
-1904
-1969
-1802
-1433
-1350
-576
-726
-68
30
939
869
813
1174
1161
1257
348
954
357
29
-1029
-841
-996
-1950
-2186
-2528
-2051
-3175
-2727
-2680
-2252
-2619
-2308
-1349
-1184
-676
-355
745
954
1557
2181
2784
2990
3051
3486
3449
3355
3071
2891
2526
1889
1605
1052
755
-13
-459
-930
-1210
-1374
-1832
-1702
-1963
-1516
-1565
-854
-598
-481
-143
187
1066
563
1227
952
1429
423
591
479
-5
-607
-1328
-771
-1918
-1820
-2554
-1921
-2737
-2669
-2469
-2244
-2200
-2312
-1404
-1307
-732
-487
443
790
1211
1925
2409
2869
2947
3350
3373
3215
3083
2763
2621
2046
1762
1012
596
147
-241
-663
-1250
-1228
-1665
-1440
-1769
-1301
-1402
-961
-678
-551
19
-5
876
304
1209
936
1411
598
686
623
-57
-526
-1202
-712
-1965
-1959
-2609
-1974
-2842
-2755
-2503
-2248
-2270
-2330
-1359
-1282
-888
-727
250
506
977
1514
2229
2507
2829
3218
3360
3238
3133
3031
2606
2129
1840
1499
845
316
-193
-346
-956
-964
-1383
-1223
-1523
-1185
-1036
-747
-460
-528
37
-28
782
239
974
628
1076
426
530
460
-118
-576
-1296
-979
-2006
-1988
-2642
-2185
-2988
-2835
-2754
-2409
-2449
-2282
-1488
-1341
-798
-549
407
442
1008
1524
2232
2369
2709
3185
3355
3285
3196
3287
2828
2463
2031
1699
1070
541
188
-276
-862
-1084
-1231
-1138
-1413
-1100
-1046
-599
-575
-351
-12
91
504
59
712
348
850
54
410
-26
-282
-805
-1166
-1024
-2126
-1973
-2676
-2008
-3001
-2524
-2685
-2277
-2455
-2105
-1332
-1313
-655
-444
581
453
1201
1682
2263
2204
2520
3093
3190
3076
2984
3037
2677
2223
2038
1602
1124
430
303
-196
-571
-919
-1077
-1099
-1407
-900
-986
-367
-747
-42
-103
398
279
485
717
382
393
-107
353
-469
-575
-1304
-1011
-1653
-1999
-2180
-2237
-2321
-2865
-2240
-2340
-2022
-2329
-1502
-1236
-961
-591
41
645
652
1356
1713
2249
2229
2723
2899
2863
2838
2860
2860
2285
2072
1635
1270
708
336
141
-420
-535
-849
-676
-1017
-835
-739
-500
-465
-413
89
81
385
33
623
358
458
-95
55
-279
-767
-1137
-1451
-1431
-2248
-2110
-2517
-2227
-2813
-2405
-2282
-2096
-2008
-1662
-975
-988
-411
-109
638
659
1251
1676
2024
2159
2391
2800
2684
2839
2642
2687
2216
2141
1881
1402
910
446
322
-335
-421
-734
-508
-892
-683
-559
-325
-176
-300
230
-39
483
-9
560
167
284
-147
-260
-303
-885
-983
-1727
-1489
-2337
-2122
-2628
-2353
-2730
-2605
-2307
-2223
-1812
-1802
-1019
-989
-326
-83
559
836
1230
1733
1912
2316
2426
2767
2590
2681
2641
2505
2268
1913
1841
1168
995
583
515
-123
-383
-439
-516
-589
-627
-178
-284
-80
-170
445
209
439
207
564
235
82
-65
-222
-486
-1229
-1216
-1736
-1696
-2537
-2302
-2702
-2568
-2880
-2535
-2280
-2323
-1975
-1658
-858
-898
-280
77
697
816
1350
1889
2074
2215
2451
2814
2643
2608
2596
2489
2009
1752
1647
1219
654
332
202
-178
-474
-473
-374
-579
-455
-98
260
122
244
649
694
534
326
703
354
78
-330
-234
-754
-1307
-1587
-1769
-2136
-2849
-2756
-2891
-2826
-3244
-2770
-2558
-2321
-2081
-1475
-858
-741
-119
464
1042
1129
1671
2182
2381
2533
2809
3096
2859
2782
2757
2555
2118
1758
1626
1058
599
185
84
-393
-702
-662
-645
-627
-616
-72
93
158
369
732
894
650
794
714
443
-67
-204
-405
-1001
-1516
-1896
-2029
-2591
-2811
-2978
-3022
-3288
-3302
-2929
-2771
-2562
-2273
-1541
-1123
-646
4
706
1156
1545
2169
2576
2836
3001
3281
3260
3242
3167
3053
2666
2340
2018
1536
997
593
297
-253
-697
-886
-822
-1102
-1037
-783
-363
-439
-175
411
606
528
468
947
603
285
-67
3
-667
-1275
-1549
-1745
-2202
-2869
-2760
-2953
-3008
-3326
-2838
-2700
-2651
-2444
-1850
-1302
-1149
-473
138
749
1077
1831
2388
2668
2979
3362
3607
3402
3430
3309
3096
2615
2301
2015
1419
951
467
250
-313
-543
-746
-874
-1070
-1021
-658
-755
-522
-343
133
-19
125
413
368
170
-194
-44
-573
-914
-1411
-1511
-1958
-2394
-2492
-2665
-2678
-2996
-2631
-2652
-2383
-2335
-1750
-1473
-1220
-714
-249
291
534
1344
1692
2179
2476
3023
3148
3296
3445
3453
3205
2914
2807
2317
1849
1353
1094
520
16
-147
-279
-590
-809
-560
-394
-697
-531
-221
-10
-444
-154
110
-105
-462
-442
-292
-1020
-1268
-1447
-1404
-2189
-2292
-2265
-2308
-2700
-2737
-2244
-2391
-2299
-2180
-1394
-1514
-1189
-734
-116
-6
353
1119
1373
1753
2047
2751
2676
3001
3088
3296
2998
2994
2898
2552
2149
1823
1690
1079
748
498
404
-95
-173
-18
-43
-429
-295
-82
-169
-586
-333
-391
-735
-1124
-1035
-1187
-1800
-1986
-2139
-2148
-2748
-2599
-2631
-2464
-2795
-2402
-2135
-1991
-1928
-1532
-1006
-1119
-617
-386
178
63
729
997
1324
1573
1997
2343
2355
2742
2762
2945
2703
2886
2647
2450
2179
2018
1795
1265
1242
1002
879
469
658
657
207
182
225
283
-486
-336
-455
-813
-1502
-1553
-1617
-2369
-2652
-2808
-2622
-3334
-3183
-3096
-2815
-3098
-2764
-2123
-2017
-1773
-1429
-552
-702
-257
135
647
533
830
1397
1400
1625
1780
2289
2039
2314
2435
2554
2388
2408
2534
2082
1962
1741
1835
1194
1165
1120
1078
744
779
1097
609
574
513
836
9
-102
-237
-525
-1295
-1645
-1665
-2431
-2879
-3209
-2964
-3566
-3553
-3471
-3134
-3254
-2993
-2285
-2029
-1668
-1317
-467
-385
51
516
877
938
1151
1695
1667
1878
1983
2283
2046
2253
2297
2244
2026
2041
2107
1719
1676
1530
1600
1028
1117
1083
1125
779
1018
1175
911
852
952
1040
332
389
118
-185
-1081
-1206
-1713
-2447
-3035
-3225
-3381
-4013
-3896
-3812
-3508
-3721
-3120
-2626
-2254
-2015
-1341
-615
-463
13
491
976
984
1407
1747
1868
1923
2179
2334
2213
2301
2333
2300
2044
2068
1909
1731
1478
1407
1222
1035
952
890
882
843
1099
924
1011
954
1221
817
705
589
319
-247
-756
-897
-1731
-2309
-2885
-2898
-3612
-3868
-3893
-3704
-3808
-3669
-2963
-2697
-2321
-1949
-1000
-768
-394
100
631
806
944
1470
1580
1720
1808
2217
2142
2215
2285
2411
2256
2155
2182
2006
1787
1579
1555
1219
1060
950
978
730
845
826
872
693
861
776
543
381
208
-99
-709
-921
-1452
-1921
-2636
-2787
-3271
-3580
-3859
-3708
-3630
-3561
-3133
-2706
-2149
-1851
-1089
-628
-133
142
658
927
1097
1276
1499
1634
1658
1875
1966
2089
2049
2229
2187
2205
2090
2092
1906
1795
1638
1496
1319
1103
1018
865
896
628
673
563
639
348
323
175
-87
-501
-802
-1080
-1721
-2188
-2604
-2817
-3384
-3563
-3654
-3535
-3624
-3317
-2867
-2386
-2061
-1453
-693
-226
140
628
1234
1223
1425
1622
1843
1543
1612
1705
1726
1558
1728
1884
1816
1815
1915
2051
1837
1846
1739
1756
1399
1368
1218
1195
807
791
713
610
347
243
195
-255
-509
-897
-1102
-1836
-2127
-2607
-2897
-3348
-3496
-3660
-3726
-3646
-3458
-3033
-2696
-2186
-1740
-911
-464
75
564
1170
1360
1603
1913
1984
1884
1855
1938
1709
1596
1592
1612
1457
1483
1566
1608
1603
1607
1720
1742
1584
1538
1616
1647
1209
1159
1145
963
497
429
367
-183
-535
-825
-1006
-1762
-2090
-2528
-2817
-3353
-3667
-3737
-3859
-3897
-3885
-3272
-2989
-2543
-2017
-1073
-609
-92
660
1266
1524
1702
2230
2226
2218
2145
2319
2028
1864
1784
1752
1576
1395
1493
1396
1387
1200
1474
1385
1307
1252
1493
1430
1074
1261
1237
1118
592
831
560
98
-348
-465
-915
-1734
-2052
-2468
-2832
-3616
-3658
-3891
-3915
-4227
-3862
-3482
-3327
-2957
-2287
-1348
-1226
-460
249
967
991
1606
2114
2087
2159
2378
2608
2152
2234
2152
2132
1704
1736
1718
1614
1427
1398
1652
1369
1341
1318
1665
1113
1085
1211
1214
694
563
802
254
-75
-316
-257
-1119
-1467
-1819
-2049
-2721
-3122
-3236
-3500
-3702
-3916
-3465
-3407
-3205
-2886
-1982
-1681
-1298
-474
193
453
767
1486
1572
1615
1841
2127
1842
1854
2029
2029
1865
1899
2039
2011
1899
1915
2056
1902
1693
1687
1900
1389
1172
1226
1318
606
567
736
304
-238
-294
-189
-1080
-1367
-1590
-1687
-2526
-2671
-2827
-2993
-3392
-3456
-3027
-3120
-2985
-2702
-1770
-1813
-1448
-744
-26
-107
284
1047
1019
935
1228
1661
1185
1226
1455
1577
1238
1463
1684
1676
1560
1829
2145
2035
1920
2144
2376
1821
1750
1813
1715
840
969
907
335
-321
-133
-312
-1216
-1351
-1381
-1565
-2428
-2198
-2342
-2521
-3080
-2665
-2546
-2768
-2743
-2200
-1628
-1883
-1241
-683
-225
-460
439
780
735
606
1186
1177
716
870
969
788
412
845
870
832
782
1408
1499
1474
1623
2237
2015
1869
2000
2236
1584
1234
1481
1008
316
-75
277
-610
-978
-1150
-956
-1787
-1906
-1720
-1804
-2245
-2276
-1768
-2016
-2095
-1960
-1239
-1614
-1377
-936
-411
-685
-307
355
381
300
615
1073
617
699
837
904
417
579
727
576
424
721
999
783
984
1418
1486
1238
1477
1799
1357
1034
1248
1092
368
42
276
-347
-939
-1043
-772
-1467
-1731
-1437
-1277
-1678
-1751
-1058
-1150
-1263
-1146
-335
-725
-743
-407
-2
-398
-398
218
138
56
158
768
391
524
678
924
569
575
825
624
510
434
774
454
603
740
851
679
763
1070
692
625
581
584
-116
-179
-240
-739
-1253
-1273
-1105
-1778
-1724
-1535
-1262
-1650
-1193
-697
-631
-586
-104
455
154
407
658
926
486
674
812
637
371
501
665
310
378
542
721
388
655
757
695
562
814
852
545
731
699
612
258
562
326
103
66
81
-251
-665
-523
-939
-1309
-1669
-1444
-1870
-2060
-1946
-1722
-1834
-1805
-1102
-884
-668
-451
450
487
649
1039
1480
1341
1193
1636
1431
1148
895
1143
662
405
400
487
222
150
422
330
363
417
726
509
653
656
674
433
423
397
39
-10
-163
-230
-731
-679
-899
-1143
-1441
-1418
-1496
-1817
-1764
-1726
-1679
-1821
-1422
-1230
-1035
-873
-307
-40
78
504
823
1014
999
1432
1380
1291
1220
1329
1068
819
917
793
616
527
742
588
584
734
921
783
802
892
812
576
437
346
8
-191
-387
-484
-955
-1048
-1204
-1345
-1635
-1577
-1513
-1664
-1608
-1466
-1330
-1444
-1048
-878
-715
-656
-187
-77
28
256
503
555
592
914
883
918
808
1015
845
832
752
827
736
678
797
763
810
775
1068
996
1062
997
1066
827
729
565
280
38
-245
-457
-962
-1101
-1438
-1575
-1825
-1717
-1801
-1750
-1546
-1331
-1155
-1048
-603
-443
-215
-75
215
202
238
384
442
375
355
495
473
405
496
589
597
534
666
722
626
633
758
820
632
824
954
970
708
898
814
570
389
386
152
-317
-356
-638
-866
-1344
-1296
-1550
-1583
-1704
-1569
-1435
-1392
-1116
-894
-483
-452
41
311
561
535
826
902
774
786
762
673
415
567
458
424
338
475
504
493
580
598
721
640
724
725
726
553
430
418
106
-53
-279
-320
-672
-833
-1009
-1194
-1384
-1534
-1510
-1651
-1494
-1495
-1212
-1149
-854
-722
-358
-155
55
359
579
830
826
1122
1016
1105
949
1070
838
735
681
616
573
367
485
352
474
378
616
660
727
783
882
883
584
536
345
127
-306
-441
-700
-1038
-1322
-1515
-1708
-1979
-2009
-2016
-1877
-1870
-1636
-1347
-1043
-821
-535
-93
128
440
698
1003
1040
1216
1316
1274
1239
1166
1192
1029
1110
999
997
884
912
842
726
694
621
724
574
642
555
618
338
308
198
-19
-304
-491
-562
-1086
-1260
-1545
-1628
-2066
-2047
-2054
-2018
-2000
-1757
-1357
-1275
-987
-672
-153
-114
199
495
821
746
942
1159
1069
964
1005
1182
902
954
1058
1146
960
1046
1155
1065
995
1087
1193
1010
928
958
858
443
245
90
-212
-689
-799
-949
-1408
-1705
-1773
-1900
-2280
-2197
-2038
-1971
-1953
-1551
-1185
-1015
-752
-301
16
115
403
744
920
858
1115
1202
1129
1004
1197
1156
974
1055
1189
1103
923
1079
1033
875
817
1031
960
863
861
933
608
329
199
-43
-490
-851
-899
-1329
-1738
-1971
-1949
-2359
-2491
-2288
-2085
-2097
-1783
-1211
-957
-695
-205
362
466
747
1094
1373
1248
1349
1461
1336
1085
1110
1164
965
929
1095
1184
1000
1107
1192
1106
904
1047
982
776
589
613
257
-169
-397
-602
-1028
-1407
-1439
-1740
-2061
-2310
-2208
-2498
-2553
-2419
-2098
-2010
-1698
-1189
-833
-498
-110
464
706
1066
1372
1709
1727
1823
1899
1869
1705
1651
1601
1402
1285
1230
1139
897
892
882
791
688
809
790
643
604
538
228
-106
-312
-645
-1130
-1480
-1768
-2183
-2553
-2761
-2926
-3083
-3027
-2788
-2492
-2170
-1694
-1117
-622
-181
330
810
1150
1412
1758
1895
1909
1920
2003
1904
1781
1809
1771
1737
1681
1725
1574
1483
1402
1279
1139
990
872
607
469
173
-140
-478
-723
-1049
-1430
-1635
-1925
-2178
-2514
-2628
-2847
-2937
-2988
-2794
-2585
-2388
-1978
-1521
-1004
-659
-23
463
933
1263
1749
1945
2003
2117
2150
2049
1843
1893
1728
1634
1499
1560
1410
1349
1366
1378
1317
1190
1225
1025
834
471
247
-181
-583
-980
-1365
-1761
-2211
-2445
-2799
-2996
-3205
-3151
-3150
-2964
-2670
-2329
-1872
-1402
-800
-359
242
725
1200
1526
1859
2050
2117
2188
2192
2140
1982
1963
1852
1765
1634
1609
1483
1390
1315
1298
1165
1022
934
738
447
83
-152
-555
-939
-1327
-1581
-1983
-2321
-2579
-2763
-3014
-3119
-3005
-2877
-2692
-2427
-1961
-1624
-1167
-689
-104
319
845
1347
1775
2016
2254
2446
2459
2466
2396
2377
2177
2072
1864
1728
1441
1320
1168
1047
891
803
714
484
300
2
-256
-707
-993
-1418
-1740
-2171
-2448
-2772
-3013
-3190
-3265
-3181
-3072
-2749
-2448
-1943
-1539
-952
-473
117
586
1121
1579
1958
2270
2481
2683
2715
2755
2694
2698
2564
2449
2264
2110
1847
1634
1432
1237
970
741
551
277
-67
-413
-704
-1124
-1487
-1876
-2147
-2567
-2893
-3164
-3325
-3513
-3575
-3386
-3184
-2885
-2521
-1918
-1412
-844
-239
429
972
1434
1924
2270
2461
2543
2689
2686
2602
2524
2508
2369
2204
2128
2007
1836
1655
1629
1429
1199
972
760
380
-84
-416
-867
-1330
-1837
-2101
-2523
-2931
-3196
-3311
-3502
-3639
-3480
-3297
-3091
-2798
-2213
-1756
-1251
-665
77
601
1138
1737
2250
2528
2735
3023
3032
2949
2867
2866
2619
2367
2234
2055
1705
1445
1345
1111
806
660
546
245
-127
-349
-671
-1142
-1580
-1852
-2239
-2729
-3006
-3180
-3410
-3647
-3499
-3317
-3127
-2852
-2225
-1708
-1230
-600
141
709
1159
1804
2295
2612
2778
3081
3111
3034
2921
2897
2664
2361
2192
1994
1678
1351
1231
983
679
449
349
1
-366
-624
-917
-1402
-1815
-2054
-2432
-2844
-3110
-3229
-3504
-3628
-3506
-3303
-3129
-2752
-2141
-1622
-1082
-398
355
902
1477
2159
2695
2970
3272
3579
3603
3471
3426
3326
2959
2622
2398
2051
1542
1212
990
597
188
-16
-227
-633
-977
-1163
-1503
-1962
-2260
-2460
-2865
-3254
-3390
-3515
-3753
-3797
-3538
-3361
-3109
-2579
-1889
-1321
-657
202
997
1629
2291
2980
3422
3679
3907
4059
3916
3697
3504
3233
2783
2399
2093
1681
1212
917
658
272
-33
-214
-489
-906
-1206
-1520
-1959
-2417
-2730
-3078
-3467
-3751
-3888
-4025
-4062
-3913
-3589
-3183
-2644
-1922
-1151
-345
445
1310
2047
2726
3287
3769
4046
4186
4198
4044
3772
3418
3026
2538
2112
1672
1260
843
563
264
-45
-287
-498
-753
-1070
-1310
-1625
-2012
-2390
-2727
-3090
-3446
-3656
-3771
-3809
-3731
-3461
-3055
-2603
-1989
-1266
-484
245
1057
1829
2466
2967
3415
3704
3777
3766
3649
3412
3013
2672
2242
1811
1354
1047
695
406
192
11
-153
-365
-489
-733
-957
-1275
-1535
-1907
-2252
-2587
-2862
-3110
-3297
-3290
-3251
-3051
-2752
-2249
-1760
-1168
-498
195
815
1403
1993
2407
2745
2953
3081
3030
2918
2721
2470
2176
1859
1590
1307
1059
833
655
470
309
134
-63
-297
-522
-788
-1103
-1407
-1701
-2018
-2321
-2537
-2718
-2836
-2840
-2694
-2510
-2222
-1823
-1366
-907
-402
110
585
1021
1404
1723
1932
2060
2134
2140
2060
1953
1847
1720
1536
1398
1247
1084
932
839
705
543
414
260
60
-199
-420
-715
-983
-1262
-1477
-1722
-1913
-2044
-2119
-2140
-2118
-1951
-1762
-1458
-1161
-745
-398
17
379
734
1012
1234
1439
1517
1592
1527
1490
1330
1236
1082
972
827
738
677
580
543
465
434
328
270
135
-4
-204
-398
-629
-861
-1084
-1265
-1397
-1498
-1497
-1477
-1370
-1217
-985
-756
-468
-185
95
357
573
752
864
954
969
965
915
847
749
651
553
450
370
324
279
262
245
231
208
161
112
10
-93
-228
-362
-537
-672
-821
-943
-1035
-1069
-1053
-1021
-908
-751
-552
-357
-103
149
390
581
775
902
966
968
965
892
755
626
501
366
196
111
42
-33
-92
-56
-51
-67
-60
-15
-28
-109
-138
-185
-291
-435
-512
-620
-744
-827
-840
-852
-857
-755
-600
-429
-278
-31
214
394
585
785
930
968
1033
1037
961
796
694
548
349
181
68
-35
-175
-208
-250
-279
-328
-274
-261
-263
-284
-267
-301
-380
-420
-476
-525
-599
-577
-587
-583
-553
-435
-356
-262
-98
72
213
362
543
663
737
806
879
856
821
774
729
611
502
393
263
117
0
-89
-200
-269
-322
-352
-415
-441
-479
-512
-542
-540
-550
-568
-541
-530
-533
-526
-463
-415
-363
-261
-124
-20
70
207
337
424
508
625
712
724
745
765
717
613
538
455
334
203
111
33
-81
-147
-172
-204
-246
-237
-219
-235
-264
-265
-289
-343
-382
-410
-465
-521
-523
-525
-527
-483
-400
-316
-211
-93
38
149
261
371
467
536
580
620
615
568
521
458
371
287
235
178
104
69
39
-6
-47
-47
-62
-95
-82
-76
-110
-148
-172
-222
-292
-330
-357
-390
-415
-407
-398
-387
-370
-313
-247
-197
-126
-31
53
95
180
254
296
324
398
425
412
410
408
363
295
271
227
181
126
117
77
41
-1
-8
-40
-85
-98
-113
-127
-178
-172
-198
-234
-268
-269
-312
-342
-337
-330
-336
-316
-257
-238
-198
-142
-67
-39
16
91
142
174
224
269
305
313
339
372
366
346
361
364
314
300
286
267
202
189
145
84
22
-9
-68
-143
-174
-224
-269
-330
-344
-390
-409
-432
-424
-429
-431
-407
-367
-350
-322
-255
-201
-149
-90
4
45
107
192
272
305
378
462
497
511
561
577
543
531
513
478
387
352
296
221
121
66
-3
-99
-170
-238
-304
-409
-443
-481
-522
-562
-539
-533
-532
-507
-463
-425
-418
-336
-293
-257
-224
-150
-106
-72
-5
75
145
211
325
399
459
519
602
622
639
660
666
639
589
566
492
411
332
274
168
57
-14
-114
-227
-342
-414
-500
-588
-630
-646
-673
-683
-656
-627
-601
-568
-491
-423
-360
-295
-199
-127
-64
14
106
178
246
345
411
473
509
574
600
614
630
638
628
595
570
508
442
364
291
206
103
16
-64
-171
-282
-353
-443
-529
-590
-624
-659
-697
-690
-672
-657
-637
-583
-518
-448
-387
-284
-181
-98
-4
114
222
296
389
485
543
573
616
637
629
606
596
568
514
468
434
373
309
260
210
143
74
16
-50
-137
-216
-275
-346
-422
-479
-511
-568
-603
-616
-612
-623
-607
-547
-505
-447
-367
-258
-169
-69
49
173
268
366
471
537
585
610
627
606
576
526
486
421
353
306
237
174
106
62
-1
-48
-86
-122
-167
-207
-243
-295
-340
-391
-413
-460
-480
-492
-500
-499
-479
-443
-412
-350
-275
-188
-119
-25
64
148
228
314
395
448
510
551
571
549
531
496
437
377
318
263
195
140
90
36
-25
-59
-95
-143
-188
-218
-263
-308
-338
-365
-395
-418
-411
-406
-404
-389
-345
-315
-272
-215
-139
-87
-14
58
125
188
235
299
342
369
378
406
379
364
340
313
270
230
207
171
126
97
74
27
0
-38
-57
-108
-131
-167
-202
-233
-260
-274
-285
-291
-293
-274
-268
-255
-239
-207
-184
-142
-90
-39
5
65
113
146
180
216
231
238
257
245
232
215
205
167
137
120
98
72
55
44
32
8
0
-3
-25
-47
-55
-49
-83
-92
-95
-103
-134
-142
-138
-158
-170
-168
-156
-175
-173
-158
-143
-143
-102
-56
-21
28
77
128
147
175
199
212
201
208
196
169
142
123
103
60
50
48
34
13
25
13
-6
-18
-13
-40
-63
-61
-74
-89
-106
-100
-112
-108
-117
-95
-104
-95
-81
-67
-64
-70
-52
-52
-56
-62
-40
-56
-43
-32
-25
-25
-2
26
42
63
108
140
151
187
199
199
192
193
172
143
111
91
53
14
-16
-35
-57
-75
-76
-78
-89
-90
-82
-91
-105
-112
-103
-115
-130
-125
-117
-135
-127
-116
-122
-115
-95
-75
-64
-41
-17
9
29
55
79
109
132
166
190
206
228
236
242
224
212
186
150
108
76
27
-17
-42
-69
-89
-112
-110
-115
-122
-120
-115
-128
-129
-132
-140
-145
-151
-144
-152
-136
-132
-117
-104
-83
-45
-25
22
57
105
139
177
207
228
240
251
263
245
226
200
181
120
80
40
-6
-41
-70
-87
-116
-131
-138
-143
-164
-162
-160
-158
-159
-156
-157
-165
-160
-155
-149
-143
-117
-95
-72
-56
-27
7
30
73
120
161
201
247
281
291
301
304
296
273
244
214
178
123
82
28
-28
-77
-118
-152
-197
-214
-230
-242
-255
-246
-240
-235
-219
-202
-185
-179
-162
-149
-135
-129
-111
-86
-62
-41
5
44
75
127
181
225
260
310
341
359
361
368
349
313
271
235
179
109
59
16
-40
-88
-114
-141
-172
-199
-198
-211
-233
-232
-226
-240
-252
-251
-247
-256
-250
-226
-207
-181
-145
-95
-57
-13
48
99
142
195
240
274
298
319
322
312
294
273
236
189
157
113
77
42
19
-7
-26
-40
-52
-69
-78
-89
-105
-121
-150
-167
-192
-217
-238
-246
-262
-265
-251
-240
-222
-189
-139
-90
-38
33
94
139
191
233
255
261
267
271
248
220
204
176
151
116
100
81
53
41
35
22
-1
-5
-14
-30
-50
-57
-77
-102
-116
-137
-165
-191
-198
-213
-224
-215
-198
-184
-147
-110
-73
-34
9
56
89
116
140
167
165
166
167
149
129
118
99
82
62
54
58
44
49
61
64
65
70
65
49
32
5
-20
-65
-107
-145
-184
-220
-246
-253
-252
-236
-204
-168
-126
-77
-34
18
52
86
118
126
137
138
123
108
97
78
60
49
45
40
37
47
59
65
82
104
108
119
115
107
91
58
33
4
-32
-65
-85
-111
-132
-148
-156
-158
-165
-158
-137
-126
-107
-79
-60
-47
-32
-17
-9
-2
6
18
27
29
38
49
56
62
73
87
90
95
101
98
91
86
84
81
70
69
72
59
52
45
30
14
-1
-14
-29
-51
-59
-69
-83
-93
-94
-97
-98
-94
-88
-88
-86
-80
-82
-75
-79
-65
-49
-38
-22
6
17
37
50
68
80
84
94
91
92
76
73
59
51
37
34
26
16
14
14
16
13
26
30
38
39
40
32
25
9
-3
-23
-47
-68
-89
-102
-117
-119
-117
-104
-87
-76
-53
-34
-17
13
24
41
50
49
43
26
9
-5
-22
-28
-28
-27
-15
-3
16
34
56
77
99
114
114
125
118
95
81
61
27
6
-15
-34
-52
-69
-64
-73
-67
-61
-51
-40
-24
-15
-7
-6
-5
-9
-29
-36
-54
-61
-79
-85
-93
-97
-97
-90
-79
-60
-34
-5
32
55
88
110
131
137
150
154
150
136
125
111
73
50
30
6
-20
-29
-36
-41
-50
-43
-39
-37
-28
-20
-10
-13
-12
-18
-31
-55
-73
-85
-107
-130
-132
-130
-136
-123
-102
-79
-50
-22
21
51
80
119
138
150
160
154
139
122
98
74
50
29
16
10
-1
1
6
9
13
18
16
11
5
-9
-26
-46
-64
-84
-108
-120
-132
-145
-143
-134
-122
-107
-82
-57
-30
-2
29
46
66
83
94
90
83
84
74
71
64
62
62
62
62
72
77
84
97
103
93
86
75
36
18
-9
-40
-67
-84
-99
-115
-125
-128
-122
-122
-115
-102
-94
-86
-63
-60
-45
-30
-14
0
5
19
24
34
38
40
47
52
53
65
67
74
83
90
100
95
95
90
79
76
67
51
39
24
12
-14
-41
-52
-69
-86
-96
-102
-103
-99
-91
-81
-73
-63
-47
-38
-35
-26
-24
-21
-21
-19
-19
-19
-16
-8
7
16
33
54
75
90
100
108
117
111
112
100
83
67
41
19
-11
-30
-42
-56
-66
-63
-62
-62
-52
-40
-31
-22
-7
-4
-1
1
-4
-14
-24
-40
-48
-62
-68
-64
-64
-58
-44
-27
-12
7
28
53
71
88
100
105
100
97
84
57
40
24
6
-19
-32
-39
-49
-53
-44
-35
-26
-14
3
9
8
9
9
0
-9
-16
-28
-43
-57
-59
-72
-83
-76
-66
-58
-44
-22
5
20
38
55
65
67
68
76
65
57
59
50
39
36
33
30
22
17
18
14
0
4
5
-4
-8
-5
-10
-18
-23
-30
-40
-54
-59
-68
-72
-78
-69
-67
-62
-50
-37
-28
-20
-6
8
23
30
47
54
63
64
69
64
58
61
55
48
44
45
33
32
31
31
23
27
28
22
14
6
0
-18
-32
-50
-66
-87
-98
-109
-120
-120
-111
-99
-85
-66
-42
-19
-6
14
25
36
45
48
50
48
50
48
45
42
45
51
52
60
67
69
76
86
83
78
72
58
47
26
2
-15
-37
-51
-68
-83
-90
-95
-91
-93
-91
-76
-69
-54
-41
-36
-30
-27
-20
-25
-31
-28
-24
-23
-14
-4
8
30
45
60
75
85
90
101
99
91
88
78
64
56
33
19
5
-7
-20
-32
-35
-44
-46
-46
-46
-45
-42
-44
-44
-47
-49
-48
-50
-54
-50
-46
-47
-39
-36
-28
-21
-8
1
11
27
38
42
50
56
55
67
69
68
62
59
55
47
37
31
23
13
8
1
-10
-19
-15
-21
-27
-23
-19
-16
-18
-21
-24
-28
-28
-26
-33
-30
-29
-34
-34
-37
-44
-39
-33
-28
-15
1
14
25
32
39
39
44
45
40
34
28
17
3
-9
-17
-18
-20
-8
6
9
21
28
27
25
24
27
25
17
7
-3
-11
-26
-33
-37
-43
-39
-30
-27
-23
-13
-6
-2
2
3
13
13
17
13
5
3
-4
-15
-19
-28
-36
-29
-29
-20
-11
-2
13
26
32
43
52
56
49
46
34
15
8
-8
-18
-24
-24
-23
-22
-19
-14
-8
0
12
22
32
37
38
34
29
20
7
-7
-22
-41
-46
-57
-66
-60
-62
-53
-42
-31
-15
-3
10
24
32
37
45
43
38
29
15
9
-2
-5
-5
-13
-8
-6
-6
4
7
22
30
36
46
47
49
45
32
24
12
3
-3
-20
-32
-42
-52
-64
-65
-61
-56
-42
-31
-15
-2
-1
17
20
18
27
27
30
23
15
6
-5
-13
-15
-18
-21
-15
2
13
23
38
51
52
58
57
52
48
35
26
-3
-16
-33
-51
-59
-70
-69
-68
-64
-49
-41
-26
-13
2
21
28
39
37
32
19
9
0
-8
-11
-13
-16
-15
-13
-8
-2
7
25
33
46
52
61
65
56
50
41
25
14
-6
-28
-41
-55
-53
-61
-63
-56
-52
-48
-40
-29
-19
-12
0
4
4
7
5
3
-1
-3
-1
0
5
8
9
12
9
16
22
22
32
39
40
50
51
54
55
36
30
21
6
-7
-17
-34
-48
-59
-64
-68
-65
-54
-41
-33
-25
-12
-6
-1
1
6
9
12
11
16
4
0
-1
-8
-5
-1
7
13
25
32
39
49
51
59
65
61
64
60
49
30
19
2
-16
-28
-41
-45
-56
-57
-55
-58
-49
-44
-36
-27
-18
-5
-3
0
-3
-3
-5
-10
-7
-8
-9
-11
-6
-6
-2
7
10
18
25
37
40
45
54
50
48
43
34
33
27
13
12
2
-12
-17
-28
-35
-42
-41
-39
-37
-32
-22
-18
-18
-12
-11
-17
-10
-18
-17
-18
-24
-16
-21
-14
-11
-2
8
15
26
35
44
45
47
42
37
36
27
24
20
17
17
10
3
-5
-2
-11
-12
-8
-17
-17
-16
-22
-29
-20
-21
-25
-21
-23
-26
-28
-25
-27
-28
-23
-20
-5
-4
7
16
11
24
19
22
22
18
25
23
21
23
18
20
15
11
18
14
18
22
17
8
-1
-7
-14
-18
-19
-25
-15
-16
-19
-15
-21
-19
-10
-7
-12
-4
-8
-7
-2
-10
-4
2
8
8
8
14
7
16
16
8
8
5
11
5
9
14
11
16
17
17
11
10
14
5
4
0
2
-3
-10
-4
-14
-13
-8
-8
-8
-4
-5
-11
-10
-10
-13
-4
-7
-8
5
3
8
7
5
1
-5
-9
-15
-13
-15
-11
-1
-7
2
11
11
19
21
26
23
21
18
9
-2
-6
-6
-11
-10
-6
-8
-6
0
2
2
8
9
12
13
13
15
5
2
-5
-8
-18
-21
-18
-27
-24
-32
-34
-27
-28
-12
-10
-3
10
16
22
22
21
17
12
5
2
-7
-11
-13
-19
-15
-15
-12
-1
9
17
23
34
35
40
41
31
28
17
13
1
-8
-15
-22
-28
-37
-34
-35
-37
-27
-21
-16
-6
-5
-1
-1
0
5
-3
-2
5
-9
-3
-10
-9
-1
-11
5
5
7
17
18
26
31
33
32
32
33
30
32
25
21
21
16
11
5
-3
-12
-15
-23
-21
-26
-28
-25
-30
-27
-25
-21
-17
-7
-7
-10
-6
-11
-9
-5
-12
-7
-2
-2
0
4
3
7
15
14
27
27
34
39
37
35
32
26
15
16
6
-3
-4
-16
-19
-22
-28
-29
-27
-26
-21
-19
-22
-10
-11
-9
-5
-8
-9
-16
-11
-18
-30
-19
-24
-25
-14
-7
-1
6
21
24
28
36
37
35
34
27
23
15
7
6
-2
-3
-5
-7
-7
-9
-2
-7
-14
-6
-7
-10
-6
-8
-15
-8
-11
-15
-17
-21
-11
-16
-11
-6
-11
-1
1
5
8
14
23
25
28
20
16
15
12
16
18
16
16
23
16
10
5
1
-5
-11
-5
-7
-8
-3
-4
-8
-5
-10
-9
-9
-15
-10
-16
-22
-16
-15
-18
-21
-14
-14
-9
1
0
11
8
15
21
21
25
24
28
13
17
15
-1
3
-1
-4
-11
-9
-5
-14
-3
-8
-9
-7
-9
-3
-6
-8
-7
-5
-11
-2
-2
-14
-13
-16
-19
-29
-33
-26
-32
-26
-2
6
17
54
62
50
59
38
25
9
-3
-9
-15
-12
-8
5
-1
10
22
16
14
16
15
2
4
3
-5
-4
-8
-1
-12
-15
-9
-16
-13
-23
-12
-17
-25
-10
-12
-9
5
15
15
12
20
18
12
6
12
6
-1
4
-1
-3
-4
1
-7
-9
-3
-3
-5
-5
3
1
3
7
6
6
1
3
-10
-12
-11
-14
-9
-19
-9
-12
-17
-5
-9
-13
-11
-4
-10
-4
6
3
17
11
8
10
3
6
11
6
-4
1
-5
-10
-3
-3
4
0
8
14
7
13
17
12
15
17
18
14
17
16
6
0
-8
-6
-3
-10
-4
-4
-8
1
4
4
4
10
4
1
-1
-5
-5
-14
-5
-7
-11
2
-6
-3
-5
-12
-5
-12
-8
-4
-4
-1
10
11
13
16
10
8
-3
0
1
-4
-2
-10
-8
-8
-7
-5
-7
-6
-4
0
-6
-2
2
0
4
-4
5
-1
-3
-5
-19
-27
-36
-28
-21
-13
0
5
9
10
14
7
0
0
-6
-5
-10
-3
0
1
6
7
13
14
14
16
9
1
-1
-8
-8
-4
0
4
2
11
18
17
20
12
13
8
-2
2
-6
-10
-5
-4
-6
-5
-5
-4
-3
-4
2
-1
4
13
11
10
7
9
7
6
7
-4
-3
0
-6
-2
-1
1
7
8
12
7
9
13
14
22
17
20
21
12
12
1
-5
-9
-11
-9
-16
-10
-8
-4
-2
2
6
0
2
-2
-6
-9
-13
-12
-18
-13
-12
-16
-14
-16
-11
-13
-12
-14
-9
-5
-7
1
-1
-1
5
8
8
5
6
3
2
0
-1
-2
-4
-2
0
-4
-7
-3
1
-4
-5
-6
-11
-13
-9
-12
-17
-17
-14
-15
-20
-11
-11
-15
-13
-12
-11
-15
-5
0
-2
2
1
4
2
9
11
7
11
13
18
14
18
19
14
13
12
10
5
4
4
4
1
4
11
2
3
3
-10
-13
-19
-15
-19
-20
-15
-12
-13
-11
-4
-10
-7
-2
-7
-8
-9
-7
-10
-5
-1
1
7
11
16
15
13
14
12
7
7
6
1
6
2
5
4
0
3
-3
0
1
-3
-1
-6
-8
-10
-16
-15
-12
-17
-18
-9
-14
-9
-5
-4
-4
-8
-2
-4
-12
-10
-6
-10
-6
5
9
11
19
23
17
17
20
15
7
4
8
-1
-3
8
9
5
6
11
4
0
7
-4
-4
-2
-11
-9
-13
-13
-6
-6
-7
-4
-5
-6
-7
-3
-8
-11
-4
-7
-8
-10
-11
-6
-10
-5
2
0
3
10
8
4
1
7
8
4
9
5
-1
4
1