1
-5
-4
-2
1
0
-4
-6
-5
2
1
2
-3
0
-2
3
8
-1
-1
3
0
-2
-4
3
8
6
4
2
5
2
2
2
9
8
1
6
3
5
1
1
7
6
10
2
4
1
6
10
7
6
3
-2
5
6
-1
-2
0
4
1
-3
-2
-4
-1
-1
0
-1
-2
-1
0
3
1
-1
-2
-3
0
-3
-15
-10
-5
-1
-6
-7
-3
-8
-8
-3
-1
-7
-3
-6
-8
-1
-1
1
-4
-5
2
-1
2
-2
-4
-2
-7
-1
0
0
-1
-1
4
2
-1
-4
-3
3
4
-2
-2
-1
2
4
-3
2
3
0
3
4
1
4
0
5
2
4
6
-3
-2
-7
4
-3
-2
-3
-5
4
2
-2
-1
0
3
8
2
-1
-4
-1
-1
-1
-2
-7
-5
-1
0
3
0
-2
1
3
7
4
2
3
5
-1
-1
3
-6
-4
-4
2
6
3
2
-7
-3
3
5
3
-4
3
4
7
11
4
2
7
10
4
6
0
-5
-1
0
4
1
-4
-4
1
8
6
4
0
1
8
6
9
4
-1
4
8
5
-1
-8
-2
7
6
2
-10
-5
3
6
5
-7
-3
5
2
4
-6
-9
-9
-2
12
8
-1
-6
0
4
8
-1
-6
-12
-7
10
-5
-14
-11
-7
-3
-2
-3
-14
-11
-6
0
-2
-13
-20
-10
5
5
-1
-10
-4
2
3
-1
-12
-13
-8
0
1
-4
-3
6
6
5
0
-3
-1
5
5
-5
-3
-2
6
8
3
-10
-2
13
12
6
-7
4
10
3
-1
-12
-8
0
14
14
1
-12
-7
6
14
-2
-14
-14
4
2
-5
-26
-31
-1
15
13
-17
-14
3
25
21
0
-14
-7
10
24
15
-3
-10
3
29
33
20
-11
8
34
44
17
-25
-22
8
17
12
-6
-20
3
33
38
-4
-26
-17
10
2
-20
-58
-48
-17
11
-2
-28
-25
-7
31
21
7
-15
6
10
12
-25
-60
-46
-22
9
-23
-26
-4
45
77
44
-3
-15
9
25
-13
-72
-86
-40
10
21
-19
-39
-13
47
96
48
-13
-70
-8
30
30
-57
-110
-48
32
82
16
-12
6
104
136
81
-24
-59
-1
77
61
-52
-123
-77
71
119
84
-32
-66
17
135
159
-11
-122
-109
25
78
-60
-285
-442
-211
257
451
120
-348
-260
214
428
99
-368
-409
-103
196
149
-266
-509
-380
250
592
331
-220
-450
46
493
485
-233
-828
-436
330
723
-180
-797
-545
477
1056
323
-355
-671
339
784
259
-856
-1049
106
1011
749
-309
-639
-3
595
568
-296
-628
-141
765
855
-94
-654
-362
505
395
-147
-476
-92
264
328
130
14
28
105
116
3
-121
-259
-172
-119
49
173
95
12
-86
66
100
33
-80
-182
-64
54
169
26
-179
-165
5
145
-20
-80
-47
21
108
90
92
-54
-95
-37
82
-1
-127
-105
68
139
78
-5
-41
41
15
48
-36
10
11
16
-46
-141
-74
8
105
53
-25
-5
-22
-33
-154
-179
-124
-121
-50
-153
-101
-168
-127
-144
-126
-81
-144
-148
-234
-206
-166
-105
-88
-123
-83
-83
-85
-99
-72
-8
64
153
191
213
211
201
266
209
172
111
191
329
423
447
390
382
386
388
227
16
-94
69
237
301
42
-85
-92
94
31
-215
-421
-458
-296
-328
-363
-513
-472
-406
-385
-449
-585
-581
-543
-413
-287
-235
-206
-227
-107
-42
-12
-57
-55
43
153
278
364
423
499
578
690
724
719
683
707
793
905
761
390
186
365
798
648
272
-93
233
334
167
-191
-213
-37
-260
-478
-539
-341
-486
-872
-908
-599
-451
-726
-1082
-857
-748
-602
-782
-528
-408
-449
-456
-350
3
-32
-37
-71
125
309
312
320
338
510
634
585
520
516
723
866
898
748
868
1117
1378
673
-85
-337
549
1063
275
-490
-475
771
614
-20
-779
-376
-195
-620
-841
-718
-397
-782
-1059
-789
-534
-689
-1329
-1176
-679
-460
-811
-1136
-539
-195
-96
-604
-345
-115
33
-249
-124
249
411
326
352
620
684
443
355
557
773
706
568
778
902
1126
1073
1275
936
262
-34
215
1003
447
-56
-327
553
802
35
-351
-414
85
-588
-781
-542
-248
-531
-1097
-604
-293
-690
-1312
-1347
-472
-726
-893
-930
-341
-248
-888
-511
-191
253
-387
-430
194
378
451
-138
473
555
634
391
306
772
551
778
587
914
1006
854
1266
1081
1374
225
23
71
751
765
-331
-144
42
1036
33
-319
-406
-50
-308
-1036
-647
-397
-636
-1132
-1073
-189
-843
-1243
-1500
-488
-468
-1137
-976
-463
52
-784
-747
-114
299
-214
-550
76
761
300
138
219
1101
680
453
377
777
832
467
728
890
1007
789
1172
1573
1372
132
-228
132
913
254
-661
-417
266
895
-185
-243
-253
-132
-758
-1211
-470
-608
-1042
-1441
-725
30
-974
-1425
-1368
-293
-673
-1390
-882
-212
128
-970
-595
245
490
-290
-779
314
852
478
-51
440
1338
954
532
453
1038
735
349
537
1181
1167
699
1250
1710
1725
-211
-225
297
1105
66
-1261
-139
306
1081
-527
-71
76
-272
-782
-1305
-156
-898
-1416
-1275
-468
220
-1465
-1311
-1054
-203
-977
-1700
-544
-250
-85
-1190
-322
532
202
-414
-640
616
605
42
4
589
1276
532
573
913
1225
623
128
797
1257
1094
494
1241
1899
1790
155
-136
499
816
176
-1273
-176
61
810
-350
-38
347
-206
-630
-1257
-223
-811
-1574
-1560
-763
94
-1260
-1386
-939
-150
-796
-1665
-726
-312
-333
-1441
-343
409
461
-705
-233
722
781
-150
-213
977
1014
622
278
1403
1413
621
391
935
1494
637
389
1516
1841
1747
-252
493
646
731
-105
-1395
147
-522
601
-663
73
160
-607
-332
-1163
-51
-1259
-1633
-1452
-1020
-180
-1726
-1083
-866
-74
-800
-1628
-407
-513
-334
-1722
-373
317
234
-533
-346
1014
644
103
-148
868
793
431
516
1285
1160
421
730
1208
1422
407
632
1700
1675
1314
-415
800
560
778
-260
-1081
154
-653
598
-801
279
-155
-484
-326
-866
115
-1492
-1432
-1265
-485
-376
-1941
-932
-510
150
-1058
-1356
-119
-465
-694
-1401
71
307
-556
-565
258
1297
251
-230
483
1082
687
78
664
1251
729
540
1100
1525
1145
423
1417
1875
1612
660
-136
953
278
758
-733
-519
-128
-191
590
-913
280
-581
-58
-539
-738
-283
-1913
-1198
-1258
-115
-1127
-2131
-799
-314
92
-1576
-851
-2
-412
-1053
-1197
273
-289
-880
-363
820
953
-321
41
1108
1166
239
69
1044
1301
416
765
1221
1700
841
878
2024
1674
1547
-246
840
583
589
-87
-1160
176
-559
603
-696
-193
-81
-642
-210
-1143
-105
-1588
-1752
-1341
-681
-329
-2255
-1190
-669
111
-963
-1359
9
-584
-618
-1375
-13
-232
-943
-282
465
1151
-301
240
996
1261
306
72
1044
1104
632
574
1399
1350
1042
912
2129
1654
1392
364
757
816
9
197
-1057
105
-630
313
-351
-460
69
-542
-98
-1181
-357
-1110
-1646
-1462
-1218
-309
-1800
-1091
-761
-109
-684
-1265
127
-540
-380
-1230
-138
-207
-995
-199
231
1010
-192
285
1227
1090
591
58
1087
921
444
720
1158
1534
781
1314
2073
1840
1486
356
1192
499
396
-267
-677
-89
-711
217
-586
15
-200
-412
-343
-912
-297
-1365
-1558
-1537
-1052
-859
-1831
-1072
-661
-301
-924
-864
-1
-458
-695
-734
-28
-355
-1178
-274
410
641
-198
301
1390
1008
682
469
1231
740
169
913
1271
1400
499
1613
2426
2083
1308
402
1648
458
429
-835
-385
-211
-833
-19
-758
323
-761
-383
-431
-561
-698
-2091
-1379
-1487
-1037
-1890
-1930
-738
-660
-516
-1244
-166
-208
-643
-647
-369
195
-1088
-719
29
559
88
-375
1100
1251
1046
565
1173
1419
417
574
978
1599
713
820
2034
2386
2127
638
1425
1219
922
-116
-859
-63
-895
-282
-1078
-114
-259
-694
-435
-623
46
-1591
-1874
-1708
-986
-1349
-2567
-1595
-859
-202
-1071
-673
168
-253
-497
-576
407
-303
-1049
-419
499
474
-394
43
1301
1240
841
843
1414
1198
464
981
1192
1184
552
1464
2139
2180
1316
1245
1686
1016
641
-543
64
-758
-612
-873
-614
-254
-952
-460
-700
-15
-1046
-1596
-1703
-1446
-1265
-2265
-1882
-1523
-804
-887
-792
-30
-197
-185
-311
164
-1
-730
-433
-29
211
-109
-44
841
791
843
950
1286
1289
607
1119
1154
1162
576
1130
1846
1824
1219
1167
1858
1443
742
-267
370
-125
-440
-1100
-644
-221
-942
-773
-820
-89
-1131
-1577
-1354
-1183
-1486
-2450
-1734
-1313
-1144
-1514
-1046
-203
-343
-334
-184
349
-120
-576
-90
302
95
-382
12
871
693
541
679
1229
1254
765
1156
1211
1315
777
1260
1746
1761
1170
940
1599
1450
1131
3
386
158
106
-513
-652
-297
-922
-709
-839
-383
-1158
-1783
-1297
-1185
-1309
-2428
-1941
-1417
-1159
-1313
-1163
-501
-787
-347
-68
440
-295
-450
115
563
103
-193
322
800
636
556
970
1032
781
824
1397
1362
895
902
1692
1948
1639
852
1362
1244
1331
565
256
465
39
326
-461
-8
-438
-683
-747
-752
-437
-1642
-1702
-1610
-1029
-1771
-2366
-1757
-1348
-1169
-1759
-714
-590
-617
-801
-100
529
-546
-386
86
933
14
-272
557
1088
802
338
1092
1130
883
572
1212
1394
767
988
1480
2141
1509
967
1557
1226
1433
94
392
65
-74
27
-555
166
-589
-331
-592
-430
-625
-1747
-1528
-1657
-1259
-2259
-2453
-1832
-1553
-1203
-1739
-756
-779
-501
-311
-19
228
-665
-47
256
504
-136
-141
726
746
789
657
1099
967
955
1199
1285
925
565
1326
1613
1685
916
1195
1594
1294
1233
290
709
-141
192
-85
-173
-115
-714
-74
-442
-115
-1004
-1430
-1272
-1388
-1422
-2378
-2070
-1901
-1524
-1481
-1287
-834
-993
-566
-307
198
-412
-461
-48
427
80
-235
307
653
660
490
1037
1063
820
880
1322
1562
735
889
1361
1922
1486
762
1592
1378
1669
519
804
731
182
141
-417
290
-425
-458
-297
-118
-117
-1313
-1001
-1088
-1147
-2059
-2372
-1722
-1990
-1805
-1938
-974
-964
-1069
-404
-153
161
-866
-128
225
187
-359
-371
673
357
536
422
1202
871
875
1191
1433
1315
602
1383
1424
1764
861
978
1411
1194
1267
286
871
332
590
93
-124
-10
-543
-257
-466
-127
-757
-1329
-988
-995
-1163
-2176
-2027
-1655
-1641
-1735
-1765
-1191
-1164
-846
-342
-97
-394
-555
76
444
-109
-319
41
657
434
463
796
968
978
1036
1371
1340
831
1189
1388
1841
1164
837
1460
1222
1628
345
804
347
459
351
-272
68
-583
-234
-382
-270
-459
-1268
-833
-925
-982
-1825
-2020
-1538
-1845
-1618
-1872
-1220
-1360
-1137
-402
-206
-60
-619
202
529
166
-161
-115
642
270
400
616
891
854
988
1441
1499
1171
1045
1431
1591
1573
845
1087
1046
1311
890
381
556
282
574
-180
26
-112
-384
-430
-463
-105
-1071
-1301
-956
-738
-1398
-2193
-1584
-1352
-1574
-1926
-1459
-1064
-1293
-959
-358
-88
-674
-372
419
653
-164
-213
380
686
366
271
758
695
964
1002
1433
1184
1022
1446
1514
1763
962
1088
1109
1257
1196
369
570
192
717
88
-122
-173
-352
-208
-566
-258
-807
-1140
-961
-886
-1054
-1973
-1782
-1548
-1525
-1708
-1790
-1205
-1389
-918
-690
-220
-534
-440
207
353
190
-199
363
423
417
316
515
643
654
1072
1173
1253
1013
1464
1602
1730
1344
1070
1315
1041
1375
476
675
299
626
423
-109
163
-226
-21
-434
-293
-489
-1196
-968
-958
-843
-1673
-1903
-1511
-1505
-1529
-1852
-1448
-1416
-1100
-751
-492
-559
-547
98
401
148
-105
177
533
410
419
429
573
536
1023
1154
1211
915
1307
1727
1753
1587
1074
1543
1206
1446
691
621
477
402
546
-38
175
-295
-180
-146
-226
-394
-1306
-878
-867
-999
-1728
-1956
-1311
-1649
-1610
-1851
-1361
-1472
-1447
-814
-517
-529
-772
55
583
329
-16
163
655
385
313
337
494
471
678
1075
1141
1024
1199
1572
1812
1602
1213
1320
1226
1339
728
418
372
412
516
-49
86
19
-60
-183
-273
-174
-951
-1082
-973
-950
-1551
-2079
-1596
-1422
-1515
-1808
-1513
-1197
-1256
-1004
-748
-567
-759
-374
316
314
159
121
763
671
579
352
533
537
649
839
894
945
1039
1558
1783
1818
1288
1480
1460
1610
872
436
356
300
447
-207
-12
-260
-98
-127
-142
-148
-959
-898
-782
-768
-1543
-2138
-1693
-1586
-1584
-1943
-1618
-1391
-1220
-830
-654
-481
-768
-174
290
336
133
93
792
678
753
522
553
573
628
964
812
790
914
1463
1665
1715
1323
1507
1477
1511
1115
413
464
78
428
-228
-168
-198
-284
44
-275
89
-692
-739
-636
-762
-1087
-2037
-1611
-1673
-1614
-1841
-1879
-1317
-1516
-801
-787
-411
-628
-357
383
260
305
-28
637
660
576
504
499
706
621
771
886
829
935
1209
1623
1795
1333
1486
1516
1767
1178
500
520
218
314
-484
-339
-369
-451
-287
-380
41
-639
-662
-551
-612
-1044
-1883
-1577
-1669
-1790
-1980
-1984
-1487
-1608
-954
-729
-486
-438
-181
655
358
410
218
762
715
444
541
386
553
485
844
868
726
893
1304
1609
1599
1316
1469
1492
1478
1149
541
479
103
220
-264
-403
-391
-524
-228
-368
-76
-516
-659
-427
-557
-885
-1705
-1525
-1477
-1721
-1968
-2003
-1479
-1534
-1140
-817
-457
-388
-177
488
561
449
327
791
914
649
466
536
642
630
619
867
778
1014
1239
1666
1735
1292
1615
1519
1816
889
632
470
273
91
-621
-349
-690
-550
-554
-394
-289
-829
-520
-458
-506
-1202
-1655
-1310
-1610
-1785
-2239
-1967
-1722
-1698
-1104
-984
-479
-490
206
732
614
671
541
1244
968
818
571
576
784
597
786
706
787
1081
1352
1791
1642
1451
1702
1650
1815
771
599
239
232
-147
-824
-631
-924
-588
-777
-516
-537
-835
-576
-616
-582
-1309
-1623
-1497
-1660
-1776
-2298
-1989
-1899
-1525
-1223
-1017
-566
-321
411
678
807
845
950
1298
1162
1023
724
678
799
743
823
639
874
1131
1536
1681
1468
1663
1651
1879
1323
904
526
220
65
-611
-679
-1035
-979
-878
-744
-540
-933
-630
-484
-451
-931
-1424
-1267
-1556
-1715
-2109
-2072
-1984
-1945
-1379
-1150
-743
-664
99
745
836
916
981
1490
1276
1181
1029
900
801
631
825
781
688
895
1156
1669
1421
1483
1571
1672
1585
863
832
278
214
-378
-690
-802
-1177
-944
-1070
-684
-824
-909
-515
-496
-412
-1080
-1123
-1126
-1507
-1630
-2126
-1768
-2014
-1669
-1353
-1103
-628
-536
478
690
1012
962
1223
1631
1232
1259
868
976
793
655
823
538
873
882
1388
1448
1300
1555
1443
1789
1124
906
502
226
70
-600
-602
-1172
-992
-1007
-918
-791
-1096
-614
-601
-424
-753
-1130
-920
-1330
-1307
-1906
-1926
-1937
-1996
-1440
-1539
-937
-863
-69
441
671
1023
1034
1608
1419
1399
1091
956
927
674
762
531
667
854
1209
1501
1269
1577
1546
1846
1376
1008
807
380
238
-526
-526
-1028
-1110
-1093
-1011
-820
-1198
-794
-598
-420
-706
-1044
-830
-1143
-1241
-1747
-1804
-1871
-2021
-1611
-1618
-1117
-1054
-290
312
572
943
1052
1652
1542
1568
1376
1183
1145
813
927
680
706
802
1053
1489
1224
1535
1514
1882
1535
1117
970
506
373
-451
-579
-1045
-1255
-1328
-1386
-1114
-1411
-1100
-914
-671
-790
-1033
-884
-1085
-1238
-1596
-1797
-1855
-2003
-1702
-1649
-1349
-1023
-459
296
509
1061
1276
1820
1821
1804
1766
1455
1399
1086
1132
820
807
934
1144
1337
1240
1529
1559
1710
1411
1195
942
518
223
-383
-648
-1199
-1357
-1467
-1521
-1490
-1632
-1224
-1123
-865
-1009
-975
-822
-1093
-1126
-1571
-1518
-1858
-1903
-1708
-1646
-1258
-1183
-317
126
593
954
1384
1928
1785
1883
1751
1735
1422
1118
1118
862
848
845
1198
1219
1173
1434
1578
1674
1185
1121
796
513
-22
-493
-737
-1288
-1376
-1541
-1442
-1619
-1639
-1225
-1104
-940
-1126
-946
-848
-1005
-1025
-1406
-1383
-1700
-1542
-1502
-1472
-1242
-982
-240
95
536
917
1381
1821
1825
1935
1754
1658
1473
1261
1169
881
908
932
1213
1186
1267
1395
1583
1548
1268
1120
786
479
-117
-420
-833
-1261
-1480
-1580
-1404
-1679
-1554
-1315
-1072
-1010
-1233
-899
-1006
-1072
-1351
-1429
-1395
-1753
-1581
-1569
-1270
-1156
-804
-160
111
634
932
1473
1655
1737
1900
1765
1720
1438
1394
1165
1019
1099
1161
1238
1143
1472
1601
1613
1330
1282
1156
737
297
-194
-501
-1032
-1295
-1414
-1572
-1673
-1742
-1350
-1260
-1237
-1262
-1142
-942
-1207
-1271
-1546
-1503
-1707
-1665
-1600
-1553
-1323
-989
-375
-61
273
680
1244
1576
1607
1658
1735
1732
1550
1430
1309
1180
1113
1277
1439
1301
1371
1545
1801
1564
1292
1225
961
643
12
-273
-753
-1173
-1327
-1523
-1577
-1933
-1613
-1416
-1335
-1430
-1379
-1099
-1303
-1327
-1490
-1541
-1770
-1782
-1502
-1534
-1414
-1144
-448
-25
140
678
1150
1626
1569
1824
1898
1769
1607
1534
1580
1212
1178
1294
1516
1308
1341
1570
1720
1537
1289
1292
992
587
90
-176
-610
-1175
-1342
-1462
-1575
-1885
-1768
-1416
-1470
-1461
-1521
-1157
-1274
-1400
-1509
-1532
-1567
-1728
-1503
-1418
-1234
-1047
-465
20
313
645
1101
1542
1632
1743
1753
1775
1572
1551
1436
1260
1112
1189
1425
1257
1305
1346
1623
1439
1205
1146
887
615
47
-122
-552
-1010
-1257
-1419
-1379
-1766
-1644
-1502
-1339
-1376
-1458
-1161
-1331
-1301
-1543
-1457
-1598
-1715
-1512
-1418
-1115
-1033
-429
-11
411
750
1132
1519
1560
1699
1667
1691
1458
1390
1293
1257
1194
1220
1327
1268
1420
1418
1514
1259
1192
1042
760
423
-33
-206
-668
-933
-1153
-1305
-1408
-1654
-1400
-1412
-1368
-1506
-1368
-1219
-1444
-1526
-1668
-1518
-1711
-1663
-1574
-1362
-1159
-834
-258
71
423
801
1355
1640
1596
1664
1696
1725
1453
1346
1250
1149
1177
1295
1441
1268
1415
1573
1729
1333
1128
989
752
307
-192
-353
-828
-1056
-1212
-1162
-1399
-1603
-1302
-1131
-1185
-1468
-1325
-1194
-1417
-1617
-1762
-1722
-1916
-1787
-1548
-1386
-1221
-792
-91
294
546
948
1444
1691
1709
1738
1731
1533
1432
1404
1284
1132
1115
1427
1385
1434
1463
1638
1598
1328
1296
896
594
38
-194
-570
-1095
-1258
-1397
-1319
-1583
-1460
-1251
-1220
-1205
-1278
-1105
-1332
-1535
-1650
-1757
-1853
-2044
-1791
-1584
-1345
-976
-470
152
444
948
1349
1689
1727
1749
1828
1683
1494
1341
1283
1188
1107
1262
1333
1361
1420
1592
1657
1348
1246
1020
784
192
-200
-481
-959
-1286
-1492
-1405
-1621
-1693
-1450
-1194
-1175
-1299
-1121
-1026
-1268
-1493
-1602
-1621
-1875
-1904
-1652
-1424
-1152
-793
-95
399
805
1243
1668
1921
1863
1895
1810
1612
1397
1199
1180
1019
1094
1179
1213
1375
1362
1614
1337
1295
1035
774
409
-134
-329
-881
-1089
-1415
-1454
-1544
-1648
-1421
-1360
-1195
-1249
-1110
-1015
-1219
-1251
-1513
-1437
-1706
-1652
-1551
-1463
-1097
-882
-148
132
718
1078
1511
1835
1835
1999
1746
1728
1504
1350
1176
994
1125
1082
1124
1241
1319
1451
1175
1243
1057
742
279
-116
-262
-850
-1156
-1399
-1374
-1573
-1661
-1449
-1320
-1311
-1311
-1104
-1041
-1251
-1368
-1335
-1395
-1577
-1607
-1384
-1273
-1058
-697
-171
180
580
1117
1479
1689
1744
1965
1885
1705
1535
1430
1323
1095
1201
1114
1138
1137
1290
1362
1044
1076
871
732
156
-143
-379
-855
-1093
-1357
-1330
-1629
-1601
-1346
-1289
-1309
-1400
-1073
-1107
-1306
-1416
-1463
-1433
-1654
-1463
-1363
-1202
-947
-464
75
267
707
1131
1557
1628
1711
1789
1710
1651
1549
1425
1211
1189
1301
1237
1109
1137
1256
1190
954
909
686
364
-14
-185
-496
-1043
-1204
-1243
-1280
-1628
-1568
-1314
-1281
-1295
-1304
-1046
-1230
-1306
-1304
-1336
-1473
-1652
-1300
-1173
-959
-754
-198
309
588
1054
1338
1658
1699
1829
1814
1594
1546
1392
1397
1191
1223
1271
1146
1299
1192
1324
907
902
752
440
71
-407
-409
-918
-1076
-1308
-1303
-1394
-1535
-1245
-1319
-1250
-1356
-1184
-1189
-1403
-1350
-1495
-1416
-1595
-1356
-1241
-1084
-735
-349
145
379
887
1274
1561
1674
1799
1880
1727
1587
1551
1385
1228
1155
1310
1225
1162
1288
1351
1253
962
990
688
311
-146
-345
-701
-1177
-1324
-1388
-1429
-1639
-1432
-1245
-1253
-1328
-1206
-1141
-1341
-1515
-1488
-1571
-1718
-1645
-1383
-1191
-1039
-508
-12
410
670
1161
1508
1620
1718
1792
1790
1551
1559
1493
1419
1206
1338
1348
1277
1268
1300
1310
972
1004
754
498
-37
-243
-464
-987
-1245
-1414
-1377
-1696
-1639
-1381
-1350
-1382
-1355
-1031
-1203
-1433
-1435
-1387
-1529
-1765
-1507
-1255
-1110
-846
-306
254
572
993
1482
1746
1843
1875
1959
1806
1619
1486
1390
1286
1246
1273
1179
1248
1306
1351
1085
990
877
573
132
-232
-428
-931
-1240
-1404
-1384
-1643
-1720
-1482
-1326
-1399
-1423
-1177
-1182
-1341
-1441
-1338
-1462
-1565
-1452
-1185
-1069
-838
-344
117
455
801
1310
1564
1747
1851
1997
1840
1752
1665
1633
1378
1324
1345
1225
1201
1107
1278
916
857
719
580
160
-264
-331
-771
-1059
-1366
-1348
-1520
-1692
-1503
-1405
-1409
-1463
-1287
-1167
-1394
-1428
-1440
-1409
-1526
-1435
-1149
-1049
-722
-344
206
468
819
1265
1524
1698
1684
1830
1716
1664
1603
1481
1418
1317
1457
1269
1250
1180
1187
985
703
651
285
-6
-393
-483
-839
-1184
-1225
-1244
-1323
-1524
-1328
-1218
-1290
-1324
-1262
-1245
-1471
-1479
-1420
-1519
-1549
-1404
-1005
-936
-640
-194
285
583
839
1303
1425
1564
1596
1741
1556
1470
1500
1499
1380
1310
1474
1334
1339
1229
1324
954
765
621
337
-66
-520
-512
-910
-1141
-1303
-1189
-1259
-1411
-1152
-1124
-1122
-1275
-1124
-1216
-1533
-1581
-1595
-1592
-1797
-1507
-1173
-932
-644
-131
426
633
991
1364
1548
1510
1512
1655
1460
1345
1282
1407
1336
1327
1494
1428
1494
1338
1454
1036
806
561
250
-122
-653
-658
-1096
-1172
-1335
-1188
-1236
-1323
-993
-989
-974
-1215
-1045
-1154
-1420
-1571
-1608
-1576
-1678
-1413
-1096
-813
-496
32
556
836
1060
1355
1543
1543
1479
1416
1337
1266
1255
1245
1196
1317
1369
1437
1376
1340
1223
884
733
342
21
-529
-754
-921
-1254
-1369
-1452
-1205
-1306
-1132
-983
-907
-924
-995
-918
-1185
-1349
-1487
-1490
-1541
-1505
-1216
-967
-574
-124
383
742
1074
1461
1606
1646
1548
1605
1378
1255
1164
1187
1104
1076
1332
1307
1365
1214
1356
1064
753
453
85
-307
-837
-971
-1301
-1522
-1611
-1462
-1379
-1403
-1177
-991
-968
-996
-993
-1015
-1279
-1334
-1353
-1395
-1412
-1211
-814
-600
-184
278
794
1063
1403
1708
1782
1754
1742
1710
1474
1311
1289
1270
1154
1186
1251
1317
1217
1235
1074
796
507
168
-228
-792
-1083
-1366
-1639
-1793
-1762
-1649
-1638
-1400
-1157
-1075
-1093
-1041
-951
-1173
-1321
-1369
-1341
-1394
-1238
-888
-575
-214
302
863
1207
1514
1825
2023
1960
1924
1825
1668
1441
1357
1340
1199
1215
1240
1314
1214
1187
1098
806
524
165
-173
-728
-1089
-1345
-1624
-1798
-1849
-1680
-1680
-1542
-1327
-1203
-1174
-1211
-1087
-1251
-1378
-1449
-1403
-1392
-1335
-969
-657
-261
140
723
1123
1415
1721
1950
2004
1931
1896
1793
1617
1486
1472
1408
1374
1349
1428
1335
1269
1133
897
590
182
-120
-636
-1033
-1375
-1590
-1768
-1891
-1765
-1704
-1544
-1447
-1278
-1197
-1261
-1233
-1348
-1371
-1550
-1530
-1481
-1328
-1063
-782
-285
134
657
1035
1436
1723
1906
2009
1980
1940
1811
1725
1632
1541
1498
1487
1492
1456
1411
1322
1136
882
602
245
-217
-627
-988
-1293
-1633
-1770
-1795
-1788
-1723
-1602
-1371
-1386
-1278
-1261
-1211
-1391
-1479
-1447
-1523
-1468
-1394
-999
-783
-380
88
614
995
1300
1682
1858
1943
1940
1973
1853
1758
1727
1725
1637
1587
1625
1614
1494
1342
1153
855
508
152
-262
-732
-1095
-1345
-1581
-1777
-1806
-1767
-1717
-1619
-1457
-1407
-1434
-1402
-1347
-1436
-1594
-1586
-1485
-1409
-1296
-986
-585
-237
185
648
1049
1293
1569
1808
1910
1870
1853
1899
1843
1790
1747
1819
1775
1739
1674
1569
1370
1059
784
380
-33
-503
-868
-1213
-1508
-1711
-1820
-1802
-1791
-1702
-1625
-1554
-1468
-1476
-1480
-1556
-1563
-1573
-1590
-1522
-1376
-1078
-781
-399
50
475
874
1174
1464
1666
1734
1820
1841
1881
1834
1821
1864
1876
1913
1846
1817
1713
1506
1233
846
518
63
-361
-763
-1099
-1372
-1641
-1702
-1731
-1726
-1706
-1602
-1470
-1524
-1519
-1497
-1481
-1541
-1578
-1450
-1400
-1267
-1058
-714
-416
-115
295
654
932
1113
1322
1441
1491
1524
1579
1587
1609
1674
1762
1795
1816
1834
1767
1627
1389
1112
732
341
-63
-453
-861
-1132
-1352
-1479
-1578
-1570
-1516
-1496
-1394
-1401
-1354
-1463
-1425
-1480
-1490
-1489
-1422
-1240
-1109
-791
-523
-167
106
485
765
947
1080
1230
1307
1304
1326
1398
1452
1473
1595
1685
1745
1688
1723
1623
1418
1084
825
492
32
-337
-673
-904
-1225
-1331
-1395
-1422
-1472
-1425
-1338
-1353
-1357
-1358
-1323
-1361
-1357
-1287
-1189
-1054
-851
-628
-374
-140
147
373
565
752
872
989
1032
1141
1184
1240
1326
1427
1514
1537
1599
1565
1497
1363
1178
902
585
316
-1
-332
-641
-814
-998
-1149
-1210
-1209
-1267
-1302
-1241
-1233
-1307
-1365
-1275
-1288
-1296
-1253
-1050
-933
-763
-457
-176
35
217
556
718
796
857
1033
1073
1053
1127
1241
1307
1324
1488
1554
1529
1441
1412
1236
942
653
376
61
-287
-523
-749
-942
-1076
-1104
-1145
-1200
-1199
-1169
-1183
-1236
-1271
-1270
-1305
-1278
-1225
-1102
-959
-767
-485
-258
14
212
448
618
759
842
909
1009
1041
1133
1193
1332
1417
1507
1594
1630
1600
1432
1331
1095
786
407
108
-169
-525
-740
-915
-947
-1103
-1102
-1082
-1084
-1118
-1183
-1122
-1249
-1303
-1390
-1359
-1390
-1342
-1188
-999
-762
-528
-192
77
327
546
754
857
929
992
1090
1093
1179
1262
1410
1473
1574
1664
1667
1619
1441
1302
960
663
237
-53
-448
-731
-967
-1088
-1159
-1227
-1142
-1136
-1035
-1100
-1020
-1065
-1090
-1204
-1226
-1238
-1283
-1234
-1119
-901
-749
-478
-200
121
296
529
731
901
935
1017
1132
1188
1221
1292
1467
1485
1556
1568
1613
1438
1269
1084
820
468
83
-148
-485
-757
-978
-1045
-1132
-1184
-1126
-1050
-1045
-1035
-980
-945
-1022
-1060
-1041
-1060
-1065
-1035
-901
-810
-644
-417
-207
13
218
478
648
801
973
1106
1220
1281
1414
1465
1491
1535
1528
1475
1308
1191
1019
733
457
179
-60
-377
-601
-761
-954
-1052
-1147
-1098
-1166
-1144
-1079
-1023
-969
-995
-866
-862
-794
-770
-668
-618
-578
-441
-338
-206
-117
64
228
373
515
707
890
1046
1189
1346
1458
1492
1511
1500
1400
1211
1021
824
554
251
15
-192
-384
-604
-686
-770
-847
-916
-919
-910
-998
-987
-965
-915
-975
-937
-814
-747
-699
-582
-410
-346
-273
-145
-31
-25
9
142
231
256
352
558
728
854
1067
1283
1406
1432
1539
1485
1302
1046
855
583
180
-99
-336
-509
-773
-824
-824
-873
-917
-837
-756
-822
-857
-792
-767
-844
-843
-760
-696
-691
-541
-371
-259
-182
3
147
153
200
307
375
346
431
556
643
715
918
1084
1187
1267
1384
1368
1193
1049
836
542
122
-118
-425
-706
-933
-988
-1012
-1105
-994
-875
-759
-774
-637
-552
-549
-586
-554
-525
-578
-542
-455
-381
-327
-164
9
141
215
401
494
559
591
710
734
752
843
905
964
948
1057
1046
1012
889
786
577
311
60
-222
-518
-774
-933
-1079
-1168
-1182
-1075
-1010
-878
-745
-563
-492
-387
-306
-277
-288
-307
-265
-320
-314
-283
-173
-124
12
187
364
505
676
856
951
1024
1091
1146
1081
1033
962
880
717
592
456
278
96
-68
-218
-446
-610
-746
-872
-1018
-1094
-1087
-1103
-1078
-965
-828
-703
-569
-374
-226
-125
-49
36
61
16
11
-13
-26
-46
8
96
212
365
558
751
920
1088
1202
1268
1255
1201
1098
922
708
477
235
-8
-227
-428
-608
-749
-847
-910
-970
-979
-994
-965
-933
-881
-819
-758
-635
-533
-393
-284
-146
-27
74
153
189
212
201
215
202
197
230
293
389
509
655
825
953
1088
1176
1234
1197
1106
983
775
539
254
2
-269
-517
-724
-879
-985
-1070
-1092
-1079
-1043
-980
-918
-810
-727
-629
-531
-437
-328
-243
-123
-42
60
114
183
239
276
293
308
353
378
426
488
581
672
765
855
945
992
1004
992
943
818
657
477
251
28
-229
-455
-660
-834
-974
-1065
-1116
-1118
-1079
-1013
-925
-812
-685
-572
-440
-321
-203
-126
-21
37
84
119
147
202
202
247
271
336
380
449
549
624
703
772
861
885
884
872
854
762
636
517
371
165
-28
-201
-383
-588
-738
-829
-935
-1022
-1039
-992
-974
-911
-806
-668
-583
-458
-298
-181
-101
-15
99
129
146
169
208
204
195
251
292
334
388
504
579
643
724
802
829
815
814
771
676
567
459
311
142
-23
-168
-337
-498
-634
-735
-840
-895
-921
-917
-888
-840
-757
-663
-545
-442
-313
-205
-94
-14
66
123
162
190
202
234
226
244
271
318
364
411
505
569
631
675
723
738
706
700
632
552
432
319
193
26
-97
-238
-363
-507
-581
-669
-736
-764
-759
-741
-731
-651
-573
-507
-438
-324
-245
-178
-97
-13
34
64
121
163
175
194
235
272
267
318
378
407
442
488
563
538
577
579
578
492
442
407
287
195
77
15
-152
-270
-360
-432
-539
-597
-597
-624
-648
-612
-531
-494
-434
-365
-271
-243
-184
-145
-91
-100
-78
-32
-23
10
46
118
153
224
286
361
398
448
482
496
486
489
478
434
393
333
295
222
162
90
46
-46
-120
-188
-250
-324
-392
-417
-449
-455
-465
-417
-389
-346
-307
-248
-198
-167
-130
-111
-98
-97
-88
-76
-60
-39
-2
44
100
159
228
281
336
389
405
418
421
419
374
333
316
253
196
125
91
28
-43
-74
-112
-155
-222
-227
-250
-277
-298
-286
-261
-273
-232
-208
-162
-156
-132
-96
-107
-111
-107
-92
-115
-118
-90
-63
-31
13
84
143
184
239
289
322
324
333
328
307
276
255
231
195
159
129
100
49
10
-32
-73
-128
-164
-196
-232
-251
-258
-236
-234
-203
-171
-126
-104
-101
-73
-73
-93
-116
-125
-158
-183
-172
-149
-124
-91
-20
53
99
161
218
263
260
270
271
240
201
179
164
120
97
85
88
58
44
49
23
-4
-26
-46
-88
-126
-127
-142
-162
-157
-121
-103
-106
-74
-50
-53
-77
-76
-96
-140
-163
-171
-178
-183
-163
-109
-59
-6
56
116
166
198
231
227
215
193
167
126
83
64
46
32
28
41
52
63
86
90
79
62
47
25
-14
-41
-65
-83
-105
-93
-96
-97
-91
-87
-95
-112
-116
-137
-149
-173
-170
-169
-150
-123
-84
-35
-1
59
110
141
156
173
174
147
116
100
73
30
5
5
-5
4
33
69
97
112
148
147
155
128
111
74
29
2
-43
-68
-112
-105
-137
-137
-134
-127
-116
-130
-115
-113
-105
-107
-87
-74
-70
-48
-20
1
28
42
76
77
75
69
70
61
29
36
27
28
18
46
73
82
103
132
157
140
133
122
96
47
13
-18
-54
-87
-105
-106
-115
-111
-102
-82
-82
-77
-59
-58
-66
-68
-62
-67
-64
-43
-34
-20
-7
16
29
21
28
21
6
-9
-19
-19
-21
-16
10
36
54
80
113
126
124
119
106
84
44
16
-21
-52
-75
-90
-86
-81
-62
-39
-17
12
22
35
37
25
15
-9
-24
-44
-50
-64
-55
-53
-37
-17
-9
3
-7
0
-24
-40
-61
-65
-86
-83
-54
-31
3
37
91
113
129
137
141
110
70
32
-1
-47
-90
-94
-93
-90
-64
-8
42
84
125
170
184
172
157
139
85
43
3
-31
-64
-84
-82
-90
-87
-79
-62
-73
-69
-79
-84
-101
-106
-97
-100
-82
-61
-25
4
41
71
85
91
81
66
38
14
-11
-41
-59
-61
-47
-30
12
63
111
157
205
241
244
233
212
168
97
35
-22
-81
-145
-184
-200
-221
-221
-200
-174
-148
-121
-82
-53
-35
-18
5
6
7
19
7
10
2
1
-11
-17
-15
-22
-23
-24
-2
0
28
59
77
96
119
149
161
170
182
173
156
117
90
50
-3
-39
-74
-103
-145
-141
-146
-154
-145
-121
-100
-90
-53
-27
-7
-2
15
24
3
-9
-13
-35
-66
-76
-76
-89
-97
-82
-71
-53
-30
15
54
83
121
156
181
188
198
195
180
160
131
105
68
27
-6
-44
-69
-94
-100
-105
-100
-94
-84
-60
-49
-23
-15
11
18
24
31
24
7
-20
-40
-75
-101
-117
-122
-127
-120
-99
-70
-38
3
43
83
110
139
168
172
178
171
166
133
109
88
59
31
6
-9
-34
-59
-68
-70
-86
-77
-68
-50
-37
-21
1
21
26
40
47
33
17
-17
-42
-91
-127
-167
-189
-214
-217
-191
-163
-112
-59
5
56
112
150
181
193
192
177
150
122
91
53
24
3
-17
-20
-24
-16
-8
-1
3
6
5
7
6
-3
5
6
9
9
18
21
8
-4
-18
-46
-89
-116
-149
-182
-204
-203
-178
-156
-108
-39
27
84
145
195
218
216
202
183
128
76
31
-14
-53
-79
-80
-78
-61
-40
-1
24
45
67
78
71
54
51
35
8
-4
-10
-17
-33
-32
-34
-46
-63
-81
-89
-121
-130
-142
-135
-129
-104
-63
-25
32
74
129
156
182
192
175
152
108
65
12
-33
-66
-98
-105
-102
-81
-51
-22
26
56
76
92
105
101
82
61
45
16
-10
-24
-29
-42
-59
-58
-67
-76
-90
-94
-96
-105
-103
-92
-65
-47
-13
27
61
94
115
141
140
126
110
81
42
-5
-37
-76
-104
-116
-108
-95
-74
-34
-1
33
67
98
112
109
110
89
65
46
15
-5
-29
-50
-66
-66
-79
-86
-82
-85
-86
-73
-68
-53
-37
-23
1
21
50
64
79
87
89
77
61
47
14
-22
-56
-76
-99
-112
-107
-94
-79
-50
-18
23
54
77
101
107
105
98
88
64
35
10
-9
-34
-46
-50
-58
-61
-61
-47
-42
-36
-20
-7
0
13
27
38
42
42
50
47
38
35
20
-1
-18
-38
-57
-72
-78
-92
-88
-75
-58
-36
-4
27
45
66
84
94
95
91
83
62
44
26
9
-8
-23
-30
-32
-26
-23
-8
1
8
16
28
34
37
46
37
35
27
24
8
2
-10
-27
-37
-51
-56
-68
-71
-81
-76
-76
-76
-57
-46
-35
-12
10
22
37
51
59
66
63
67
71
49
40
34
15
-6
-10
-19
-25
-26
-26
-8
-2
5
18
33
31
33
40
32
14
2
-13
-39
-54
-70
-80
-91
-97
-88
-79
-77
-61
-49
-38
-26
-12
7
11
27
38
45
57
65
70
76
69
65
63
52
33
23
10
-8
-18
-18
-10
-12
2
15
33
37
45
57
50
41
28
19
-6
-29
-48
-72
-91
-100
-99
-96
-89
-78
-65
-50
-36
-23
-4
3
12
19
32
35
44
51
54
59
53
55
52
41
30
30
12
9
6
5
9
16
30
41
55
56
64
56
47
27
11
-14
-43
-61
-82
-92
-101
-100
-92
-81
-70
-51
-30
-17
-3
2
9
9
0
11
9
9
20
25
37
41
47
51
49
42
39
34
24
17
12
11
11
22
30
33
42
48
41
41
34
17
-3
-24
-50
-68
-81
-94
-89
-84
-77
-62
-39
-26
-15
4
10
11
10
13
4
-5
-7
-9
-10
-10
1
6
12
25
25
32
33
31
28
26
22
16
26
21
26
33
36
35
34
35
25
8
-2
-12
-37
-51
-61
-68
-79
-75
-61
-56
-45
-28
-10
-3
5
13
15
12
9
9
3
1
-1
-8
-5
-7
-5
-1
5
7
11
21
24
29
35
41
41
46
51
52
49
47
45
29
21
12
-2
-18
-31
-39
-49
-47
-46
-45
-33
-34
-29
-18
-10
-9
-2
5
5
1
5
13
6
9
9
8
1
-4
-1
-5
-9
-9
-2
1
7
18
30
42
51
62
66
67
62
51
45
28
14
-3
-19
-36
-50
-57
-62
-60
-57
-50
-42
-35
-29
-19
-17
-11
-10
-14
-11
-11
-11
-5
2
4
3
6
2
-3
-6
-7
-9
-12
-11
-10
2
2
18
33
33
43
48
48
42
39
29
10
-5
-16
-33
-42
-46
-47
-47
-47
-40
-33
-31
-22
-9
-10
-6
0
2
-3
6
9
12
16
19
24
23
23
23
23
16
7
6
1
-8
2
8
14
25
37
41
45
50
48
45
37
26
10
-6
-20
-36
-45
-53
-60
-56
-55
-48
-37
-29
-19
-14
-8
-4
0
5
3
5
7
3
2
5
10
8
9
14
12
11
13
15
17
16
14
17
18
20
20
26
25
18
16
17
4
-1
-7
-15
-22
-34
-30
-31
-39
-35
-28
-32
-31
-25
-16
-16
-14
-5
-3
-8
-2
7
-1
4
9
10
6
7
14
10
11
16
17
23
25
29
34
35
34
26
32
25
17
15
11
1
0
-4
-7
-7
-18
-10
-18
-18
-14
-20
-19
-22
-25
-25
-28
-32
-30
-33
-29
-25
-19
-14
-6
-5
-2
0
5
6
5
10
5
7
8
9
11
16
13
17
14
14
16
13
15
8
4
0
1
1
1
-2
0
-6
-10
-5
-7
-10
-13
-12
-19
-19
-15
-17
-15
-18
-19
-15
-13
-8
-2
4
4
5
12
9
9
11
9
5
8
8
10
14
16
18
16
20
20
24
28
25
27
25
23
24
23
18
17
11
5
3
0
-7
-11
-14
-21
-24
-20
-24
-26
-23
-23
-21
-16
-15
-10
-12
-13
-6
-12
-5
-3
-5
-2
-6
-4
-2
-2
1
5
2
8
10
10
13
16
14
15
19
18
22
20
23
16
12
13
3
1
-3
-13
-16
-22
-25
-28
-30
-29
-35
-32
-28
-19
-14
-6
3
2
5
8
6
3
3
-2
-2
-8
-6
-13
-9
-5
-11
6
7
5
20
26
24
36
36
34
32
31
24
18
16
9
4
-2
-3
-9
-17
-20
-21
-26
-24
-20
-21
-21
-14
-11
-8
5
9
14
13
16
11
5
3
-3
-10
-17
-21
-25
-28
-23
-16
-13
-1
2
9
16
21
25
26
29
24
20
15
8
-3
-10
-14
-17
-21
-16
-14
-20
-14
-13
-11
-5
-3
5
3
9
20
11
19
21
8
8
5
-3
-10
-14
-20
-25
-30
-25
-23
-23
-8
-4
4
15
19
24
29
28
29
26
19
16
11
9
3
3
1
-4
-1
-1
1
1
3
8
3
5
10
7
6
12
11
12
14
13
12
6
1
-3
-12
-20
-27
-28
-35
-36
-28
-23
-22
-9
-2
2
10
11
19
17
12
11
6
-7
-9
-6
-11
-13
-11
-11
-10
-7
-3
5
5
1
5
6
-1
5
6
6
7
3
4
2
-2
-3
-5
-6
-7
-16
-15
-21
-27
-23
-20
-20
-15
-8
-4
0
8
12
11
14
11
11
7
6
1
-2
-1
-6
-5
4
3
3
17
13
17
23
21
22
20
15
10
9
5
2
3
0
-5
-3
-5
-2
-3
-1
-1
-4
-7
-7
-3
-6
-4
-3
-3
-5
-1
-1
-1
1
2
-2
1
3
-3
-2
-1
-3
-5
1
-1
0
1
2
6
6
12
12
13
12
11
5
4
-2
-5
-8
-13
-11
-14
-10
-5
-5
0
2
5
10
10
12
12
7
6
6
2
2
3
-2
-4
-9
-8
-6
-8
-4
3
-5
-2
2
-3
1
1
5
5
3
6
11
4
6
12
4
2
4
-2
-5
-5
-7
-4
-9
-3
7
3
9
18
14
11
17
14
7
4
1
-7
-12
-15
-18
-20
-19
-18
-21
-21
-22
-24
-18
-12
-15
-5
-5
-12
-6
-5
-3
1
-1
1
2
-1
1
2
-1
0
1
-4
1
0
2
9
7
12
14
9
17
16
14
17
11
5
0
-6
-10
-14
-12
-13
-11
-9
-8
-5
-9
-6
-4
-8
-4
-8
-6
-4
-8
-3
0
-1
2
10
12
10
16
15
12
14
16
16
13
16
13
11
18
19
21
26
19
19
19
16
15
14
11
3
-1
-4
-12
-12
-9
-12
-9
-7
-11
-11
-9
-13
-9
-10
-17
-17
-18
-17
-13
-7
-2
0
5
12
11
14
16
14
11
7
6
0
-2
-1
-2
-1
3
4
7
12
13
13
15
7
2
1
-5
-11
-12
-11
-20
-19
-16
-22
-18
-14
-17
-12
-14
-12
-15
-19
-13
-17
-15
-9
-9
-7
-2
0
5
6
8
9
7
8
6