5
10
13
18
19
20
15
22
27
22
33
29
37
39
46
48
48
50
48
57
47
50
50
57
61
54
58
56
54
54
60
58
53
59
53
53
53
49
42
35
36
30
38
33
25
27
26
16
8
4
5
-3
-11
-10
-15
-14
-19
-19
-23
-32
-31
-35
-40
-42
-44
-46
-56
-56
-61
-58
-54
-57
-56
-59
-58
-62
-61
-58
-57
-58
-52
-50
-44
-39
-39
-44
-37
-30
-33
-28
-30
-19
-12
-19
-17
-18
-15
-5
0
4
9
11
11
18
16
22
24
27
30
33
37
40
44
39
53
46
45
55
47
47
52
48
41
52
50
42
42
47
41
38
36
27
33
28
28
29
27
22
19
21
13
10
12
10
8
3
-8
-9
-8
-12
-17
-21
-21
-28
-26
-22
-23
-35
-36
-37
-44
-44
-38
-34
-47
-51
-47
-45
-45
-45
-41
-39
-37
-43
-37
-38
-44
-34
-31
-34
-35
-30
-30
-25
-23
-17
-14
-14
-6
-15
-11
-12
-3
-2
-3
4
3
9
12
20
24
21
16
19
25
28
31
37
39
41
40
36
39
40
48
49
44
46
48
54
57
47
50
46
46
45
40
39
38
38
30
30
25
20
21
19
12
12
10
12
5
-2
5
-5
-10
-11
-12
-15
-13
-15
-22
-23
-28
-26
-30
-28
-30
-36
-39
-40
-36
-43
-44
-38
-46
-48
-43
-44
-48
-47
-48
-44
-39
-42
-41
-44
-44
-40
-33
-31
-25
-27
-21
-16
-16
-11
-10
-14
-8
3
4
11
8
7
20
19
18
19
18
23
20
23
27
26
36
33
29
32
34
37
33
30
36
40
45
40
32
35
32
33
29
29
31
26
21
26
27
24
19
20
17
15
13
10
10
-1
4
-1
-3
-4
-9
-9
-12
-14
-18
-26
-26
-18
-22
-26
-22
-26
-25
-27
-29
-29
-28
-32
-36
-30
-35
-32
-31
-29
-27
-20
-25
-26
-20
-23
-12
-18
-14
-15
-16
-13
-14
-8
-3
-3
0
3
1
13
8
7
14
11
13
15
18
21
26
28
28
22
24
30
33
31
34
34
26
22
24
28
30
29
25
25
25
26
25
20
15
13
13
13
16
14
5
1
0
-1
-2
0
4
-1
-8
-10
-8
-3
-13
-22
-15
-9
-9
-10
-20
-20
-25
-29
-26
-35
-31
-30
-30
-24
-27
-31
-30
-33
-37
-30
-36
-32
-34
-42
-38
-39
-33
-30
-29
-33
-32
-36
-33
-27
-28
-29
-34
-35
-40
-32
-22
-26
-22
-16
-15
-10
2
6
7
-2
2
8
17
17
19
29
28
36
36
37
43
50
60
56
54
50
42
51
62
58
56
52
53
54
63
65
64
60
57
58
53
54
50
46
54
51
51
45
38
34
27
32
33
42
37
27
14
6
3
-4
-4
-7
-8
-15
-27
-32
-39
-43
-38
-37
-33
-45
-51
-54
-61
-59
-50
-36
-35
-38
-35
-28
-25
-30
-24
-15
-12
-1
-6
-3
-12
-11
0
16
27
14
6
2
6
19
31
30
17
4
-3
0
6
9
6
4
-4
-10
-19
-28
-24
-18
-18
-20
-29
-34
-40
-38
-24
-24
-31
-38
-44
-49
-37
-24
-20
-23
-23
-19
-11
10
16
20
24
16
1
-13
-12
-9
5
19
21
19
15
19
24
20
22
13
7
8
-4
-9
-16
-30
-17
-12
1
9
10
21
17
9
-8
-4
-4
-16
-16
-26
-27
-21
-14
-7
-6
-5
-3
2
-2
-8
-8
-5
18
17
11
-1
1
16
27
32
21
27
28
32
24
23
29
33
36
27
27
17
18
7
-7
-1
11
16
-5
-11
-8
13
27
15
-3
-11
-12
4
-11
-28
-38
-15
7
15
11
-24
-47
-40
-30
-34
-42
-29
-8
10
-14
-31
-19
15
29
-7
-37
-66
-27
23
44
-51
-274
-415
-296
108
359
377
34
-366
-563
-476
-133
182
155
-164
-698
-807
-621
-156
-33
-64
-152
-151
-15
-91
-186
-337
-296
-197
-92
28
215
354
386
299
195
194
425
760
997
988
650
406
280
386
470
598
628
724
698
655
561
453
234
21
-18
239
523
613
336
-86
-457
-548
-360
-114
-26
-138
-211
-267
-294
-556
-834
-907
-711
-370
-222
-253
-356
-544
-613
-759
-603
-462
-117
144
283
300
39
45
11
318
459
678
793
888
951
829
621
228
-26
-11
365
709
752
383
-86
-497
-686
-709
-543
-411
-480
-770
-921
-1007
-980
-1293
-1552
-1574
-1313
-810
-782
-584
-979
-888
-1142
-855
-636
-336
-7
-8
211
43
180
100
191
294
427
831
1021
1235
1193
1114
1173
1074
1448
1501
1909
1527
1232
812
809
1086
925
1043
641
883
539
460
219
-8
-196
-865
-1007
-979
-548
-379
-878
-1166
-1694
-1424
-1393
-1088
-886
-809
-556
-671
-607
-862
-953
-889
-716
-229
93
533
616
441
167
-192
-154
-159
157
497
913
1198
1044
855
527
530
819
1189
1690
1358
1160
682
994
1053
709
498
197
847
624
711
285
6
-379
-1301
-1289
-1357
-820
-989
-1443
-1381
-1683
-1274
-1784
-1574
-1475
-1243
-701
-732
-146
-388
-205
-409
-519
-261
-174
530
526
836
710
714
510
104
80
68
449
549
597
775
744
885
500
669
903
1431
1689
1058
791
371
1205
1178
1056
665
742
1245
696
526
131
242
-279
-1398
-1462
-1367
-597
-1199
-1840
-1996
-2073
-1574
-2212
-1829
-1832
-1376
-1177
-1169
-536
-680
-482
-868
-743
-281
-23
538
339
734
735
833
698
320
390
210
410
463
539
880
848
1138
770
911
1225
1686
1905
1002
591
374
1205
1420
1118
1075
1076
1355
629
359
385
258
-287
-1341
-1208
-998
-817
-1261
-1936
-1820
-2103
-1679
-1929
-1592
-1584
-1491
-1087
-937
-445
-516
-336
-365
-382
-72
181
577
651
832
1134
1175
1118
813
676
566
419
435
576
876
1217
1164
1274
1398
1766
1803
826
474
140
1107
945
666
571
715
1339
494
426
37
-151
-886
-2018
-1627
-1587
-1275
-1837
-2194
-1865
-2207
-1912
-2257
-1978
-1998
-1969
-1238
-812
-289
-410
-305
102
261
513
541
525
530
388
858
1095
1060
898
695
1061
765
550
169
201
320
373
560
908
1326
1660
1499
792
512
341
938
494
526
746
1281
1302
576
691
842
300
-706
-1759
-1153
-1476
-1667
-2120
-1856
-1466
-2068
-1855
-1685
-1304
-1783
-2103
-1375
-764
-599
-796
-356
450
665
511
693
791
853
336
657
1030
1154
908
700
1017
913
590
398
332
502
166
365
504
951
1181
1462
1667
1122
998
607
1082
589
645
722
935
1127
761
1313
928
368
-589
-1230
-1076
-1839
-1819
-2242
-1990
-1932
-2049
-1377
-1549
-1440
-1935
-1613
-1076
-1148
-1066
-1071
-312
30
261
553
883
925
671
589
843
906
637
504
515
824
740
752
664
571
476
385
539
529
748
980
1313
1023
893
1045
1255
1081
346
699
671
883
295
443
722
33
-448
-1167
-843
-1344
-2054
-2127
-2500
-2146
-2734
-1998
-1594
-1553
-1646
-1692
-766
-848
-1014
-981
-350
212
38
119
638
899
928
719
1147
1410
1169
946
734
814
489
201
318
382
590
540
769
973
1112
1349
1396
1037
818
745
1100
721
427
575
849
930
513
863
1117
465
-493
-1362
-1094
-1562
-2075
-2358
-2281
-1920
-2241
-1804
-1480
-1359
-1514
-1643
-893
-794
-853
-855
-383
282
218
356
691
954
1067
810
1275
1333
1138
763
590
857
507
395
354
520
598
379
593
619
866
993
1210
1176
1008
1044
1029
753
366
564
767
833
580
945
1147
534
-337
-962
-775
-1358
-1997
-2317
-2196
-1996
-2429
-2069
-1773
-1549
-1740
-1752
-973
-836
-861
-1184
-766
-222
-128
-1
152
665
768
820
954
1163
1023
761
601
802
675
452
233
292
441
397
565
737
1161
1362
1413
1234
1182
1201
970
517
270
615
844
756
582
807
868
301
-322
-627
-711
-1287
-1996
-2136
-2258
-2294
-2571
-2071
-1605
-1440
-1391
-1246
-712
-863
-924
-937
-541
-310
-237
86
458
726
804
886
1235
1306
1268
1024
995
925
693
468
352
431
481
658
820
1208
1506
1807
1707
1368
1322
1155
1182
466
489
486
636
440
325
863
652
257
-465
-647
-872
-1783
-2168
-2597
-2500
-2806
-2805
-2137
-1952
-1603
-1635
-984
-700
-939
-889
-819
-266
-388
-267
87
408
650
622
1024
1366
1383
1376
1214
1222
864
541
430
211
216
158
568
730
947
1234
1698
1578
1247
1045
1249
991
291
214
286
510
-31
191
591
528
70
-470
-310
-857
-1636
-2163
-2472
-2574
-3101
-2691
-2213
-1899
-1749
-1422
-517
-483
-553
-646
-305
-145
-360
-171
131
456
522
725
1198
1348
1400
1426
1550
1392
894
651
506
362
127
189
547
740
910
1261
1590
1453
1220
1237
1431
887
426
199
407
77
-221
113
383
268
-286
-258
-157
-858
-1474
-2061
-2007
-2582
-2851
-2490
-2205
-1928
-2014
-1075
-431
-313
-377
-230
321
59
-129
-55
242
327
228
680
1167
1282
1378
1560
1806
1334
804
693
705
497
129
195
516
636
885
1219
1358
1357
1113
1494
1163
884
424
373
269
-270
-126
-29
56
-388
-644
-295
-660
-1102
-1768
-1813
-1975
-2563
-2441
-2441
-2048
-2227
-1715
-859
-501
-299
-404
281
332
200
84
245
450
162
311
687
934
949
968
1424
1382
1004
672
696
749
448
317
458
556
624
762
968
1124
948
1172
1018
1040
697
585
421
-21
74
-14
98
-359
-645
-576
-867
-1076
-1609
-1595
-1800
-2134
-2108
-2066
-1805
-2030
-1740
-1076
-598
-400
-494
-17
219
156
25
115
481
430
485
670
823
829
693
1045
1178
1066
723
617
747
673
660
657
869
909
1014
952
1117
1009
1104
891
839
844
733
690
219
306
176
56
-199
-544
-367
-863
-1017
-1513
-1615
-1732
-2154
-1931
-2116
-1736
-1866
-1586
-1062
-832
-305
-480
-40
-28
107
123
-10
248
142
329
483
638
914
762
1069
1125
1165
969
621
757
610
628
585
686
1037
895
992
1053
1106
1164
592
851
600
689
321
63
337
-193
-96
-562
-366
-582
-1194
-1064
-1645
-1484
-2258
-2104
-1941
-2081
-1771
-1911
-1078
-1173
-814
-392
-131
213
-215
228
126
145
81
125
602
361
708
849
1094
1116
952
1274
1069
924
800
773
1018
729
1017
1077
1000
1101
862
1380
842
831
758
657
797
25
516
38
-74
-464
-749
-267
-1165
-1068
-1634
-1494
-1722
-2372
-1800
-2174
-1658
-2027
-1555
-968
-1145
-582
-787
68
-91
-34
229
83
403
-144
283
378
485
681
575
1135
931
1091
1115
1062
1225
759
1045
936
1091
1106
820
1235
924
1222
876
850
985
527
722
117
475
134
-108
-160
-618
-365
-1125
-1005
-1266
-1451
-1591
-2189
-1779
-2137
-1832
-1852
-1546
-1063
-1133
-547
-566
-214
-186
-127
213
-6
229
62
192
315
338
785
643
899
909
1032
1151
873
1249
1078
1183
1118
1203
1591
988
1171
931
1250
955
510
964
614
893
118
406
295
-155
-209
-766
-418
-1256
-1409
-1538
-1752
-1678
-2351
-1838
-2110
-1937
-1876
-1796
-1154
-1468
-751
-734
-233
-170
-266
215
-42
415
120
293
304
310
804
545
895
803
1079
1181
932
1390
1200
1490
1257
1454
1730
1186
1467
1014
1472
822
743
901
680
751
135
633
332
-4
-184
-497
-350
-1341
-1339
-1647
-1761
-2097
-2488
-1916
-2175
-1945
-1996
-1507
-1170
-1289
-719
-634
-166
-346
-133
44
-24
202
207
530
402
442
692
785
987
932
1105
1134
1071
1291
1162
1399
1240
1537
1425
1305
1406
1309
1310
637
736
633
555
193
8
287
-97
-241
-496
-423
-724
-1314
-1317
-1643
-1799
-2389
-2352
-2220
-2369
-2087
-1964
-1331
-1368
-968
-568
-364
-200
-253
158
63
59
120
234
420
321
711
750
803
853
1052
1339
1088
1317
1401
1595
1527
1555
1883
1468
1505
1260
1564
1054
725
814
731
638
71
358
218
-152
-387
-504
-350
-1170
-1291
-1422
-1502
-1987
-2441
-2046
-2311
-2348
-2394
-1787
-1363
-1444
-839
-530
-2
-224
-5
295
175
186
-20
392
297
328
498
578
963
801
1199
1147
1382
1513
1394
1674
1453
1955
1500
1528
1363
1397
1355
722
987
607
702
171
246
324
-246
-293
-652
-391
-1083
-1459
-1434
-1704
-1817
-2495
-2075
-2242
-2340
-2367
-2130
-1543
-1781
-1214
-894
-350
-373
-223
268
231
307
184
483
470
309
550
533
789
641
1002
1211
1201
1519
1482
2001
1690
2022
1855
1731
1751
1409
1673
772
1048
696
817
365
85
494
14
0
-487
-315
-647
-1397
-1296
-1737
-1686
-2485
-2359
-2186
-2470
-2286
-2372
-1557
-1708
-1432
-1010
-737
-394
-575
-48
50
114
266
200
521
314
608
588
515
752
683
1081
846
1381
1558
1661
1786
1904
2412
1795
1871
1629
1943
1173
790
821
712
423
-126
267
83
-296
-501
-426
-274
-1227
-1258
-1466
-1517
-2229
-2658
-2241
-2611
-2500
-2682
-1848
-1638
-1532
-1020
-724
-178
-438
8
25
170
197
232
457
299
608
610
704
734
880
1163
953
1300
1457
1848
1787
1967
2391
2057
2184
1753
2214
1386
1120
943
848
593
-158
306
69
-164
-563
-563
-289
-1186
-1192
-1425
-1403
-1962
-2542
-2048
-2594
-2516
-2857
-2192
-1855
-2009
-1231
-1107
-331
-615
-63
198
119
290
104
535
172
316
365
365
524
494
1027
927
1264
1373
1733
1815
1910
2281
2048
2165
1738
2113
1501
1313
1049
916
714
53
311
7
-111
-483
-548
-401
-1085
-1081
-1386
-1379
-1867
-2317
-2074
-2488
-2384
-2647
-2258
-2071
-2025
-1359
-1195
-594
-613
-58
158
204
413
384
591
320
521
521
431
453
537
889
722
1103
1365
1801
1808
1981
2446
2170
2289
1851
2297
1563
1324
1101
1036
800
67
402
146
-38
-443
-489
-289
-1106
-1127
-1404
-1390
-1902
-2423
-2070
-2529
-2426
-2747
-2323
-2116
-2207
-1498
-1511
-825
-963
-299
-98
-118
217
193
637
260
561
551
465
490
431
892
527
930
1140
1687
1747
1873
2464
2234
2483
2013
2492
1753
1514
1280
1192
950
168
483
231
95
-345
-357
-175
-890
-903
-1173
-1189
-1778
-2214
-1925
-2362
-2408
-2705
-2299
-2127
-2212
-1560
-1443
-935
-1046
-441
-128
-162
57
114
509
251
456
589
520
521
458
926
670
918
1003
1554
1661
1774
2244
2086
2437
1961
2432
1747
1639
1340
1163
978
265
478
62
-32
-316
-426
-359
-1032
-850
-1073
-1178
-1653
-2083
-1765
-2380
-2324
-2623
-2324
-2268
-2377
-1651
-1678
-1119
-1179
-490
-233
-271
71
74
435
137
390
453
323
422
449
892
628
899
1127
1551
1685
1824
2273
2099
2329
2076
2427
1786
1665
1437
1343
977
439
562
196
33
-273
-250
-349
-870
-772
-938
-1065
-1511
-1760
-1687
-2194
-2215
-2283
-2139
-2172
-2170
-1526
-1508
-1272
-1138
-589
-327
-424
10
147
296
129
387
568
282
338
467
804
539
757
1086
1486
1519
1811
2221
2118
2229
2059
2446
1680
1630
1339
1366
845
401
618
159
-55
-408
-235
-418
-1007
-856
-977
-1055
-1624
-1684
-1561
-2074
-2161
-2285
-2032
-2196
-2189
-1603
-1579
-1293
-1227
-590
-462
-508
-118
56
261
55
332
439
257
276
406
586
484
709
1091
1346
1498
1901
2119
2174
2131
2320
2283
1704
1632
1424
1344
616
542
545
197
-124
-278
-100
-531
-907
-736
-841
-1110
-1627
-1457
-1520
-1990
-2029
-2004
-1801
-2101
-1881
-1436
-1434
-1293
-1109
-485
-510
-458
-98
104
179
65
370
375
197
238
410
464
489
696
1153
1246
1535
1970
2078
2256
2091
2550
2040
1799
1585
1479
1214
412
663
333
153
-283
-209
-81
-694
-687
-745
-750
-1244
-1579
-1328
-1720
-1907
-2078
-1815
-1844
-2029
-1592
-1466
-1282
-1346
-884
-631
-638
-433
-166
56
-42
111
231
166
129
261
379
259
487
791
1172
1164
1694
1989
2078
2110
2220
2470
1752
1726
1519
1487
824
422
692
211
-6
-366
-65
-323
-885
-600
-783
-793
-1473
-1286
-1270
-1774
-1792
-1919
-1549
-1970
-1709
-1363
-1337
-1253
-1133
-465
-584
-511
-248
34
72
-57
279
220
81
109
321
338
195
549
968
1097
1296
1754
2007
2032
1990
2368
1999
1673
1426
1472
1091
402
460
307
35
-346
-291
-177
-796
-809
-787
-806
-1275
-1579
-1168
-1539
-1659
-1833
-1536
-1575
-1855
-1333
-1295
-1040
-1216
-657
-383
-417
-173
-2
289
65
207
319
174
103
152
312
288
318
849
1002
1355
1533
1948
2123
1957
2287
1980
1917
1395
1388
1112
577
431
213
95
-282
-394
-247
-651
-739
-855
-805
-1021
-1473
-1223
-1569
-1505
-1794
-1559
-1518
-1694
-1307
-1278
-896
-1030
-574
-355
-249
-40
89
303
154
245
334
185
107
85
248
243
244
690
861
1252
1412
1780
2040
1895
2197
1844
1903
1343
1275
955
503
358
-4
-51
-443
-453
-453
-734
-764
-941
-857
-1155
-1348
-1277
-1567
-1574
-1856
-1566
-1704
-1680
-1468
-1325
-964
-1065
-474
-435
-92
12
301
490
314
460
361
383
187
149
279
229
366
621
897
1286
1350
1822
1946
2128
2138
1884
1983
1497
1403
807
634
370
-11
-169
-406
-361
-560
-779
-599
-799
-794
-1158
-1089
-1178
-1542
-1504
-1739
-1495
-1841
-1565
-1440
-1347
-1137
-979
-414
-447
-106
144
436
529
444
661
489
362
308
219
279
60
457
630
866
1180
1284
1859
1650
2152
1820
1873
1604
1453
1251
605
501
175
-36
-446
-628
-507
-868
-927
-902
-853
-1013
-1366
-1035
-1250
-1381
-1687
-1541
-1480
-1783
-1533
-1502
-1165
-1318
-763
-456
-207
-114
317
689
710
684
773
790
522
449
408
487
238
539
746
1169
1152
1429
1775
1874
2018
1641
1839
1355
1324
780
612
276
-78
-255
-499
-568
-778
-973
-869
-976
-954
-1200
-1191
-1150
-1370
-1321
-1531
-1349
-1575
-1463
-1389
-1275
-1142
-1027
-604
-358
-43
135
486
689
854
827
875
795
729
552
551
552
570
650
856
1229
1244
1525
1508
1897
1563
1576
1340
1214
821
385
304
-4
-340
-622
-722
-687
-1092
-1043
-1055
-1056
-1203
-1380
-1132
-1429
-1411
-1533
-1399
-1440
-1562
-1273
-1310
-1042
-1034
-629
-473
-229
121
356
601
659
900
914
861
845
793
808
631
837
926
1048
1202
1281
1677
1476
1799
1519
1592
1242
1105
953
441
303
-49
-105
-497
-688
-640
-883
-978
-1115
-1037
-1138
-1447
-1232
-1366
-1331
-1592
-1417
-1311
-1430
-1311
-1264
-953
-986
-687
-448
-214
-3
225
528
657
702
810
800
877
693
804
727
850
952
1069
1382
1265
1682
1593
1888
1563
1525
1379
1103
901
401
291
-107
-264
-512
-662
-720
-888
-949
-958
-1023
-1080
-1347
-1234
-1373
-1376
-1555
-1513
-1466
-1422
-1301
-1271
-1081
-926
-593
-508
-206
31
363
405
636
744
776
610
708
697
690
602
748
1022
1104
1432
1353
1846
1702
1957
1635
1606
1420
1013
845
310
192
-271
-399
-612
-836
-866
-1005
-1012
-1040
-1144
-1093
-1349
-1184
-1397
-1401
-1492
-1542
-1473
-1527
-1265
-1366
-1140
-904
-489
-397
-122
263
552
612
766
929
835
728
687
725
619
612
806
995
1245
1392
1558
1822
1869
1948
1636
1671
1321
1020
619
273
21
-474
-597
-851
-944
-1075
-1200
-1078
-1140
-1092
-1271
-1250
-1200
-1395
-1454
-1507
-1417
-1555
-1482
-1277
-1242
-1100
-813
-414
-295
-21
385
668
752
855
1066
949
917
782
862
738
698
875
988
1408
1290
1663
1763
2039
1862
1619
1710
1300
1056
477
349
-92
-506
-690
-961
-1028
-1254
-1284
-1210
-1284
-1151
-1398
-1236
-1287
-1362
-1409
-1542
-1370
-1590
-1382
-1380
-1209
-1010
-789
-474
-300
144
420
568
792
973
1010
880
959
931
793
688
921
981
1070
1263
1444
1715
1631
1979
1647
1709
1420
1259
912
372
239
-290
-426
-869
-1065
-1163
-1350
-1324
-1467
-1349
-1392
-1500
-1313
-1334
-1351
-1531
-1428
-1294
-1396
-1306
-1274
-1046
-836
-571
-340
-89
263
565
719
943
1048
1020
1013
1026
1074
871
888
1043
1134
1388
1322
1638
1640
1900
1815
1594
1653
1299
1166
620
527
105
-361
-521
-839
-946
-1387
-1344
-1365
-1521
-1463
-1623
-1381
-1565
-1446
-1510
-1500
-1432
-1466
-1260
-1348
-1118
-1028
-639
-574
-282
19
379
530
632
934
917
921
876
1014
917
757
1004
1124
1307
1225
1466
1721
1692
1760
1468
1595
1259
1105
752
481
254
-232
-333
-656
-809
-1179
-1285
-1240
-1442
-1479
-1607
-1466
-1525
-1500
-1452
-1513
-1440
-1400
-1168
-1220
-1125
-890
-587
-392
-265
126
367
571
674
939
965
899
932
1027
1080
871
1054
1187
1440
1395
1514
1761
1727
1808
1500
1570
1228
1005
724
391
237
-274
-391
-659
-818
-1037
-1347
-1215
-1475
-1440
-1677
-1571
-1553
-1715
-1540
-1677
-1502
-1637
-1358
-1294
-1255
-1001
-723
-400
-333
54
363
536
700
851
1048
900
979
1003
1093
972
1048
1286
1411
1520
1510
1873
1809
1856
1617
1614
1355
964
785
394
159
-349
-421
-650
-930
-1087
-1293
-1200
-1434
-1447
-1550
-1595
-1544
-1690
-1553
-1664
-1598
-1588
-1439
-1283
-1321
-1021
-768
-467
-337
34
425
518
749
973
1149
1007
1031
1234
1211
1110
1110
1400
1555
1520
1582
1845
1954
1808
1614
1700
1427
1030
670
579
194
-314
-517
-638
-930
-1266
-1339
-1362
-1515
-1663
-1592
-1649
-1630
-1730
-1610
-1633
-1701
-1619
-1532
-1365
-1438
-1152
-825
-623
-455
-93
358
445
603
980
1100
1059
1029
1303
1315
1164
1324
1478
1701
1599
1775
1935
1960
1915
1656
1753
1409
1156
740
596
284
-190
-377
-607
-838
-1154
-1270
-1321
-1587
-1597
-1684
-1713
-1810
-1814
-1685
-1873
-1722
-1752
-1479
-1560
-1380
-1126
-867
-661
-556
-36
188
356
421
822
972
920
973
1236
1300
1224
1407
1642
1801
1673
1937
2022
2062
1816
1701
1668
1342
1044
653
526
181
-181
-335
-549
-749
-1069
-1115
-1191
-1495
-1568
-1689
-1626
-1843
-1847
-1797
-1843
-1749
-1724
-1465
-1496
-1232
-1031
-659
-568
-311
7
246
349
436
738
683
786
816
1154
1073
1200
1455
1735
1840
1799
2128
2110
2082
1746
1750
1495
1133
725
546
298
-78
-376
-359
-570
-797
-960
-898
-1070
-1372
-1385
-1532
-1605
-1909
-1783
-1926
-1908
-1898
-1669
-1549
-1446
-1101
-811
-499
-391
10
207
384
409
625
654
630
656
935
937
996
1233
1649
1773
1738
2165
2182
2252
1852
2073
1664
1295
924
744
425
-140
-241
-406
-516
-818
-810
-821
-935
-1153
-1157
-1265
-1474
-1759
-1711
-1784
-2020
-2058
-1848
-1675
-1741
-1396
-1015
-748
-659
-156
142
223
267
620
668
538
550
784
844
737
1031
1332
1589
1473
1944
2137
2201
1867
2011
1980
1479
1034
880
731
74
-228
-227
-368
-812
-819
-698
-771
-1142
-1018
-1044
-1235
-1526
-1550
-1558
-1845
-1883
-1811
-1664
-1727
-1490
-1178
-873
-806
-389
-65
113
143
462
682
507
595
810
951
747
979
1393
1459
1399
1733
2065
2023
1736
1944
1879
1565
1102
1019
813
306
-14
-123
-230
-635
-737
-663
-735
-1014
-994
-999
-1145
-1386
-1380
-1469
-1723
-1688
-1577
-1582
-1667
-1337
-1020
-973
-832
-438
-173
-209
-26
276
320
228
364
711
653
711
887
1361
1341
1388
1727
1852
1865
1545
1854
1540
1272
932
939
634
163
95
18
-243
-507
-478
-456
-757
-861
-789
-933
-1186
-1350
-1212
-1456
-1632
-1594
-1367
-1448
-1434
-1080
-768
-724
-637
-197
-44
-155
-85
207
182
-11
181
493
445
529
867
1323
1211
1449
1788
1924
1713
1585
1811
1395
1077
775
807
330
12
6
-6
-312
-477
-258
-296
-595
-698
-542
-778
-1094
-1198
-1128
-1462
-1635
-1452
-1348
-1445
-1333
-841
-640
-617
-353
55
77
-15
143
291
70
-43
178
298
177
311
795
1043
1025
1358
1732
1816
1573
1694
1696
1276
890
805
622
73
-192
-64
-218
-502
-540
-272
-377
-649
-511
-505
-710
-1079
-938
-1062
-1389
-1524
-1305
-1246
-1430
-1144
-776
-576
-619
-119
153
100
66
370
444
73
111
333
344
170
388
876
794
944
1262
1623
1439
1330
1632
1422
1088
704
843
411
-1
-129
-66
-328
-599
-409
-309
-529
-653
-443
-503
-791
-909
-745
-1000
-1196
-1170
-992
-1115
-1113
-781
-609
-553
-385
6
41
40
179
353
215
114
280
274
239
266
659
628
690
954
1229
1188
970
1283
1157
928
582
670
440
24
-27
-47
-196
-472
-350
-251
-475
-538
-464
-482
-714
-779
-704
-900
-1016
-915
-790
-895
-830
-496
-349
-395
-196
117
139
-12
177
355
143
20
230
335
141
199
591
669
572
821
1121
1088
814
1038
978
673
355
401
240
-194
-240
-173
-293
-520
-397
-206
-426
-521
-370
-370
-648
-769
-594
-756
-997
-862
-657
-702
-775
-348
-82
-160
-42
326
445
197
309
527
350
111
267
403
224
144
543
632
534
682
990
1028
713
910
872
612
228
227
105
-340
-459
-405
-458
-715
-591
-381
-506
-621
-435
-362
-640
-719
-562
-618
-914
-755
-527
-569
-627
-272
63
-66
75
408
538
301
408
623
478
258
428
552
368
308
631
700
515
650
884
826
517
663
673
366
36
127
-6
-392
-529
-367
-511
-783
-648
-453
-632
-797
-577
-504
-781
-813
-592
-619
-808
-636
-293
-366
-314
-14
302
159
270
537
544
351
398
579
376
288
432
591
456
515
808
778
729
768
925
644
448
497
293
-6
-235
-127
-400
-598
-548
-446
-620
-712
-478
-457
-697
-726
-567
-718
-941
-925
-724
-932
-850
-595
-336
-378
-58
349
435
422
671
866
620
550
634
611
246
366
496
463
304
654
898
747
783
978
1039
595
577
489
196
-278
-316
-382
-758
-903
-749
-656
-883
-778
-528
-543
-712
-621
-514
-758
-914
-774
-788
-961
-882
-516
-426
-336
13
425
516
647
941
1017
907
887
970
743
604
593
669
508
576
701
756
752
816
936
684
622
506
377
-58
-240
-366
-628
-887
-942
-931
-1053
-1094
-902
-891
-944
-891
-769
-808
-944
-810
-828
-832
-785
-548
-483
-350
-29
249
343
547
834
931
879
1001
1089
917
854
901
948
737
815
941
893
810
887
924
652
531
500
282
-106
-224
-300
-585
-854
-795
-852
-1079
-1103
-961
-1022
-1215
-1075
-959
-1110
-1142
-973
-844
-978
-762
-489
-391
-299
18
356
344
528
791
928
828
935
1067
992
913
1021
1069
945
981
1080
1053
905
969
903
709
529
448
215
-77
-197
-330
-577
-744
-712
-848
-976
-1020
-948
-1135
-1177
-1150
-1161
-1288
-1189
-1039
-1032
-934
-660
-414
-347
-88
182
361
358
617
727
735
704
896
940
843
935
1059
1099
993
1146
1141
1057
920
942
762
520
390
258
8
-193
-261
-383
-586
-599
-612
-762
-835
-839
-871
-1127
-1108
-1146
-1252
-1368
-1242
-1131
-1165
-937
-635
-425
-318
51
322
404
478
724
783
678
753
868
835
756
935
1043
992
1020
1160
1155
992
980
919
668
428
324
164
-144
-310
-323
-468
-610
-644
-622
-736
-827
-819
-903
-1011
-1113
-1126
-1177
-1199
-1148
-1068
-925
-738
-528
-338
-90
148
313
447
601
697
708
776
835
857
864
953
1034
1025
1105
1124
1102
1000
963
818
570
416
261
47
-219
-258
-369
-492
-599
-515
-579
-711
-696
-724
-849
-1054
-1009
-1106
-1250
-1234
-1135
-1051
-1030
-707
-466
-339
-134
189
380
345
506
668
653
585
683
806
741
779
980
1070
1057
1077
1223
1142
983
854
731
497
206
55
-158
-329
-501
-505
-554
-616
-635
-619
-610
-714
-754
-831
-913
-1025
-1076
-1075
-1112
-1065
-917
-721
-585
-392
-106
95
246
391
571
611
621
694
759
716
727
840
906
899
967
1048
1015
976
929
850
619
480
339
119
-93
-220
-311
-465
-522
-543
-599
-686
-655
-684
-805
-874
-845
-895
-1004
-937
-848
-829
-777
-529
-395
-339
-173
71
165
174
331
484
504
529
685
763
759
820
958
938
883
889
876
758
577
507
349
195
41
-42
-135
-253
-262
-306
-336
-412
-426
-469
-569
-639
-734
-783
-864
-888
-878
-841
-754
-638
-481
-302
-182
-12
126
259
276
329
390
408
415
443
527
576
621
738
815
823
826
813
775
601
487
307
169
-20
-146
-285
-363
-416
-452
-458
-470
-446
-505
-462
-518
-529
-628
-597
-634
-640
-619
-559
-468
-412
-233
-135
-22
69
243
300
347
395
509
517
514
570
644
654
623
711
700
653
555
548
435
253
120
30
-99
-278
-327
-338
-411
-447
-412
-383
-454
-465
-439
-491
-597
-618
-583
-634
-635
-555
-411
-350
-201
-25
113
195
308
429
406
421
418
463
390
400
462
479
510
564
655
628
608
604
548
381
224
122
-69
-270
-386
-459
-565
-647
-582
-550
-553
-526
-407
-389
-407
-391
-353
-404
-444
-397
-377
-364
-313
-153
-55
45
183
356
444
517
587
648
617
615
600
571
515
465
474
412
406
323
296
226
162
61
-83
-166
-282
-394
-521
-563
-632
-674
-685
-627
-633
-600
-537
-440
-437
-408
-307
-266
-236
-193
-50
-27
52
181
326
356
440
594
659
651
682
766
725
650
660
634
538
436
435
365
216
148
88
7
-165
-227
-324
-436
-559
-616
-675
-775
-783
-788
-757
-771
-691
-619
-539
-453
-346
-249
-169
-66
21
97
155
231
305
375
451
516
583
672
753
796
816
852
850
798
738
656
545
389
271
133
-35
-191
-304
-410
-527
-602
-670
-707
-745
-740
-763
-769
-758
-712
-716
-691
-639
-573
-536
-447
-332
-244
-133
6
188
258
408
530
666
690
768
839
846
840
829
852
786
748
723
686
570
506
413
312
129
16
-138
-317
-474
-624
-712
-898
-944
-980
-970
-1023
-964
-832
-771
-713
-584
-425
-376
-318
-191
-73
-85
-13
116
205
229
362
533
618
717
864
997
1010
1058
1090
1063
935
870
753
598
422
313
175
-5
-97
-202
-325
-474
-540
-642
-777
-889
-939
-1011
-1096
-1080
-1029
-1006
-930
-763
-614
-505
-337
-156
-35
40
177
264
284
347
433
518
523
646
770
856
917
1014
1089
1065
1032
986
880
691
518
372
167
-43
-208
-307
-436
-570
-616
-668
-736
-830
-849
-901
-976
-1025
-1007
-989
-977
-894
-738
-601
-467
-273
-76
65
191
337
418
471
512
599
616
643
707
797
855
902
989
1029
1028
994
954
833
660
489
331
102
-102
-275
-406
-558
-660
-712
-771
-827
-856
-842
-881
-922
-919
-890
-892
-861
-778
-670
-579
-427
-264
-96
33
183
346
426
514
576
668
690
735
788
851
874
915
953
957
926
884
819
688
540
382
230
18
-156
-317
-443
-594
-688
-749
-821
-881
-897
-888
-923
-946
-911
-849
-845
-793
-700
-579
-508
-377
-215
-96
8
165
311
398
486
595
700
740
811
875
924
923
962
983
940
884
829
760
608
465
340
172
1
-161
-288
-427
-561
-638
-719
-774
-834
-849
-859
-876
-855
-835
-786
-747
-664
-592
-499
-407
-288
-179
-77
29
129
236
317
414
489
586
653
748
817
866
901
918
932
873
804
706
608
467
321
181
34
-99
-227
-306
-415
-506
-555
-614
-654
-700
-720
-759
-752
-743
-724
-716
-647
-567
-512
-415
-315
-198
-140
-15
83
163
218
322
407
445
507
595
649
672
724
777
771
740
737
678
594
471
404
268
118
-6
-116
-222
-360
-409
-486
-532
-586
-583
-593
-622
-595
-574
-550
-531
-484
-455
-405
-345
-289
-248
-178
-109
-38
24
110
184
256
348
448
515
561
634
685
687
673
668
603
530
460
380
272
148
78
-3
-91
-185
-224
-279
-340
-393
-420
-448
-501
-511
-511
-511
-514
-477
-436
-395
-354
-277
-230
-183
-137
-87
-41
-14
42
91
141
200
291
358
431
505
578
623
646
652
614
561
484
401
272
159
60
-35
-128
-203
-240
-275
-320
-322
-314
-335
-362
-354
-336
-371
-369
-347
-331
-329
-287
-231
-216
-187
-125
-72
-62
-27
25
52
78
139
206
242
303
391
459
491
520
557
542
494
444
370
255
148
51
-51
-156
-227
-269
-318
-335
-340
-325
-321
-307
-281
-274
-267
-253
-245
-238
-235
-202
-180
-154
-131
-89
-66
-37
-8
3
34
41
91
107
162
200
262
335
379
438
462
488
467
432
367
282
184
71
-30
-123
-215
-276
-308
-320
-322
-304
-264
-232
-201
-174
-144
-136
-135
-124
-119
-128
-131
-110
-102
-104
-63
-45
-31
-17
16
46
45
69
120
143
153
214
271
300
302
358
386
350
314
285
233
113
43
-30
-112
-216
-259
-262
-293
-301
-262
-214
-186
-147
-84
-52
-64
-33
-15
-32
-68
-56
-66
-94
-104
-90
-83
-107
-79
-43
-37
-28
14
66
81
110
179
217
239
255
298
286
262
230
204
134
62
3
-61
-121
-178
-184
-202
-206
-185
-149
-124
-86
-50
-20
-11
7
9
9
-22
-30
-40
-66
-69
-85
-83
-101
-79
-72
-69
-57
-24
4
19
59
97
129
148
196
222
229
225
225
211
164
117
75
22
-43
-88
-113
-148
-171
-162
-139
-125
-98
-54
-23
-5
13
27
24
7
-1
-28
-57
-77
-101
-113
-131
-126
-122
-110
-101
-71
-41
-20
20
63
100
130
169
195
208
219
219
205
171
146
106
54
4
-25
-53
-101
-99
-94
-92
-99
-60
-36
-24
-14
5
20
-6
-7
-21
-34
-75
-95
-103
-138
-151
-164
-166
-160
-158
-134
-112
-87
-49
-5
35
69
125
156
192
214
231
225
216
201
165
125
88
46
5
-17
-35
-57
-56
-25
-23
-6
15
45
42
47
55
37
7
-19
-35
-80
-119
-146
-156
-194
-208
-205
-201
-203
-180
-147
-124
-87
-41
16
45
97
139
189
196
220
226
221
194
169
149
84
62
27
3
-27
-33
-26
-16
-5
22
41
61
74
82
78
54
32
1
-38
-89
-127
-164
-197
-231
-249
-256
-254
-242
-217
-185
-151
-104
-55
-3
38
84
124
160
177
176
193
179
159
142
123
94
57
52
34
20
12
24
42
42
56
77
96
96
99
107
93
62
36
10
-37
-94
-132
-165
-205
-248
-260
-258
-264
-252
-206
-172
-138
-85
-27
24
59
105
138
161
160
166
160
126
108
87
60
23
18
10
3
6
29
54
74
97
128
151
145
156
157
128
88
56
19
-47
-106
-146
-189
-232
-257
-259
-270
-253
-223
-186
-141
-107
-49
-5
32
56
83
96
99
102
100
87
65
73
58
39
30
30
28
13
24
35
40
55
83
108
121
136
153
164
143
117
88
48
-11
-69
-127
-177
-224
-256
-262
-260
-250
-206
-152
-102
-47
15
63
98
130
137
137
117
101
69
41
10
-13
-26
-34
-37
-33
-8
3
31
49
74
91
113
116
131
128
121
117
97
74
34
5
-45
-79
-134
-169
-199
-219
-233
-216
-203
-170
-116
-71
-15
25
78
103
123
127
121
99
67
42
7
-31
-58
-63
-76
-73
-54
-41
-14
26
50
84
103
130
150
149
151
138
122
92
64
35
-17
-58
-86
-119
-153
-165
-161
-167
-144
-113
-73
-46
-1
50
75
97
118
124
101
87
69
36
-3
-30
-46
-72
-83
-70
-67
-55
-29
-1
23
43
73
85
95
103
110
95
78
69
49
13
-22
-41
-77
-112
-138
-145
-160
-170
-147
-124
-95
-67
-12
33
64
96
128
135
122
122
101
62
26
-2
-31
-54
-73
-69
-63
-53
-28
1
20
42
67
85
90
89
91
77
62
45
25
-5
-21
-46
-72
-91
-107
-116
-132
-126
-115
-110
-89
-55
-26
1
37
74
94
108
117
121
111
83
69
37
4
-23
-41
-59
-75
-74
-57
-41
-36
-3
22
37
48
66
67
56
47
37
13
-15
-33
-52
-73
-95
-100
-106
-107
-112
-90
-75
-63
-32
-1
27
54
83
111
130
133
146
139
125
108
84
57
31
12
-13
-32
-33
-34
-34
-24
-7
3
16
27
33
36
26
17
6
-18
-41
-63
-86
-109
-127
-135
-145
-146
-139
-122
-106
-83
-52
-25
4
33
65
80
101
115
122
125
113
108
96
79
55
43
27
7
2
-5
-3
2
2
18
31
31
37
34
36
20
-1
-14
-43
-68
-93
-110
-129
-142
-148
-138
-133
-125
-101
-82
-56
-36
-1
19
36
68
84
98
108
121
120
125
114
111
99
82
76
59
48
36
33
27
28
27
34
37
41
45
38
33
17
0
-25
-56
-80
-115
-141
-155
-176
-179
-180
-164
-145
-125
-92
-60
-36
-6
16
34
53
53
68
73
71
78
80
86
85
84
93
94
88
78
81
73
55
53
46
37
22
30
23
13
4
6
-5
-27
-38
-60
-85
-113
-125
-149
-162
-170
-162
-153
-143
-119
-82
-57
-33
3
25
41
49
71
73
62
72
80
68
70
81
84
82
93
101
101
96
99
98
88
73
72
62
44
31
26
11
-10
-17
-31
-46
-72
-80
-97
-115
-126
-132
-136
-140
-131
-121
-105
-90
-67
-49
-25
-13
5
15
23
24
32
37
38
45
50
60
70
79
91
101
105
109
113
109
94
86
77
65
43
35
21
6
-10
-22
-32
-51
-65
-76
-86
-111
-117
-123
-129
-131
-123
-114
-110
-89
-72
-54
-42
-22
-4
5
9
21
25
26
35
43
54
58
79
92
109
125
139
149
149
150
139
130
102
87
66
35
14
1
-28
-47
-46
-62
-71
-78
-84
-95
-100
-111
-112
-115
-123
-120
-112
-107
-103
-82
-70
-55
-41
-24
-8
0
9
29
40
44
58
75
85
92
111
122
129
131
142
139
124
113
104
84
56
39
19
-9
-32
-43
-62
-76
-86
-86
-94
-98
-101
-98
-100
-99
-95
-93
-92
-90
-79
-80
-70
-59
-48
-36
-22
-7
6
29
43
59
76
93
101
115
121
126
132
128
124
118
103
95
82
66
47
29
14
-3
-19
-36
-53
-62
-68
-80
-83
-88
-92
-91
-88
-82
-83
-82
-73
-68
-66
-61
-59
-50
-47
-38
-28
-17
-8
10
26
45
59
72
91
98
108
113
115
115
108
99
96
81
66
58
38
28
10
-5
-16
-33
-40
-50
-56
-64
-69
-68
-68
-68
-67
-65
-66
-62
-65
-61
-66
-63
-57
-57
-51
-51
-39
-26
-15
-4
12
26
37
51
61
72
72
80
89
84
78
75
71
59
54
46
31
19
5
-3
-17
-27
-35
-39
-42
-43
-44
-42
-39
-39
-33
-32
-33
-36
-35
-40
-43
-44
-42
-38
-43
-29
-20
-14
-4
13
24
29
44
56
55
58
60
63
61
56
56
53
48
41
42
32
23
22
14
6
0
-10
-16
-19
-29
-28
-29
-32
-28
-29
-31
-30
-32
-31
-36
-38
-38
-50
-49
-50
-52
-49
-44
-37
-30
-22
-9
-4
6
14
21
31
28
29
31
26
22
23
22
11
12
15
11
11
14
17
20
19
25
25
14
14
9
7
2
-7
-12
-14
-19
-19
-17
-18
-16
-15
-9
-11
-15
-14
-10
-12
-12
-7
-9
-5
0
7
9
13
23
25
21
21
19
13
12
7
8
0
-2
4
8
10
12
26
27
28
31
28
21
14
7
-1
-14
-31
-28
-37
-44
-35
-30
-29
-26
-16
-13
-12
-11
-11
-15
-17
-22
-23
-27
-31
-27
-20
-19
-20
-11
-11
-6
-4
-1
1
0
3
9
11
12
21
29
35
37
41
43
38
35
30
21
13
8
-4
-5
-12
-14
-10
-7
-4
-3
4
9
5
5
7
-2
-9
-15
-19
-22
-32
-29
-26
-30
-19
-16
-11
-8
-1
6
6
10
11
16
20
24
28
34
33
43
42
42
41
34
32
19
14
4
-5
-14
-15
-20
-24
-21
-15
-19
-15
-9
-15
-11
-14
-21
-23
-31
-39
-39
-43
-48
-47
-39
-39
-33
-23
-19
-8
-3
4
13
16
16
25
29
30
34
42
38
37
42
39
33
30
28
18
10
6
-3
-9
-11
-14
-11
-14
-11
-10
-10
-12
-9
-10
-18
-14
-20
-29
-29
-31
-33
-33
-27
-22
-20
-16
-7
-3
0
7
14
21
22
28
32
34
37
46
48
44
42
39
31
26
22
7
1
-2
-10
-13
-12
-18
-15
-7
-4
-2
-4
-6
-5
-12
-17
-19
-31
-39
-36
-38