SAMPLES:	7823
BITSPERSAMPLE:	16
CHANNELS:	1
SAMPLERATE:	16000
NORMALIZED:	FALSE
-9
-7
0
-6
1
-1
-3
3
1
3
0
2
3
2
-2
2
3
-6
1
-1
-6
-1
-5
-1
3
4
7
7
2
-2
0
1
0
-3
2
-1
-2
-1
2
-3
-5
6
-2
-1
0
0
2
-2
-5
1
0
-2
-1
4
4
-2
-1
1
-1
-4
0
-2
-2
-1
0
-1
5
0
-1
-1
-5
-3
-3
6
-4
3
8
-7
-4
2
6
7
5
5
5
-1
-1
-1
-2
2
7
0
-4
-4
2
-2
-3
0
-2
-1
4
3
3
5
4
6
2
2
4
2
4
7
2
1
4
2
4
0
-2
2
-3
0
0
-1
0
1
2
-1
4
2
1
1
2
5
4
2
6
5
5
5
-3
4
1
2
2
0
-2
-6
5
-2
0
3
-1
4
0
-2
-6
-4
-1
0
-3
-4
-3
-4
1
-2
-3
-5
1
1
-3
-4
-3
2
-4
-3
-5
-3
-8
-10
-2
-3
-8
-7
-5
-1
2
-2
-6
-3
-1
-4
-4
-7
-2
-6
-3
-5
-4
-3
-6
-3
-1
1
2
2
-4
1
6
-2
-3
3
2
2
1
-2
2
6
5
0
5
6
1
-2
-4
-1
5
0
1
5
7
6
3
5
7
8
2
0
5
2
1
4
6
3
3
5
4
0
-4
0
3
1
5
3
3
-1
-3
0
0
0
-4
-3
3
-4
0
0
-3
3
-2
2
-3
-3
1
0
-3
1
4
1
3
1
2
5
-4
2
3
-3
3
2
-3
2
-2
-4
3
3
3
5
3
4
0
-2
0
0
2
6
2
0
7
7
6
6
1
-2
0
1
-1
-3
-4
4
0
-1
-3
-8
1
-1
-1
-2
-2
-8
-1
-2
-1
0
-3
0
-4
-4
-6
-3
-3
-2
-5
-3
-4
-5
-5
-3
-1
-4
-1
-5
2
-4
-5
-1
1
2
0
-5
-6
3
-2
2
0
-2
6
3
1
0
1
-3
-4
-1
1
0
2
3
1
3
2
2
0
1
0
1
5
-2
4
9
4
7
4
-3
1
-3
-5
-2
0
-3
-5
2
1
-1
0
-1
1
-2
3
4
-2
6
3
5
2
-1
-4
-2
3
-4
-2
0
-1
2
-3
4
0
-3
1
0
2
4
10
1
-3
4
0
-4
-1
2
-6
-1
9
6
8
6
1
3
9
5
5
9
9
12
6
11
7
1
12
8
4
-1
1
2
-5
-9
-12
-17
-13
-18
-18
-14
-18
-16
-23
-24
-20
-25
-25
-19
-13
-11
-13
-12
-8
5
16
11
11
21
26
29
17
22
26
21
28
25
23
22
15
11
12
10
17
10
-6
-9
-26
-34
-33
-33
-29
-44
-48
-47
-44
-39
-44
-42
-43
-36
-28
-28
-20
-25
-24
-5
-2
11
13
16
19
12
26
32
41
34
29
35
32
40
35
29
29
23
15
15
7
7
9
-1
1
-11
-30
-27
-34
-32
-38
-39
-26
-25
-27
-27
-27
-11
-13
0
9
9
18
1
19
20
13
24
18
28
13
18
34
44
33
20
23
38
28
10
19
24
31
7
17
21
19
15
11
30
40
33
15
22
2
-7
-22
-18
1
-6
-7
-21
-7
-3
-12
-22
-30
-16
-7
-3
-13
2
-13
7
-13
-2
18
3
4
-29
10
-52
-100
-145
-89
0
33
49
45
77
23
-70
-182
-206
-215
-175
-120
-48
-53
-131
-149
-152
-91
-128
-54
18
138
123
42
-28
-87
-101
-122
-146
-101
-103
29
89
133
53
61
131
211
174
91
163
240
333
275
301
295
301
237
238
272
262
233
248
320
289
186
127
184
161
15
-111
-146
-102
-219
-311
-328
-272
-289
-355
-407
-362
-394
-445
-445
-372
-286
-301
-229
-166
-73
-75
-48
46
135
187
251
354
461
513
528
570
597
568
522
448
432
395
374
388
306
289
151
133
12
-128
-232
-350
-415
-530
-620
-624
-703
-785
-876
-992
-894
-1013
-907
-985
-915
-843
-775
-537
-481
-314
-309
-137
-45
62
176
254
415
439
608
751
866
1071
1027
1237
1133
1215
1292
1206
1285
844
737
693
583
708
218
360
156
145
73
-230
-192
-563
-676
-843
-829
-865
-972
-1117
-1028
-1056
-1046
-1061
-1013
-885
-901
-926
-684
-645
-358
-404
-217
10
8
237
183
426
452
496
609
764
824
893
809
896
892
834
935
902
961
1057
1052
1220
897
481
503
110
489
-241
-166
-260
-233
173
-329
22
-436
-525
-733
-900
-759
-1052
-1158
-1147
-1022
-847
-891
-793
-738
-655
-927
-694
-672
-260
-386
-511
-209
-84
409
288
350
500
296
525
347
568
642
489
649
659
868
897
676
837
738
809
755
754
1119
892
810
282
514
299
465
-171
-15
-199
25
-23
-196
18
-328
-309
-613
-602
-704
-1065
-1167
-1187
-1012
-990
-1110
-914
-869
-681
-971
-724
-954
-572
-1014
-577
-604
-264
-196
-211
299
122
434
104
380
401
405
510
491
728
755
842
1080
1122
1254
1429
1493
1720
993
936
741
740
813
-100
463
-44
642
185
129
173
-335
-286
-724
-566
-862
-1353
-1408
-1431
-1059
-1329
-1210
-1265
-894
-1018
-1025
-845
-996
-675
-1275
-475
-688
-52
-247
73
548
423
775
427
971
768
853
844
875
1160
1006
1301
1406
1506
1580
1670
1837
1769
872
978
414
805
11
-312
-86
-357
238
-567
-95
-446
-598
-826
-1084
-935
-1461
-1854
-1761
-1632
-1331
-1744
-1494
-1374
-947
-1155
-910
-961
-676
-968
-907
-485
-460
-58
-429
428
452
800
685
690
1100
743
1047
743
1112
1038
1083
1431
1498
1759
1734
1962
2097
1506
1004
860
568
741
-449
96
-427
276
-117
-197
-20
-431
-484
-927
-934
-1171
-1907
-1975
-1979
-1628
-1700
-1787
-1426
-1160
-871
-965
-757
-880
-591
-1098
-448
-712
-136
-399
101
568
659
1006
748
1210
1017
1159
1037
924
1152
988
1490
1485
1772
1954
2053
2597
1970
1544
1233
807
1045
-323
-9
-562
-85
-18
-455
134
-485
-130
-832
-754
-1084
-1787
-2182
-2284
-2064
-2040
-2235
-1857
-1546
-1063
-1040
-862
-908
-642
-872
-628
-672
-462
-440
-289
258
352
688
655
1051
1098
1287
1238
1076
1071
1070
1281
1363
1443
1670
2060
2298
2652
1607
1970
1115
1469
520
-227
76
-829
215
-963
-137
-608
-521
-490
-997
-592
-1582
-1927
-2261
-2287
-2124
-2813
-2395
-2318
-1562
-1538
-1063
-991
-502
-601
-447
-307
-416
-164
-603
212
23
456
333
679
1243
1083
1644
1177
1678
1363
1516
1550
1353
1581
1357
2083
2149
2501
1493
1860
1290
1653
622
50
67
-608
-5
-1174
-412
-938
-753
-852
-1083
-475
-1468
-1443
-1996
-1731
-1996
-2582
-2284
-2239
-1521
-1679
-1152
-939
-253
-321
-15
-1
169
5
-167
200
22
253
-93
487
668
973
1236
1117
1652
1353
1782
1431
1543
1331
1240
1766
1620
2060
802
1717
907
1800
512
350
230
-276
285
-1159
-331
-1336
-810
-1278
-1117
-752
-1523
-1302
-1759
-1229
-1730
-2148
-2070
-2038
-1544
-1913
-1396
-1334
-467
-577
-88
-78
289
208
176
352
95
126
-214
281
311
592
816
893
1535
1411
2035
1631
1969
1631
1755
2005
1756
1990
672
1689
795
1689
387
514
505
156
566
-740
-37
-1033
-637
-1325
-1182
-1095
-1781
-1660
-1899
-1305
-1854
-1985
-1952
-1616
-1550
-1819
-1519
-1395
-715
-1042
-525
-447
48
28
-37
434
166
379
-42
435
357
434
636
625
1283
1160
1838
1516
2172
1761
2251
2182
2317
2318
1016
2032
646
1850
-39
599
167
134
420
-836
78
-1002
-324
-1295
-1023
-1144
-1792
-1736
-2053
-1565
-2175
-2250
-2063
-1691
-1552
-1716
-1335
-1159
-522
-889
-286
-355
242
-111
-20
279
126
414
-54
652
343
765
830
957
1441
1279
1913
1552
2203
1793
2232
2085
2305
2239
1159
1920
761
1740
76
561
87
77
160
-811
-218
-1020
-582
-1472
-1160
-1357
-1811
-1956
-2119
-1668
-2189
-2191
-2085
-1672
-1641
-1700
-1438
-1157
-743
-867
-496
-394
121
-230
77
67
365
166
78
434
292
657
587
844
1167
1273
1795
1614
2244
1939
2511
2087
2703
2092
1575
1735
890
1702
-180
839
-285
461
-132
-470
-194
-807
-404
-1332
-975
-1394
-1814
-2029
-2113
-1811
-2360
-2306
-2075
-1685
-1711
-1619
-1330
-971
-713
-695
-402
-274
-34
-246
11
31
186
-30
109
485
414
784
730
1191
1288
1504
1834
1785
2213
1976
2520
2149
2901
1813
2017
1435
1502
1299
109
872
-252
669
-565
-146
-477
-610
-695
-1316
-987
-1484
-1846
-2033
-2066
-1876
-2462
-2293
-2067
-1897
-1874
-1813
-1322
-1077
-879
-693
-471
-68
-114
17
-11
209
121
-21
230
264
447
564
771
1143
1207
1745
1804
2095
2176
2291
2573
2342
2774
1577
2110
1126
1721
624
463
452
8
368
-498
-38
-596
-556
-928
-1171
-1122
-1651
-2014
-2122
-2128
-2094
-2647
-2230
-2130
-1937
-1879
-1688
-1194
-1177
-757
-671
-272
-151
-85
56
67
322
-91
84
74
391
328
590
806
1141
1354
1849
1891
2131
2151
2496
2517
2503
2427
1611
1989
1166
1622
290
636
285
235
189
-300
-3
-595
-520
-885
-1037
-1187
-1802
-1988
-2081
-2082
-2233
-2685
-2093
-2193
-1890
-1922
-1529
-1260
-1183
-703
-565
-208
-256
38
12
233
121
6
31
161
357
279
600
678
1138
1387
1931
1928
2162
2291
2746
2511
2680
2099
1920
1704
1321
1311
220
700
24
405
-100
-32
-164
-502
-433
-762
-912
-1305
-1828
-1833
-2136
-2079
-2502
-2621
-2177
-2247
-1848
-1907
-1408
-1271
-1003
-492
-380
-193
-206
96
130
204
95
1
2
160
309
347
556
734
1189
1540
1912
1899
2127
2230
2714
2361
2632
1975
1826
1643
1196
1303
113
644
-41
293
-154
-256
-268
-627
-477
-739
-902
-1126
-1691
-1557
-1957
-1948
-2460
-2613
-2177
-2330
-1969
-2114
-1582
-1355
-1049
-492
-389
-100
-125
138
169
196
24
-155
-221
80
120
250
379
703
1198
1473
1927
1879
2218
2240
2679
2431
2661
2023
1845
1691
1425
1347
323
681
180
411
-48
-160
-261
-591
-449
-685
-736
-1094
-1552
-1482
-1736
-1690
-2302
-2428
-2164
-2264
-2020
-2200
-1664
-1601
-1202
-765
-473
-204
-171
89
150
270
61
-146
-228
51
78
137
230
606
1093
1409
1874
1838
2255
2235
2666
2504
2674
2299
1713
1873
1447
1644
441
582
291
299
73
-401
-409
-748
-705
-808
-960
-1047
-1550
-1597
-1531
-1586
-1938
-2531
-2095
-2164
-2001
-2167
-1995
-1619
-1462
-846
-629
-330
-98
-49
359
354
385
2
-147
262
114
231
76
536
911
1233
1729
1775
2245
2305
2789
2712
2951
2415
2017
1909
1670
1509
356
458
42
161
-257
-458
-561
-755
-666
-692
-820
-992
-1464
-1475
-1514
-1580
-2105
-2499
-2190
-2224
-2165
-2292
-1985
-1691
-1436
-841
-579
-225
-83
148
447
449
460
-26
95
200
232
41
66
494
786
1213
1539
1853
2159
2448
2851
2867
3031
2384
2177
1836
1744
1209
225
264
-143
44
-509
-517
-606
-694
-483
-596
-641
-925
-1334
-1328
-1585
-1674
-2355
-2569
-2360
-2389
-2325
-2425
-1955
-1652
-1313
-748
-522
-105
-4
339
488
389
347
-44
190
122
135
-27
141
633
940
1302
1744
1978
2457
2731
3112
3118
2675
2648
2003
2065
1224
822
239
-63
14
-485
-323
-613
-536
-435
-452
-269
-911
-961
-1210
-1491
-1791
-2538
-2357
-2845
-2541
-2710
-2558
-2149
-2026
-1233
-1051
-350
-244
36
523
528
575
136
268
259
84
85
-52
212
344
820
1266
1608
1958
2324
2854
3125
3161
2717
2695
2343
2042
1228
756
493
-31
-141
-543
-310
-607
-512
-401
-384
-298
-838
-821
-1056
-1295
-1796
-2549
-2337
-2753
-2652
-2969
-2657
-2294
-2182
-1409
-1129
-420
-347
97
614
673
745
277
457
420
263
79
-30
244
303
657
1087
1548
1777
2306
2764
3267
2900
2926
2688
2599
2075
1055
904
169
218
-587
-600
-621
-762
-553
-596
-255
-473
-898
-674
-1037
-1003
-2110
-2292
-2527
-2643
-2738
-3158
-2540
-2547
-1909
-1652
-955
-465
-254
260
660
913
747
487
648
469
341
0
98
239
394
632
1056
1414
1866
2319
2850
3165
2792
2972
2566
2712
1729
1140
687
207
93
-669
-519
-786
-679
-520
-470
-143
-644
-614
-777
-885
-1238
-2134
-2155
-2615
-2511
-2958
-2989
-2589
-2518
-1785
-1654
-772
-584
-110
481
619
964
542
821
681
496
340
14
229
235
426
749
979
1409
1846
2366
2962
2705
2860
2790
2844
2463
1498
1389
552
451
-281
-474
-495
-936
-481
-625
-133
-323
-686
-312
-781
-613
-1755
-1881
-2118
-2568
-2611
-3295
-2641
-2936
-2292
-1982
-1484
-864
-723
100
356
740
576
525
766
638
445
58
138
191
263
499
794
1100
1414
1952
2505
2749
2558
2751
2663
2820
1957
1538
1115
755
342
-333
-292
-578
-665
-596
-408
-176
-588
-534
-456
-549
-964
-1795
-1770
-2184
-2333
-2915
-2968
-2713
-2658
-2229
-1898
-1249
-921
-515
185
429
671
478
693
789
502
449
95
323
243
378
700
834
1282
1577
2090
2540
2267
2672
2424
2778
2059
1669
1446
879
783
-84
-13
-410
-527
-432
-534
-218
-558
-566
-423
-641
-667
-1572
-1482
-1914
-2075
-2484
-2795
-2548
-2730
-2201
-2070
-1498
-1224
-749
-108
233
489
455
643
800
711
480
341
349
428
387
652
835
1046
1526
1818
2484
2086
2436
2332
2546
2251
1463
1459
829
865
131
-82
-221
-584
-405
-521
-263
-496
-794
-367
-698
-548
-1507
-1457
-1671
-1995
-2143
-2719
-2275
-2665
-2200
-2054
-1572
-1242
-1078
-269
80
398
344
521
895
735
636
490
500
614
411
774
848
1077
1368
1655
2371
1977
2303
2094
2444
2103
1474
1419
851
851
130
-8
-171
-520
-442
-619
-333
-564
-839
-542
-791
-607
-1512
-1397
-1622
-1810
-2022
-2505
-2057
-2419
-1948
-2019
-1485
-1265
-991
-365
-87
308
195
508
785
748
661
502
695
720
646
873
845
1169
1271
1707
2045
1835
2116
1936
2306
1767
1428
1218
928
778
148
71
-158
-359
-370
-470
-320
-677
-725
-571
-751
-835
-1550
-1346
-1613
-1691
-2021
-2202
-1905
-2135
-1742
-1686
-1213
-1149
-867
-299
-31
135
130
392
671
535
547
483
712
745
720
998
1041
1347
1295
1781
1916
1759
1855
1689
2084
1327
1236
856
807
582
73
113
-179
-137
-290
-352
-228
-652
-600
-805
-748
-1046
-1624
-1422
-1757
-1597
-2132
-1964
-1835
-1836
-1472
-1521
-958
-961
-519
-226
-86
206
71
456
464
487
444
364
717
652
835
971
1101
1471
1431
1994
1698
1821
1760
1714
1788
1009
1219
558
733
250
101
51
-273
-40
-298
-142
-339
-667
-496
-814
-769
-1482
-1577
-1521
-1862
-1808
-2279
-1732
-1993
-1585
-1491
-1156
-922
-827
-283
-152
152
53
273
505
592
502
475
670
846
802
992
1092
1435
1416
1829
1779
1769
1802
1674
1838
1125
1226
660
752
310
130
-19
-228
-108
-262
-209
-296
-563
-515
-722
-774
-1294
-1651
-1563
-1907
-1898
-2368
-1994
-2034
-1763
-1482
-1338
-856
-787
-121
-82
232
247
354
588
584
657
509
713
869
949
1133
1200
1505
1603
1932
2006
1734
1956
1680
1892
1070
1066
649
493
246
-145
-130
-477
-337
-379
-381
-323
-685
-546
-714
-742
-1261
-1677
-1599
-1934
-2024
-2475
-2159
-2198
-1942
-1620
-1337
-859
-706
-48
152
474
547
602
868
781
824
590
789
922
892
1131
1145
1578
1548
1955
1997
1770
1928
1619
1855
945
921
423
328
40
-382
-384
-693
-529
-563
-605
-482
-840
-574
-767
-724
-1180
-1633
-1419
-1850
-1803
-2396
-2103
-2128
-1959
-1554
-1440
-870
-697
32
323
587
770
855
1164
1128
1101
899
931
1085
1012
1158
1117
1436
1524
1864
1894
1721
1859
1634
1761
943
957
333
225
-223
-487
-598
-1000
-778
-889
-727
-812
-951
-675
-833
-707
-1235
-1350
-1335
-1658
-1692
-2189
-1813
-2091
-1787
-1593
-1354
-978
-799
10
172
610
688
1017
1207
1229
1265
1092
1192
1175
1242
1261
1286
1465
1508
1902
1735
1793
1683
1764
1608
973
1010
405
361
-299
-372
-599
-1004
-816
-1042
-794
-1112
-1120
-889
-1019
-929
-1527
-1379
-1478
-1624
-1864
-2107
-1850
-2031
-1781
-1582
-1246
-1038
-723
-126
220
456
713
989
1257
1252
1298
1254
1363
1351
1421
1363
1600
1639
1876
1938
1836
1943
1696
1975
1283
1211
704
556
185
-346
-362
-900
-877
-1036
-974
-1031
-1370
-1090
-1138
-1065
-1345
-1621
-1391
-1748
-1644
-2170
-2006
-2041
-2058
-1717
-1695
-1174
-1156
-478
-74
284
506
785
1205
1310
1409
1397
1475
1525
1606
1642
1609
1783
1866
2145
1998
2025
2011
1912
1872
1218
1228
653
546
-51
-377
-526
-1017
-991
-1266
-1138
-1437
-1567
-1319
-1437
-1404
-1838
-1718
-1680
-1866
-1920
-2213
-1985
-2055
-1874
-1674
-1524
-1129
-900
-275
66
361
710
999
1444
1461
1601
1662
1711
1867
1848
1864
1933
1900
2250
1982
2125
1909
1972
1897
1377
1362
729
742
78
-167
-457
-901
-936
-1350
-1195
-1494
-1661
-1526
-1690
-1491
-1967
-1802
-1852
-1930
-1924
-2243
-1875
-2087
-1740
-1697
-1468
-1094
-941
-309
-122
308
553
870
1280
1326
1578
1603
1840
1854
1952
1980
2080
2086
2241
2169
2056
2045
1859
1926
1325
1308
808
713
301
-98
-280
-739
-822
-1100
-1235
-1382
-1765
-1596
-1752
-1699
-1969
-2119
-1817
-2113
-1911
-2288
-1935
-1975
-1843
-1545
-1499
-1008
-965
-369
-101
210
475
704
1132
1262
1344
1469
1597
1847
1883
1907
2145
2099
2463
2195
2324
2122
2058
1996
1437
1428
848
772
275
7
-188
-640
-704
-963
-1042
-1225
-1611
-1435
-1741
-1679
-2095
-2178
-2038
-2316
-2153
-2534
-2138
-2234
-1967
-1736
-1563
-1143
-918
-354
-30
219
589
810
1175
1282
1336
1538
1531
1825
1743
1900
2035
2136
2456
2215
2431
2224
2285
2068
1627
1565
1039
925
320
135
-150
-558
-693
-934
-951
-1295
-1546
-1413
-1660
-1714
-2207
-2108
-2104
-2345
-2386
-2683
-2214
-2432
-2053
-2011
-1578
-1282
-1002
-365
-99
351
485
968
1237
1366
1405
1534
1667
1861
1752
1962
1996
2283
2297
2216
2387
2214
2379
1865
1831
1443
1215
813
409
186
-239
-498
-715
-843
-1024
-1403
-1514
-1491
-1669
-1911
-2318
-2105
-2358
-2360
-2695
-2601
-2486
-2494
-2110
-2064
-1510
-1377
-738
-312
97
475
722
1222
1398
1596
1624
1729
1892
1907
1947
2005
2039
2255
2135
2211
2116
2110
2021
1650
1605
1199
1078
561
363
48
-267
-546
-741
-881
-1120
-1417
-1459
-1546
-1752
-1974
-2232
-2076
-2393
-2349
-2647
-2411
-2444
-2289
-2019
-1811
-1347
-1121
-485
-152
265
599
951
1303
1453
1589
1732
1799
1996
1913
2072
2049
2230
2216
2077
2181
1932
2049
1468
1504
1102
958
567
215
187
-252
-333
-640
-596
-826
-1183
-1216
-1341
-1463
-1890
-2113
-2013
-2310
-2364
-2668
-2407
-2445
-2361
-2045
-1855
-1345
-1213
-518
-186
203
523
837
1290
1315
1467
1567
1699
1845
1792
1946
2025
2083
2296
2115
2264
1954
2031
1753
1431
1215
781
637
106
-18
-296
-549
-685
-816
-792
-1019
-1164
-1141
-1334
-1423
-1819
-1831
-2022
-2249
-2409
-2590
-2366
-2523
-2215
-2056
-1608
-1283
-870
-255
70
531
790
1239
1402
1494
1624
1653
1820
1759
1873
1941
2075
2232
2044
2207
2065
2144
1736
1491
1352
960
723
132
52
-319
-530
-720
-896
-877
-1215
-1197
-1239
-1287
-1540
-1853
-1669
-1857
-2064
-2419
-2348
-2229
-2355
-2205
-2032
-1670
-1383
-917
-341
-70
323
741
1251
1473
1458
1601
1751
1916
1886
1777
1934
1977
2176
2063
2025
2052
1897
1979
1506
1435
961
799
418
21
-187
-627
-710
-929
-978
-1171
-1450
-1313
-1386
-1477
-1784
-1860
-1736
-2046
-2123
-2377
-2188
-2295
-2171
-1935
-1735
-1392
-1108
-456
-91
327
626
1116
1472
1661
1730
1822
1993
2002
2006
1982
2104
2084
1951
1945
1936
1860
1572
1368
1303
1042
754
302
165
-117
-386
-667
-808
-903
-1264
-1365
-1399
-1454
-1795
-2017
-1871
-1900
-2137
-2379
-2245
-2102
-2173
-2019
-1773
-1416
-1202
-778
-260
50
370
684
1183
1368
1439
1547
1733
1893
1880
1867
1991
2059
2225
2007
2030
1899
1843
1706
1310
1196
745
631
200
20
-271
-578
-662
-812
-831
-1146
-1325
-1293
-1379
-1531
-1915
-1898
-1963
-2195
-2309
-2392
-2207
-2371
-2067
-1744
-1414
-1170
-813
-91
225
560
845
1302
1588
1620
1742
1855
1974
1898
1897
2055
2119
1987
1852
1979
1973
1686
1363
1315
1167
750
378
176
-19
-399
-641
-710
-824
-1074
-1287
-1253
-1277
-1533
-1834
-1854
-1766
-2055
-2329
-2344
-2153
-2232
-2223
-1871
-1551
-1307
-968
-337
59
314
698
1168
1501
1539
1662
1796
1952
1993
1864
1983
2018
2148
1927
1918
1917
1735
1594
1270
1231
764
517
192
-24
-276
-644
-781
-912
-910
-1179
-1424
-1319
-1347
-1526
-1874
-1767
-1806
-2164
-2272
-2250
-2105
-2388
-2080
-1722
-1427
-1247
-785
-103
258
608
1011
1495
1766
1835
1945
2107
2173
2035
1999
2154
2127
1839
1751
1901
1769
1415
1166
1276
970
615
278
124
-123
-509
-642
-859
-949
-1253
-1428
-1377
-1454
-1685
-2031
-1828
-1745
-2128
-2353
-2248
-1958
-2238
-2064
-1709
-1370
-1241
-821
-127
110
405
790
1397
1593
1640
1773
1973
2183
2035
2014
2095
2196
2062
1809
1941
1718
1511
1177
1213
939
481
326
58
-41
-516
-576
-755
-852
-947
-1262
-1242
-1372
-1372
-1754
-1856
-1742
-2038
-2236
-2385
-2073
-2269
-2260
-1899
-1540
-1280
-1037
-364
78
423
795
1271
1661
1748
1887
2012
2189
2104
1986
2087
2154
2009
1689
1853
1745
1510
1125
1198
1048
591
368
199
60
-426
-553
-634
-760
-958
-1235
-1216
-1312
-1428
-1729
-1815
-1762
-1993
-2189
-2207
-2077
-2217
-2170
-1813
-1506
-1368
-1018
-446
-65
236
651
1097
1374
1567
1799
1917
2090
2015
2089
2133
2262
2080
1831
1973
1827
1581
1092
1173
931
517
216
28
-101
-542
-604
-718
-823
-947
-1148
-1072
-1171
-1288
-1610
-1663
-1568
-1930
-2161
-2234
-2022
-2273
-2218
-1826
-1545
-1377
-980
-267
40
313
796
1299
1523
1610
1826
1985
2042
1968
1980
2074
2083
1871
1732
1924
1770
1410
1085
1204
932
427
202
32
-230
-691
-735
-843
-1084
-1259
-1350
-1207
-1327
-1485
-1692
-1609
-1496
-1820
-2049
-1960
-1825
-1968
-1952
-1538
-1330
-1190
-727
-134
203
339
884
1325
1565
1625
1765
2001
2094
2068
2024
2132
2205
1950
1828
1915
1737
1338
974
1064
656
203
-129
-234
-499
-885
-936
-1053
-1107
-1317
-1358
-1289
-1302
-1524
-1738
-1653
-1610
-1987
-2145
-2066
-1950
-2077
-1872
-1429
-1241
-917
-365
281
520
832
1312
1657
1822
1885
1959
2048
2021
2038
1959
2073
1973
1778
1848
1845
1677
1141
1117
996
566
101
-200
-340
-821
-1000
-1152
-1292
-1408
-1557
-1426
-1468
-1450
-1671
-1739
-1564
-1752
-1920
-2132
-1859
-1959
-1970
-1692
-1400
-1119
-819
-113
282
595
1010
1472
1790
1881
2045
2124
2187
2194
2106
2141
2094
2018
1769
1841
1765
1447
1050
951
812
303
-87
-338
-516
-897
-1082
-1186
-1296
-1419
-1508
-1383
-1383
-1534
-1754
-1738
-1655
-1970
-2171
-2208
-2035
-2137
-1991
-1595
-1361
-1022
-487
262
569
877
1375
1830
2021
2018
2110
2199
2178
2137
2045
2101
1999
1813
1825
1848
1713
1230
1086
1043
667
162
-233
-405
-766
-1095
-1244
-1419
-1508
-1656
-1564
-1456
-1499
-1627
-1740
-1521
-1627
-1929
-2082
-2004
-1954
-2081
-1774
-1484
-1254
-890
-218
371
596
1044
1583
1979
2071
2160
2275
2305
2258
2215
2176
2126
1930
1780
1827
1711
1391
964
981
793
302
-172
-396
-607
-1014
-1236
-1349
-1480
-1606
-1655
-1504
-1510
-1655
-1743
-1729
-1583
-1934
-2095
-2144
-1965
-2045
-1956
-1515
-1258
-892
-375
412
736
1030
1563
2058
2204
2181
2312
2403
2275
2216
2165
2190
1977
1839
1876
1845
1638
1150
1092
950
587
-9
-370
-578
-1047
-1392
-1598
-1691
-1921
-2023
-1831
-1745
-1807
-1926
-1806
-1643
-1728
-1967
-2052
-1962
-1896
-1948
-1701
-1390
-1068
-642
-4
628
901
1382
1885
2345
2449
2513
2618
2641
2590
2542
2432
2309
2032
1988
1923
1707
1312
907
921
564
184
-444
-631
-909
-1277
-1528
-1715
-1798
-2043
-1963
-1796
-1853
-2085
-2162
-1940
-1895
-2231
-2362
-2312
-2044
-2051
-1796
-1466
-1096
-560
69
753
1027
1433
1936
2384
2489
2478
2553
2594
2570
2589
2523
2386
2189
2243
2300
2020
1596
1243
1220
813
238
-348
-674
-1050
-1490
-1715
-1927
-2146
-2262
-2054
-1853
-1953
-2045
-1959
-1767
-1792
-2045
-2185
-2221
-2073
-2067
-1900
-1723
-1350
-820
-175
433
753
1243
1828
2315
2423
2477
2656
2683
2668
2682
2662
2463
2224
2379
2337
2070
1551
1373
1276
859
299
-242
-494
-917
-1308
-1558
-1742
-2008
-2172
-2004
-1825
-2008
-2143
-2066
-1845
-1984
-2181
-2255
-2254
-2156
-2061
-1786
-1639
-1294
-756
-79
439
755
1166
1694
2093
2225
2192
2329
2390
2418
2450
2448
2394
2158
2345
2375
2202
1705
1463
1433
994
406
-201
-470
-875
-1309
-1579
-1773
-1970
-2126
-1984
-1744
-1884
-1953
-1897
-1587
-1707
-1960
-2005
-1996
-1888
-1953
-1636
-1536
-1247
-829
-148
311
580
1007
1556
1943
2025
2112
2217
2275
2257
2386
2364
2267
2027
2216
2246
2022
1515
1326
1294
888
293
-246
-464
-912
-1259
-1473
-1577
-1901
-2026
-1817
-1635
-1866
-2034
-1914
-1673
-1809
-2062
-2099
-2037
-1877
-1792
-1458
-1302
-920
-441
273
665
878
1259
1728
2037
2002
2012
2045
2068
2072
2186
2200
2072
1954
2280
2315
2054
1521
1467
1362
837
115
-431
-690
-1244
-1629
-1849
-1951
-2239
-2257
-1910
-1676
-1881
-1950
-1678
-1408
-1651
-1886
-1919
-1821
-1776
-1681
-1436
-1274
-927
-355
325
660
920
1362
1936
2118
2135
2115
2230
2161
2178
2271
2170
1957
1888
2233
2139
1746
1310
1392
1240
661
-14
-371
-668
-1170
-1560
-1719
-1914
-2237
-2213
-1923
-1860
-2237
-2221
-1909
-1747
-2114
-2251
-2075
-1912
-1827
-1573
-1189
-957
-531
170
788
965
1203
1679
2128
2072
2034
2046
2140
2034
2109
2253
2142
1996
2084
2444
2190
1734
1420
1490
1066
386
-231
-558
-1044
-1513
-1740
-1900
-2152
-2332
-2052
-1856
-1870
-2104
-1920
-1726
-1755
-2042
-2143
-2060
-1981
-1881
-1592
-1279
-973
-472
265
847
1077
1451
1924
2308
2235
2226
2257
2198
2109
2147
2232
2026
1803
2051
2180
1959
1376
1337
1330
834
199
-313
-449
-1097
-1446
-1624
-1725
-2135
-2315
-1903
-1818
-2102
-2299
-1980
-1776
-2071
-2238
-2128
-1977
-1897
-1699
-1212
-1000
-610
-29
697
1056
1199
1634
2040
2200
2097
2080
2152
2067
2071
2177
2163
2033
1908
2218
2123
1779
1255
1171
1023
395
-262
-699
-893
-1385
-1709
-1772
-1840
-2130
-2106
-1749
-1631
-2043
-2122
-1832
-1717
-2093
-2338
-2083
-1922
-1796
-1569
-1072
-737
-310
406
1032
1295
1424
1909
2264
2232
2058
2092
2135
2041
2127
2219
2154
1880
2135
2311
2072
1388
1196
1174
659
-121
-689
-841
-1350
-1719
-1865
-1822
-2139
-2263
-1902
-1607
-1927
-2243
-2002
-1737
-2063
-2434
-2329
-2053
-1951
-1698
-1160
-762
-394
291
1156
1456
1576
1905
2435
2395
2182
2043
2137
2000
1982
2102
2136
1943
1907
2276
2204
1738
1141
1230
896
222
-632
-874
-1181
-1653
-1879
-1870
-1900
-2200
-1941
-1568
-1522
-1954
-1957
-1653
-1695
-2184
-2406
-2204
-1993
-1920
-1584
-1089
-652
-151
618
1270
1436
1651
2107
2403
2217
1965
2010
1974
1901
1959
2070
1988
1820
2196
2240
1959
1300
1276
1125
485
-279
-728
-863
-1445
-1649
-1670
-1613
-1915
-1835
-1357
-1296
-1720
-1870
-1572
-1603
-2132
-2342
-2229
-2137
-2104
-1734
-1212
-950
-405
380
1075
1222
1425
1930
2207
2054
1827
1868
1828
1656
1758
1910
1918
1699
1948
2243
1969
1432
1150
1217
625
-108
-654
-816
-1208
-1599
-1565
-1494
-1548
-1653
-1272
-1030
-1235
-1566
-1493
-1366
-1716
-2139
-2226
-2053
-2032
-1839
-1455
-1018
-673
-8
693
1052
1159
1526
1928
1901
1725
1686
1767
1614
1762
1918
2020
1713
1936
2205
2059
1426
1051
1134
594
-97
-731
-768
-1216
-1549
-1479
-1277
-1421
-1569
-1083
-777
-1099
-1477
-1332
-1228
-1663
-2036
-2019
-1984
-1980
-1736
-1163
-909
-571
79
877
1112
1118
1452
1796
1762
1447
1473
1507
1375
1424
1718
1941
1665
1763
2111
2092
1474
905
926
497
-202
-963
-1113
-1372
-1728
-1718
-1484
-1324
-1458
-1073
-613
-625
-1030
-1106
-890
-1130
-1647
-1853
-1753
-1714
-1661
-1230
-819
-503
13
759
1180
1175
1352
1687
1757
1456
1343
1361
1309
1329
1543
1739
1529
1629
1918
1969
1345
838
827
459
-234
-944
-1051
-1387
-1752
-1699
-1460
-1472
-1615
-1145
-672
-857
-1156
-1087
-820
-1173
-1535
-1571
-1509
-1513
-1385
-849
-590
-328
169
924
1195
1156
1271
1623
1587
1341
1242
1280
1222
1204
1534
1634
1489
1437
1820
1759
1165
633
595
272
-390
-1011
-1103
-1377
-1680
-1616
-1364
-1314
-1527
-1036
-676
-678
-1147
-1007
-782
-1001
-1384
-1453
-1245
-1305
-1143
-736
-368
-204
239
873
1169
1042
1195
1462
1515
1233
1228
1278
1238
1265
1491
1630
1317
1329
1485
1456
752
329
280
7
-582
-1037
-971
-1209
-1408
-1319
-1005
-1096
-1298
-921
-629
-826
-1274
-1127
-909
-1137
-1423
-1317
-1050
-1006
-798
-327
-17
134
490
1025
1146
969
1066
1253
1241
952
1056
1130
1171
1256
1527
1626
1311
1375
1414
1219
465
109
18
-386
-906
-1231
-1130
-1317
-1418
-1181
-927
-939
-1040
-648
-460
-725
-997
-928
-798
-1096
-1225
-1127
-937
-836
-555
-154
56
290
716
1064
1048
985
1131
1214
1042
957
1027
1028
1020
1212
1455
1324
1111
1183
1166
740
78
-92
-237
-658
-1083
-1198
-1098
-1338
-1277
-1008
-836
-940
-883
-444
-514
-782
-953
-745
-807
-1089
-1033
-893
-734
-628
-175
158
295
552
1033
1256
1113
1034
1224
1196
975
877
962
956
887
1153
1281
1133
836
990
899
358
-283
-353
-457
-909
-1268
-1225
-1115
-1363
-1220
-933
-744
-1003
-771
-397
-402
-807
-866
-587
-679
-930
-929
-625
-545
-388
-22
364
431
688
1130
1372
1175
1128
1315
1311
1066
964
1074
959
908
1034
1165
801
512
579
477
-101
-684
-618
-669
-1018
-1273
-1087
-946
-1158
-1032
-716
-630
-899
-762
-360
-482
-852
-871
-573
-637
-866
-713
-439
-327
-184
229
527
556
774
1157
1296
1106
1111
1303
1259
1063
1054
1144
1041
957
1077
1070
688
376
344
124
-454
-923
-884
-964
-1190
-1345
-1162
-1020
-1112
-900
-727
-577
-728
-536
-338
-433
-628
-718
-510
-628
-699
-693
-498
-310
-138
180
392
607
883
1171
1311
1260
1344
1455
1414
1270
1186
1184
1022
927
873
758
462
193
107
-141
-532
-884
-888
-912
-1090
-1235
-1136
-1036
-1088
-1054
-899
-759
-774
-621
-418
-356
-474
-470
-350
-378
-493
-518
-410
-302
-215
-21
180
418
684
975
1188
1297
1461
1578
1633
1539
1413
1276
1117
936
719
457
246
16
-150
-378
-594
-746
-838
-828
-922
-953
-1059
-1037
-1028
-1059
-1046
-961
-752
-633
-483
-341
-237
-193
-212
-167
-257
-356
-405
-340
-260
-244
-66
211
553
791
1066
1373
1586
1705
1765
1768
1568
1295
1088
842
491
124
-40
-166
-389
-571
-610
-611
-730
-724
-689
-727
-939
-980
-946
-1051
-1180
-1079
-779
-660
-535
-309
-46
-26
-45
9
-29
-236
-369
-296
-301
-374
-248
136
432
660
996
1410
1643
1707
1817
1812
1538
1165
934
661
225
-163
-254
-303
-484
-596
-500
-434
-538
-571
-521
-584
-858
-985
-979
-1080
-1227
-1144
-817
-600
-442
-169
134
212
171
175
90
-161
-396
-436
-483
-542
-445
-76
292
625
1023
1487
1790
1866
1949
1861
1570
1055
694
342
-95
-516
-616
-547
-585
-580
-397
-149
-171
-210
-200
-249
-590
-868
-990
-1112
-1316
-1336
-1034
-763
-534
-224
164
385
379
380
310
71
-245
-432
-514
-641
-602
-329
81
445
855
1371
1771
1920
1949
1882
1600
1068
589
162
-274
-692
-859
-769
-690
-563
-319
12
156
191
165
95
-217
-579
-884
-1125
-1386
-1523
-1356
-1107
-801
-479
-6
338
522
614
616
456
154
-99
-307
-524
-642
-538
-262
48
419
908
1337
1653
1777
1803
1633
1249
808
355
-84
-544
-795
-861
-803
-719
-488
-155
112
267
358
383
207
-75
-402
-673
-1039
-1304
-1382
-1269
-1125
-920
-544
-137
160
340
517
569
477
279
137
-58
-259
-387
-290
-146
20
291
653
980
1165
1279
1289
1170
928
659
330
0
-295
-445
-532
-532
-486
-302
-109
50
184
237
222
72
-82
-331
-590
-852
-985
-1023
-1001
-906
-720
-457
-207
18
187
304
365
363
277
179
63
-48
-103
-66
34
126
281
511
712
791
785
796
741
568
351
155
-11
-201
-306
-327
-317
-251
-159
46
139
212
211
200
128
-79
-248
-469
-609
-755
-796
-771
-738
-594
-426
-214
-70
58
220
282
324
253
238
152
46
3
-12
43
10
126
257
370
376
415
497
464
361
265
227
106
-32
-83
-68
-94
-113
-31
111
136
121
151
179
67
-75
-170
-254
-410
-540
-537
-554
-581
-551
-384
-267
-186
-56
116
209
211
260
275
202
117
90
76
-16
-60
4
54
47
69
185
230
211
200
251
216
118
100
101
43
-37
15
85
76
49
102
158
99
30
11
-28
-137
-237
-255
-334
-426
-444
-378
-331
-316
-187
-41
66
105
202
276
233
195
164
132
1
-86
-69
-81
-144
-144
-35
31
33
87
179
225
178
186
218
167
90
70
117
77
13
25
84
59
13
12
44
-12
-71
-76
-140
-216
-285
-251
-281
-291
-249
-143
-65
-38
55
138
159
159
182
180
84
22
11
-33
-108
-172
-114
-101
-114
-106
-4
51
56
106
171
189
149
182
220
202
136
140
143
93
38
28
39
-14
-48
-54
-73
-144
-171
-148
-173
-202
-190
-104
-88
-89
-33
51
61
59
106
132
83
28
37
12
-72
-137
-108
-137
-173
-190
-107
-83
-63
-3
84
125
120
194
233
227
169
201
180
108
45
45
32
-35
-41
-20
-34
-78
-68
-41
-68
-111
-82
-58
-81
-97
-61
-32
-40
-6
29
59
28
32
49
4
-43
-88
-79
-145
-201
-210
-179
-183
-171
-90
-10
34
77
158
225
234
226
256
238
175
112
108
78
13
-2
19
19
-13
-6
29
5
-20
-25
-9
-53
-91
-81
-83
-105
-109
-49
-36
-47
-32
13
1
-39
-49
-24
-101
-150
-168
-165
-191
-202
-126
-82
-23
14
124
177
204
235
281
271
215
179
148
84
17
12
10
-4
-24
34
41
39
37
66
59
0
-20
-40
-74
-136
-129
-108
-121
-129
-71
-22
-24
-27
11
12
-42
-102
-128
-164
-222
-237
-210
-167
-150
-80
24
105
146
224
308
317
273
236
211
122
37
-15
-18
-55
-67
-16
39
69
84
139
177
149
88
80
28
-54
-129
-151
-173
-206
-195
-151
-115
-109
-54
-4
-17
-58
-71
-78
-146
-198
-182
-177
-181
-163
-74
-9
31
115
208
265
242
249
252
190
102
37
22
-25
-43
-26
20
40
58
122
153
150
122
137
96
33
-31
-73
-117
-158
-158
-163
-161
-153
-107
-90
-105
-112
-117
-114
-138
-158
-148
-148
-113
-94
-43
12
61
130
187
243
230
226
205
175
115
37
10
-18
-12
-20
-6
40
72
109
133
158
153
140
123
88
36
-37
-84
-117
-157
-188
-216
-217
-195
-191
-191
-180
-149
-132
-116
-102
-62
-44
-17
24
50
68
86
127
147
159
148
151
125
96
84
42
20
4
25
31
27
46
69
94
75
99
113
114
95
82
84
35
-2
-41
-52
-109
-170
-186
-194
-226
-268
-256
-225
-221
-187
-134
-69
-28
26
90
116
153
155
187
160
138
115
91
54
7
0
-26
-33
-53
-13
11
12
22
61
84
61
79
105
125
93
98
113
90
42
5
1
-54
-128
-172
-185
-230
-284
-280
-251
-226
-196
-130
-44
0
61
136
174
175
163
175
140
91
52
29
-6
-41
-36
-28
-34
-31
6
35
26
25
43
55
42
42
62
92
100
119
147
157
137
114
98
38
-28
-108
-162
-231
-294
-315
-325
-296
-253
-172
-76
5
87
168
211
217
207
181
132
68
4
-45
-90
-110
-95
-79
-55
-27
25
60
65
67
60
58
29
19
25
42
50
83
132
151
163
160
160
115
50
-30
-103
-182
-266
-319
-337
-324
-282
-211
-91
4
92
183
243
261
228
204
132
64
-30
-98
-148
-180
-175
-149
-87
-47
11
67
98
91
98
85
59
26
10
10
2
23
57
106
114
124
142
128
76
9
-43
-121
-213
-264
-288
-295
-278
-213
-106
-17
74
151
234
245
229
206
147
74
-25
-78
-146
-180
-193
-162
-119
-70
0
52
98
115
118
109
85
56
36
12
-2
-2
11
34
53
59
77
72
53
11
-27
-73
-131
-169
-198
-197
-191
-150
-77
4
67
124
177
196
178
153
106
51
-27
-77
-122
-162
-172
-147
-95
-59
-6
47
100
110
114
121
107
68
45
28
6
-13
-4
9
17
24
40
59
35
15
1
-21
-79
-104
-118
-134
-141
-109
-53
-16
31
77
124
135
118
108
86
30
-36
-77
-112
-157
-170
-154
-115
-90
-40
20
69
97
120
148
144
127
97
79
50
18
0
-8
-19
-31
-12
-2
-7
-3
8
10
-15
-32
-36
-49
-65
-54
-30
-22
-9
18
52
64
38
40
42
9
-37
-67
-85
-124
-150
-150
-120
-109
-78
-23
33
61
86
134
157
139
119
117
85
47
2
-11
-37
-59
-52
-36
-21
-22
12
39
48
39
39
38
10
0
3
-13
-32
-30
-11
-7
-20
-17
-2
-2
-34
-44
-62
-92
-118
-133
-128
-125
-99
-70
-15
21
65
114
150
173
164
162
134
94
51
2
-43
-73
-79
-72
-64
-37
3
55
75
104
120
122
104
78
57
4
-32
-66
-79
-96
-103
-97
-80
-63
-59
-49
-54
-66
-74
-92
-99
-102
-96
-78
-48
-14
31
79
117
150
167
177
150
132
89
38
-6
-43
-62
-73
-64
-55
-10
26
61
99
112
128
122
105
73
30
-7
-52
-76
-105
-115
-111
-106
-92
-83
-67
-77
-68
-73
-89
-94
-98
-74
-68
-32
-2
41
72
103
136
147
152
128
112
70
26
-19
-47
-67
-75
-67
-51
-17
15
49
86
108
119
122
111
82
46
16
-15
-40
-66
-80
-89
-97
-94
-94
-97
-102
-106
-111
-114
-114
-101
-72
-46
-8
27
61
90
115
138
140
128
103
73
37
4
-34
-49
-58
-60
-45
-28
5
29
58
89
97
100
99
86
70
49
25
9
-2
-20
-31
-45
-44
-56
-78
-89
-111
-127
-136
-136
-139
-126
-99
-54
-10
31
79
111
134
143
142
128
90
55
24
-18
-60
-68
-66
-72
-59
-30
4
29
51
85
102
103
90
96
79
55
42
20
20
5
-3
-22
-33
-52
-71
-89
-123
-133
-150
-152
-150
-129
-95
-60
-13
30
76
111
129
136
132
110
70
38
12
-27
-65
-83
-77
-73
-56
-24
17
42
56
85
103
96
85
78
61
36
16
17
14
-1
-8
-10
-18
-34
-57
-68
-95
-125
-142
-139
-151
-145
-115
-73
-40
-6
61
97
113
120
136
114
76
41
8
-27
-66
-79
-69
-62
-57
-17
27
62
78
113
125
124
107
93
72
31
7
-7
-11
-33
-40
-25
-21
-39
-45
-41
-56
-83
-90
-101
-120
-123
-107
-76
-64
-28
14
59
79
90
116
105
81
50
30
0
-36
-54
-51
-51
-51
-23
20
53
78
96
121
132
108
95
77
44
6
-7
-19
-40
-55
-52
-35
-45
-57
-39
-37
-50
-58
-67
-69
-87
-85
-67
-54
-43
-10
27
49
59
72
83
75
50
29
16
-12
-36
-46
-45
-48
-37
-6
24
51
67
93
111
109
98
88
70
31
5
-13
-36
-58
-70
-61
-66
-69
-60
-44
-28
-33
-37
-35
-36
-45
-37
-30
-34
-19
-8
13
15
20
31
37
35
23
14
2
-11
-29
-37
-42
-40
-33
-16
6
24
54
79
93
99
98
90
65
49
22
-7
-31
-56
-66
-73
-82
-79
-63
-49
-32
-20
-10
3
2
6
11
5
2
-3
9
0
-2
-3
4
13
3
3
-5
-6
-16
-23
-31
-33
-31
-27
-13
11
32
49
72
90
96
92
86
69
46
19
-9
-40
-67
-78
-86
-93
-79
-54
-35
-18
1
19
29
33
37
34
22
11
-1
-9
-11
-20
-18
-3
-2
8
8
12
3
3
-9
-21
-20
-32
-19
-13
0
17
37
63
78
88
83
77
66
38
12
-24
-50
-69
-94
-99
-102
-91
-70
-40
-13
10
34
45
57
56
46
37
24
7
-3
-8
-23
-27
-15
-10
-6
-5
5
4
-13
-11
-16
-22
-23
-21
-7
-6
9
31
48
53
56
63
48
34
14
-9
-28
-57
-71
-79
-84
-82
-66
-44
-23
-4
19
43
52
55
56
45
33
19
5
-4
-17
-27
-24
-13
-16
-10
-4
-4
-2
-6
-2
0
-14
-14
-8
-8
-2
5
22
30
26
32
37
29
16
5
-12
-33
-51
-53
-63
-65
-56
-42
-24
-10
8
30
49
55
60
64
51
35
22
14
-3
-21
-24
-15
-17
-17
-5
2
2
7
19
13
4
-2
-5
-9
-12
-12
-9
0
-10
1
13
11
14
11
5
-8
-17
-26
-30
-40
-46
-36
-27
-14
5
19
36
52
63
62
57
49
32
22
7
-6
-21
-20
-22
-18
-12
-6
2
11
15
21
22
9
9
2
-16
-27
-29
-25
-24
-22
-15
-9
0
3
5
-2
-5
-19
-24
-29
-37
-33
-36
-23
-13
2
17
33
54
59
59
59
53
40
21
8
-6
-17
-19
-18
-15
-15
-8
3
20
21
18
24
17
11
0
-18
-34
-41
-46
-45
-49
-43
-31
-20
-16
-14
-4
3
-6
-8
-9
-17
-18
-18
-11
0
2
18
36
36
43
47
53
49
33
33
22
10
-5
-6
-1
-5
-4
1
12
18
19
23
30
17
5
-3
-22
-35
-38
-39
-46
-49
-41
-28
-22
-12
-8
3
0
-2
2
-2
-9
-15
-12
-9
-7
0
19
26
32
41
49
45
41
35
31
24
7
3
2
1
-2
13
20
27
32
33
36
27
14
8
-13
-32
-47
-55
-54
-66
-60
-42
-35
-22
-5
5
9
12
15
11
-2
-13
-12
-13
-19
-14
-3
4
10
23
38
44
38
35
38
23
14
7
6
1
-10
-1
8
16
20
29
35
24
16
4
-13
-29
-48
-54
-64
-70
-65
-58
-43
-28
-13
7
16
22
23
23
13
-2
-9
-17
-24
-27
-23
-15
-6
7
21
32
37
38
36
29
23
13
8
4
-5
-4
1
9
15
31
35
35
38
22
14
-3
-20
-38
-53
-61
-65
-64
-57
-38
-20
0
20
26
40
45
32
29
11
-3
-10
-26
-30
-25
-24
-16
2
16
26
37
43
43
42
38
27
15
1
1
-3
-2
3
11
17
22
23
25
25
11
-4
-20
-35
-49
-53
-55
-59
-46
-30
-12
7
23
35
43
47
33
22
9
-6
-16
-30
-40
-39
-30
-19
-4
10
22
32
39
40
32
24
15
5
-5
-11
-14
-14
-5
0
11
19
22
21
16
11
-3
-17
-29
-46
-52
-55
-53
-38
-20
-7
10
24
32
40
34
25
7
2
-13
-32
-43
-49
-43
-32
-14
-1
10
24
34
40
39
32
28
16
2
-11
-19
-17
-17
-13
-2
4
14
22
15
13
4
-8
-14
-27
-38
-43
-45
-33
-25
-17
2
13
25
33
37
39
23
13
5
-13
-26
-27
-27
-26
-20
-9
9
18
31
43
40
38
34
28
24
7
-7
-3
-8
-11
-3
-4
-1
5
9
14
5
2
-6
-19
-27
-32
-27
-25
-24
-14
-6
5
20
21
28
31
31
22
9
1
-13
-23
-22
-24
-18
-12
-5
5
17
32
36
38
40
37
33
23
11
3
-9
-17
-20
-21
-17
-15
-12
-11
-12
-11
-17
-17
-19
-22
-22
-30
-24
-22
-22
-14
-1
5
