0
-1
-1
6
0
0
4
-5
0
7
4
4
0
-1
1
-5
-4
2
1
0
-1
5
4
-2
-2
2
5
-3
1
5
-4
1
-2
-1
-3
-2
0
2
-3
-4
0
-2
-8
0
4
1
4
3
2
-1
-1
-3
2
-4
-4
-5
-5
4
1
-1
0
2
4
-3
-4
0
-4
-2
-4
-7
-1
0
-4
-5
-3
1
2
7
0
1
-1
-4
-1
4
3
-5
-1
-1
0
-3
-4
6
-3
-1
1
-5
-4
0
-1
-6
2
-3
-2
-4
-6
-5
-8
3
7
2
3
6
2
2
3
3
3
4
0
2
1
1
-1
-1
5
4
4
-1
0
0
-1
0
-1
-5
-5
-2
-2
5
1
-1
7
3
7
7
0
0
-10
-3
1
-6
2
1
-2
-2
-1
-9
-6
0
-2
1
-2
-4
-2
2
3
-2
-4
-3
-3
-2
5
5
4
4
6
10
8
-1
7
6
-2
6
6
9
8
6
4
4
4
0
1
0
3
3
-3
-2
1
1
-5
-1
-2
-6
-2
-4
1
0
-3
-5
-4
-7
-9
-3
-1
-2
1
-3
2
3
-1
2
2
-4
-3
-3
-6
-1
-5
-2
-4
3
-4
-3
-1
-3
-2
-5
-5
-3
3
-3
-3
-9
-4
1
-2
-7
-5
1
-4
0
-4
-9
-2
3
4
3
4
1
5
7
0
2
4
4
4
-2
4
2
0
1
1
-2
-1
6
7
2
3
8
4
2
-5
-2
2
2
-4
-4
-2
-4
-9
-9
-1
-2
-5
-5
1
-2
1
2
-4
0
-4
-2
2
4
-1
-2
1
-5
1
2
2
5
2
4
3
5
1
3
2
2
2
8
9
4
2
1
0
3
3
2
4
-1
2
-1
2
1
-1
1
5
7
10
10
9
5
3
5
-2
3
0
-4
-1
-1
0
-1
-1
-1
0
-2
-5
0
-6
-4
0
0
-1
-5
-5
1
0
-3
-1
0
1
1
2
-6
-6
-5
-8
-8
-5
-1
-3
-2
-6
-6
-2
-2
-3
-1
-4
-3
-5
0
0
-1
1
3
-1
-2
-4
2
5
2
-2
-1
2
2
5
-6
8
5
-2
10
6
0
-7
-4
-2
-4
2
6
3
-7
-1
0
-5
4
-3
1
4
2
7
2
0
2
5
7
5
3
8
1
-2
1
1
4
4
4
5
6
3
5
2
-2
1
1
0
-1
2
0
-3
-4
-4
-4
-4
-2
-1
-6
-4
-1
-2
2
0
2
3
1
2
0
-4
1
-4
-5
2
1
-1
-1
2
4
5
3
0
1
-3
1
4
7
7
2
9
4
8
10
5
4
-1
0
2
6
1
-7
-4
-6
-7
-2
-1
-4
-3
-5
-3
0
-3
-4
2
1
3
3
-2
1
-6
-2
-3
2
1
-7
0
-7
-2
-5
-3
-2
0
2
-4
-8
-5
-1
-5
1
0
3
-2
0
2
-4
2
-3
-3
-2
3
7
7
5
3
2
2
3
4
2
-1
-1
-9
-3
-4
-2
5
1
3
2
6
3
-3
2
1
-1
0
3
-1
9
6
1
3
-2
0
2
3
2
4
1
-1
2
0
0
-3
-4
-1
-6
-3
-4
0
-3
-9
0
5
1
1
-5
-5
0
-7
-3
-1
2
-5
-2
4
5
-1
0
6
0
3
-5
3
3
-1
3
-4
0
1
-1
-5
1
7
-1
5
7
7
8
7
6
5
-3
0
1
1
5
1
3
7
6
2
7
3
3
-3
-5
1
0
3
-7
-4
-4
-2
-2
2
-2
0
3
-6
-7
-6
-3
-5
-7
-3
-3
-4
-6
-7
-8
2
2
-3
-6
0
0
-5
-1
-6
-4
-5
-4
2
-1
-6
-4
2
1
0
-3
-4
-3
-2
2
0
-4
-6
-2
1
3
0
-2
3
4
0
-1
-5
0
5
5
3
0
1
-1
-2
1
2
-5
-4
-2
3
2
1
5
-2
0
-3
-5
-4
2
6
0
3
2
2
2
5
3
8
4
4
9
11
10
8
2
3
4
-1
3
6
1
-2
4
6
7
6
0
4
5
1
2
0
-9
-5
-3
-8
-9
-6
-8
-10
-12
-11
-7
-7
-1
-6
-16
-6
-11
-10
-3
-7
-2
-8
-3
-4
-5
3
-3
8
6
3
6
8
10
6
9
9
11
6
11
12
13
16
16
17
11
11
11
7
7
3
5
8
3
1
1
-2
-5
-7
0
-4
-8
1
-3
-5
-4
-10
-7
-4
-8
-10
-7
-3
-6
-9
-6
-1
-3
-4
-7
-8
-6
-4
-9
-7
1
-7
-6
-7
-11
-5
-9
-9
-3
-9
-3
-5
-8
-4
-5
-6
-3
-2
0
-1
4
4
8
8
10
6
5
9
0
7
4
-1
-5
0
2
-3
1
1
-5
4
1
2
1
5
7
9
5
-12
10
23
8
-4
11
4
1
4
19
6
10
18
19
20
14
27
17
9
10
15
12
7
7
0
-4
-6
-8
-19
-23
-13
-23
-32
-25
-27
-30
-33
-21
-22
-33
-30
-24
-21
-20
-12
-2
-6
-18
-2
-5
-6
3
6
2
-1
10
16
18
15
24
28
27
26
34
36
22
35
35
29
35
40
33
46
42
33
39
35
31
23
33
32
12
19
21
3
-7
-3
-1
-14
-29
-21
-23
-43
-51
-45
-46
-68
-66
-66
-69
-82
-72
-74
-71
-72
-61
-57
-62
-55
-58
-46
-38
-25
-33
-16
-3
-2
9
25
42
22
40
59
56
55
76
68
78
71
82
74
82
87
73
89
75
88
69
86
56
60
49
60
48
23
23
26
12
-9
-3
-9
-38
-55
-40
-51
-72
-85
-72
-85
-111
-106
-96
-102
-113
-117
-105
-123
-118
-112
-87
-97
-92
-64
-60
-55
-54
-8
-25
8
20
38
24
55
62
59
99
92
80
76
162
65
111
120
159
62
113
130
111
76
111
113
48
49
66
70
13
43
29
16
-42
-15
-35
-37
-64
-53
-60
-96
-96
-75
-89
-109
-62
-73
-97
-83
-33
-71
-63
-6
-5
-53
-10
24
-18
-11
56
42
-3
26
60
31
11
55
61
24
2
15
17
9
-8
18
-3
-55
-72
-18
-36
-69
-36
-25
-79
-82
-37
-51
-47
-18
-36
-46
22
-37
-36
28
74
-45
33
104
13
-75
92
132
-32
16
104
33
-77
66
61
24
-31
45
-2
-26
-20
33
31
5
-5
9
45
-11
28
78
72
26
68
88
50
75
102
104
90
99
68
62
89
78
46
74
60
-18
-2
18
-40
-71
-35
-82
-149
-135
-166
-174
-195
-148
-254
-215
-228
-233
-281
-180
-163
-237
-193
-145
-142
-189
-54
-50
-3
-76
53
60
91
43
207
226
154
138
301
255
153
269
382
204
156
302
251
124
194
264
134
83
104
128
24
54
47
52
-38
-19
-62
-22
-70
-52
-39
-53
-94
-92
-71
-94
-50
-51
-45
-86
-46
-61
-74
-42
-25
-61
-91
-50
-107
-91
-95
-64
-105
-132
-167
-154
-141
-202
-174
-158
-165
-264
-194
-150
-197
-211
-111
-63
-199
-102
-68
2
-96
84
53
105
45
158
204
189
228
254
340
201
290
281
368
200
378
255
274
155
294
140
182
163
169
28
60
54
-18
-37
7
-10
-144
-73
-83
-110
-137
-55
-76
-106
-119
-82
-59
-91
-41
-27
3
-81
-47
-9
-7
-68
-12
22
-94
-91
-64
-62
-174
-75
-141
-159
-241
-166
-233
-228
-235
-216
-269
-273
-217
-258
-210
-202
-120
-169
-105
-100
-8
-41
19
150
130
94
188
305
186
251
346
416
194
319
435
321
192
399
386
163
210
309
200
75
198
147
56
-7
84
-27
-34
-27
-13
-85
-37
-95
-92
-71
-71
-68
-78
-49
-70
-74
-87
-8
-59
-49
-83
-24
-88
-109
-107
-49
-122
-183
-104
-160
-228
-230
-149
-261
-245
-245
-212
-325
-271
-230
-238
-267
-166
-174
-211
-115
-60
-61
-19
67
92
81
145
250
272
220
363
391
328
324
470
423
342
352
461
344
194
360
275
177
101
246
31
14
-37
33
-122
-103
-143
-147
-205
-222
-201
-217
-163
-258
-200
-171
-173
-210
-85
-93
-112
-72
-35
-42
-49
22
20
-6
13
25
-33
-21
11
-45
-63
-50
-103
-138
-164
-148
-172
-163
-231
-185
-253
-212
-231
-139
-138
-164
-145
-60
-30
-85
120
106
156
101
300
189
322
305
441
387
390
395
370
407
365
444
277
386
173
208
87
221
25
39
-26
-21
-224
-213
-115
-222
-276
-252
-192
-371
-312
-257
-169
-260
-172
-138
-156
-167
-74
-6
-1
51
34
66
26
69
86
124
113
70
27
-13
-4
-59
-44
-82
-80
-188
-238
-242
-227
-284
-261
-190
-296
-308
-268
-194
-205
-125
-66
-32
-16
22
101
141
326
268
314
414
452
269
537
564
466
397
526
435
266
306
401
264
72
185
68
-74
-109
-80
-151
-181
-291
-306
-278
-356
-367
-282
-245
-317
-313
-243
-171
-218
-130
-4
-38
-62
19
28
67
100
78
139
127
22
19
97
50
-43
-62
-21
-130
-283
-181
-169
-310
-346
-221
-330
-359
-357
-222
-245
-261
-208
-61
-97
-88
115
132
206
210
380
336
451
424
620
495
578
576
560
471
605
458
392
388
332
197
150
139
57
-112
-120
-109
-244
-337
-259
-343
-394
-402
-369
-359
-373
-365
-268
-231
-278
-185
-113
-89
-88
-12
65
41
13
109
120
41
83
108
12
9
-32
-59
-96
-119
-212
-223
-300
-301
-345
-342
-322
-409
-386
-325
-296
-324
-143
-167
-131
-29
95
93
226
336
380
375
520
629
504
636
758
660
593
720
640
476
549
508
435
204
305
83
31
-88
21
-291
-219
-336
-397
-460
-387
-436
-498
-412
-447
-380
-464
-212
-281
-209
-152
-26
-114
-6
83
85
166
123
194
75
133
75
147
27
21
-110
-164
-179
-288
-257
-345
-381
-523
-414
-524
-499
-467
-402
-434
-359
-242
-261
-169
-41
186
130
300
419
423
424
707
796
712
803
804
739
675
834
745
650
514
517
264
225
178
72
-110
-89
-296
-390
-459
-470
-575
-495
-534
-526
-619
-540
-473
-391
-288
-171
-157
-155
-32
18
195
249
309
287
307
240
320
320
256
279
150
78
-81
-64
-219
-221
-359
-295
-541
-630
-581
-617
-657
-581
-439
-616
-552
-484
-219
-265
-69
139
175
104
313
599
522
704
785
891
713
757
876
842
742
734
749
418
371
239
250
63
1
-182
-290
-462
-533
-512
-533
-544
-677
-622
-600
-599
-524
-334
-261
-243
-144
-71
50
111
243
415
401
424
370
456
439
460
411
456
259
27
77
-7
-63
-261
-202
-468
-546
-731
-518
-724
-686
-705
-646
-724
-638
-529
-424
-243
-237
35
-33
177
236
495
536
822
658
744
732
867
803
862
831
704
430
392
444
248
121
41
-99
-362
-415
-437
-446
-608
-627
-569
-624
-666
-589
-460
-388
-259
-197
-69
-53
45
192
387
490
535
450
480
577
563
559
655
524
273
141
272
98
-121
-145
-126
-465
-633
-538
-612
-793
-761
-586
-746
-797
-722
-597
-522
-302
-158
-175
-30
60
186
413
735
611
557
676
768
687
768
914
673
455
359
423
188
97
-21
-55
-320
-512
-531
-537
-650
-719
-556
-597
-718
-734
-518
-370
-302
-87
19
6
-4
314
468
626
684
723
648
640
761
754
787
699
632
327
292
188
106
-95
-101
-270
-511
-726
-712
-706
-829
-793
-739
-825
-996
-751
-532
-413
-404
-128
-66
-45
140
516
596
591
758
768
743
778
877
765
697
588
380
253
116
46
-240
-235
-407
-631
-855
-720
-810
-912
-805
-767
-838
-882
-584
-439
-313
-197
25
78
140
418
604
768
780
887
850
947
916
970
960
845
702
517
464
260
149
-44
-92
-407
-518
-690
-729
-853
-869
-908
-884
-915
-928
-692
-611
-439
-391
-77
-86
197
279
637
607
772
750
891
921
923
870
753
740
371
414
217
162
-310
-257
-508
-627
-901
-817
-935
-1083
-1084
-971
-925
-1005
-848
-615
-475
-362
-167
60
105
310
534
795
847
867
945
1002
1120
1020
1137
980
905
532
624
583
333
82
-66
-157
-596
-518
-661
-587
-1092
-897
-1010
-894
-1003
-740
-649
-605
-421
-399
-19
55
421
365
855
705
748
705
1187
1133
856
903
837
472
146
532
290
-135
-555
-416
-695
-1045
-923
-828
-1066
-1410
-1094
-1076
-1045
-1052
-638
-517
-524
-328
-127
142
192
597
670
888
817
898
1007
1177
1247
1085
1101
912
835
514
710
610
274
-117
-165
-326
-650
-605
-556
-785
-1248
-1124
-979
-960
-933
-659
-560
-658
-538
-171
230
297
535
772
821
598
853
1191
1279
1050
946
818
336
309
401
506
-195
-369
-784
-742
-1110
-805
-896
-1069
-1360
-1290
-1118
-1099
-764
-703
-414
-513
-239
-181
212
437
628
815
868
908
790
1129
1247
1328
1156
1077
799
622
723
737
652
123
-163
-468
-419
-499
-468
-724
-1020
-1311
-1223
-932
-869
-772
-768
-630
-694
-380
-29
425
401
712
802
627
708
1028
1436
1111
1089
692
504
6
523
368
63
-503
-797
-992
-1209
-921
-896
-1000
-1456
-1320
-1318
-1038
-770
-473
-310
-443
-153
-23
336
614
946
939
966
1045
1024
1090
1290
1477
1218
970
853
651
544
538
647
169
-349
-548
-550
-580
-726
-701
-1017
-1339
-1339
-1012
-826
-787
-685
-745
-504
-361
80
408
677
820
439
825
922
1295
1030
1384
830
469
119
493
409
-161
-249
-710
-981
-1434
-1025
-953
-1235
-1451
-1332
-1235
-1427
-883
-554
-259
-432
-116
154
134
654
970
1275
976
1214
1122
1251
1338
1534
1509
998
1030
741
787
482
662
248
-122
-456
-515
-537
-825
-766
-952
-1192
-1365
-1169
-974
-843
-741
-711
-540
-464
-85
338
616
911
548
703
864
1256
1137
1308
1023
555
66
235
460
-92
-401
-712
-1044
-1552
-1452
-1062
-1299
-1557
-1597
-1331
-1542
-1165
-689
-274
-351
-160
136
256
641
1036
1377
1325
1362
1345
1323
1563
1712
1626
1334
1160
962
647
736
671
462
-206
-293
-583
-618
-836
-757
-920
-1365
-1358
-1377
-955
-1004
-697
-835
-578
-583
-126
318
702
908
395
821
877
1318
1105
1465
920
445
5
475
344
-251
-553
-891
-1265
-1682
-1398
-1239
-1632
-1909
-1662
-1427
-1553
-1230
-760
-390
-446
-49
305
452
668
1128
1562
1544
1480
1460
1625
1688
1823
1793
1580
1161
877
880
869
747
283
-57
-461
-527
-702
-635
-883
-1175
-1409
-1402
-1163
-1117
-882
-999
-740
-718
-204
-46
430
684
537
724
869
1322
1037
1330
1062
849
156
423
364
-75
-467
-910
-1033
-1670
-1561
-1466
-1551
-2028
-1993
-1645
-1605
-1406
-1098
-517
-682
-242
178
521
745
995
1464
1461
1698
1745
1851
1816
1913
1772
1625
1637
1348
1131
730
733
450
101
-35
-328
-602
-1053
-929
-992
-1175
-1366
-1355
-1185
-1265
-904
-904
-445
-653
-90
122
620
692
477
989
964
1360
968
1463
658
589
23
574
80
-434
-771
-1211
-1398
-1888
-1401
-1656
-1876
-2345
-1874
-1697
-1585
-1173
-890
-617
-693
91
394
749
942
1282
1541
1573
1902
1878
2018
1947
2008
1751
1595
1556
1289
1157
774
716
75
-39
-203
-290
-705
-998
-1083
-1279
-1308
-1289
-1104
-1203
-1110
-1048
-752
-484
-310
136
534
678
458
667
1051
1310
1313
1368
1072
347
147
470
543
-125
-699
-1187
-1517
-1826
-1446
-1370
-1922
-2420
-2250
-1906
-1654
-1307
-991
-927
-877
-330
231
598
936
1123
1368
1535
1764
1917
1999
2159
2079
1888
1632
1678
1444
1357
1054
902
274
-86
-11
-96
-407
-977
-1007
-1278
-1232
-1229
-993
-1217
-1361
-1124
-749
-418
-455
7
214
638
545
766
966
1080
1363
1390
1314
594
268
259
653
181
-390
-1061
-1571
-1721
-1656
-1228
-1784
-2354
-2604
-2132
-1804
-1411
-1163
-1103
-1142
-753
68
474
765
839
1093
1311
1648
1928
1986
1834
1882
1832
1861
1717
1571
1263
1015
825
671
373
101
-107
-408
-573
-899
-864
-1054
-1021
-1211
-1102
-1077
-876
-793
-530
-359
-221
246
579
1034
544
806
798
1557
1462
1580
829
334
-41
410
685
0
-827
-1837
-1719
-1772
-1284
-1489
-2130
-2775
-2678
-1883
-1409
-1098
-1350
-1228
-1057
-263
408
701
870
765
1179
1433
1941
1929
1826
1846
1788
1862
1597
1685
1330
1226
813
813
422
106
11
-247
-290
-887
-868
-1127
-958
-1127
-971
-1086
-992
-939
-696
-286
-191
209
298
843
691
896
887
1430
1499
1529
1059
692
307
319
580
305
-436
-1435
-1712
-1622
-1456
-1445
-1890
-2453
-2767
-2259
-1613
-1146
-1308
-1337
-1230
-613
45
564
755
755
791
1240
1623
1891
1754
1653
1692
1634
1701
1522
1469
1003
941
596
693
169
87
-218
-395
-596
-835
-801
-1011
-1015
-1059
-879
-864
-788
-697
-477
-88
199
664
676
530
736
994
1716
1612
1596
722
544
445
1002
816
241
-754
-1518
-1389
-1226
-911
-1629
-2239
-2730
-2420
-1830
-1404
-1371
-1637
-1623
-1144
-235
170
342
306
495
904
1344
1789
1667
1410
1379
1680
1766
1698
1341
1183
804
788
728
581
135
-172
-277
-414
-588
-844
-821
-984
-974
-1021
-897
-889
-811
-490
-330
-111
109
458
784
883
919
801
1307
1578
1711
1182
787
341
315
740
620
-63
-1302
-1594
-1633
-1111
-1188
-1577
-2285
-2726
-2260
-1494
-880
-1216
-1293
-1271
-671
4
646
758
538
723
1109
1567
1719
1634
1374
1430
1580
1551
1335
999
733
594
584
481
31
-343
-601
-479
-504
-763
-942
-1191
-1129
-985
-516
-645
-763
-883
-271
150
754
897
411
499
601
1675
1807
1914
866
494
266
1031
1134
725
-309
-1435
-1335
-1314
-634
-1174
-1816
-2719
-2621
-1997
-1448
-1123
-1489
-1533
-1594
-530
5
615
417
461
730
1141
1788
1807
1859
1306
1550
1701
1885
1547
1331
801
580
598
624
282
-245
-476
-738
-774
-821
-907
-1122
-1296
-1301
-981
-907
-869
-792
-579
-214
83
700
560
412
560
1108
1604
1685
1382
692
452
566
1207
950
349
-841
-1277
-1047
-844
-630
-1317
-1952
-2531
-2032
-1440
-1015
-1098
-1308
-1254
-910
-70
277
740
528
713
950
1369
1705
1675
1695
1390
1510
1446
1559
1237
1069
567
372
285
154
-53
-403
-648
-994
-1025
-1041
-959
-1169
-1190
-1279
-963
-935
-729
-576
-240
-29
404
728
395
528
726
1659
1580
1569
703
361
272
1011
1227
586
-584
-1578
-1193
-917
-382
-959
-1745
-2608
-2354
-1383
-808
-808
-1205
-1286
-1079
-72
574
940
703
591
963
1426
1946
1957
1798
1542
1284
1535
1726
1509
1127
665
272
57
162
53
-197
-823
-1069
-1403
-1170
-998
-1085
-1152
-1487
-1276
-1168
-643
-577
-211
-123
202
537
471
544
659
1598
1522
1394
634
348
106
826
1240
491
-800
-1743
-1402
-930
-535
-981
-1859
-2709
-2500
-1452
-655
-768
-1250
-1206
-949
-69
798
1152
950
814
1158
1677
2114
2285
2047
1676
1652
1624
1759
1595
1292
748
293
38
59
-187
-363
-788
-1059
-1487
-1464
-1262
-1177
-1256
-1222
-1169
-1243
-952
-583
85
212
700
351
363
417
1209
1854
1875
1272
364
-10
293
1175
1028
157
-1344
-1918
-1748
-1049
-602
-1350
-2409
-3064
-2479
-1612
-910
-902
-1217
-1470
-915
51
880
1177
1062
1138
1333
1839
2358
2517
2297
2020
1872
1970
1814
1815
1404
891
434
273
31
-264
-475
-831
-1145
-1520
-1327
-1508
-1440
-1514
-1140
-1174
-1175
-1007
-597
-109
251
922
589
314
200
1423
1856
1944
1169
442
-236
219
1162
1053
-144
-1634
-1972
-1756
-1027
-866
-1439
-2571
-3126
-2408
-1431
-886
-1087
-1217
-1322
-771
201
927
1143
1022
1305
1493
1982
2291
2389
2238
2117
2089
1841
1736
1473
1345
800
547
165
-203
-518
-690
-748
-1205
-1454
-1547
-1511
-1507
-1169
-1000
-1099
-1163
-915
-138
265
859
660
434
292
999
1886
2130
1457
555
129
201
1009
1014
333
-1226
-1876
-1764
-1267
-935
-1544
-2326
-3021
-2553
-2018
-1212
-1298
-1320
-1465
-884
-121
351
854
861
1332
1438
1985
2081
2248
2126
2244
2374
2140
1862
1537
1442
907
814
527
195
-382
-639
-818
-1072
-1216
-1225
-1371
-1508
-1498
-1197
-939
-886
-831
-507
-26
462
844
669
548
537
1469
1842
1872
971
276
-11
601
928
615
-517
-1664
-1998
-1676
-962
-1229
-2005
-2803
-2848
-2300
-1484
-1148
-1209
-1478
-1282
-434
337
790
767
987
1325
1723
2174
2343
2168
1970
2136
2303
2244
1766
1436
934
734
563
509
102
-502
-997
-1163
-1141
-1107
-1159
-1384
-1537
-1499
-1095
-881
-678
-586
-225
292
688
691
456
530
1146
1731
1807
1169
307
-84
272
848
822
-197
-1318
-1939
-1747
-1186
-1018
-1443
-2319
-2677
-2337
-1671
-1081
-962
-1044
-1080
-581
1
601
774
997
1201
1523
1877
1950
2029
1845
2023
2062
2091
1726
1397
1017
716
672
478
195
-354
-608
-901
-1003
-1045
-1139
-1251
-1388
-1193
-1101
-939
-954
-767
-488
-57
411
488
398
162
476
923
1330
1190
665
108
-7
259
423
252
-386
-965
-1263
-1114
-909
-1040
-1274
-1533
-1503
-1328
-982
-742
-659
-601
-302
96
332
560
680
944
1087
1323
1451
1440
1450
1534
1578
1450
1229
970
919
750
652
354
38
-280
-453
-472
-597
-702
-897
-1049
-1175
-1036
-958
-800
-734
-695
-731
-598
-268
-70
129
177
220
153
248
348
445
398
274
160
84
-4
-87
-126
-294
-394
-458
-451
-503
-584
-544
-514
-370
-216
-211
-141
-57
129
262
410
508
575
592
754
815
801
819
836
970
787
709
638
572
492
412
355
137
-42
-152
-115
-313
-375
-473
-506
-566
-703
-639
-747
-668
-656
-565
-632
-629
-566
-477
-278
-255
-201
-308
-164
-140
9
60
96
51
-1
116
104
124
82
110
95
68
57
38
24
20
111
109
61
2
46
117
141
249
205
172
147
227
305
401
451
449
409
378
422
444
565
479
396
295
296
270
247
152
62
2
-87
-58
-234
-267
-466
-381
-362
-365
-486
-591
-612
-621
-396
-389
-300
-501
-414
-416
-218
-133
-113
-46
-63
8
-35
93
30
152
139
179
45
-34
-29
-12
81
43
-32
-185
-232
-170
-43
-2
-47
-119
-151
-72
58
201
221
175
226
272
421
482
477
428
411
494
557
589
460
340
218
296
344
379
190
-38
-130
-173
-40
-6
-44
-353
-471
-428
-277
-217
-237
-305
-450
-373
-303
-124
-157
-169
-174
-106
-89
-127
-63
-96
-51
-103
-66
-176
-225
-202
-194
-179
-239
-296
-402
-366
-312
-215
-214
-246
-279
-269
-108
14
137
136
38
121
278
459
510
497
404
370
542
732
755
579
416
294
416
569
572
364
75
-32
27
180
205
62
-196
-348
-288
-129
-57
-118
-195
-304
-343
-226
-67
-21
-56
-115
-141
-180
-85
-20
2
-74
-150
-191
-217
-191
-210
-155
-242
-235
-390
-430
-462
-334
-230
-257
-337
-508
-490
-316
17
60
-79
-227
-168
87
351
480
327
159
210
503
743
701
548
340
368
495
649
581
328
179
112
217
275
248
46
-126
-198
-182
-131
-132
-105
-220
-270
-303
-267
-216
-174
-97
-146
-195
-242
-155
-97
-6
24
-15
-101
-160
-93
-48
109
127
89
-136
-203
-139
63
194
72
-184
-353
-208
38
235
47
-158
-381
-175
59
207
31
-199
-193
-34
135
140
51
-125
-72
6
148
72
33
58
63
102
62
123
160
186
113
77
29
125
207
227
119
-20
9
78
122
64
-44
-94
-101
-72
-124
-200
-189
-108
-78
-175
-276
-276
-99
78
136
-58
-176
-107
194
398
338
167
10
145
310
463
357
200
58
111
163
123
22
-106
-149
-248
-240
-340
-351
-370
-422
-487
-546
-509
-478
-380
-364
-313
-287
-111
-3
54
74
96
264
405
528
528
551
573
672
791
813
668
457
344
312
383
335
134
-117
-324
-384
-396
-447
-634
-821
-826
-691
-603
-595
-648
-638
-477
-292
-132
-112
-85
54
305
596
694
693
597
560
581
743
780
728
498
298
236
220
212
-15
-291
-597
-682
-649
-598
-728
-848
-874
-772
-573
-518
-469
-552
-390
-135
259
470
530
505
597
861
1154
1295
1086
795
594
722
846
746
306
-199
-461
-497
-494
-712
-1075
-1364
-1344
-1176
-1110
-1244
-1335
-1194
-876
-547
-414
-338
-179
189
666
1014
1102
1068
1099
1293
1490
1597
1557
1374
1129
972
898
829
604
209
-215
-552
-694
-763
-895
-1146
-1385
-1401
-1219
-1056
-1039
-1080
-1024
-692
-269
89
214
324
579
1023
1348
1409
1172
984
1038
1124
1063
643
169
-191
-256
-392
-736
-1275
-1629
-1704
-1606
-1524
-1719
-1826
-1822
-1487
-1117
-775
-579
-365
-48
408
959
1392
1662
1722
1838
1960
2167
2324
2222
1958
1670
1557
1463
1228
771
194
-296
-596
-786
-1050
-1387
-1685
-1778
-1716
-1573
-1484
-1442
-1314
-1027
-663
-313
7
395
743
1138
1370
1419
1328
1335
1424
1311
963
477
30
-267
-471
-762
-1224
-1759
-2129
-2231
-2222
-2187
-2256
-2265
-2200
-1907
-1464
-1009
-553
-125
321
813
1372
1882
2272
2519
2673
2702
2746
2806
2741
2512
2189
1849
1506
1090
610
47
-500
-953
-1313
-1633
-1962
-2155
-2169
-2066
-1972
-1807
-1574
-1206
-787
-356
26
419
903
1403
1734
1828
1795
1819
1846
1698
1339
845
296
-168
-577
-975
-1494
-1998
-2381
-2607
-2710
-2783
-2846
-2828
-2631
-2306
-1870
-1457
-950
-396
296
1005
1616
2084
2416
2766
3046
3220
3226
3139
2912
2648
2360
2050
1607
1063
470
-185
-761
-1237
-1589
-1965
-2294
-2548
-2552
-2391
-2062
-1802
-1555
-1251
-754
-97
520
1063
1482
1840
2083
2339
2515
2579
2338
1929
1419
879
369
-144
-663
-1339
-1999
-2537
-2794
-2934
-3013
-3180
-3259
-3227
-2953
-2529
-2018
-1459
-920
-295
457
1295
1956
2509
2920
3304
3444
3469
3395
3259
2997
2673
2282
1704
1157
590
137
-484
-1094
-1785
-2301
-2611
-2711
-2704
-2715
-2570
-2301
-1816
-1330
-731
-208
299
812
1445
2033
2343
2545
2696
2821
2709
2434
1992
1386
661
-19
-600
-1251
-1955
-2558
-2902
-3112
-3258
-3375
-3366
-3335
-3183
-2864
-2385
-1838
-1292
-645
216
1142
1929
2541
3048
3478
3711
3841
3837
3625
3163
2673
2288
1932
1399
750
132
-525
-1143
-1715
-2138
-2569
-2949
-3147
-3084
-2832
-2431
-1953
-1404
-796
-198
446
1085
1763
2215
2460
2620
2861
3065
2989
2680
2224
1601
908
278
-389
-1253
-2179
-2817
-3153
-3367
-3552
-3655
-3629
-3494
-3283
-2916
-2462
-1983
-1512
-833
76
1016
1794
2482
3127
3663
3949
4078
4031
3716
3171
2674
2296
1780
1083
389
-146
-698
-1265
-1801
-2265
-2714
-3040
-3146
-3064
-2882
-2617
-2096
-1397
-626
113
795
1488
2148
2664
2937
3130
3236
3202
2992
2743
2379
1769
1044
330
-384
-1268
-2131
-2815
-3348
-3771
-4016
-4012
-3902
-3739
-3457
-2995
-2423
-1870
-1304
-644
162
969
1772
2552
3276
3786
4060
4220
4207
3940
3381
2804
2153
1417
638
-35
-604
-1229
-1797
-2251
-2609
-2979
-3205
-3290
-3220
-3048
-2649
-2076
-1396
-630
186
1070
1937
2700
3174
3428
3546
3675
3597
3283
2789
2163
1472
792
167
-597
-1500
-2381
-3006
-3474
-3828
-4095
-4186
-4118
-3887
-3438
-2851
-2178
-1528
-815
-20
868
1655
2332
2939
3489
3943
4206
4308
4165
3782
3214
2644
1972
1122
130
-680
-1306
-1912
-2453
-2895
-3167
-3362
-3343
-3239
-3097
-2879
-2408
-1733
-958
-196
591
1468
2364
3185
3650
3873
3931
3924
3697
3256
2628
1820
949
171
-560
-1397
-2292
-3054
-3552
-3914
-4137
-4273
-4239
-4097
-3724
-3174
-2501
-1835
-1115
-276
668
1654
2473
3192
3722
4211
4492
4626
4502
4163
3539
2843
2201
1435
550
-447
-1227
-2007
-2640
-3149
-3438
-3704
-3823
-3710
-3430
-3062
-2607
-1933
-1190
-356
441
1400
2305
3138
3702
4134
4365
4363
4145
3727
3137
2304
1363
412
-509
-1497
-2421
-3201
-3757
-4244
-4539
-4657
-4606
-4433
-4090
-3533
-2928
-2271
-1538
-594
429
1418
2336
3188
3923
4494
4921
5105
4998
4590
4009
3288
2476
1582
656
-284
-1131
-1908
-2592
-3133
-3551
-3844
-4033
-3995
-3809
-3491
-3051
-2388
-1542
-650
216
1191
2222
3171
3904
4353
4598
4611
4503
4189
3662
2837
1820
824
-89
-1042
-2037
-2949
-3686
-4262
-4670
-4835
-4823
-4678
-4416
-3970
-3375
-2683
-1880
-917
117
1116
2048
2959
3826
4520
4966
5190
5156
4869
4352
3644
2850
1905
918
-95
-999
-1845
-2623
-3231
-3662
-3983
-4235
-4260
-4041
-3676
-3272
-2672
-1881
-937
25
1043
2050
3008
3748
4270
4660
4830
4747
4343
3819
3091
2118
1131
239
-715
-1840
-2811
-3508
-4062
-4457
-4679
-4715
-4630
-4412
-3937
-3316
-2558
-1873
-1057
-89
916
1859
2784
3684
4348
4762
4999
5005
4790
4305
3586
2735
1783
807
-206
-1003
-1772
-2534
-3189
-3555
-3752
-3983
-4019
-3875
-3578
-3178
-2603
-1830
-975
-64
904
1898
2899
3590
4053
4393
4534
4359
3840
3372
2592
1655
695
-75
-984
-1961
-2712
-3255
-3646
-4002
-4190
-4175
-4036
-3773
-3324
-2645
-1962
-1391
-529
452
1381
2181
3026
3776
4224
4590
4743
4649
4240
3669
2927
2077
1132
150
-779
-1479
-2167
-2788
-3272
-3478
-3629
-3681
-3533
-3328
-3043
-2652
-2004
-1276
-477
358
1244
2232
3066
3623
4009
4278
4212
3766
3289
2641
1667
644
-168
-998
-1907
-2601
-3065
-3442
-3700
-3819
-3768
-3625
-3378
-3058
-2514
-1906
-1356
-664
331
1270
2063
2877
3678
4181
4545
4820
4804
4402
3725
3017
2155
1331
327
-599
-1456
-2180
-2819
-3260
-3444
-3663
-3772
-3695
-3387
-3079
-2628
-2014
-1343
-697
78
958
1889
2728
3364
3810
4136
4284
4068
3657
3025
2094
1025
56
-818
-1850
-2708
-3321
-3693
-3973
-4067
-3974
-3748
-3408
-3055
-2604
-1995
-1435
-795
33
976
1768
2542
3456
4170
4627
4910
5069
4866
4342
3633
2759
1797
784
-268
-1184
-1975
-2646
-3205
-3436
-3546
-3677
-3700
-3495
-3168
-2826
-2337
-1724
-1096
-402
371
1302
2244
2941
3404
3808
4120
4046
3695
3256
2457
1379
320
-503
-1460
-2443
-3197
-3724
-3986
-4104
-3983
-3744
-3407
-3018
-2554
-1888
-1311
-808
-172
645
1414
2128
2938
3691
4253
4699
4920
4896
4547
3975
3183
2267
1284
176
-829
-1618
-2293
-2859
-3211
-3274
-3360
-3281
-3082
-2775
-2459
-2099
-1614
-1118
-503
129
856
1622
2337
2844
3289
3585
3665
3328
2978
2284
1394
397
-515
-1481
-2445
-3123
-3642
-3933
-4046
-3915
-3644
-3232
-2731
-2210
-1606
-1049
-574
8
720
1321
1883
2533
3240
3714
4196
4461
4464
4162
3728
3154
2260
1307
186
-760
-1586
-2216
-2753
-3049
-3135
-3124
-2937
-2541
-2133
-1781
-1401
-943
-480
-65
475
1032
1635
2084
2479
2886
3157
3230
2922
2627
1967
1109
147
-670
-1589
-2608
-3298
-3745
-4031
-4164
-3978
-3583
-3116
-2570
-1935
-1257
-631
-146
407
1043
1562
1974
2460
3060
3408
3715
3931
4037
3786
3346
2827
2109
1196
129
-806
-1606
-2358
-2976
-3272
-3312
-3264
-3067
-2553
-2023
-1508
-1030
-399
110
511
944
1435
1919
2260
2529
2798
2975
3023
2838
2576
2020
1161
259
-583
-1413
-2442
-3283
-3899
-4258
-4377
-4248
-3845
-3426
-2826
-2130
-1268
-539
22
580
1195
1734
2158
2578
3049
3383
3642
3832
3872
3724
3286
2791
2077
1274
268
-732
-1558
-2315
-2910
-3383
-3484
-3502
-3353
-2947
-2372
-1748
-1206
-567
122
700
1184
1658
2147
2468
2597
2820
2946
2994
2729
2488
2056
1338
537
-272
-1041
-2060
-2940
-3618
-4081
-4343
-4363
-4066
-3673
-3131
-2408
-1518
-637
31
667
1291
1828
2258
2651
3069
3299
3475
3605
3645
3542
3209
2781
2134
1345
446
-465
-1233
-2031
-2676
-3169
-3357
-3386
-3242
-2880
-2439
-1911
-1373
-745
-92
479
997
1504
1958
2318
2476
2683
2731
2712
2448
2149
1722
1097
428
-297
-987
-1844
-2597
-3194
-3578
-3853
-3946
-3782
-3462
-2982
-2359
-1557
-778
-65
564
1273
1831
2263
2575
2952
3158
3232
3278
3284
3158
2790
2410
1901
1249
426
-300
-964
-1637
-2284
-2704
-2914
-2963
-2888
-2574
-2120
-1682
-1208
-621
41
536
996
1453
1882
2118
2264
2420
2448
2334
2046
1747
1303
725
58
-539
-1173
-1906
-2575
-3000
-3296
-3488
-3477
-3250
-2940
-2529
-1930
-1220
-576
-4
599
1211
1718
2102
2437
2708
2858
2926
2958
2885
2639
2296
1929
1483
866
211
-392
-933
-1497
-1931
-2244
-2441
-2488
-2366
-2059
-1736
-1332
-907
-320
236
717
1129
1554
1887
2036
2179
2235
2153
1861
1597
1217
728
134
-399
-963
-1547
-2124
-2573
-2855
-3063
-3123
-3016
-2700
-2385
-1905
-1290
-647
-135
371
926
1380
1737
1992
2215
2331
2381
2390
2400
2301
2035
1716
1419
1055
517
11
-448
-892
-1375
-1667
-1828
-1953
-1997
-1846
-1547
-1256
-915
-497
-19
403
814
1198
1533
1689
1779
1854
1826
1605
1270
936
498
24
-445
-875
-1343
-1765
-2064
-2246
-2354
-2393
-2326
-2132
-1848
-1499
-1053
-578
-148
255
704
1085
1373
1621
1786
1867
1857
1878
1800
1684
1487
1292
1059
790
508
197
-125
-455
-752
-976
-1178
-1351
-1421
-1372
-1241
-1062
-759
-434
-63
291
659
974
1192
1332
1380
1331
1174
939
637
288
-94
-484
-863
-1176
-1459
-1656
-1762
-1788
-1745
-1654
-1442
-1229
-964
-688
-383
-84
197
479
724
954
1125
1271
1381
1442
1418
1347
1281
1191
1027
864
664
460
279
112
-29
-226
-374
-528
-605
-673
-683
-699
-667
-585
-445
-238
-15
247
474
721
852
935
942
897
694
416
93
-288
-663
-996
-1244
-1519
-1686
-1756
-1695
-1589
-1417
-1222
-957
-672
-400
-97
207
440
610
819
991
1095
1124
1176
1167
1114
1012
927
815
677
507
370
262
87
-53
-113
-138
-245
-296
-270
-234
-189
-78
77
180
294
411
584
687
714
693
675
576
365
119
-170
-533
-943
-1278
-1608
-1924
-2178
-2232
-2185
-2026
-1782
-1406
-978
-495
-10
465
849
1134
1353
1529
1634
1599
1540
1442
1335
1153
1012
837
605
354
142
-79
-311
-515
-672
-784
-867
-894
-829
-677
-502
-316
-85
159
397
648
937
1127
1250
1336
1421
1427
1331
1161
913
598
199
-239
-713
-1206
-1691
-2136
-2473
-2746
-2941
-2953
-2765
-2493
-2132
-1647
-1045
-452
187
814
1376
1797
2131
2417
2560
2599
2483
2316
2048
1721
1362
1013
634
203
-194
-541
-865
-1156
-1370
-1523
-1628
-1665
-1569
-1388
-1101
-745
-351
94
562
1040
1470
1830
2079
2190
2177
2078
1840
1488
1005
468
-128
-709
-1317
-1865
-2379
-2803
-3089
-3248
-3256
-3157
-2912
-2525
-1996
-1403
-773
-104
553
1173
1721
2167
2482
2682
2766
2758
2643
2452
2129
1788
1418
1035
628
226
-171
-575
-908
-1176
-1379
-1560
-1667
-1714
-1644
-1495
-1251
-922
-541
-126
322
826
1298
1732
2011
2207
2228
2122
1858
1448
952
288
-370
-1024
-1582
-2133
-2533
-2836
-2996
-3037
-2926
-2705
-2394
-2017
-1576
-1069
-552
-8
514
1063
1534
1958
2272
2530
2652
2698
2666
2493
2256
1923
1582
1183
797
362
-78
-489
-834
-1164
-1418
-1609
-1696
-1701
-1604
-1405
-1158
-780
-384
73
485
891
1219
1481
1672
1706
1634
1409
1109
678
204
-296
-842
-1355
-1787
-2115
-2350
-2462
-2439
-2329
-2136
-1838
-1500
-1117
-760
-397
-54
283
620
932
1251
1528
1785
1996
2187
2299
2322
2283
2118
1869
1554
1181
769
347
-56
-466
-821
-1085
-1266
-1368
-1406
-1340
-1197
-995
-721
-426
-97
195
446
668
831
911
868
789
605
324
-4
-307
-607
-941
-1208
-1411
-1555
-1639
-1635
-1543
-1435
-1296
-1104
-879
-638
-423
-182
69
284
494
714
953
1134
1329
1517
1665
1744
1792
1801
1741
1599
1380
1118
823
493
165
-152
-419
-654
-807
-859
-853
-798
-676
-515
-336
-174
-52
52
98
93
26
-48
-191
-342
-475
-580
-706
-847
-927
-973
-982
-990
-951
-908
-855
-764
-611
-467
-356
-251
-127
2
113
227
343
463
561
697
852
989
1101
1211
1331
1390
1391
1361
1318
1203
1052
886
715
515
311
149
7
-123
-246
-291
-315
-335
-376
-374
-394
-450
-548
-656
-771
-947
-1090
-1211
-1306
-1372
-1383
-1298
-1162
-985
-778
-531
-288
-67
98
228
294
298
273
248
200
116
62
44
71
104
207
312
443
569
719
874
986
1075
1113
1154
1148
1107
1030
956
852
749
671
603
538
465
402
347
259
135
-10
-207
-421
-688
-959
-1219
-1471
-1682
-1858
-1935
-1966
-1904
-1765
-1540
-1280
-983
-660
-333
-3
276
508
674
790
808
783
706
586
439
303
171
70
13
6
37
105
208
311
435
566
680
761
817
879
908
943
965
984
985
994
1016
1019
994
928
818
675
468
201
-119
-481
-882
-1277
-1625
-1948
-2222
-2401
-2451
-2391
-2244
-1988
-1665
-1291
-865
-437
-28
308
585
802
955
1050
1054
1020
920
802
666
557
435
314
220
153
116
97
113
129
166
207
273
340
418
479
557
621
701
771
835
912
953
977
949
934
828
688
492
235
-93
-454
-793
-1158
-1500
-1806
-2011
-2147
-2157
-2102
-1921
-1678
-1374
-1052
-687
-340
-46
233
450
631
700
754
772
776
747
719
697
666
644
628
633
616
564
516
469
402
328
273
225
185
156
181
229
297
371
447
510
537
563
559
500
394
244
71
-111
-321
-516
-709
-898
-1063
-1182
-1252
-1288
-1288
-1239
-1150
-1032
-886
-711
-534
-366
-198
-42
76
170
239
305
340
355
383
420
458
487
552
616
672
707
767
808
795
767
737
693
608
520
440
365
282
225
197
158
95
51
17
-56
-164
-280
-384
-515
-660
-774
-868
-944
-978
-948
-875
-790
-682
-540
-387
-252
-163
-70
1
14
12
5
-7
-45
-49
-40
-17
5
58
134
207
282
355
418
485
560
614
675
717
760
793
837
861
854
840
793
727
629
500
321
133
-79
-313
-534
-760
-958
-1139
-1271
-1355
-1397
-1379
-1295
-1164
-986
-770
-535
-282
-21
217
418
580
671
719
708
648
532
369
199
23
-125
-254
-338
-382
-359
-291
-189
-51
100
252
402
546
655
728
781
840
875
905
921
937
930
913
866
787
647
450
207
-74
-395
-761
-1125
-1454
-1746
-1975
-2103
-2127
-2054
-1884
-1597
-1248
-852
-435
-17
370
682
943
1109
1206
1213
1139
1025
868
687
514
351
197
65
-27
-88
-119
-114
-95
-46
2
85
166
266
357
435
529
606
689
735
788
800
797
767
712
620
470
292
76
-184
-489
-790
-1104
-1398
-1666
-1851
-1977
-2010
-1954
-1794
-1540
-1230
-874
-498
-104
239
530
770
942
1019
1016
980
910
807
698
605
521
448
412
420
435
443
440
459
469
454
417
385
339
283
255
244
247
239
250
278
293
288
263
215
129
2
-152
-317
-488
-675
-839
-980
-1087
-1158
-1200
-1178
-1130
-1055
-951
-817
-684
-535
-385
-232
-96
13
113
212
284
321
370
396
417
439
478
534
592
657
725
805
872
929
950
954
904
837
744
625
507
353
216
86
-27
-125
-205
-288
-351
-419
-463
-505
-541
-569
-619
-642
-667
-673
-671
-657
-627
-587
-537
-466
-398
-334
-262
-221
-182
-178
-170
-195
-205
-222
-226
-217
-195
-134
-50
69
200
339
475
621
755
882
987
1051
1098
1105
1091
1040
958
842
694
522
353
161
-30
-219
-392
-523
-649
-734
-784
-795
-795
-755
-707
-632
-553
-464
-371
-287
-220
-171
-113
-82
-59
-63
-63
-74
-104
-125
-155
-175
-216
-241
-258
-265
-256
-222
-174
-102
-25
83
208
341
475
599
729
830
908
964
992
971
904
805
667
498
323
131
-63
-254
-416
-537
-631
-675
-700
-686
-644
-578
-486
-386
-302
-225
-162
-106
-69
-52
-42
-40
-55
-68
-64
-69
-68
-67
-42
-38
-25
-11
0
4
-1
0
-5
3
4
30
53
82
124
179
225
258
292
316
332
324
303
271
228
166
115
48
-4
-58
-104
-120
-134
-139
-131
-98
-65
-35
-14
0
-8
-24
-50
-94
-131
-183
-227
-257
-279
-283
-261
-219
-155
-92
-3
91
168
246
310
360
365
373
357
310
252
184
102
20
-60
-140
-212
-286
-345
-391
-426
-447
-459
-449
-416
-362
-289
-196
-96
10
132
247
348
425
497
549
555
526
484
401
301
189
87
-16
-128
-221
-288
-318
-336
-332
-304
-263
-195
-116
-31
53
121
207
282
340
373
401
413
386
355
300
219
127
22
-90
-203
-326
-446
-548
-626
-686
-727
-730
-699
-643
-555
-438
-309
-166
-23
117
260
379
470
539
588
605
586
549
493
414
318
213
123
32
-35
-93
-125
-127
-123
-89
-50
-7
28
63
97
120
125
129
128
120
120
105
96
75
58
37
11
-27
-79
-135
-202
-269
-339
-400
-450
-489
-513
-503
-482
-440
-377
-311
-224
-134
-47
32
110
163
206
256
289
306
314
321
323
315
309
300
286
270
256
242
228
207
193
169
150
126
95
67
31
-16
-66
-105
-142
-174
-194
-198
-199
-185
-156
-121
-93
-69
-45
-40
-40
-65
-94
-129
-166
-216
-257
-275
-297
-285
-268
-230
-186
-148
-101
-51
-18
24
43
65
84
98
123
154
189
223
271
312
351
376
398
405
394
363
322
274
198
130
61
-10
-83
-136
-178
-204
-226
-236
-223
-211
-197
-166
-124
-96
-81
-59
-39
-34
-31
-37
-56
-87
-105
-126
-148
-164
-179
-180
-162
-147
-122
-87
-55
-31
-8
20
35
43
49
58
63
71
87
112
145
175
215
240
259
278
284
272
251
211
166
119
63
4
-36
-71
-101
-111
-124
-127
-121
-114
-100
-97
-91
-87
-90
-99
-106
-116
-121
-132
-126
-113
-99
-93
-77
-44
-22
11
27
48
57
60
57
54
38
10
-6
-37
-54
-76
-92
-93
-95
-90
-65
-32
6
46
92
140
177
207
241
257
239
223
188
161
119
73
39
3
-20
-43
-51
-60
-71
-82
-87
-95
-115
-136
-161
-172
-182
-181
-171
-151
-122
-78
-25
25
75
118
154
174
185
180
144
100
61
9
-52
-98
-137
-168
-185
-184
-178
-149
-119
-87
-42
6
35
66
102
119
134
142
142
137
130
121
117
97
86
82
74
68
56
49
41
19
-4
-32
-70
-103
-136
-157
-185
-195
-184
-162
-128
-87
-30
31
89
135
183
208
206
190
163
122
72
17
-31
-80
-109
-125
-138
-135
-126
-100
-74
-60
-48
-31
-38
-53
-61
-76
-95
-104
-90
-76
-52
-18
25
83
131
176
213
245
249
238
219
184
131
75
27
-32
-92
-132
-160
-181
-185
-170
-135
-100
-55
-7
35
66
86
105
109
104
79
57
33
8
-4
-19
-18
-24
-30
-25
-20
-25
-34
-55
-78
-107
-142
-182
-211
-235
-251
-252
-239
-192
-146
-83
-3
78
153
228
294
334
351
350
336
295
243
188
129
72
18
-36
-69
-90
-105
-96
-93
-90
-77
-67
-62
-57
-60
-56
-49
-44
-39
-20
-5
7
32
54
73
87
95
89
74
44
11
-26
-76
-127
-176
-215
-252
-274
-281
-276
-257
-226
-178
-122
-63
10
75
141
194
241
277
305
323
331
328
313
287
256
217
164
115
66
22
-29
-67
-97
-131
-146
-164
-167
-164
-165
-158
-142
-130
-115
-90
-69
-39
-15
7
29
49
56
66
67
58
38
25
-1
-31
-58
-90
-121
-155
-171
-191
-195
-195
-189
-167
-135
-98
-52
7
62
120
171
230
264
290
307
309
302
278
248
211
168
120
77
32
-10
-46
-73
-99
-119
-135
-151
-163
-171
-174
-180
-180
-172
-157
-135
-110
-88
-44
-11
17
51
77
104
105
100
99
78
49
19
-15
-48
-83
-112
-131
-135
-135
-123
-97
-74
-49
-9
29
63
90
117
137
154
154
158
162
153
148
149
145
132
120
105
84
65
41
19
-4
-33
-58
-82
-109
-132
-150
-169
-176
-183
-175
-165
-158
-134
-101
-70
-40
-8
22
57
75
92
100
99
93
79
58
36
12
-11
-29
-46
-57
-58
-54
-56
-54
-44
-30
-18
-11
-5
2
5
15
25
35
57
75
104
131
156
173
188
198
192
182
152
119
77
24
-31
-90
-139
-185
-219
-245
-257
-252
-242
-221
-188
-144
-102
-62
-19
24
63
87
113
128
130
126
112
101
82
61
42
23
7
-7
-22
-32
-47
-61
-69
-85
-101
-102
-102
-106
-97
-64
-26
13
63
116
163
207
239
265
276
270
248
215
168
107
46
-11
-83
-141
-179
-223
-253
-264
-265
-253
-236
-219
-184
-140
-114
-81
-41
-10
16
54
88
109
129
151
162
164
155
144
126
96
67
30
4
-39
-78
-98
-122
-139
-149
-140
-123
-108
-76
-44
-2
42
85
137
170
204
228
245
249
233
216
180
136
89
38
-18
-70
-119
-157
-195
-221
-238
-252
-251
-253
-238
-216
-192
-159
-119
-84
-41
5
49
92
126
155
179
189
187
190
173
148
123
99
71
32
-1
-30
-58
-89
-104
-113
-122
-118
-107
-88
-69
-53
-20
13
49
78
107
143
170
185
194
199
181
156
126
83
33
-17
-68
-122
-166
-203
-224
-244
-250
-241
-230
-209
-181
-154
-112
-75
-37
0
39
78
106
138
160
177
187
194
188
170
146
120
83
47
9
-29
-66
-103
-127
-150
-159
-164
-160
-145
-121
-89
-62
-18
28
73
116
152
186
213
219
222
217
192
161
118
72
26
-23
-74
-115
-146
-178
-198
-208
-214
-216
-205
-182
-159
-132
-95
-59
-22
17
53
86
121
143
165
169
175
175
156
133
104
73
35
1
-40
-76
-99
-127
-144
-155
-155
-150
-139
-113
-89
-58
-21
14
57
93
127
164
188
211
221
220
212
185
149
110
62
17
-32
-80
-120
-151
-174
-190
-197
-194
-186
-172
-151
-133
-99
-74
-51
-18
4
36
62
79
97
112
124
127
121
116
102
79
60
28
-4
-27
-58
-89
-108
-125
-132
-131
-123
-104
-78
-49
-16
24
56
92
122
143
161
167
170
164
149
128
101
72
42
4
-22
-51
-81
-99
-117
-132
-138
-141
-143
-135
-129
-118
-103
-86
-64
-43
-23
-2
25
47
63
81
93
100
108
103
99
86
68
47
19
-4
-35
-56
-75
-92
-97
-100
-88
-74
-55
-26
1
33
61
87
107
122
128
129
119
100
91
67
36
18
-3
-20
-42
-58
-65
-77
-80
-86
-87
-77
-82
-83
-76
-74
-75
-65
-49
-44
-29
-8
10
29
49
65
78
89
91
89
83
67
53
28
6
-19
-36
-47
-56
-61
-57
-35
-29
-15
12
32
47
59
76
83
81
73
59
50
36
15
5
-9
-20
-25
-38
-41
-36
-32
-30
-25
-27
-28
-32
-43
-52
-53
-57
-63
-57
-53
-43
-32
-22
0
19
32
55
64
68
69
68
54
40
33
12
-3
-17
-27
-37
-41
-39
-31
-21
-9
7
17
35
41
42
47
44
32
18
14
-2
-16
-21
-28
-26
-22
-20
-10
-3
2
10
14
7
6
1
-7
-18
-30
-33
-37
-38
-39
-35
-23
-10
-4
11
26
29
39
46
45
40
33
20
7
-6
-18
-29
-34
-33
-30
-19
-12
-6
12
16
21
30
34
31
29
17
4
3
-18
-27
-25
-32
-26
-21
-16
-10
2
13
20
27
27
28
21
11
0
-11
-17
-19
-19
-10
-6
8
24
34
43
49
54
48
38
22
6
-3
-28
-46
-52
-66
-69
-67
-62
-52
-38
-25
-14
6
13
21
33
32
30
32
24
20
11
7
1
-3
0
-11
-8
-6
-7
-1
-4
-4
-1
0
-1
-2
-7
-7
-7
-10
-9
-2
4
16
34
39
48
55
56
59
52
47
36
18
6
-16
-38
-51
-63
-73
-76
-78
-75
-64
-57
-47
-36
-16
-6
1
10
17
23
20
28
29
31
35
29
35
36
37
39
38
35
28
18
10
4
-2
-11
-17
-24
-26
-30
-33
-27
-25
-11
-6
-5
15
15
24
36
33
41
43
38
32
24
7
-3
-10
-31
-40
-49
-57
-63
-72
-72
-70
-64
-62
-59
-45
-33
-23
-12
-2
16
29
37
51
57
68
76
74
77
78
81
73
68
61
46
35
18
3
-16
-27
-37
-46
-52
-57
-48
-47
-40
-30
-25
-11
-6
-7
2
12
9
6
14
15
9
2
-4
-9
-19
-29
-35
-48
-56
-60
-65
-69
-64
-59
-49
-40
-28
-8
9
25
44
59
74
85
92
103
107
105
101
102
92
76
65
56
43
19
5
-13
-28
-44
-59
-63
-69
-74
-71
-76
-70
-63
-55
-45
-38
-21
-17
-14
-12
-11
-4
-2
-3
1
3
-6
-11
-13
-15
-15
-17
-23
-24
-28
-34
-30
-28
-23
-12
2
10
26
40
49
67
77
86
93
91
93
88
81
73
62
50
33
14
-5
-16
-36
-48
-57
-65
-68
-76
-79
-75
-73
-75
-66
-65
-57
-49
-44
-31
-23
-16
-5
2
10
19
23
30
34
30
31
27
17
13
9
-1
-7
-7
-12
-10
-8
-2
12
16
27
39
45
53
61
61
63
63
50
47
39
27
21
22
11
0
-2
-15
-27
-34
-38
-45
-53
-60
-60
-70
-72
-72
-69
-53
-54
-46
-30
-20
-6
4
17
30
39
45
43
47
48
48
46
39
39
35
25
16
9
4
3
-6
-7
-6
-14
-12
-10
-10
-4
-2
0
11
11
15
19
23
20
21
22
11
9
6
-2
-13
-23
-32
-45
-55
-61
-64
-66
-64
-63
-60
-51
-41
-33
-14
-1
8
21
32
35
37
43
43
44
42
41
43
33
36
34
29
33
20
21
10
-1
-10
-23
-23
-36
-39
-42
-43
-39
-32
-22
-18
1
10
18
29
29
34
34
30
21
16
11
-6
-10
-20
-32
-30
-35
-35
-34
-32
-24
-19
-19
-13
-2
3
5
10
13
19
21
20
24
31
31
35
41
39
46
47
49
39
35
30
11
3
-20
-27
-35
-46
-52
-57
-54
-58
-49
-45
-37
-24
-16
0
1
8
18
18
19
18
20
18
21
15
14
18
13
14
11
9
9
5
1
-6
-14
-17
-19
-25
-29
-18
-14
-17
-5
2
8
11
19
27
32
41
37
35
42
30
19
15
0
-10
-23
-36
-40
-53
-54
-50
-55
-54
-51
-45
-40
-32
-27
-22
-8
-5
0
6
17
25
31
38
43
44
43
44
40
40
34
27
25
14
3
-6
-16
-17
-24
-27
-29
-29
-17
-23
-17
-5
-4
8
13
14
19
20
27
27
21
21
16
12
5
-5
-11
-15
-21
-28
-31
-30
-31
-35
-31
-29
-28
-26
-20
-14
-10
-3
8
13
24
32
34
45
46
46
47
46
41
36
34
22
16
10
-5
-10
-14
-21
-23
-26
-21
-20
-22
-20
-14
-12
-9
-3
-4
-1
5
3
6
15
14
18
21
17
6
9
4
-11
-13
-18
-23
-24
-29
-30
-28
-22
-21
-16
-7
-4
1
9
15
17
24
26
24
24
23
20
17
18
14
14
11
8
6
0
0
-6
-10
-13
-18
-24
-29
-30
-35
-32
-25
-24
-16
-9
-7
0
2
7
7
13
18
15
12
8
6
-2
-10
-13
-17
-19
-19
-17
-19
-15
-8
-3
3
8
9
12
18
16
12
15
14
11
9
8
6
6
9
10
10
8
12
10
10
7
2
5
2
-5
-12
-15
-18
-22
-16
-19
-21
-10
-11
-12
-7
-5
-1
1
3
6
2
3
4
4
3
0
0
2
2
-5
0
4
3
3
8
9
9
16
15
17
19
16
14
18
16
15
12
13
15
10
9
3
4
9
6
3
3
2
1
-3
-6
-11
-10
-10
-15
-14
-21
-18
-13
-16
-15
-8
-8
-2
-3
-7
-2
-3
-7
-5
-7
-8
-5
-7
-7
-5
-3
-5
-3
3
2
9
8
10
14
18
16
14
19
20
18
17
16
10
8
9
-1
-5
-1
-3
-7
-5
-2
-10
-7
-7
-10
-8
-11
-7
-9
-8
-12
-13
-12
-11
-9
-12
-8
-6
-4
-3
-11
-7
-9
-10
-8
-14
-9
-15
-10
-10
-23
-12
-7
-10
-4
-1
2
9
9
10
13
21
20
19
24
23
24
24
21
19
16
12
4
2
2
-6
-5
-6
-11
-8
-12
-11
-6
-4
-1
-1
3
0
-6
-2
-3
-2
0
-3
0
0
-4
-8
-5
-9
-8
-7
-11
-11
-13
-9
-9
-16
-7
-4
-11
-2
-4
0
4
6
12
11
16
16
22
29
23
33
29
29
31
20
23
17
9
7
-2
-10
-11
-13
-16
-14
-19
-13
-10
-15
-12
-6
-3
-1
2
4
2
4
3
0
-1
-2
1
-2
-6
-2
-6
-5
-6
-6
-7
-11
-10
-15
-17
-19
-22
-18
-19
-11
-5
-2
9
13
14
22
23
25
29
29
31
29
23
19
13
8
-4
-6
-8
-18
-16
-23
-26
-23
-22
-20
-18
-13
-12
-8
-7
-10
-5
-1
3
6
8
15
14
15
15
11
11
9
4
0
-2
-4
-13
-16
-15
-19
-25
-23
-20
-15
-10
-9
3
8
9
11
17
21
23
23
19
28
19
10
15
11
14
9
6
4
0
-11
-13
-14
-22
-15
-18
-19
-17
-23
-16
-14
-11
-4
6
9
11
19
15
17
17
18
15
16
10
7
10
1
-2
-6
-9
-12
-9
-13
-17
-8
-9
-11
-8
-5
-2
3
5
8
11
14
17
16
18
20
18
19
18
14
15
14
10
5
-1
-1
-9
-15
-12
-17
-16
-18
-15
-15
-17
-12
-11
-8
-6
-1
3
5
6
7
11
10
6
6
6
3
0
1
-2
-7
-8
-10
-12
-13
-17
-12
-9
-8
-10
-6
2
3
6
10
15
17
18
21
18
17
16
12
12
9
5
3
1
1
-3
-8
-4
-8
-13
-8
-12
-14
-15
-16
-12
-18
-22
-12
-14
-12
-7
-6
-2
-2
2
0
5
4
4
8
3
3
-6
-6
-3
-9
-10
-5
-8
-2
6
-4
5
8
10
16
11
17
14
17
20
14
9
12
17
8
10
8
11
13
6
5
3
5
-1
-1
-3
-8
-10
-11
-18
-23
-16
-23
-18
-16
-16
-3
-4
-4
-1
7
8
-1
3
5
4
5
2
0
5
4
0
1
2
8
9
8
11
12
9
9
9
3
4
7
7
3
7
10
7
9
9
13
13
10
12
12
4
3
-3
-10
-4
-12
-17
-12
-14
-20
-18
-17
-19
-17
-13
-11
-11
-8
-6
-4
-3
-4
-1
-1
-3
0
0
3
3
7
11
7
5
4
5
2
1
3
6
1
-2
0
-7
-4
-3
-5
2
0
1
6
1
10
10
8
10
9
6
1
-2
0
-3
-6
-5
-7
-5
-12
-15
-13
-12
-14
-15
-9
-15
-12
-6
-11
-7
-5
-2
3
-2
0
6
4
4
8
8
10
7
8
9
3
1
0
2
-1