-54
-71
-17
65
105
65
-21
-80
-75
-33
-8
-20
-47
-62
-57
-33
10
63
102
97
48
-9
-33
-11
30
43
6
-54
-74
-14
87
136
81
-21
-57
9
86
61
-57
-137
-87
37
92
29
-62
-66
16
77
48
-19
-24
50
121
104
9
-73
-82
-46
-32
-60
-84
-60
-14
-14
-84
-149
-112
34
176
193
93
1
9
81
114
75
20
-3
-19
-63
-101
-68
23
72
23
-50
-30
89
186
162
60
5
53
131
131
32
-91
-155
-146
-111
-99
-107
-92
-26
65
120
105
47
-7
-39
-54
-46
3
54
19
-131
-282
-275
-102
68
89
11
-11
59
103
38
-53
-41
58
106
40
-48
-65
-45
-65
-103
-71
29
82
35
-22
14
83
39
-120
-209
-89
128
201
60
-118
-132
4
107
67
-44
-84
-12
87
124
84
11
-47
-63
-35
8
18
-26
-79
-71
9
88
88
18
-46
-49
-21
-27
-78
-117
-89
-3
68
54
-41
-134
-122
15
181
239
143
-8
-69
-6
82
80
-9
-87
-81
-20
18
-1
-46
-79
-76
-22
85
200
239
164
40
-19
6
22
-47
-149
-158
-46
72
64
-63
-165
-121
38
166
146
10
-95
-62
57
102
-10
-171
-193
-34
144
163
37
-65
-41
32
38
-2
28
143
194
60
-178
-307
-239
-107
-86
-170
-200
-83
87
162
133
120
203
305
287
115
-87
-172
-124
-59
-83
-164
-185
-96
14
29
-36
-51
54
183
191
67
-57
-90
-95
-166
-264
-258
-131
-30
-60
-109
6
254
375
215
-41
-73
154
324
164
-209
-429
-324
-91
-5
-96
-174
-110
30
122
139
141
162
181
177
153
116
61
-5
-46
-41
-21
-43
-113
-163
-128
-17
94
145
141
122
100
54
-16
-66
-53
8
50
28
-32
-59
-15
65
106
60
-53
-152
-163
-71
60
129
76
-62
-170
-148
-2
155
201
115
-11
-79
-64
-12
26
24
-23
-96
-145
-115
-5
124
207
223
179
76
-70
-179
-153
-1
141
149
49
-28
-21
-2
-42
-101
-86
-5
39
-6
-76
-81
-16
58
98
90
20
-93
-150
-46
162
261
107
-178
-324
-226
-50
-6
-75
-76
64
199
172
37
-16
78
165
84
-104
-172
-17
190
175
-119
-436
-458
-145
212
298
103
-95
-74
87
148
28
-110
-91
54
146
94
-32
-131
-183
-205
-167
-38
120
184
118
24
17
85
123
66
-43
-124
-149
-132
-85
-14
36
1
-108
-182
-115
69
229
246
128
-26
-126
-132
-46
85
164
96
-90
-219
-132
124
316
253
-19
-270
-299
-98
167
286
168
-80
-231
-146
67
164
43
-110
-40
250
457
322
-55
-321
-256
-2
136
33
-154
-198
-55
117
134
-38
-261
-336
-169
127
306
204
-77
-257
-169
57
158
63
-34
70
306
403
210
-130
-354
-348
-206
-59
51
128
136
31
-139
-232
-131
125
363
410
229
-47
-220
-186
-34
39
-68
-234
-242
-25
240
301
89
-224
-388
-283
11
297
396
261
11
-157
-134
-5
48
-53
-201
-230
-102
54
88
-10
-116
-103
28
155
154
28
-94
-101
-28
-10
-97
-166
-70
153
289
197
-16
-124
-51
65
83
29
13
36
-7
-150
-259
-197
-5
144
148
79
46
56
39
-27
-75
-52
11
45
28
-5
-17
-3
29
69
97
81
8
-88
-142
-112
-33
10
-29
-90
-67
64
191
181
40
-86
-76
25
78
29
-24
28
153
201
91
-81
-152
-83
11
8
-69
-85
30
189
225
72
-154
-258
-149
71
215
184
45
-59
-59
0
42
42
25
11
0
-17
-41
-73
-102
-90
-23
48
42
-46
-123
-112
-62
-73
-132
-104
74
260
251
41
-145
-110
77
173
57
-133
-188
-74
57
71
-19
-121
-173
-141
11
265
464
408
87
-240
-287
-60
144
88
-133
-220
-57
151
145
-72
-265
-268
-140
-27
24
50
46
-10
-62
-6
140
194
27
-236
-330
-163
67
117
-14
-99
22
253
369
269
53
-116
-158
-96
-1
57
44
-7
-23
18
41
-34
-157
-173
-20
160
169
5
-133
-89
58
117
45
-19
32
120
119
50
44
119
133
-12
-196
-219
-59
103
118
34
0
51
88
20
-126
-245
-259
-145
61
267
352
263
67
-100
-164
-152
-120
-79
-13
78
174
244
230
73
-198
-400
-335
-26
252
261
84
10
146
249
51
-345
-528
-267
192
402
224
-57
-128
-17
19
-115
-231
-136
105
260
222
103
33
3
-56
-113
-64
90
198
132
-43
-143
-91
5
19
-29
-35
8
1
-98
-185
-159
-78
-94
-217
-262
-71
260
453
337
22
-232
-259
-99
87
162
90
-65
-179
-145
31
215
256
127
-65
-203
-247
-221
-154
-72
-15
-11
-14
55
185
244
111
-157
-348
-311
-110
59
76
8
15
155
293
224
-61
-302
-220
138
402
308
26
-65
124
278
127
-169
-237
-24
132
-24
-306
-342
-80
169
155
-25
-114
-38
62
67
19
6
23
3
-64
-106
-49
98
231
221
31
-205
-267
-78
174
219
15
-191
-162
52
200
159
53
42
94
68
-50
-121
-69
-1
-54
-176
-178
21
266
334
174
-61
-193
-181
-96
-18
25
37
29
17
19
33
26
-31
-102
-100
19
182
250
166
6
-121
-190
-236
-247
-159
25
175
160
29
-39
36
111
4
-252
-416
-316
-45
169
222
190
152
84
-41
-143
-117
2
68
18
-37
31
180
231
103
-76
-119
-14
59
-40
-211
-220
5
256
263
10
-243
-261
-84
58
44
-26
-14
56
50
-68
-179
-168
-71
-11
-40
-86
-47
95
257
299
129
-176
-361
-223
131
338
183
-132
-217
17
254
179
-128
-307
-171
83
141
-63
-300
-319
-89
207
350
271
87
-15
31
107
60
-90
-168
-70
83
96
-45
-152
-80
83
143
58
-28
0
78
70
-28
-76
4
111
73
-132
-323
-287
-7
301
380
178
-98
-191
-45
159
217
105
-48
-122
-98
-27
39
62
28
-33
-68
-57
-37
-48
-67
-26
79
160
132
19
-68
-72
-50
-79
-129
-98
40
180
194
83
-40
-85
-69
-65
-99
-140
-151
-128
-85
-34
10
29
24
23
48
89
114
110
84
33
-59
-171
-230
-173
-42
40
-2
-82
-39
151
310
247
-5
-197
-150
32
93
-44
-192
-155
4
55
-67
-158
-21
245
343
150
-123
-195
-45
92
36
-120
-146
36
271
345
201
-37
-195
-198
-98
-13
-27
-117
-182
-141
-22
58
22
-85
-146
-97
20
121
164
153
97
10
-66
-83
-45
-20
-61
-135
-161
-110
-25
55
144
245
295
224
73
-23
7
67
12
-143
-217
-78
169
273
127
-106
-185
-82
-12
-144
-355
-353
-45
295
318
24
-211
-72
302
477
241
-153
-297
-95
180
233
49
-143
-144
38
218
214
7
-225
-272
-100
103
137
21
-60
-14
31
-68
-222
-200
49
288
276
70
-59
15
137
111
-41
-144
-108
-12
47
56
22
-89
-283
-441
-402
-145
163
322
277
122
-29
-109
-89
35
209
321
289
148
15
-40
-61
-125
-223
-247
-122
82
201
135
-57
-219
-251
-170
-56
38
108
159
184
181
159
129
85
17
-73
-168
-239
-243
-163
-51
-17
-115
-247
-230
-1
278
373
220
-23
-181
-230
-251
-261
-193
-23
158
251
271
288
299
227
67
-48
4
156
201
24
-256
-419
-366
-184
-15
78
110
81
-25
-170
-243
-178
-47
12
-26
-31
99
276
308
143
-46
-56
111
263
249
96
-69
-172
-206
-158
-15
157
214
81
-143
-268
-215
-94
-56
-113
-139
-30
169
332
387
353
269
139
-25
-148
-157
-84
-53
-125
-197
-134
30
101
-25
-209
-225
-29
171
147
-115
-392
-429
-161
232
471
429
245
161
239
282
96
-229
-388
-213
134
349
311
135
-32
-143
-184
-123
6
56
-67
-223
-175
78
238
67
-271
-390
-158
150
222
97
58
218
370
283
6
-208
-214
-104
-42
-74
-150
-232
-303
-312
-206
-28
94
86
17
-1
41
42
-63
-216
-278
-172
37
183
138
-72
-287
-369
-313
-210
-121
-37
38
50
-25
-116
-132
-98
-129
-256
-354
-290
-85
114
204
185
100
-7
-57
24
196
287
194
53
97
323
436
209
-174
-288
17
411
478
220
18
135
408
492
289
17
-80
17
159
227
221
196
185
178
154
112
88
122
199
237
169
25
-95
-134
-128
-124
-91
34
209
284
155
-108
-334
-420
-389
-304
-207
-152
-193
-309
-374
-299
-181
-212
-431
-644
-641
-439
-245
-195
-231
-252
-279
-380
-485
-415
-136
112
52
-288
-570
-520
-243
-69
-151
-286
-182
175
481
461
166
-76
0
350
686
783
675
587
680
882
983
870
664
599
781
1076
1251
1201
1030
916
916
942
897
800
748
785
853
869
812
709
587
459
348
282
249
186
38
-180
-388
-522
-589
-655
-768
-909
-1004
-1010
-968
-987
-1143
-1405
-1643
-1741
-1696
-1616
-1600
-1643
-1673
-1661
-1654
-1691
-1725
-1672
-1514
-1323
-1182
-1105
-1055
-997
-932
-881
-853
-837
-812
-756
-674
-590
-525
-461
-356
-194
-26
79
108
138
258
482
721
893
1004
1139
1349
1631
2011
2584
3369
4133
4504
4343
3955
3818
4112
4547
4697
4406
3857
3287
2737
2097
1344
650
224
70
-34
-338
-918
-1639
-2279
-2660
-2746
-2668
-2643
-2789
-3019
-3111
-2944
-2603
-2264
-1992
-1704
-1309
-847
-467
-275
-241
-243
-202
-151
-210
-461
-876
-1320
-1661
-1871
-2037
-2252
-2511
-2703
-2743
-2682
-2677
-2827
-3034
-3056
-2723
-2138
-1616
-1411
-1467
-1502
-1302
-930
-608
-462
-409
-305
-104
104
254
419
739
1243
1854
2611
3705
5086
6136
6121
5137
4342
4853
6488
7829
7675
6167
4439
3324
2686
1906
739
-470
-1255
-1543
-1761
-2504
-4067
-6048
-7475
-7467
-6067
-4332
-3474
-3776
-4427
-4329
-3058
-1052
945
2527
3830
5193
6626
7554
7259
5706
3931
3246
3964
4921
4558
2430
-380
-2390
-3069
-3072
-3320
-4110
-5085
-5820
-6269
-6671
-7202
-7736
-7939
-7526
-6530
-5324
-4389
-3917
-3625
-2985
-1731
-159
1137
1792
1933
1926
1969
1970
1733
1205
547
-26
-456
-909
-1583
-2395
-3002
-3119
-2745
-1905
-341
2176
5064
6813
6185
3752
1861
2637
5896
9205
10194
8649
6361
5115
5137
5342
4752
3403
2112
1538
1460
859
-1169
-4328
-7019
-7574
-5876
-3651
-3015
-4578
-7023
-8318
-7394
-4777
-1952
-156
408
542
1215
2647
4189
5182
5870
7071
8885
10019
8985
5895
2689
1284
1754
2476
1927
-42
-2506
-4529
-5735
-6207
-6231
-6146
-6171
-6261
-6285
-6317
-6575
-6942
-6825
-5727
-3947
-2469
-2035
-2418
-2657
-1974
-408
1281
2289
2344
1798
1204
802
424
-153
-838
-1333
-1604
-2061
-3069
-4367
-5167
-4958
-3939
-2510
-552
2285
5540
7652
7293
4962
2944
3406
6462
10097
11886
10937
8363
6103
5273
5566
5870
5377
4077
2517
1171
-54
-1714
-4103
-6530
-7662
-6838
-5063
-4300
-5669
-8268
-9989
-9329
-6582
-3382
-1324
-816
-975
-451
1447
4217
6682
8024
8359
8303
8262
8173
7852
7212
6232
4887
3312
1777
413
-1014
-2734
-4463
-5492
-5509
-5151
-5477
-6865
-8538
-9304
-8634
-7055
-5583
-4918
-5041
-5384
-5292
-4454
-3073
-1646
-535
278
988
1598
1839
1542
941
473
304
179
-245
-1020
-1932
-2767
-3370
-3602
-3399
-2956
-2570
-2132
-896
1805
5456
8217
8393
6264
4230
4730
7853
11193
12131
10263
7471
5838
5748
6054
5589
4244
2672
1467
685
-136
-1655
-4106
-6720
-8084
-7465
-5861
-5244
-6649
-9010
-10203
-8994
-6019
-2981
-1222
-884
-1071
-595
1162
3799
6278
7858
8658
9147
9360
8846
7531
6116
5393
5232
4699
3099
716
-1618
-3326
-4332
-4770
-4874
-5078
-5835
-7139
-8358
-8783
-8242
-7150
-6049
-5300
-5044
-5180
-5277
-4792
-3566
-2018
-735
65
525
793
864
781
690
641
482
76
-477
-989
-1461
-2021
-2588
-2871
-2738
-2476
-2437
-2478
-1860
140
3462
6910
8720
7849
5165
3210
4209
7901
11490
12159
9674
6396
4768
5157
6070
6054
4872
3181
1606
321
-884
-2357
-4192
-5865
-6470
-5754
-4804
-5236
-7364
-9590
-9811
-7510
-4160
-1769
-1173
-1717
-2075
-1276
775
3375
5586
6962
7732
8248
8376
7805
6811
6306
6729
7262
6506
4058
979
-1272
-2179
-2288
-2407
-2971
-4063
-5555
-7041
-7929
-7889
-7226
-6599
-6401
-6504
-6600
-6530
-6227
-5539
-4365
-2932
-1711
-1006
-692
-417
39
626
1142
1363
1154
581
-115
-695
-1106
-1437
-1749
-1998
-2144
-2195
-2201
-2184
-2000
-1202
772
3967
7286
8849
7498
4238
1931
2972
6967
10832
11580
9001
5577
3905
4530
6054
6788
5947
3806
1309
-511
-1292
-1721
-2793
-4558
-5886
-5875
-5160
-5318
-6911
-8698
-8896
-7032
-4262
-2249
-1879
-2796
-3630
-2890
-191
3217
5482
5973
5837
6543
8077
9053
8468
6984
6089
6317
6603
5540
2914
-49
-1881
-2152
-1768
-2102
-3805
-6238
-8019
-8261
-7354
-6524
-6618
-7404
-7981
-7750
-6860
-5884
-5214
-4763
-4121
-2995
-1595
-505
-119
-166
50
923
2046
2556
1967
674
-383
-594
-233
-89
-607
-1474
-2046
-2107
-2033
-2210
-2333
-1463
1123
4912
8044
8500
5888
2205
573
2670
7120
10539
10452
7439
4406
3808
5525
7402
7448
5438
2650
564
-232
-331
-921
-2620
-4684
-5701
-5263
-4644
-5368
-7347
-8804
-8213
-5852
-3428
-2410
-2951
-3980
-4061
-2333
801
3804
5201
4941
4432
5023
6677
8246
8838
8439
7415
5926
4203
2831
2302
2255
1661
-105
-2547
-4608
-5711
-6089
-6273
-6551
-6949
-7397
-7779
-7924
-7769
-7416
-6983
-6412
-5607
-4687
-3961
-3551
-3175
-2410
-1144
294
1427
1960
1924
1614
1423
1564
1860
1890
1416
632
-57
-489
-832
-1226
-1564
-1668
-1572
-1373
-849
521
2862
5323
6434
5426
3278
2230
3872
7495
10452
10424
7555
4296
3147
4483
6557
7278
5902
3235
716
-618
-712
-433
-846
-2216
-3773
-4609
-4761
-5082
-6067
-7057
-6977
-5593
-3843
-2885
-3070
-3767
-3957
-2890
-605
1938
3434
3378
2753
3221
5422
8127
9308
8010
5246
3048
2782
4077
5227
4548
1751
-1810
-4221
-4659
-4005
-3846
-4874
-6387
-7306
-7367
-7160
-7221
-7494
-7597
-7340
-6797
-6144
-5555
-5086
-4487
-3354
-1686
-140
548
431
355
1074
2460
3695
4049
3435
2330
1339
807
699
720
583
220
-265
-780
-1349
-1942
-2253
-1729
-1
2634
5047
5811
4272
1453
-281
1007
4879
8501
9055
6384
3141
2199
4075
6810
7999
6668
3640
666
-737
-256
947
1129
-456
-2797
-4218
-4185
-3757
-4152
-5291
-5971
-5377
-3987
-3021
-3190
-4099
-4595
-3716
-1493
918
2081
1585
596
879
3083
6016
7646
6901
4521
2406
2080
3536
5180
5060
2499
-1166
-3672
-3821
-2533
-1820
-2803
-4812
-6325
-6538
-5926
-5505
-5763
-6349
-6549
-6011
-5061
-4371
-4245
-4256
-3648
-2191
-534
435
529
460
1054
2384
3714
4232
3708
2581
1558
1156
1426
1920
1976
1218
-102
-1288
-1753
-1500
-1055
-984
-1347
-1584
-903
934
3099
4069
2980
790
-161
1723
5493
8262
7930
5284
3191
3733
6292
8454
8374
6169
3372
1603
1551
2608
3188
1956
-823
-3349
-4095
-3419
-3029
-3979
-5577
-6426
-6039
-5182
-4803
-5045
-5260
-4804
-3615
-2236
-1355
-1234
-1409
-975
658
3151
5339
6059
4985
2951
1475
1772
3703
5606
5468
2787
-733
-2595
-1869
-23
619
-884
-3472
-5376
-5722
-4967
-4183
-4139
-4823
-5597
-5769
-5214
-4453
-4071
-4002
-3578
-2328
-634
583
852
674
963
2050
3350
3952
3502
2472
1691
1608
1959
2060
1454
311
-773
-1387
-1661
-1964
-2404
-2715
-2722
-2613
-2579
-2262
-1013
1192
3216
3624
2174
396
401
2957
6583
8708
7956
5422
3652
4287
6730
8870
8942
6751
3649
1491
1270
2275
2684
1278
-1386
-3653
-4513
-4418
-4441
-5006
-5720
-6106
-6144
-6062
-5969
-5791
-5441
-4818
-3856
-2690
-1729
-1295
-1170
-687
646
2654
4630
5817
5815
4747
3337
2631
3289
4828
5764
4799
2112
-666
-1855
-1208
-28
86
-1359
-3453
-4791
-4684
-3661
-2911
-3231
-4358
-5284
-5188
-4117
-2802
-1939
-1651
-1586
-1348
-794
-42
695
1269
1693
2084
2479
2683
2423
1682
830
313
235
282
53
-580
-1397
-2032
-2262
-2130
-1899
-1847
-2075
-2389
-2344
-1455
345
2389
3496
2926
1282
339
1581
4685
7523
7982
5991
3649
3241
5072
7335
7937
6346
3710
1639
956
1356
1812
1337
-301
-2395
-3890
-4306
-4085
-4044
-4528
-5194
-5491
-5268
-4825
-4524
-4379
-4085
-3351
-2240
-1155
-507
-325
-208
340
1475
2904
4131
4741
4546
3666
2652
2291
2976
4115
4471
3291
1150
-542
-840
-79
550
107
-1344
-2890
-3573
-3170
-2344
-2038
-2652
-3715
-4370
-4153
-3369
-2693
-2509
-2600
-2481
-1929
-1140
-456
-36
209
453
757
1028
1102
936
699
647
828
989
819
307
-224
-449
-354
-192
-195
-411
-742
-1079
-1345
-1495
-1492
-1263
-659
380
1558
2205
1835
844
445
1592
3903
5831
6049
4657
3011
2481
3394
4950
5900
5398
3542
1376
182
483
1564
2058
1156
-706
-2335
-2905
-2588
-2174
-2223
-2694
-3214
-3526
-3595
-3471
-3186
-2808
-2447
-2169
-1921
-1590
-1125
-577
-14
581
1272
2015
2532
2492
1895
1292
1405
2381
3437
3475
2149
329
-651
-209
963
1579
868
-847
-2514
-3195
-2730
-1806
-1409
-2051
-3340
-4302
-4236
-3325
-2399
-2110
-2351
-2502
-2141
-1422
-801
-517
-393
-86
542
1278
1722
1636
1167
765
785
1184
1558
1511
972
215
-373
-551
-374
-154
-262
-850
-1700
-2387
-2615
-2441
-2118
-1799
-1392
-776
-41
507
670
624
849
1684
2952
4009
4281
3783
3153
3107
3822
4790
5249
4799
3673
2539
2012
2250
2845
3083
2456
1075
-375
-1167
-1111
-674
-549
-1099
-2149
-3174
-3670
-3470
-2825
-2245
-2126
-2453
-2809
-2702
-1941
-795
186
550
289
-137
-137
524
1505
2142
1995
1251
570
512
1025
1522
1436
725
-146
-646
-614
-344
-311
-774
-1570
-2258
-2511
-2372
-2162
-2170
-2399
-2595
-2481
-2020
-1475
-1182
-1204
-1247
-952
-296
367
680
650
602
791
1165
1458
1470
1205
845
616
634
779
753
338
-359
-972
-1228
-1203
-1225
-1531
-2049
-2480
-2578
-2342
-2014
-1874
-1995
-2109
-1789
-825
476
1463
1676
1289
995
1416
2577
3896
4652
4532
3834
3225
3233
3849
4536
4664
4033
3016
2228
1995
2126
2134
1671
791
-147
-787
-1027
-1031
-1062
-1272
-1619
-1936
-2088
-2079
-2026
-2016
-2000
-1825
-1419
-919
-598
-616
-854
-1005
-852
-454
-64
97
5
-220
-421
-490
-377
-132
74
24
-334
-779
-973
-797
-489
-430
-764
-1269
-1559
-1424
-996
-636
-646
-1012
-1387
-1366
-845
-138
287
237
-36
-96
242
738
968
737
275
4
133
451
571
334
-38
-199
-45
196
225
-35
-372
-499
-332
-82
-50
-328
-720
-942
-890
-695
-568
-619
-797
-946
-947
-818
-692
-652
-609
-364
162
804
1247
1292
1039
857
1105
1833
2691
3169
3022
2494
2133
2307
2877
3329
3242
2648
1976
1651
1742
1935
1834
1297
561
25
-113
-36
-125
-583
-1250
-1768
-1919
-1776
-1599
-1609
-1839
-2123
-2226
-2026
-1636
-1342
-1355
-1598
-1757
-1558
-1033
-488
-237
-343
-603
-735
-581
-193
209
364
163
-239
-525
-502
-272
-117
-203
-437
-595
-569
-442
-373
-428
-532
-565
-481
-328
-175
-36
129
338
538
637
600
494
440
503
636
729
714
625
545
505
445
311
162
134
270
417
347
-22
-525
-884
-923
-699
-446
-400
-633
-1017
-1315
-1354
-1131
-812
-601
-591
-689
-703
-503
-156
138
228
165
166
409
852
1267
1431
1325
1135
1073
1213
1468
1697
1797
1739
1555
1331
1183
1187
1307
1395
1297
988
600
321
244
298
317
184
-85
-375
-584
-698
-758
-789
-771
-698
-625
-644
-786
-969
-1046
-930
-687
-498
-510
-693
-853
-811
-582
-353
-294
-398
-525
-544
-432
-256
-133
-161
-345
-556
-613
-446
-170
21
45
-28
-86
-80
-14
112
295
479
571
522
390
293
307
416
531
561
477
331
215
181
195
165
34
-156
-297
-321
-276
-271
-357
-474
-533
-526
-534
-613
-716
-731
-613
-445
-364
-431
-585
-700
-690
-570
-440
-404
-502
-666
-762
-692
-487
-297
-260
-376
-495
-446
-193
133
343
351
242
197
332
605
866
997
1010
1004
1051
1136
1200
1219
1218
1243
1309
1385
1395
1270
1020
761
629
657
727
674
432
91
-186
-298
-267
-195
-178
-253
-387
-509
-557
-517
-417
-302
-195
-105
-52
-66
-132
-172
-97
93
284
333
200
-10
-134
-99
14
42
-107
-371
-584
-620
-497
-351
-310
-397
-528
-604
-588
-513
-425
-343
-262
-189
-150
-164
-199
-182
-60
135
283
284
144
-15
-71
-16
36
-25
-193
-337
-342
-231
-160
-258
-493
-692
-722
-611
-510
-527
-630
-708
-687
-588
-482
-424
-419
-420
-349
-165
75
244
259
180
155
276
482
625
615
501
410
434
549
647
625
480
317
257
327
431
444
331
179
105
148
233
252
158
11
-80
-40
114
290
383
348
228
132
148
273
417
487
458
362
241
123
52
81
211
348
357
181
-96
-318
-385
-315
-198
-121
-135
-246
-408
-517
-482
-315
-147
-114
-233
-384
-432
-348
-209
-108
-73
-74
-73
-59
-47
-43
-40
-15
48
136
209
220
158
62
-5
-7
42
100
121
87
14
-53
-76
-58
-46
-78
-140
-187
-190
-165
-145
-148
-169
-199
-221
-203
-132
-40
8
-17
-72
-81
-18
82
160
181
143
72
16
29
114
205
209
99
-53
-133
-84
56
185
207
103
-58
-163
-154
-66
18
56
60
51
22
-20
-28
39
141
172
77
-68
-124
-40
93
147
79
-60
-195
-285
-305
-245
-138
-66
-88
-178
-255
-268
-232
-181
-112
-20
54
44
-58
-168
-173
-45
134
242
210
71
-73
-106
25
261
456
473
299
62
-61
25
271
530
649
560
309
38
-93
-13
204
381
373
172
-92
-258
-250
-124
-6
9
-76
-180
-228
-213
-174
-147
-135
-124
-109
-96
-83
-61
-23
36
117
197
224
164
55
-7
39
155
236
217
119
12
-50
-51
-7
42
40
-44
-171
-253
-230
-126
-29
-15
-88
-199
-278
-279
-196
-78
-4
-26
-128
-229
-254
-187
-73
22
58
29
-37
-92
-96
-46
27
77
79
30
-54
-140
-173
-106
45
177
170
2
-206
-272
-116
158
334
262
-16
-293
-360
-161
173
421
436
233
-33
-178
-107
124
351
413
271
33
-132
-120
40
229
324
273
115
-55
-138
-85
62
198
220
98
-108
-287
-350
-280
-135
-13
2
-106
-267
-366
-320
-148
42
129
77
-43
-115
-83
17
100
121
97
67
56
67
104
159
196
177
103
25
-5
15
48
63
61
48
15
-44
-104
-121
-82
-24
-5
-51
-128
-181
-181
-147
-125
-136
-164
-177
-166
-142
-121
-104
-91
-92
-116
-149
-153
-97
5
107
159
150
110
85
100
147
192
211
198
169
140
123
116
106
86
66
73
121
181
193
126
19
-38
21
162
269
244
96
-63
-115
-32
110
190
131
-39
-203
-245
-152
-20
40
3
-73
-130
-153
-151
-121
-57
22
72
67
25
-11
-8
32
72
69
9
-68
-91
-25
87
145
85
-54
-158
-140
-15
119
168
116
13
-76
-115
-109
-80
-58
-55
-66
-83
-104
-145
-203
-242
-211
-110
-11
-14
-145
-315
-393
-308
-115
49
72
-56
-231
-319
-255
-92
52
86
7
-111
-166
-108
31
162
212
184
135
125
157
197
217
221
228
238
226
177
116
81
85
91
56
-24
-112
-159
-147
-93
-46
-48
-98
-146
-139
-78
-14
9
7
26
80
131
132
79
21
19
97
222
319
321
228
117
80
140
223
237
164
59
-16
-52
-66
-68
-59
-55
-80
-127
-147
-108
-33
16
9
-28
-44
-24
7
21
15
12
44
120
204
231
157
19
-78
-50
70
155
96
-96
-300
-390
-333
-211
-151
-229
-405
-552
-557
-423
-258
-177
-202
-259
-257
-167
-22
115
199
218
204
203
240
302
353
376
377
368
333
255
137
21
-51
-65
-55
-74
-152
-268
-369
-415
-404
-378
-376
-399
-405
-356
-254
-139
-51
-1
29
66
129
210
275
290
264
260
326
432
485
427
307
234
252
298
278
172
43
-43
-80
-104
-147
-219
-303
-365
-359
-270
-145
-67
-81
-136
-136
-36
114
222
245
210
170
158
187
249
316
334
275
178
127
159
217
206
95
-48
-130
-129
-96
-95
-149
-236
-317
-356
-345
-303
-267
-258
-262
-249
-208
-157
-117
-86
-41
31
107
147
140
118
135
208
286
294
207
86
25
65
148
177
107
-16
-112
-139
-125
-124
-165
-223
-256
-245
-213
-198
-213
-235
-231
-187
-116
-37
38
103
152
181
193
200
219
261
320
374
394
366
301
223
155
108
77
45
-4
-77
-156
-211
-214
-169
-115
-103
-159
-253
-313
-287
-186
-83
-44
-70
-107
-99
-41
37
101
141
171
200
224
229
209
180
168
186
221
233
190
97
-6
-76
-103
-115
-135
-168
-196
-214
-230
-253
-275
-277
-254
-223
-216
-249
-302
-323
-273
-157
-31
42
45
7
-19
3
79
188
278
298
235
135
65
60
97
130
122
65
-20
-97
-127
-101
-56
-52
-109
-180
-198
-136
-39
32
51
38
25
29
48
85
142
213
272
295
272
227
199
217
269
307
283
184
51
-54
-97
-87
-64
-73
-137
-236
-311
-302
-203
-86
-36
-77
-147
-159
-86
29
117
141
116
85
88
137
203
244
237
197
160
151
161
161
132
82
25
-25
-69
-114
-168
-232
-288
-303
-267
-214
-204
-262
-338
-338
-219
-39
86
85
-4
-80
-75
2
99
176
210
183
100
8
-28
12
72
77
6
-92
-157
-165
-138
-109
-102
-123
-163
-196
-194
-153
-97
-54
-34
-30
-33
-35
-19
39
141
241
280
242
176
153
196
261
290
261
201
147
118
115
130
143
122
48
-67
-170
-215
-199
-158
-134
-144
-178
-218
-245
-237
-182
-93
-11
20
-3
-39
-34
29
119
179
173
120
72
68
105
145
152
120
62
-8
-77
-130
-148
-127
-87
-54
-48
-69
-110
-151
-164
-126
-43
43
85
66
20
2
42
123
197
227
209
163
112
80
76
91
95
65
8
-45
-76
-94
-125
-182
-249
-291
-290
-254
-215
-198
-202
-202
-174
-114
-36
37
87
113
131
160
208
259
286
274
239
211
203
203
186
147
104
79
75
70
40
-25
-111
-185
-214
-189
-139
-107
-117
-155
-183
-178
-147
-114
-89
-63
-21
28
56
46
15
5
42
112
166
160
98
22
-19
-14
14
24
0
-52
-105
-138
-142
-125
-106
-101
-109
-114
-102
-76
-50
-36
-24
6
59
109
130
120
105
107
119
125
125
139
170
191
170
108
43
10
7
6
-12
-41
-71
-99
-123
-139
-138
-126
-117
-119
-129
-138
-147
-152
-142
-104
-42
22
66
81
78
79
96
123
137
123
93
72
71
78
74
58
38
18
-8
-46
-79
-87
-61
-17
20
30
5
-45
-92
-104
-65
-1
45
46
12
-26
-43
-32
2
36
46
18
-30
-61
-46
3
44
45
9
-33
-54
-50
-33
-15
-3
2
-1
-15
-43
-75
-88
-56
15
78
73
-8
-107
-145
-92
5
65
44
-35
-108
-119
-56
40
106
95
19
-58
-65
27
179
324
400
386
297
179
84
51
94
216
404
599
670
469
-32
-645
-1051
-1034
-655
-200
50
-18
-331
-720
-999
-1031
-789
-372
52
340
417
278
0
-267
-354
-183
173
560
837
936
842
583
240
-37
-78
205
739
1304
1607
1412
668
-391
-1312
-1676
-1376
-682
-20
310
248
-108
-589
-991
-1114
-867
-352
177
477
456
195
-137
-371
-382
-127
311
725
896
743
382
32
-132
-55
204
508
687
618
306
-104
-421
-531
-446
-267
-96
0
-9
-122
-302
-465
-518
-418
-204
24
160
146
-1
-187
-292
-247
-83
91
182
180
142
117
112
102
80
66
96
179
272
293
198
47
-39
-2
87
110
34
-64
-101
-74
-39
-35
-46
-44
-31
-30
-36
-5
97
243
340
293
74
-246
-533
-659
-579
-350
-91
98
170
123
-16
-181
-281
-245
-77
149
342
439
413
284
110
-24
-45
61
235
361
332
122
-184
-430
-489
-340
-70
181
293
206
-48
-345
-525
-487
-248
75
325
392
269
60
-87
-101
-26
39
46
24
28
101
264
495
694
699
397
-157
-741
-1099
-1109
-832
-438
-93
92
74
-119
-390
-604
-664
-545
-285
45
347
499
419
153
-122
-218
-90
159
387
528
581
550
428
254
117
88
152
223
226
151
29
-117
-275
-412
-461
-356
-100
227
511
665
654
492
237
-22
-205
-285
-306
-336
-398
-448
-421
-315
-205
-160
-160
-121
2
142
199
144
46
-18
-33
-21
6
55
101
97
27
-50
-52
46
191
317
386
375
260
46
-185
-318
-305
-211
-143
-147
-188
-211
-187
-117
-13
95
163
158
87
1
-48
-39
11
75
133
182
213
210
160
80
12
-12
-6
-17
-68
-125
-137
-101
-71
-89
-135
-148
-100
-33
-8
-26
-32
16
88
111
58
-22
-48
7
90
134
118
74
37
17
16
45
110
188
233
211
127
8
-107
-177
-172
-88
24
84
37
-104
-255
-324
-267
-118
43
151
190
177
125
38
-60
-111
-71
42
156
211
208
181
153
129
139
242
459
686
722
432
-109
-644
-924
-873
-587
-216
124
339
342
107
-264
-574
-661
-517
-258
6
248
466
594
522
224
-166
-439
-476
-328
-138
-15
8
-54
-183
-343
-466
-476
-351
-148
35
125
102
-5
-133
-210
-187
-71
94
266
434
588
703
760
764
724
626
443
175
-137
-433
-650
-752
-741
-661
-567
-493
-441
-399
-350
-279
-165
1
209
424
593
669
625
476
281
119
60
131
291
454
531
479
329
152
8
-98
-191
-281
-344
-359
-347
-345
-355
-340
-294
-267
-294
-323
-255
-69
134
230
205
160
188
268
307
248
129
28
-13
-4
35
72
63
-20
-142
-208
-156
-30
69
72
-17
-159
-306
-410
-415
-308
-141
-12
18
-31
-82
-78
-21
48
110
185
294
418
497
482
389
284
227
218
207
139
0
-174
-315
-363
-306
-198
-121
-119
-154
-144
-53
70
140
129
77
35
8
-8
22
142
328
484
545
559
615
700
688
476
131
-155
-242
-150
-6
85
85
-39
-327
-754
-1156
-1312
-1116
-673
-209
86
129
-65
-402
-708
-784
-543
-92
349
609
659
558
374
175
57
98
283
497
619
596
429
131
-243
-555
-646
-484
-209
-8
43
-20
-158
-367
-595
-703
-577
-276
4
110
55
-37
-79
-56
32
196
406
565
591
501
376
252
97
-77
-166
-71
167
374
394
202
-120
-459
-709
-767
-567
-145
356
754
920
813
459
-51
-535
-752
-546
-8
555
831
722
372
0
-273
-457
-593
-637
-464
-27
501
791
617
61
-550
-901
-874
-549
-93
309
506
439
199
-24
-88
0
119
168
141
98
83
92
92
48
-70
-258
-447
-516
-377
-75
231
400
419
368
293
162
-36
-206
-221
-74
87
117
27
-42
3
105
126
9
-176
-313
-335
-241
-58
161
324
331
160
-98
-310
-417
-445
-408
-246
115
610
1007
1069
759
273
-141
-368
-423
-332
-99
196
372
285
-6
-279
-369
-308
-240
-226
-176
27
372
677
709
361
-224
-711
-789
-426
81
337
183
-178
-398
-311
-60
103
93
41
89
183
127
-148
-449
-487
-184
216
383
209
-117
-314
-277
-110
39
139
261
424
508
345
-91
-593
-841
-676
-246
124
240
205
250
417
487
239
-260
-667
-670
-256
297
650
624
285
-123
-347
-290
-60
145
206
144
56
38
146
344
466
313
-121
-531
-544
-110
410
608
420
91
-164
-309
-333
-142
242
515
353
-149
-484
-297
192
478
377
158
77
17
-246
-613
-703
-329
274
751
958
913
565
-129
-897
-1183
-666
313
997
904
228
-438
-659
-429
-42
194
148
-62
-177
-52
164
168
-115
-377
-274
116
338
101
-362
-602
-505
-331
-260
-127
252
682
749
335
-207
-461
-363
-138
40
156
205
129
-40
-146
-104
-44
-126
-265
-202
136
466
453
102
-245
-294
-90
76
5
-220
-328
-123
310
645
581
113
-455
-759
-624
-127
473
830
660
-4
-724
-969
-622
-95
128
18
-59
124
346
257
-123
-395
-265
116
375
346
169
40
-1
5
71
215
345
310
84
-178
-318
-322
-256
-141
30
185
220
140
63
59
60
-1
-59
-32
8
-65
-171
-65
281
489
185
-438
-707
-242
531
805
307
-401
-572
-88
475
533
92
-341
-350
-20
227
117
-203
-362
-168
198
390
239
-100
-315
-222
113
453
557
333
-80
-371
-284
103
388
240
-191
-393
-71
454
550
-22
-794
-1027
-436
530
1095
850
89
-491
-440
67
455
339
-130
-476
-394
1
350
384
108
-264
-481
-425
-198
-23
-1
-10
92
198
48
-352
-577
-244
444
854
643
119
-218
-278
-309
-364
-205
214
481
222
-335
-574
-270
173
330
310
457
690
518
-227
-991
-1037
-298
534
751
306
-283
-542
-429
-202
-45
91
313
524
447
-41
-617
-716
-135
652
934
523
-71
-275
-89
39
-128
-354
-344
-192
-189
-323
-262
109
409
221
-297
-528
-141
490
728
375
-201
-532
-476
-186
137
370
460
409
263
55
-203
-431
-463
-218
136
326
293
258
383
507
361
-4
-244
-192
-86
-205
-414
-344
47
358
276
-11
-131
-87
-203
-523
-621
-197
401
559
223
-16
238
600
426
-254
-709
-446
171
433
196
-57
9
125
-112
-570
-689
-218
435
688
437
84
-22
42
-5
-217
-346
-190
126
288
175
-22
-71
4
-13
-202
-370
-296
-27
191
226
174
130
17
-227
-400
-212
279
602
378
-175
-454
-188
244
284
-114
-446
-296
160
389
138
-287
-390
-26
479
665
348
-269
-788
-906
-586
-44
405
536
336
8
-196
-179
-49
64
189
401
558
366
-214
-749
-750
-287
54
-84
-344
-117
603
1127
886
100
-531
-629
-397
-158
45
288
470
421
208
65
25
-122
-424
-564
-275
184
257
-182
-591
-403
271
768
652
146
-223
-221
-20
135
168
97
-80
-308
-397
-194
190
426
316
9
-173
-96
73
110
-11
-141
-188
-221
-320
-401
-275
105
508
607
296
-209
-583
-663
-489
-154
269
645
766
527
88
-244
-322
-254
-183
-75
170
464
551
305
-102
-402
-504
-463
-289
46
407
490
170
-268
-385
-83
288
361
139
-106
-218
-278
-374
-421
-266
95
486
702
625
262
-233
-583
-552
-161
305
551
510
300
33
-236
-445
-519
-492
-486
-503
-346
107
598
661
181
-380
-471
-104
183
14
-353
-372
94
617
726
399
-18
-237
-221
-58
168
328
266
-31
-335
-381
-159
82
123
-10
-135
-141
-75
-36
-58
-89
-54
75
252
376
342
118
-204
-444
-442
-193
133
319
284
149
81
93
43
-145
-319
-246
101
448
492
215
-107
-209
-93
41
57
20
55
157
191
49
-223
-465
-522
-340
-11
271
343
228
107
111
162
92
-90
-174
-30
171
131
-185
-482
-463
-157
176
358
412
395
269
-7
-324
-484
-392
-129
145
312
324
204
38
-87
-158
-202
-173
22
316
414
91
-438
-653
-314
216
366
31
-352
-381
-147
-11
-88
-150
-16
195
267
196
147
170
111
-133
-387
-346
56
508
611
272
-222
-512
-497
-339
-207
-104
34
175
217
162
117
114
25
-227
-456
-377
13
365
379
168
85
216
246
-98
-621
-821
-466
142
505
421
91
-178
-237
-119
57
136
-1
-306
-527
-406
37
471
554
252
-149
-327
-189
100
286
218
-41
-260
-219
78
388
435
165
-206
-393
-287
-27
135
51
-187
-317
-163
165
341
164
-184
-299
-12
390
471
163
-144
-74
264
394
64
-427
-578
-286
42
7
-295
-405
-78
408
572
260
-211
-412
-218
134
312
187
-102
-319
-325
-157
43
151
148
106
123
225
318
251
-14
-299
-338
-71
222
186
-187
-494
-346
165
539
425
1
-254
-118
161
221
20
-163
-119
38
57
-91
-175
-17
237
258
-57
-416
-427
-41
367
392
20
-387
-467
-187
192
383
281
-26
-348
-496
-369
-24
343
520
438
209
23
-13
42
31
-142
-388
-478
-262
133
371
219
-194
-465
-312
150
517
487
124
-237
-329
-165
38
118
105
112
143
77
-137
-339
-315
-83
93
37
-92
-28
201
261
-7
-312
-253
137
414
279
-62
-211
-88
53
42
5
102
239
198
-31
-222
-208
-67
30
30
-20
-106
-226
-282
-146
136
318
228
-16
-143
-52
105
139
43
-65
-103
-73
4
109
195
212
164
102
42
-53
-171
-224
-167
-95
-120
-173
-64
221
408
229
-195
-436
-237
191
434
348
152
79
112
90
-30
-143
-174
-155
-117
-45
32
-8
-206
-374
-261
107
387
298
-28
-208
-70
170
221
74
-56
-46
12
-13
-90
-94
27
193
284
232
48
-175
-304
-267
-141
-90
-163
-210
-61
237
431
353
112
-47
-33
23
-15
-98
-81
52
147
78
-84
-148
-31
153
217
85
-164
-376
-438
-328
-114
93
218
255
241
192
98
-33
-140
-152
-56
79
166
173
147
140
125
18
-211
-456
-530
-344
-15
213
181
-33
-198
-156
20
126
62
-52
-25
161
319
278
87
-53
-43
9
-36
-152
-190
-84
60
88
-35
-205
-295
-265
-164
-57
42
164
307
380
261
-61
-411
-552
-393
-65
224
369
384
295
114
-98
-220
-190
-89
-32
-4
115
317
391
161
-237
-433
-219
205
451
349
72
-114
-130
-87
-102
-183
-244
-198
-27
175
242
92
-155
-255
-96
176
322
267
140
66
11
-115
-269
-286
-90
168
259
112
-123
-238
-163
14
153
163
41
-125
-197
-86
140
282
194
-42
-189
-109
71
102
-90
-291
-241
66
359
368
84
-260
-422
-322
-56
201
293
173
-52
-182
-98
114
240
162
-18
-103
-25
91
84
-49
-159
-125
7
78
6
-126
-163
-52
97
130
12
-136
-169
-67
44
36
-79
-149
-43
192
357
285
13
-246
-306
-165
28
131
133
106
94
73
16
-43
-51
-9
38
72
115
159
131
-21
-229
-335
-253
-61
80
83
4
-45
1
115
210
202
76
-88
-169
-117
-4
57
54
78
191
307
267
28
-258
-384
-294
-119
-21
-27
-47
-7
62
79
30
-12
19
89
102
21
-74
-70
47
161
145
-6
-161
-188
-87
24
57
48
87
153
108
-115
-361
-384
-143
113
131
-35
-87
109
319
229
-129
-379
-247
110
302
183
-22
-45
74
85
-104
-278
-181
148
399
335
35
-221
-264
-161
-72
-44
-2
95
150
47
-167
-281
-167
52
138
56
22
202
441
429
105
-235
-288
-98
44
-3
-76
3
128
49
-243
-438
-270
135
403
338
77
-152
-293
-376
-340
-92
250
378
143
-212
-303
-60
204
200
5
-85
51
223
193
-34
-249
-276
-128
54
143
107
0
-82
-69
17
74
23
-105
-182
-119
37
149
131
19
-73
-61
35
122
117
41
-6
40
107
52
-147
-317
-258
24
298
342
162
-61
-179
-209
-239
-280
-257
-122
74
235
309
293
193
43
-64
-33
104
188
114
-19
-22
127
233
123
-116
-246
-173
-41
-15
-65
-46
64
132
68
-37
-42
47
104
77
43
59
68
3
-80
-67
32
82
8
-103
-122
-49
6
-3
-6
69
170
179
50
-137
-259
-249
-122
44
148
117
-35
-206
-294
-264
-146
19
190
292
231
-16
-329
-505
-416
-102
265
499
501
290
-15
-272
-393
-390
-323
-223
-80
102
247
257
112
-83
-187
-142
-5
111
131
59
-34
-65
-13
47
18
-97
-168
-72
147
295
234
37
-108
-115
-73
-92
-144
-111
38
190
220
136
50
31
28
-41
-158
-199
-68
169
325
263
26
-196
-239
-102
78
161
112
11
-29
37
136
132
-28
-205
-186
68
309
244
-115
-408
-309
105
425
355
7
-269
-277
-123
-11
-4
-8
69
205
297
254
70
-154
-254
-139
94
227
143
-31
-72
57
147
10
-259
-375
-213
37
115
16
-34
96
258
226
-1
-200
-211
-113
-59
-50
44
242
374
292
80
-34
30
114
45
-127
-206
-110
25
26
-106
-210
-171
-36
69
88
62
46
34
-5
-65
-101
-82
-20
48
83
68
24
8
62
134
112
-51
-252
-321
-209
-39
34
-7
-39
31
150
181
62
-128
-260
-271
-178
-30
108
151
57
-85
-99
84
298
293
23
-272
-308
-60
219
269
76
-145
-187
-48
105
112
-28
-169
-172
-40
88
93
-4
-76
-42
53
108
100
98
154
206
139
-62
-257
-278
-112
75
112
-6
-118
-86
61
162
104
-59
-157
-90
77
186
151
27
-73
-89
-53
-23
-40
-101
-157
-128
24
228
330
242
54
-57
-31
8
-77
-234
-254
-43
226
274
36
-253
-304
-80
178
221
37
-154
-129
116
358
352
52
-340
-531
-376
5
329
369
131
-159
-257
-116
75
96
-65
-192
-91
168
316
181
-120
-325
-303
-136
28
121
143
87
-31
-116
-55
129
240
97
-238
-477
-370
43
461
596
401
73
-145
-155
-33
67
50
-53
-139
-123
-29
43
11
-87
-124
-31
111
140
-5
-196
-235
-71
152
253
197
82
-5
-69
-131
-138
-14
195
310
200
-51
-212
-155
2
28
-148
-347
-326
-41
293
409
225
-94
-297
-246
-15
182
183
18
-122
-84
76
164
79
-63
-88
0
29
-92
-219
-158
63
194
71
-170
-262
-129
52
100
40
18
80
133
112
67
55
33
-65
-183
-169
25
239
264
87
-90
-81
72
148
-7
-288
-414
-208
193
440
315
-38
-264
-181
52
162
100
41
102
182
143
30
-6
36
-22
-251
-429
-282
125
402
277
-59
-191
13
256
203
-102
-311
-208
54
183
102
-2
44
191
248
121
-93
-236
-232
-112
52
193
242
158
-25
-196
-256
-194
-85
-10
4
-21
-39
-8
73
140
98
-74
-267
-309
-132
145
326
322
206
85
-21
-139
-240
-242
-140
-48
-56
-100
-41
118
198
65
-183
-315
-252
-141
-128
-145
-17
257
445
359
91
-111
-151
-177
-308
-417
-269
139
502
536
283
35
-39
-51
-177
-377
-428
-206
149
382
387
267
156
68
-69
-250
-349
-244
20
245
270
131
2
-17
-5
-86
-232
-271
-103
156
303
268
159
88
43
-45
-150
-165
-45
114
187
154
93
56
11
-90
-216
-283
-239
