32
-11
-74
-88
-44
9
26
9
-8
-6
6
7
-5
-9
19
65
76
16
-78
-123
-80
-9
6
-35
-48
13
74
37
-70
-104
11
167
191
65
-54
-33
63
64
-71
-194
-154
7
111
53
-90
-180
-173
-130
-106
-90
-52
1
37
44
33
10
-28
-57
-46
4
36
4
-65
-91
-41
28
35
-29
-94
-98
-46
17
64
91
96
72
22
-32
-54
-28
31
78
78
52
60
126
183
150
43
-19
42
149
156
36
-80
-75
4
23
-59
-137
-111
-12
51
26
-42
-83
-80
-43
13
63
74
42
19
53
110
106
14
-94
-124
-69
-4
15
8
21
52
52
0
-60
-61
8
88
114
83
45
32
21
-26
-85
-91
-19
71
100
65
31
37
51
29
-12
-21
11
40
36
16
-2
-37
-103
-165
-170
-123
-79
-71
-80
-82
-92
-114
-108
-42
28
15
-74
-121
-49
62
68
-36
-115
-80
-10
-22
-91
-83
32
118
55
-84
-120
-7
105
75
-44
-80
40
206
260
174
54
15
73
159
189
134
38
-25
-16
27
29
-27
-81
-79
-42
-32
-54
-52
3
60
67
46
52
67
17
-101
-174
-108
30
80
-8
-112
-112
-61
-98
-223
-253
-52
256
388
218
-87
-244
-145
72
205
178
56
-67
-139
-145
-88
3
71
70
11
-45
-46
2
58
86
65
-6
-88
-97
9
144
145
-38
-234
-217
13
202
144
-68
-164
-58
58
-4
-161
-185
-37
77
-4
-164
-172
-8
113
43
-98
-98
48
130
17
-151
-145
57
242
230
82
-4
56
148
135
25
-51
-13
91
160
135
34
-76
-112
-34
102
171
103
-31
-103
-74
-23
-20
-30
17
104
137
72
-16
-28
37
93
65
-34
-127
-141
-67
31
67
14
-66
-97
-80
-69
-79
-60
11
64
29
-43
-32
73
125
15
-157
-192
-64
34
-51
-216
-238
-86
28
-63
-241
-247
-18
213
200
-29
-214
-175
6
115
58
-65
-109
-50
28
48
5
-61
-120
-148
-108
10
140
173
72
-53
-48
102
229
158
-69
-205
-75
204
325
141
-163
-277
-110
127
187
60
-53
1
154
223
129
-34
-118
-82
-3
18
-32
-85
-72
13
111
156
126
41
-57
-115
-81
64
252
353
276
74
-86
-77
56
144
83
-54
-96
21
177
198
55
-103
-112
31
181
207
121
37
31
81
126
134
116
90
67
65
85
83
2
-135
-209
-120
74
186
104
-70
-136
-35
80
40
-119
-190
-55
158
211
36
-179
-200
-14
157
112
-101
-250
-190
-12
77
-5
-148
-201
-127
-5
76
92
58
-5
-58
-53
18
67
-8
-183
-287
-210
-73
-107
-332
-468
-265
135
309
53
-338
-402
-67
274
239
-90
-309
-190
81
170
-7
-230
-260
-91
93
142
66
-28
-67
-56
-31
-14
-21
-56
-108
-148
-162
-158
-135
-79
-5
24
-42
-162
-218
-127
57
167
81
-137
-265
-150
104
232
104
-118
-184
-50
93
94
14
-7
28
-1
-106
-130
34
248
278
99
-56
1
175
217
55
-106
-51
174
319
238
62
27
192
382
401
243
72
37
147
301
394
381
285
176
135
193
291
328
262
169
161
257
350
326
195
73
56
131
224
275
265
190
70
-31
-51
2
48
43
30
76
152
161
76
0
31
119
123
4
-111
-105
-38
-68
-219
-324
-248
-87
-67
-246
-420
-358
-92
111
47
-197
-360
-290
-87
22
-79
-294
-417
-348
-181
-98
-177
-320
-386
-333
-230
-148
-102
-99
-167
-302
-411
-380
-209
-44
-27
-134
-215
-178
-97
-94
-162
-173
-61
64
50
-90
-177
-91
62
80
-76
-228
-205
-47
61
20
-90
-135
-70
57
192
300
333
264
145
87
135
210
213
156
130
164
175
98
-12
-48
-2
22
-45
-125
-91
64
208
241
209
214
253
242
176
178
313
428
297
-69
-352
-271
69
272
114
-194
-278
-57
180
150
-99
-291
-270
-127
-15
34
66
83
51
-2
-12
23
29
-21
-50
5
77
45
-86
-171
-117
-27
-65
-229
-331
-239
-49
36
-44
-144
-112
44
195
249
217
157
121
130
174
195
135
14
-71
-55
15
41
3
-28
0
48
59
51
81
135
127
33
-40
33
222
344
275
100
20
110
232
191
-27
-231
-230
-42
129
118
-34
-141
-80
84
185
132
-10
-120
-144
-121
-97
-56
37
160
231
196
92
2
-38
-58
-73
-42
66
166
120
-90
-280
-246
-9
190
177
42
3
101
155
21
-192
-248
-87
97
106
-27
-102
-13
145
207
124
-27
-153
-220
-228
-178
-86
0
28
-12
-87
-148
-162
-120
-47
0
-22
-94
-132
-70
53
103
-26
-280
-461
-387
-91
176
175
-56
-224
-112
147
230
42
-143
-29
302
465
249
-123
-281
-126
114
213
174
117
80
25
-28
-8
80
134
106
89
186
344
400
288
115
16
9
26
42
84
136
133
57
-11
3
52
30
-77
-150
-98
6
17
-75
-109
27
209
211
18
-120
0
242
282
31
-235
-228
-28
45
-131
-335
-337
-213
-184
-254
-209
16
176
29
-306
-491
-400
-235
-187
-188
-77
102
166
81
8
46
88
21
-69
-19
127
147
-38
-218
-155
84
204
72
-103
-35
264
483
371
23
-242
-235
-81
-23
-111
-152
30
345
516
381
65
-173
-212
-136
-81
-102
-175
-258
-294
-218
-57
49
-10
-133
-92
166
387
295
-44
-281
-198
43
143
33
-105
-107
-12
58
51
7
-24
-15
34
66
-9
-190
-312
-204
72
254
191
37
34
171
198
-22
-305
-372
-181
62
168
125
-6
-211
-451
-580
-462
-169
51
46
-76
-117
-51
-37
-183
-389
-472
-373
-197
-79
-63
-106
-130
-74
58
175
168
36
-85
-71
31
47
-100
-275
-285
-115
66
127
125
195
336
404
310
156
123
278
518
683
671
486
223
50
109
377
636
659
434
153
-10
-61
-96
-128
-82
54
187
244
264
298
280
117
-122
-204
0
332
507
431
260
166
157
163
202
322
440
381
125
-101
-81
94
120
-131
-427
-442
-143
179
250
99
-30
3
93
70
-65
-137
-24
174
242
99
-110
-194
-141
-111
-227
-436
-609
-683
-689
-658
-595
-526
-511
-573
-651
-659
-560
-381
-174
-5
45
-68
-276
-433
-447
-357
-268
-247
-296
-393
-507
-582
-582
-544
-537
-546
-471
-279
-101
-96
-217
-220
39
387
511
322
81
96
385
680
752
649
599
731
953
1062
956
700
463
395
548
838
1096
1163
1022
826
771
906
1079
1107
985
885
918
964
808
436
121
136
424
622
443
-16
-376
-375
-117
69
-27
-322
-558
-573
-434
-350
-458
-688
-831
-760
-574
-495
-623
-820
-875
-747
-600
-568
-589
-516
-355
-301
-495
-811
-957
-788
-461
-263
-337
-605
-899
-1111
-1198
-1148
-981
-781
-661
-684
-823
-979
-1036
-927
-686
-427
-256
-186
-170
-169
-172
-143
-25
177
343
341
171
-19
-96
-74
-62
-114
-186
-230
-265
-289
-193
133
590
872
760
391
170
374
870
1240
1193
846
600
717
1038
1145
827
340
144
401
799
919
695
447
470
689
772
544
194
54
255
611
834
797
602
421
352
392
505
649
758
773
702
616
549
437
207
-70
-188
-9
338
541
373
-103
-618
-920
-938
-769
-566
-445
-447
-557
-741
-943
-1083
-1094
-965
-747
-504
-276
-120
-105
-226
-345
-283
-21
260
364
292
208
213
214
67
-198
-376
-314
-85
105
132
44
-57
-130
-181
-193
-133
-6
149
295
422
511
535
485
400
347
390
564
836
1080
1144
990
763
668
752
857
816
660
562
593
614
457
160
-59
-51
107
221
183
22
-182
-375
-515
-572
-573
-593
-671
-759
-787
-774
-798
-884
-954
-933
-840
-755
-710
-676
-634
-615
-651
-732
-830
-943
-1069
-1167
-1174
-1096
-1024
-1042
-1128
-1187
-1169
-1127
-1137
-1190
-1199
-1105
-960
-870
-881
-929
-907
-767
-560
-367
-216
-59
155
404
603
697
730
811
1005
1265
1484
1591
1589
1532
1474
1466
1541
1699
1880
2003
2030
1980
1892
1786
1679
1609
1615
1676
1703
1611
1401
1166
985
868
772
681
609
546
437
238
-3
-177
-219
-178
-155
-207
-301
-388
-461
-554
-672
-777
-822
-813
-796
-812
-860
-914
-965
-1023
-1099
-1197
-1318
-1468
-1642
-1803
-1895
-1892
-1823
-1755
-1736
-1758
-1768
-1718
-1600
-1451
-1326
-1256
-1213
-1127
-936
-642
-321
-73
36
12
-81
-148
-94
128
488
872
1124
1138
922
628
443
486
738
1118
1567
2061
2522
2814
2842
2696
2618
2853
3510
4495
5509
6127
6062
5432
4717
4331
4274
4208
3877
3315
2672
1937
954
-334
-1699
-2745
-3208
-3186
-3081
-3305
-3978
-4834
-5452
-5580
-5308
-4916
-4577
-4217
-3698
-3054
-2488
-2137
-1902
-1569
-1035
-408
127
431
464
264
-39
-296
-439
-578
-888
-1416
-2005
-2459
-2741
-2988
-3294
-3581
-3699
-3642
-3566
-3599
-3685
-3622
-3262
-2634
-1916
-1322
-974
-826
-707
-458
-78
300
544
671
801
1031
1316
1512
1514
1368
1225
1265
1640
2410
3438
4511
5643
7082
8756
9833
9399
7715
6372
6713
8304
9340
8598
6547
4524
3181
2071
522
-1457
-3203
-4087
-4062
-3716
-3888
-5109
-7089
-8778
-9073
-7748
-5613
-3779
-2745
-2242
-1745
-985
-2
1061
2092
3072
4100
5291
6426
6869
6049
4212
2426
1666
1813
1837
892
-875
-2658
-3899
-4710
-5501
-6448
-7336
-7800
-7668
-7136
-6671
-6612
-6819
-6738
-5932
-4528
-3089
-2059
-1395
-753
70
922
1491
1610
1424
1246
1296
1481
1504
1152
491
-261
-970
-1628
-2233
-2687
-2912
-2939
-2920
-2992
-3200
-3393
-3280
-2524
-994
1096
3302
5373
7484
9853
12037
12946
12013
10262
9704
11255
13593
14364
12586
9414
6670
4978
3637
1861
-281
-2179
-3467
-4305
-5180
-6570
-8656
-10926
-12304
-11921
-10091
-8173
-7364
-7531
-7476
-6177
-3694
-819
1857
4307
6625
8511
9463
9362
8716
8180
7980
7767
7121
5925
4383
2660
768
-1267
-3195
-4683
-5620
-6246
-6931
-7844
-8873
-9738
-10206
-10162
-9676
-8943
-8163
-7356
-6363
-5044
-3479
-1916
-521
715
1845
2778
3358
3562
3563
3509
3366
2952
2191
1195
179
-730
-1543
-2337
-3154
-3923
-4531
-4878
-4980
-4918
-4818
-4757
-4775
-4731
-4281
-3013
-815
2004
5006
8009
10934
13283
14175
13298
11797
11583
13454
15956
16676
14588
10982
7893
6081
4697
2764
326
-1848
-3336
-4489
-5932
-7976
-10369
-12465
-13451
-12913
-11303
-9797
-9293
-9594
-9530
-8104
-5389
-2388
-4
1870
4200
7607
11219
13063
11926
8941
6848
7465
9757
10846
8834
4640
845
-941
-1437
-2406
-4567
-6961
-8237
-8170
-7800
-8328
-9959
-11772
-12472
-11489
-9465
-7734
-7087
-7035
-6307
-4222
-1446
694
1544
1685
2189
3518
5117
6038
5758
4558
3190
2268
1783
1260
296
-962
-1993
-2523
-2870
-3590
-4771
-5872
-6209
-5664
-4771
-4257
-4382
-4803
-4814
-3854
-1768
1215
4740
8437
11776
13955
14296
13042
11624
11762
13850
16375
17100
15135
11640
8551
6677
5339
3527
1100
-1340
-3302
-4849
-6360
-8121
-10175
-12185
-13506
-13553
-12472
-11189
-10646
-10787
-10599
-9084
-6297
-3252
-929
643
2355
5137
8995
12671
14411
13352
10516
8188
8022
9436
10168
8454
4754
1115
-949
-1833
-3027
-5312
-7940
-9553
-9648
-9049
-9072
-10267
-11965
-12857
-12155
-10235
-8277
-7144
-6638
-5791
-3954
-1487
634
1819
2387
3120
4436
5965
6944
6865
5897
4664
3699
2977
2080
729
-817
-2028
-2681
-3111
-3848
-5025
-6264
-6999
-6989
-6448
-5862
-5569
-5566
-5456
-4760
-3248
-1099
1423
4336
7834
11599
14396
14901
13240
11534
12189
15398
18519
18553
15102
10664
7879
7039
6364
4369
1272
-1687
-3729
-5071
-6395
-8222
-10530
-12718
-13822
-13355
-11946
-10996
-11254
-11988
-11632
-9441
-6155
-3152
-1079
571
2810
6175
10131
13236
13984
12099
9131
7540
8515
10696
11225
8528
3877
138
-1126
-991
-1755
-4383
-7627
-9549
-9585
-8986
-9367
-11080
-12907
-13323
-11869
-9529
-7763
-7206
-7124
-6198
-3828
-759
1602
2523
2600
3098
4646
6632
7790
7439
6053
4740
4127
3892
3216
1735
-91
-1444
-2000
-2261
-3029
-4572
-6258
-7167
-6952
-6168
-5657
-5811
-6273
-6426
-5846
-4450
-2267
683
4340
8349
11891
13868
13630
11855
10524
11512
14684
17653
17772
14716
10748
8391
7929
7588
5750
2623
-417
-2454
-3733
-5056
-6947
-9356
-11634
-12886
-12648
-11597
-11115
-11914
-13034
-12738
-10317
-6892
-4187
-2800
-1802
119
3440
7554
11218
13157
12650
10221
7694
7105
8829
10910
10582
6985
2137
-973
-1396
-956
-2029
-4920
-7768
-8855
-8451
-8240
-9260
-10927
-11861
-11364
-9864
-8318
-7348
-6852
-6116
-4466
-1967
478
1902
2250
2447
3452
5252
6908
7420
6600
5121
3931
3461
3346
2778
1339
-567
-2104
-2886
-3329
-4062
-5215
-6322
-6897
-6833
-6391
-5918
-5715
-5802
-5840
-5230
-3590
-1010
2119
5514
8934
11746
12944
12094
10347
9918
12040
15398
17159
15700
12208
9288
8316
8338
7540
5178
2046
-655
-2414
-3596
-4938
-6931
-9421
-11528
-12323
-11754
-10933
-11059
-12121
-12771
-11801
-9395
-6886
-5252
-4180
-2537
430
4414
8293
10787
11165
9753
8017
7662
9253
11442
11994
9774
5889
2626
1314
1187
468
-1690
-4415
-6237
-6681
-6636
-7287
-8845
-10443
-11061
-10511
-9466
-8706
-8327
-7765
-6428
-4364
-2267
-858
-241
207
1272
3157
5187
6350
6144
5028
3968
3596
3700
3586
2773
1449
190
-640
-1228
-2047
-3277
-4573
-5386
-5524
-5290
-5149
-5268
-5554
-5817
-5870
-5387
-4021
-1654
1455
4846
7913
9882
10155
9112
8376
9646
12927
16092
16690
14248
10751
8648
8571
8981
8039
5411
2301
-41
-1409
-2456
-3870
-5841
-8033
-9757
-10476
-10341
-10233
-10834
-11806
-12007
-10771
-8644
-6815
-5823
-5108
-3703
-1221
1899
4917
7377
9193
10293
10470
9684
8591
8280
9216
10322
9747
6767
2853
286
-178
1
-1037
-3490
-5915
-7057
-7127
-7226
-8027
-9255
-10232
-10462
-9887
-8816
-7743
-6915
-6111
-4887
-3171
-1437
-210
516
1291
2604
4337
5742
6086
5311
4160
3503
3558
3685
3107
1728
234
-695
-1101
-1621
-2700
-4056
-5032
-5289
-5107
-5003
-5270
-5773
-6177
-6115
-5342
-3777
-1547
1131
3982
6588
8285
8528
7629
7013
8242
11367
14433
15041
12781
9741
8406
9077
9842
8813
6009
2859
568
-720
-1562
-2638
-4409
-6736
-8782
-9647
-9423
-9202
-9893
-11076
-11482
-10404
-8442
-6678
-5564
-4680
-3427
-1568
812
3546
6360
8680
9760
9234
7767
6873
7722
9744
10814
9163
5343
1843
671
1355
1652
-20
-3080
-5710
-6805
-6803
-6861
-7608
-8777
-9629
-9637
-8833
-7772
-7036
-6682
-6131
-4828
-2968
-1385
-634
-311
507
2212
4161
5306
5175
4273
3537
3497
3843
3821
2980
1618
417
-263
-727
-1514
-2731
-3956
-4715
-4989
-5121
-5391
-5740
-5974
-5956
-5693
-5183
-4337
-2910
-636
2527
6006
8596
9176
7861
6423
7046
10203
13797
14957
12853
9593
8006
8798
10048
9490
6748
3336
873
-220
-625
-1311
-2893
-5280
-7592
-8813
-8809
-8602
-9197
-10392
-10945
-10054
-8230
-6706
-6083
-5849
-4987
-2978
-207
2458
4464
5944
7242
8178
8100
6977
6030
6671
8543
9381
7319
3294
282
77
1315
1185
-1363
-4681
-6540
-6440
-5638
-5557
-6624
-8311
-9643
-9788
-8625
-6962
-5832
-5470
-5132
-4091
-2527
-1232
-579
-98
887
2438
3898
4568
4310
3614
3128
3147
3349
3127
2157
762
-400
-955
-1109
-1370
-2048
-3064
-4077
-4784
-5080
-5082
-4968
-4902
-4890
-4769
-4250
-3089
-1187
1348
4219
6856
8449
8389
7051
6065
7177
10369
13331
13530
10899
8076
7578
9179
10356
9116
5802
2337
251
-301
-229
-717
-2476
-5189
-7575
-8496
-8150
-7907
-8672
-9829
-10018
-8862
-7376
-6710
-6793
-6536
-5032
-2411
347
2259
3134
3770
5197
7426
9020
8519
6339
4776
5514
7508
7913
5318
1390
-928
-596
655
380
-2051
-5118
-6879
-6749
-5784
-5559
-6776
-8650
-9601
-8683
-6556
-4881
-4681
-5316
-5273
-3825
-1707
-173
353
516
1141
2335
3518
4036
3755
3097
2660
2681
2875
2696
1914
817
-101
-652
-1078
-1707
-2602
-3522
-4187
-4477
-4487
-4431
-4544
-4843
-5052
-4746
-3705
-1994
205
2783
5443
7402
7752
6524
5275
6032
9193
12634
13521
11152
7837
6565
8006
9968
9830
7047
3345
816
229
781
923
-543
-3557
-6656
-8145
-7754
-6952
-7285
-8703
-9773
-9464
-8183
-7093
-6740
-6656
-5951
-4164
-1588
994
2938
4199
5149
5921
6132
5587
5001
5507
7116
8220
7141
4204
1605
1080
2001
2232
542
-2181
-4131
-4489
-3970
-3872
-4892
-6724
-8361
-8837
-7941
-6459
-5494
-5464
-5749
-5447
-4317
-2884
-1705
-784
228
1439
2495
2999
2932
2658
2558
2771
3113
3225
2792
1874
934
427
280
-27
-831
-1871
-2624
-2944
-3140
-3524
-4070
-4599
-5006
-5242
-5129
-4469
-3254
-1655
279
2582
4963
6577
6670
5604
5005
6440
9694
12545
12651
9959
6976
6348
8159
9998
9533
6719
3378
1269
797
1155
1057
-450
-3256
-6067
-7433
-7199
-6661
-7156
-8578
-9673
-9528
-8463
-7383
-6747
-6267
-5448
-4047
-2167
-168
1526
2781
3897
5133
6155
6306
5671
5334
6146
7354
7239
5168
2568
1324
1675
2081
1121
-1082
-3274
-4454
-4608
-4432
-4716
-5802
-7305
-8275
-7998
-6732
-5557
-5247
-5478
-5258
-4109
-2546
-1372
-749
-163
830
2068
2994
3284
3117
2946
3052
3362
3520
3200
2356
1339
630
415
367
-64
-1109
-2470
-3592
-4139
-4194
-4137
-4299
-4733
-5120
-5065
-4431
-3386
-2021
-153
2360
5024
6740
6712
5479
4847
6403
9781
12554
12365
9342
6263
5907
8312
10732
10403
7078
3009
671
746
1900
2099
180
-3309
-6505
-7747
-7056
-6117
-6540
-8262
-9743
-9743
-8509
-7264
-6756
-6651
-6083
-4579
-2418
-321
1195
2249
3412
4935
6209
6411
5667
5225
6013
7344
7497
5752
3276
1848
1899
2248
1539
-377
-2547
-3948
-4279
-4034
-4071
-4971
-6476
-7622
-7620
-6696
-5830
-5694
-5954
-5765
-4704
-3151
-1801
-1002
-563
-56
775
1839
2780
3272
3266
3025
2861
2870
2868
2606
1984
1147
365
-173
-541
-1019
-1797
-2759
-3547
-3912
-3942
-3979
-4239
-4619
-4744
-4307
-3278
-1882
-294
1475
3408
5137
5999
5685
4928
5226
7418
10410
11793
10299
7432
6144
7656
10114
10579
8072
4261
1557
972
1702
2115
991
-1695
-4725
-6512
-6479
-5613
-5501
-6690
-8270
-8962
-8392
-7162
-6059
-5403
-5039
-4532
-3411
-1499
833
2891
4184
4673
4612
4370
4462
5312
6680
7442
6545
4271
2285
1964
2882
3220
1783
-778
-2778
-3297
-2901
-2788
-3599
-5041
-6350
-6889
-6540
-5742
-5180
-5162
-5342
-5087
-4188
-3030
-2096
-1420
-687
271
1249
1906
2150
2184
2278
2515
2755
2739
2345
1714
1164
874
713
374
-319
-1277
-2255
-3008
-3404
-3481
-3467
-3622
-4052
-4552
-4786
-4511
-3708
-2460
-871
972
2880
4481
5268
5030
4384
4658
6708
9665
11334
10304
7671
6100
7054
9200
9914
8001
4693
2083
1193
1516
1845
1146
-935
-3768
-5991
-6578
-5895
-5374
-6033
-7416
-8258
-7875
-6727
-5648
-5015
-4624
-4147
-3363
-2120
-371
1627
3337
4266
4297
3798
3472
3985
5351
6617
6441
4502
2130
1173
2010
3077
2554
327
-2056
-3145
-2954
-2585
-2964
-4146
-5535
-6451
-6523
-5907
-5188
-4919
-5065
-5040
-4359
-3192
-2131
-1519
-1129
-528
404
1377
1993
2132
2034
2054
2300
2561
2527
2110
1482
916
555
321
-32
-695
-1599
-2444
-2952
-3123
-3184
-3343
-3596
-3803
-3797
-3493
-2876
-1992
-861
542
2233
4008
5340
5681
5123
4714
5730
8253
10612
10779
8516
5907
5327
7000
8794
8498
5926
2802
915
722
1391
1649
564
-1872
-4565
-6046
-5807
-4909
-4885
-6136
-7595
-8022
-7241
-6054
-5190
-4730
-4305
-3555
-2295
-570
1278
2703
3330
3266
2997
3056
3677
4643
5299
5016
3820
2555
2090
2392
2523
1679
23
-1537
-2317
-2399
-2373
-2755
-3659
-4804
-5671
-5837
-5320
-4632
-4302
-4388
-4477
-4166
-3433
-2556
-1786
-1175
-623
-10
670
1267
1574
1569
1487
1604
1886
2023
1788
1319
919
702
494
70
-627
-1474
-2246
-2735
-2872
-2814
-2829
-3059
-3337
-3368
-2997
-2311
-1456
-454
831
2474
4242
5515
5675
4820
4087
4862
7258
9544
9580
7167
4568
4305
6456
8578
8273
5514
2295
534
598
1504
1876
760
-1790
-4540
-5860
-5248
-3968
-3849
-5330
-7088
-7579
-6595
-5121
-4128
-3790
-3692
-3309
-2303
-719
958
2143
2630
2670
2625
2710
3105
3896
4742
4843
3734
2046
1111
1521
2394
2305
849
-1043
-2215
-2392
-2147
-2162
-2751
-3835
-4995
-5589
-5223
-4250
-3584
-3757
-4324
-4364
-3537
-2395
-1662
-1445
-1276
-768
-17
597
869
915
971
1115
1262
1290
1159
889
553
255
53
-138
-474
-978
-1475
-1778
-1911
-2055
-2306
-2538
-2578
-2378
-2046
-1681
-1250
-583
481
1954
3565
4743
4891
3988
3011
3387
5551
8066
8742
6908
4357
3604
5270
7460
7784
5644
2539
444
233
1294
2165
1517
-877
-3782
-5389
-4971
-3658
-3279
-4512
-6304
-7136
-6511
-5174
-4143
-3828
-3891
-3705
-2882
-1550
-196
813
1544
2233
2799
2938
2718
2760
3472
4341
4373
3330
2082
1601
1828
1895
1221
82
-930
-1559
-1908
-2134
-2422
-3026
-3970
-4803
-4951
-4406
-3809
-3772
-4223
-4545
-4231
-3330
-2309
-1615
-1335
-1195
-828
-114
675
1118
1067
833
860
1243
1615
1577
1140
701
570
638
521
-24
-837
-1516
-1776
-1692
-1601
-1768
-2090
-2222
-1941
-1385
-860
-461
115
1235
2828
4179
4430
3512
2570
3108
5405
7873
8386
6505
4107
3541
5199
7209
7422
5438
2638
747
531
1501
2334
1733
-551
-3315
-4813
-4398
-3146
-2743
-3773
-5331
-6141
-5801
-4865
-4089
-3786
-3815
-3771
-3200
-1860
-44
1472
1981
1477
734
705
1766
3357
4358
3974
2526
1283
1313
2364
3093
2455
772
-737
-1232
-921
-611
-914
-1893
-3161
-4149
-4426
-4016
-3432
-3290
-3741
-4337
-4463
-3920
-3060
-2407
-2148
-2037
-1709
-1057
-315
231
535
781
1103
1421
1548
1422
1163
955
896
941
917
635
61
-605
-1067
-1216
-1240
-1415
-1790
-2133
-2178
-1924
-1620
-1461
-1321
-843
251
1838
3371
4152
3847
2919
2498
3496
5599
7256
7025
5129
3428
3598
5368
6836
6420
4322
2045
924
1172
1983
2169
973
-1283
-3309
-3938
-3250
-2485
-2786
-4128
-5504
-5950
-5311
-4162
-3264
-3017
-3243
-3317
-2648
-1233
237
956
785
415
692
1756
2913
3317
2800
1981
1642
1973
2470
2457
1741
726
-5
-228
-216
-453
-1190
-2242
-3147
-3548
-3479
-3307
-3372
-3663
-3895
-3841
-3533
-3130
-2712
-2270
-1820
-1413
-1057
-693
-274
176
593
912
1092
1143
1149
1203
1307
1334
1170
838
498
270
113
-98
-407
-721
-954
-1146
-1381
-1632
-1772
-1726
-1559
-1348
-1090
-728
-246
383
1205
2154
2919
3152
2910
2798
3447
4784
5937
6016
5038
3954
3725
4376
5052
4895
3815
2416
1390
1009
1059
1040
491
-682
-2052
-2950
-3065
-2761
-2751
-3378
-4293
-4815
-4579
-3800
-3032
-2665
-2636
-2528
-1987
-1042
-43
715
1187
1423
1412
1224
1194
1646
2381
2673
2058
992
461
853
1498
1414
393
-861
-1534
-1464
-1138
-1172
-1833
-2875
-3711
-3847
-3331
-2758
-2719
-3181
-3533
-3252
-2443
-1662
-1296
-1211
-1000
-441
329
972
1248
1185
1063
1172
1556
1938
1971
1584
1077
825
909
1044
892
397
-186
-576
-717
-772
-932
-1231
-1553
-1750
-1778
-1690
-1537
-1284
-898
-425
60
611
1344
2188
2795
2887
2664
2721
3425
4449
5025
4687
3760
3061
3150
3837
4391
4164
3106
1763
845
678
963
1012
331
-934
-2115
-2606
-2387
-2004
-2061
-2706
-3545
-3994
-3738
-2957
-2170
-1790
-1783
-1759
-1434
-928
-521
-221
213
798
1135
889
349
206
742
1424
1494
806
-36
-375
-141
204
197
-268
-964
-1563
-1830
-1764
-1629
-1757
-2209
-2668
-2737
-2358
-1861
-1590
-1577
-1572
-1349
-902
-404
-36
136
200
332
634
1012
1259
1284
1211
1227
1334
1365
1200
921
690
570
475
292
-18
-389
-683
-805
-815
-912
-1218
-1596
-1745
-1528
-1127
-860
-838
-894
-787
-442
47
554
1035
1492
1926
2309
2606
2792
2889
2986
3167
3398
3503
3335
2968
2668
2621
2724
2673
2282
1661
1099
783
657
512
177
-358
-942
-1367
-1509
-1431
-1359
-1501
-1847
-2148
-2155
-1865
-1548
-1471
-1616
-1688
-1418
-863
-377
-274
-508
-716
-575
-130
261
274
-60
-404
-448
-195
76
81
-220
-623
-873
-869
-715
-620
-721
-983
-1236
-1317
-1195
-986
-851
-862
-946
-940
-730
-362
-13
161
159
127
220
459
724
857
801
640
530
557
671
741
675
493
301
197
198
224
170
-10
-256
-446
-497
-438
-378
-405
-527
-678
-783
-784
-673
-511
-401
-395
-428
-366
-142
174
437
565
594
629
755
985
1259
1467
1505
1362
1176
1164
1421
1785
1958
1787
1432
1218
1307
1558
1689
1549
1226
907
711
636
596
493
269
-57
-384
-603
-685
-687
-689
-745
-864
-1015
-1120
-1083
-885
-654
-593
-794
-1111
-1264
-1099
-743
-485
-516
-762
-974
-967
-773
-581
-550
-678
-815
-806
-619
-370
-232
-295
-484
-608
-524
-272
-37
28
-44
-85
26
238
403
423
335
250
262
381
525
586
516
369
258
256
348
451
479
405
275
170
135
136
101
-4
-147
-265
-320
-316
-270
-211
-181
-225
-332
-421
-404
-276
-144
-126
-238
-368
-384
-263
-125
-117
-264
-435
-465
-316
-116
-26
-85
-183
-176
-25
178
313
344
343
408
568
759
887
921
910
930
994
1048
1038
984
953
971
980
908
751
580
471
432
408
325
155
-55
-223
-300
-321
-365
-476
-618
-718
-734
-696
-669
-700
-778
-842
-827
-719
-567
-456
-435
-477
-499
-439
-311
-187
-127
-130
-145
-116
-28
78
132
100
28
0
56
146
193
179
144
125
114
95
81
92
116
117
89
77
122
207
275
282
242
201
213
295
405
461
407
272
158
140
191
207
112
-61
-198
-222
-177
-187
-323
-529
-676
-687
-610
-558
-595
-691
-761
-749
-658
-532
-420
-350
-319
-284
-197
-44
135
278
352
379
399
432
477
534
608
682
707
648
531
432
400
409
394
323
218
120
43
-23
-80
-127
-172
-239
-335
-428
-469
-445
-393
-364
-364
-354
-295
-195
-97
-34
6
58
146
253
337
362
328
273
244
258
283
272
198
90
0
-41
-58
-98
-177
-262
-308
-301
-259
-212
-182
-178
-189
-188
-143
-52
50
114
122
106
124
209
339
449
479
433
385
411
517
617
609
475
299
190
180
201
158
20
-161
-300
-353
-344
-340
-392
-495
-600
-656
-648
-588
-499
-408
-337
-289
-244
-182
-96
5
118
235
327
360
331
290
296
356
409
384
273
134
43
26
46
44
-14
-115
-207
-243
-220
-179
-176
-231
-313
-364
-348
-279
-202
-155
-144
-145
-124
-58
42
134
173
156
132
153
228
305
325
279
205
150
128
122
109
79
30
-34
-104
-154
-162
-137
-119
-146
-203
-233
-189
-89
-9
-13
-84
-134
-87
45
165
192
135
86
124
239
346
368
299
207
163
183
219
211
140
40
-40
-83
-108
-141
-192
-247
-290
-312
-318
-317
-323
-342
-364
-365
-328
-266
-211
-177
-151
-110
-57
-17
-2
7
43
106
167
199
213
242
299
360
386
354
285
220
187
176
153
99
25
-42
-91
-138
-198
-260
-293
-280
-239
-210
-220
-259
-289
-274
-206
-109
-19
40
62
57
45
49
81
131
176
198
201
198
192
178
157
145
153
170
175
154
116
78
47
20
-6
-31
-56
-82
-105
-115
-108
-99
-103
-114
-107
-69
-27
-16
-34
-37
11
92
150
156
136
136
164
182
161
116
90
97
103
68
-11
-98
-153
-164
-146
-128
-135
-168
-208
-227
-216
-190
-167
-152
-131
-93
-45
-10
-2
-11
-5
38
105
148
133
74
36
66
150
218
212
141
64
35
54
78
63
-1
-81
-131
