-10
7
22
25
24
25
18
-1
-17
-16
-2
8
13
28
58
79
64
15
-36
-57
-48
-35
-41
-58
-64
-43
-9
18
26
21
14
10
15
33
62
88
90
60
14
-29
-60
-81
-86
-59
2
69
100
78
32
-4
-20
-37
-63
-75
-50
-1
33
33
16
4
-11
-44
-81
-80
-24
50
77
32
-45
-95
-92
-53
-11
11
15
14
16
12
-8
-43
-70
-67
-35
-2
10
1
-6
6
30
40
17
-28
-56
-35
22
63
44
-14
-49
-26
17
21
-21
-54
-29
31
67
49
6
-20
-23
-23
-30
-28
4
61
116
134
97
19
-57
-85
-58
-13
9
5
3
19
32
19
-9
-16
17
71
105
95
52
8
-10
-8
-14
-38
-53
-25
31
48
-14
-109
-144
-85
1
33
15
17
66
101
55
-47
-103
-57
31
62
14
-39
-31
10
4
-67
-131
-120
-58
-28
-63
-114
-112
-55
5
32
38
51
68
71
53
21
-17
-52
-69
-62
-45
-42
-59
-72
-61
-34
-5
18
34
33
10
-17
-25
-29
-71
-152
-204
-154
-22
96
130
112
110
128
106
19
-60
-40
75
181
186
107
36
23
26
-14
-79
-89
-4
104
125
41
-49
-40
44
87
30
-50
-42
58
132
94
-12
-79
-67
-31
-26
-43
-40
-13
3
-17
-47
-42
16
98
146
124
51
-9
-14
8
-3
-52
-62
22
138
150
11
-159
-203
-103
5
4
-70
-95
-29
45
44
-6
-22
15
41
7
-35
-6
79
110
23
-100
-115
9
141
143
40
-21
39
123
87
-66
-177
-128
-2
20
-117
-262
-240
-65
82
67
-42
-75
23
129
110
-8
-83
-44
31
35
-30
-74
-54
-8
21
40
63
59
4
-45
-17
62
79
-14
-123
-132
-52
20
43
66
107
99
-3
-124
-152
-85
-34
-61
-101
-75
-15
-12
-75
-121
-86
3
94
174
229
209
87
-57
-86
33
163
154
20
-74
-22
88
88
-54
-183
-132
78
248
214
21
-134
-108
40
135
73
-75
-161
-113
-5
42
-13
-98
-120
-66
9
59
81
80
36
-55
-139
-139
-50
45
68
33
6
17
41
60
80
95
77
37
36
90
106
-18
-229
-340
-246
-60
22
-41
-116
-85
13
69
48
-6
-59
-104
-101
5
168
238
137
-9
-10
136
222
105
-105
-191
-99
24
43
-21
-74
-94
-101
-71
32
146
157
65
19
125
273
263
67
-131
-166
-79
-36
-103
-193
-205
-139
-69
-52
-83
-118
-99
-10
92
126
84
49
76
104
37
-96
-155
-87
-5
-39
-144
-150
-8
126
89
-83
-206
-174
-52
33
37
0
-26
-14
45
129
181
153
61
-26
-63
-64
-57
-36
1
-4
-111
-255
-270
-91
120
149
17
-31
140
345
313
66
-86
44
275
307
115
-64
-88
-61
-110
-160
-79
74
102
-33
-136
-65
71
85
4
10
146
227
107
-106
-204
-151
-79
-69
-66
-26
-11
-57
-87
-32
27
-19
-96
-28
161
212
-6
-245
-175
143
303
102
-174
-130
199
387
175
-205
-335
-112
184
264
132
-2
-6
57
56
-48
-159
-161
-45
71
66
-39
-106
-59
9
-24
-126
-149
-44
63
60
11
37
123
149
89
46
70
77
3
-63
-12
84
70
-28
-16
146
215
-6
-318
-332
3
286
184
-136
-248
-41
166
88
-159
-263
-143
-4
-30
-174
-276
-258
-160
-59
-3
0
2
72
200
284
249
154
117
157
181
139
101
121
122
12
-136
-144
11
119
1
-229
-278
-56
178
124
-179
-384
-263
7
65
-179
-416
-303
117
452
409
107
-99
-39
130
172
50
-93
-144
-116
-67
-23
3
-12
-53
-53
37
155
184
87
-57
-144
-129
-34
79
119
31
-114
-148
-14
114
22
-232
-322
-48
360
446
84
-327
-301
147
487
287
-248
-471
-59
537
577
-58
-642
-442
338
772
366
-307
-368
189
500
26
-685
-708
11
571
289
-425
-652
-159
368
270
-270
-553
-289
109
135
-181
-401
-263
50
197
84
-90
-92
115
370
447
254
-38
-114
142
430
318
-224
-692
-592
-61
263
4
-500
-619
-202
265
277
-117
-438
-373
-68
140
144
112
202
350
364
191
-2
-19
128
232
145
-36
-99
12
135
110
-12
-55
25
85
12
-116
-151
-89
-72
-165
-247
-164
54
212
170
-8
-131
-82
86
205
160
-4
-123
-80
62
132
57
-53
-53
52
136
141
136
151
96
-91
-269
-237
-36
62
-91
-293
-262
-19
153
118
46
118
236
177
-54
-200
-102
93
137
-21
-229
-351
-375
-350
-325
-336
-379
-368
-210
67
308
399
373
308
215
99
60
174
303
198
-138
-348
-133
319
519
279
-55
-48
269
460
242
-175
-362
-189
54
28
-257
-473
-352
18
290
225
-71
-270
-162
134
313
206
-69
-243
-159
105
319
290
14
-302
-379
-129
213
280
-23
-377
-375
0
335
262
-128
-413
-342
-96
-12
-160
-291
-175
113
305
255
83
10
115
282
358
298
169
58
13
35
80
63
-69
-244
-295
-146
67
106
-92
-330
-370
-201
-22
11
-65
-128
-140
-133
-89
52
250
342
233
51
16
171
345
374
275
165
94
36
-35
-120
-232
-360
-415
-314
-138
-85
-225
-369
-303
-81
50
14
27
268
552
528
167
-135
-33
329
495
251
-159
-364
-272
-59
103
172
153
32
-138
-218
-116
85
205
164
38
-43
-10
137
353
523
480
157
-278
-508
-372
-45
126
0
-219
-230
4
210
127
-182
-397
-312
-80
-21
-217
-400
-275
92
335
213
-103
-258
-137
49
89
33
51
147
165
52
-50
-29
21
-37
-152
-152
-30
3
-179
-406
-409
-172
46
51
-50
-28
159
313
267
84
-44
-14
106
182
139
6
-101
-58
140
326
308
100
-70
-18
169
249
129
-46
-114
-105
-154
-279
-350
-266
-71
117
220
218
131
42
68
231
377
332
120
-55
-70
-24
-66
-157
-134
21
102
-66
-381
-550
-413
-88
180
235
79
-172
-339
-255
74
394
392
40
-307
-262
152
485
351
-134
-469
-312
164
482
364
-46
-424
-591
-562
-394
-147
37
-15
-264
-396
-147
332
593
424
115
83
324
440
185
-199
-300
-56
205
189
-60
-321
-463
-482
-391
-224
-122
-223
-426
-416
-39
429
559
306
95
275
636
658
188
-321
-348
79
436
347
-25
-259
-197
-43
-11
-60
-46
9
-36
-165
-149
133
433
362
-93
-473
-356
124
412
197
-220
-304
59
441
387
-67
-457
-415
-22
310
257
-152
-589
-710
-418
74
418
412
151
-70
-32
214
414
368
115
-144
-257
-222
-113
21
148
224
203
97
-51
-204
-329
-357
-232
-23
93
15
-151
-217
-143
-64
-76
-118
-102
-55
-38
1
163
373
394
141
-137
-134
119
290
183
-30
-77
66
198
196
109
-4
-156
-309
-315
-107
129
135
-82
-217
-45
274
364
92
-261
-318
-29
276
263
-48
-312
-238
99
368
362
205
146
227
248
60
-204
-276
-93
106
62
-188
-355
-243
25
176
100
-46
-67
47
153
157
103
83
96
60
-67
-206
-228
-112
-1
-65
-294
-485
-446
-205
36
125
82
4
-65
-125
-135
-49
87
163
152
149
214
275
234
127
71
82
57
-60
-173
-174
-85
0
53
87
40
-171
-451
-526
-272
44
38
-274
-431
-104
435
617
294
-71
-21
314
430
137
-204
-188
117
310
189
-53
-164
-157
-207
-359
-487
-501
-453
-418
-380
-297
-193
-119
-64
19
125
207
258
311
344
281
147
114
297
550
586
330
28
-61
6
-47
-321
-591
-599
-389
-243
-313
-448
-414
-190
40
139
151
166
166
94
14
96
389
683
684
347
-22
-65
233
510
427
57
-211
-140
88
134
-56
-213
-128
66
88
-110
-284
-212
46
252
251
73
-157
-304
-255
-7
249
237
-90
-407
-339
80
378
163
-399
-723
-437
229
699
642
240
-84
-110
41
133
108
92
178
279
226
-14
-273
-356
-250
-130
-164
-336
-470
-416
-197
4
12
-171
-346
-286
38
389
468
209
-131
-232
-43
181
181
-18
-157
-51
206
350
240
11
-68
104
330
314
-6
-369
-447
-177
199
395
339
167
48
49
114
124
-16
-267
-447
-395
-175
-36
-116
-262
-219
30
235
192
-14
-148
-138
-125
-227
-340
-267
15
294
344
166
-33
-70
37
126
76
-59
-111
10
199
254
109
-82
-121
-21
14
-133
-326
-346
-182
-45
-90
-228
-279
-206
-113
-57
12
110
163
137
124
194
257
194
112
252
593
731
338
-337
-665
-367
163
360
160
-39
12
110
-33
-329
-422
-183
121
190
63
17
166
316
227
-74
-328
-340
-166
-11
4
-58
-49
74
193
154
-49
-244
-251
-72
121
191
177
178
166
19
-247
-389
-209
154
332
162
-122
-192
-31
94
12
-154
-191
-88
5
16
23
86
134
78
-38
-96
-76
-79
-160
-236
-204
-86
20
77
129
164
89
-118
-267
-125
283
625
590
224
-136
-246
-181
-143
-150
-56
153
237
-3
-402
-566
-341
-6
76
-99
-213
-63
189
258
93
-102
-137
-19
116
160
95
-3
22
292
684
823
411
-380
-971
-933
-440
-66
-135
-376
-274
267
757
646
-43
-689
-716
-172
371
470
241
121
306
543
494
178
-78
-59
94
102
-89
-274
-265
-109
19
37
3
-15
-34
-102
-226
-361
-444
-405
-206
89
296
263
39
-137
-76
159
341
344
254
223
250
186
-50
-307
-335
-84
193
207
-20
-185
-80
141
185
23
-88
6
107
-57
-402
-538
-265
131
235
34
-97
69
306
280
44
-50
123
284
167
-96
-184
-42
72
-3
-120
-88
19
-10
-194
-319
-223
22
241
331
240
-67
-484
-696
-442
131
527
421
34
-128
137
505
517
100
-377
-506
-251
52
57
-263
-579
-520
-51
459
578
252
-139
-211
11
172
62
-134
-97
191
419
338
34
-222
-295
-249
-171
-63
58
98
9
-106
-99
14
62
-40
-158
-97
130
287
187
-72
-204
-46
246
361
188
-57
-71
172
360
175
-314
-657
-486
50
384
142
-424
-680
-308
348
681
474
73
-76
84
233
96
-256
-503
-394
26
455
565
271
-181
-423
-312
-54
48
-43
-83
109
397
484
284
21
-61
13
33
-86
-193
-136
29
141
176
227
278
148
-225
-563
-519
-125
184
90
-213
-299
-79
122
62
-63
63
378
480
176
-244
-369
-158
106
233
296
368
324
46
-309
-424
-203
104
190
18
-210
-302
-241
-117
-23
8
9
41
116
156
83
-42
-76
9
72
19
-35
68
259
286
47
-249
-331
-181
-12
14
-73
-175
-259
-303
-235
-26
203
269
145
-5
-33
26
30
-60
-126
-35
200
414
413
145
-230
-459
-424
-264
-204
-269
-263
-54
204
265
146
113
274
373
120
-342
-530
-212
283
454
217
-61
-72
85
127
-10
-126
-60
119
235
213
92
-80
-261
-348
-226
77
351
394
216
9
-69
-32
14
14
-12
-41
-83
-144
-190
-162
-30
159
302
327
258
171
79
-74
-286
-427
-371
-163
19
75
85
166
287
316
206
56
-18
-4
43
100
156
133
-43
-284
-362
-185
15
-69
-402
-577
-291
252
555
396
49
-94
17
109
-9
-228
-320
-229
-82
0
6
-29
-91
-148
-121
31
218
276
134
-96
-221
-137
95
301
317
109
-181
-325
-196
114
362
360
122
-178
-340
-267
-16
228
265
33
-317
-531
-462
-177
141
356
439
428
364
272
150
-10
-181
-273
-214
-61
28
-12
-44
118
421
576
371
-59
-376
-414
-315
-284
-338
-365
-326
-259
-137
106
398
522
384
159
64
76
16
-142
-225
-147
-64
-134
-262
-239
-64
60
40
24
133
253
224
128
172
329
315
-2
-346
-352
-41
204
125
-106
-167
-15
99
-1
-185
-216
-51
136
187
107
-9
-112
-197
-234
-174
-31
96
120
58
-14
-66
-130
-203
-193
-14
280
509
538
412
280
221
178
77
-67
-187
-254
-273
-212
-35
183
254
84
-164
-214
4
260
296
115
-69
-123
-119
-169
-245
-235
-122
-6
42
55
85
116
99
41
-17
-62
-110
-145
-115
-20
72
92
51
3
-34
-91
-174
-233
-220
-141
-39
49
113
152
168
175
170
117
-9
-160
-235
-202
-155
-205
-311
-298
-72
210
278
75
-148
-115
123
234
4
-377
-526
-304
23
91
-155
-420
-373
21
470
602
289
-224
-507
-345
39
230
101
-64
28
250
233
-82
-287
-31
455
582
138
-426
-542
-200
113
65
-143
-121
176
407
309
17
-117
60
356
457
253
-68
-214
-78
164
256
145
25
65
164
83
-198
-399
-266
94
331
265
54
-52
-18
32
49
114
261
386
389
306
222
139
35
1
171
459
543
227
-257
-449
-196
169
224
-59
-325
-290
-51
89
-12
-207
-275
-162
4
65
-31
-210
-330
-289
-123
21
41
6
50
158
145
-89
-366
-411
-180
68
77
-124
-291
-276
-164
-104
-93
-4
178
264
63
-336
-578
-402
31
271
73
-313
-444
-222
4
-85
-331
-301
134
607
711
472
226
114
-54
-420
-751
-699
-274
124
187
35
-5
148
263
148
-84
-166
-11
210
303
265
237
303
378
306
39
-285
-441
-317
-30
165
109
-98
-187
-4
297
385
113
-287
-436
-229
33
2
-305
-515
-339
95
395
348
118
-3
67
170
158
78
63
128
145
36
-86
-30
214
413
330
11
-246
-214
15
172
150
79
84
89
-14
-128
-40
236
395
223
-88
-168
55
281
269
143
154
289
325
204
125
212
284
119
-171
-242
28
365
430
183
-162
-417
-495
-346
-3
299
279
-32
-250
-93
234
312
86
-73
77
283
173
-178
-331
-115
109
-40
-393
-452
-94
211
9
-527
-803
-548
-107
34
-162
-329
-224
-15
0
-203
-369
-291
-26
224
327
279
114
-126
-337
-378
-215
11
115
65
-28
-92
-163
-256
-261
-87
135
137
-135
-389
-326
-32
97
-137
-454
-429
-26
360
401
201
84
136
157
28
-85
20
263
366
221
11
-49
36
111
107
86
85
29
-151
-378
-481
-369
-109
165
345
375
246
35
-104
-68
56
78
-63
-196
-117
137
306
217
8
-47
125
318
304
85
-148
-247
-216
-124
2
150
274
325
303
227
72
-175
-400
-405
-138
165
211
30
-10
327
751
709
85
-563
-590
-19
483
395
-76
-317
-86
260
283
7
-203
-160
-38
-46
-120
-75
66
68
-177
-456
-486
-262
-43
-26
-135
-179
-100
13
92
136
116
-30
-252
-339
-146
168
274
92
-85
33
323
396
119
-196
-203
31
158
42
-75
43
259
244
-68
-353
-277
116
479
548
363
116
-84
-226
-274
-143
132
318
181
-205
-454
-270
175
376
81
-376
-443
-12
418
311
-268
-710
-549
34
459
397
75
-70
76
209
20
-396
-636
-468
-108
64
-6
-15
235
494
357
-164
-570
-431
103
474
350
-46
-251
-92
190
267
78
-167
-232
-85
104
125
-62
-264
-236
43
310
294
49
-105
11
195
127
-193
-422
-305
5
142
-13
-196
-120
164
346
271
111
95
182
152
-23
-101
78
306
242
-113
-389
-335
-142
-130
-256
-186
157
396
209
-190
-309
-68
90
-160
-521
-456
62
473
335
-152
-449
-329
-39
97
31
-64
-52
48
127
99
-25
-152
-190
-137
-54
29
127
218
206
33
-202
-304
-186
48
229
282
225
89
-93
-243
-266
-135
76
266
374
379
293
154
13
-97
-185
-264
-302
-228
-18
236
365
270
33
-138
-106
40
79
-70
-240
-231
-94
-70
-248
-403
-294
0
175
120
50
157
305
239
-6
-125
18
189
132
-58
-86
96
228
126
-65
-94
52
180
182
134
110
71
-14
-75
-53
-29
-105
-220
-200
1
218
262
117
-82
-192
-153
3
162
192
72
-59
-55
44
60
-71
-194
-144
39
177
179
94
-21
-157
-276
-293
-198
-98
-67
-20
157
384
449
294
108
57
46
-104
-330
-364
-118
153
178
21
-40
64
114
-36
-195
-85
242
441
309
30
-94
-21
46
-21
-128
-146
-108
-129
-219
-266
-203
-76
48
163
267
300
226
125
113
168
140
-40
-235
-255
-76
146
262
249
170
72
-23
-96
-141
-171
-188
-182
-168
-197
-263
-265
-135
14
-5
-162
-165
166
558
536
40
-411
-322
149
390
121
-284
-343
-90
48
-116
-302
-204
78
208
69
-142
-219
-167
-104
-89
-126
-204
-258
-177
37
190
121
-22
64
378
533
253
-208
-377
-214
-143
-374
-511
-105
590
805
246
-441
-445
201
695
513
7
-149
164
448
281
-198
-526
-436
-58
271
295
4
-380
-589
-537
-373
-268
-200
-18
304
566
567
349
157
163
306
399
327
133
-61
-183
-245
-270
-237
-128
-11
7
-79
-136
-88
-78
-291
-627
-721
-403
3
20
-341
-541
-187
436
712
461
114
111
353
430
211
-30
-42
90
150
121
140
213
176
-26
-205
-175
-10
64
-19
-113
-106
-54
-40
-23
80
222
273
184
15
-181
-376
-469
-309
74
387
347
17
-266
-291
-174
-130
-170
-155
-42
63
94
106
137
113
-9
-105
-26
168
251
129
-37
-85
-89
-231
-472
-541
-287
86
263
188
75
88
155
143
69
48
112
198
286
396
459
322
-22
-313
-265
78
348
261
-60
-249
-135
81
101
-126
-379
-442
-326
-207
-217
-323
-387
-304
-91
142
283
292
222
161
161
188
159
34
-101
-79
140
366
338
44
-232
-235
-61
-22
-232
-450
-412
-179
-21
-20
34
289
550
494
122
-187
-124
189
371
251
33
-1
159
277
175
-89
-333
-457
-477
-424
-305
-170
-134
-242
-357
-261
74
392
412
174
21
187
489
536
248
2
172
635
884
644
198
13
162
290
121
-201
-366
-324
-287
-367
-433
-370
-295
-372
-532
-532
-282
39
217
247
269
351
425
418
354
290
231
145
48
4
31
54
-11
-147
-262
-311
-359
-486
-658
-735
-617
-374
-202
-233
-405
-533
-493
-327
-167
-87
-43
39
174
301
355
320
239
188
215
287
300
175
-45
-217
-247
-185
-150
-179
-185
-83
93
219
225
160
130
195
324
432
463
422
359
311
277
244
215
199
180
129
49
-10
-6
45
95
119
118
64
-88
-321
-506
-514
-359
-207
-210
-357
-508
-545
-475
-384
-348
-389
-489
-594
-641
-594
-501
-458
-514
-613
-648
-580
-486
-466
-530
-579
-513
-337
-144
-5
96
205
312
346
279
191
208
373
609
797
890
928
972
1045
1130
1196
1229
1234
1237
1269
1327
1367
1343
1275
1232
1260
1334
1385
1376
1318
1234
1136
1035
947
880
808
705
574
438
298
124
-98
-317
-445
-452
-421
-480
-683
-949
-1141
-1184
-1128
-1094
-1187
-1425
-1742
-2046
-2291
-2490
-2679
-2848
-2949
-2947
-2874
-2815
-2823
-2858
-2816
-2645
-2408
-2226
-2143
-2075
-1903
-1605
-1278
-1019
-836
-666
-471
-270
-85
96
288
461
575
631
693
838
1089
1386
1636
1783
1885
2074
2436
2938
3516
4212
5106
6066
6659
6528
5856
5317
5415
5941
6191
5707
4674
3582
2651
1700
546
-617
-1352
-1461
-1276
-1390
-2088
-3069
-3702
-3612
-3016
-2540
-2652
-3218
-3614
-3346
-2569
-1927
-1847
-2079
-2024
-1446
-776
-624
-1124
-1784
-2005
-1666
-1222
-1234
-1874
-2811
-3560
-3866
-3838
-3762
-3835
-4014
-4109
-4005
-3814
-3747
-3837
-3827
-3407
-2584
-1743
-1322
-1385
-1588
-1484
-941
-195
393
681
785
938
1329
2032
2979
4048
5264
6754
8366
9455
9497
8897
8781
9672
10756
10727
9248
7122
5196
3488
1566
-616
-2516
-3579
-3814
-3824
-4400
-5949
-8161
-10046
-10611
-9619
-7862
-6459
-5916
-5762
-5174
-3762
-1761
452
2819
5457
8190
10318
11093
10398
8995
7915
7613
7573
6893
5115
2609
93
-2015
-3790
-5391
-6736
-7621
-8086
-8490
-9166
-10112
-10968
-11296
-10853
-9784
-8563
-7679
-7182
-6634
-5532
-3824
-1928
-278
996
1966
2633
2900
2805
2597
2534
2623
2577
2035
868
-691
-2146
-3051
-3180
-2412
-531
2561
6242
8982
9291
7187
4623
4026
6162
9479
11576
11308
9399
7268
5613
4224
2803
1586
1044
1231
1511
889
-1275
-4656
-7837
-9190
-8171
-5940
-4419
-4676
-6088
-7185
-7004
-5663
-3750
-1507
1241
4451
7360
8856
8465
7054
6319
7333
9378
10450
9041
5591
2001
-168
-1017
-1742
-3152
-4878
-6084
-6593
-7092
-8250
-9837
-10871
-10586
-9238
-7914
-7579
-8208
-8832
-8368
-6535
-4059
-2033
-1047
-801
-541
130
914
1277
1178
1128
1520
2060
2001
884
-1006
-2904
-4087
-4195
-3147
-940
2340
6170
9346
10440
8969
6251
4775
6241
9948
13294
13966
11793
8527
6058
4906
4323
3441
2209
1214
794
396
-1070
-4067
-7611
-9746
-9225
-6771
-4617
-4552
-6470
-8615
-9246
-7900
-5368
-2707
-404
1733
4005
6200
7600
7702
7045
6999
8480
10679
11521
9559
5550
1854
268
440
559
-721
-3103
-5316
-6563
-7160
-7882
-8944
-9776
-9692
-8750
-7812
-7747
-8489
-9003
-8201
-6002
-3455
-1817
-1519
-1915
-1956
-1094
357
1575
1980
1661
1149
766
269
-771
-2265
-3524
-3924
-3506
-2677
-1401
953
4632
8503
10456
9272
6170
4168
5480
9371
12775
13109
10528
7372
5697
5527
5473
4495
2872
1528
865
297
-1179
-3934
-7099
-8934
-8306
-5966
-4221
-4876
-7512
-9801
-9701
-7162
-3872
-1503
-335
667
2536
5088
7003
7209
6292
6196
8217
11215
12377
9988
5383
1743
1028
2202
2602
667
-2746
-5551
-6553
-6380
-6536
-7748
-9306
-9902
-9124
-7975
-7843
-8921
-9861
-9105
-6572
-3839
-2576
-2942
-3583
-3090
-1293
785
1974
1920
1171
537
342
217
-352
-1320
-2124
-2391
-2329
-2171
-1409
926
4955
9102
10959
9351
5708
3220
4269
8292
12178
12940
10320
6776
4958
5243
5837
5001
2865
941
226
88
-971
-3630
-6909
-8842
-8203
-5751
-3853
-4487
-7395
-10087
-10093
-7184
-3427
-1034
-401
-140
1185
3584
5744
6462
6056
6240
8309
11290
12465
10060
5390
1808
1495
3379
4400
2524
-1459
-4978
-6232
-5716
-5339
-6302
-8032
-9095
-8885
-8177
-8130
-8929
-9537
-8728
-6426
-3966
-2896
-3465
-4346
-3947
-1962
424
1759
1629
753
107
68
281
129
-673
-1836
-2733
-2969
-2678
-2052
-657
2276
6530
10093
10439
7132
2973
1928
5422
10713
13274
11124
6611
3789
4259
6069
6361
4409
1754
95
-392
-888
-2606
-5514
-8020
-8224
-5944
-3503
-3783
-7241
-11052
-11751
-8528
-3851
-936
-907
-2243
-2542
-526
3228
6908
8835
8662
7635
7448
8615
9852
9398
6927
4060
2696
3002
3158
1330
-2291
-5559
-6552
-5521
-4582
-5498
-7931
-9993
-10269
-9121
-7981
-7733
-7970
-7735
-6622
-5094
-3914
-3441
-3375
-3017
-1847
-77
1366
1592
677
-324
-467
79
290
-492
-1842
-2863
-3136
-2710
-1356
1510
5778
9769
11034
8486
3888
1000
2594
7759
12271
12349
8287
4051
3099
5115
6985
6405
3797
1111
-396
-1013
-1855
-3673
-6019
-7460
-6858
-4899
-3955
-5840
-9529
-11768
-10177
-5693
-1607
-424
-1764
-3126
-2228
1180
5262
7703
7668
6527
6495
8401
10754
11252
9152
6059
4239
4339
4789
3586
393
-3127
-5019
-4921
-4299
-4891
-7000
-9308
-10220
-9379
-7889
-7177
-7619
-8283
-7932
-6327
-4472
-3537
-3612
-3694
-2858
-1237
228
807
614
278
259
495
524
-97
-1327
-2566
-3134
-2919
-2311
-1331
812
4594
8635
10123
7561
3010
810
3556
9348
13317
12072
6883
2414
2238
5544
8373
7700
4004
51
-2007
-2154
-1900
-2733
-4832
-6769
-6849
-5151
-3963
-5424
-8851
-10992
-9427
-5146
-1508
-839
-2526
-4034
-3264
38
4395
7661
8495
7405
6330
6755
8326
9470
9271
8196
7071
5892
4142
1849
-162
-1218
-1601
-2253
-3789
-5972
-7990
-9081
-9026
-8262
-7568
-7437
-7678
-7680
-7120
-6247
-5465
-4824
-4095
-3227
-2464
-1974
-1583
-993
-226
414
697
629
282
-312
-1044
-1637
-1928
-2055
-2070
-1376
973
5034
9103
10547
8043
3262
154
1824
7432
12367
12334
7622
2911
2489
6038
9352
8829
4648
-58
-2390
-1903
-470
-452
-2661
-5680
-7185
-6379
-4963
-5336
-7739
-9822
-9146
-5860
-2498
-1431
-2765
-4569
-4573
-1857
2520
6264
7620
6856
5929
6470
8163
9411
9282
8363
7594
6985
5786
3729
1446
-242
-1140
-1706
-2602
-4199
-6260
-7969
-8504
-7864
-6989
-6883
-7583
-8229
-8047
-7107
-6033
-5260
-4748
-4284
-3768
-3194
-2566
-1901
-1184
-383
436
974
821
-94
-1216
-1745
-1391
-772
-806
-1488
-1432
915
5354
9390
10020
6508
1530
-609
2406
8498
12585
11187
5916
1975
2868
6989
9589
7709
2664
-1817
-3163
-1758
-106
-597
-3536
-6861
-7966
-6355
-4357
-4741
-7528
-9845
-9017
-5457
-2080
-1307
-2901
-4552
-3990
-769
3471
6360
6795
5783
5225
5962
7210
7922
8055
8187
8209
7244
4899
2181
576
454
677
-130
-2259
-4783
-6495
-6858
-6286
-5755
-6015
-6972
-7780
-7665
-6686
-5634
-5170
-5218
-5215
-4821
-4196
-3630
-3142
-2525
-1664
-741
-120
-80
-622
-1425
-1937
-1723
-881
-184
-464
-1519
-1761
445
4813
8746
9352
6161
1905
511
3837
9805
13745
12350
6842
2069
1941
5732
8990
8065
3415
-1303
-2926
-1426
532
217
-2785
-6320
-7681
-6228
-4101
-4080
-6567
-9091
-8893
-5853
-2501
-1397
-2739
-4499
-4384
-1718
2168
5092
5755
4729
3873
4645
6799
8758
9141
7932
6226
5102
4725
4450
3534
1869
74
-1105
-1598
-2075
-3163
-4669
-5764
-5947
-5599
-5502
-5954
-6575
-6821
-6533
-5946
-5409
-5142
-5100
-4917
-4171
-2894
-1739
-1361
-1674
-1899
-1479
-732
-389
-641
-997
-1028
-994
-1419
-2110
-1914
283
4272
8181
9581
7388
3117
254
1651
6791
11647
12022
7516
2133
542
3690
8096
9373
6188
1037
-2351
-2205
111
1513
-79
-3889
-6946
-6951
-4623
-2953
-3971
-6681
-8285
-7216
-4507
-2471
-2446
-3861
-4890
-3975
-1089
2147
3803
3426
2511
2963
5049
7213
7893
7239
6646
6856
7015
5933
3763
1995
1707
2294
2118
327
-2279
-4097
-4283
-3432
-2920
-3651
-5341
-6860
-7238
-6495
-5554
-5340
-5922
-6508
-6270
-5165
-3955
-3435
-3674
-4025
-3758
-2708
-1401
-640
-874
-1778
-2437
-2207
-1405
-955
-1227
-1395
-157
2821
6274
8155
7206
4123
1404
1668
5357
9796
11141
8061
3398
1566
4107
8262
9917
7486
2780
-1069
-2046
-319
2035
2458
-24
-3765
-5912
-5220
-3241
-2577
-4129
-6412
-7307
-6165
-4166
-3014
-3375
-4446
-4700
-3246
-691
1390
2035
1908
2525
4438
6432
6824
5410
3875
4071
5966
7490
6659
3703
946
451
1936
3102
2043
-893
-3578
-4272
-3201
-2137
-2610
-4564
-6546
-7067
-5890
-4221
-3653
-4760
-6562
-7369
-6287
-4020
-2219
-2007
-3077
-4080
-3891
-2525
-987
-336
-851
-1905
-2567
-2342
-1502
-773
-583
-503
432
2700
5457
6895
5802
3031
1270
2766
6857
10070
9363
5366
1940
2293
5879
9217
9321
6020
1609
-1122
-770
1737
3740
2925
-606
-4335
-5643
-4218
-2150
-1756
-3508
-5881
-6957
-6049
-4102
-2735
-2915
-4155
-4954
-4107
-1754
819
2338
2533
2096
1928
2500
3682
4936
5596
5256
4111
2962
2620
3185
3883
3763
2551
886
-305
-580
-283
-214
-981
-2476
-3901
-4430
-4003
-3455
-3704
-4824
-5986
-6327
-5755
-4892
-4389
-4428
-4756
-4971
-4732
-3925
-2803
-1936
-1753
-2111
-2415
-2240
-1716
-1277
-1103
-1013
-803
-417
296
1668
3731
5665
6188
4894
3098
2945
5320
8671
10200
8478
4905
2498
3138
5950
8210
7789
4828
1447
-77
921
3029
3951
2424
-688
-3147
-3372
-1869
-696
-1450
-3823
-5987
-6353
-4926
-3138
-2486
-3319
-4634
-5008
-3805
-1685
39
623
529
781
1745
2741
2909
2315
1953
2621
3937
4680
4050
2532
1424
1541
2421
2885
2228
853
-287
-669
-614
-834
-1722
-3016
-4045
-4314
-3971
-3740
-4278
-5500
-6536
-6519
-5432
-4158
-3622
-3937
-4363
-4090
-2996
-1717
-1024
-1153
-1627
-1709
-1079
-116
481
355
-185
-514
-303
267
889
1562
2515
3674
4408
4075
2896
2096
2860
5002
6855
6772
4794
2697
2298
3753
5565
6107
5008
3210
1959
1831
2468
2973
2598
1279
-311
-1329
-1497
-1304
-1445
-2117
-2901
-3304
-3257
-3077
-3024
-3072
-3026
-2779
-2370
-1878
-1327
-735
-168
266
492
550
611
885
1429
2024
2283
2017
1475
1180
1409
1892
2032
1492
525
-255
-465
-306
-357
-1001
-2031
-2866
-3139
-3059
-3152
-3677
-4344
-4628
-4298
-3626
-3083
-2905
-2932
-2842
-2468
-1908
-1396
-1088
-966
-912
-823
-689
-567
-514
-513
-468
-289
-2
239
290
191
164
398
874
1422
1912
2320
2594
2582
2224
1802
1846
2651
3839
4554
4227
3156
2295
2379
3275
4135
4163
3248
1981
1145
1117
1618
1950
1580
608
-327
-642
-356
-18
-139
-747
-1449
-1819
-1702
-1281
-944
-1023
-1489
-1928
-1872
-1242
-407
155
236
-38
-363
-416
-8
740
1353
1322
611
-183
-357
186
801
747
-88
-1116
-1665
-1576
-1256
-1226
-1680
-2391
-2939
-3032
-2706
-2310
-2233
-2557
-2946
-2965
-2515
-1957
-1746
-1978
-2306
-2284
-1763
-1002
-437
-332
-565
-724
-442
283
1073
1471
1332
936
751
1033
1615
2050
1996
1498
945
737
951
1305
1464
1371
1271
1381
1589
1558
1150
646
486
789
1224
1367
1117
723
482
505
742
1086
1397
1505
1336
1036
879
1007
1279
1417
1262
886
486
241
224
368
490
415
138
-164
-309
-280
-201
-168
-170
-157
-129
-113
-109
-93
-65
-69
-152
-303
-476
-614
-696
-745
-827
-1009
-1294
-1579
-1727
-1702
-1624
-1667
-1897
-2225
-2492
-2593
-2506
-2278
-2005
-1823
-1816
-1917
-1927
-1685
-1237
-797
-529
-392
-216
105
518
898
1172
1343
1429
1462
1501
1600
1724
1766
1670
1496
1347
1254
1193
1156
1151
1118
944
592
198
-44
-68
-9
-52
-276
-603
-872
-938
-780
-522
-362
-386
-487
-476
-297
-61
107
227
410
689
954
1079
1052
993
1036
1232
1516
1759
1860
1822
1752
1744
1787
1781
1659
1451
1252
1113
1004
850
610
309
16
-227
-426
-616
-820
-1037
-1242
-1410
-1524
-1587
-1633
-1715
-1865
-2048
-2155
-2080
-1829
-1558
-1465
-1600
-1788
-1757
-1405
-907
-564
-515
-618
-610
-373
-14
263
357
314
241
217
267
385
525
599
542
401
323
418
632
779
729
523
310
212
245
343
402
326
93
-178
-300
-195
0
62
-78
-284
-390
-375
-316
-254
-163
-57
-17
-78
-137
-61
145
327
356
277
248
351
515
609
583
503
466
519
625
706
694
596
503
515
619
669
501
121
-266
-436
-366
-245
-284
-518
-801
-959
-925
-766
-608
-552
-599
-656
-613
-449
-252
-127
-83
-28
125
354
552
634
626
625
693
809
915
970
974
938
870
779
677
578
506
485
504
493
368
109
-199
-415
-464
-393
-326
-356
-474
-612
-713
-772
-807
-830
-847
-865
-882
-883
-864
-853
-866
-864
-766
-551
-319
-216
-273
-365
-321
-85
247
520
636
609
541
559
722
970
1158
1183
1069
946
918
968
982
869
642
396
209
87
-24
-169
-353
-551
-743
-923
-1082
-1199
-1255
-1266
-1288
-1378
-1533
-1677
-1707
-1589
-1387
-1214
-1123
-1073
-978
-796
-561
-341
-169
-23
136
310
464
563
624
698
816
949
1033
1033
976
936
983
1137
1330
1431
1344
1108
901
890
1061
1227
1201
967
671
477
438
478
467
321
70
-149
-212
-130
-55
-126
-321
-485
-506
-429
-380
-421
-496
-513
-434
-302
-199
-183
-240
-276
-197
-5
188
272
250
232
308
436
493
419
293
249
317
383
303
58
-225
-384
-367
-279
-290
-480
-756
-922
-859
-651
-520
-616
-867
-1049
-990
-729
-461
-354
-412
-505
-507
-405
-281
-206
-171
-111
12
156
245
243
187
151
178
252
318
334
298
246
213
220
259
305
318
272
186
119
116
166
203
178
103
33
10
25
41
27
-17
-70
-100
-92
-60
-48
-97
-189
-241
-173
11
216
337
336
262
201
234
383
592
750
781
700
592
527
515
529
544
547
515
418
248
44
-113
-162
-124
-103
-205
-432
-660
-749
-685
-597
-632
-802
-984
-1052
-995
-907
-875
-896
-901
-835
-714
-613
-587
-617
-618
-518
-336
-167
-90
-88
-69
40
226
412
521
537
511
520
605
731
819
819
754
691
671
683
692
687
673
643
565
427
272
172
159
176
123
-46
-263
-398
-375
-246
-149
-194
-370
-547
-570
-395
-137
13
-41
-208
-295
-192
33
219
275
239
205
223
268
303
316
318
314
298
266
227
193
169
157
144
104
18
-94
-176
-183
-139
-126
-209
-366
-498
-518
-434
-344
-343
-438
-540
-561
-502
-451
-485
-575
-619
-557
-436
-361
-376
-428
-428
-339
-201
-83
-19
3
16
43
94
174
282
395
472
494
483
477
487
500
507
512
512
475
378
254
183
209
284
291
166
-36
-186
-199
-118
-60
-106
-221
-296
-249
-116
-24
-60
-182
-247
-155
45
209
231
136
42
55
181
328
379
294
146
66
119
239
287
182
-16
-158
-145
-19
72
11
-177
-351
-391
-306
-213
-204
-262
-302
-283
-249
-259
-309
-338
-312
-264
-254
-307
-392
-448
-434
-352
-259
-222
-262
-319
-302
-187
-44
32
26
12
72
203
323
365
350
358
437
548
607
574
491
437
454
511
540
504
420
338
293
275
245
176
72
-35
-112
-147
-163
-185
-219
-242
-237
-219
-223
-258
-286
-255
-154
-35
30
11
-46
-62
17
167
299
332
264
179
164
232
308
315
238
137
80
89
124
124
52
-72
-187
-242
-236
-226
-269
-364
-447
-464
-432
-416
-449
-491
-481
-418
-369
-384
-444
-478
-440
-349
-262
-223
-231
-246
-214
-113
25
120
115
30
-42
-17
103
232
285
251
202
203
257
312
334
341
360
384
380
338
296
294
332
361
342
277
206
164
151
142
110
52
-12
-61
-97
-136
-189
-236
-234
-160
-46
33
25
-51
-115
-95
21
173
268
248
138
32
26
130
258
300
221
91
18
46
119
138
50
-102
-219
-233
-164
-107
-143
-260
-362
-360
-256
-148
-135
-223
-321
-331
-238
-127
-98
-182
-311
-379
-336
-227
-152
-170
-244
-279
-220
-104
-18
-13
-53
-60
0
91
155
170
162
163
179
195
204
210
221
234
242
242
232
208
173
150
155
174
166
105
26
-8
31
93
100
32
-53
-80
-36
27
56
50
36
31
25
19
36
87
145
161
117
49
10
24
70
114
137
132
98
47
6
3
30
41
1
-69
-113
-96
-52
-44
-96
-170
-211
-197
-154
-122
-135
-196
-276
-321
-295
-222
-170
-189
-266
-336
-341
-281
-208
-177
-204
-252
-257
-188
-81
-8
-11
-57
-70
-8
96
166
162
111
76
97
164
239
285
290
263
225
198
193
205
221
229
225
206
168
117
76
70
91
101
65
-4
-52
-39
10
30
-16
-91
-115
-48
70
153
149
86
37
53
118
173
166
99
20
-19
0
53
93
90
48
-1
-27
-33
-39
-54
-66
-60
-46
-52
-92
-139
-149
-110
-55
-35
-70
-136
-185
-188
-159
-143
-168
-218
-243
-220
-176
-165
-202
-248
-257
-226
-194
-189
-202
-200
-164
-108
-58
-33
-35
-45
-30
34
136
225
249
203
145
143
214
303
330
262
149
84
117
210
272
246
162
103
114
160
172
126
64
29
15
-17
-78
-125
-111
-42
23
38
10
-13
2
44
80
89
74
57
56
74
92
87
59
39
54
88
89
28
-59
-97
-54
25
49
-20
-134
-198
-159
-52
24
1
-105
-205
-217
-134
-33
-4
-74
-184
-241
-209
-140
-120
-179
-255
-261
-186
-114
-129
-220
-288
-249
-123
-19
-21
-109
-180
-145
-8
139
198
149
53
0
43
161
279
320
263
156
82
93
165
222
199
101
-3
-39
15
107
159
129
38
-47
-71
-31
35
77
59
-14
-95
-121
-59
54
131
112
21
-54
-40
52
142
152
74
-20
-46
25
138
202
171
77
3
5
58
97
78
17
-29
-26
18
64
75
43
-10
-43
-35
-2
8
-36
-120
-190
-212
-196
-186
-213
-269
-321
-338
-314
-270
-233
-224
-241
-254
-235
-180
-116
-79
-78
-91
-83
-41
22
79
104
97
77
74
102
143
164
147
114
98
117
155
183
186
169
144
123
110
107
109
102
78
50
37
48
64
61
39
22
24
37
45
48
64
92
112
106
81
62
56
49
30
10
8
24
35
31
22
24
35
34
14
-5
4
42
73
67
21
-32
-58
-47
-15
5
-16
-78
-158
-214
-221
-189
-155
-156
-197
-246
-260
-220
-145
-78
-48
-53
-67
-67
-55
-45
-46
-41
-11
44
98
119
96
48
8
-3
13
36
42
13
-42
-88
-81
-8
94
165
170
131
92
70
46
3
-38
-36
21
98
145
137
83
10
-52
-82
-71
-27
34
100
159
187
154
69
-15
-37
1
46
52
21
-13
4
157
519
1032
1427
1371
762
-136
-882
-1223
-1224
-1087
-912
-667
-344
-51
74
-9
-221
-441
-572
-562
-411
-178
25
103
39
-88
-174
-163
-60
89
219
263
181
4
-168
-243
-200
-78
68
204
297
298
183
-14
-195
-263
-172
43
292
483
604
735
954
1193
1215
810
51
-668
-922
-625
-118
132
-69
-493
-729
-527
18
570
792
544
-62
-735
-1182
-1260
-1015
-553
111
1004
1970
2547
2250
1058
-450
-1501
-1709
-1248
-548
64
436
478
133
-499
-1123
-1406
-1212
-682
-90
335
494
398
123
-200
-402
-357
-60
346
652
712
503
120
-270
-479
-381
-19
392
600
504
210
-103
-331
-463
-500
-424
-256
-82
17
41
36
18
-22
-43
57
309
567
600
326
-89
-389
-471
-427
-354
-205
119
548
817
701
269
-157
-294
-130
142
354
469
504
442
264
13
-222
-387
-474
-467
-336
-105
100
130
-50
-320
-492
-449
-217
63
235
232
119
2
-81
-167
-257
-258
-88
191
390
386
239
107
70
85
86
72
70
69
25
-62
-144
-197
-255
-338
-383
-306
-133
-15
-62
-195
-211
-6
298
463
352
16
-390
-715
-837
-665
-198
417
916
1070
838
392
-10
-188
-109
174
596
1060
1359
1243
648
-149
-695
-738
-436
-164
-140
-274
-384
-469
-686
-1062
-1333
-1173
-565
124
470
344
-44
-385
-482
-321
-24
243
379
424
479
558
554
400
212
195
393
598
548
187
-295
-658
-785
-694
-466
-217
-70
-77
-161
-206
-186
-185
-249
-302
-242
-84
65
150
215
288
313
258
227
361
612
730
533
156
-67
37
295
391
200
-113
-312
-333
-309
-388
-549
-610
-422
-66
164
22
-405
-728
-623
-179
190
199
1
-24
254
554
533
230
29
189
537
696
528
234
57
29
60
115
184
175
-5
-256
-313
-28
416
647
463
-14
-478
-714
-706
-540
-257
137
538
672
288
-530
-1227
-1135
-102
1211
1799
1214
10
-791
-686
-94
232
72
-128
63
448
438
-210
-1069
-1449
-1023
-58
810
990
360
-548
-922
-450
283
395
-253
-844
-578
333
906
564
-238
-647
-395
78
326
387
513
696
661
261
-306
-692
-701
-403
-33
181
160
-17
-252
-503
-664
-465
267
1174
1490
842
-187
-602
-126
495
465
-87
-371
-32
454
497
165
-58
3
73
-19
-74
96
303
261
30
-121
-216
-542
-1055
-1171
-457
651
1177
683
-269
-816
-716
-382
-187
-61
184
416
298
-211
-695
-685
-176
354
439
100
-222
-199
8
4
-268
-425
-185
175
126
-401
-829
-577
231
849
700
-4
-500
-286
360
683
261
-508
-787
-177
832
1344
970
163
-354
-360
-196
-177
-209
-78
130
146
-31
-105
33
59
-309
-772
-707
-10
659
658
165
-96
184
573
581
312
189
286
294
85
-81
-18
48
-135
-345
-130
453
725
202
-714
-1133
-694
76
454
297
12
-82
-87
-240
-528
-685
-521
-129
200
228
-44
-366
-435
-174
183
322
185
7
15
157
185
-2
-203
-139
192
473
406
46
-252
-210
98
362
383
225
49
-85
-208
-284
-208
23
235
256
124
20
16
8
-58
-23
266
642
703
291
-242
-409
-164
92
70
-38
60
210
-70
-843
-1443
-1150
-98
790
823
256
-150
-74
152
191
168
335
545
438
38
-175
54
317
84
-497
-701
-188
476
491
-190
-804
-663
128
867
980
444
-332
-869
-925
-602
-206
59
237
430
513
240
-325
-696
-483
58
270
-56
-326
114
1033
1409
623
-671
-1139
-243
1112
1530
631
-581
-874
-100
764
807
161
-287
-32
460
390
-329
-931
-755
-85
201
-252
-828
-743
-63
392
106
-504
-663
-208
289
307
-32
-247
-130
112
221
167
66
4
34
197
435
555
406
91
-99
13
321
568
592
407
129
-112
-232
-257
-315
-492
-705
-760
-557
-209
73
160
79
-32
-20
137
241
39
-412
-639
-259
439
663
64
-721
-762
0
650
460
-198
-395
111
622
526
128
112
465
458
-254
-992
-853
73
744
459
-281
-469
101
625
398
-255
-430
172
883
920
282
-375
-570
-385
-104
186
456
483
75
-518
-773
-548
-285
-378
-595
-396
269
825
770
238
-293
-585
-698
-613
-177
516
1004
913
392
-93
-277
-236
-89
154
408
437
141
-232
-348
-190
-25
-16
-61
-77
-189
-474
-680
-484
3
263
8
-399
-367
182
692
640
114
-356
-433
-269
-189
-249
-213
98
534
739
525
101
-115
83
457
571
248
-248
-514
-423
-195
-75
-50
42
205
230
-6
-301
-334
-67
200
197
-8
-138
-58
126
255
302
330
350
296
105
-187
-432
-440
-170
134
115
-262
-553
-300
342
665
239
-525
-850
-530
-117
-126
-361
-253
314
831
825
440
197
341
638
730
515
164
-98
-164
-84
-32
-158
-405
-529
-373
-81
47
-95
-314
-351
-142
185
452
511
291
-99
-385
-379
-210
-168
-298
-308
34
510
656
325
-118
-238
-42
91
-65
-313
-316
-20
323
469
406
250
62
-159
-376
-491
-426
-193
113
359
415
240
-53
-282
-369
-378
-362
-242
75
464
625
416
71
-53
93
202
47
-186
-136
213
456
253
-220
-470
-271
85
172
-78
-375
-447
-296
-88
35
10
-145
-285
-196
147
443
363
7
-139
176
563
440
-175
-608
-353
273
523
137
-389
-440
19
525
698
580
423
362
326
180
-116
-427
-507
-229
201
370
104
-288
-372
-165
-124
-483
-839
-651
-18
366
110
-344
-322
163
438
114
-364
-311
300
826
778
342
-3
-99
-148
-273
-324
-165
63
79
-179
-461
-466
-157
178
189
-170
-529
-422
196
819
871
344
-178
-168
251
494
222
-298
-547
-331
103
401
407
174
-135
-301
-168
168
353
122
-369
-676
-560
-235
-58
-71
-15
242
441
230
-328
-726
-551
36
476
433
130
9
182
353
255
-14
-159
-86
36
77
126
276
376
181
-266
-592
-518
-219
-109
-303
-479
-318
58
232
28
-247
-179
250
620
543
87
-308
-294
54
357
325
7
-313
-391
-213
28
95
-103
-400
-480
-173
307
511
213
-292
-465
-122
348
448
169
-18
216
627
707
325
-123
-222
-7
172
129
3
-40
-50
-153
-283
-217
120
506
637
437
84
-211
-377
-444
-443
-403
-371
-358
-303
-163
-35
-59
-192
-187
88
395
359
-25
-301
-85
419
652
385
-27
-154
-32
0
-115
-45
399
869
831
240
-371
-494
-165
192
282
154
-5
-117
-208
-301
-387
-427
-340
-68
282
430
213
-159
-296
-107
71
-78
-407
-481
-161
209
240
-41
-294
-310
-187
-87
-24
45
74
-12
-150
-186
-69
85
162
178
204
247
264
264
296
332
244
-33
-365
-497
-314
11
181
75
-127
-146
69
260
150
-210
-454
-288
175
518
436
11
-396
-472
-182
239
478
374
17
-329
-437
-287
-53
97
162
250
372
351
37
-423
-634
-356
182
486
322
-41
-171
23
220
129
-130
-188
77
368
328
-19
-302
-256
-9
131
73
-17
-20
-40
-179
-286
-113
286
500
231
-303
-580
-369
41
243
174
63
49
47
-25
-90
-72
-43
-87
-108
29
201
102
-318
-670
-548
-61
289
231
9
-27
79
0
-342
-600
-427
90
519
533
167
-283
-508
-354
93
522
608
315
-63
-193
-28
225
374
390
302
108
-140
-292
-246
-83
39
104
219
376
391
166
-113
-175
-13
122
88
37
150
341
370
178
-42
-146
-203
-290
-276
-10
329
331
-95
-481
-311
300
680
401
-205
-469
-176
251
325
40
-242
-267
-104
52
120
113
18
-186
-405
-454
-275
-62
-74
-304
-443
-222
247
542
358
-161
-536
-417
77
469
389
-69
-443
-375
32
338
238
-132
-360
-208
146
323
148
-193
-393
-332
-111
131
321
371
180
-206
-506
-452
-117
119
20
-201
-146
240
543
354
-230
-672
-560
0
530
645
325
-169
-526
-576
-358
-94
-9
-110
-172
-24
202
184
-170
-529
-463
48
528
506
35
-375
-350
-52
82
-85
-246
-99
228
344
99
-231
-297
-82
141
162
27
-104
-146
-104
3
136
216
187
115
112
181
193
58
-135
-229
-193
-138
-129
-81
106
355
445
262
-43
-202
-100
132
287
282
189
105
57
13
-54
-139
-213
-247
-220
-129
0
123
192
180
98
-6
-67
-34
93
235
267
134
-63
-134
12
243
329
184
-34
-94
56
241
253
66
-154
-230
-123
81
265
332
230
5
-163
-92
178
352
184
-172
-262
140
680
765
264
-292
-292
267
798
807
390
8
-59
93
237
263
158
-55
-258
-255
-4
244
204
-57
-160
99
448
468
137
-146
-80
168
219
-7
-205
-106
197
396
343
174
78
66
10
-147
-303
-308
-154
-11
-51
-246
-386
-327
-175
-148
-244
-207
110
449
391
-103
-574
-591
-243
33
36
-15
93
206
40
-347
-574
-416
-92
35
-92
-211
-134
3
-60
-339
-552
-445
-90
196
213
62
-35
-35
-71
-198
-260
-94
168
181
-186
-598
-584
-107
338
287
-137
-363
-72
403
482
22
-529
-645
-267
219
420
260
-80
-372
-466
-319
-22
209
175
-110
-396
-425
-177
103
154
-52
-296
-345
-193
-45
-81
-264
-390
-309
-76
117
112
-78
-282
-306
-100
181
284
85
-278
-517
-460
-199
18
34
-98
-195
-140
14
111
45
-130
-253
-216
-59
97
179
188
134
14
-118
-129
48
283
349
175
-64
-157
-94
-12
27
103
256
375
337
202
147
230
331
350
359
476
649
703
570
389
322
373
447
517
604
659
588
443
435
657
893
853
569
394
535
744
637
220
-76
53
395
486
174
-239
-400
-278
-95
-16
-45
-155
-360
-619
-774
-698
-467
-312
-377
-575
-727
-760
-738
-724
-697
-622
-550
-582
-729
-873
-888
-769
-613
-492
-407
-354
-359
-409
-412
-294
-129
-76
-165
-233
-149
-23
-59
-236
-290
-90
120
26
-297
-424
-129
289
377
112
-83
86
389
399
72
-179
-10
418
645
455
84
-105
-42
49
1
-65
87
443
654
393
-223
-648
-439
240
720
515
-140
-543
-307
225
439
187
-92
-9
258
256
-76
-295
-84
273
241
-215
-521
-222
400
643
243
-310
-388
46
471
479
189
-34
-51
-7
-6
50
243
426
373
103
-89
45
409
679
646
404
203
198
347
515
608
611
554
471
400
364
349
298
166
3
-51
84
299
370
228
80
163
404
462
164
-211
-233
130
446
335
-79
-360
-301
-93
-6
-70
-178
-302
-466
-570
-476
-258
-198
-396
-567
-389
13
143
-245
-788
-922
-541
-90
-5
-255
-509
-576
-520
-440
-351
-299
-397
-631
-766
-613
-320
-223
-407
-591
-513
-290
-243
-426
-543
-353
-14
106
-126
-466
-596
-452
-222
-108
-152
-260
-320
-283
-176
-65
-6
-4
-24
-31
-16
3
1
-24
-39
-1
78
131
126
133
231
366
381
254
179
319
516
440
49
-262
-110
357
600
340
-105
-236
25
303
280
51
-75
40
251
344
243
43
-77
25
327
609
629
372
78
-17
68
134
80
-3
-1
63
102
103
104
88
-12
-160
-194
-23
202
237
58
-74
63
346
440
224
-36
-10
268
426
218
-166
-343
-201
5
28
-76
-102
-26
-18
-138
-211
-81
125
156
-12
-124
14
286
434
360
165
-19
-127
-99
83
270
207
-146
-457
-355
97
427
306
-68
-246
-68
202
265
138
61
169
348
384
208
-36
-135
-12
193
261
118
-90
-171
-89
20
28
-48
-123
-160
-171
-128
4
160
192
57
-78
-16
206
324
172
-112
-257
-196
-118
-196
-353
-372
-191
3
-14
-241
-455
-447
-231
-15
19
-121
-270
-288
-181
-67
-38
-88
-154
-197
-215
-198
-141
-88
-128
-286
-452
-472
-321
-137
-66
-114
-178
-187
-157
-122
-77
-8
50
23
-109
-248
-236
-13
274
375
183
-117
-221
-34
215
231
-12
-274
-349
-269
-181
-130
-50
59
92
2
-99
-62
102
227
190
37
-92
-100
5
146
213
122
-96
-259
-192
53
205
78
-187
-269
-64
183
188
-10
-118
7
177
154
-5
-39
139
307
248
55
2
151
278
193
3
-59
32
92
28
-24
59
168
112
-82
-168
-7
241
328
226
117
117
156
124
40
3
38
88
110
111
85
11
-59
-7
181
324
229
-43
-211
-101
147
265
173
11
-79
-90
-40
100
300
370
155
-192
-293
12
401
415
11
-354
-271
138
388
212
-172
-368
-244
1
121
49
-105
-182
-96
102
236
152
-103
-290
-223
22
197
147
-56
-248
-336
-307
-148
108
306
257
-26
-281
-256
-12
141
14
-238
-328
-188
-30
-43
-146
-126
47
169
70
-145
-215
-40
197
244
58
-175
-259
-174
-55
-20
-65
-86
-11
108
134
-5
-199
-218
32
346
385
59
-311
-306
104
484
399
-81
-453
-353
50
285
139
-152
-241
-87
66
42
-70
-83
22
93
29
-80
-81
32
113
58
-59
-78
26
99
8
-168
-216
-59
122
98
-113
-256
-151
72
132
-49
-251
-229
-11
162
130
-20
-102
-52
38
61
7
-68
-117
-129
-119
-100
-83
-70
-68
-73
-62
-14
58
100
74
-1
-69
-88
-47
45
144
160
19
-226
-374
-254
71
318
261
-18
-213
-141
61
117
-40
-175
-63
199
284
55
-228
-218
80
319
252
22
-74
20
118
116
124
220
249
37
-284
-364
-84
258
305
66
-134
-86
91
171
103
-6
-81
-120
-100
23
180
197
-2
-260
-340
-173
91
244
198
24
-101
-29
203
361
244
-53
-216
-73
173
211
24
-91
55
267
223
-72
-274
-133
190
343
198
-66
-231
-249
-158
22
231
296
88
-259
-425
-247
80
226
96
-98
-118
45
210
232
124
-8
-72
-28
92
175
97
-114
-252
-149
80
129
-120
-398
-360
-35
172
-23
-397
-482
-145
242
257
-59
-274
-123
193
291
95
-119
-108
54
137
74
-6
-5
15
-35
-113
-115
-48
-21
-68
-96
-38
19
-51
-204
-245
-74
161
213
23
-200
-200
55
333
368
119
-186
-275
-80
206
331
211
-31
-207
-209
-46
179
290
128
-263
-574
-478
-15
369
279
-164
-445
-259
142
288
58
-237
-280
-88
113
194
174
76
-83
-193
-94
186
381
291
38
-99
-56
-24
-118
-174
-16
212
165
-226
-578
-470
38
430
300
-199
-540
-395
48
336
237
-72
-248
-147
85
236
243
194
164
134
61
-37
-91
-76
-40
-41
-64
-41
51
138
102
-77
-255
-248
-41
164
154
-42
-179
-115
-2
-66
-246
-213
168
542
416
-183
-628
-375
365
831
574
-66
-409
-220
114
159
-42
-116
94
330
294
35
-147
-115
-29
-61
-142
-103
34
75
-68
-227
-203
-32
78
33
-49
-25
81
156
159
126
59
-67
-184
-131
135
387
307
-138
-565
-536
-39
456
486
79
-321
-363
-115
125
198
161
93
-1
-81
-37
147
276
141
-185
-369
-195
165
348
211
-55
-206
-208
-162
-100
15
120
67
-146
-279
-120
208
359
192
-49
-59
131
233
112
-50
-40
79
85
-86
-262
-274
-164
-84
-97
-129
-108
-52
-23
-39
-51
7
129
212
128
-110
-288
-168
212
496
371
-49
-310
-138
238
379
172
-67
-44
134
140
-112
-359
-335
-98
65
-2
-173
-232
-142
-56
-86
-157
-111
62
183
122
-16
-15
154
263
151
-25
29
306
453
225
-157
-271
-36
203
156
-48
-101
21
45
-170
-416
-430
-236
-73
-67
-137
-196
-251
-279
-174
88
320
321
146
54
150
243
141
-27
32
322
469
192
-283
-451
-147
260
324
32
-277
-369
-326
-289
-223
-45
137
105
-147
-346
-250
51
254
207
48
-7
88
202
206
86
-65
-114
19
262
392
219
-173
-455
-377
-53
159
65
-155
-192
7
190
122
-119
-228
-34
313
496
354
3
-294
-342
-120
217
430
353
45
-241
-279
-80
147
239
208
133
9
-196
-381
-353
-76
200
192
-61
-221
-74
182
189
-86
-273
-64
373
570
325
-65
-188
-21
88
-95
-365
-338
26
324
169
-330
-663
-490
-26
226
35
-334
-476
-303
-77
-45
-164
-211
-90
86
175
175
174
207
237
251
281
321
299
186
80
109
259
363
294
111
-25
-33
41
117
152
106
-55
-269
-369
-245
-5
106
-21
-222
-237
-5
264
323
136
-96
-165
-64
32
-10
-128
-144
-12
89
-48
-368
-542
-327
103
298
42
-364
-442
-117
185
65
-351
-563
-291
211
461
272
-90
-237
-55
244
383
296
139
84
153
235
234
164
114
147
230
260
163
-14
-140
-120
6
101
75
-32
-107
-99
-86
-167
-317
-380
-248
-19
82
-39
-231
-281
-172
-70
-64
-41
110
262
164
-189
-459
-327
106
412
313
-32
-260
-218
-51
45
30
-22
-58
-76
-79
-62
-15
82
228
342
287
57
-118
10
363
550
319
-98
-237
31
334
275
-73
-292
-144
176
337
255
92
-10
-60
-104
-121
-100
-114
-223
-337
-298
-107
24
-86
-339
-442
-251
50
157
1
-190
-170
30
159
55
-165
-243
-68
218
369
257
-24
-243
-216
44
323
387
193
-66
-154
-23
158
199
79
-80
-166
-169
-119
-22
103
173
110
-44
-130
-43
158
313
316
181
3
-108
-65
119
299
296
90
-126
-154
-22
46
-88
-292
-316
-112
92
60
-184
-394
-389
-222
-67
-10
-13
-31
-73
-133
-136
-15
171
271
204
52
-37
-12
53
75
64
87
152
181
98
-66
-175
-121
48
155
72
-128
-227
-103
112
178
32
-118
-36
241
423
297
-35
-265
-210
32
224
234
113
-27
-119
-139
-71
65
173
145
-16
-175
-204
-122
-54
-78
-145
-169
-145
-127
-129
-102
-23
36
-8
-120
-160
-57
86
130
80
77
183
272
196
2
-107
-24
140
207
140
52
29
30
-19
-85
-68
45
132
81
-64
-151
-114
-37
-22
-38
9
96
86
-61
-161
-21
254
323
23
-374
-452
-136
214
225
-80
-354
-334
-82
145
173
28
-144
-201
-97
74
138
8
-197
-243
-55
175
201
27
-98
10
229
285
89
-154
-186
10
223
255
119
-31
-85
-67
