-201
-264
-326
-325
-270
-238
-287
-387
-460
-463
-424
-393
-391
-402
-415
-422
-413
-378
-328
-297
-296
-292
-238
-133
-26
42
80
124
192
271
342
401
455
509
569
634
691
723
724
718
731
771
822
865
889
880
837
776
731
719
711
672
601
536
500
468
399
297
208
168
158
137
89
34
-11
-59
-131
-226
-318
-382
-421
-445
-465
-489
-533
-598
-665
-702
-706
-710
-750
-826
-914
-995
-1082
-1186
-1286
-1340
-1339
-1319
-1319
-1344
-1360
-1345
-1305
-1252
-1177
-1062
-910
-753
-612
-482
-347
-196
-20
194
443
691
893
1035
1143
1249
1370
1522
1729
1992
2252
2420
2455
2414
2391
2437
2519
2573
2558
2460
2277
2026
1745
1481
1251
1040
830
612
375
92
-245
-591
-865
-1016
-1069
-1107
-1203
-1375
-1572
-1724
-1789
-1768
-1697
-1608
-1520
-1438
-1354
-1259
-1155
-1059
-991
-945
-905
-870
-875
-946
-1064
-1150
-1148
-1084
-1065
-1179
-1400
-1604
-1677
-1614
-1507
-1460
-1500
-1576
-1604
-1529
-1346
-1090
-801
-512
-237
7
211
361
464
585
824
1201
1610
1896
2000
1987
2005
2272
3006
4125
4995
4802
3446
1952
1638
2754
4127
4341
3146
1562
688
654
776
480
-167
-735
-970
-982
-1078
-1533
-2371
-3238
-3529
-2922
-1833
-1200
-1593
-2613
-3228
-2777
-1523
-273
395
471
287
165
282
682
1242
1720
1919
1858
1683
1471
1165
758
405
301
414
459
122
-654
-1616
-2383
-2715
-2659
-2502
-2566
-2966
-3544
-3997
-4119
-3911
-3519
-3088
-2701
-2383
-2127
-1886
-1602
-1242
-811
-329
162
565
762
732
632
706
1048
1510
1860
2029
2213
2722
3696
4876
5638
5374
4082
2611
2130
3063
4535
5070
3990
2080
762
681
1238
1415
822
-130
-851
-1135
-1211
-1455
-2065
-2835
-3241
-2878
-1955
-1245
-1414
-2320
-3092
-2917
-1780
-422
345
310
-76
-168
381
1452
2646
3536
3808
3333
2300
1268
928
1513
2454
2743
1880
356
-836
-1212
-1125
-1177
-1504
-1829
-1998
-2228
-2776
-3564
-4230
-4453
-4167
-3563
-3021
-2935
-3396
-3971
-3991
-3172
-1939
-1026
-783
-942
-1000
-710
-190
312
632
753
748
693
617
513
404
400
587
889
1102
1204
1555
2624
4340
5803
5919
4512
2796
2465
4092
6431
7473
6302
3930
2254
2266
3279
3826
3102
1543
173
-404
-441
-681
-1639
-3101
-4223
-4280
-3436
-2773
-3296
-4873
-6193
-5984
-4245
-2259
-1350
-1716
-2369
-2155
-748
1225
2877
3826
4318
4723
4991
4792
4097
3491
3617
4364
4748
3855
1794
-332
-1471
-1497
-1155
-1266
-2110
-3369
-4502
-5170
-5412
-5509
-5630
-5663
-5422
-5007
-4791
-4999
-5329
-5162
-4163
-2677
-1469
-1050
-1249
-1414
-1012
-60
919
1342
1027
323
-183
-164
182
384
206
-159
-368
-328
-202
-64
349
1446
3342
5546
7062
6975
5262
3180
2561
4254
7097
8749
7811
5162
3021
2765
3788
4482
3925
2492
1077
154
-439
-1134
-2206
-3492
-4381
-4344
-3667
-3466
-4569
-6434
-7432
-6461
-4077
-1945
-1249
-1801
-2464
-2213
-791
1319
3311
4595
5127
5274
5276
5014
4382
3812
3955
4792
5256
4208
1709
-845
-2013
-1608
-736
-682
-1887
-3798
-5439
-6137
-5923
-5421
-5271
-5596
-5988
-6039
-5763
-5445
-5161
-4664
-3762
-2677
-1885
-1619
-1620
-1375
-597
516
1422
1664
1248
642
367
552
887
989
740
295
-142
-465
-621
-580
-367
-13
627
1844
3690
5542
6282
5221
3039
1649
2662
5689
8313
8247
5615
2882
2333
3887
5479
5355
3555
1399
18
-419
-473
-839
-1844
-3183
-4090
-4090
-3651
-3829
-5030
-6364
-6451
-4936
-2943
-1997
-2537
-3561
-3574
-1927
646
2721
3474
3362
3470
4222
4907
4701
3870
3580
4361
5258
4791
2725
416
-592
-134
568
192
-1472
-3499
-4741
-4781
-4192
-3979
-4704
-5988
-6875
-6724
-5822
-5041
-4902
-5051
-4755
-3776
-2620
-1926
-1779
-1676
-1084
29
1164
1690
1399
743
480
961
1765
2137
1754
973
338
18
-179
-385
-520
-504
-416
-279
177
1345
3211
5048
5773
4845
3011
2031
3257
6174
8524
8294
5744
3234
2871
4456
5949
5681
3812
1697
404
20
-7
-321
-1251
-2540
-3483
-3627
-3399
-3716
-4875
-6023
-6044
-4793
-3315
-2774
-3352
-4105
-3813
-1929
957
3414
4162
3161
1842
1951
3930
6368
7276
5932
3542
2020
2213
3232
3505
2310
319
-1284
-1976
-2221
-2727
-3644
-4532
-4985
-5093
-5273
-5761
-6358
-6631
-6294
-5468
-4631
-4272
-4443
-4635
-4167
-2842
-1218
-166
-82
-509
-577
169
1355
2203
2271
1778
1244
973
912
885
808
683
498
222
-120
-464
-749
-925
-847
-269
1025
2911
4735
5515
4685
2872
1807
2977
6028
8675
8646
5962
3051
2411
4205
6344
6695
4928
2314
332
-335
66
629
345
-1083
-2849
-3769
-3590
-3278
-3845
-5034
-5615
-4863
-3473
-2806
-3428
-4511
-4638
-3025
-176
2440
3422
2530
1010
662
2276
4835
6385
5774
3656
1783
1416
2304
3122
2728
1111
-782
-1988
-2355
-2461
-2872
-3604
-4283
-4699
-5018
-5475
-6002
-6259
-5968
-5231
-4481
-4142
-4265
-4442
-4102
-3008
-1522
-346
82
-9
32
634
1592
2335
2508
2238
1872
1618
1466
1338
1193
1000
707
263
-337
-1014
-1539
-1647
-1282
-749
-421
-257
326
1805
3753
4866
4183
2364
1460
2966
6076
8212
7562
4987
3115
3631
5676
7002
6274
4059
1866
762
819
1330
1278
23
-2027
-3612
-3859
-3293
-3247
-4300
-5590
-5893
-5047
-4042
-3827
-4346
-4713
-4154
-2645
-864
368
725
627
830
1669
2763
3482
3619
3426
3182
2918
2610
2317
2047
1620
895
6
-758
-1320
-1843
-2415
-2915
-3303
-3799
-4549
-5229
-5290
-4664
-3956
-3797
-4132
-4357
-4031
-3249
-2350
-1544
-914
-524
-339
-116
360
977
1388
1444
1342
1336
1414
1420
1314
1171
963
540
-98
-688
-988
-1092
-1300
-1711
-2060
-2080
-1832
-1585
-1332
-658
850
2940
4593
4729
3296
1686
1786
4201
7348
8680
7113
4248
2888
4308
7055
8494
7261
4229
1369
101
482
1447
1602
202
-2190
-4136
-4677
-4270
-4163
-4937
-5945
-6266
-5804
-5242
-5090
-5166
-4897
-3911
-2245
-347
1002
1103
116
-670
174
2670
5073
5438
3553
1215
470
1730
3541
4106
2832
624
-1104
-1543
-950
-283
-452
-1683
-3387
-4617
-4807
-4192
-3527
-3400
-3766
-4146
-4169
-3861
-3423
-2923
-2266
-1458
-742
-392
-403
-449
-163
523
1305
1755
1641
1100
518
269
454
840
1018
693
-69
-870
-1286
-1217
-953
-896
-1170
-1577
-1830
-1771
-1304
-302
1285
3099
4331
4243
2959
1718
2067
4432
7425
8812
7497
4672
2809
3380
5541
7095
6556
4270
1730
246
169
918
1399
655
-1361
-3595
-4742
-4492
-3784
-3751
-4549
-5437
-5761
-5558
-5186
-4761
-4103
-3097
-1858
-672
94
181
-192
-247
721
2475
3842
3831
2666
1574
1522
2353
3090
2949
1925
651
-180
-269
101
281
-244
-1418
-2678
-3444
-3560
-3299
-3036
-2996
-3197
-3519
-3764
-3727
-3322
-2677
-2053
-1651
-1478
-1394
-1230
-856
-234
483
962
950
574
301
476
967
1314
1210
759
314
121
147
178
33
-287
-646
-934
-1174
-1420
-1643
-1718
-1580
-1280
-874
-238
842
2298
3507
3652
2611
1437
1618
3589
6038
6999
5783
3697
2759
3740
5570
6481
5593
3426
1302
358
854
1982
2350
1064
-1374
-3378
-3736
-2777
-1971
-2369
-3670
-4770
-4946
-4352
-3585
-3044
-2721
-2360
-1762
-1023
-482
-324
-269
197
1178
2101
2285
1705
1066
1063
1705
2387
2534
2041
1235
550
241
227
167
-269
-1087
-1954
-2510
-2676
-2644
-2628
-2700
-2828
-2980
-3121
-3168
-3013
-2626
-2088
-1551
-1161
-996
-994
-943
-631
-79
419
582
453
364
561
947
1229
1261
1124
953
767
540
303
99
-103
-379
-699
-945
-1077
-1205
-1430
-1696
-1823
-1723
-1480
-1227
-924
-342
737
2136
3207
3308
2547
1945
2596
4509
6412
6878
5687
4043
3412
4207
5549
6175
5471
3799
2082
1168
1312
1965
2112
1087
-764
-2355
-2892
-2590
-2287
-2540
-3197
-3772
-3935
-3642
-3008
-2294
-1870
-1966
-2361
-2466
-1858
-738
223
508
209
-104
48
651
1271
1491
1245
808
490
410
461
439
177
-342
-939
-1359
-1513
-1557
-1712
-2011
-2278
-2336
-2204
-2067
-2077
-2187
-2171
-1856
-1339
-935
-865
-1026
-1096
-854
-359
156
496
610
575
549
674
951
1189
1174
913
659
633
755
720
364
-137
-456
-462
-323
-303
-532
-929
-1285
-1385
-1183
-868
-742
-908
-1143
-1069
-469
603
1851
2834
3123
2643
1948
1956
3154
4981
6136
5705
4083
2688
2689
3948
5229
5354
4152
2410
1152
928
1536
2178
1995
729
-997
-2180
-2296
-1719
-1306
-1594
-2412
-3156
-3338
-2912
-2228
-1723
-1640
-1881
-2103
-1989
-1492
-857
-421
-356
-554
-729
-628
-237
213
421
266
-120
-460
-571
-484
-393
-473
-749
-1089
-1321
-1370
-1305
-1264
-1347
-1551
-1784
-1896
-1752
-1362
-932
-738
-851
-1035
-971
-586
-112
160
172
121
218
485
755
882
888
902
963
984
883
722
624
601
535
350
119
-34
-117
-253
-494
-718
-769
-668
-603
-727
-976
-1148
-1107
-915
-742
-706
-768
-772
-549
-22
770
1665
2393
2632
2239
1541
1304
2126
3738
5019
4951
3639
2272
2037
3060
4402
4946
4247
2702
1198
549
983
1897
2222
1303
-462
-1920
-2198
-1441
-597
-522
-1325
-2422
-3085
-2983
-2340
-1699
-1506
-1803
-2252
-2450
-2226
-1714
-1197
-915
-922
-1068
-1103
-893
-547
-308
-319
-503
-672
-713
-629
-491
-383
-390
-524
-671
-690
-592
-552
-678
-824
-747
-424
-119
-99
-332
-520
-413
-50
305
440
376
303
363
525
646
626
492
371
391
571
778
838
696
473
329
312
333
293
174
14
-155
-314
-430
-484
-518
-608
-772
-927
-968
-879
-730
-613
-571
-610
-704
-778
-721
-478
-131
148
268
322
505
907
1412
1789
1887
1735
1522
1493
1810
2392
2883
2898
2387
1758
1528
1846
2365
2582
2278
1652
1085
835
877
970
853
433
-156
-657
-883
-851
-730
-692
-810
-1069
-1405
-1679
-1708
-1441
-1097
-1015
-1307
-1707
-1833
-1568
-1137
-861
-883
-1103
-1280
-1191
-795
-310
-82
-278
-700
-928
-708
-190
207
184
-182
-528
-535
-200
177
271
29
-286
-334
-25
406
616
462
109
-119
-8
390
800
936
720
342
118
223
551
817
799
510
169
6
82
249
288
114
-147
-299
-290
-263
-359
-524
-582
-476
-351
-361
-499
-649
-756
-829
-826
-657
-356
-148
-248
-583
-813
-655
-182
255
374
215
39
50
237
467
630
704
712
699
732
861
1071
1270
1363
1332
1251
1221
1294
1440
1576
1632
1583
1447
1264
1086
965
910
868
753
531
272
89
22
-7
-116
-347
-632
-855
-944
-915
-851
-843
-911
-996
-1017
-945
-823
-711
-634
-571
-498
-424
-398
-453
-555
-609
-542
-384
-261
-280
-427
-578
-609
-501
-341
-241
-254
-340
-389
-304
-86
146
250
192
74
41
148
338
509
592
575
493
411
386
411
421
362
259
177
130
71
-25
-116
-157
-176
-251
-392
-507
-501
-403
-335
-381
-505
-598
-588
-478
-329
-215
-180
-204
-197
-89
81
183
139
35
38
215
444
553
496
387
364
448
548
567
493
385
312
300
328
354
346
300
246
225
263
338
389
357
251
148
133
211
301
316
242
147
109
143
198
217
191
153
135
131
116
84
70
103
152
142
30
-133
-234
-212
-114
-51
-93
-215
-329
-360
-304
-230
-232
-350
-507
-559
-434
-216
-88
-153
-337
-458
-397
-196
9
108
98
58
62
124
201
245
239
203
168
146
139
152
180
202
181
103
0
-68
-61
-5
27
-22
-140
-251
-288
-245
-177
-144
-161
-193
-193
-148
-80
-35
-43
-89
-126
-115
-64
-16
5
9
5
-15
-58
-94
-69
25
138
195
168
91
29
32
99
174
185
107
-15
-94
-82
-3
78
108
75
-6
-92
-126
-72
47
154
179
114
17
-44
-39
14
75
115
118
84
18
-54
-92
-70
-7
38
6
-105
-229
-270
-191
-49
49
38
-53
-139
-151
-75
51
161
198
150
73
55
136
261
326
283
183
126
170
285
382
385
282
133
44
85
225
338
308
133
-78
-207
-215
-140
-52
-21
-92
-249
-389
-397
-250
-55
39
-23
-169
-272
-257
-144
-14
60
47
-34
-119
-132
-37
122
246
261
178
74
20
35
85
117
95
26
-48
-85
-76
-53
-52
-84
-136
-181
-205
-207
-192
-168
-143
-125
-118
-124
-140
-161
-173
-157
-103
-25
43
74
69
51
41
49
78
118
149
145
104
53
28
42
72
90
83
63
47
50
71
97
101
72
26
-1
16
72
137
176
168
120
69
64
124
220
291
293
234
163
125
128
149
158
135
78
7
-44
-47
-4
46
55
10
-67
-128
-136
-89
-24
8
-22
-92
-157
-181
-164
-120
-66
-14
13
-1
-48
-93
-100
-61
-1
40
35
-18
-91
-136
-113
-25
70
101
41
-68
-147
-144
-72
13
47
9
-77
-159
-197
-186
-158
-144
-153
-169
-175
-174
-178
-194
-212
-215
-198
-177
-169
-174
-172
-140
-83
-35
-30
-66
-102
-92
-28
59
123
141
124
100
97
125
173
208
201
153
108
113
167
213
201
140
92
98
145
180
171
123
66
29
27
56
90
93
52
3
-9
29
77
84
41
-17
-46
-26
35
110
156
133
42
-57
-85
-20
78
120
76
-6
-48
-18
54
106
96
33
-31
-37
29
124
171
133
39
-35
-38
19
80
97
70
34
18
21
17
-15
-69
-114
-124
-99
-71
-77
-126
-191
-239
-258
-263
-277
-304
-326
-320
-278
-218
-175
-172
-200
-227
-226
-191
-131
-59
10
51
49
17
2
39
122
198
224
197
156
144
174
229
271
270
220
144
80
54
66
85
80
36
-32
-97
-131
-119
-75
-31
-20
-58
-124
-168
-152
-71
28
86
71
13
-21
17
112
199
218
174
117
99
130
178
205
192
145
87
44
23
17
15
16
21
18
-10
-57
-92
-80
-27
24
36
10
-18
-21
-4
17
35
52
72
86
90
85
75
58
34
13
4
5
-3
-41
-109
-184
-237
-251
-233
-210
-213
-253
-313
-356
-353
-301
-227
-168
-146
-163
-192
-197
-151
-53
60
137
146
103
63
78
150
230
262
234
184
154
149
141
106
53
14
6
7
-18
-89
-176
-222
-187
-99
-32
-44
-119
-184
-169
-71
52
126
124
76
48
79
154
229
272
286
293
306
317
304
262
209
170
150
127
87
43
16
1
-40
-125
-214
-242
-186
-100
-68
-114
-182
-192
-121
-19
42
37
-4
-26
6
81
153
177
145
98
90
135
198
223
180
88
-9
-72
-95
-105
-137
-197
-256
-278
-255
-231
-252
-318
-379
-380
-320
-247
-205
-196
-191
-165
-119
-71
-36
