26
21
14
15
26
45
61
67
60
45
31
26
29
34
33
28
23
20
19
16
13
11
10
9
8
6
5
5
4
3
3
3
2
-1
-3
-2
1
0
-6
-17
-30
-41
-46
-45
-41
-36
-32
-27
-23
-25
-37
-54
-64
-62
-55
-53
-60
-68
-69
-62
-55
-55
-63
-73
-76
-72
-65
-61
-61
-63
-62
-53
-38
-25
-17
-14
-14
-13
-12
-10
-8
-7
-8
-9
-4
10
27
39
39
33
34
48
67
78
76
69
68
75
85
90
90
90
97
108
121
131
135
130
120
113
112
114
114
110
107
108
111
111
105
94
81
72
67
67
65
60
55
55
58
52
28
-5
-26
-23
-9
-7
-23
-41
-45
-38
-35
-44
-61
-76
-88
-102
-116
-126
-130
-132
-134
-135
-134
-137
-150
-171
-189
-196
-192
-187
-186
-189
-195
-201
-209
-217
-224
-227
-223
-209
-190
-172
-166
-173
-183
-186
-179
-166
-153
-140
-126
-111
-97
-84
-75
-67
-61
-50
-30
-1
27
48
63
82
109
137
151
150
145
152
172
195
214
229
242
249
248
244
245
255
268
281
296
317
339
351
349
341
340
348
360
364
358
344
326
308
293
284
281
276
261
236
207
182
162
141
116
90
66
41
9
-25
-49
-61
-76
-108
-156
-200
-226
-239
-257
-286
-316
-334
-341
-348
-361
-379
-399
-418
-443
-470
-493
-505
-507
-505
-503
-502
-501
-505
-514
-525
-527
-517
-501
-483
-465
-446
-427
-411
-395
-380
-365
-349
-328
-290
-232
-161
-93
-40
0
37
75
112
143
171
203
241
277
305
322
335
351
375
409
445
476
494
500
505
517
536
555
568
581
605
645
696
747
786
816
845
884
934
993
1053
1110
1162
1206
1241
1263
1268
1261
1249
1239
1231
1213
1177
1119
1040
942
827
699
567
433
299
162
18
-135
-297
-469
-648
-830
-1010
-1182
-1334
-1460
-1566
-1670
-1784
-1900
-1997
-2062
-2097
-2117
-2132
-2144
-2153
-2154
-2138
-2105
-2060
-2010
-1946
-1861
-1757
-1654
-1565
-1481
-1378
-1251
-1115
-986
-863
-733
-589
-440
-300
-178
-69
38
151
269
381
480
563
630
683
721
753
787
820
838
833
818
808
799
770
714
653
617
608
603
583
559
546
550
561
572
586
611
644
687
742
817
906
1003
1109
1235
1374
1494
1565
1598
1644
1739
1861
1945
1950
1896
1838
1809
1790
1738
1624
1455
1270
1113
998
890
734
512
269
63
-89
-226
-389
-576
-754
-894
-1001
-1104
-1222
-1348
-1464
-1563
-1647
-1718
-1771
-1823
-1894
-1990
-2081
-2136
-2154
-2164
-2186
-2213
-2219
-2190
-2132
-2071
-2024
-1978
-1905
-1791
-1652
-1516
-1389
-1255
-1108
-967
-849
-756
-663
-547
-403
-251
-125
-43
5
46
106
185
255
283
268
247
259
304
346
355
339
326
333
352
366
361
330
287
258
265
297
326
333
331
337
356
387
441
529
645
762
874
1003
1178
1390
1600
1768
1889
1996
2133
2317
2519
2672
2730
2710
2675
2671
2668
2590
2395
2132
1900
1750
1627
1421
1082
676
321
75
-108
-308
-550
-787
-969
-1089
-1180
-1274
-1376
-1465
-1513
-1508
-1477
-1466
-1496
-1539
-1554
-1533
-1509
-1514
-1555
-1608
-1648
-1665
-1677
-1715
-1785
-1850
-1858
-1798
-1718
-1669
-1640
-1578
-1457
-1313
-1197
-1116
-1034
-924
-787
-640
-494
-359
-252
-174
-109
-32
59
131
141
81
-2
-46
-38
-27
-69
-157
-235
-257
-239
-229
-254
-302
-345
-356
-328
-275
-232
-228
-253
-272
-265
-252
-253
-253
-220
-153
-82
-31
14
82
192
336
503
687
901
1162
1478
1808
2087
2270
2391
2541
2788
3094
3341
3437
3417
3403
3467
3542
3480
3213
2843
2553
2422
2343
2132
1717
1195
740
434
220
-27
-367
-734
-1001
-1115
-1151
-1249
-1480
-1778
-1997
-2048
-1976
-1905
-1923
-2000
-2045
-2021
-1991
-2039
-2154
-2232
-2182
-2034
-1899
-1857
-1880
-1892
-1858
-1804
-1751
-1672
-1530
-1344
-1171
-1039
-922
-780
-617
-471
-361
-267
-153
-3
166
311
391
391
342
287
254
232
205
170
146
143
137
74
-69
-247
-382
-443
-481
-562
-679
-756
-744
-683
-674
-770
-923
-1031
-1038
-983
-940
-933
-918
-843
-721
-616
-575
-567
-512
-343
-66
247
520
753
1024
1413
1896
2324
2550
2598
2665
2942
3411
3840
4007
3915
3792
3851
4061
4175
3982
3534
3105
2920
2932
2872
2526
1932
1334
931
695
422
-34
-592
-1026
-1193
-1183
-1229
-1477
-1856
-2180
-2332
-2347
-2336
-2354
-2370
-2335
-2257
-2191
-2191
-2267
-2383
-2468
-2450
-2297
-2064
-1859
-1766
-1761
-1744
-1647
-1502
-1390
-1330
-1250
-1066
-771
-445
-190
-66
-54
-80
-57
41
174
279
347
421
529
625
633
519
341
197
144
154
153
89
-31
-166
-277
-366
-464
-600
-761
-888
-931
-909
-901
-962
-1071
-1159
-1191
-1196
-1218
-1256
-1276
-1238
-1131
-980
-834
-738
-689
-610
-431
-156
126
367
631
1040
1609
2186
2568
2687
2686
2815
3219
3797
4262
4383
4225
4110
4290
4644
4768
4391
3701
3175
3102
3292
3280
2791
1984
1269
905
780
567
64
-608
-1135
-1320
-1275
-1300
-1587
-2058
-2459
-2613
-2570
-2517
-2581
-2715
-2778
-2695
-2541
-2452
-2495
-2617
-2717
-2719
-2603
-2393
-2155
-1957
-1816
-1693
-1559
-1432
-1343
-1282
-1204
-1056
-801
-435
-39
246
330
277
247
341
504
619
637
617
639
720
784
732
531
267
90
81
161
161
1
-231
-385
-423
-458
-607
-857
-1074
-1147
-1096
-1048
-1102
-1238
-1361
-1413
-1425
-1445
-1472
-1450
-1346
-1180
-1011
-880
-797
-721
-607
-425
-189
88
416
850
1407
2015
2509
2751
2769
2794
3091
3709
4383
4755
4715
4526
4547
4825
5017
4756
4072
3399
3160
3348
3535
3279
2531
1663
1088
869
703
268
-417
-1018
-1243
-1148
-1074
-1300
-1792
-2279
-2545
-2610
-2649
-2772
-2928
-2994
-2917
-2752
-2593
-2515
-2539
-2642
-2767
-2831
-2765
-2550
-2246
-1965
-1795
-1721
-1642
-1479
-1260
-1089
-1006
-913
-663
-234
215
472
481
384
372
500
668
761
778
804
901
1031
1093
1004
764
469
242
140
106
34
-118
-297
-441
-567
-741
-981
-1214
-1360
-1412
-1417
-1407
-1382
-1358
-1391
-1520
-1693
-1784
-1697
-1468
-1237
-1119
-1084
-1004
-787
-480
-212
-61
52
322
915
1777
2594
3008
2951
2745
2833
3369
4087
4568
4640
4527
4605
5010
5453
5468
4872
3989
3381
3345
3638
3727
3278
2451
1704
1328
1162
790
19
-877
-1412
-1390
-1114
-1072
-1468
-2078
-2548
-2759
-2861
-3019
-3192
-3204
-2963
-2577
-2264
-2180
-2333
-2616
-2874
-2979
-2875
-2605
-2277
-1987
-1760
-1560
-1363
-1191
-1102
-1115
-1161
-1087
-756
-184
408
757
779
654
629
779
956
982
840
686
684
844
1007
1005
813
560
372
247
64
-260
-668
-1011
-1189
-1239
-1288
-1422
-1627
-1841
-2034
-2201
-2318
-2354
-2327
-2305
-2287
-2178
-1893
-1519
-1251
-1181
-1181
-1065
-777
-372
130
761
1512
2350
3346
4603
5922
6721
6510
5494
4498
4169
4363
4443
4103
3689
3647
3850
3641
2541
819
-685
-1224
-671
474
1498
1946
1828
1456
1076
648
-2
-823
-1430
-1410
-783
-89
11
-731
-1980
-3126
-3758
-3887
-3776
-3606
-3323
-2792
-2059
-1409
-1151
-1322
-1611
-1607
-1150
-471
20
89
-171
-487
-665
-689
-621
-482
-238
127
579
1016
1292
1284
1024
728
636
751
827
633
181
-336
-759
-1064
-1282
-1425
-1502
-1541
-1575
-1627
-1717
-1846
-1978
-2051
-2024
-1918
-1801
-1734
-1738
-1778
-1790
-1720
-1563
-1369
-1193
-1047
-921
-811
-731
-652
-525
-305
3
354
665
848
911
1035
1469
2283
3317
4436
5755
7344
8744
9045
7757
5513
3594
2724
2533
2288
1828
1515
1441
1098
-26
-1747
-3206
-3557
-2591
-809
984
2148
2453
2040
1214
259
-644
-1380
-1807
-1780
-1347
-883
-933
-1780
-3173
-4476
-5102
-4848
-3912
-2704
-1604
-787
-202
294
733
994
971
760
620
707
865
736
116
-801
-1548
-1772
-1467
-919
-412
-44
286
713
1232
1643
1711
1393
887
437
89
-312
-914
-1667
-2358
-2792
-2922
-2841
-2679
-2527
-2420
-2367
-2357
-2346
-2271
-2083
-1782
-1423
-1121
-1013
-1166
-1477
-1691
-1595
-1226
-839
-645
-589
-475
-228
4
83
70
168
483
912
1234
1347
1444
1892
2867
4171
5568
7143
8990
10524
10587
8618
5503
2891
1643
1268
858
212
-184
-74
43
-568
-1964
-3299
-3538
-2357
-334
1608
2841
3221
2884
2040
889
-364
-1495
-2251
-2450
-2156
-1771
-1817
-2525
-3616
-4516
-4788
-4345
-3362
-2063
-656
649
1649
2207
2278
1900
1210
459
-75
-276
-306
-468
-939
-1584
-2059
-2071
-1608
-902
-225
337
866
1424
1884
1993
1616
901
151
-442
-942
-1509
-2178
-2802
-3214
-3367
-3328
-3156
-2872
-2515
-2189
-1996
-1952
-1995
-2044
-2039
-1925
-1666
-1310
-1012
-933
-1108
-1405
-1636
-1664
-1457
-1061
-597
-207
-4
41
101
325
652
879
982
1261
2031
3250
4644
6179
8071
10096
11193
10222
7258
3810
1480
579
258
-171
-522
-391
-50
-271
-1336
-2607
-3134
-2471
-827
1273
3227
4420
4433
3371
1797
247
-1141
-2410
-3357
-3574
-3017
-2306
-2243
-3039
-4123
-4700
-4394
-3366
-1997
-596
648
1626
2275
2533
2288
1472
266
-870
-1489
-1527
-1312
-1231
-1396
-1635
-1685
-1390
-775
-43
586
1064
1517
2000
2310
2149
1441
433
-536
-1303
-1915
-2481
-2999
-3337
-3328
-2954
-2413
-2004
-1883
-1935
-1911
-1689
-1391
-1239
-1337
-1601
-1881
-2078
-2169
-2152
-2039
-1859
-1651
-1417
-1138
-803
-466
-188
13
179
377
632
908
1161
1438
1862
2514
3408
4655
6449
8617
10214
10021
7724
4427
1733
333
-265
-754
-1138
-1000
-377
27
-459
-1669
-2657
-2508
-1067
1050
2976
4102
4244
3528
2214
533
-1328
-3111
-4386
-4737
-4139
-3129
-2481
-2620
-3330
-3975
-4004
-3258
-1985
-607
558
1450
2173
2693
2680
1768
55
-1742
-2764
-2711
-2045
-1505
-1453
-1668
-1701
-1304
-595
162
797
1332
1851
2331
2590
2401
1675
561
-630
-1624
-2337
-2841
-3209
-3382
-3223
-2694
-1997
-1479
-1386
-1661
-1992
-2072
-1848
-1541
-1430
-1595
-1854
-1952
-1810
-1587
-1496
-1587
-1681
-1545
-1079
-447
51
176
-53
-357
-424
-147
365
1020
1849
2866
4006
5364
7250
9609
11388
11072
8228
4267
1257
8
-321
-792
-1374
-1318
-487
261
52
-937
-1679
-1367
-69
1613
3154
4238
4572
3938
2465
561
-1450
-3432
-5099
-5885
-5407
-4016
-2643
-2035
-2229
-2722
-2981
-2718
-1933
-854
182
959
1525
1976
2143
1628
294
-1400
-2684
-3101
-2823
-2353
-2050
-1907
-1680
-1151
-339
498
1059
1278
1386
1661
2081
2288
1911
915
-390
-1619
-2571
-3221
-3597
-3677
-3434
-2915
-2295
-1821
-1684
-1877
-2183
-2321
-2159
-1819
-1552
-1501
-1581
-1616
-1558
-1541
-1685
-1920
-2005
-1766
-1234
-648
-242
-61
57
312
728
1156
1488
1825
2392
3350
4770
6723
9063
11030
11337
9181
5260
1455
-728
-1305
-1279
-1260
-1010
-237
620
781
65
-821
-977
-74
1553
3287
4565
4967
4332
2822
817
-1364
-3531
-5386
-6416
-6226
-4996
-3439
-2265
-1715
-1594
-1571
-1385
-896
-151
620
1211
1628
1981
2143
1708
384
-1559
-3351
-4280
-4184
-3455
-2587
-1801
-1032
-191
667
1363
1754
1842
1805
1866
2062
2120
1651
540
-884
-2143
-3005
-3555
-3893
-3930
-3529
-2758
-1888
-1196
-841
-893
-1311
-1861
-2211
-2211
-2039
-1951
-1972
-1923
-1737
-1588
-1676
-1941
-2123
-2006
-1605
-1062
-490
74
591
984
1234
1461
1870
2596
3650
5064
6988
9373
11483
11957
9816
5569
1094
-1794
-2664
-2326
-1643
-814
236
1188
1465
885
-24
-451
110
1643
3687
5479
6206
5445
3401
678
-2202
-4897
-6958
-7767
-7006
-5121
-3105
-1770
-1281
-1347
-1589
-1683
-1343
-475
673
1676
2249
2384
2124
1379
27
-1803
-3606
-4724
-4769
-3930
-2798
-1866
-1154
-367
645
1625
2167
2166
1953
1958
2241
2404
1957
784
-773
-2228
-3294
-3948
-4242
-4167
-3681
-2849
-1893
-1129
-790
-900
-1270
-1635
-1804
-1727
-1484
-1223
-1098
-1179
-1418
-1682
-1881
-1996
-2054
-2022
-1822
-1391
-731
71
858
1468
1899
2346
3035
4096
5682
8008
10849
13003
12797
9589
4670
331
-2028
-2674
-2611
-2317
-1596
-368
888
1517
1353
806
455
691
1671
3311
5120
6244
5928
4088
1289
-1775
-4655
-6988
-8271
-8095
-6593
-4487
-2573
-1259
-548
-312
-366
-418
-150
533
1392
2057
2252
1860
859
-636
-2300
-3683
-4417
-4391
-3742
-2752
-1677
-638
357
1249
1863
2043
1835
1485
1249
1196
1162
864
118
-986
-2111
-2948
-3437
-3719
-3846
-3669
-3043
-2110
-1267
-866
-973
-1410
-1937
-2340
-2485
-2352
-2056
-1738
-1488
-1347
-1381
-1606
-1920
-2105
-2008
-1616
-990
-208
585
1184
1515
1776
2280
3199
4600
6642
9368
12078
13238
11538
7255
2328
-1185
-2628
-2737
-2358
-1622
-389
1009
1822
1669
920
309
366
1270
2945
4968
6518
6706
5205
2444
-804
-3913
-6445
-7936
-7999
-6704
-4690
-2733
-1264
-355
-2
-169
-580
-742
-350
406
1098
1502
1673
1584
947
-476
-2441
-4230
-5163
-5024
-4082
-2734
-1241
254
1551
2382
2595
2339
1965
1729
1586
1314
782
58
-743
-1603
-2546
-3466
-4141
-4359
-4035
-3194
-1995
-808
-152
-355
-1235
-2197
-2716
-2704
-2403
-2061
-1774
-1586
-1551
-1682
-1882
-2049
-2121
-2044
-1691
-955
75
1101
1835
2219
2432
2766
3544
5073
7469
10321
12547
12805
10417
6081
1604
-1365
-2437
-2385
-2021
-1395
-194
1429
2693
2947
2293
1431
1040
1437
2610
4201
5499
5666
4296
1665
-1533
-4612
-7021
-8302
-8206
-6894
-4877
-2693
-734
678
1267
1027
373
-95
-29
459
1015
1301
1096
271
-1147
-2878
-4465
-5443
-5503
-4559
-2826
-797
959
2118
2695
2831
2588
2026
1379
951
789
620
157
-622
-1553
-2490
-3327
-3884
-3991
-3625
-2908
-1973
-983
-249
-152
-809
-1858
-2718
-3059
-3012
-2891
-2829
-2703
-2409
-2022
-1743
-1667
-1752
-1878
-1877
-1554
-816
184
1166
1999
2799
3821
5371
7718
10693
13233
13689
11124
6376
1592
-1462
-2550
-2568
-2295
-1765
-704
781
2110
2753
2656
2202
1889
2101
3016
4448
5794
6226
5199
2751
-563
-3966
-6695
-8164
-8178
-7030
-5298
-3439
-1632
-10
1105
1394
937
272
-36
167
636
1019
1072
640
-342
-1757
-3291
-4561
-5273
-5214
-4293
-2663
-787
817
1915
2573
2858
2707
2154
1512
1133
1043
921
426
-527
-1757
-2970
-3875
-4293
-4173
-3562
-2565
-1443
-642
-557
-1169
-1970
-2396
-2319
-2075
-2027
-2224
-2475
-2670
-2824
-2953
-2969
-2830
-2582
-2236
-1687
-854
102
892
1416
1908
2748
4218
6442
9272
12036
13499
12490
8865
3885
-532
-3047
-3592
-2970
-1958
-811
520
1885
2854
3081
2685
2207
2241
3074
4514
5979
6697
6081
3999
855
-2603
-5563
-7394
-7847
-7147
-5837
-4337
-2698
-843
924
1918
1708
683
-195
-229
505
1354
1662
1072
-443
-2599
-4802
-6301
-6577
-5623
-3913
-2032
-348
1075
2259
3081
3269
2704
1697
859
607
808
935
547
-403
-1618
-2710
-3370
-3485
-3125
-2492
-1792
-1179
-766
-667
-954
-1578
-2334
-2947
-3217
-3108
-2750
-2338
-2063
-2015
-2164
-2353
-2434
-2358
-2171
-1911
-1524
-928
-98
880
1879
2905
4239
6308
9149
11899
13004
11322
7218
2497
-962
-2503
-2739
-2492
-1984
-1041
307
1648
2582
2982
2938
2644
2464
2864
3999
5395
6154
5622
3762
993
-2135
-5027
-7034
-7696
-7079
-5725
-4159
-2544
-841
751
1740
1742
905
-118
-633
-345
479
1240
1333
466
-1238
-3331
-5235
-6410
-6461
-5285
-3173
-746
1375
2840
3576
3587
2899
1734
581
-77
-134
86
121
-303
-1173
-2280
-3306
-3926
-3900
-3182
-1957
-607
406
719
250
-742
-1814
-2584
-2890
-2776
-2416
-2049
-1900
-2040
-2372
-2701
-2890
-2859
-2524
-1840
-895
91
945
1667
2357
3149
4287
6143
8810
11525
12741
11183
7045
2054
-1808
-3652
-3867
-3236
-2162
-730
887
2295
3163
3395
3116
2636
2456
3053
4404
5800
6239
5157
2730
-393
-3509
-6019
-7444
-7579
-6658
-5187
-3516
-1694
211
1782
2466
2122
1203
360
-53
-50
163
310
47
-862
-2293
-3753
-4692
-4849
-4301
-3299
-2063
-733
591
1768
2585
2825
2415
1545
617
13
-160
-142
-316
-908
-1821
-2746
-3405
-3705
-3669
-3311
-2631
-1747
-926
-457
-478
-927
-1621
-2294
-2652
-2512
-2010
-1563
-1562
-1996
-2520
-2769
-2641
-2217
-1552
-698
161
750
1005
1218
1815
3068
5058
7732
10666
12756
12592
9574
4699
14
-2910
-3884
-3630
-2723
-1241
710
2585
3661
3648
2844
1851
1271
1590
2969
4910
6334
6230
4393
1442
-1781
-4656
-6736
-7626
-7182
-5731
-3881
-2073
-463
845
1635
1770
1372
753
209
-48
102
518
719
168
-1197
-2827
-4055
-4606
-4587
-4079
-3026
-1483
204
1614
2530
2953
2909
2418
1628
844
326
97
-36
-325
-940
-1855
-2832
-3536
-3784
-3598
-3069
-2261
-1345
-676
-567
-993
-1603
-2043
-2171
-2042
-1787
-1589
-1608
-1891
-2280
-2565
-2643
-2541
-2283
-1789
-980
74
1151
2074
2925
4067
5917
8528
11236
12740
11829
8359
3603
-555
-2910
-3549
-3242
-2487
-1282
348
1929
2880
3048
2781
2524
2580
3167
4351
5746
6433
5585
3146
-121
-3265
-5689
-7139
-7508
-6859
-5535
-3988
-2480
-1055
196
1058
1406
1355
1115
828
659
792
1175
1290
493
-1364
-3735
-5784
-6905
-6856
-5675
-3630
-1225
1003
2712
3804
4229
3916
2962
1762
796
261
-12
-311
-804
-1542
-2539
-3676
-4614
-4891
-4260
-2892
-1290
0
620
501
-162
-1050
-1879
-2488
-2786
-2740
-2415
-2041
-1856
-1956
-2229
-2461
-2475
-2179
-1556
-613
578
1834
2986
4193
6010
8755
11666
12984
11311
7004
2081
-1405
-2819
-2930
-2691
-2303
-1430
15
1520
2460
2669
2495
2394
2695
3610
5119
6704
7357
6254
3454
-107
-3335
-5612
-6818
-7026
-6411
-5335
-4215
-3212
-2160
-920
321
1182
1463
1307
1025
870
884
880
518
-442
-1907
-3486
-4736
-5405
-5436
-4890
-3868
-2503
-941
648
2067
3084
3514
3345
2772
2064
1364
627
-242
-1235
-2241
-3169
-3940
-4430
-4464
-3958
-2990
-1777
-615
141
230
-291
-1061
-1723
-2211
-2600
-2827
-2667
-2088
-1420
-1149
-1474
-2116
-2564
-2483
-1907
-1042
-24
1121
2439
4126
6517
9562
12235
12834
10375
5726
1110
-1662
-2401
-2136
-1786
-1447
-794
235
1269
1943
2202
2235
2286
2666
3698
5350
6912
7293
5876
3007
-351
-3303
-5335
-6215
-5963
-4982
-3928
-3216
-2723
-2053
-1064
-1
807
1223
1296
1162
1057
1167
1363
1109
-100
-2207
-4540
-6252
-6808
-6156
-4678
-2977
-1544
-431
647
1841
2825
3082
2539
1726
1256
1206
1120
539
-587
-1969
-3265
-4201
-4584
-4340
-3578
-2526
-1412
-442
127
77
-542
-1364
-1960
-2162
-2074
-1874
-1633
-1398
-1244
-1265
-1491
-1840
-2112
-2029
-1394
-270
1022
2208
3419
5133
7618
10325
11919
11126
7803
3289
-401
-2008
-1795
-992
-533
-409
-125
531
1292
1831
2085
2237
2560
3314
4566
5917
6571
5835
3702
844
-1907
-4017
-5272
-5607
-5124
-4190
-3286
-2647
-2134
-1488
-657
186
843
1222
1323
1226
1101
1044
896
303
-925
-2563
-4138
-5248
-5690
-5401
-4459
-3111
-1673
-333
862
1835
2391
2374
1886
1262
820
627
484
106
-668
-1761
-2905
-3773
-4139
-3944
-3278
-2325
-1361
-694
-529
-824
-1325
-1802
-2178
-2428
-2405
-1953
-1159
-461
-300
-759
-1532
-2174
-2349
-1895
-863
482
1759
2760
3711
5181
7476
9953
11090
9643
5959
1977
-333
-592
12
212
-154
-426
-211
225
493
620
889
1439
2251
3374
4799
6065
6340
5093
2672
17
-2093
-3419
-4029
-4035
-3650
-3246
-3102
-3079
-2775
-1985
-915
86
837
1316
1493
1340
970
561
129
-525
-1542
-2730
-3671
-4055
-3884
-3370
-2755
-2171
-1604
-909
26
1071
1847
2023
1647
1117
799
702
532
10
-893
-1972
-2957
-3617
-3810
-3497
-2781
-1905
-1213
-992
-1289
-1840
-2249
-2340
-2268
-2263
-2283
-2084
-1579
-1066
-916
-1182
-1575
-1761
-1586
-1031
-150
913
1962
2970
4259
6260
8847
10900
10845
8039
3687
90
-1217
-615
363
680
502
489
808
1089
1051
885
985
1563
2607
3977
5339
6045
5446
3443
714
-1766
-3397
-4104
-4058
-3510
-2861
-2555
-2714
-2982
-2899
-2296
-1272
21
1353
2281
2383
1684
723
11
-442
-1020
-1965
-3047
-3790
-3915
-3567
-3124
-2823
-2540
-1938
-824
578
1751
2285
2157
1646
1060
571
223
-42
-381
-977
-1862
-2840
-3578
-3829
-3548
-2872
-2031
-1278
-821
-731
-939
-1306
-1743
-2207
-2635
-2874
-2760
-2234
-1466
-797
-534
-716
-1053
-1132
-728
52
927
1751
2680
4073
6153
8582
10304
10060
7441
3550
358
-836
-351
522
911
928
1029
1214
1136
705
306
383
1086
2335
3927
5408
6012
5141
2948
331
-1770
-2991
-3484
-3497
-3219
-2915
-2872
-3127
-3357
-3186
-2494
-1422
-185
961
1697
1810
1395
781
159
-596
-1669
-2934
-3923
-4196
-3709
-2859
-2158
-1857
-1774
-1499
-757
320
1305
1847
1924
1752
1494
1131
587
-123
-908
-1702
-2445
-3018
-3269
-3147
-2733
-2159
-1555
-1115
-1059
-1432
-1990
-2366
-2378
-2087
-1647
-1159
-757
-624
-915
-1565
-2264
-2608
-2307
-1347
-33
1156
1884
2260
2816
4120
6281
8675
10135
9632
7111
3786
1339
599
958
1209
840
349
366
796
1022
746
342
392
1129
2379
3813
5013
5436
4682
2879
720
-1052
-2129
-2631
-2778
-2753
-2775
-3023
-3407
-3548
-3142
-2266
-1267
-407
247
687
908
966
963
838
329
-734
-2113
-3262
-3768
-3642
-3222
-2836
-2587
-2310
-1729
-726
425
1225
1419
1262
1204
1371
1451
1097
296
-684
-1600
-2370
-2983
-3358
-3371
-2979
-2319
-1686
-1383
-1507
-1842
-2039
-1923
-1650
-1488
-1521
-1588
-1538
-1393
-1305
-1356
-1476
-1524
-1377
-942
-172
854
1881
2662
3276
4210
5905
8049
9408
8701
5874
2461
378
280
1159
1602
1227
724
716
984
940
505
208
511
1384
2531
3695
4562
4639
3626
1842
79
-1070
-1590
-1784
-1889
-2054
-2474
-3215
-3963
-4157
-3513
-2275
-935
180
942
1271
1166
808
420
-35
-791
-1830
-2693
-2930
-2656
-2455
-2699
-3141
-3237
-2704
-1690
-508
565
1331
1688
1694
1503
1205
785
251
-296
-794
-1324
-1982
-2672
-3131
-3180
-2860
-2341
-1774
-1317
-1159
-1379
-1803
-2108
-2118
-1907
-1648
-1405
-1199
-1105
-1233
-1536
-1751
-1598
-1029
-245
520
1177
1784
2506
3612
5321
7397
8910
8729
6577
3562
1409
972
1597
1989
1571
835
475
537
563
336
169
485
1342
2464
3526
4228
4258
3425
1969
518
-386
-698
-778
-987
-1458
-2171
-3016
-3729
-3937
-3437
-2438
-1400
-680
-340
-267
-288
-181
229
844
1224
922
-107
-1453
-2593
-3241
-3413
-3292
-3031
-2646
-2041
-1220
-417
39
84
42
306
924
1570
1874
1680
980
-169
-1560
-2786
-3468
-3513
-3114
-2521
-1942
-1591
-1651
-2084
-2570
-2741
-2469
-1911
-1313
-868
-685
-850
-1324
-1871
-2142
-1907
-1195
-241
691
1441
1980
2443
3181
4615
6752
8724
9118
7211
3966
1420
860
1692
2313
1907
1064
720
943
1055
657
163
254
1137
2434
3612
4280
4191
3308
1973
815
249
118
-42
-448
-992
-1591
-2324
-3121
-3566
-3295
-2466
-1647
-1218
-1102
-1068
-1022
-922
-588
103
866
1091
405
-938
-2276
-3107
-3372
-3277
-3006
-2584
-1971
-1204
-496
-113
-120
-229
-26
629
1428
1898
1778
1116
75
-1185
-2442
-3342
-3584
-3165
-2424
-1808
-1608
-1833
-2262
-2582
-2573
-2249
-1824
-1509
-1323
-1173
-1029
-1021
-1248
-1561
-1619
-1197
-409
405
979
1319
1677
2429
3889
5984
7966
8632
7242
4401
1846
1010
1736
2576
2381
1397
684
734
1008
829
341
321
1204
2584
3669
3982
3550
2629
1534
631
221
285
433
220
-488
-1507
-2557
-3374
-3685
-3304
-2357
-1282
-558
-411
-792
-1463
-2007
-1921
-960
532
1731
1878
796
-1044
-2812
-3777
-3692
-2899
-2036
-1506
-1260
-1078
-961
-1047
-1187
-884
157
1562
2528
2552
1755
558
-729
-1913
-2744
-2982
-2669
-2158
-1842
-1906
-2324
-2918
-3353
-3251
-2516
-1534
-876
-800
-1082
-1402
-1658
-1887
-1961
-1583
-646
505
1320
1538
1374
1237
1445
2283
3992
6318
8120
7986
5651
2592
841
1096
2251
2787
2311
1557
1166
947
430
-254
-398
438
1876
3123
3669
3468
2669
1483
336
-202
83
723
936
315
-912
-2247
-3322
-3903
-3767
-2870
-1610
-678
-532
-1048
-1690
-1925
-1484
-455
703
1342
1064
54
-1094
-1909
-2320
-2455
-2373
-2077
-1693
-1427
-1361
-1389
-1372
-1206
-773
23
1015
1721
1712
1031
128
-608
-1144
-1599
-1968
-2142
-2153
-2198
-2401
-2648
-2724
-2554
-2239
-1905
-1616
-1441
-1459
-1652
-1817
-1775
-1589
-1507
-1600
-1579
-1063
-54
985
1568
1658
1713
2342
3899
6143
8075
8373
6489
3511
1495
1602
2960
3672
2848
1328
414
364
431
103
-193
256
1466
2685
3201
2943
2272
1534
956
760
1018
1387
1287
472
-732
-1817
-2563
-2977
-2965
-2393
-1495
-929
-1183
-2023
-2670
-2526
-1626
-452
505
952
794
119
-824
-1704
-2233
-2252
-1809
-1240
-1013
-1338
-1912
-2193
-1931
-1345
-739
-148
560
1274
1590
1231
410
-348
-715
-810
-937
-1218
-1540
-1802
-2077
-2490
-2981
-3257
-3026
-2302
-1483
-1078
-1288
-1814
-2132
-1947
-1445
-1021
-855
-773
-529
-96
346
656
878
1206
1915
3268
5244
7188
7931
6689
4034
1765
1434
2865
4286
4066
2272
386
-375
-170
93
82
338
1290
2469
2957
2426
1440
765
705
1106
1684
2109
1978
1064
-346
-1641
-2431
-2738
-2657
-2129
-1278
-690
-983
-2066
-3086
-3194
-2269
-864
338
911
742
-26
-1025
-1815
-2132
-1997
-1629
-1294
-1231
-1536
-2043
-2369
-2235
-1701
-1036
-370
328
979
1266
944
196
-479
-758
-758
-804
-1033
-1337
-1587
-1781
-1970
-2160
-2331
-2468
-2505
-2324
-1922
-1519
-1403
-1580
-1736
-1569
-1145
-789
-649
-499
-63
608
1175
1386
1333
1370
1921
3278
5297
7113
7472
5813
3142
1452
1903
3611
4518
3525
1511
168
96
440
284
-119
161
1322
2450
2585
1763
833
495
802
1419
1951
2036
1451
354
-737
-1417
-1750
-1990
-2091
-1789
-1186
-923
-1511
-2624
-3302
-2894
-1666
-461
80
-60
-486
-852
-1094
-1303
-1450
-1333
-878
-418
-501
-1270
-2172
-2451
-1956
-1246
-876
-762
-465
95
481
317
-228
-658
-747
-712
-862
-1238
-1640
-1883
-1951
-1956
-2028
-2207
-2375
-2330
-2017
-1685
-1655
-1921
-2056
-1710
-1064
-675
-815
-1137
-1039
-313
696
1474
1782
1799
2028
3017
4862
6803
7526
6298
3934
2325
2667
4175
4848
3578
1294
-167
-73
643
768
277
125
840
1801
2017
1308
437
240
877
1871
2580
2546
1692
417
-627
-1055
-1046
-1018
-1092
-1088
-1027
-1297
-2125
-3079
-3407
-2844
-1846
-1016
-538
-295
-271
-539
-956
-1144
-887
-404
-141
-374
-1018
-1717
-2067
-1891
-1388
-1001
-972
-1091
-953
-486
-54
-5
-241
-392
-316
-261
-514
-1041
-1525
-1711
-1621
-1507
-1622
-2012
-2445
-2576
-2252
-1693
-1323
-1354
-1598
-1707
-1603
-1511
-1576
-1576
-1173
-358
480
972
1130
1259
1672
2598
4162
6084
7431
7111
5046
2719
2039
3391
5075
5008
2898
458
-552
-93
539
479
167
443
1294
1864
1538
642
17
198
1093
2167
2750
2345
1018
-473
-1260
-1166
-767
-643
-797
-984
-1294
-2034
-3066
-3683
-3324
-2217
-1136
-639
-707
-1022
-1344
-1524
-1399
-910
-297
-9
-319
-1059
-1774
-2078
-1879
-1370
-874
-657
-749
-930
-916
-630
-256
-37
-44
-197
-437
-793
-1247
-1629
-1741
-1585
-1397
-1432
-1715
-2031
-2141
-1987
-1713
-1488
-1354
-1212
-1006
-850
-947
-1298
-1562
-1307
-500
386
820
765
712
1219
2509
4410
6409
7664
7332
5391
3139
2375
3664
5540
5829
3878
1197
-223
33
717
663
84
-40
564
1114
833
-89
-737
-433
732
2093
2862
2531
1237
-210
-892
-595
38
260
-37
-482
-924
-1587
-2500
-3138
-2955
-2111
-1377
-1296
-1675
-1971
-1928
-1685
-1408
-1113
-819
-659
-736
-986
-1249
-1379
-1264
-882
-446
-313
-617
-1023
-1069
-697
-303
-235
-445
-683
-884
-1166
-1526
-1732
-1610
-1299
-1149
-1363
-1826
-2225
-2288
-1951
-1403
-988
-958
-1255
-1538
-1539
-1312
-1139
-1169
-1240
-1046
-496
185
675
856
947
1412
2663
4627
6489
7056
5779
3589
2407
3384
5552
6555
4997
1946
-181
-129
1093
1650
970
59
-31
533
784
255
-531
-729
-21
1202
2186
2273
1330
-4
-699
-250
768
1251
710
-334
-1099
-1403
-1586
-1839
-1976
-1854
-1679
-1718
-1942
-2134
-2206
-2198
-2067
-1715
-1236
-925
-939
-1111
-1172
-1056
-881
-738
-623
-564
-633
-795
-839
-614
-253
-81
-260
-644
-990
-1224
-1416
-1580
-1625
-1521
-1399
-1435
-1656
-1916
-2043
-1975
-1773
-1541
-1357
-1218
-1077
-907
-781
-800
-959
-1072
-908
-396
254
687
723
575
768
1762
3550
5495
6598
6164
4506
2965
2913
4423
5991
5865
3785
1288
157
693
1638
1716
935
274
334
672
514
-213
-815
-657
199
1138
1523
1084
88
-731
-681
205
1106
1222
592
-119
-519
-861
-1430
-1965
-1984
-1548
-1325
-1789
-2611
-3025
-2696
-2005
-1535
-1472
-1567
-1523
-1292
-1039
-923
-925
-862
-592
-223
-72
-309
-689
-753
-354
148
261
-111
-625
-924
-979
-1004
-1163
-1416
-1624
-1717
-1762
-1875
-2066
-2172
-2001
-1561
-1113
-938
-1028
-1119
-1011
-821
-795
-946
-981
-656
-71
417
578
529
595
1061
2069
3575
5199
6185
5839
4312
2842
2827
4375
5924
5657
3419
998
309
1418
2624
2426
1043
-134
-276
128
163
-321
-681
-383
396
1042
1104
575
-170
-574
-268
541
1140
960
179
-515
-721
-692
-845
-1169
-1338
-1295
-1391
-1883
-2514
-2780
-2526
-2087
-1863
-1903
-1963
-1839
-1556
-1287
-1154
-1122
-1021
-735
-371
-212
-384
-632
-552
-90
332
258
-280
-819
-983
-847
-768
-973
-1372
-1708
-1836
-1831
-1867
-2002
-2114
-2046
-1803
-1552
-1408
-1271
-989
-602
-380
-495
-743
-697
-189
480
832
717
459
528
1163
2302
3727
5060
5708
5185
3779
2729
3229
5029
6341
5538
2960
686
401
1704
2753
2334
934
-173
-407
-201
-159
-345
-448
-259
161
589
734
375
-320
-711
-256
755
1327
797
-404
-1236
-1175
-643
-371
-622
-1121
-1529
-1761
-1924
-2115
-2320
-2411
-2253
-1893
-1626
-1718
-2043
-2135
-1734
-1148
-911
-1107
-1278
-1029
-527
-226
-263
-336
-186
59
100
-137
-469
-719
-870
-981
-1097
-1238
-1405
-1559
-1681
-1821
-2015
-2146
-2010
-1580
-1130
-980
-1124
-1242
-1066
-700
-451
-435
-437
-210
232
622
742
654
683
1204
2397
4051
5495
5886
4888
3241
2416
3294
5080
5866
4534
2034
481
956
2454
3103
2153
513
-490
-459
20
264
120
-129
-153
140
489
445
-175
-915
-994
-173
823
1001
177
-853
-1220
-845
-329
-228
-635
-1315
-1948
-2248
-2116
-1805
-1729
-1988
-2211
-2055
-1725
-1718
-2093
-2327
-2004
-1372
-997
-1012
-1039
-790
-423
-224
-193
-125
8
19
-192
-472
-629
-668
-732
-887
-1089
-1298
-1523
-1725
-1833
-1867
-1941
-2078
-2100
-1836
-1389
-1072
-1049
-1173
-1195
-1072
-930
-803
-556
-118
371
676
718
668
842
1525
2814
4415
5589
5534
4160
2533
2188
3623
5515
5819
3872
1221
105
1152
2833
3208
1901
172
-653
-423
106
299
145
-46
-62
88
224
114
-278
-590
-333
480
1113
830
-224
-1097
-1065
-356
208
97
-585
-1404
-1990
-2173
-2024
-1828
-1844
-2038
-2144
-2026
-1844
-1798
-1827
-1729
-1492
-1329
-1360
-1385
-1129
-610
-150
8
-65
-126
-71
-4
-68
-256
-444
-525
-523
-569
-777
-1125
-1456
-1625
-1655
-1713
-1889
-2041
-1925
-1515
-1093
-987
-1207
-1452
-1435
-1158
-819
-535
-243
98
378
466
426
526
1032
2029
3376
4680
5313
4786
3367
2256
2686
4562
6180
5742
3273
793
324
1814
3289
3026
1252
-420
-864
-349
200
283
19
-286
-405
-244
36
79
-218
-420
-27
754
1063
394
-716
-1239
-783
89
548
255
-576
-1526
-2187
-2276
-1851
-1382
-1370
-1838
-2336
-2457
-2200
-1811
-1476
-1294
-1359
-1626
-1774
-1452
-740
-143
-32
-226
-305
-153
-22
-102
-279
-347
-301
-291
-424
-677
-970
-1215
-1346
-1388
-1479
-1732
-2036
-2111
-1814
-1338
-1023
-1008
-1130
-1160
-1014
-755
-461
-177
72
261
399
534
730
1065
1671
2681
3990
5057
5159
4129
2852
2698
4133
5937
6177
4206
1522
346
1347
3030
3407
2019
127
-815
-514
251
651
466
6
-317
-309
-103
-36
-279
-545
-351
348
949
791
-59
-830
-862
-246
402
557
95
-816
-1820
-2417
-2257
-1577
-1140
-1506
-2427
-3097
-2979
-2262
-1562
-1335
-1584
-1955
-2018
-1594
-911
-416
-359
-549
-584
-327
-43
-49
-294
-428
-265
-52
-170
-660
-1162
-1333
-1219
-1156
-1383
-1820
-2187
-2261
-2043
-1736
-1569
-1597
-1665
-1560
-1247
-879
-607
-409
-171
145
438
603
682
879
1433
2476
3868
5066
5308
4266
2684
2068
3263
5293
6045
4435
1729
333
1280
3192
3864
2555
484
-696
-497
322
808
629
57
-439
-535
-251
30
-82
-476
-546
59
829
870
0
-941
-1016
-213
628
726
-7
-1085
-1889
-2044
-1642
-1216
-1314
-1949
-2577
-2692
-2355
-2014
-1922
-1937
-1867
-1763
-1748
-1717
-1435
-892
-371
-120
-116
-170
-178
-152
-106
-43
-49
-233
-565
-851
-949
-938
-1012
-1252
-1568
-1824
-1931
-1870
-1694
-1533
-1491
-1536
-1515
-1351
-1132
-1001
-943
-785
-379
176
609
747
696
761
1236
2238
3605
4812
5137
4255
2829
2230
3264
5121
5917
4581
2098
603
1202
2891
3701
2717
800
-533
-597
99
636
523
-77
-662
-806
-479
-94
-114
-504
-705
-284
443
672
49
-839
-1077
-417
491
786
191
-871
-1718
-1916
-1534
-1088
-1144
-1815
-2628
-2984
-2740
-2257
-1938
-1879
-1957
-2068
-2121
-1962
-1497
-896
-497
-436
-506
-455
-285
-163
-132
-101
-75
-211
-562
-921
-1018
-860
-749
-951
-1390
-1737
-1752
-1508
-1271
-1200
-1250
-1301
-1329
-1368
-1390
-1268
-927
-462
-97
41
44
137
460
990
1659
2500
3534
4490
4788
4065
2819
2286
3309
5235
6239
5086
2575
901
1407
3163
4015
2891
747
-682
-641
264
988
959
261
-588
-986
-686
-79
161
-161
-492
-230
441
725
208
-582
-777
-162
611
747
42
-1046
-1852
-1977
-1518
-1006
-1026
-1699
-2518
-2818
-2438
-1853
-1618
-1814
-2087
-2129
-1939
-1657
-1340
-988
-678
-513
-468
-392
-188
71
238
234
61
-229
-542
-742
-756
-685
-740
-1041
-1490
-1862
-1983
-1843
-1577
-1377
-1375
-1550
-1716
-1679
-1385
-980
-667
-555
-578
-556
-313
169
690
1019
1216
1688
2764
4156
4978
4534
3192
2318
3047
4973
6256
5361
2752
604
655
2434
3821
3257
1209
-551
-804
137
1053
1070
278
-618
-979
-685
-144
87
-180
-561
-497
54
469
174
-600
-1002
-542
342
767
332
-601
-1357
-1537
-1237
-920
-1043
-1672
-2379
-2632
-2312
-1806
-1587
-1771
-2108
-2289
-2181
-1834
-1389
-1005
-793
-740
-702
-553
-295
-43
109
142
74
-87
-292
-433
-433
-359
-393
-676
-1158
-1622
-1844
-1759
-1510
-1346
-1429
-1689
-1856
-1688
-1226
-780
-640
-783
-921
-781
-344
202
644
900
1102
1587
2652
4111
5163
4984
3685
2535
2887
4681
6204
5689
3262
1011
879
2606
4056
3521
1381
-559
-974
-41
1099
1430
701
-537
-1350
-1154
-290
257
-87
-805
-926
-250
409
255
-523
-1026
-713
62
527
224
-657
-1491
-1705
-1274
-787
-924
-1737
-2559
-2702
-2185
-1655
-1648
-2061
-2392
-2336
-2018
-1705
-1498
-1348
-1220
-1104
-948
-687
-374
-153
-84
-77
-54
-67
-198
-391
-505
-519
-582
-820
-1174
-1473
-1624
-1650
-1604
-1529
-1491
-1568
-1728
-1811
-1652
-1265
-838
-571
-516
-566
-512
-188
365
878
1141
1338
1989
3332
4753
5138
4045
2499
2216
3794
5812
6124
4148
1612
816
2236
4101
4322
2565
331
-707
-179
995
1625
1167
-41
-1097
-1225
-443
406
483
-154
-639
-361
283
419
-190
-859
-835
-175
353
132
-723
-1534
-1676
-1117
-495
-586
-1534
-2587
-2804
-2073
-1273
-1300
-2093
-2779
-2703
-2048
-1437
-1191
-1157
-1099
-970
-808
-597
-335
-109
-1
24
34
-11
-186
-423
-522
-423
-345
-573
-1091
-1565
-1684
-1462
-1188
-1138
-1368
-1731
-1993
-1955
-1590
-1098
-802
-858
-1081
-1081
-657
10
517
636
531
646
1354
2645
4046
4829
4493
3305
2380
2858
4660
6180
5710
3344
1142
1063
2877
4425
3936
1772
-196
-578
396
1455
1561
627
-642
-1359
-1127
-352
113
-165
-757
-896
-412
74
-32
-554
-794
-401
237
437
-73
-969
-1665
-1768
-1333
-858
-936
-1717
-2659
-2976
-2426
-1596
-1297
-1751
-2443
-2714
-2365
-1697
-1148
-972
-1134
-1360
-1309
-865
-261
137
201
116
94
112
14
-216
-405
-442
-449
-647
-1059
-1454
-1584
-1436
-1232
-1194
-1357
-1563
-1643
-1541
-1336
-1130
-987
-905
-835
-687
-403
-16
346
582
735
1030
1730
2887
4135
4774
4320
3152
2492
3344
5261
6429
5418
2857
1010
1463
3448
4685
3774
1472
-326
-492
544
1529
1552
597
-634
-1283
-980
-157
322
25
-629
-888
-558
-162
-210
-554
-657
-323
67
20
-524
-1204
-1602
-1544
-1172
-899
-1162
-2023
-2953
-3212
-2584
-1661
-1290
-1748
-2528
-2887
-2503
-1651
-906
-709
-1061
-1510
-1501
-884
-74
362
257
-83
-284
-261
-151
-72
-57
-163
-454
-872
-1213
-1325
-1269
-1232
-1308
-1445
-1573
-1680
-1738
-1643
-1359
-1024
-859
-910
-996
-896
-583
-192
152
419
654
993
1661
2775
4042
4748
4351
3199
2512
3287
5097
6213
5278
2870
1093
1458
3310
4549
3801
1653
-154
-459
478
1519
1683
792
-531
-1345
-1107
-163
534
359
-381
-866
-728
-373
-341
-598
-690
-425
-118
-169
-603
-1121
-1430
-1415
-1156
-957
-1194
-1934
-2698
-2844
-2257
-1531
-1351
-1802
-2367
-2517
-2157
-1558
-1056
-858
-971
-1165
-1097
-635
-36
279
155
-180
-399
-396
-276
-185
-199
-334
-547
-743
-844
-895
-1015
-1228
-1407
-1433
-1363
-1353
-1445
-1494
-1366
-1091
-820
-660
-611
-602
-548
-344
39
476
772
922
1204
1947
3135
4254
4599
3917
2867
2653
3849
5526
5937
4375
2148
1338
2562
4286
4494
2753
463
-710
-315
830
1577
1292
140
-1066
-1428
-727
286
585
-63
-889
-1061
-620
-264
-377
-637
-574
-218
-16
-263
-838
-1383
-1578
-1341
-963
-968
-1646
-2630
-3137
-2755
-1911
-1441
-1755
-2488
-2920
-2637
-1808
-979
-642
-875
-1277
-1296
-747
10
444
361
7
-266
-321
-225
-110
-92
-245
-540
-826
-957
-958
-987
-1131
-1307
-1396
-1398
-1388
-1385
-1322
-1164
-952
-789
-758
-848
-905
-737
-289
238
558
591
606
1024
2074
3521
4669
4773
3743
2550
2601
4304
6277
6473
4344
1646
754
2224
4284
4740
3093
734
-607
-346
790
1614
1404
290
-913
-1320
-709
240
580
32
-752
-972
-583
-214
-324
-681
-768
-462
-155
-259
-800
-1440
-1765
-1591
-1149
-984
-1501
-2476
-3141
-2910
-2017
-1329
-1483
-2276
-2917
-2812
-2043
-1180
-742
-833
-1145
-1241
-901
-282
219
303
12
-330
-438
-308
-175
-224
-413
-564
-615
-674
-855
-1099
-1240
-1222
-1177
-1261
-1453
-1588
-1543
-1362
-1159
-1001
-888
-809
-729
-583
-294
121
526
773
889
1126
1802
2947
4068
4404
3676
2638
2599
4065
5892
6211
4392
1918
987
2245
4141
4579
2993
691
-605
-286
902
1718
1413
180
-1045
-1334
-593
315
434
-279
-957
-902
-383
-162
-449
-702
-449
56
164
-383
-1232
-1830
-1857
-1387
-875
-914
-1729
-2812
-3278
-2745
-1770
-1295
-1714
-2548
-2997
-2681
-1854
-1077
-773
-980
-1371
-1475
-1044
-271
344
424
16
-482
-690
-517
-191
-29
-183
-538
-839
-932
-893
-920
-1096
-1309
-1396
-1335
-1266
-1338
-1536
-1685
-1594
-1257
-899
-778
-883
-908
-556
99
658
823
769
1008
1911
3288
4418
4568
3677
2639
2694
4181
5889
6029
4120
1730
1004
2419
4276
4515
2776
544
-512
-20
1108
1715
1272
79
-1025
-1248
-509
416
604
-76
-859
-1003
-612
-354
-535
-786
-660
-260
-115
-548
-1363
-2034
-2121
-1603
-996
-1014
-1892
-3007
-3376
-2659
-1550
-1081
-1600
-2509
-2935
-2525
-1613
-823
-580
-893
-1385
-1544
-1105
-297
327
391
3
-431
-629
-597
-472
-352
-316
-435
-699
-968
-1108
-1133
-1138
-1165
-1204
-1290
-1456
-1617
-1581
-1290
-928
-762
-863
-1061
-1103
-863
-360
247
711
849
796
1032
2003
3562
4856
4960
3814
2542
2584
4231
6062
6181
4190
1773
1058
2425
4158
4287
2542
392
-565
-10
1129
1685
1153
-73
-1052
-1044
-187
587
478
-349
-993
-884
-392
-262
-673
-1107
-1060
-628
-343
-579
-1246
-1925
-2179
-1876
-1348
-1176
-1657
-2449
-2869
-2571
-1873
-1403
-1512
-2032
-2477
-2421
-1790
-939
-426
-572
-1126
-1443
-1084
-253
404
436
-43
-543
-695
-493
-193
-63
-219
-575
-922
-1098
-1138
-1200
-1349
-1486
-1509
-1455
-1429
-1445
-1409
-1278
-1093
-923
-793
-723
-685
-566
-209
374
908
1119
1155
1554
2654
4015
4658
4041
2811
2357
3427
5181
5847
4520
2236
1025
1846
3610
4355
3220
1137
-290
-292
637
1444
1409
557
-481
-946
-568
157
421
-56
-749
-976
-680
-402
-529
-842
-878
-544
-208
-283
-831
-1536
-1945
-1783
-1210
-817
-1143
-2087
-2893
-2866
-2096
-1347
-1269
-1823
-2438
-2575
-2091
-1267
-594
-476
-897
-1375
-1345
-708
65
406
185
-275
-601
-679
-596
-467
-382
-432
-641
-912
-1097
-1154
-1175
-1241
-1331
-1385
-1404
-1419
-1416
-1332
-1169
-1002
-887
-791
-642
-401
-88
269
637
957
1199
1491
2095
3110
4138
4461
3793
2844
2821
4133
5683
5815
4104
1972
1280
2373
3787
3872
2442
710
-85
256
1025
1399
1036
193
-537
-680
-288
111
46
-396
-715
-619
-353
-357
-711
-1044
-995
-628
-357
-542
-1168
-1844
-2093
-1746
-1162
-993
-1566
-2489
-2974
-2622
-1823
-1313
-1427
-1878
-2162
-2031
-1576
-1054
-727
-758
-1063
-1295
-1112
-547
-8
120
-150
-499
-653
-594
-446
-330
-326
-475
-722
-932
-1018
-1053
-1155
-1307
-1367
-1274
-1145
-1110
-1156
-1165
-1083
-945
-786
-599
-404
-230
-44
234
622
1044
1469
2032
2866
3775
4227
3878
3141
2983
3922
5252
5570
4251
2273
1325
2075
3497
3996
3005
1353
251
182
759
1280
1268
673
-121
-563
-417
-44
-6
-391
-695
-508
-105
-115
-673
-1194
-1071
-423
25
-265
-1135
-1956
-2199
-1819
-1242
-1053
-1549
-2437
-3023
-2833
-2079
-1439
-1384
-1777
-2136
-2136
-1802
-1338
-942
-746
-792
-954
-992
-742
-284
126
258
72
-296
-619
-725
-611
-453
-469
-717
-1054
-1299
-1407
-1444
-1435
-1333
-1149
-1033
-1125
-1349
-1458
-1283
-917
-594
-462
-474
-479
-330
22
501
951
1321
1762
2470
3353
3952
3864
3289
3018
3665
4886
5531
4773
3064
1795
1927
3026
3755
3239
1837
622
292
680
1132
1155
717
129
-236
-235
-82
-152
-544
-918
-879
-503
-332
-723
-1346
-1506
-931
-118
148
-447
-1479
-2196
-2144
-1504
-935
-1021
-1760
-2545
-2742
-2287
-1692
-1465
-1623
-1812
-1772
-1560
-1352
-1188
-996
-762
-584
-541
-613
-690
-653
-453
-177
-18
-121
-416
-664
-697
-587
-554
-712
-967
-1150
-1205
-1203
-1206
-1196
-1146
-1091
-1086
-1098
-1052
-943
-834
-732
-560
-271
35
224
301
435
805
1485
2408
3354
3959
3919
3344
2863
3162
4245
5231
5103
3769
2263
1766
2427
3285
3324
2448
1374
779
726
865
891
712
374
1
-229
-253
-251
-464
-823
-977
-750
-445
-516
-998
-1442
-1427
-1010
-623
-646
-1113
-1740
-2139
-2081
-1681
-1346
-1430
-1896
-2358
-2482
-2284
-2019
-1858
-1785
-1731
-1688
-1636
-1499
-1233
-933
-725
-611
-484
-320
-228
-284
-393
-405
-311
-248
-305
-429
-532
-614
-720
-843
-934
-995
-1078
-1183
-1220
-1125
-972
-898
-941
-988
-931
-791
-679
-623
-531
-300
35
334
517
696
1090
1828
2793
3638
3986
3727
3211
3066
3645
4572
4995
4402
3190
2300
2295
2860
3198
2833
1961
1148
798
888
1077
1015
620
143
-64
78
247
53
-516
-1030
-1075
-710
-391
-481
-905
-1284
-1337
-1106
-867
-881
-1195
-1602
-1806
-1702
-1497
-1513
-1840
-2231
-2371
-2204
-1953
-1840
-1878
-1914
-1822
-1597
-1332
-1142
-1075
-1066
-986
-769
-481
-246
-128
-115
-172
-264
-340
-367
-367
-391
-452
-531
-644
-843
-1112
-1307
-1265
-993
-708
-643
-831
-1089
-1218
-1172
-1039
-894
-748
-583
-398
-186
54
290
473
658
1023
1706
2574
3236
3362
3010
2632
2702
3290
3984
4234
3836
3103
2571
2518
2747
2827
2513
1948
1481
1335
1424
1442
1147
582
66
-97
71
210
-18
-582
-1110
-1273
-1100
-898
-915
-1115
-1264
-1196
-985
-875
-1046
-1429
-1742
-1737
-1449
-1169
-1173
-1465
-1785
-1873
-1689
-1401
-1210
-1185
-1237
-1202
-990
-684
-486
-512
-639
-616
-347
-8
138
29
-162
-239
-183
-111
-129
-239
-375
-472
-518
-561
-678
-903
-1168
-1338
-1335
-1219
-1136
-1174
-1288
-1365
-1328
-1191
-1027
-899
-815
-734
-607
-439
-278
-161
-45
156
499
948
1422
1851
2195
2430
2583
2752
3037
3408
3683
3703
3537
3447
3608
3882
3932
3582
3022
2633
2612
2785
2769
2329
1586
902
556
512
463
142
-412
-891
-1033
-896
-798
-980
-1363
-1645
-1622
-1386
-1221
-1322
-1623
-1885
-1934
-1814
-1734
-1850
-2111
-2298
-2248
-2020
-1852
-1922
-2165
-2345
-2292
-2057
-1832
-1744
-1747
-1697
-1509
-1221
-949
-776
-695
-631
-519
-350
-171
-35
34
58
65
54
-10
-142
-285
-355
-332
-291
-318
-416
-521
-581
-592
-578
-554
-525
-476
-395
-272
-134
-13
104
293
621
1071
1534
1893
2101
2213
2344
2599
2978
3334
3478
3368
3192
3193
3403
3576
3427
2925
2355
2057
2112
2260
2122
1540
746
167
47
206
218
-152
-698
-992
-853
-558
-543
-926
-1381
-1497
-1212
-861
-813
-1110
-1459
-1553
-1353
-1107
-1092
-1368
-1725
-1873
-1710
-1424
-1318
-1514
-1832
-1977
-1834
-1570
-1433
-1499
-1621
-1615
-1438
-1196
-1024
-972
-970
-902
-701
-433
-241
-217
-311
-395
-382
-299
-243
-295
-452
-618
-682
-638
-596
-668
-834
-953
-922
-780
-666
-660
-713
-699
-553
-332
-146
-38
64
278
651
1130
1602
1975
2207
2320
2392
2539
2824
3175
3410
3402
3228
3127
3255
3486
3511
3153
2583
2168
2117
2273
2258
1833
1120
488
207
206
163
-157
-662
-1031
-1058
-871
-797
-1022
-1398
-1606
-1492
-1228
-1123
-1301
-1586
-1706
-1579
-1384
-1365
-1582
-1861
-1967
-1825
-1588
-1480
-1589
-1788
-1874
-1763
-1560
-1425
-1405
-1414
-1348
-1194
-1019
-884
-797
-727
-636
-503
-353
-231
-177
-174
-176
-147
-106
-100
-164
-280
-382
-411
-373
-344
-406
-564
-734
-819
-794
-722
-683
-704
-731
-692
-549
-334
-109
80
248
445
724
1095
1526
1939
2235
2359
2375
2446
2700
3086
3386
3420
3227
3047
3075
3248
3291
3013
2526
2154
2094
2208
2154
1723
1044
449
178
185
210
31
-344
-711
-873
-834
-774
-855
-1057
-1219
-1220
-1106
-1032
-1104
-1286
-1451
-1509
-1490
-1511
-1650
-1857
-1986
-1954
-1832
-1780
-1871
-2012
-2051
-1948
-1800
-1716
-1690
-1631
-1488
-1306
-1150
-1019
-872
-718
-616
-577
-514
-341
-92
88
103
7
-68
-62
-40
-92
-216
-324
-350
-325
-340
-441
-576
-653
-629
-551
-500
-508
-538
-522
-431
-276
-91
104
294
472
643
843
1117
1479
1864
2166
2310
2342
2408
2631
2978
3255
3280
3064
2810
2722
2805
2871
2741
2413
2063
1856
1784
1669
1353
871
431
205
165
120
-85
-429
-738
-851
-770
-655
-680
-866
-1073
-1158
-1115
-1071
-1134
-1300
-1469
-1556
-1557
-1543
-1585
-1693
-1805
-1850
-1811
-1742
-1713
-1749
-1802
-1799
-1704
-1569
-1477
-1455
-1435
-1327
-1112
-868
-695
-627
-601
-517
-336
-125
2
-10
-102
-175
-179
-140
-102
-89
-110
-168
-245
-306
-332
-348
-393
-457
-494
-488
-479
-495
-500
-424
-259
-73
57
135
221
377
593
814
988
1133
1311
1565
1850
2064
2141
2128
2150
2304
2557
2778
2844
2750
2610
2547
2575
2577
2417
2084
1724
1515
1492
1500
1331
921
424
72
-27
15
-17
-238
-556
-776
-799
-723
-735
-915
-1162
-1321
-1344
-1324
-1373
-1507
-1650
-1729
-1746
-1761
-1828
-1936
-2019
-2008
-1901
-1782
-1750
-1819
-1898
-1869
-1707
-1493
-1325
-1234
-1173
-1082
-936
-754
-584
-471
-422
-390
-310
-169
-20
71
84
55
31
33
50
50
8
-63
-118
-124
-98
-91
-131
-194
-227
-195
-112
-29
13
28
60
131
210
263
295
349
454
598
746
867
952
1022
1116
1274
1494
1735
1934
2058
2131
2216
2345
2475
2518
2444
2321
2261
2293
2332
2262
2055
1791
1579
1462
1389
1269
1041
734
445
249
120
-35
-268
-523
-704
-794
-868
-1003
-1185
-1340
-1427
-1483
-1577
-1734
-1905
-2015
-2033
-2002
-2004
-2085
-2204
-2269
-2227
-2108
-1991
-1927
-1901
-1860
-1768
-1634
-1497
-1390
-1304
-1197
-1038
-841
-651
-493
-357
-223
-107
-34
-2
35
114
214
274
269
242
245
280
298
272
235
239
290
348
372
355
315
275
243
217
188
159
149
177
232
282
300
301
320
381
462
524
559
608
714
874
1031
1142
1222
1319
1453
1602
1725
1808
1865
1925
2002
2084
2133
2116
2042
1961
1912
1882
1829
1732
1618
1507
1374
1173
907
641
435
274
90
-169
-485
-795
-1050
-1245
-1398
-1536
-1677
-1824
-1960
-2062
-2120
-2147
-2161
-2176
-2193
-2214
-2229
-2224
-2191
-2139
-2091
-2056
-2000
-1887
-1718
-1549
-1426
-1345
-1253
-1113
-941
-774
-621
-452
-250
-44
109
184
218
278
396
533
621
633
610
609
643
672
663
622
580
551
530
512
499
486
457
408
355
311
271
234
213
225
257
272
244
197
182
236
345
459
537
593
681
839
1031
1175
1221
1208
1231
1348
1519
1640
1645
1570
1512
1534
1600
1611
1507
1325
1178
1140
1170
1141
959
666
400
254
185
65
-169
-452
-665
-757
-789
-864
-1017
-1188
-1293
-1308
-1291
-1326
-1437
-1566
-1637
-1633
-1607
-1621
-1687
-1757
-1775
-1725
-1634
-1549
-1497
-1473
-1439
-1357
-1223
-1068
-932
-829
-736
-627
-494
-352
-214
-90
23
125
218
296
348
369
372
386
430
492
535
529
486
441
426
443
467
479
471
447
412
371
328
276
210
139
88
68
67
64
55
49
44
34
23
36
86
154
208
236
261
314
392
464
502
515
540
604
699
793
858
896
922
951
982
1008
1025
1037
1051
1067
1075
1054
990
891
784
691
610
524
427
331
244
162
72
-30
-128
-212
-285
-359
-443
-536
-625
-700
-765
-831
-903
-976
-1036
-1083
-1124
-1160
-1174
-1156
-1129
-1129
-1165
-1198
-1186
-1129
-1066
-1025
-992
-939
-858
-773
-704
-650
-596
-532
-459
-385
-316
-253
-190
-121
-47
16
57
76
92
117
151
184
211
230
241
244
244
243
236
215
184
154
138
132
120
86
39
13
35
93
139
133
79
25
11
41
79
90
68
44
51
96
150
182
191
210
270
360
431
451
433
425
450
494
525
534
543
579
642
700
723
711
699
715
746
755
718
650
592
561
545
509
438
342
252
192
161
127
61
-39
-143
-223
-277
-331
-398
-463
-510
-542
-579
-629
-677
-703
-710
-715
-722
-721
-708
-693
-693
-703
-701
-670
-618
-570
-539
-516
-483
-433
-377
-329
-291
-258
-228
-200
-177
-156
-138
-122
-108
-95
-81
-71
-67
-62
-40
7
67
112
121
100
75
72
92
111
99
50
-5
-34
-31
-20
-28
-55
-74
-61
-20
23
48
51
46
42
35
27
22
34
59
88
106
113
115
118
123
132
151
182
213
232
231
223
224
238
254
255
240
227
236
269
303
310
286
255
246
265
294
309
302
282
261
247
237
223
191
137
79
48
58
77
57
-18
-106
-151
-141
-116
-121
-166
-223
-260
-270
-270
-286
-328
-378
-409
-408
-401
-420
-465
-499
-487
-441
-399
-383
-373
-343
-300
-277
-287
-307
-297
-247
-181
-130
-108
-101
-89
-61
-21
18
37
30
15
21
64
123
162
162
137
119
126
148
167
171
164
156
155
161
165
158
143
132
135
147
155
149
129
100
70
43
23
12
7
0
-7
-7
1
4
-15
-53
-78
-59
-1
50
54
21
-3
16
65
101
103
90
98
136
174
183
163
142
141
151
151
142
141
161
183
179
148
113
92
76
47
13
-4
-4
-16
-65
-133
-177
-174
-150
-151
-194
-240
-241
-189
-132
-126
-185
-263
-296
-259
-183
-123
-109
-133
-171
-209
-245
-261
-229
-141
-41
0
-55
-165
-240
-225
-142
-67
-58
-106
-160
-180
-167
-147
-131
-107
-72
-39
-28
-40
-61
-76
-75
-48
14
94
143
119
35
-41
-45
31
136
206
205
143
64
23
48
114
172
190
184
182
191
195
189
189
