-25
-50
-65
-63
-56
-56
-68
-79
-79
-70
-67
-81
-103
-116
-111
-102
-105
-128
-156
-173
-171
-161
-159
-170
-185
-185
-163
-128
-101
-93
-94
-86
-68
-51
-42
-36
-23
-2
22
45
70
100
129
149
155
159
173
202
233
248
243
229
221
226
240
252
255
250
243
238
239
243
245
245
248
261
283
306
318
313
295
277
271
279
292
293
277
250
226
211
198
173
134
88
48
21
2
-14
-36
-67
-104
-142
-180
-218
-257
-297
-335
-367
-394
-423
-461
-507
-549
-576
-591
-606
-631
-664
-695
-718
-730
-734
-729
-717
-702
-686
-669
-648
-618
-578
-529
-474
-418
-361
-298
-223
-140
-55
25
97
158
216
282
361
437
496
534
571
621
681
728
752
760
771
793
817
828
824
813
809
812
815
809
792
774
764
762
752
724
681
638
603
570
527
471
407
343
282
225
166
98
20
-58
-130
-197
-265
-332
-389
-433
-470
-506
-547
-592
-636
-673
-697
-707
-719
-747
-792
-839
-875
-900
-930
-969
-1009
-1040
-1064
-1088
-1117
-1144
-1166
-1180
-1182
-1164
-1124
-1069
-1013
-961
-903
-829
-743
-652
-560
-465
-360
-249
-136
-25
76
164
244
331
441
563
665
718
740
774
845
930
994
1030
1073
1152
1259
1356
1415
1437
1453
1487
1538
1584
1604
1602
1594
1581
1537
1438
1298
1163
1064
983
872
706
503
307
149
26
-92
-226
-368
-490
-580
-647
-705
-745
-760
-756
-748
-732
-691
-622
-544
-476
-421
-369
-325
-297
-290
-295
-313
-357
-442
-559
-684
-799
-909
-1032
-1181
-1340
-1475
-1559
-1601
-1637
-1693
-1746
-1746
-1670
-1549
-1437
-1351
-1263
-1134
-969
-801
-656
-524
-378
-203
-14
156
286
375
441
505
578
655
716
746
741
725
732
783
857
919
954
990
1071
1212
1376
1525
1653
1795
1982
2196
2373
2444
2383
2240
2112
2062
2046
1939
1645
1214
801
524
347
137
-185
-560
-865
-1037
-1132
-1233
-1365
-1465
-1459
-1337
-1163
-1012
-906
-796
-613
-339
-29
230
402
523
656
812
945
994
936
783
578
360
157
-52
-316
-659
-1036
-1378
-1655
-1895
-2126
-2332
-2478
-2550
-2565
-2534
-2453
-2319
-2143
-1936
-1700
-1442
-1183
-948
-736
-533
-331
-147
0
102
171
224
275
323
357
362
336
290
244
216
200
183
152
122
122
176
279
412
555
710
884
1089
1332
1626
1982
2403
2856
3250
3466
3433
3220
3016
2980
3067
3036
2662
1982
1272
795
546
305
-110
-675
-1233
-1665
-1949
-2128
-2252
-2362
-2438
-2407
-2219
-1944
-1709
-1547
-1328
-923
-375
139
522
865
1295
1792
2175
2301
2207
2068
2009
1985
1800
1315
610
-34
-407
-591
-889
-1478
-2187
-2675
-2800
-2752
-2804
-3022
-3234
-3258
-3061
-2751
-2448
-2206
-1986
-1708
-1339
-951
-660
-497
-362
-131
194
487
618
575
454
370
361
368
285
65
-220
-426
-491
-495
-558
-696
-791
-732
-519
-263
-68
55
202
462
829
1198
1490
1761
2176
2839
3657
4345
4600
4334
3796
3452
3612
4108
4351
3849
2696
1518
871
742
656
200
-609
-1450
-2043
-2354
-2522
-2698
-2912
-3063
-3000
-2701
-2336
-2129
-2093
-1985
-1539
-779
-11
477
689
876
1273
1908
2584
3024
3024
2615
2078
1766
1769
1783
1376
461
-580
-1269
-1528
-1692
-2081
-2638
-3057
-3178
-3138
-3152
-3245
-3277
-3140
-2854
-2488
-2095
-1729
-1440
-1198
-890
-468
-59
151
147
129
298
626
900
938
753
483
247
68
-95
-278
-478
-656
-779
-868
-996
-1179
-1314
-1237
-920
-528
-269
-172
-87
132
472
825
1124
1396
1734
2275
3126
4179
5023
5158
4483
3542
3188
3781
4734
4943
3878
2154
924
688
877
619
-298
-1367
-2054
-2299
-2379
-2525
-2789
-3091
-3277
-3182
-2822
-2454
-2335
-2355
-2114
-1399
-510
51
162
204
597
1348
2166
2818
3242
3356
3050
2413
1822
1585
1590
1392
691
-379
-1393
-2018
-2240
-2330
-2578
-3032
-3469
-3632
-3496
-3250
-3073
-2945
-2723
-2330
-1859
-1477
-1255
-1081
-760
-221
388
808
907
800
734
850
1075
1204
1098
771
348
-40
-322
-496
-615
-745
-916
-1094
-1231
-1306
-1323
-1252
-1058
-772
-520
-400
-369
-246
97
631
1188
1603
1848
2093
2636
3636
4819
5495
5117
3935
3002
3228
4367
5102
4360
2475
856
485
957
1085
254
-1060
-2040
-2429
-2571
-2805
-3134
-3385
-3457
-3309
-2959
-2593
-2514
-2731
-2774
-2136
-949
42
301
130
290
1098
2139
2818
2990
2946
2991
3132
3113
2627
1661
652
161
201
65
-909
-2441
-3481
-3393
-2698
-2434
-2952
-3646
-3810
-3432
-2986
-2746
-2570
-2265
-1846
-1409
-977
-577
-298
-122
162
703
1275
1476
1232
933
949
1181
1215
861
314
-144
-443
-654
-817
-951
-1122
-1380
-1628
-1701
-1565
-1366
-1200
-1001
-668
-267
32
170
294
575
1020
1469
1775
2019
2530
3592
4995
5953
5698
4346
3068
3124
4544
5897
5587
3492
1127
90
480
1035
641
-601
-1829
-2507
-2773
-2969
-3218
-3498
-3752
-3819
-3493
-2897
-2543
-2746
-3035
-2584
-1254
102
603
356
243
854
1946
2927
3483
3641
3474
3074
2641
2371
2198
1876
1295
590
-133
-924
-1761
-2394
-2629
-2660
-2877
-3361
-3782
-3846
-3631
-3387
-3154
-2784
-2260
-1784
-1505
-1304
-963
-458
29
358
560
737
920
1079
1191
1248
1215
1051
749
357
-45
-379
-607
-766
-950
-1214
-1494
-1665
-1679
-1624
-1583
-1529
-1359
-1066
-754
-507
-277
18
399
809
1199
1530
1776
2039
2635
3846
5386
6309
5787
4154
2902
3315
5019
6189
5349
2919
760
235
921
1325
572
-877
-2030
-2488
-2607
-2842
-3258
-3665
-3872
-3780
-3397
-2972
-2874
-3128
-3130
-2239
-644
652
905
469
349
1089
2324
3372
3907
4036
3950
3747
3429
2959
2317
1636
1148
868
398
-656
-2063
-3023
-3049
-2588
-2523
-3143
-3894
-4150
-3897
-3536
-3249
-2898
-2402
-1926
-1597
-1305
-906
-446
-27
392
858
1201
1187
913
799
1099
1536
1602
1114
381
-174
-403
-475
-635
-1001
-1486
-1867
-1970
-1849
-1746
-1812
-1956
-1968
-1785
-1498
-1196
-872
-497
-76
334
673
932
1203
1645
2408
3557
4961
6149
6399
5349
3677
2874
3857
5783
6605
5143
2382
467
449
1378
1602
575
-916
-1966
-2463
-2772
-3044
-3208
-3319
-3519
-3675
-3515
-3140
-3013
-3208
-3081
-2039
-472
555
557
196
455
1527
2797
3651
3973
3924
3654
3316
3083
2932
2632
2063
1403
773
-25
-1166
-2286
-2758
-2537
-2364
-2906
-3909
-4526
-4343
-3777
-3411
-3287
-3044
-2529
-1951
-1508
-1138
-724
-309
34
382
831
1250
1403
1298
1232
1384
1531
1305
694
91
-162
-158
-286
-796
-1548
-2150
-2291
-2000
-1642
-1624
-2022
-2448
-2418
-1829
-1088
-661
-608
-579
-284
228
716
1090
1477
2026
2764
3682
4786
5893
6478
6019
4740
3768
4184
5720
6742
5826
3360
1223
804
1579
1894
873
-855
-2192
-2801
-3065
-3298
-3457
-3542
-3708
-3950
-3984
-3722
-3498
-3565
-3510
-2687
-1173
111
457
220
356
1303
2613
3586
3917
3754
3403
3156
3135
3194
3011
2463
1750
1063
265
-816
-1905
-2449
-2376
-2357
-3018
-4106
-4763
-4589
-4042
-3748
-3728
-3560
-3056
-2465
-2026
-1655
-1154
-532
58
567
1020
1352
1447
1382
1398
1591
1728
1521
976
406
85
-7
-125
-491
-1112
-1771
-2173
-2172
-1915
-1735
-1828
-2051
-2084
-1817
-1445
-1206
-1082
-869
-447
82
578
1014
1439
1861
2310
2954
4009
5408
6570
6711
5609
4148
3761
5012
6725
6947
4975
2224
761
1152
2037
1838
394
-1248
-2249
-2696
-3044
-3422
-3704
-3918
-4154
-4281
-4095
-3766
-3689
-3830
-3523
-2322
-769
91
-18
-244
362
1769
3115
3730
3661
3385
3318
3640
4179
4365
3616
2076
700
276
434
74
-1216
-2628
-3205
-3050
-3058
-3660
-4345
-4468
-4049
-3578
-3316
-3134
-2874
-2552
-2160
-1584
-838
-197
117
268
606
1180
1622
1636
1380
1258
1395
1513
1296
760
194
-169
-357
-579
-1008
-1595
-2077
-2203
-2005
-1832
-1993
-2393
-2588
-2285
-1663
-1178
-1048
-1069
-897
-430
170
699
1085
1389
1758
2392
3451
4880
6228
6774
6062
4545
3521
4049
5711
6751
5767
3273
1227
961
1833
2142
1062
-700
-2019
-2588
-2847
-3160
-3490
-3761
-4021
-4213
-4122
-3783
-3584
-3727
-3722
-2919
-1452
-263
11
-180
136
1289
2680
3560
3731
3539
3458
3818
4553
5053
4500
2788
932
182
578
833
-173
-2052
-3421
-3564
-3141
-3188
-3870
-4499
-4502
-4025
-3563
-3360
-3256
-2993
-2443
-1660
-857
-321
-157
-104
262
1041
1809
2073
1807
1468
1427
1585
1567
1234
801
498
243
-237
-1032
-1897
-2469
-2598
-2436
-2267
-2284
-2486
-2699
-2707
-2376
-1780
-1162
-755
-584
-485
-257
151
660
1165
1625
2105
2796
3930
5454
6760
6952
5757
4137
3694
5038
6885
7115
4991
2038
488
946
1954
1781
219
-1591
-2681
-3093
-3343
-3633
-3883
-4110
-4403
-4608
-4485
-4133
-3921
-3836
-3353
-2160
-788
-92
-174
-212
547
1930
3164
3773
3910
3945
4081
4292
4399
4075
3156
2005
1325
1276
1063
-182
-2139
-3457
-3357
-2670
-2837
-4108
-5295
-5303
-4386
-3594
-3417
-3417
-3061
-2370
-1695
-1192
-771
-330
164
725
1288
1630
1587
1335
1298
1645
2032
1949
1317
562
132
42
-63
-507
-1289
-2103
-2593
-2635
-2449
-2407
-2671
-3000
-2997
-2522
-1872
-1434
-1300
-1208
-874
-272
383
892
1232
1517
1867
2365
3126
4275
5714
6864
6922
5648
3998
3528
4843
6663
6893
4805
1922
436
905
1835
1527
-133
-1922
-2875
-3120
-3256
-3517
-3784
-4050
-4376
-4604
-4478
-4101
-3838
-3708
-3183
-1939
-502
251
198
147
839
2132
3303
3904
4011
3918
3880
4066
4341
4191
3190
1701
690
641
831
111
-1665
-3356
-3825
-3265
-2925
-3606
-4783
-5332
-4816
-3831
-3174
-3040
-3030
-2736
-2084
-1254
-473
91
410
636
974
1442
1803
1857
1695
1602
1671
1691
1398
804
151
-364
-763
-1158
-1592
-2020
-2393
-2678
-2839
-2865
-2803
-2734
-2649
-2443
-2024
-1501
-1108
-958
-859
-510
151
829
1201
1271
1358
1758
2521
3578
4862
6140
6824
6352
4946
3819
4140
5684
6759
5872
3361
1118
576
1284
1625
685
-965
-2262
-2885
-3246
-3632
-3897
-3924
-3928
-4063
-4128
-3899
-3567
-3420
-3275
-2597
-1320
-139
276
142
287
1145
2360
3349
3913
4151
4137
3926
3701
3555
3278
2631
1837
1353
1132
473
-1048
-2783
-3614
-3328
-2929
-3410
-4539
-5217
-4841
-3899
-3234
-3081
-3049
-2746
-2150
-1431
-722
-111
336
662
999
1352
1537
1420
1205
1247
1607
1889
1657
882
-30
-647
-862
-906
-1100
-1608
-2343
-3030
-3382
-3300
-2956
-2646
-2533
-2511
-2355
-1961
-1448
-984
-633
-335
-39
259
557
924
1428
2024
2555
2920
3251
3866
4944
6137
6644
5897
4367
3415
4019
5542
6156
4713
2089
308
377
1299
1374
87
-1625
-2696
-3006
-3071
-3231
-3469
-3752
-4040
-4094
-3675
-3040
-2803
-3109
-3215
-2344
-759
430
579
250
458
1498
2790
3696
4016
3816
3210
2554
2425
3024
3643
3222
1519
-463
-1476
-1302
-883
-1253
-2510
-3855
-4451
-4174
-3607
-3410
-3674
-3905
-3595
-2780
-1960
-1515
-1300
-883
-90
772
1238
1147
794
670
1045
1710
2088
1762
916
203
68
295
281
-270
-1074
-1632
-1760
-1710
-1849
-2292
-2793
-2984
-2730
-2285
-2034
-2083
-2119
-1800
-1171
-627
-393
-254
131
745
1238
1388
1385
1576
2050
2631
3237
4051
5169
6184
6336
5339
3950
3483
4454
5817
5836
3924
1385
96
519
1353
1132
-255
-1804
-2733
-3101
-3265
-3312
-3266
-3357
-3720
-4008
-3790
-3232
-2948
-3040
-2834
-1805
-438
311
228
81
616
1738
2843
3526
3733
3475
2889
2457
2713
3462
3703
2650
752
-704
-1015
-778
-1061
-2133
-3307
-3871
-3836
-3698
-3753
-3844
-3707
-3286
-2724
-2183
-1758
-1447
-1144
-698
-81
527
890
970
986
1174
1516
1729
1583
1154
741
530
436
242
-148
-633
-1049
-1322
-1519
-1785
-2202
-2662
-2920
-2804
-2421
-2064
-1932
-1933
-1832
-1522
-1117
-758
-467
-156
222
634
993
1249
1436
1663
2017
2498
3101
3930
5053
6116
6370
5393
3882
3288
4344
6002
6305
4436
1706
194
559
1501
1392
-1
-1637
-2607
-2935
-3057
-3167
-3271
-3468
-3746
-3774
-3307
-2727
-2662
-3049
-2980
-1843
-239
644
449
13
283
1314
2478
3294
3658
3564
3044
2443
2249
2502
2598
1996
890
-43
-502
-826
-1423
-2215
-2836
-3144
-3303
-3454
-3558
-3551
-3437
-3199
-2775
-2221
-1739
-1462
-1244
-808
-89
656
1112
1227
1207
1251
1341
1350
1235
1078
936
751
416
-65
-565
-958
-1221
-1408
-1587
-1818
-2162
-2599
-2936
-2921
-2518
-2031
-1832
-1956
-2028
-1674
-916
-161
242
304
297
445
775
1186
1578
1889
2108
2311
2704
3519
4746
5913
6256
5378
3857
3020
3727
5312
5991
4657
2123
332
293
1133
1266
158
-1367
-2329
-2587
-2616
-2757
-3028
-3358
-3662
-3693
-3275
-2702
-2574
-2963
-3108
-2245
-670
460
456
-117
-157
741
2039
3013
3384
3199
2608
1960
1829
2455
3246
3166
1826
-22
-1203
-1280
-870
-908
-1728
-2845
-3528
-3477
-3030
-2737
-2806
-2943
-2758
-2233
-1710
-1430
-1258
-898
-282
370
809
940
845
712
761
1050
1370
1385
996
458
98
-45
-173
-431
-763
-1082
-1398
-1727
-1998
-2164
-2295
-2431
-2429
-2123
-1633
-1318
-1369
-1537
-1422
-928
-344
40
237
446
716
932
1067
1306
1793
2360
2727
2963
3537
4693
5883
6096
4975
3465
3084
4333
5972
6117
4197
1607
287
735
1682
1627
344
-1231
-2228
-2566
-2654
-2803
-3089
-3443
-3700
-3653
-3324
-3067
-3184
-3404
-3075
-1962
-681
-74
-236
-403
143
1295
2386
2971
3136
3109
2955
2700
2542
2633
2794
2592
1784
575
-519
-1079
-1112
-1087
-1530
-2475
-3353
-3571
-3186
-2824
-2914
-3174
-3012
-2288
-1473
-1052
-995
-893
-474
168
748
1040
1017
869
892
1209
1591
1623
1165
519
112
43
56
-126
-533
-1014
-1434
-1743
-1945
-2086
-2223
-2327
-2277
-2016
-1702
-1565
-1620
-1619
-1351
-882
-453
-158
101
410
702
921
1142
1480
1878
2145
2227
2377
2988
4186
5550
6247
5676
4166
2979
3255
4758
5852
5068
2691
561
148
1073
1687
929
-728
-2097
-2594
-2537
-2465
-2608
-2928
-3324
-3587
-3481
-3067
-2798
-2963
-3167
-2667
-1371
-138
170
-262
-418
349
1677
2757
3207
3184
2970
2744
2664
2784
2876
2561
1758
823
168
-181
-512
-1041
-1687
-2223
-2527
-2660
-2779
-2986
-3216
-3233
-2866
-2246
-1749
-1598
-1612
-1414
-866
-188
328
591
695
763
889
1117
1383
1494
1321
975
696
523
252
-261
-857
-1255
-1382
-1420
-1579
-1929
-2390
-2749
-2756
-2339
-1777
-1500
-1656
-1915
-1824
-1290
-672
-351
-344
-336
-53
502
1111
1587
1881
2054
2215
2527
3171
4219
5465
6363
6307
5190
3798
3341
4289
5643
5757
4047
1714
481
771
1405
1081
-255
-1661
-2439
-2715
-2922
-3197
-3435
-3619
-3748
-3682
-3329
-2953
-2923
-3122
-2893
-1850
-488
291
217
-58
261
1299
2527
3388
3660
3426
2942
2556
2483
2600
2551
2143
1482
723
-153
-1116
-1854
-2039
-1836
-1850
-2445
-3294
-3756
-3600
-3114
-2638
-2240
-1883
-1620
-1466
-1240
-748
-79
458
713
840
1019
1210
1273
1240
1259
1348
1321
1029
524
-13
-447
-735
-903
-1056
-1357
-1881
-2485
-2885
-2914
-2677
-2406
-2230
-2116
-2009
-1901
-1763
-1494
-1047
-535
-167
-3
116
395
856
1360
1792
2149
2439
2619
2739
3082
3965
5259
6212
6007
4675
3319
3171
4294
5374
4976
3039
946
75
434
859
384
-852
-2037
-2681
-2930
-3113
-3312
-3484
-3639
-3774
-3720
-3388
-3003
-2862
-2800
-2293
-1176
-35
422
225
131
763
1985
3162
3757
3639
3008
2298
1976
2218
2651
2654
1955
879
-73
-709
-1144
-1473
-1678
-1833
-2133
-2642
-3130
-3295
-3069
-2646
-2244
-1962
-1796
-1669
-1415
-893
-184
422
719
805
908
1090
1221
1231
1208
1232
1210
1000
589
109
-317
-658
-923
-1129
-1341
-1652
-2049
-2348
-2376
-2206
-2105
-2217
-2367
-2286
-1944
-1561
-1291
-1054
-709
-317
-56
51
213
623
1228
1780
2108
2248
2330
2439
2651
3159
4154
5448
6289
5888
4313
2775
2649
4058
5526
5327
3211
681
-525
-102
739
679
-476
-1929
-2891
-3191
-3100
-2966
-3040
-3384
-3722
-3640
-3092
-2585
-2563
-2754
-2395
-1230
43
547
262
16
517
1659
2779
3333
3206
2667
2172
2085
2320
2381
1909
1131
519
116
-475
-1359
-2020
-1985
-1590
-1672
-2497
-3369
-3482
-2877
-2260
-2068
-2055
-1831
-1407
-1033
-741
-346
173
599
808
929
1094
1233
1242
1201
1223
1220
974
464
-93
-491
-728
-918
-1147
-1454
-1838
-2216
-2448
-2480
-2410
-2369
-2345
-2236
-2027
-1817
-1628
-1336
-868
-395
-155
-130
-17
414
1047
1562
1817
1945
2124
2354
2524
2651
2981
3776
4929
5795
5580
4152
2495
2063
3348
5121
5445
3635
1030
-386
-20
925
958
-178
-1599
-2473
-2720
-2709
-2713
-2840
-3104
-3369
-3349
-2963
-2579
-2605
-2829
-2542
-1436
-138
435
161
-153
295
1466
2664
3267
3137
2511
1831
1559
1861
2338
2334
1635
698
38
-380
-920
-1589
-1968
-1886
-1787
-2177
-2899
-3297
-3025
-2437
-2070
-2029
-2029
-1864
-1563
-1169
-629
27
576
820
799
737
777
906
1045
1132
1092
855
435
-29
-406
-679
-903
-1115
-1339
-1637
-2058
-2523
-2827
-2821
-2542
-2184
-1935
-1867
-1894
-1832
-1511
-938
-324
55
136
147
384
894
1435
1754
1870
1984
2181
2359
2478
2766
3535
4749
5799
5866
4655
2921
2057
2846
4492
5181
3857
1383
-315
-246
741
1069
134
-1351
-2410
-2767
-2752
-2726
-2839
-3131
-3460
-3499
-3064
-2492
-2320
-2534
-2413
-1433
-77
620
307
-244
-13
1219
2797
3871
3928
2979
1641
967
1619
3005
3583
2400
207
-1289
-1258
-493
-299
-1021
-1964
-2487
-2678
-2885
-3068
-2947
-2538
-2177
-2028
-1900
-1622
-1291
-998
-570
142
874
1140
879
606
824
1423
1850
1729
1183
572
130
-119
-245
-374
-645
-1106
-1614
-1974
-2157
-2293
-2451
-2507
-2342
-2045
-1864
-1918
-2075
-2079
-1788
-1247
-643
-188
13
80
259
673
1183
1555
1706
1759
1863
2055
2304
2639
3183
4024
4988
5536
5097
3716
2375
2295
3659
5114
4944
2856
410
-566
161
1151
994
-293
-1659
-2372
-2564
-2638
-2718
-2785
-2950
-3214
-3281
-2939
-2512
-2468
-2648
-2294
-1103
171
545
53
-270
357
1659
2810
3353
3313
2792
1945
1283
1400
2220
2794
2237
708
-747
-1313
-1117
-857
-1009
-1538
-2175
-2697
-2977
-2954
-2692
-2337
-2010
-1750
-1566
-1444
-1288
-936
-328
356
800
815
534
312
420
809
1180
1242
940
436
-48
-377
-539
-616
-729
-970
-1326
-1688
-1960
-2142
-2288
-2390
-2357
-2155
-1915
-1810
-1821
-1707
-1288
-706
-316
-274
-355
-193
304
888
1264
1392
1448
1603
1863
2115
2308
2568
3137
4106
5143
5546
4798
3244
2109
2477
4068
5219
4463
2112
30
-306
720
1459
847
-687
-2044
-2679
-2818
-2824
-2833
-2904
-3116
-3346
-3291
-2903
-2566
-2557
-2540
-1937
-811
32
8
-470
-453
449
1732
2689
3098
3110
2823
2275
1748
1670
2107
2526
2254
1131
-329
-1379
-1622
-1279
-996
-1320
-2214
-3066
-3278
-2845
-2298
-2059
-2058
-1988
-1755
-1496
-1280
-1008
-617
-186
195
510
743
814
744
741
986
1315
1319
805
73
-395
-426
-293
-376
-803
-1383
-1819
-1965
-1935
-1960
-2119
-2262
-2213
-2024
-1900
-1906
-1835
-1468
-878
-408
-274
-329
-206
259
863
1264
1347
1306
1432
1820
2288
2565
2607
2738
3386
4537
5456
5223
3743
2196
2058
3524
5045
4825
2727
447
-304
482
1362
1142
-68
-1385
-2230
-2616
-2722
-2671
-2658
-2910
-3316
-3429
-3035
-2537
-2438
-2604
-2365
-1454
-461
-119
-343
-340
405
1572
2449
2675
2407
2035
1910
2169
2557
2549
1901
1061
688
775
571
-398
-1576
-2030
-1676
-1392
-1857
-2716
-3147
-2923
-2511
-2317
-2261
-2132
-1926
-1692
-1307
-684
-63
206
132
122
452
941
1209
1148
954
799
658
468
248
22
-261
-614
-954
-1210
-1446
-1752
-2058
-2200
-2171
-2149
-2231
-2269
-2083
-1763
-1571
-1580
-1546
-1222
-660
-154
112
206
326
589
977
1400
1766
2009
2119
2161
2264
2584
3248
4221
5124
5318
4422
2908
1973
2504
4047
5033
4246
2092
215
-161
623
1232
785
-461
-1710
-2490
-2805
-2802
-2614
-2494
-2681
-3078
-3259
-2989
-2530
-2263
-2104
-1659
-890
-296
-256
-463
-239
675
1863
2718
2944
2647
2164
1907
2089
2462
2444
1753
799
245
176
19
-649
-1514
-1966
-1935
-1932
-2290
-2726
-2811
-2575
-2393
-2404
-2366
-2087
-1703
-1397
-1088
-616
-94
173
140
126
407
845
1091
1020
836
747
707
524
137
-328
-698
-906
-992
-1060
-1231
-1575
-2024
-2380
-2474
-2310
-2067
-1940
-1970
-2016
-1895
-1562
-1166
-904
-823
-754
-486
19
589
1021
1245
1353
1479
1686
1929
2100
2192
2427
3115
4263
5331
5522
4501
2882
1929
2480
4045
5041
4239
2038
148
-129
839
1545
979
-518
-1899
-2543
-2579
-2411
-2308
-2388
-2694
-3073
-3227
-3028
-2712
-2537
-2387
-1911
-1114
-504
-467
-660
-325
797
2096
2698
2341
1601
1347
1993
3105
3629
2781
931
-486
-326
952
1614
523
-1570
-2882
-2609
-1663
-1413
-2131
-2962
-3121
-2656
-2099
-1786
-1698
-1658
-1476
-1021
-394
27
-30
-311
-234
397
1095
1236
804
363
364
668
803
495
-112
-666
-896
-816
-719
-963
-1605
-2280
-2551
-2393
-2207
-2287
-2445
-2291
-1805
-1387
-1345
-1485
-1380
-900
-350
-50
42
233
692
1266
1676
1829
1858
1938
2118
2341
2601
3030
3779
4716
5290
4878
3517
2192
2101
3375
4700
4486
2553
380
-415
279
1144
967
-240
-1608
-2461
-2728
-2608
-2292
-2082
-2310
-2940
-3441
-3357
-2862
-2505
-2403
-2118
-1391
-636
-403
-544
-290
765
2091
2783
2503
1743
1269
1489
2222
2841
2685
1635
359
-241
16
387
80
-836
-1633
-1885
-1882
-2070
-2431
-2638
-2574
-2422
-2304
-2113
-1765
-1391
-1120
-865
-479
-48
184
196
272
630
1095
1301
1119
766
498
358
230
54
-148
-363
-625
-928
-1212
-1439
-1627
-1801
-1948
-2062
-2176
-2310
-2400
-2349
-2136
-1864
-1641
-1463
-1219
-842
-383
30
325
510
654
836
1131
1546
1971
2213
2172
1979
1919
2208
2847
3678
4461
4867
4531
3432
2223
1924
2921
4305
4529
2978
722
-509
-82
1008
1332
435
-1014
-2138
-2566
-2416
-2003
-1747
-1999
-2701
-3288
-3229
-2640
-2149
-2105
-2195
-1918
-1266
-667
-357
-85
496
1354
2111
2394
2094
1433
958
1230
2208
2976
2536
972
-457
-674
39
471
-56
-1079
-1789
-1978
-1990
-2065
-2135
-2137
-2178
-2276
-2235
-1923
-1506
-1208
-975
-605
-142
113
44
-51
195
742
1187
1211
868
432
133
39
95
142
-6
-404
-900
-1294
-1551
-1768
-1962
-2021
-1930
-1879
-2049
-2320
-2368
-2044
-1568
-1259
-1189
-1156
-952
-549
-55
405
730
886
945
1064
1337
1690
1947
2024
2007
2026
2122
2256
2467
2907
3641
4361
4466
3610
2277
1593
2274
3714
4373
3290
1165
-305
-175
855
1359
695
-588
-1615
-2025
-1944
-1635
-1413
-1645
-2367
-3039
-3011
-2332
-1754
-1842
-2262
-2238
-1533
-681
-245
-138
156
864
1641
2001
1829
1464
1361
1727
2315
2571
2088
1087
304
242
572
502
-294
-1306
-1839
-1793
-1624
-1698
-1962
-2216
-2384
-2446
-2303
-1930
-1526
-1321
-1266
-1096
-724
-356
-172
-45
245
648
869
759
486
315
309
331
223
-48
-409
-747
-1000
-1205
-1447
-1734
-1961
-2051
-2087
-2212
-2372
-2319
-1928
-1455
-1293
-1507
-1694
-1413
-652
168
633
685
587
619
885
1301
1706
1956
2006
1925
1849
1861
1933
2004
2108
2411
3047
3878
4409
4101
2946
1738
1523
2532
3707
3602
1902
-108
-811
76
1277
1370
177
-1314
-2122
-2089
-1691
-1438
-1586
-2135
-2795
-3082
-2734
-2096
-1818
-2084
-2325
-1924
-1017
-305
-147
-163
188
933
1683
2168
2388
2371
2103
1748
1637
1897
2192
2019
1225
182
-558
-725
-521
-422
-784
-1543
-2262
-2535
-2368
-2119
-2074
-2176
-2190
-2012
-1722
-1426
-1162
-922
-669
-351
8
274
327
257
294
538
797
804
502
86
-244
-443
-583
-719
-890
-1147
-1501
-1867
-2123
-2238
-2271
-2258
-2165
-1985
-1797
-1677
-1572
-1361
-1020
-655
-357
-118
122
389
693
1037
1364
1557
1582
1575
1694
1902
1992
1837
1554
1369
1412
1688
2188
2887
3585
3872
3418
2407
1588
1701
2727
3735
3654
2328
727
18
423
1111
1153
398
-623
-1404
-1824
-1958
-1869
-1731
-1839
-2285
-2721
-2730
-2382
-2165
-2283
-2370
-2009
-1326
-787
-539
-244
406
1279
1991
2293
2168
1748
1363
1454
2126
2762
2504
1252
-56
-431
64
450
13
-996
-1844
-2182
-2194
-2162
-2190
-2308
-2529
-2694
-2513
-1944
-1377
-1214
-1346
-1261
-719
-65
244
221
264
572
912
966
726
413
192
69
-8
-124
-402
-884
-1391
-1665
-1667
-1637
-1803
-2097
-2247
-2099
-1781
-1545
-1510
-1560
-1495
-1216
-806
-426
-157
57
313
612
867
1034
1174
1362
1562
1672
1676
1674
1739
1801
1728
1507
1292
1270
1517
2015
2707
3429
3810
3462
2454
1524
1543
2586
3660
3580
2182
521
-202
183
810
802
91
-776
-1354
-1625
-1756
-1834
-1914
-2099
-2404
-2616
-2519
-2193
-1948
-1886
-1754
-1302
-660
-193
-18
139
601
1367
2134
2558
2456
1927
1392
1356
1889
2354
1976
731
-511
-928
-626
-409
-784
-1495
-2016
-2191
-2233
-2299
-2348
-2342
-2352
-2386
-2300
-2004
-1642
-1412
-1277
-1001
-492
26
284
291
283
400
556
599
500
319
98
-144
-355
-501
-640
-888
-1261
-1635
-1848
-1842
-1705
-1588
-1596
-1710
-1800
-1733
-1486
-1152
-863
-674
-527
-304
59
487
809
917
881
887
1035
1240
1335
1274
1160
1100
1092
1080
1044
1029
1081
1203
1371
1587
1922
2467
3152
3612
3410
2561
1768
1869
2907
3889
3717
2345
852
299
684
1140
987
329
-364
-892
-1341
-1690
-1802
-1744
-1828
-2153
-2396
-2257
-1943
-1891
-2115
-2120
-1571
-766
-224
-12
247
742
1189
1271
1125
1155
1505
1899
2012
1781
1363
919
540
249
-14
-359
-798
-1188
-1391
-1478
-1667
-2036
-2400
-2524
-2412
-2272
-2235
-2205
-2016
-1651
-1241
-915
-687
-505
-331
-159
30
250
459
557
491
319
164
53
-99
-359
-642
-794
-795
-829
-1079
-1493
-1821
-1884
-1760
-1655
-1657
-1669
-1581
-1402
-1214
-1029
-788
-465
-136
101
240
367
552
775
964
1084
1169
1253
1304
1258
1124
1023
1074
1245
1360
1304
1162
1128
1301
1638
2086
2650
3233
3508
3146
2273
1591
1799
2795
3623
3369
2115
846
409
729
1074
910
300
-394
-936
-1271
-1395
-1380
-1424
-1696
-2086
-2294
-2187
-1976
-1919
-1975
-1866
-1468
-957
-531
-137
379
952
1298
1265
1054
1008
1268
1655
1874
1724
1223
586
101
-107
-180
-375
-769
-1203
-1512
-1734
-1999
-2293
-2455
-2412
-2276
-2177
-2107
-1985
-1792
-1561
-1297
-989
-682
-438
-247
-59
126
260
336
404
467
446
282
30
-187
-318
-424
-589
-828
-1090
-1312
-1454
-1494
-1453
-1404
-1416
-1474
-1488
-1407
-1270
-1131
-951
-657
-283
4
98
105
242
563
878
976
886
837
978
1198
1270
1121
912
848
980
1189
1336
1356
1267
1145
1143
1438
2091
2904
3462
3394
2697
1852
1528
2035
2971
3495
3059
1932
929
639
923
1180
973
348
-375
-961
-1356
-1591
-1722
-1862
-2098
-2363
-2448
-2253
-1957
-1847
-1952
-1974
-1609
-876
-96
399
511
405
370
620
1110
1537
1595
1300
976
884
921
791
393
-70
-399
-630
-914
-1268
-1591
-1849
-2090
-2293
-2343
-2230
-2125
-2174
-2252
-2084
-1594
-1027
-674
-577
-550
-435
-218
43
294
470
495
381
251
216
227
140
-103
-397
-616
-743
-853
-993
-1147
-1275
-1346
-1349
-1313
-1315
-1400
-1486
-1409
-1110
-735
-495
-439
-410
-231
112
486
762
912
972
1002
1051
1138
1217
1219
1138
1067
1089
1159
1151
1027
894
879
986
1123
1244
1421
1770
2313
2884
3174
2946
2304
1749
1810
2531
3309
3389
2565
1400
677
655
906
862
400
-188
-653
-1024
-1404
-1760
-2006
-2167
-2291
-2319
-2167
-1947
-1891
-2048
-2147
-1874
-1207
-425
155
391
330
171
198
605
1243
1656
1486
897
424
407
624
612
206
-331
-694
-859
-998
-1215
-1487
-1775
-2037
-2162
-2045
-1781
-1650
-1816
-2077
-2060
-1638
-1068
-680
-545
-494
-380
-206
-17
191
405
527
467
268
71
-57
-179
-364
-567
-705
-792
-925
-1125
-1263
-1222
-1067
-995
-1106
-1289
-1344
-1183
-885
-593
-399
-301
-228
-98
117
367
573
699
779
874
1010
1150
1225
1205
1153
1177
1308
1425
1370
1123
854
768
909
1135
1270
1263
1220
1311
1649
2192
2701
2840
2449
1786
1412
1687
2352
2709
2302
1386
649
503
724
800
482
-74
-607
-1017
-1326
-1545
-1689
-1829
-1995
-2089
-1986
-1758
-1653
-1795
-1962
-1784
-1153
-358
182
271
44
-176
-96
374
1009
1378
1195
641
218
225
431
390
-8
-437
-601
-595
-715
-1033
-1346
-1493
-1539
-1603
-1673
-1677
-1652
-1700
-1778
-1705
-1403
-1035
-829
-808
-791
-630
-363
-108
72
177
187
94
-36
-99
-84
-100
-244
-469
-646
-718
-743
-793
-866
-918
-939
-943
-935
-913
-882
-840
-737
-510
-188
83
169
110
105
300
614
824
815
701
686
826
978
979
847
757
841
1029
1127
1033
840
725
770
892
976
992
995
1040
1168
1428
1851
2336
2620
2465
1941
1478
1518
2057
2580
2530
1849
1019
546
489
519
346
-12
-386
-708
-1028
-1347
-1570
-1649
-1673
-1738
-1816
-1813
-1745
-1729
-1787
-1723
-1332
-697
-194
-128
-387
-524
-213
408
890
929
652
422
438
555
513
241
-79
-258
-311
-409
-647
-936
-1127
-1200
-1260
-1379
-1510
-1579
-1597
-1630
-1679
-1654
-1484
-1210
-947
-771
-673
-608
-551
-490
-395
-239
-47
90
94
-12
-118
-139
-94
-73
-119
-196
-249
-288
-378
-546
-723
-811
-777
-676
-586
-525
-466
-393
-342
-343
-354
-268
-34
266
473
520
484
486
555
633
688
751
834
876
819
719
697
799
921
941
858
789
822
932
1030
1063
1055
1089
1254
1572
1940
2143
2017
1630
1297
1333
1738
2144
2123
1585
870
414
352
446
383
83
-295
-594
-814
-1044
-1307
-1532
-1650
-1656
-1592
-1502
-1426
-1384
-1341
-1212
-947
-621
-394
-347
-373
-271
32
375
529
430
248
186
278
377
342
173
-20
-155
-247
-374
-586
-861
-1116
-1268
-1292
-1247
-1232
-1308
-1440
-1528
-1494
-1351
-1173
-1020
-900
-799
-715
-638
-543
-408
-240
-74
67
160
178
109
7
-37
10
68
35
-88
-203
-251
-279
-358
-470
-545
-562
-575
-614
-625
-550
-416
-314
-282
-265
-189
-55
77
175
273
401
527
589
579
559
582
628
650
640
636
665
699
690
637
589
598
654
701
692
645
618
649
717
785
854
969
1160
1388
1559
1588
1482
1342
1297
1390
1542
1609
1493
1211
883
645
553
538
466
247
-86
-419
-661
-811
-918
-1016
-1096
-1141
-1165
-1201
-1268
-1347
-1388
-1341
-1192
-982
-789
-665
-599
-537
-436
-297
-145
-15
64
71
18
-46
-75
-79
-111
-203
-325
-430
-498
-548
-599
-658
-733
-836
-957
-1061
-1115
-1105
-1041
-937
-815
-706
-644
-628
-616
-552
-413
-227
-48
76
124
106
67
67
134
229
270
209
84
-19
-50
-34
-28
-60
-116
-169
-203
-209
-184
-145
-127
-150
-191
-188
-111
8
106
158
188
228
280
327
365
402
429
429
400
373
382
431
480
487
443
378
330
319
337
369
403
438
476
516
556
599
651
715
795
897
1034
1201
1351
1412
1345
1196
1080
1080
1168
1221
1137
925
684
496
355
190
-37
-300
-528
-673
-752
-831
-967
-1141
-1275
-1306
-1255
-1204
-1207
-1238
-1236
-1173
-1080
-993
-907
-794
-650
-502
-386
-314
-279
-266
-245
-189
-102
-40
-62
-163
-265
-307
-302
-315
-380
-473
-546
-572
-550
-496
-438
-410
-422
-447
-448
-411
-360
-316
-282
-239
-180
-114
-54
-6
28
43
36
21
19
40
78
110
118
90
32
-24
-39
6
88
152
161
124
83
77
109
147
161
147
134
148
190
235
250
214
138
68
59
131
243
329
351
315
259
218
207
221
242
258
267
274
274
261
244
259
332
444
534
555
529
525
593
714
820
859
835
793
779
809
862
900
892
835
756
693
668
665
650
589
477
331
178
33
-102
-237
-378
-523
-658
-779
-893
-1005
-1106
-1177
-1216
-1235
-1251
-1261
-1255
-1225
-1178
-1116
-1038
-945
-842
-728
-594
-446
-311
-216
-158
-113
-56
11
75
117
129
118
100
89
80
58
12
-52
-116
-163
-192
-219
-259
-306
-338
-344
-339
-345
-365
-377
-355
-284
-173
-61
4
-1
-42
-50
12
114
197
233
244
263
283
280
251
226
225
234
224
196
177
185
210
231
244
252
250
219
161
106
91
132
199
245
232
170
110
98
138
186
204
185
153
128
116
119
148
208
282
333
338
302
256
237
265
339
427
486
487
446
410
416
460
506
523
503
458
408
370
346
329
307
275
228
159
73
-5
-53
-70
-79
-108
-169
-258
-360
-450
-507
-525
-516
-498
-484
-477
-483
-507
-538
-552
-527
-469
-417
-400
-416
-433
-426
-394
-354
-315
-277
-240
-215
-213
-227
-235
-221
-194
-184
-212
-264
-303
-295
-240
-174
-139
-147
-180
-199
-181
-127
-61
-18
-20
-59
-95
-91
-41
20
57
61
50
41
36
32
31
41
61
72
54
10
-30
-25
36
122
176
155
76
-4
-27
17
93
157
193
206
206
198
187
189
211
240
252
241
221
206
195
184
172
166
160
148
133
127
135
149
157
158
158
161
159
145
120
105
114
146
173
176
153
126
111
