73
-27
-67
-53
-12
42
76
43
-42
-98
-64
23
82
89
78
61
-3
-127
-239
-234
-99
56
106
44
-18
11
87
86
-25
-130
-100
32
95
-8
-166
-190
-48
102
112
16
-52
-41
-23
-54
-89
-59
12
40
5
-28
-2
54
81
64
34
7
-19
-26
8
60
61
-2
-48
-7
66
48
-79
-183
-145
-12
74
68
58
106
140
68
-66
-118
-44
41
18
-60
-46
96
227
206
68
-36
-32
-3
-47
-127
-113
35
192
204
68
-62
-69
2
18
-55
-121
-85
16
75
51
-2
-45
-99
-161
-161
-55
65
63
-48
-94
31
192
161
-74
-262
-178
101
283
195
-43
-183
-114
68
195
176
38
-121
-199
-157
-48
40
66
62
58
33
-31
-81
-42
51
60
-80
-240
-226
-14
207
254
145
33
-3
-12
-53
-87
-61
-3
9
-31
-44
14
84
87
29
-20
-29
-32
-55
-68
-34
29
56
12
-62
-92
-45
35
66
11
-85
-135
-93
2
72
82
59
47
50
41
14
4
41
103
124
56
-72
-170
-161
-46
92
150
97
-3
-57
-40
-8
-18
-58
-75
-56
-53
-101
-161
-158
-83
-12
-20
-96
-156
-144
-84
-35
-10
27
101
189
251
282
293
277
209
103
40
99
258
390
374
216
37
-52
-66
-125
-313
-569
-723
-662
-457
-307
-329
-435
-424
-211
66
199
136
38
88
292
482
508
391
288
318
450
535
455
242
53
26
128
178
37
-234
-433
-435
-316
-248
-308
-418
-459
-395
-276
-167
-99
-63
-29
41
161
288
357
344
296
274
292
307
284
235
199
188
171
105
-27
-189
-318
-366
-334
-270
-234
-251
-286
-276
-202
-117
-107
-187
-272
-252
-110
49
110
66
9
18
69
83
23
-66
-117
-114
-95
-101
-132
-160
-158
-125
-81
-51
-52
-76
-95
-78
-27
17
15
-19
-25
37
134
191
170
113
91
132
199
241
243
227
219
230
252
268
263
233
197
191
229
286
317
308
283
280
303
326
320
281
228
192
189
205
205
169
112
72
64
70
60
27
-14
-39
-40
-23
-10
-27
-78
-134
-150
-117
-76
-86
-162
-259
-316
-318
-305
-331
-402
-477
-501
-470
-432
-456
-566
-729
-876
-955
-963
-938
-933
-968
-1025
-1057
-1017
-894
-729
-595
-537
-523
-471
-331
-141
14
91
137
225
383
566
706
779
820
890
1029
1235
1469
1669
1772
1752
1645
1527
1457
1428
1391
1322
1244
1190
1154
1101
1010
888
758
649
587
580
579
500
314
85
-99
-223
-354
-534
-717
-815
-802
-747
-740
-810
-912
-972
-959
-889
-810
-753
-725
-721
-752
-829
-936
-1036
-1107
-1166
-1245
-1341
-1420
-1455
-1460
-1457
-1444
-1399
-1332
-1295
-1330
-1414
-1470
-1438
-1325
-1196
-1107
-1059
-993
-860
-669
-502
-427
-422
-370
-169
165
492
682
723
728
834
1085
1386
1598
1690
1769
1949
2242
2650
3275
4163
5010
5261
4648
3548
2608
2065
1602
901
130
-302
-345
-465
-1132
-2314
-3504
-4195
-4209
-3696
-2936
-2198
-1627
-1208
-819
-375
85
463
770
1185
1910
2925
3881
4344
4155
3557
2909
2351
1759
1009
167
-564
-1072
-1439
-1849
-2396
-2990
-3431
-3559
-3367
-2981
-2582
-2287
-2078
-1822
-1418
-933
-559
-407
-376
-279
-63
130
139
-50
-297
-488
-633
-853
-1242
-1781
-2331
-2733
-2919
-2948
-2925
-2889
-2815
-2678
-2512
-2337
-2132
-1831
-1410
-880
-292
267
704
1031
1448
2180
3231
4370
5501
6800
8328
9526
9521
8041
5836
3947
2711
1708
564
-536
-1220
-1565
-2156
-3488
-5414
-7150
-7849
-7180
-5528
-3647
-2151
-1182
-507
153
843
1430
1880
2426
3369
4698
5971
6588
6249
5137
3773
2634
1885
1313
593
-387
-1426
-2243
-2783
-3223
-3709
-4141
-4255
-3897
-3197
-2480
-2019
-1812
-1601
-1106
-305
506
968
986
818
787
972
1146
1050
641
112
-341
-717
-1200
-1942
-2869
-3703
-4174
-4220
-3989
-3699
-3482
-3321
-3093
-2686
-2101
-1459
-876
-379
91
544
915
1098
1071
920
774
692
644
606
635
852
1383
2386
4004
6147
8173
9077
8230
6076
3866
2567
2071
1597
759
-27
-257
-195
-726
-2388
-4690
-6499
-6941
-5967
-4192
-2435
-1262
-775
-620
-346
185
748
1155
1620
2557
4032
5496
6164
5638
4195
2536
1310
743
600
424
-75
-816
-1511
-2021
-2494
-3096
-3695
-3890
-3404
-2420
-1487
-1089
-1260
-1573
-1537
-1025
-336
125
214
96
12
47
115
77
-118
-399
-639
-810
-1044
-1535
-2315
-3146
-3670
-3701
-3373
-3003
-2807
-2744
-2620
-2312
-1858
-1385
-969
-578
-130
402
907
1194
1119
762
404
292
389
404
134
-264
-379
104
1234
2936
5133
7502
9267
9514
8027
5648
3593
2391
1676
1001
483
438
588
61
-1737
-4388
-6730
-7729
-7133
-5431
-3424
-1763
-709
-125
265
622
943
1265
1805
2807
4227
5598
6288
5906
4571
2844
1375
495
85
-223
-681
-1271
-1837
-2322
-2804
-3326
-3714
-3652
-2965
-1850
-796
-248
-319
-726
-1005
-829
-252
316
486
244
-83
-236
-284
-448
-754
-1019
-1111
-1133
-1295
-1717
-2352
-3020
-3457
-3428
-2920
-2228
-1739
-1617
-1703
-1748
-1630
-1363
-974
-508
-54
308
561
713
677
340
-274
-896
-1157
-887
-338
-29
-239
-651
-608
269
1855
3873
6225
8658
10384
10425
8606
5907
3606
2172
1229
454
10
-15
-221
-1461
-3871
-6568
-8381
-8677
-7555
-5530
-3263
-1368
-188
406
836
1389
2019
2586
3193
4101
5342
6481
6869
6128
4442
2420
696
-448
-1120
-1601
-2081
-2592
-3102
-3606
-4102
-4498
-4548
-3943
-2588
-841
576
1064
621
-135
-464
-94
614
1039
858
262
-310
-633
-830
-1106
-1425
-1556
-1396
-1171
-1260
-1841
-2744
-3573
-3962
-3734
-2985
-2054
-1355
-1115
-1231
-1394
-1343
-1036
-575
-62
480
1033
1454
1473
873
-218
-1302
-1819
-1612
-1045
-649
-680
-1043
-1474
-1675
-1344
-335
1206
3095
5362
7971
10180
10727
9017
5963
3256
1845
1403
1155
771
257
-613
-2283
-4801
-7493
-9332
-9596
-8179
-5573
-2669
-402
763
1081
1225
1646
2305
2981
3672
4592
5786
6862
7135
6091
3821
1085
-1112
-2176
-2320
-2285
-2664
-3465
-4273
-4723
-4738
-4415
-3825
-2960
-1817
-523
614
1215
1114
553
62
47
448
826
768
254
-382
-795
-945
-1044
-1266
-1533
-1654
-1617
-1670
-2049
-2676
-3207
-3337
-3019
-2391
-1640
-973
-565
-433
-385
-218
63
284
365
416
547
665
531
16
-774
-1571
-2153
-2401
-2262
-1754
-1067
-539
-410
-543
-464
244
1634
3533
5896
8623
11022
11787
10112
6747
3496
1541
610
-108
-794
-1154
-1385
-2283
-4321
-6952
-9029
-9628
-8495
-6000
-2977
-389
1190
1933
2445
3057
3545
3607
3484
3829
4931
6195
6567
5430
3078
395
-1782
-3090
-3620
-3721
-3760
-3926
-4143
-4175
-3865
-3265
-2501
-1588
-465
776
1768
2104
1678
836
139
-35
257
583
503
-74
-835
-1379
-1584
-1641
-1745
-1848
-1758
-1465
-1246
-1428
-2060
-2834
-3294
-3122
-2315
-1212
-307
43
-156
-565
-783
-640
-271
59
215
260
275
160
-293
-1072
-1836
-2181
-2075
-1830
-1663
-1430
-929
-331
-55
-191
-273
265
1606
3618
6199
9069
11317
11625
9475
5925
2787
1003
148
-522
-1111
-1410
-1733
-2831
-5008
-7610
-9487
-9741
-8184
-5358
-2249
260
1849
2763
3359
3747
3845
3691
3636
4113
5159
6147
6149
4665
2050
-757
-2861
-3887
-4027
-3803
-3662
-3657
-3491
-2933
-2162
-1592
-1357
-1101
-375
814
1905
2271
1758
800
36
-204
-101
-123
-536
-1147
-1518
-1454
-1193
-1113
-1312
-1544
-1526
-1246
-998
-1130
-1720
-2430
-2731
-2345
-1467
-592
-127
-174
-540
-880
-904
-578
-148
95
97
36
59
49
-311
-1177
-2266
-2926
-2686
-1683
-583
17
20
-310
-754
-1211
-1404
-873
585
2698
5166
7978
10859
12551
11535
7788
3342
526
-151
18
-246
-994
-1708
-2416
-3718
-5856
-8193
-9600
-9239
-7007
-3575
-90
2389
3504
3716
3739
3858
3874
3667
3572
4069
5122
5948
5552
3565
605
-2166
-3893
-4467
-4333
-3981
-3648
-3308
-2808
-2060
-1185
-455
-34
207
554
1119
1683
1849
1386
457
-449
-878
-818
-714
-1023
-1710
-2275
-2291
-1842
-1354
-1097
-992
-900
-886
-1098
-1487
-1813
-1906
-1788
-1523
-1112
-599
-207
-179
-493
-839
-940
-806
-641
-565
-522
-444
-422
-665
-1273
-2072
-2644
-2656
-2133
-1482
-1102
-1009
-928
-736
-638
-751
-722
13
1643
3950
6738
9838
12473
13218
11163
7132
3228
993
260
-127
-811
-1511
-1909
-2427
-3808
-6121
-8422
-9489
-8721
-6383
-3230
-111
2291
3658
4162
4221
4094
3824
3565
3741
4613
5762
6222
5259
2993
276
-1954
-3214
-3623
-3634
-3637
-3666
-3461
-2831
-1932
-1139
-647
-306
135
704
1192
1363
1122
528
-207
-759
-889
-688
-562
-845
-1444
-1903
-1861
-1373
-798
-428
-305
-348
-551
-982
-1625
-2287
-2669
-2541
-1909
-1073
-494
-483
-949
-1478
-1695
-1520
-1104
-595
-59
408
607
335
-436
-1470
-2335
-2665
-2388
-1805
-1316
-1117
-1079
-962
-718
-581
-761
-1034
-800
332
2201
4521
7312
10416
12651
12358
9177
4874
1790
669
451
-47
-875
-1492
-1896
-2765
-4556
-6866
-8683
-9137
-7965
-5486
-2343
709
3020
4249
4460
4007
3331
2892
3097
4068
5383
6207
5841
4226
1928
-317
-2066
-3265
-4071
-4568
-4659
-4188
-3211
-2096
-1290
-978
-969
-919
-608
-51
569
990
1008
627
121
-168
-171
-166
-468
-1024
-1434
-1357
-872
-369
-168
-293
-590
-938
-1335
-1805
-2288
-2601
-2545
-2101
-1527
-1169
-1142
-1252
-1267
-1153
-1010
-854
-623
-307
2
206
245
56
-407
-1069
-1667
-1897
-1649
-1183
-939
-1150
-1554
-1601
-1043
-272
65
-163
-359
172
1594
3732
6475
9506
11669
11471
8612
4677
1761
551
160
-391
-1109
-1576
-1935
-2847
-4594
-6650
-8156
-8585
-7816
-5897
-3031
192
2878
4329
4490
3884
3195
2958
3423
4444
5449
5737
4977
3426
1622
-71
-1594
-2953
-4037
-4640
-4631
-4066
-3208
-2419
-1940
-1730
-1521
-1068
-360
388
922
1129
1090
974
881
772
536
136
-336
-711
-889
-885
-789
-665
-537
-459
-550
-897
-1448
-2041
-2520
-2805
-2836
-2574
-2089
-1584
-1255
-1127
-1081
-989
-804
-525
-166
235
594
799
739
360
-277
-984
-1530
-1792
-1787
-1641
-1451
-1260
-1073
-909
-835
-945
-1225
-1402
-1058
11
1669
3796
6482
9487
11619
11383
8548
4712
1897
763
517
255
-180
-634
-1304
-2599
-4538
-6616
-8193
-8840
-8311
-6487
-3570
-306
2269
3494
3518
3050
2724
2811
3337
4198
5066
5445
5011
3890
2468
1004
-493
-2014
-3378
-4298
-4574
-4222
-3473
-2684
-2120
-1781
-1460
-1031
-600
-345
-238
-77
253
656
981
1170
1176
899
318
-347
-777
-852
-723
-569
-436
-352
-487
-1014
-1854
-2666
-3135
-3186
-2914
-2431
-1853
-1340
-1017
-868
-792
-736
-702
-612
-320
199
727
962
779
270
-400
-1092
-1628
-1830
-1664
-1373
-1246
-1346
-1477
-1476
-1420
-1505
-1702
-1622
-807
841
3036
5542
8313
10981
12419
11505
8432
4881
2519
1592
1210
673
20
-582
-1375
-2712
-4509
-6301
-7645
-8275
-7942
-6461
-4012
-1275
970
2325
2890
2970
2852
2841
3224
4014
4806
5108
4804
4177
3445
2470
1002
-891
-2797
-4236
-4921
-4804
-4091
-3215
-2598
-2321
-2074
-1530
-737
-73
170
78
4
231
744
1257
1409
1043
350
-260
-524
-499
-405
-331
-240
-190
-407
-1035
-1912
-2701
-3177
-3316
-3150
-2707
-2108
-1586
-1289
-1157
-1064
-979
-902
-705
-224
495
1139
1384
1157
637
44
-519
-1050
-1523
-1826
-1876
-1734
-1608
-1634
-1744
-1781
-1748
-1775
-1789
-1379
-184
1716
4013
6584
9307
11414
11677
9604
6260
3424
2002
1535
1151
553
-51
-601
-1378
-2628
-4281
-6037
-7551
-8387
-8062
-6361
-3714
-1032
905
1928
2325
2399
2323
2316
2661
3442
4376
5049
5277
5104
4519
3347
1540
-588
-2466
-3636
-3947
-3530
-2742
-2069
-1871
-2108
-2420
-2536
-2518
-2503
-2367
-1833
-888
115
808
1119
1164
985
593
169
53
394
953
1294
1130
439
-608
-1719
-2557
-2927
-2932
-2855
-2854
-2834
-2645
-2304
-1980
-1780
-1614
-1309
-789
-135
508
1020
1322
1361
1155
808
424
-7
-584
-1278
-1866
-2068
-1858
-1509
-1369
-1586
-2049
-2486
-2561
-2001
-789
844
2743
5038
7742
10124
10935
9536
6724
4074
2541
1903
1504
1128
928
801
247
-1103
-3066
-5107
-6776
-7775
-7798
-6607
-4436
-2035
-173
912
1439
1619
1522
1356
1560
2419
3705
4873
5564
5734
5409
4499
3000
1159
-619
-2013
-2838
-3002
-2596
-1984
-1639
-1787
-2315
-2999
-3669
-4100
-3970
-3130
-1853
-634
236
791
1137
1249
1098
814
657
802
1202
1611
1724
1332
445
-711
-1812
-2617
-3031
-3070
-2819
-2437
-2130
-2022
-2063
-2081
-1942
-1633
-1207
-712
-192
295
695
987
1149
1107
781
211
-418
-888
-1129
-1212
-1258
-1318
-1385
-1473
-1646
-1910
-2092
-1891
-1151
18
1482
3352
5739
8164
9564
9125
7127
4731
3001
2217
2069
2174
2258
2050
1318
47
-1550
-3241
-4885
-6249
-6917
-6518
-5126
-3251
-1494
-209
465
507
107
-227
68
1132
2531
3689
4401
4829
5083
4957
4199
2864
1350
70
-778
-1190
-1253
-1142
-1121
-1414
-2053
-2883
-3685
-4264
-4450
-4128
-3346
-2321
-1310
-464
155
492
538
434
456
773
1286
1720
1872
1686
1171
339
-676
-1586
-2118
-2260
-2229
-2211
-2196
-2095
-1923
-1809
-1846
-1982
-2064
-1939
-1552
-988
-401
104
507
764
752
397
-172
-665
-880
-841
-718
-614
-522
-437
-476
-780
-1295
-1700
-1623
-914
342
2047
4177
6494
8299
8725
7511
5356
3396
2276
1861
1740
1721
1760
1654
1114
82
-1232
-2650
-4115
-5429
-6078
-5604
-4097
-2240
-765
0
156
-29
-253
-210
288
1144
2051
2796
3417
4017
4478
4491
3831
2588
1123
-105
-717
-585
19
484
267
-694
-1966
-3052
-3763
-4157
-4238
-3920
-3228
-2402
-1683
-1116
-640
-299
-194
-228
-75
511
1381
2086
2254
1846
1075
202
-576
-1121
-1386
-1436
-1417
-1438
-1523
-1640
-1767
-1913
-2087
-2244
-2273
-2063
-1607
-1048
-592
-352
-291
-292
-273
-231
-193
-174
-158
-142
-120
-87
-53
-96
-330
-767
-1206
-1325
-902
82
1568
3514
5716
7545
8131
7097
5060
3213
2297
2114
2039
1789
1520
1353
1089
429
-718
-2201
-3750
-5012
-5568
-5142
-3838
-2178
-780
-30
61
-247
-586
-605
-126
741
1669
2397
2929
3422
3861
3986
3528
2531
1336
351
-174
-202
97
366
202
-566
-1711
-2791
-3497
-3817
-3869
-3708
-3323
-2753
-2099
-1454
-890
-500
-340
-290
-83
440
1126
1638
1761
1530
1076
491
-129
-624
-894
-1021
-1185
-1445
-1699
-1860
-1977
-2129
-2292
-2360
-2272
-2037
-1667
-1187
-703
-358
-173
-20
182
312
191
-184
-577
-747
-626
-310
24
144
-124
-676
-1087
-913
-33
1402
3276
5469
7462
8333
7475
5354
3224
2043
1766
1747
1572
1335
1203
1040
535
-454
-1819
-3355
-4774
-5613
-5379
-4034
-2205
-766
-127
-69
-174
-238
-208
36
630
1504
2398
3115
3615
3877
3779
3223
2276
1150
65
-760
-1097
-824
-155
365
216
-660
-1840
-2815
-3369
-3565
-3483
-3122
-2511
-1789
-1118
-600
-306
-287
-468
-570
-288
422
1265
1835
1885
1413
587
-336
-1099
-1546
-1702
-1699
-1643
-1576
-1544
-1618
-1818
-2066
-2261
-2348
-2269
-1928
-1300
-568
-32
158
122
68
46
-62
-309
-596
-770
-781
-676
-523
-393
-392
-568
-763
-648
44
1363
3200
5334
7262
8174
7487
5518
3402
2119
1695
1496
1117
720
541
421
-24
-959
-2267
-3754
-5154
-5954
-5594
-4017
-1944
-327
407
538
538
620
800
1142
1728
2461
3097
3500
3724
3792
3525
2698
1367
-89
-1198
-1676
-1506
-923
-365
-282
-826
-1714
-2472
-2832
-2866
-2744
-2514
-2123
-1568
-935
-344
62
145
-98
-406
-401
88
835
1405
1484
1052
304
-508
-1187
-1647
-1918
-2066
-2101
-1984
-1757
-1583
-1619
-1849
-2106
-2223
-2137
-1834
-1316
-670
-104
204
264
218
145
-10
-265
-524
-680
-747
-792
-827
-827
-819
-815
-680
-182
836
2370
4344
6517
8277
8733
7426
4958
2671
1524
1379
1452
1234
784
291
-302
-1161
-2293
-3577
-4860
-5851
-6026
-4973
-2907
-720
689
1070
835
557
581
1040
1928
3026
3916
4273
4132
3756
3241
2404
1095
-483
-1878
-2709
-2843
-2363
-1542
-831
-662
-1090
-1715
-2052
-1966
-1686
-1420
-1139
-729
-209
289
651
784
589
80
-448
-591
-212
376
702
548
34
-623
-1291
-1887
-2305
-2488
-2503
-2466
-2395
-2229
-1978
-1772
-1725
-1786
-1763
-1489
-947
-279
302
606
548
200
-243
-562
-662
-603
-549
-616
-814
-1084
-1367
-1600
-1661
-1382
-670
427
1823
3544
5641
7800
9164
8818
6715
3986
2094
1594
1838
1878
1393
648
-163
-1188
-2566
-4109
-5459
-6320
-6438
-5542
-3630
-1277
573
1340
1226
887
818
1159
1935
3138
4518
5512
5628
4862
3621
2242
753
-880
-2401
-3338
-3391
-2730
-1899
-1475
-1737
-2495
-3193
-3285
-2657
-1683
-829
-250
196
608
894
951
843
693
552
441
460
660
861
734
131
-756
-1582
-2151
-2468
-2607
-2625
-2584
-2553
-2540
-2462
-2249
-1958
-1719
-1555
-1330
-904
-318
239
605
728
621
312
-97
-461
-692
-868
-1083
-1285
-1313
-1146
-997
-1092
-1358
-1390
-781
562
2462
4736
7173
9197
9819
8422
5601
2929
1606
1485
1565
1199
535
-107
-825
-1930
-3414
-4908
-6033
-6543
-6149
-4580
-2041
538
2062
2172
1515
1069
1313
2093
3054
3956
4614
4835
4541
3844
2851
1495
-269
-2122
-3453
-3851
-3473
-2846
-2367
-2089
-1893
-1703
-1505
-1263
-945
-582
-237
67
355
633
860
981
929
670
254
-133
-287
-171
23
42
-231
-725
-1300
-1864
-2378
-2787
-3017
-3021
-2829
-2524
-2198
-1913
-1698
-1534
-1358
-1090
-691
-212
231
546
724
803
771
525
-13
-785
-1549
-2044
-2121
-1792
-1226
-746
-674
-1005
-1269
-894
303
2139
4448
7076
9350
10076
8539
5503
2751
1481
1379
1335
776
-7
-636
-1288
-2386
-3964
-5544
-6562
-6662
-5671
-3632
-1035
1212
2341
2329
1848
1630
1984
2816
3871
4809
5264
5037
4266
3224
1977
392
-1447
-3043
-3852
-3810
-3332
-2834
-2447
-2163
-2041
-2083
-2043
-1588
-672
358
1058
1221
947
503
150
11
9
-58
-287
-563
-676
-579
-444
-464
-663
-931
-1177
-1388
-1580
-1775
-2015
-2329
-2632
-2725
-2456
-1901
-1329
-990
-912
-923
-821
-555
-235
-5
97
134
113
-75
-521
-1081
-1469
-1527
-1343
-1093
-886
-790
-822
-833
-501
430
2015
4187
6766
9159
10307
9356
6608
3555
1710
1384
1657
1486
638
-446
-1431
-2446
-3725
-5129
-6187
-6451
-5694
-3902
-1391
1084
2593
2736
2019
1431
1620
2516
3643
4550
4946
4652
3688
2349
1028
-129
-1239
-2355
-3202
-3414
-2987
-2386
-2130
-2303
-2487
-2172
-1226
-27
838
1037
701
239
-37
-91
-41
18
40
-54
-333
-729
-1037
-1120
-1035
-927
-810
-599
-327
-229
-531
-1190
-1914
-2394
-2478
-2177
-1628
-1096
-862
-1025
-1397
-1674
-1689
-1470
-1098
-624
-138
185
178
-164
-686
-1181
-1528
-1679
-1638
-1450
-1214
-1033
-947
-870
-603
57
1197
2801
4885
7359
9622
10472
8991
5680
2405
846
1013
1516
1142
-111
-1502
-2578
-3505
-4536
-5537
-6069
-5766
-4528
-2520
-172
1829
2849
2803
2313
2199
2785
3748
4559
4901
4680
3892
2661
1269
-16
-1137
-2160
-3002
-3436
-3346
-2903
-2423
-2108
-1944
-1753
-1290
-404
761
1723
1961
1370
388
-372
-616
-502
-364
-434
-757
-1253
-1721
-1917
-1709
-1234
-784
-545
-471
-438
-440
-567
-858
-1197
-1385
-1270
-866
-392
-162
-360
-877
-1408
-1700
-1691
-1443
-1035
-598
-349
-484
-960
-1490
-1760
-1694
-1434
-1191
-1073
-1020
-871
-553
-181
96
316
694
1415
2639
4544
7037
9217
9639
7581
4067
1209
320
855
1254
596
-805
-2183
-3243
-4166
-5052
-5658
-5658
-4885
-3308
-1062
1329
2995
3323
2613
1922
2131
3231
4508
5240
5126
4227
2801
1227
-127
-1128
-1930
-2699
-3337
-3540
-3151
-2408
-1795
-1656
-1889
-1992
-1442
-153
1366
2333
2281
1390
274
-513
-796
-719
-552
-534
-794
-1262
-1699
-1888
-1825
-1653
-1452
-1154
-737
-375
-304
-574
-995
-1316
-1383
-1130
-586
55
430
267
-343
-990
-1315
-1284
-1103
-934
-798
-703
-741
-1022
-1518
-2047
-2344
-2233
-1715
-993
-382
-147
-321
-663
-781
-381
544
1805
3315
5240
7592
9656
10079
8034
4347
1129
-13
642
1453
1142
-228
-1839
-3187
-4346
-5403
-6068
-5887
-4700
-2752
-526
1430
2605
2788
2311
1930
2239
3185
4218
4824
4800
4125
2840
1176
-406
-1531
-2203
-2687
-3112
-3382
-3434
-3388
-3304
-2931
-1887
-149
1711
2863
2818
1785
492
-339
-473
-214
-30
-147
-496
-982
-1603
-2308
-2839
-2893
-2367
-1431
-404
343
494
-19
-896
-1637
-1891
-1647
-1108
-506
-53
52
-271
-855
-1340
-1447
-1175
-749
-414
-310
-485
-917
-1494
-2008
-2246
-2093
-1625
-1076
-738
-757
-986
-1095
-913
-592
-350
-139
318
1223
2655
4694
7217
9379
9809
7809
4381
1604
778
1347
1729
1008
-432
-1731
-2604
-3390
-4350
-5203
-5425
-4743
-3266
-1312
670
2137
2687
2448
2078
2221
2956
3820
4324
4305
3817
2905
1668
382
-651
-1410
-2088
-2716
-3008
-2752
-2199
-1876
-2035
-2379
-2344
-1573
-199
1214
2002
1841
988
69
-412
-410
-221
-147
-276
-553
-914
-1330
-1730
-1969
-1897
-1488
-880
-336
-104
-289
-791
-1355
-1690
-1611
-1126
-460
43
113
-269
-861
-1330
-1473
-1297
-939
-550
-269
-250
-593
-1215
-1797
-2018
-1797
-1359
-974
-752
-658
-661
-767
-926
-980
-737
-115
851
2148
3911
6176
8391
9348
8101
5089
2108
795
1171
1843
1538
217
-1310
-2463
-3340
-4217
-4969
-5132
-4405
-2930
-1131
559
1774
2270
2104
1757
1845
2575
3569
4224
4197
3528
2447
1214
79
-803
-1466
-2072
-2676
-3149
-3359
-3363
-3276
-3005
-2236
-796
1007
2456
2885
2142
705
-595
-1112
-811
-242
-45
-439
-1171
-1867
-2343
-2559
-2448
-1917
-1034
-69
658
939
700
6
-878
-1532
-1646
-1261
-725
-397
-432
-775
-1254
-1652
-1770
-1528
-1033
-529
-254
-298
-567
-881
-1117
-1283
-1424
-1521
-1453
-1152
-718
-401
-412
-736
-1116
-1225
-887
-167
723
1673
2833
4483
6577
8406
8875
7414
4680
2199
1140
1370
1769
1381
180
-1238
-2413
-3323
-4048
-4449
-4279
-3483
-2255
-843
550
1683
2300
2336
2089
2032
2418
3084
3627
3717
3250
2315
1113
-93
-1069
-1715
-2098
-2335
-2469
-2450
-2260
-2007
-1843
-1757
-1504
-821
237
1205
1552
1117
240
-544
-904
-871
-692
-589
-650
-862
-1164
-1461
-1631
-1578
-1294
-845
-328
149
427
323
-209
-932
-1434
-1440
-1049
-617
-437
-565
-898
-1297
-1621
-1739
-1613
-1324
-986
-656
-382
-276
-437
-824
-1219
-1392
-1238
-859
-490
-346
-479
-778
-1065
-1157
-896
-227
717
1770
3002
4670
6672
8165
8052
6061
3264
1289
944
1621
2029
1401
-33
-1574
-2764
-3560
-4013
-4046
-3540
-2515
-1148
294
1487
2113
2094
1750
1635
2070
2850
3462
3549
3104
2302
1289
182
-827
-1546
-1931
-2122
-2289
-2498
-2691
-2721
-2396
-1577
-333
971
1810
1822
1062
3
-781
-982
-730
-422
-376
-624
-985
-1308
-1563
-1734
-1695
-1306
-599
159
658
753
501
45
-489
-974
-1270
-1292
-1110
-933
-951
-1180
-1441
-1517
-1337
-1028
-788
-707
-711
-692
-652
-691
-853
-1044
-1144
-1135
-1116
-1131
-1134
-1063
-923
-752
-580
-416
-227
101
708
1656
2956
4623
6521
8040
8242
6653
3979
1741
977
1359
1684
1145
-41
-1175
-1954
-2595
-3294
-3818
-3744
-2921
-1579
-93
1200
2030
2254
2031
1804
1966
2517
3090
3311
3070
2457
1579
520
-577
-1519
-2182
-2561
-2715
-2692
-2522
-2208
-1722
-1080
-437
-33
73
126
410
830
946
483
-274
-764
-778
-622
-682
-970
-1219
-1240
-1077
-845
-613
-406
-235
-72
96
165
-41
-554
-1138
-1445
-1318
-910
-529
-387
-500
-757
-1033
-1240
-1326
-1284
-1150
-974
-804
-697
-711
-854
-1044
-1187
-1253
-1259
-1155
-868
-471
-226
-347
-740
-1034
-874
-202
753
1749
2830
4282
6153
7778
8046
6411
3659
1449
890
1601
2214
1741
343
-1143
-2163
-2790
-3282
-3588
-3396
-2535
-1187
248
1368
1918
1887
1591
1506
1904
2621
3225
3393
3089
2403
1406
209
-924
-1683
-1984
-2039
-2164
-2488
-2874
-3040
-2731
-1856
-601
576
1175
1011
381
-175
-328
-198
-130
-279
-484
-552
-570
-792
-1255
-1624
-1522
-934
-224
225
306
148
-91
-347
-613
-861
-1029
-1048
-912
-721
-646
-788
-1070
-1280
-1264
-1076
-910
-902
-1013
-1091
-1026
-842
-668
-654
-864
-1229
-1543
-1595
-1295
-770
-299
-141
-356
-755
-1000
-797
-96
893
1917
2989
4359
6047
7404
7427
5750
3269
1535
1364
2128
2501
1799
433
-821
-1687
-2382
-3028
-3365
-3058
-2099
-824
349
1111
1352
1209
1041
1219
1828
2605
3164
3267
2880
2070
955
-232
-1184
-1721
-1933
-2035
-2123
-2116
-1955
-1735
-1619
-1649
-1702
-1577
-1127
-402
290
545
229
-346
-682
-557
-187
53
-13
-278
-537
-680
-723
-709
-627
-438
-167
68
105
-148
-637
-1171
-1504
-1464
-1067
-533
-165
-151
-467
-930
-1339
-1557
-1520
-1246
-866
-579
-511
-623
-776
-895
-1010
-1154
-1240
-1135
-817
-469
-341
-533
-882
-1111
-1032
-640
-50
622
1353
2284
3613
5294
6749
7123
6020
4047
2428
1977
2409
2712
2148
857
-460
-1313
-1781
-2173
-2515
-2528
-2009
-1095
-127
615
1003
1054
956
1013
1408
2008
2490
2638
2457
2001
1251
242
-782
-1486
-1744
-1744
-1787
-2007
-2298
-2443
-2251
-1652
-787
-11
317
132
-263
-529
-606
-665
-760
-728
-472
-191
-198
-540
-923
-1018
-758
-306
135
459
621
594
366
-32
-514
-943
-1174
-1113
-814
-494
-415
-685
-1152
-1519
-1598
-1433
-1208
-1051
-956
-855
-728
-625
-616
-728
-922
-1099
-1151
-1043
-837
-636
-500
-444
-480
-610
-743
-686
-300
375
1218
2257
3626
5210
6400
6460
5249
3502
2256
1967
2232
2338
1947
1212
390
-449
-1313
-2070
-2458
-2310
-1690
-829
8
587
781
662
513
648
1152
1819
2333
2501
2295
1759
945
-17
-880
-1407
-1563
-1529
-1534
-1665
-1843
-1925
-1830
-1612
-1414
-1309
-1187
-879
-412
-78
-130
-477
-750
-689
-378
-97
-15
-72
-115
-77
-18
-19
-79
-94
33
262
381
185
-313
-858
-1161
-1138
-933
-759
-750
-912
-1170
-1424
-1609
-1698
-1665
-1469
-1110
-692
-399
-367
-583
-901
-1143
-1201
-1070
-840
-633
-553
-623
-791
-957
-1032
-957
-712
-316
177
751
1521
2661
4149
5535
6132
5570
4236
3031
2595
2768
2857
2386
1506
671
84
-429
-1067
-1712
-2021
-1770
-1080
-326
142
230
125
122
385
830
1243
1482
1565
1561
1445
1113
533
-148
-680
-922
-958
-1039
-1353
-1836
-2184
-2109
-1601
-978
-619
-640
-832
-901
-774
-623
-627
-749
-779
-594
-303
-144
-230
-434
-513
-330
48
426
635
634
493
295
62
-233
-578
-864
-949
-817
-642
-664
-963
-1374
-1630
-1602
-1385
-1173
-1053
-965
-828
-677
-642
-793
-1051
-1249
-1282
-1157
-971
-815
-743
-746
-781
-797
-762
-664
-502
-279
1
368
925
1820
3101
4533
5581
5707
4845
3572
2695
2574
2868
2959
2557
1840
1088
355
-455
-1298
-1915
-2041
-1629
-884
-140
313
369
187
74
230
600
969
1196
1289
1277
1097
657
0
-643
-1008
-1015
-860
-845
-1095
-1437
-1579
-1425
-1180
-1122
-1286
-1430
-1324
-1010
-751
-731
-874
-934
-745
-351
63
339
443
432
371
299
248
257
347
477
543
432
84
-430
-900
-1104
-991
-741
-619
-742
-1010
-1243
-1360
-1410
-1457
-1470
-1348
-1058
-721
-520
-534
-681
-819
-898
-942
-956
-881
-701
-524
-515
-716
-980
-1082
-925
-593
-228
144
669
1543
2798
4153
5109
5264
4655
3779
3220
3178
3377
3395
3053
2475
1840
1184
450
-336
-1005
-1346
-1257
-833
-337
-54
-98
-318
-444
-344
-113
101
292
565
916
1139
995
455
-226
-696
-782
-618
-514
-691
-1107
-1513
-1662
-1499
-1208
-1071
-1231
-1557
-1745
-1599
-1219
-878
-739
-711
-585
-285
55
241
221
128
152
359
649
845
829
604
266
-74
-332
-482
-548
-590
-653
-755
-907
-1135
-1413
-1610
-1584
-1341
-1064
-932
-936
-938
-857
-757
-739
-803
-842
-745
-519
-302
-267
-470
-796
-1057
-1136
-1030
-794
-485
-165
95
297
595
1227
2271
3470
4340
4534
4131
3568
3259
3273
3346
3214
2863
2480
2177
1855
1334
586
-187
-701
-789
-507
-95
172
144
-130
-467
-705
-788
-735
-556
-235
175
504
543
238
-227
-545
-549
-341
-181
-229
-430
-637
-805
-1009
-1302
-1597
-1737
-1651
-1410
-1175
-1084
-1161
-1285
-1265
-990
-544
-146
31
6
-49
24
234
448
543
510
436
375
299
162
-16
-169
-271
-371
-514
-681
-804
-848
-859
-916
-1038
-1152
-1153
-999
-763
-569
-497
-533
-602
-631
-590
-496
-405
-384
-467
-602
-689
-671
-599
-565
-603
-644
-597
-422
-138
246
727
1259
1718
1976
2017
1961
1963
2073
2226
2329
2359
2356
2348
2307
2186
1979
1725
1484
1306
1228
1239
1256
1151
860
460
124
-36
-63
-83
-154
-234
-265
-266
-300
-399
-537
-665
-748
-772
-748
-701
-660
-651
-699
-812
-948
-1020
-974
-855
-763
-757
-807
-855
-883
-910
-935
-925
-860
-760
-657
-566
-494
-466
-501
-568
-579
-463
-242
-32
51
-18
-167
-286
-309
-235
-114
-4
38
-33
-225
-479
-689
-774
-744
-673
-632
-626
-627
-630
-661
-737
-829
-892
-892
-826
-710
-591
-534
-594
-747
-895
-926
-795
-528
-176
235
668
1052
1304
1416
1476
1616
1889
2224
2483
2584
2562
2529
2563
2644
2681
2617
2497
2434
2481
2550
2469
2133
1618
1114
766
558
365
101
-197
-425
-532
-588
-731
-1033
-1419
-1698
-1721
-1502
-1201
-990
-944
-1038
-1197
-1327
-1345
-1237
-1086
-1008
-1040
-1109
-1123
-1079
-1072
-1185
-1376
-1490
-1399
-1134
-878
-809
-934
-1083
-1074
-878
-623
-445
-355
-264
-99
102
232
231
158
144
256
413
457
311
58
-144
-214
-204
-211
-284
-395
-495
-561
-620
-725
-901
-1098
-1203
-1130
-911
-691
-605
-673
-799
-869
-808
-603
-269
141
555
895
1118
1239
1332
1476
1701
1959
2163
2268
2311
2370
2477
2584
2607
2517
2377
2284
2280
2299
2222
1981
1628
1282
1015
791
524
189
-142
-369
-456
-464
-491
-599
-778
-976
-1143
-1242
-1244
-1149
-1012
-927
-948
-1045
-1130
-1139
-1076
-999
-978
-1038
-1133
-1186
-1175
-1166
-1241
-1379
-1446
-1337
-1108
-933
-928
-1022
-1046
-907
-672
-471
-358
-282
-176
-40
67
92
47
-6
-1
76
160
153
3
-225
-398
-429
-366
-334
-413
-564
-693
-753
-777
-829
-926
-1020
-1035
-935
-762
-606
-529
-525
-538
-512
-409
-212
70
397
718
983
1178
1313
1429
1579
1793
2040
2242
2339
2345
2335
2368
2430
2458
2413
2315
2213
2119
1993
1784
1489
1162
875
654
464
246
-17
-279
-470
-550
-549
-540
-592
-725
-892
-1008
-1014
-919
-791
-704
-688
-746
-865
-1010
-1110
-1093
-968
-847
-853
-999
-1165
-1224
-1169
-1109
-1137
-1220
-1231
-1098
-891
-765
-799
-905
-921
-772
-544
-375
-311
-279
-189
-47
59
59
-24
-94
-71
30
106
51
-150
-393
-543
-551
-496
-500
-597
-708
-740
-696
-664
-714
-814
-863
-785
-595
-379
-229
-187
-218
-249
-216
-106
62
269
506
761
1009
1218
1372
1484
1599
1765
1995
2243
2440
2542
2557
2518
2447
2345
2218
2094
1994
1911
1803
1621
1352
1030
723
472
267
58
-175
-389
-515
-539
-525
-565
-691
-851
-954
-949
-853
-724
-625
-603
-681
-836
-993
-1077
-1079
-1064
-1098
-1173
-1235
-1259
-1285
-1355
-1443
-1475
-1405
-1255
-1082
-934
-837
-794
-777
-727
-605
-427
-257
-128
-22
93
198
243
201
111
42
30
48
34
-51
-200
-361
-474
-522
-537
-568
-628
-672
-652
-576
-499
-468
-475
-473
-436
-374
-316
-276
-254
-233
-194
-121
-28
57
120
201
360
624
939
1206
1361
1436
1531
1728
2002
2243
2356
2353
2326
2337
2359
2325
2218
2086
1978
1895
1801
1656
1438
1141
791
444
164
-26
-156
-268
-381
-487
-572
-637
-703
-784
-865
-895
-831
-698
-591
-601
-728
-887
-985
-1003
-1002
-1063
-1207
-1365
-1433
-1376
-1273
-1247
-1331
-1426
-1398
-1215
-980
-824
-785
-790
-737
-587
-388
-231
-163
-146
-96
20
144
189
135
40
-27
-64
-113
-201
-298
-353
-355
-344
-373
-457
-553
-605
-593
-541
-478
-407
-318
-222
-155
-131
-125
-106
-85
-97
-147
-183
-148
-43
77
162
218
299
446
654
872
1054
1197
1348
1538
1743
1900
1984
2032
2099
2186
2247
2245
2195
2136
2086
2026
1916
1733
1495
1234
971
706
436
183
-23
-184
-330
-483
-625
-720
-762
-775
-782
-773
-726
-650
-593
-605
-693
-815
-912
-957
-980
-1033
-1136
-1250
-1312
-1297
-1240
-1198
-1196
-1207
-1184
-1112
-1024
-963
-940
-913
-825
-657
-451
-278
-188
-169
-165
-125
-40
53
110
124
116
102
62
-31
-162
-277
-331
-331
-319
-317
-317
-309
-299
-302
-312
-303
-257
-186
-125
-103
-127
-182
-246
-297
-309
-263
-159
-32
70
118
129
150
226
366
550
742
911
1045
1158
1276
1410
1543
1658
1761
1881
2030
2168
2223
2159
2011
1859
1749
1658
1530
1348
1143
954
775
571
331
94
-89
-204
-283
-360
-433
-467
-444
-397
-389
-454
-567
-667
-707
-691
-672
-716
-851
-1036
-1182
-1228
-1206
-1209
-1288
-1392
-1422
-1349
-1247
-1211
-1253
-1301
-1279
-1173
-1018
-856
-713
-594
-496
-407
-315
-219
-129
-52
11
61
90
84
39
-30
-98
-153
-196
-228
-239
-223
-191
-162
-145
-133
-116
-97
-85
-84
-80
-55
-7
44
70
64
43
32
36
41
32
15
14
50
117
194
262
332
426
552
689
815
935
1078
1258
1453
1615
1704
1723
1704
1684
1680
1681
1663
1614
1537
1442
1331
1202
1068
944
827
703
573
458
373
305
226
124
-1
-139
-276
-384
-447
-483
-542
-657
-816
-972
-1089
-1163
-1218
-1278
-1351
-1425
-1485
-1532
-1576
-1624
-1656
-1642
-1566
-1452
-1342
-1257
-1180
-1080
-954
-833
-740
-660
-558
-422
-286
-189
-148
-141
-143
-129
-92
-37
10
29
25
28
50
63
40
2
-4
45
117
168
179
166
144
118
95
93
119
151
158
136
123
147
185
183
120
41
24
102
236
350
395
390
405
498
662
817
892
901
943
1089
1295
1424
1394
1265
1183
1239
1377
1456
1388
1214
1062
1021
1060
1061
947
755
594
535
541
512
378
163
-46
-175
-226
-266
-355
-500
-652
-761
-822
-880
-984
-1141
-1306
-1418
-1460
-1458
-1452
-1456
-1466
-1474
-1475
-1451
-1386
-1283
-1177
-1096
-1035
-967
-878
-780
-691
-607
-515
-409
-310
-244
-221
-215
-190
-131
-61
-15
-4
2
39
107
178
226
249
268
301
350
396
414
392
344
307
302
314
313
284
240
205
184
168
148
127
108
96
90
82
66
50
52
87
139
181
202
226
277
349
412
447
469
510
575
644
692
719
736
755
776
802
834
871
903
917
910
892
881
879
871
832
755
656
569
509
461
379
240
61
-104
-225
-316
-419
-548
-679
-777
-836
-887
-963
-1063
-1146
-1166
-1121
-1058
-1027
-1037
-1055
-1048
-1013
-972
-942
-921
-899
-870
-832
-790
-750
-718
-685
-633
-559
-485
-439
-425
-415
-379
-311
-226
-139
-57
16
76
121
163
209
257
293
313
326
345
365
374
359
324
282
247
219
192
165
149
158
187
216
225
206
172
145
144
170
210
243
255
245
219
192
168
147
127
113
113
124
136
142
145
155
173
197
228
272
329
387
429
450
460
475
501
533
563
591
614
629
624
594
541
476
404
333
266
200
132
58
-13
-73
-122
-172
-227
-281
-321
-346
-366
-390
-424
-465
-509
-550
-579
-594
-602
-617
-645
-679
-705
-715
-710
-701
-698
-706
-717
-724
-725
-720
-707
-680
-637
-585
-529
-467
-394
-321
-264
-231
-206
-169
-114
-57
-13
18
45
72
94
109
119
129
139
144
144
146
155
169
182
187
188
189
199
223
258
288
299
289
271
257
243
221
195
183
193
209
201
163
118
96
102
115
113
93
76
82
115
155
179
183
190
222
278
332
362
367
364
361
353
335
311
289
269
243
213
190
182
179
169
150
131
113
97
84
83
90
94
87
77
80
93
94
64
6
-49
-76
-78
-86
-129
-207
-287
-339
-355
-360
-374
-405
-440
-465
-475
-473
-467
-465
-468
-463
-434
-388
-350
-342
-351
-348
-318
-282
-268
-279
-290
-281
-260
-249
-253
-260
-261
-259
-256
-249
-231
-202
-174
-153
-138
-122
-101
-73
-38
10
72
136
183
197
180
153
138
138
139
130
112
102
105
112
106
87
73
82
115
156
181
185
178
175
181
191
199
204
205
196
177
157
148
148
137
104
60
30
28
44
57
55
42
34
43
69
99
122
136
150
171
196
215
225
226
227
226
217
192
157
125
107
98
84
58
27
4
-6
-4
7
20
27
22
4
-19
-39
-56
-78
-108
-140
-163
-175
-185
-204
-234
-263
-281
-285
-288
-296
-307
-318
-326
-338
-354
-362
-350
-312
-259
-208
-172
-151
-139
-124
-101
-70
-45
-36
-38
-39
-25
1
