-37
-40
-41
-42
-45
-49
-50
-49
-47
-48
-49
-48
-45
-39
-33
-28
-26
-28
-29
-25
-14
1
10
14
17
27
40
49
50
46
48
60
75
81
76
68
67
73
80
82
79
77
79
79
74
65
57
49
42
37
41
49
53
44
28
16
16
21
21
13
3
-3
-3
-4
-11
-20
-27
-29
-30
-35
-41
-44
-41
-40
-45
-56
-67
-75
-81
-87
-95
-104
-113
-124
-137
-151
-163
-171
-172
-166
-154
-141
-132
-125
-118
-108
-96
-85
-73
-59
-41
-22
-6
9
28
50
70
84
93
107
129
154
169
172
169
166
164
161
155
152
152
150
144
136
132
129
121
110
105
111
122
122
112
100
96
98
97
88
72
54
41
34
33
31
23
3
-23
-47
-65
-78
-91
-106
-120
-133
-148
-165
-183
-196
-202
-204
-206
-212
-222
-236
-252
-266
-273
-273
-266
-254
-238
-221
-211
-210
-210
-196
-165
-131
-110
-108
-110
-97
-66
-28
1
18
32
52
78
105
127
144
159
176
195
214
231
248
264
277
284
292
307
331
356
378
405
440
474
491
486
471
464
464
456
424
365
293
223
162
109
54
-13
-88
-156
-207
-244
-276
-305
-323
-326
-324
-329
-346
-360
-355
-330
-299
-278
-273
-282
-297
-317
-343
-377
-426
-492
-572
-652
-722
-787
-856
-926
-984
-1018
-1040
-1065
-1088
-1086
-1045
-981
-922
-878
-826
-739
-616
-482
-362
-262
-161
-43
91
219
322
405
503
649
845
1054
1223
1335
1424
1548
1743
1995
2246
2431
2504
2455
2313
2143
2006
1915
1809
1605
1267
849
449
117
-180
-501
-844
-1153
-1384
-1551
-1681
-1768
-1771
-1676
-1503
-1293
-1072
-856
-635
-370
-18
410
832
1156
1360
1494
1615
1727
1794
1785
1686
1501
1242
942
615
251
-172
-626
-1044
-1378
-1649
-1904
-2154
-2359
-2487
-2550
-2577
-2573
-2519
-2401
-2222
-2002
-1774
-1567
-1381
-1190
-974
-757
-574
-425
-274
-107
39
115
122
112
142
226
335
428
479
491
503
566
706
902
1115
1325
1561
1879
2296
2725
2983
2931
2644
2408
2466
2745
2881
2576
1898
1203
756
511
237
-183
-668
-1084
-1380
-1593
-1759
-1901
-2028
-2119
-2096
-1905
-1603
-1332
-1152
-970
-641
-156
349
735
991
1207
1475
1825
2215
2535
2633
2419
1965
1490
1173
1010
829
469
-88
-719
-1278
-1693
-1979
-2187
-2356
-2497
-2615
-2705
-2739
-2691
-2574
-2427
-2265
-2070
-1850
-1664
-1550
-1464
-1324
-1102
-858
-677
-596
-579
-543
-426
-252
-123
-121
-217
-290
-246
-97
66
172
226
293
432
654
931
1235
1570
1973
2476
3047
3542
3742
3533
3079
2768
2878
3270
3445
3006
2055
1098
551
382
234
-160
-757
-1335
-1737
-1972
-2131
-2298
-2473
-2573
-2470
-2141
-1743
-1487
-1389
-1225
-781
-97
574
1034
1291
1497
1792
2237
2774
3227
3360
3070
2501
1971
1696
1613
1450
982
211
-666
-1428
-1958
-2274
-2466
-2628
-2809
-2998
-3151
-3226
-3212
-3113
-2942
-2703
-2414
-2111
-1843
-1639
-1473
-1283
-1034
-773
-588
-513
-486
-414
-265
-85
35
25
-100
-232
-254
-148
-7
81
122
178
272
390
543
783
1148
1642
2259
2964
3617
3958
3789
3232
2764
2847
3446
3942
3687
2642
1431
702
519
428
31
-646
-1318
-1802
-2109
-2300
-2428
-2560
-2728
-2809
-2629
-2227
-1879
-1741
-1611
-1158
-365
419
878
1044
1196
1546
2096
2697
3165
3357
3250
2948
2597
2229
1813
1372
1009
717
287
-480
-1470
-2296
-2661
-2647
-2587
-2722
-3029
-3324
-3458
-3384
-3155
-2877
-2646
-2469
-2280
-2045
-1808
-1606
-1400
-1141
-868
-673
-549
-389
-133
132
271
259
194
163
150
122
106
161
271
357
369
370
468
709
1053
1469
2004
2720
3534
4136
4163
3577
2861
2708
3348
4183
4274
3256
1739
696
511
709
590
-52
-888
-1537
-1905
-2097
-2224
-2353
-2529
-2684
-2675
-2453
-2186
-2031
-1895
-1503
-779
15
553
791
949
1245
1743
2388
3054
3515
3562
3199
2698
2328
2108
1869
1514
1061
495
-278
-1214
-2027
-2425
-2449
-2445
-2697
-3148
-3519
-3616
-3461
-3203
-2982
-2861
-2798
-2686
-2462
-2175
-1918
-1699
-1441
-1119
-832
-683
-637
-529
-254
94
298
232
1
-172
-139
46
216
252
181
130
222
484
831
1161
1479
1936
2685
3646
4407
4473
3757
2850
2628
3413
4494
4696
3536
1762
612
592
1085
1141
432
-636
-1539
-2090
-2354
-2435
-2450
-2563
-2793
-2950
-2847
-2580
-2368
-2203
-1792
-982
-35
616
837
892
1126
1677
2441
3183
3625
3602
3232
2872
2755
2768
2618
2196
1596
880
-1
-964
-1702
-1976
-1975
-2159
-2748
-3472
-3894
-3872
-3603
-3344
-3187
-3110
-3061
-2976
-2790
-2511
-2222
-1971
-1707
-1370
-1031
-815
-719
-579
-278
83
278
196
-47
-234
-218
-11
232
320
184
-38
-76
224
740
1172
1355
1490
2006
3103
4376
4990
4418
3122
2329
2922
4449
5407
4677
2669
917
536
1192
1652
1107
-197
-1475
-2221
-2439
-2390
-2350
-2531
-2927
-3253
-3192
-2798
-2455
-2387
-2296
-1737
-738
165
537
518
609
1126
1964
2787
3281
3332
3104
2975
3159
3396
3160
2316
1379
944
930
666
-282
-1563
-2476
-2748
-2710
-2784
-3071
-3437
-3754
-3935
-3878
-3582
-3250
-3102
-3083
-2922
-2505
-2034
-1740
-1597
-1429
-1190
-980
-827
-625
-309
42
281
325
193
-3
-97
27
296
473
398
198
178
495
968
1280
1358
1535
2254
3571
4912
5393
4578
3048
2137
2773
4433
5431
4557
2386
711
641
1546
1943
1115
-419
-1754
-2451
-2589
-2426
-2282
-2452
-2949
-3358
-3276
-2828
-2531
-2538
-2379
-1583
-384
501
715
637
856
1542
2413
3116
3479
3495
3310
3171
3212
3235
2915
2236
1572
1178
832
129
-920
-1871
-2381
-2585
-2835
-3271
-3755
-4111
-4268
-4196
-3922
-3603
-3458
-3502
-3489
-3191
-2689
-2246
-1961
-1688
-1316
-959
-777
-723
-580
-244
149
385
400
303
220
202
224
228
172
92
102
313
685
1027
1201
1335
1766
2732
4047
5059
5054
3925
2557
2257
3477
5087
5319
3601
1265
159
746
1807
1915
814
-708
-1858
-2417
-2527
-2410
-2351
-2620
-3143
-3483
-3333
-2927
-2697
-2632
-2251
-1294
-155
549
696
731
1104
1841
2631
3157
3282
3132
3041
3276
3654
3636
2944
1986
1383
1175
756
-273
-1518
-2245
-2294
-2241
-2665
-3505
-4240
-4494
-4298
-3903
-3550
-3411
-3495
-3588
-3398
-2887
-2352
-2073
-1977
-1746
-1259
-752
-515
-531
-506
-222
234
572
586
317
23
-38
165
402
411
175
-31
76
497
967
1264
1481
1976
3017
4361
5230
4886
3497
2322
2675
4477
6053
5691
3440
1106
397
1271
2234
2010
617
-1029
-2130
-2465
-2265
-1984
-2116
-2799
-3588
-3818
-3340
-2680
-2378
-2300
-1915
-1073
-226
181
265
513
1187
2100
2881
3241
3112
2732
2607
3077
3841
4066
3262
1891
936
802
884
318
-1001
-2340
-2998
-3013
-2962
-3259
-3826
-4331
-4535
-4400
-4053
-3717
-3579
-3584
-3454
-2998
-2377
-1937
-1804
-1735
-1418
-831
-257
24
31
46
291
676
881
718
339
83
145
415
615
582
422
408
687
1111
1439
1741
2421
3689
5015
5390
4376
2831
2334
3622
5637
6373
4865
2216
509
730
1959
2533
1693
-1
-1530
-2302
-2342
-2038
-1906
-2290
-3074
-3697
-3720
-3299
-2956
-2851
-2598
-1829
-760
32
287
324
621
1332
2233
2942
3177
2934
2586
2634
3186
3692
3471
2486
1455
1018
995
648
-375
-1633
-2445
-2662
-2727
-3092
-3735
-4265
-4387
-4147
-3821
-3631
-3607
-3610
-3482
-3159
-2733
-2366
-2136
-1941
-1609
-1110
-625
-377
-376
-375
-113
391
833
907
599
204
49
212
482
592
472
323
396
736
1157
1505
1915
2709
3931
5031
5208
4247
3018
2834
4105
5694
5900
4180
1775
466
843
1899
2226
1318
-281
-1738
-2547
-2623
-2251
-2002
-2371
-3227
-3846
-3668
-2951
-2411
-2353
-2352
-1911
-1091
-359
35
263
620
1213
1948
2636
3039
3051
2909
3066
3607
3954
3426
2148
1073
943
1374
1271
82
-1567
-2606
-2675
-2407
-2638
-3528
-4496
-4874
-4536
-3927
-3561
-3546
-3599
-3422
-2997
-2521
-2183
-2012
-1879
-1575
-1032
-471
-226
-339
-431
-124
504
983
967
567
167
49
211
462
593
539
397
356
550
968
1520
2200
3094
4138
4887
4749
3671
2534
2547
3978
5599
5696
3846
1460
373
994
2078
2179
991
-744
-2142
-2741
-2548
-2006
-1837
-2459
-3488
-4047
-3736
-3025
-2601
-2505
-2235
-1524
-711
-245
-96
159
793
1682
2515
3027
3090
2792
2538
2791
3528
4034
3583
2296
1141
888
1254
1219
177
-1432
-2641
-2952
-2723
-2690
-3229
-4067
-4616
-4524
-3963
-3412
-3215
-3300
-3337
-3101
-2664
-2255
-2011
-1862
-1639
-1237
-723
-306
-131
-106
29
397
802
921
656
247
27
122
383
566
542
397
339
503
842
1256
1800
2689
3922
4949
4964
3775
2356
2163
3631
5471
5801
4057
1612
366
890
2083
2460
1479
-313
-1985
-2856
-2741
-2047
-1595
-2019
-3099
-3922
-3838
-3136
-2558
-2380
-2191
-1606
-804
-229
28
266
739
1397
2059
2610
2941
2962
2801
2850
3324
3853
3738
2759
1501
754
660
645
112
-946
-2050
-2764
-3030
-3091
-3240
-3600
-4033
-4258
-4121
-3762
-3465
-3360
-3311
-3120
-2752
-2354
-2072
-1899
-1676
-1264
-719
-268
-98
-157
-181
45
463
778
749
422
97
39
245
474
519
414
370
549
940
1485
2244
3300
4431
5023
4536
3245
2296
2736
4337
5591
5116
3093
1122
618
1460
2314
2040
610
-1174
-2471
-2854
-2425
-1782
-1700
-2455
-3485
-3915
-3496
-2790
-2421
-2344
-2093
-1497
-865
-476
-201
269
1008
1821
2491
2853
2817
2497
2314
2673
3462
3988
3614
2398
1079
381
389
527
118
-1021
-2423
-3382
-3551
-3220
-3022
-3327
-3935
-4333
-4229
-3780
-3353
-3130
-3010
-2805
-2462
-2086
-1815
-1675
-1543
-1243
-744
-250
-11
-28
-22
241
650
877
739
383
103
67
225
418
513
497
484
658
1165
2050
3233
4428
5107
4781
3607
2608
2907
4473
5862
5531
3481
1313
605
1384
2321
2194
919
-722
-1942
-2419
-2270
-1910
-1876
-2423
-3245
-3712
-3550
-3094
-2807
-2670
-2332
-1690
-1066
-728
-511
-40
780
1708
2451
2831
2787
2455
2260
2629
3467
4060
3749
2645
1541
1063
1077
937
220
-917
-1988
-2647
-2905
-3045
-3345
-3831
-4245
-4299
-3971
-3523
-3246
-3180
-3144
-2952
-2595
-2216
-1953
-1797
-1597
-1205
-662
-220
-115
-291
-400
-148
377
776
734
334
-50
-115
133
456
606
529
382
408
768
1477
2453
3557
4500
4827
4251
3157
2590
3350
4978
5912
4991
2738
919
745
1751
2473
1967
465
-1183
-2294
-2632
-2351
-1951
-2035
-2804
-3748
-4122
-3718
-3030
-2586
-2372
-2025
-1415
-781
-337
8
468
1110
1826
2448
2816
2822
2594
2519
2908
3555
3834
3304
2196
1167
678
635
575
72
-960
-2186
-3065
-3294
-3114
-3096
-3545
-4169
-4428
-4132
-3600
-3228
-3077
-2930
-2632
-2245
-1915
-1710
-1582
-1414
-1089
-608
-151
54
-6
-63
143
556
846
776
445
155
103
277
535
731
785
736
777
1185
2130
3477
4715
5160
4471
3141
2377
3095
4850
5963
5096
2698
665
434
1618
2586
2174
579
-1203
-2370
-2707
-2426
-2012
-2020
-2673
-3549
-3955
-3666
-3128
-2809
-2652
-2294
-1671
-1075
-688
-332
232
992
1750
2348
2698
2725
2506
2386
2736
3463
3956
3634
2560
1360
625
416
352
-18
-868
-2001
-2970
-3411
-3349
-3184
-3304
-3721
-4115
-4198
-3950
-3531
-3105
-2782
-2620
-2553
-2402
-2042
-1573
-1204
-999
-829
-584
-329
-176
-100
15
193
327
339
285
242
201
147
155
332
637
881
971
1121
1724
2941
4374
5201
4827
3576
2678
3254
5096
6578
6121
3808
1404
611
1473
2541
2446
1041
-813
-2188
-2665
-2384
-1906
-1915
-2694
-3741
-4202
-3766
-2990
-2571
-2549
-2403
-1833
-1097
-570
-248
153
801
1609
2364
2843
2878
2547
2295
2629
3504
4200
3968
2822
1532
857
869
1020
690
-329
-1738
-2935
-3426
-3219
-2857
-2958
-3623
-4339
-4506
-4011
-3270
-2772
-2666
-2757
-2747
-2469
-1979
-1492
-1194
-1075
-955
-704
-403
-205
-107
40
277
417
290
5
-136
6
259
358
257
151
230
505
894
1430
2283
3474
4589
4929
4182
3000
2648
3786
5563
6235
4869
2380
658
722
1852
2513
1843
204
-1455
-2424
-2534
-2102
-1744
-2029
-2966
-3912
-4151
-3642
-2977
-2660
-2552
-2210
-1529
-837
-389
-41
519
1361
2246
2868
3044
2818
2483
2476
2992
3698
3926
3319
2193
1240
854
821
587
-204
-1427
-2584
-3205
-3224
-3036
-3142
-3655
-4201
-4332
-3987
-3495
-3178
-3042
-2886
-2583
-2203
-1892
-1703
-1564
-1375
-1103
-793
-511
-274
-49
192
420
554
554
466
386
360
352
300
221
193
277
449
686
1094
1898
3180
4574
5334
4924
3694
2836
3382
5087
6415
5910
3681
1377
593
1363
2334
2219
871
-944
-2378
-2970
-2715
-2082
-1852
-2492
-3611
-4263
-3945
-3104
-2551
-2499
-2475
-2028
-1248
-519
-8
432
977
1647
2336
2857
3032
2894
2797
3106
3724
4048
3583
2500
1494
1041
956
662
-160
-1290
-2249
-2755
-2921
-3089
-3501
-4073
-4473
-4429
-3997
-3508
-3239
-3182
-3145
-2993
-2723
-2371
-1957
-1537
-1211
-997
-801
-552
-315
-167
-58
121
329
379
170
-138
-260
-82
215
362
272
137
224
620
1209
1923
2869
4076
5105
5210
4174
2899
2772
4193
5911
6136
4380
1974
695
1055
2057
2374
1487
-203
-1918
-2958
-3008
-2374
-1913
-2326
-3439
-4314
-4251
-3481
-2793
-2575
-2530
-2191
-1487
-688
-27
462
865
1334
2010
2807
3361
3367
3032
2928
3327
3799
3710
2964
2086
1548
1281
880
138
-822
-1776
-2571
-3107
-3364
-3492
-3718
-4088
-4363
-4289
-3893
-3458
-3196
-3057
-2852
-2512
-2147
-1882
-1708
-1518
-1236
-884
-539
-271
-103
19
178
385
528
464
208
-54
-150
-105
-61
-84
-73
90
381
695
1074
1777
3010
4492
5423
5119
3831
2815
3258
5003
6469
6113
3953
1567
529
1016
1914
2037
1038
-632
-2240
-3148
-3081
-2397
-1973
-2484
-3653
-4475
-4265
-3365
-2621
-2415
-2363
-1960
-1173
-349
261
682
1070
1552
2162
2792
3170
3128
2873
2873
3291
3714
3572
2817
1965
1480
1253
810
-115
-1290
-2261
-2780
-2971
-3147
-3525
-4067
-4523
-4636
-4345
-3835
-3379
-3136
-3050
-2940
-2647
-2158
-1612
-1198
-999
-912
-770
-522
-273
-110
31
269
559
695
562
290
113
115
187
188
104
38
103
336
695
1164
1880
3013
4408
5377
5172
3898
2767
3075
4776
6304
6057
4010
1694
650
1071
1942
2137
1237
-451
-2232
-3351
-3408
-2730
-2236
-2603
-3573
-4224
-3984
-3175
-2533
-2331
-2240
-1845
-1092
-196
623
1231
1592
1862
2317
3002
3564
3611
3254
3021
3212
3493
3336
2651
1833
1202
679
17
-817
-1662
-2392
-2980
-3397
-3633
-3795
-4029
-4306
-4389
-4113
-3591
-3120
-2879
-2804
-2695
-2412
-1966
-1488
-1136
-962
-871
-714
-466
-223
-46
118
307
424
341
82
-165
-240
-157
-66
-77
-153
-119
160
617
1067
1506
2232
3485
4911
5603
4946
3468
2625
3451
5382
6612
5805
3397
1128
358
969
1787
1761
641
-1117
-2739
-3517
-3240
-2495
-2264
-3004
-4109
-4562
-4025
-3119
-2573
-2451
-2262
-1661
-752
156
855
1293
1580
1958
2587
3287
3626
3435
3068
3036
3363
3563
3210
2419
1622
1042
521
-173
-1064
-1976
-2702
-3144
-3359
-3527
-3809
-4196
-4498
-4508
-4166
-3614
-3087
-2767
-2654
-2585
-2363
-1921
-1375
-914
-639
-500
-376
-208
-27
137
303
478
572
466
183
-77
-132
-19
53
-69
-295
-378
-149
313
806
1305
2097
3421
4933
5709
5082
3562
2639
3377
5202
6338
5522
3237
1131
412
923
1623
1603
620
-996
-2592
-3466
-3348
-2727
-2509
-3102
-3982
-4289
-3799
-3049
-2606
-2427
-2099
-1423
-580
196
818
1276
1591
1924
2501
3270
3838
3878
3552
3288
3259
3225
2935
2405
1773
1044
164
-778
-1567
-2126
-2588
-3087
-3572
-3912
-4098
-4220
-4285
-4182
-3859
-3444
-3132
-2967
-2822
-2556
-2165
-1742
-1361
-1011
-670
-386
-237
-221
-196
-2
361
688
736
459
62
-181
-155
27
162
149
42
-8
111
395
777
1288
2128
3426
4822
5470
4788
3292
2427
3219
5115
6352
5638
3363
1153
314
827
1648
1738
749
-957
-2638
-3573
-3489
-2836
-2488
-2951
-3818
-4228
-3804
-3014
-2499
-2352
-2143
-1546
-660
224
929
1393
1628
1799
2190
2890
3560
3757
3468
3153
3145
3253
3044
2432
1711
1103
481
-353
-1333
-2180
-2724
-3049
-3332
-3661
-4013
-4306
-4424
-4278
-3889
-3399
-2952
-2594
-2294
-2044
-1833
-1603
-1285
-918
-635
-514
-482
-392
-181
100
360
535
577
455
211
-32
-146
-115
-34
-16
-74
-109
2
291
690
1186
1955
3179
4624
5519
5130
3641
2299
2413
4034
5722
5808
4005
1665
434
734
1618
1878
1042
-550
-2206
-3253
-3350
-2791
-2406
-2789
-3639
-4067
-3639
-2824
-2349
-2305
-2191
-1629
-747
140
878
1409
1648
1681
1900
2611
3538
4003
3714
3098
2765
2793
2805
2541
2077
1466
565
-640
-1742
-2282
-2327
-2419
-2922
-3630
-4120
-4268
-4253
-4168
-3921
-3488
-3071
-2842
-2707
-2445
-2024
-1613
-1304
-1003
-632
-307
-187
-227
-208
6
322
559
628
553
374
141
-63
-148
-112
-44
-35
-78
-86
40
353
869
1605
2601
3807
4871
5170
4328
2865
2083
2923
4823
6013
5190
2870
859
424
1212
1929
1713
631
-814
-2146
-2941
-2949
-2471
-2292
-2855
-3676
-3879
-3275
-2527
-2261
-2314
-2096
-1388
-495
249
789
1164
1358
1490
1900
2741
3612
3888
3461
2872
2644
2683
2564
2139
1599
999
163
-897
-1776
-2150
-2237
-2509
-3066
-3581
-3832
-3971
-4171
-4273
-4010
-3438
-2910
-2639
-2502
-2298
-2029
-1783
-1503
-1065
-543
-200
-155
-199
-42
344
728
893
816
595
323
88
-12
41
130
122
17
-43
44
249
518
936
1698
2894
4249
5107
4835
3472
2025
1837
3330
5347
6032
4579
2064
365
344
1225
1684
1176
101
-980
-1842
-2396
-2536
-2382
-2395
-2861
-3423
-3441
-2839
-2254
-2233
-2514
-2372
-1515
-376
455
801
879
973
1295
1974
2892
3604
3663
3137
2577
2421
2543
2548
2277
1820
1152
132
-1094
-1999
-2242
-2129
-2276
-2885
-3590
-3985
-4050
-3997
-3899
-3672
-3282
-2843
-2469
-2174
-1928
-1725
-1550
-1339
-1051
-739
-498
-345
-201
17
313
629
879
963
816
498
202
124
280
499
595
524
396
338
396
579
966
1714
2865
4098
4743
4263
2904
1795
2096
3812
5526
5613
3803
1476
287
618
1455
1638
922
-155
-1079
-1727
-2122
-2258
-2249
-2384
-2754
-3019
-2795
-2254
-2001
-2310
-2659
-2292
-1119
142
750
654
394
467
946
1623
2281
2786
3021
2930
2583
2198
1996
2037
2112
1860
1060
-82
-1039
-1439
-1457
-1627
-2249
-3063
-3589
-3675
-3576
-3553
-3553
-3373
-2988
-2601
-2383
-2303
-2219
-2057
-1809
-1458
-993
-511
-199
-143
-203
-114
252
752
1094
1084
781
419
227
272
456
616
644
544
418
380
475
683
1022
1608
2538
3639
4359
4083
2790
1380
1112
2411
4235
4900
3688
1589
283
484
1403
1804
1264
304
-450
-878
-1178
-1435
-1595
-1721
-1944
-2197
-2220
-1954
-1735
-1925
-2367
-2461
-1819
-739
80
228
-88
-319
-78
628
1500
2195
2500
2415
2099
1776
1613
1647
1732
1606
1066
205
-602
-1010
-1065
-1153
-1579
-2218
-2682
-2773
-2682
-2727
-2975
-3191
-3129
-2800
-2447
-2305
-2386
-2486
-2351
-1884
-1221
-645
-376
-393
-451
-295
125
637
1012
1131
1029
844
735
763
846
866
819
805
846
812
611
390
433
876
1606
2396
3019
3218
2776
1813
985
1081
2237
3589
3931
2847
1148
113
307
1162
1667
1335
496
-234
-574
-704
-905
-1241
-1551
-1658
-1522
-1278
-1167
-1381
-1862
-2262
-2162
-1447
-478
142
73
-462
-848
-613
170
996
1397
1327
1083
976
1081
1274
1373
1261
915
440
17
-219
-315
-475
-862
-1401
-1834
-1968
-1876
-1824
-2000
-2331
-2562
-2522
-2274
-2045
-1995
-2074
-2077
-1843
-1391
-891
-506
-282
-145
-7
163
328
443
505
566
678
824
918
885
748
613
575
624
684
710
719
742
771
782
797
919
1253
1772
2229
2268
1739
951
544
950
1934
2718
2670
1876
1025
735
1021
1395
1417
1054
584
251
77
-65
-284
-589
-877
-1001
-889
-667
-610
-891
-1378
-1711
-1625
-1183
-708
-489
-578
-807
-954
-889
-601
-171
276
609
746
688
521
351
254
232
240
223
150
7
-230
-575
-971
-1270
-1330
-1175
-1021
-1098
-1430
-1792
-1912
-1703
-1321
-1012
-930
-1042
-1183
-1176
-952
-595
-282
-144
-159
-186
-101
90
283
402
467
547
657
723
660
472
268
180
269
478
683
774
706
515
305
200
287
566
958
1346
1594
1560
1184
630
299
550
1336
2122
2298
1731
900
466
676
1198
1502
1358
962
650
560
568
469
184
-178
-423
-440
-316
-288
-536
-998
-1382
-1425
-1133
-791
-703
-915
-1182
-1210
-927
-535
-305
-318
-424
-425
-281
-117
-57
-88
-112
-80
-39
-49
-106
-175
-266
-419
-624
-778
-791
-696
-635
-703
-840
-885
-751
-522
-363
-358
-439
-481
-430
-343
-297
-290
-246
-114
66
200
235
208
194
226
279
322
358
396
417
395
338
291
268
238
174
116
127
206
277
262
162
44
-15
27
185
410
581
563
343
85
25
270
704
1074
1180
1015
761
641
741
959
1112
1100
966
823
734
673
569
384
152
-48
-143
-136
-113
-181
-378
-630
-810
-852
-798
-751
-773
-839
-880
-856
-782
-688
-583
-462
-340
-246
-194
-170
-171
-204
-260
-287
-254
-198
-201
-293
-407
-446
-396
-334
-352
-451
-540
-527
-412
-284
-232
-261
-302
-278
-180
-68
-10
-18
-38
-4
98
218
286
269
199
153
190
300
396
390
276
146
98
151
230
238
144
-1
-99
-90
-6
51
10
-114
-231
-257
-162
6
162
234
224
202
234
309
368
386
405
486
620
736
762
693
584
499
467
479
514
555
586
573
476
288
62
-108
-153
-82
23
62
-18
-193
-372
-453
-397
-265
-167
-161
-209
-226
-167
-75
-31
-66
-130
-150
-109
-56
-47
-88
-141
-172
-184
-200
-236
-287
-338
-375
-393
-389
-373
-359
-361
-391
-451
-516
-533
-460
-316
-187
-163
-255
-381
-429
-341
-161
-5
30
-52
-147
-152
-62
36
61
11
-46
-48
7
67
84
43
-20
-58
-41
25
101
150
153
124
96
99
134
168
163
113
56
40
82
149
187
160
69
-46
-132
-143
-74
30
99
86
3
-88
-121
-70
37
143
203
207
188
191
239
316
381
406
400
395
414
452
485
501
507
505
489
452
407
378
370
360
316
243
175
138
123
94
36
-30
-70
-75
-75
-107
-185
-288
-374
-406
-375
-312
-277
-318
-428
-535
-563
-497
-400
-350
-371
-414
-417
-365
-301
-280
-315
-366
-383
-353
-301
-259
-232
-209
-181
-156
-142
-131
-109
-70
-29
4
34
79
138
180
177
138
113
140
208
268
282
254
204
149
89
23
-42
-91
-121
-133
-142
-161
-199
-251
-295
-307
-281
-241
-211
-193
-170
-130
-91
-67
-49
-7
71
162
230
264
282
307
344
387
426
451
460
452
437
422
408
391
370
353
339
329
319
308
291
261
224
196
190
191
170
112
42
4
15
50
69
51
5
-60
-137
-216
-265
-266
-240
-242
-307
-413
-499
-524
-500
-468
-463
-488
-517
-522
-491
-437
-387
-358
-345
-328
-292
-236
-175
-120
-82
-55
-26
12
51
72
69
66
91
143
190
193
145
70
14
10
66
148
204
198
136
65
33
49
88
116
120
109
97
86
73
60
61
85
116
126
99
52
25
38
72
90
74
40
16
5
-7
-27
-43
-43
-34
-32
-41
-54
-65
-79
-89
-71
-14
59
98
73
14
-16
27
130
234
281
254
183
115
84
92
122
152
162
136
72
-4
-50
-36
16
43
-1
-99
-184
-201
-154
-96
-84
-129
-196
-236
-226
-190
-168
-178
-196
-187
-152
-129
-148
-193
-222
-204
-153
-102
-84
-105
-153
-199
-211
-179
-119
-66
-47
-65
-101
-127
-114
-51
43
121
142
113
86
113
196
284
330
329
311
308
328
