80
25
-101
-215
-227
-135
-42
-51
-134
-159
-52
94
119
-6
-135
-123
10
121
116
46
21
87
200
285
294
226
124
49
28
28
17
32
131
281
339
207
-15
-116
-7
182
259
188
92
85
153
212
227
215
200
187
192
229
268
247
152
51
17
30
14
-51
-94
-74
-54
-131
-299
-436
-445
-354
-269
-258
-311
-393
-477
-535
-537
-486
-437
-441
-488
-530
-538
-536
-546
-557
-555
-550
-560
-564
-516
-418
-339
-340
-391
-392
-278
-90
66
128
124
135
205
300
358
374
413
536
724
882
934
900
876
946
1097
1241
1296
1263
1203
1171
1167
1159
1142
1144
1177
1202
1158
1025
844
675
543
436
337
243
163
91
3
-126
-293
-457
-559
-577
-556
-584
-709
-901
-1081
-1206
-1303
-1416
-1549
-1663
-1735
-1786
-1848
-1915
-1950
-1933
-1893
-1877
-1900
-1922
-1880
-1745
-1556
-1393
-1297
-1215
-1046
-772
-513
-436
-573
-771
-825
-663
-408
-229
-179
-168
-99
16
89
101
145
322
584
783
840
850
949
1166
1464
1904
2602
3460
4067
4058
3580
3248
3533
4245
4753
4645
4091
3518
3096
2646
1977
1175
524
223
199
153
-237
-1065
-2070
-2756
-2772
-2221
-1591
-1328
-1479
-1742
-1839
-1774
-1718
-1728
-1644
-1297
-738
-256
-129
-386
-780
-995
-881
-565
-325
-382
-735
-1205
-1624
-1975
-2324
-2667
-2893
-2924
-2839
-2814
-2953
-3190
-3345
-3271
-2957
-2545
-2216
-2034
-1899
-1669
-1350
-1082
-975
-954
-825
-499
-142
-4
-117
-198
51
664
1517
2638
4119
5652
6450
5969
4713
3996
4714
6414
7762
7823
6809
5567
4628
3843
2855
1669
703
320
384
255
-737
-2679
-4884
-6310
-6369
-5377
-4310
-4010
-4592
-5428
-5757
-5228
-4042
-2610
-1167
356
2119
4041
5676
6469
6272
5589
5223
5506
6007
5950
4998
3478
1988
811
-157
-1138
-2178
-3162
-3977
-4627
-5217
-5864
-6596
-7284
-7711
-7724
-7357
-6785
-6181
-5583
-4929
-4143
-3233
-2290
-1390
-540
282
1007
1480
1614
1498
1309
1139
934
603
150
-349
-816
-1225
-1536
-1583
-1008
553
3021
5521
6732
5968
4041
2804
3559
5860
7956
8440
7355
5811
4764
4308
3932
3255
2388
1787
1728
1895
1449
-276
-2954
-5264
-5911
-4824
-3273
-2771
-3775
-5452
-6500
-6216
-4859
-3221
-1899
-938
-21
1069
2244
3327
4357
5506
6661
7313
6989
5857
4643
3939
3612
3076
1985
597
-650
-1657
-2679
-3826
-4818
-5293
-5286
-5237
-5550
-6238
-6977
-7386
-7213
-6460
-5424
-4577
-4192
-4101
-3862
-3214
-2273
-1305
-426
385
1073
1418
1258
697
75
-301
-372
-331
-426
-796
-1384
-1971
-2187
-1571
229
3043
5901
7410
6813
4848
3388
3914
6182
8492
9262
8343
6781
5570
4812
4050
3051
2113
1626
1578
1448
561
-1368
-3852
-5746
-6064
-4887
-3494
-3312
-4693
-6611
-7629
-7057
-5345
-3478
-2127
-1257
-422
697
2048
3419
4751
6087
7286
7925
7701
6837
5974
5512
5219
4525
3241
1723
415
-689
-1899
-3290
-4450
-4938
-4859
-4856
-5472
-6593
-7577
-7831
-7246
-6179
-5204
-4793
-5004
-5344
-5117
-4074
-2672
-1590
-1024
-618
-32
597
825
454
-230
-715
-723
-433
-344
-844
-1866
-2844
-3059
-2041
236
3344
6371
8096
7673
5576
3677
3897
6437
9443
10671
9455
7033
5082
4249
4034
3747
3163
2462
1788
1041
-89
-1877
-4138
-6018
-6458
-5272
-3669
-3414
-5126
-7604
-8834
-7803
-5211
-2650
-1201
-813
-680
-79
1123
2597
4047
5525
7169
8710
9375
8558
6563
4594
3764
4130
4621
4035
2029
-675
-2966
-4158
-4370
-4247
-4404
-5023
-5857
-6562
-6980
-7160
-7121
-6766
-6040
-5176
-4620
-4619
-4883
-4776
-3880
-2389
-940
-68
159
47
-55
-12
90
85
-148
-611
-1181
-1715
-2145
-2499
-2733
-2530
-1338
1182
4564
7416
8209
6583
4035
3031
4960
8730
11525
11284
8491
5508
4229
4589
5168
4854
3628
2127
861
-131
-1171
-2602
-4324
-5629
-5731
-4747
-3933
-4632
-6766
-8696
-8647
-6378
-3328
-1284
-919
-1503
-1697
-652
1440
3649
5152
5925
6563
7456
8195
8043
6871
5468
4722
4695
4553
3465
1370
-1003
-2774
-3532
-3579
-3634
-4256
-5376
-6400
-6814
-6643
-6283
-5972
-5627
-5165
-4770
-4666
-4747
-4624
-4057
-3198
-2398
-1900
-1710
-1663
-1504
-1025
-290
302
316
-304
-1167
-1815
-2119
-2224
-2259
-2199
-1935
-1248
236
2748
5730
7738
7521
5482
3818
4667
7934
11133
11649
9159
5787
3957
4277
5377
5532
4164
2028
264
-586
-906
-1548
-2994
-4794
-5856
-5546
-4510
-4225
-5490
-7506
-8483
-7334
-4649
-2138
-1124
-1549
-2143
-1560
526
3179
5048
5604
5559
6029
7247
8323
8239
6994
5518
4633
4241
3642
2354
574
-1120
-2268
-2821
-3077
-3478
-4308
-5436
-6341
-6520
-5976
-5264
-5000
-5298
-5747
-5861
-5492
-4845
-4203
-3711
-3339
-2977
-2533
-2020
-1508
-1024
-548
-132
26
-241
-840
-1445
-1797
-1915
-2018
-2233
-2442
-2348
-1647
-109
2286
5120
7402
8007
6675
4657
4027
5856
8976
10823
9846
6987
4663
4327
5308
5854
4983
3100
1263
179
-205
-555
-1598
-3385
-5026
-5417
-4527
-3698
-4379
-6462
-8223
-7947
-5597
-2788
-1293
-1562
-2511
-2520
-821
1844
3901
4439
4083
4278
5714
7574
8429
7679
6055
4772
4414
4554
4327
3178
1264
-726
-2086
-2646
-2879
-3442
-4515
-5602
-6041
-5702
-5149
-5076
-5631
-6286
-6415
-5915
-5253
-4935
-5008
-5059
-4629
-3644
-2475
-1641
-1348
-1291
-983
-308
292
294
-316
-1029
-1390
-1428
-1494
-1750
-2004
-1953
-1392
-144
1939
4625
6986
7798
6617
4545
3667
5281
8485
10700
10021
7068
4344
3718
4839
5915
5667
4196
2412
1071
313
-302
-1371
-2968
-4366
-4690
-4067
-3775
-4954
-7168
-8650
-7991
-5536
-2999
-1914
-2415
-3331
-3186
-1380
1308
3337
3794
3307
3437
5070
7435
8867
8417
6701
5177
4783
5183
5254
4143
2028
-76
-1218
-1388
-1475
-2361
-4030
-5592
-6177
-5755
-5113
-5099
-5886
-6866
-7244
-6760
-5875
-5276
-5217
-5305
-4940
-3949
-2766
-1994
-1782
-1684
-1171
-267
439
428
-202
-866
-1118
-1048
-1068
-1371
-1724
-1752
-1371
-778
1
1396
3757
6487
8027
7216
4788
3149
4230
7473
10176
10013
7233
4290
3431
4723
6388
6640
5115
2752
769
-236
-547
-976
-2102
-3643
-4724
-4893
-4768
-5372
-6856
-8095
-7815
-5925
-3676
-2467
-2656
-3361
-3327
-1938
324
2316
3194
3135
3141
4028
5679
7239
8015
7959
7401
6531
5411
4227
3317
2775
2270
1327
-181
-1943
-3480
-4463
-4860
-4916
-5014
-5423
-6101
-6752
-7116
-7158
-7027
-6859
-6683
-6429
-6007
-5358
-4503
-3556
-2683
-1996
-1486
-1068
-671
-288
42
288
413
373
175
-99
-350
-503
-503
-307
18
346
796
1919
4133
6815
8277
7224
4373
2258
3007
6202
9116
9210
6507
3485
2680
4382
6641
7205
5392
2325
-185
-999
-402
161
-672
-2862
-4970
-5643
-5029
-4483
-4965
-5989
-6301
-5275
-3546
-2315
-2257
-2961
-3307
-2372
-235
2016
3167
2962
2366
2686
4433
6904
8797
9103
7723
5499
3781
3498
4379
5009
4039
1450
-1404
-3123
-3515
-3521
-4052
-5129
-6122
-6566
-6589
-6634
-6989
-7518
-7807
-7496
-6634
-5715
-5275
-5344
-5362
-4695
-3278
-1697
-650
-355
-420
-240
454
1344
1815
1565
929
536
661
983
1007
657
287
187
303
559
1276
2897
5131
6678
6243
4051
2121
2593
5568
8761
9530
7323
4096
2367
3022
4875
6035
5440
3387
1034
-463
-699
-273
-284
-1341
-2960
-4101
-4296
-4109
-4372
-5180
-5759
-5368
-4092
-2775
-2227
-2559
-3076
-2817
-1314
909
2637
3005
2344
1932
2786
4744
6650
7374
6594
4933
3482
3114
3792
4493
3961
1854
-900
-2911
-3568
-3429
-3510
-4299
-5459
-6330
-6580
-6435
-6351
-6539
-6741
-6543
-5876
-5156
-4844
-4948
-4981
-4431
-3213
-1744
-617
-142
-107
39
662
1606
2361
2567
2308
1924
1648
1497
1387
1256
1054
723
270
-204
-556
-603
-40
1403
3527
5355
5620
3912
1435
382
2099
5598
8096
7456
4240
1244
892
3173
5947
6942
5380
2249
-513
-1294
6
1754
1893
-157
-2925
-4416
-4101
-3186
-3036
-3768
-4457
-4359
-3595
-2839
-2621
-2904
-3068
-2392
-767
979
1715
1126
112
21
1453
3793
5681
5960
4435
2126
679
1127
2846
3916
2812
-109
-2940
-4003
-3304
-2268
-2280
-3513
-5019
-5713
-5307
-4444
-4039
-4474
-5278
-5620
-5110
-4140
-3423
-3242
-3191
-2696
-1657
-514
254
607
899
1472
2301
3016
3202
2764
2051
1584
1592
1826
1813
1315
490
-305
-789
-907
-808
-714
-684
-483
259
1557
2768
2920
1697
109
-106
1842
4745
6332
5465
3256
1911
2614
4636
6291
6407
5011
3026
1591
1349
1997
2454
1765
13
-1745
-2537
-2378
-2084
-2336
-3076
-3778
-4031
-3826
-3425
-3129
-3061
-3070
-2842
-2259
-1609
-1330
-1486
-1615
-1179
-72
1359
2671
3511
3604
2861
1702
995
1383
2514
3189
2426
446
-1492
-2227
-1696
-853
-736
-1598
-2821
-3546
-3404
-2774
-2389
-2690
-3438
-3982
-3881
-3298
-2767
-2609
-2609
-2296
-1483
-471
276
592
737
1095
1777
2509
2858
2605
1922
1239
898
895
916
618
-86
-966
-1637
-1867
-1762
-1702
-1984
-2448
-2459
-1445
488
2399
3147
2305
640
-297
685
3337
5945
6674
5216
3155
2546
4055
6432
7705
6830
4412
2077
1202
1903
3003
2999
1337
-1115
-2866
-3151
-2508
-2118
-2711
-4051
-5292
-5684
-5130
-4229
-3779
-4043
-4519
-4456
-3622
-2471
-1651
-1395
-1397
-1109
-165
1327
2782
3472
3085
2074
1428
1875
3192
4284
4096
2549
658
-356
-102
713
1016
319
-961
-2008
-2321
-2020
-1623
-1612
-2118
-2848
-3301
-3141
-2473
-1761
-1444
-1571
-1792
-1704
-1220
-604
-177
15
197
553
984
1202
1041
629
249
84
120
222
227
19
-376
-757
-923
-874
-816
-887
-1010
-1049
-982
-784
-273
709
1866
2493
2169
1400
1309
2540
4510
5864
5705
4346
2956
2539
3239
4361
4926
4317
2715
1014
160
365
933
929
21
-1336
-2452
-2985
-3042
-2902
-2831
-3008
-3425
-3799
-3766
-3257
-2620
-2257
-2209
-2168
-1888
-1430
-1002
-673
-330
175
899
1746
2440
2591
2026
1127
703
1284
2506
3324
2977
1702
474
61
421
910
941
418
-314
-809
-890
-791
-948
-1567
-2383
-2903
-2900
-2609
-2429
-2496
-2629
-2567
-2205
-1619
-1012
-611
-495
-449
-123
566
1265
1522
1284
937
903
1246
1695
1921
1759
1256
635
180
75
251
394
164
-542
-1459
-2111
-2150
-1667
-1144
-1046
-1339
-1495
-1038
-109
631
703
367
359
1111
2298
3160
3192
2532
1809
1672
2326
3332
3870
3391
2161
1111
1042
1894
2792
2832
1859
530
-308
-320
138
412
80
-768
-1633
-1996
-1739
-1254
-1097
-1457
-2011
-2281
-2102
-1695
-1371
-1237
-1157
-895
-336
356
777
610
-4
-468
-240
620
1474
1683
1171
404
-70
-52
260
499
416
36
-401
-657
-712
-747
-936
-1254
-1531
-1621
-1519
-1310
-1104
-979
-934
-854
-589
-132
313
517
479
421
552
843
1086
1103
879
532
234
107
129
116
-106
-499
-812
-867
-782
-847
-1204
-1701
-2090
-2263
-2288
-2270
-2262
-2262
-2248
-2148
-1869
-1363
-703
-32
527
932
1220
1487
1835
2298
2784
3138
3283
3298
3337
3474
3652
3750
3684
3439
3098
2794
2611
2470
2182
1656
1027
529
259
92
-174
-619
-1141
-1538
-1673
-1588
-1478
-1524
-1733
-1929
-1916
-1662
-1340
-1170
-1220
-1310
-1168
-709
-174
64
-129
-472
-514
-81
554
926
809
378
2
-75
105
304
309
97
-168
-294
-248
-175
-265
-560
-906
-1075
-966
-699
-503
-515
-666
-749
-602
-247
116
263
149
-36
-38
193
444
448
149
-258
-520
-528
-362
-203
-204
-388
-624
-725
-606
-376
-245
-335
-568
-745
-750
-645
-590
-666
-794
-825
-683
-425
-185
-57
-52
-100
-90
75
394
740
928
878
715
689
959
1456
1920
2108
1979
1717
1575
1687
1997
2332
2521
2469
2182
1777
1452
1363
1480
1576
1433
1051
638
380
273
174
-35
-364
-735
-1030
-1157
-1139
-1140
-1334
-1703
-2006
-1999
-1676
-1290
-1119
-1216
-1388
-1401
-1196
-904
-701
-655
-705
-737
-678
-532
-370
-259
-203
-169
-163
-229
-373
-489
-445
-227
8
65
-115
-399
-571
-495
-219
65
180
118
50
152
413
646
694
595
525
601
768
873
817
629
432
344
389
477
465
300
81
-25
33
130
73
-204
-576
-834
-863
-734
-630
-684
-857
-988
-952
-778
-604
-530
-520
-456
-268
-15
168
196
134
162
419
845
1200
1261
1037
793
825
1191
1645
1848
1665
1280
1037
1139
1475
1719
1609
1166
668
413
475
665
706
454
-5
-440
-649
-586
-374
-224
-294
-583
-929
-1143
-1153
-1027
-868
-738
-667
-689
-797
-908
-906
-760
-559
-424
-410
-479
-557
-589
-561
-492
-419
-373
-349
-308
-228
-128
-56
-24
0
51
116
153
146
116
88
71
70
97
147
188
202
208
243
315
397
461
482
452
383
321
307
329
328
269
185
132
111
58
-70
-227
-319
-298
-205
-112
-57
-56
-137
-305
-491
-575
-504
-363
-292
-349
-480
-595
-654
-661
-633
-591
-561
-546
-516
-440
-332
-245
-208
-201
-181
-130
-46
76
230
380
477
511
522
559
641
758
893
1017
1084
1068
1001
954
969
1016
1030
974
857
704
551
447
429
466
455
308
49
-185
-254
-135
61
166
71
-190
-456
-538
-370
-72
141
130
-78
-338
-509
-530
-422
-261
-142
-141
-252
-394
-470
-446
-356
-243
-136
-55
-35
-87
-168
-210
-175
-88
1
56
56
-10
-115
-174
-100
94
280
323
222
115
131
266
392
389
245
42
-120
-188
-183
-184
-277
-476
-686
-775
-704
-571
-530
-636
-803
-895
-855
-735
-622
-568
-554
-531
-453
-322
-194
-127
-113
-72
69
284
451
468
353
239
263
448
680
797
715
501
308
256
348
483
540
450
231
-18
-160
-111
79
247
254
108
-51
-87
15
164
272
321
342
358
365
363
371
414
489
561
591
572
532
509
513
515
476
377
238
104
17
-5
13
17
-43
-167
-301
-378
-379
-347
-332
-339
-330
-282
-228
-229
-305
-394
-403
-291
-118
1
-12
-136
-271
-318
-237
-74
70
97
-15
-185
-268
-184
-1
107
25
-189
-359
-353
-197
-28
44
4
-86
-161
-177
-119
-6
105
151
114
40
2
31
97
150
164
152
131
103
61
17
-7
-3
3
-18
-70
-134
-192
-242
-270
-248
-169
-78
-47
-99
-182
-227
-205
-136
-42
64
150
161
72
-61
-118
-23
181
352
365
216
21
-72
9
210
394
431
285
47
-126
-124
26
180
195
47
-159
-298
-319
-255
-164
-84
-33
-27
-74
-146
-186
-143
-16
135
228
216
120
10
-48
-29
46
131
184
190
162
130
118
126
141
152
164
182
206
225
223
190
136
87
62
49
23
-12
-15
32
85
78
-9
-116
-164
-123
-29
45
44
-31
-126
-177
-154
-75
20
91
107
54
-51
-147
-161
-67
84
191
193
122
68
97
195
289
317
271
190
120
83
73
67
49
23
-2
-35
-94
-185
-281
-332
-312
-242
-178
-166
-216
-296
-351
-342
-268
-177
-128
-147
-209
-255
-241
-166
-68
4
22
-8
-48
-55
-7
69
123
122
84
45
28
17
-3
-22
-5
64
160
231
234
168
79
35
81
199
315
350
280
156
65
66
147
239
267
205
84
-25
-70
-48
-7
-5
-67
-162
-230
-233
-184
-129
-107
-115
-129
-130
-114
-86
-49
-8
32
69
102
123
120
97
80
103
171
250
287
256
179
105
75
89
113
105
49
-39
-121
-158
-144
-114
-123
-195
-294
-349
-316
-224
-141
-116
-140
-173
-188
-178
-144
-91
-31
7
-8
-76
-156
-188
-143
-54
4
-26
-138
-248
-250
-100
128
278
236
34
-156
-160
50
325
456
343
74
-144
-148
60
319
441
359
169
31
32
129
215
223
164
81
6
-37
-34
7
40
27
-26
-70
-77
-61
-53
-52
-32
14
59
69
49
35
54
95
123
119
97
78
69
66
61
51
38
32
38
42
18
-42
-104
-123
-90
-47
-43
-83
-120
-110
-55
4
24
-4
-50
-81
-76
-42
4
35
34
0
-50
-95
-119
-118
-101
-86
-94
-131
-177
-201
-188
-154
-136
-149
-174
-177
-151
-126
-132
-161
-169
-128
-61
-25
-47
-97
-105
-34
84
168
150
41
-70
-88
16
170
260
224
95
-31
-72
-14
87
154
144
71
-8
-31
24
129
218
232
166
77
35
64
120
149
138
119
124
142
140
103
54
25
27
47
61
51
14
-35
-64
-51
-7
24
8
-40
-73
-61
-25
-14
-47
-85
-66
26
137
189
143
37
-45
-42
40
136
181
152
83
26
5
4
-5
-25
-33
-14
12
15
-18
-69
-103
-100
-66
-41
-64
-140
-222
-248
-199
-115
-62
-76
-145
-223
-264
-250
-195
-144
-137
-173
-209
-201
-141
-61
3
32
40
51
87
144
195
214
201
186
191
207
208
187
164
159
166
160
126
67
0
-60
-100
-113
-105
-92
-90
-108
-144
-193
-241
-264
-246
-198
-154
-139
-147
-146
-113
-47
32
93
109
80
48
66
150
251
297
254
166
110
124
178
206
170
89
10
-33
-39
-31
-27
-27
-25
-17
-12
-22
-42
-54
-36
12
73
124
151
153
136
113
100
102
104
84
31
-35
-81
-85
-54
-20
-28
-109
-249
-381
-420
-336
-190
-95
-117
-221
-307
-304
-208
-72
44
104
111
97
105
153
223
284
316
323
320
315
306
289
259
208
135
53
-14
-52
-71
-95
-139
-193
-245
-290
-326
-343
-330
-293
-254
-229
-206
-159
-87
-16
29
45
52
72
111
164
211
235
229
207
193
193
194
178
141
96
64
50
44
26
-19
-82
-136
-152
-119
-58
-7
-5
-53
-116
-139
-95
-9
64
87
71
59
77
107
116
93
60
47
60
81
85
58
0
-69
-117
-119
-81
-45
-52
-103
-155
-160
-113
-48
-10
-16
-51
-89
-105
-81
-23
38
66
49
15
2
19
44
52
40
28
29
34
22
-21
-75
-103
-85
-34
9
10
-37
-104
-147
-133
-75
-14
11
1
-18
-25
-21
-15
-7
5
18
26
27
30
42
63
91
124
155
167
143
87
38
38
95
166
190
141
47
-29
-44
-11
22
14
-33
-83
-106
-100
-81
-67
-62
-62
-57
-36
-8
-1
-34
-94
-131
-104
-22
56
71
18
-54
-79
-38
33
75
64
23
-3
8
47
83
99
102
113
140
166
162
112
38
-4
28
118
189
164
38
-110
-186
-156
-68
-5
