-19
-25
-24
-14
0
13
19
14
3
-6
-7
0
10
16
15
12
12
17
20
14
-3
-20
-26
-16
1
10
7
-1
-1
10
23
28
23
13
4
-3
-9
-16
-22
-22
-19
-16
-15
-14
-12
-10
-10
-14
-19
-22
-20
-12
-4
1
2
1
1
2
4
7
11
14
18
20
18
10
-1
-9
-13
-13
-11
-7
-2
1
0
-3
-4
0
2
-1
-6
-8
-5
-2
-3
-6
-7
-3
2
4
4
4
7
15
22
28
31
33
37
44
50
50
43
33
21
8
-5
-16
-18
-9
7
20
25
24
20
17
15
12
6
-1
-5
-6
-5
-6
-11
-14
-9
6
22
27
20
9
4
7
9
1
-15
-30
-37
-37
-38
-45
-56
-65
-69
-66
-53
-34
-17
-13
-25
-45
-56
-54
-45
-39
-42
-50
-57
-56
-45
-30
-20
-23
-36
-47
-44
-28
-10
-1
-2
-10
-15
-16
-11
-1
11
18
20
19
22
30
37
39
37
37
40
44
48
54
63
71
74
70
64
61
64
70
78
84
86
84
80
77
77
78
77
74
70
66
63
58
47
32
19
13
14
14
8
-4
-15
-19
-17
-17
-21
-30
-42
-53
-60
-63
-64
-65
-68
-73
-80
-87
-92
-99
-113
-134
-152
-158
-146
-129
-122
-129
-138
-135
-119
-104
-104
-116
-125
-116
-89
-59
-40
-38
-43
-48
-47
-40
-25
-3
21
39
48
49
50
57
71
88
102
109
116
130
155
183
203
212
215
221
229
234
233
228
220
211
204
201
202
205
204
200
191
181
173
171
169
158
129
87
49
29
23
15
-8
-45
-83
-109
-120
-123
-128
-142
-164
-183
-190
-188
-187
-196
-216
-241
-264
-281
-289
-290
-287
-289
-298
-312
-324
-326
-314
-294
-273
-262
-262
-265
-259
-240
-214
-194
-185
-179
-165
-138
-106
-77
-55
-35
-12
14
41
70
100
131
156
172
177
182
193
213
236
261
286
311
333
352
369
387
408
427
440
443
440
435
434
436
434
424
408
391
373
352
323
288
252
218
183
143
100
58
18
-23
-69
-119
-167
-208
-242
-270
-297
-323
-350
-376
-399
-420
-438
-453
-464
-474
-487
-502
-513
-515
-511
-505
-497
-486
-468
-443
-413
-385
-365
-351
-337
-315
-285
-250
-214
-180
-146
-114
-83
-55
-31
-4
32
75
116
147
169
193
215
230
232
230
237
258
287
319
351
380
406
431
466
512
554
572
561
544
553
593
628
621
567
507
482
497
509
477
402
325
279
256
220
148
60
-12
-55
-85
-124
-176
-226
-260
-276
-282
-285
-280
-268
-260
-271
-297
-313
-301
-270
-251
-268
-307
-335
-329
-301
-285
-303
-337
-350
-324
-286
-280
-320
-370
-385
-358
-332
-341
-377
-395
-370
-321
-291
-299
-324
-327
-290
-233
-191
-182
-194
-200
-186
-163
-149
-147
-144
-125
-92
-58
-30
-7
16
41
65
89
117
156
206
268
339
421
509
589
639
654
662
707
799
894
927
886
824
805
836
855
805
695
596
570
602
614
547
419
304
249
230
180
74
-52
-139
-163
-162
-192
-273
-372
-437
-449
-438
-436
-444
-443
-432
-433
-460
-500
-527
-536
-538
-546
-555
-550
-534
-526
-545
-574
-578
-539
-479
-442
-441
-451
-437
-395
-354
-348
-377
-404
-392
-342
-291
-271
-277
-273
-236
-177
-134
-129
-150
-160
-140
-106
-92
-105
-122
-116
-92
-75
-74
-70
-35
35
116
183
238
310
425
578
732
842
887
901
947
1077
1275
1462
1561
1568
1556
1591
1660
1682
1602
1465
1370
1362
1377
1312
1126
883
678
543
428
268
57
-145
-273
-320
-353
-454
-646
-870
-1032
-1089
-1085
-1098
-1153
-1205
-1209
-1188
-1207
-1293
-1393
-1437
-1414
-1372
-1347
-1331
-1297
-1258
-1253
-1301
-1362
-1381
-1341
-1279
-1228
-1183
-1109
-999
-894
-854
-887
-944
-959
-908
-825
-769
-759
-765
-743
-692
-658
-689
-769
-834
-836
-798
-786
-823
-857
-823
-724
-627
-589
-585
-536
-383
-147
112
348
578
851
1196
1583
1944
2219
2409
2581
2816
3124
3428
3621
3680
3682
3722
3802
3829
3706
3440
3145
2947
2869
2801
2588
2176
1669
1228
920
664
343
-55
-413
-617
-684
-751
-941
-1244
-1544
-1730
-1790
-1788
-1792
-1815
-1827
-1799
-1743
-1704
-1723
-1799
-1888
-1933
-1895
-1768
-1594
-1447
-1392
-1433
-1506
-1547
-1545
-1534
-1528
-1490
-1373
-1190
-1017
-942
-985
-1086
-1140
-1083
-936
-788
-715
-712
-709
-659
-594
-591
-675
-791
-859
-853
-814
-790
-788
-783
-758
-717
-676
-644
-614
-552
-429
-242
-26
199
444
757
1159
1627
2081
2413
2552
2564
2651
3010
3612
4174
4406
4306
4154
4188
4325
4263
3852
3297
2962
2980
3119
3014
2525
1843
1278
945
692
307
-225
-688
-866
-783
-701
-870
-1289
-1733
-1987
-2024
-1978
-1967
-1985
-1956
-1853
-1743
-1722
-1822
-1988
-2139
-2219
-2208
-2100
-1914
-1715
-1600
-1619
-1727
-1816
-1823
-1775
-1726
-1667
-1529
-1276
-984
-788
-773
-899
-1040
-1081
-1003
-868
-756
-683
-612
-514
-432
-442
-566
-737
-863
-911
-914
-921
-947
-968
-941
-858
-767
-729
-741
-724
-602
-389
-147
90
361
718
1182
1708
2198
2521
2601
2523
2537
2867
3485
4088
4370
4309
4170
4207
4377
4385
4023
3433
3010
3002
3237
3268
2810
2014
1296
919
773
540
54
-536
-923
-961
-813
-795
-1082
-1556
-1936
-2047
-1947
-1823
-1801
-1852
-1869
-1804
-1717
-1705
-1812
-1997
-2168
-2245
-2197
-2056
-1905
-1829
-1850
-1913
-1950
-1940
-1919
-1916
-1905
-1820
-1626
-1366
-1146
-1050
-1067
-1092
-1025
-865
-723
-694
-752
-762
-628
-407
-262
-308
-500
-685
-753
-731
-741
-851
-988
-1023
-898
-693
-522
-442
-424
-409
-333
-170
64
316
599
1008
1632
2370
2927
3034
2754
2502
2720
3441
4217
4534
4330
4036
4083
4415
4544
4093
3228
2536
2459
2873
3190
2910
2076
1212
776
709
540
-56
-868
-1363
-1272
-877
-713
-1026
-1581
-1974
-2037
-1945
-1961
-2138
-2289
-2218
-1945
-1681
-1616
-1764
-2016
-2265
-2444
-2478
-2318
-2023
-1769
-1702
-1790
-1858
-1792
-1685
-1728
-1955
-2139
-1988
-1472
-903
-659
-818
-1096
-1147
-910
-635
-594
-780
-928
-810
-478
-206
-208
-443
-680
-746
-672
-635
-743
-915
-955
-783
-539
-442
-542
-674
-641
-423
-147
72
243
460
842
1458
2233
2892
3122
2877
2545
2667
3411
4342
4806
4582
4121
4057
4505
4908
4638
3700
2774
2551
3029
3513
3298
2348
1291
756
756
739
230
-655
-1349
-1443
-1097
-854
-1098
-1707
-2211
-2276
-2010
-1810
-1929
-2234
-2377
-2175
-1784
-1523
-1573
-1854
-2151
-2310
-2314
-2218
-2087
-1973
-1917
-1922
-1937
-1886
-1780
-1731
-1844
-2038
-2065
-1744
-1203
-801
-790
-1048
-1215
-1065
-720
-490
-535
-706
-732
-515
-237
-160
-345
-588
-663
-570
-529
-701
-983
-1117
-971
-685
-508
-549
-691
-731
-554
-235
29
107
121
382
1114
2158
3020
3250
2864
2380
2430
3209
4264
4861
4671
4102
3900
4366
4992
4967
4055
2895
2384
2773
3416
3441
2611
1510
895
931
1063
646
-343
-1276
-1521
-1102
-668
-818
-1503
-2134
-2221
-1861
-1581
-1755
-2237
-2548
-2381
-1895
-1542
-1619
-2018
-2371
-2428
-2249
-2066
-2018
-2054
-2060
-1992
-1877
-1751
-1634
-1573
-1619
-1739
-1784
-1608
-1218
-813
-601
-613
-687
-653
-501
-377
-411
-573
-674
-560
-287
-99
-187
-468
-679
-677
-595
-644
-842
-995
-951
-766
-628
-634
-710
-685
-480
-176
42
77
45
262
991
2161
3279
3747
3378
2680
2484
3181
4292
4899
4568
3819
3572
4142
4884
4863
3847
2555
1949
2300
2978
3101
2383
1366
822
939
1155
777
-247
-1258
-1574
-1188
-736
-822
-1424
-1988
-2052
-1713
-1478
-1726
-2334
-2828
-2850
-2450
-1981
-1754
-1822
-2036
-2238
-2370
-2444
-2472
-2452
-2383
-2264
-2071
-1777
-1428
-1164
-1119
-1266
-1380
-1214
-767
-327
-220
-464
-747
-752
-522
-383
-557
-909
-1119
-1048
-861
-807
-960
-1184
-1297
-1256
-1178
-1220
-1406
-1602
-1629
-1463
-1239
-1090
-999
-858
-600
-208
346
1069
1901
2844
4071
5665
7158
7668
6767
5110
3898
3652
3773
3407
2533
1934
2142
2687
2538
1226
-616
-1807
-1648
-420
991
1872
2143
2176
2253
2222
1683
510
-844
-1638
-1470
-659
-19
-222
-1307
-2722
-3793
-4194
-4086
-3808
-3476
-2872
-1770
-372
678
803
43
-967
-1558
-1536
-1192
-940
-994
-1299
-1635
-1790
-1737
-1640
-1638
-1598
-1195
-286
799
1455
1313
542
-340
-929
-1192
-1334
-1527
-1761
-1934
-1978
-1934
-1898
-1939
-2022
-2027
-1859
-1580
-1399
-1498
-1868
-2264
-2404
-2166
-1701
-1291
-1083
-928
-544
177
1058
1840
2475
3233
4511
6392
8246
8915
7675
5127
2822
1816
1750
1584
990
637
1132
2051
2303
1314
-317
-1325
-849
927
3028
4452
4788
4271
3359
2288
992
-572
-2087
-2961
-2862
-2151
-1694
-2145
-3393
-4674
-5213
-4773
-3678
-2420
-1260
-146
1010
2031
2436
1820
288
-1477
-2675
-2977
-2700
-2431
-2481
-2703
-2751
-2468
-1963
-1412
-840
-144
736
1653
2278
2275
1540
316
-929
-1796
-2170
-2220
-2204
-2284
-2429
-2481
-2323
-2033
-1815
-1776
-1810
-1745
-1570
-1434
-1466
-1606
-1711
-1687
-1548
-1353
-1137
-890
-528
66
934
1917
2776
3536
4647
6479
8534
9431
8111
5105
2248
958
1017
1218
936
657
1028
1834
2193
1562
344
-490
-217
1154
2964
4343
4704
4049
2854
1629
518
-635
-1869
-2844
-3136
-2765
-2303
-2413
-3229
-4221
-4638
-4111
-2870
-1458
-234
821
1819
2560
2518
1343
-676
-2701
-3947
-4198
-3798
-3256
-2853
-2577
-2275
-1849
-1301
-684
-32
644
1310
1848
2041
1661
636
-810
-2216
-3144
-3426
-3221
-2821
-2449
-2164
-1929
-1702
-1485
-1305
-1169
-1048
-896
-761
-780
-1089
-1615
-2078
-2169
-1783
-1091
-387
127
492
921
1605
2619
4039
5995
8323
10172
10315
8240
4893
2041
723
518
418
146
281
1164
2171
2306
1349
106
-382
301
1821
3499
4703
5052
4474
3191
1555
-120
-1608
-2696
-3193
-3069
-2595
-2256
-2410
-3015
-3656
-3869
-3424
-2399
-1045
392
1744
2870
3512
3273
1837
-616
-3248
-4994
-5308
-4554
-3561
-2861
-2392
-1885
-1284
-731
-253
297
1023
1803
2335
2296
1497
9
-1786
-3327
-4152
-4149
-3558
-2794
-2182
-1815
-1569
-1318
-1137
-1235
-1628
-1953
-1809
-1243
-808
-958
-1589
-2174
-2319
-2009
-1425
-715
44
793
1567
2577
4110
6262
8695
10599
11021
9464
6393
3094
798
-161
-352
-405
-323
243
1224
1914
1696
767
14
198
1416
3209
4922
5927
5779
4481
2501
416
-1467
-3016
-3973
-4024
-3267
-2399
-2191
-2799
-3666
-4065
-3631
-2445
-815
914
2422
3434
3666
2820
775
-2038
-4615
-5941
-5708
-4484
-3162
-2318
-1982
-1860
-1619
-1080
-254
687
1514
2045
2168
1797
849
-647
-2427
-3987
-4798
-4628
-3691
-2515
-1573
-1022
-745
-632
-734
-1102
-1561
-1766
-1573
-1238
-1219
-1678
-2330
-2707
-2566
-1998
-1224
-397
428
1223
2008
2951
4356
6418
8845
10723
10938
9004
5623
2295
180
-673
-965
-1129
-915
-14
1228
1987
1830
1144
718
1041
2086
3526
4912
5726
5519
4220
2209
40
-1897
-3375
-4157
-4078
-3344
-2588
-2364
-2658
-2973
-2893
-2387
-1584
-488
954
2565
3875
4295
3379
1074
-2059
-4956
-6605
-6656
-5547
-4027
-2670
-1692
-1077
-688
-347
96
669
1279
1772
1977
1705
789
-766
-2660
-4357
-5322
-5309
-4463
-3220
-2016
-1092
-509
-296
-473
-918
-1337
-1466
-1322
-1157
-1238
-1601
-2062
-2351
-2280
-1859
-1240
-569
167
1049
2082
3251
4741
6857
9435
11379
11205
8391
4148
584
-1061
-1191
-950
-812
-356
727
1896
2237
1518
479
124
895
2521
4376
5794
6239
5462
3662
1348
-981
-2990
-4374
-4791
-4153
-2933
-1993
-1911
-2537
-3191
-3265
-2563
-1205
596
2568
4269
5080
4380
1943
-1696
-5252
-7338
-7363
-5840
-3849
-2200
-1145
-609
-452
-465
-349
146
1012
1934
2449
2195
1082
-697
-2762
-4614
-5737
-5760
-4723
-3090
-1481
-322
253
279
-135
-792
-1394
-1705
-1705
-1629
-1709
-1982
-2248
-2305
-2133
-1836
-1436
-800
166
1347
2532
3708
5170
7203
9563
11274
11137
8682
4757
1038
-1170
-1759
-1492
-1010
-341
686
1796
2342
1977
1135
701
1278
2747
4449
5659
5927
5178
3587
1454
-877
-2990
-4408
-4768
-4110
-2985
-2129
-1964
-2327
-2702
-2660
-2072
-987
517
2237
3700
4258
3461
1331
-1621
-4551
-6547
-7014
-6032
-4259
-2457
-1071
-243
59
37
70
449
1102
1660
1799
1414
510
-890
-2644
-4382
-5590
-5888
-5215
-3857
-2273
-897
8
381
309
-56
-589
-1196
-1787
-2231
-2480
-2588
-2653
-2642
-2410
-1902
-1223
-504
262
1116
2016
2971
4276
6357
9126
11528
12000
9714
5456
1200
-1402
-2127
-1872
-1413
-714
526
2017
2880
2557
1475
709
1070
2554
4505
6078
6635
5938
4212
1914
-558
-2942
-4867
-5780
-5323
-3808
-2158
-1241
-1280
-1822
-2183
-1879
-815
744
2345
3556
4077
3618
1895
-1048
-4448
-7037
-7867
-6927
-4981
-2878
-1168
-100
316
360
461
857
1401
1755
1735
1370
688
-432
-2077
-3985
-5521
-6033
-5362
-3946
-2477
-1388
-673
-159
158
120
-286
-805
-1144
-1337
-1658
-2302
-3083
-3570
-3452
-2771
-1826
-818
271
1490
2700
3779
5013
6948
9560
11669
11606
8721
4209
220
-1862
-2300
-2203
-2115
-1610
-203
1658
2862
2776
1906
1345
1792
3166
4887
6280
6762
6039
4216
1717
-1019
-3618
-5590
-6332
-5583
-3879
-2233
-1343
-1166
-1263
-1290
-1030
-254
1136
2784
3930
3843
2264
-490
-3650
-6315
-7808
-7877
-6666
-4585
-2280
-475
398
524
501
770
1263
1647
1757
1664
1357
553
-1013
-3157
-5192
-6333
-6221
-5081
-3515
-2072
-986
-217
297
478
227
-373
-1033
-1497
-1721
-1869
-2089
-2399
-2708
-2897
-2835
-2331
-1250
269
1780
2913
3850
5257
7576
10323
12161
11767
8870
4586
761
-1325
-1744
-1503
-1328
-1028
-99
1334
2434
2575
2039
1730
2304
3697
5321
6481
6678
5731
3858
1500
-945
-3205
-4951
-5730
-5322
-4074
-2757
-1960
-1711
-1620
-1259
-404
899
2321
3315
3358
2288
385
-1831
-3907
-5553
-6535
-6639
-5778
-4191
-2422
-1055
-320
38
481
1198
1924
2232
1949
1235
293
-863
-2274
-3763
-4896
-5284
-4872
-3964
-2967
-2161
-1594
-1147
-705
-298
-97
-218
-597
-1039
-1454
-1903
-2500
-3193
-3733
-3814
-3269
-2179
-803
547
1676
2629
3741
5488
8046
10804
12386
11489
8026
3478
-135
-1763
-1892
-1640
-1486
-1048
62
1470
2352
2310
1776
1558
2149
3475
5071
6333
6695
5863
3953
1425
-1201
-3508
-5140
-5787
-5354
-4155
-2755
-1646
-1025
-834
-839
-657
89
1485
3137
4356
4472
3108
335
-3180
-6318
-8060
-8057
-6721
-4740
-2661
-821
494
1113
1172
1109
1305
1745
2085
2011
1455
451
-1030
-2959
-4970
-6368
-6598
-5658
-4090
-2531
-1321
-438
227
602
470
-229
-1148
-1759
-1839
-1719
-1866
-2379
-2916
-3117
-2928
-2439
-1624
-383
1134
2520
3603
4843
6938
9797
12051
11928
8873
4275
426
-1340
-1436
-1109
-996
-748
83
1240
1971
1904
1444
1345
2067
3552
5365
6856
7348
6424
4236
1415
-1351
-3625
-5161
-5736
-5266
-4042
-2713
-1842
-1542
-1467
-1138
-244
1184
2726
3712
3567
2214
97
-2172
-4207
-5838
-6828
-6831
-5711
-3888
-2144
-1071
-667
-475
-34
765
1646
2179
2077
1380
327
-895
-2235
-3603
-4698
-5169
-4892
-4101
-3165
-2359
-1758
-1290
-848
-397
-38
52
-255
-909
-1710
-2412
-2910
-3225
-3358
-3179
-2530
-1469
-271
774
1573
2207
2862
3920
5871
8742
11440
12114
9700
5180
913
-1417
-2003
-1992
-1871
-1176
417
2269
3312
3100
2185
1545
1850
3155
5005
6676
7414
6765
4790
2035
-841
-3376
-5258
-6160
-5841
-4501
-2837
-1615
-1153
-1189
-1147
-507
869
2564
3778
3842
2634
557
-1852
-4159
-6005
-7045
-7018
-5948
-4197
-2391
-1092
-484
-266
45
679
1436
1910
1863
1334
462
-710
-2181
-3758
-5010
-5510
-5176
-4299
-3305
-2467
-1836
-1326
-820
-278
194
381
137
-507
-1367
-2283
-3112
-3678
-3765
-3275
-2361
-1327
-401
398
1150
1904
2771
4107
6337
9312
11859
12335
9960
5653
1418
-1211
-2088
-2003
-1598
-911
154
1326
2065
2109
1731
1501
1872
2958
4510
5968
6687
6231
4623
2242
-418
-2877
-4654
-5355
-4973
-3992
-3073
-2532
-2208
-1767
-1026
50
1436
2902
3857
3610
2008
-331
-2502
-4044
-5064
-5732
-5892
-5254
-3906
-2392
-1318
-851
-659
-260
551
1560
2301
2357
1606
249
-1337
-2813
-3977
-4696
-4856
-4436
-3644
-2830
-2242
-1834
-1391
-809
-233
66
-54
-485
-967
-1364
-1767
-2373
-3148
-3729
-3683
-2863
-1542
-196
815
1448
1968
2781
4270
6607
9487
11882
12335
10004
5671
1443
-880
-1232
-902
-855
-797
31
1510
2598
2552
1804
1432
2064
3491
5124
6441
6997
6429
4669
2118
-594
-2953
-4625
-5348
-5013
-3931
-2752
-2033
-1843
-1859
-1694
-1065
192
1980
3746
4638
4019
1927
-1005
-3944
-6209
-7364
-7250
-6071
-4338
-2680
-1540
-1037
-966
-910
-458
487
1571
2230
2118
1291
-57
-1820
-3810
-5483
-6113
-5457
-4070
-2859
-2284
-2131
-1926
-1445
-799
-208
169
247
-52
-737
-1709
-2702
-3411
-3629
-3325
-2611
-1625
-509
593
1559
2411
3384
4825
6907
9350
11325
11715
9815
6052
1998
-722
-1634
-1476
-1082
-523
487
1726
2444
2249
1617
1399
2030
3336
4875
6157
6654
5941
4091
1707
-524
-2302
-3646
-4491
-4625
-4021
-3075
-2322
-1988
-1836
-1407
-353
1287
2981
3890
3393
1610
-676
-2654
-4023
-4889
-5310
-5171
-4431
-3363
-2384
-1745
-1365
-964
-291
667
1642
2228
2130
1351
135
-1217
-2487
-3530
-4192
-4359
-4055
-3511
-3016
-2711
-2482
-2102
-1471
-736
-178
39
-56
-376
-985
-1992
-3268
-4277
-4416
-3529
-2047
-609
426
1084
1565
2004
2448
3045
4191
6298
9108
11301
11200
8273
3852
146
-1547
-1562
-996
-477
114
984
1889
2321
2089
1565
1397
2025
3410
5073
6303
6473
5305
3043
323
-2152
-3898
-4747
-4761
-4169
-3317
-2572
-2084
-1668
-997
25
1098
1747
1683
971
-86
-1165
-2124
-2999
-3817
-4427
-4583
-4240
-3630
-3040
-2520
-1945
-1217
-373
489
1204
1506
1148
168
-1043
-2037
-2676
-3126
-3527
-3724
-3477
-2836
-2232
-2041
-2173
-2157
-1660
-828
-113
123
-180
-871
-1713
-2491
-3021
-3214
-3052
-2563
-1839
-1037
-310
302
869
1472
2184
3203
4871
7308
9908
11352
10478
7330
3373
452
-555
-203
347
503
544
915
1479
1701
1393
1039
1298
2384
3985
5566
6578
6514
5154
2826
310
-1695
-2962
-3604
-3743
-3436
-2866
-2325
-1968
-1685
-1291
-722
-12
780
1474
1695
1129
-147
-1656
-2913
-3730
-4152
-4232
-3948
-3345
-2607
-1986
-1600
-1358
-1028
-460
253
788
830
327
-504
-1399
-2237
-2990
-3537
-3685
-3372
-2831
-2426
-2332
-2370
-2191
-1617
-817
-176
17
-233
-697
-1201
-1750
-2401
-3014
-3296
-3041
-2280
-1206
-44
958
1595
1852
1978
2385
3493
5551
8296
10655
11120
8922
4953
1280
-523
-531
39
286
368
846
1702
2249
1977
1204
808
1422
2962
4794
6151
6476
5549
3577
1108
-1198
-2851
-3666
-3734
-3334
-2818
-2457
-2273
-2044
-1522
-662
329
1121
1409
1049
136
-992
-1981
-2710
-3273
-3706
-3834
-3509
-2892
-2390
-2221
-2190
-1908
-1205
-260
576
1026
965
411
-489
-1481
-2320
-2873
-3125
-3076
-2755
-2306
-2020
-2107
-2438
-2583
-2180
-1273
-301
225
49
-728
-1746
-2650
-3229
-3449
-3293
-2725
-1797
-743
114
586
762
928
1344
2082
3134
4654
6853
9385
10972
10152
6788
2625
-29
-318
661
1322
1208
977
1145
1383
1137
533
330
1122
2803
4741
6206
6622
5744
3798
1458
-555
-1881
-2539
-2702
-2567
-2397
-2435
-2669
-2776
-2445
-1692
-787
43
687
973
661
-298
-1563
-2614
-3150
-3244
-3140
-2961
-2683
-2308
-1963
-1765
-1666
-1461
-998
-336
276
547
308
-388
-1282
-2068
-2581
-2820
-2826
-2602
-2227
-1951
-2049
-2502
-2901
-2766
-1981
-914
-118
53
-387
-1180
-2008
-2663
-3054
-3160
-2920
-2270
-1289
-273
428
688
715
876
1422
2412
3880
5937
8469
10657
11114
8952
4931
1228
-294
336
1498
1802
1327
997
1148
1206
699
89
289
1620
3510
5118
5922
5732
4551
2639
608
-880
-1568
-1680
-1622
-1697
-2044
-2614
-3099
-3058
-2309
-1174
-215
256
295
19
-587
-1489
-2383
-2877
-2875
-2638
-2471
-2431
-2414
-2367
-2320
-2246
-2021
-1523
-770
34
539
419
-361
-1424
-2222
-2444
-2215
-1875
-1667
-1623
-1728
-2027
-2510
-2931
-2864
-2066
-797
288
601
8
-1152
-2364
-3190
-3418
-3076
-2409
-1707
-1131
-678
-312
-39
191
561
1225
2099
3002
4075
5784
8175
10155
10054
7303
3445
949
904
2114
2641
1902
894
608
822
689
67
-214
612
2346
4082
5100
5267
4707
3510
1858
236
-814
-1156
-1136
-1202
-1555
-2145
-2776
-3167
-3040
-2368
-1461
-710
-257
-43
-127
-701
-1719
-2691
-3082
-2869
-2520
-2412
-2443
-2328
-2065
-1937
-2043
-2092
-1713
-936
-219
-54
-559
-1422
-2188
-2570
-2557
-2318
-2026
-1783
-1629
-1619
-1830
-2249
-2611
-2486
-1646
-406
524
591
-205
-1422
-2574
-3309
-3423
-2871
-1907
-1006
-523
-426
-411
-219
215
868
1757
2935
4485
6488
8782
10616
10785
8614
4952
1881
996
1941
2889
2497
1143
132
24
198
-17
-306
211
1771
3609
4774
4941
4353
3307
2035
860
121
-147
-283
-652
-1334
-2152
-2868
-3260
-3163
-2577
-1720
-865
-191
131
-150
-1125
-2352
-3032
-2764
-2001
-1569
-1776
-2209
-2357
-2197
-2059
-2098
-2069
-1657
-896
-228
-139
-756
-1741
-2544
-2784
-2474
-1939
-1546
-1450
-1583
-1808
-2078
-2373
-2548
-2327
-1569
-533
182
79
-820
-1986
-2808
-3035
-2799
-2361
-1842
-1258
-683
-289
-170
-174
30
676
1687
2791
3914
5369
7429
9577
10453
8971
5666
2590
1541
2375
3334
2988
1593
426
156
277
103
-159
327
1866
3714
4819
4816
4093
3146
2158
1236
608
383
296
-72
-850
-1807
-2665
-3293
-3571
-3309
-2437
-1261
-367
-235
-903
-1939
-2725
-2847
-2366
-1753
-1478
-1640
-1977
-2225
-2359
-2465
-2508
-2345
-1896
-1264
-692
-477
-817
-1603
-2374
-2605
-2151
-1392
-901
-978
-1465
-1993
-2320
-2442
-2394
-2075
-1373
-452
224
228
-478
-1517
-2386
-2734
-2524
-1985
-1460
-1164
-1047
-913
-662
-341
26
546
1334
2373
3650
5326
7482
9561
10329
8877
5773
2943
2016
2796
3576
3001
1387
76
-233
-93
-252
-510
-3
1546
3331
4315
4224
3546
2808
2210
1783
1536
1329
862
-35
-1177
-2197
-2863
-3090
-2820
-2091
-1233
-742
-848
-1315
-1768
-2077
-2288
-2306
-1951
-1347
-1018
-1387
-2253
-2923
-2896
-2284
-1600
-1203
-1090
-1092
-1158
-1374
-1777
-2229
-2491
-2410
-2067
-1723
-1626
-1816
-2146
-2448
-2646
-2680
-2411
-1716
-739
62
212
-375
-1315
-2089
-2421
-2376
-2129
-1777
-1342
-916
-656
-616
-616
-388
170
930
1726
2575
3703
5343
7409
9253
9837
8490
5746
3261
2513
3368
4192
3548
1700
144
-174
210
252
-148
-98
1021
2688
3816
3896
3312
2725
2408
2244
2031
1631
953
3
-1059
-1984
-2607
-2891
-2838
-2479
-1958
-1524
-1349
-1427
-1688
-2076
-2432
-2430
-1890
-1168
-964
-1560
-2418
-2728
-2294
-1670
-1426
-1523
-1505
-1163
-786
-807
-1329
-2039
-2484
-2407
-1907
-1378
-1219
-1513
-1968
-2231
-2222
-2125
-2067
-1924
-1497
-839
-312
-295
-846
-1628
-2205
-2350
-2146
-1810
-1538
-1401
-1323
-1116
-663
-56
507
954
1401
1997
2882
4267
6250
8317
9264
8169
5549
3253
2780
3780
4477
3616
1720
271
-65
30
-252
-623
-99
1574
3406
4200
3755
2847
2217
1980
1889
1780
1575
1100
208
-957
-2017
-2692
-2909
-2656
-1961
-1108
-624
-857
-1600
-2299
-2585
-2464
-2073
-1525
-1057
-1069
-1747
-2700
-3186
-2819
-1927
-1203
-1030
-1258
-1507
-1579
-1564
-1649
-1871
-2059
-1991
-1674
-1402
-1490
-1916
-2320
-2399
-2237
-2123
-2121
-1952
-1395
-668
-289
-559
-1257
-1849
-1941
-1569
-1100
-928
-1149
-1529
-1714
-1509
-971
-304
322
862
1348
1833
2458
3544
5350
7528
8931
8424
6177
3887
3291
4346
5251
4440
2294
550
205
528
302
-443
-509
802
2640
3547
3070
2061
1544
1709
2088
2245
2027
1400
421
-690
-1671
-2421
-2909
-2937
-2292
-1213
-448
-586
-1435
-2243
-2482
-2224
-1819
-1476
-1298
-1442
-1989
-2682
-3047
-2815
-2167
-1512
-1154
-1116
-1221
-1268
-1217
-1220
-1415
-1698
-1797
-1626
-1470
-1663
-2145
-2471
-2350
-2014
-1930
-2194
-2388
-2071
-1308
-611
-422
-724
-1162
-1454
-1593
-1712
-1807
-1731
-1394
-923
-572
-498
-596
-576
-188
566
1497
2541
3941
5904
7959
8902
7809
5249
3177
3204
4905
6130
5202
2635
445
-114
301
349
-144
-99
1144
2745
3280
2404
1170
775
1405
2349
2848
2599
1677
360
-926
-1762
-2004
-1819
-1470
-1159
-1073
-1362
-1925
-2370
-2381
-2100
-1920
-1960
-1955
-1750
-1636
-1973
-2585
-2807
-2249
-1300
-755
-964
-1531
-1794
-1510
-1024
-854
-1171
-1663
-1881
-1707
-1473
-1573
-1999
-2356
-2351
-2156
-2158
-2417
-2539
-2150
-1358
-656
-405
-562
-873
-1162
-1383
-1474
-1360
-1078
-832
-827
-1060
-1300
-1295
-953
-358
337
1029
1814
3033
4983
7324
8881
8475
6259
4007
3595
5042
6373
5681
3170
826
162
710
953
353
-121
529
1902
2665
2187
1197
816
1339
2175
2607
2332
1455
343
-535
-927
-1033
-1257
-1631
-1743
-1349
-860
-943
-1706
-2540
-2803
-2479
-2036
-1836
-1903
-2162
-2584
-3007
-3067
-2519
-1613
-944
-900
-1312
-1691
-1689
-1362
-1056
-1097
-1504
-1965
-2128
-1995
-1894
-2047
-2269
-2251
-2018
-1930
-2166
-2413
-2192
-1440
-645
-385
-779
-1419
-1801
-1752
-1477
-1238
-1120
-1030
-886
-715
-627
-632
-565
-192
515
1312
2023
2905
4427
6458
7901
7568
5613
3778
3797
5497
6835
6018
3397
1007
319
856
1149
645
172
590
1554
1954
1331
429
287
1115
2194
2681
2279
1265
161
-572
-791
-736
-753
-900
-956
-885
-1050
-1725
-2547
-2790
-2265
-1638
-1652
-2236
-2673
-2560
-2250
-2234
-2387
-2152
-1365
-586
-461
-958
-1408
-1261
-668
-280
-559
-1334
-2010
-2164
-1907
-1692
-1789
-2035
-2105
-1973
-1947
-2235
-2585
-2514
-1871
-1068
-701
-950
-1431
-1601
-1321
-933
-856
-1106
-1337
-1281
-1049
-905
-882
-717
-203
524
1158
1723
2727
4589
6806
7976
7089
4866
3417
4158
6187
7112
5609
2838
1093
1291
2186
2090
889
-22
387
1523
1999
1350
464
420
1277
2193
2390
1761
729
-170
-612
-645
-595
-735
-978
-1052
-946
-998
-1424
-1966
-2168
-1968
-1779
-1953
-2368
-2659
-2720
-2755
-2873
-2866
-2489
-1857
-1378
-1319
-1504
-1512
-1111
-529
-268
-628
-1349
-1809
-1638
-1149
-1019
-1520
-2205
-2473
-2271
-2089
-2253
-2488
-2269
-1512
-741
-558
-1032
-1643
-1797
-1350
-702
-378
-570
-995
-1220
-1045
-631
-222
103
413
733
1057
1562
2632
4418
6339
7254
6471
4658
3498
4125
5864
6763
5581
3131
1406
1408
2179
2172
1187
444
839
1762
1963
1158
288
273
1027
1755
1860
1341
557
-88
-320
-180
-84
-428
-1089
-1498
-1329
-935
-924
-1436
-2043
-2321
-2271
-2158
-2167
-2318
-2575
-2853
-2976
-2781
-2321
-1833
-1515
-1365
-1276
-1163
-993
-784
-666
-821
-1247
-1637
-1680
-1433
-1288
-1490
-1868
-2086
-2101
-2159
-2393
-2549
-2261
-1530
-827
-670
-1121
-1723
-1914
-1550
-994
-751
-946
-1222
-1145
-699
-261
-127
-148
61
609
1228
1745
2479
3865
5622
6630
6018
4369
3437
4345
6201
6897
5371
2791
1272
1585
2519
2508
1453
596
806
1541
1688
1028
413
615
1418
1991
1813
1031
150
-363
-324
35
181
-266
-1099
-1706
-1700
-1257
-817
-677
-939
-1594
-2398
-2820
-2503
-1834
-1721
-2552
-3601
-3786
-2919
-1881
-1518
-1708
-1708
-1185
-560
-379
-643
-920
-909
-707
-600
-790
-1288
-1920
-2370
-2400
-2120
-1961
-2188
-2543
-2495
-1894
-1193
-958
-1270
-1683
-1733
-1352
-854
-607
-748
-1093
-1294
-1114
-610
-24
449
764
967
1203
1786
3056
4894
6411
6477
4922
3127
2943
4729
6700
6653
4363
1882
1254
2315
3148
2518
1221
792
1454
1976
1412
302
-109
568
1534
1814
1202
222
-477
-581
-223
105
-101
-866
-1636
-1816
-1377
-805
-553
-736
-1297
-2119
-2828
-2853
-2083
-1296
-1494
-2701
-3771
-3636
-2507
-1554
-1502
-1912
-1924
-1345
-757
-693
-1046
-1319
-1218
-887
-684
-843
-1305
-1759
-1905
-1754
-1664
-1951
-2482
-2750
-2431
-1753
-1270
-1280
-1584
-1779
-1657
-1338
-1064
-990
-1079
-1168
-1073
-735
-244
210
479
575
730
1307
2566
4346
5929
6384
5388
3808
3210
4386
6332
7009
5420
2785
1317
1864
3097
3211
2022
928
989
1681
1795
1058
373
542
1321
1830
1563
761
11
-268
-26
397
447
-181
-1149
-1700
-1422
-685
-242
-498
-1270
-2085
-2519
-2359
-1755
-1268
-1482
-2384
-3256
-3353
-2689
-1980
-1824
-2096
-2213
-1829
-1144
-600
-454
-627
-857
-915
-792
-699
-861
-1260
-1622
-1711
-1619
-1669
-2027
-2452
-2503
-2025
-1373
-1099
-1417
-1984
-2207
-1787
-979
-395
-476
-1097
-1639
-1544
-802
68
559
619
597
863
1601
2818
4282
5404
5484
4418
3155
3056
4479
6123
6187
4323
2157
1571
2642
3670
3255
1842
954
1246
1874
1780
1032
553
844
1423
1526
975
207
-273
-272
67
361
195
-516
-1320
-1581
-1131
-473
-265
-722
-1558
-2313
-2601
-2240
-1463
-986
-1489
-2799
-3840
-3676
-2522
-1492
-1358
-1820
-2037
-1641
-1022
-744
-914
-1185
-1205
-975
-763
-806
-1081
-1359
-1442
-1379
-1425
-1766
-2238
-2415
-2039
-1350
-920
-1114
-1743
-2241
-2186
-1616
-962
-665
-850
-1236
-1381
-1022
-313
327
574
465
370
764
1940
3738
5431
6049
5177
3591
2859
3894
5831
6671
5313
2831
1416
2025
3405
3631
2319
904
758
1580
2003
1426
636
625
1304
1737
1333
412
-314
-458
-159
148
44
-589
-1394
-1755
-1364
-582
-119
-388
-1195
-1994
-2332
-2097
-1553
-1231
-1571
-2469
-3243
-3248
-2556
-1878
-1782
-2132
-2350
-2104
-1560
-1077
-841
-837
-954
-1057
-1034
-924
-908
-1083
-1313
-1414
-1432
-1589
-1945
-2253
-2228
-1883
-1532
-1475
-1720
-1984
-1960
-1561
-1014
-690
-809
-1227
-1521
-1313
-632
111
481
420
281
567
1573
3177
4793
5591
5065
3676
2788
3519
5416
6576
5530
2980
1235
1729
3469
4240
3125
1334
580
1150
1929
1950
1383
1004
1143
1427
1343
771
36
-372
-206
258
363
-289
-1298
-1790
-1368
-578
-269
-675
-1330
-1784
-2043
-2231
-2189
-1750
-1254
-1355
-2209
-3111
-3192
-2389
-1524
-1398
-1950
-2397
-2091
-1177
-381
-260
-697
-1109
-1093
-817
-747
-1060
-1444
-1514
-1308
-1250
-1604
-2119
-2274
-1854
-1210
-928
-1249
-1850
-2170
-1928
-1349
-898
-871
-1186
-1501
-1485
-1064
-430
119
399
435
443
757
1700
3290
4930
5603
4755
3144
2454
3643
5690
6423
4831
2306
1197
2252
3880
4072
2629
1117
868
1572
1987
1549
850
655
957
1164
912
408
66
64
259
335
9
-706
-1377
-1471
-917
-266
-158
-705
-1508
-2138
-2402
-2240
-1722
-1235
-1373
-2295
-3315
-3462
-2559
-1504
-1321
-2042
-2744
-2579
-1603
-592
-223
-533
-1043
-1266
-1124
-891
-844
-975
-1085
-1097
-1180
-1506
-1962
-2185
-1943
-1431
-1129
-1338
-1887
-2294
-2191
-1626
-981
-677
-873
-1364
-1700
-1510
-774
140
750
820
548
453
1078
2572
4416
5583
5291
3850
2677
3122
5028
6612
6119
3720
1501
1342
2940
4241
3765
2088
889
948
1532
1623
1179
910
1180
1548
1397
680
-71
-311
58
598
660
-54
-1110
-1656
-1276
-464
-97
-515
-1296
-1874
-2086
-2055
-1855
-1538
-1373
-1700
-2442
-3000
-2832
-2085
-1471
-1514
-2034
-2373
-2074
-1278
-543
-336
-661
-1108
-1270
-1096
-875
-855
-991
-1071
-1068
-1184
-1556
-1969
-2037
-1655
-1189
-1143
-1647
-2303
-2545
-2153
-1430
-938
-1001
-1440
-1742
-1535
-887
-199
198
277
210
202
493
1355
2838
4423
5170
4511
3037
2269
3274
5390
6605
5531
2993
1308
1858
3628
4423
3309
1478
666
1197
1929
1846
1152
725
905
1198
1004
328
-285
-337
126
544
340
-500
-1314
-1389
-722
-45
-27
-609
-1241
-1619
-1890
-2142
-2101
-1595
-1115
-1430
-2557
-3466
-3137
-1815
-852
-1239
-2482
-3158
-2461
-999
-65
-287
-1127
-1602
-1309
-706
-479
-803
-1244
-1349
-1170
-1152
-1533
-2008
-2064
-1606
-1119
-1159
-1722
-2224
-2121
-1454
-800
-676
-1093
-1594
-1706
-1296
-613
-24
256
278
268
453
950
1788
2923
4121
4859
4641
3626
2844
3373
5074
6386
5798
3581
1710
1825
3448
4549
3809
1975
806
1053
1854
2024
1446
906
917
1124
916
263
-283
-264
204
575
373
-381
-1152
-1314
-737
13
154
-561
-1636
-2345
-2379
-1985
-1630
-1641
-2085
-2759
-3246
-3168
-2551
-1900
-1762
-2163
-2594
-2524
-1906
-1148
-704
-737
-1092
-1434
-1465
-1130
-693
-528
-769
-1202
-1534
-1662
-1664
-1612
-1518
-1428
-1443
-1620
-1884
-2062
-1982
-1604
-1107
-835
-993
-1387
-1525
-1093
-299
284
308
-5
-119
272
1051
1947
2848
3699
4219
4034
3270
2810
3546
5201
6245
5411
3256
1793
2346
4082
4962
3987
2103
926
1012
1624
1881
1640
1280
1031
809
526
269
161
197
246
129
-293
-952
-1453
-1313
-505
318
343
-591
-1792
-2384
-2118
-1491
-1177
-1449
-2101
-2720
-2963
-2721
-2178
-1727
-1689
-2042
-2405
-2367
-1822
-1052
-505
-469
-857
-1272
-1315
-942
-507
-429
-799
-1335
-1690
-1756
-1658
-1561
-1525
-1545
-1619
-1744
-1858
-1853
-1672
-1388
-1181
-1194
-1406
-1601
-1531
-1107
-508
-20
192
198
212
423
908
1689
2740
3838
4482
4225
3292
2707
3390
4986
5912
4950
2764
1412
2168
4080
4985
3844
1735
499
790
1696
2037
1585
932
574
452
283
10
-195
-197
-56
18
-197
-719
-1229
-1268
-707
1
191
-326
-1104
-1609
-1738
-1691
-1570
-1392
-1421
-2038
-3092
-3725
-3227
-1983
-1216
-1654
-2711
-3138
-2381
-1085
-322
-511
-1165
-1529
-1322
-858
-618
-773
-1111
-1323
-1331
-1304
-1415
-1603
-1656
-1503
-1344
-1442
-1803
-2125
-2084
-1673
-1206
-1026
-1198
-1498
-1614
-1381
-861
-321
-28
-30
-68
193
871
1819
2844
3791
4413
4398
3790
3282
3724
5138
6389
6159
4368
2470
2083
3307
4586
4364
2716
1138
823
1508
2069
1879
1273
838
689
553
280
16
-48
55
97
-141
-673
-1210
-1325
-860
-200
2
-533
-1383
-1888
-1826
-1536
-1401
-1464
-1587
-1799
-2227
-2741
-2927
-2562
-1986
-1813
-2226
-2720
-2609
-1766
-762
-289
-515
-1003
-1186
-895
-440
-268
-528
-991
-1318
-1407
-1419
-1516
-1643
-1640
-1505
-1463
-1698
-2077
-2229
-1918
-1342
-982
-1147
-1632
-1898
-1581
-863
-268
-147
-349
-435
-142
424
1071
1815
2766
3734
4179
3790
3070
3062
4260
5852
6317
4980
2869
1809
2589
4124
4593
3338
1468
577
1078
1979
2154
1482
682
336
379
445
372
265
222
176
-3
-348
-722
-880
-652
-178
86
-239
-1030
-1709
-1806
-1422
-1064
-1118
-1568
-2161
-2650
-2865
-2715
-2285
-1888
-1862
-2236
-2637
-2607
-2024
-1225
-727
-792
-1211
-1491
-1298
-763
-347
-384
-769
-1134
-1240
-1167
-1116
-1166
-1258
-1353
-1473
-1618
-1715
-1704
-1614
-1522
-1481
-1500
-1548
-1530
-1339
-962
-539
-220
-24
147
370
672
1113
1822
2830
3864
4390
4064
3260
2977
3910
5517
6289
5263
3212
2019
2719
4365
5029
3844
1826
659
939
1797
2070
1507
730
318
239
137
-125
-360
-364
-179
-65
-257
-715
-1088
-1017
-559
-230
-499
-1234
-1820
-1844
-1510
-1300
-1393
-1609
-1840
-2192
-2650
-2863
-2539
-1936
-1691
-2083
-2668
-2737
-2072
-1138
-601
-717
-1189
-1484
-1302
-797
-411
-472
-920
-1388
-1577
-1495
-1359
-1317
-1351
-1391
-1444
-1537
-1620
-1579
-1373
-1137
-1070
-1246
-1499
-1568
-1335
-938
-616
-499
-491
-394
-90
377
926
1581
2436
3397
4057
4019
3450
3163
3880
5337
6279
5612
3635
1981
2076
3635
4861
4308
2398
875
869
1848
2492
2166
1282
517
146
75
142
204
141
-74
-345
-598
-839
-1009
-916
-514
-153
-305
-996
-1673
-1802
-1446
-1126
-1206
-1604
-2040
-2338
-2446
-2342
-2080
-1864
-1924
-2266
-2592
-2527
-1958
-1177
-673
-736
-1181
-1489
-1268
-637
-126
-162
-656
-1137
-1258
-1104
-1001
-1117
-1328
-1445
-1445
-1441
-1498
-1549
-1517
-1420
-1366
-1420
-1530
-1554
-1396
-1079
-734
-464
-272
-103
80
293
615
1226
2224
3381
4139
4044
3304
2833
3472
5018
6164
5681
3778
2076
2037
3439
4606
4183
2492
1033
821
1489
1962
1701
1047
572
411
308
78
-175
-259
-140
-2
-94
-485
-935
-1060
-732
-306
-321
-918
-1668
-2020
-1865
-1553
-1446
-1591
-1856
-2171
-2490
-2641
-2426
-1939
-1612
-1803
-2351
-2659
-2278
-1386
-653
-609
-1152
-1659
-1602
-1025
-451
-339
-682
-1115
-1346
-1381
-1368
-1353
-1287
-1197
-1225
-1457
-1762
-1862
-1592
-1112
-804
-933
-1359
-1647
-1476
-946
-439
-246
-319
-373
-166
301
869
1443
2109
2931
3671
3889
3499
3110
3544
4839
5926
5607
3932
2358
2324
3696
4873
4490
2825
1357
1115
1756
2240
2028
1419
926
697
561
376
161
-1
-87
-157
-338
-710
-1117
-1193
-752
-129
42
-513
-1356
-1801
-1631
-1245
-1148
-1462
-1945
-2322
-2475
-2399
-2151
-1880
-1786
-1966
-2267
-2378
-2100
-1552
-1100
-1050
-1359
-1658
-1567
-1066
-535
-415
-783
-1304
-1577
-1515
-1341
-1276
-1310
-1304
-1232
-1230
-1405
-1662
-1776
-1633
-1375
-1259
-1394
-1599
-1581
-1216
-697
-327
-241
-295
-244
48
555
1224
2046
2942
3636
3795
3432
3107
3511
4679
5707
5522
4076
2601
2422
3524
4523
4152
2595
1179
892
1477
1971
1830
1306
893
741
642
397
37
-249
-304
-186
-185
-547
-1120
-1396
-1050
-404
-151
-590
-1305
-1649
-1443
-1082
-1028
-1348
-1784
-2110
-2297
-2376
-2305
-2079
-1865
-1896
-2191
-2445
-2306
-1730
-1070
-754
-903
-1220
-1297
-1005
-616
-508
-783
-1177
-1372
-1312
-1194
-1171
-1193
-1153
-1112
-1231
-1517
-1735
-1647
-1289
-948
-880
-1077
-1297
-1274
-946
-494
-198
-164
-233
-148
174
619
1088
1673
2480
3326
3771
3593
3194
3326
4276
5379
5553
4434
2889
2235
2909
4014
4259
3276
1893
1163
1323
1761
1823
1437
959
656
470
229
-75
-286
-296
-202
-256
-635
-1211
-1590
-1464
-945
-509
-546
-985
-1431
-1612
-1579
-1497
-1417
-1348
-1436
-1828
-2373
-2632
-2342
-1779
-1508
-1778
-2257
-2388
-1959
-1285
-884
-986
-1349
-1527
-1324
-936
-699
-722
-849
-924
-991
-1177
-1437
-1531
-1302
-915
-757
-1036
-1539
-1825
-1657
-1231
-953
-1037
-1319
-1457
-1268
-882
-566
-447
-398
-221
111
454
746
1171
1961
3010
3798
3850
3302
2897
3298
4358
5174
4946
3804
2729
2587
3290
3934
3760
2877
2016
1694
1775
1815
1630
1374
1179
934
487
-75
-450
-435
-153
46
-102
-553
-991
-1098
-819
-426
-293
-586
-1123
-1537
-1599
-1388
-1179
-1201
-1491
-1926
-2317
-2502
-2412
-2137
-1898
-1884
-2079
-2259
-2186
-1823
-1360
-1053
-999
-1087
-1119
-1009
-836
-733
-754
-858
-991
-1153
-1336
-1466
-1436
-1238
-1031
-1024
-1256
-1508
-1496
-1164
-768
-631
-838
-1161
-1286
-1077
-671
-318
-155
-102
17
280
620
997
1515
2293
3182
3749
3685
3238
3086
3665
4607
5023
4409
3225
2465
2653
3356
3710
3307
2490
1863
1684
1750
1751
1580
1327
1062
747
319
-154
-483
-511
-310
-164
-316
-720
-1070
-1097
-849
-622
-661
-951
-1296
-1525
-1587
-1507
-1364
-1306
-1494
-1933
-2390
-2562
-2363
-2022
-1861
-1986
-2187
-2167
-1845
-1433
-1201
-1201
-1244
-1155
-972
-878
-960
-1108
-1155
-1075
-991
-1026
-1149
-1216
-1128
-962
-895
-1027
-1269
-1425
-1370
-1157
-972
-964
-1112
-1228
-1137
-843
-519
-296
-144
55
332
612
857
1179
1726
2483
3194
3530
3397
3089
3092
3641
4419
4776
4346
3454
2838
2915
3377
3560
3156
2473
2015
1932
1953
1779
1405
1046
828
666
396
-14
-421
-645
-648
-585
-658
-922
-1221
-1344
-1222
-986
-843
-922
-1198
-1510
-1662
-1570
-1348
-1236
-1403
-1789
-2150
-2270
-2141
-1945
-1858
-1891
-1900
-1766
-1522
-1311
-1234
-1249
-1229
-1107
-936
-834
-861
-978
-1097
-1164
-1184
-1196
-1219
-1238
-1224
-1180
-1147
-1172
-1248
-1304
-1270
-1144
-1014
-966
-993
-991
-866
-639
-428
-313
-263
-159
71
400
754
1128
1599
2217
2857
3255
3252
3022
2986
3404
4058
4425
4200
3615
3204
3247
3529
3610
3284
2720
2225
1944
1797
1622
1334
976
652
427
261
43
-283
-632
-841
-850
-779
-813
-999
-1191
-1220
-1078
-935
-966
-1183
-1430
-1536
-1476
-1386
-1432
-1640
-1873
-1970
-1906
-1793
-1748
-1776
-1811
-1797
-1726
-1609
-1472
-1356
-1293
-1256
-1186
-1047
-883
-774
-768
-836
-910
-938
-922
-895
-889
-899
-901
-885
-873
-884
-911
-925
-911
-890
-888
-912
-932
-917
-841
-703
-518
-319
-127
47
211
392
649
1023
1494
1961
2307
2482
2548
2632
2840
3154
3425
3501
3397
3285
3312
3428
3446
3250
2908
2602
2452
2420
2349
2095
1652
1163
802
628
532
338
-38
-493
-818
-889
-794
-755
-892
-1116
-1240
-1200
-1106
-1104
-1208
-1305
-1296
-1203
-1146
-1213
-1382
-1532
-1555
-1463
-1398
-1486
-1701
-1864
-1822
-1615
-1446
-1467
-1643
-1791
-1766
-1588
-1416
-1397
-1537
-1700
-1736
-1600
-1395
-1260
-1259
-1325
-1340
-1252
-1123
-1051
-1060
-1076
-1021
-906
-809
-780
-781
-743
-651
-554
-489
-435
-326
-134
119
372
598
816
1089
1464
1916
2340
2628
2766
2872
3094
3464
3845
4046
4009
3875
3847
3978
4109
4029
3703
3308
3044
2915
2739
2363
1847
1408
1175
1044
776
259
-351
-771
-877
-829
-910
-1225
-1598
-1766
-1653
-1446
-1414
-1648
-1990
-2179
-2094
-1863
-1731
-1819
-2017
-2129
-2090
-2021
-2046
-2133
-2135
-1991
-1800
-1708
-1750
-1840
-1866
-1779
-1606
-1423
-1310
-1291
-1310
-1275
-1146
-978
-858
-836
-881
-922
-898
-807
-695
-616
-603
-652
-711
-709
-618
-488
-405
-396
-413
-400
-354
-287
-193
-55
111
299
532
858
1270
1693
2036
2258
2403
2574
2851
3203
3485
3565
3483
3422
3522
3703
3748
3536
3187
2930
2853
2798
2550
2076
1574
1262
1148
1014
655
102
-408
-668
-711
-755
-977
-1333
-1604
-1610
-1398
-1214
-1282
-1574
-1834
-1834
-1615
-1436
-1490
-1707
-1848
-1785
-1627
-1576
-1696
-1860
-1902
-1803
-1689
-1687
-1787
-1858
-1791
-1611
-1447
-1403
-1456
-1497
-1432
-1265
-1074
-944
-897
-888
-853
-772
-673
-585
-510
-448
-420
-447
-518
-583
-595
-536
-439
-363
-354
-382
-368
-244
-32
189
356
479
625
871
1240
1682
2078
2323
2421
2506
2737
3147
3576
3796
3718
3501
3417
3574
3792
3772
3409
2918
2613
2565
2531
2229
1661
1112
826
732
552
133
-375
-701
-760
-735
-871
-1207
-1546
-1647
-1477
-1253
-1254
-1550
-1925
-2076
-1904
-1614
-1507
-1685
-1958
-2057
-1899
-1658
-1563
-1664
-1801
-1789
-1618
-1455
-1453
-1585
-1686
-1634
-1468
-1322
-1281
-1319
-1352
-1317
-1208
-1071
-958
-896
-872
-867
-864
-843
-780
-687
-619
-623
-687
-749
-746
-662
-542
-461
-469
-520
-506
-354
-108
129
294
415
558
788
1123
1533
1934
2233
2393
2481
2621
2894
3256
3552
3645
3553
3448
3492
3662
3759
3605
3226
2835
2619
2543
2393
2017
1497
1061
831
696
459
62
-353
-613
-699
-748
-894
-1122
-1292
-1300
-1212
-1208
-1386
-1651
-1800
-1743
-1591
-1535
-1650
-1831
-1921
-1862
-1740
-1676
-1723
-1824
-1883
-1852
-1780
-1745
-1768
-1794
-1764
-1683
-1594
-1504
-1386
-1233
-1095
-1019
-990
-945
-852
-735
-634
-557
-496
-456
-455
-498
-559
-597
-577
-497
-409
-381
-427
-477
-442
-315
-174
-100
-81
-28
145
421
706
915
1077
1298
1636
2006
2264
2368
2450
2674
3038
3349
3416
3261
3106
3145
3331
3420
3221
2806
2449
2343
2386
2283
1862
1261
791
620
613
496
137
-342
-699
-816
-784
-799
-969
-1230
-1421
-1450
-1378
-1353
-1452
-1600
-1661
-1590
-1490
-1498
-1634
-1783
-1830
-1785
-1762
-1831
-1940
-1968
-1879
-1767
-1751
-1829
-1873
-1770
-1558
-1387
-1342
-1357
-1308
-1161
-999
-911
-898
-885
-809
-680
-566
-522
-540
-559
-530
-467
-428
-442
-471
-462
-408
-351
-310
-259
-169
-67
2
37
110
289
571
863
1068
1173
1288
1541
1944
2345
2571
2610
2639
2840
3196
3499
3562
3409
3231
3177
3204
3148
2927
2633
2425
2337
2229
1937
1464
997
719
620
509
220
-213
-593
-771
-790
-830
-1018
-1303
-1513
-1522
-1378
-1267
-1339
-1568
-1771
-1794
-1663
-1547
-1572
-1698
-1782
-1744
-1648
-1624
-1716
-1844
-1885
-1812
-1712
-1695
-1773
-1847
-1822
-1707
-1592
-1537
-1503
-1417
-1262
-1089
-948
-843
-753
-664
-581
-509
-448
-399
-359
-314
-262
-227
-237
-284
-326
-324
-283
-231
-196
-180
-173
-150
-80
53
227
403
559
710
883
1103
1377
1687
1981
2204
2342
2456
2620
2844
3050
3142
3102
3004
2941
2952
2988
2950
2769
2473
2178
1986
1880
1720
1384
914
497
283
237
176
-35
-354
-620
-736
-759
-820
-970
-1137
-1225
-1235
-1259
-1368
-1525
-1622
-1612
-1563
-1583
-1707
-1855
-1921
-1875
-1790
-1769
-1851
-1982
-2063
-2035
-1929
-1835
-1815
-1833
-1801
-1678
-1522
-1416
-1360
-1275
-1110
-911
-757
-663
-573
-446
-309
-224
-211
-222
-186
-82
29
62
-3
-93
-113
-37
74
152
187
216
264
316
353
393
487
659
866
1034
1146
1257
1442
1708
1985
2188
2287
2329
2398
2539
2716
2829
2805
2672
2540
2491
2496
2446
2262
1986
1734
1580
1476
1315
1044
714
425
223
79
-69
-249
-434
-582
-673
-742
-843
-992
-1138
-1212
-1211
-1217
-1306
-1462
-1589
-1627
-1618
-1652
-1747
-1829
-1832
-1787
-1786
-1872
-1985
-2043
-2027
-1993
-1989
-2001
-1969
-1863
-1713
-1579
-1491
-1419
-1316
-1172
-1026
-911
-810
-684
-535
-410
-341
-300
-223
-98
25
84
79
69
105
177
243
272
273
277
298
336
381
438
508
587
660
719
781
884
1035
1196
1303
1351
1412
1569
1815
2045
2157
2157
2149
2222
2369
2498
2524
2437
2307
2228
2232
2263
2217
2044
1805
1610
1499
1399
1218
947
671
461
303
129
-94
-334
-538
-691
-824
-978
-1156
-1322
-1439
-1509
-1574
-1675
-1812
-1943
-2029
-2063
-2069
-2086
-2127
-2167
-2172
-2140
-2106
-2100
-2111
-2098
-2034
-1922
-1789
-1667
-1577
-1511
-1431
-1300
-1118
-925
-764
-647
-546
-429
-290
-150
-35
47
120
213
336
461
550
586
596
617
656
691
698
679
655
639
622
606
604
625
658
682
694
715
760
828
899
951
971
971
982
1042
1157
1289
1381
1413
1409
1419
1473
1561
1645
1685
1667
1618
1593
1611
1633
1591
1466
1316
1214
1168
1110
974
769
566
418
301
152
-52
-268
-442
-571
-700
-862
-1049
-1227
-1378
-1504
-1614
-1708
-1787
-1852
-1906
-1952
-1995
-2039
-2073
-2077
-2039
-1973
-1912
-1868
-1825
-1758
-1665
-1565
-1469
-1369
-1252
-1120
-989
-868
-752
-636
-519
-397
-263
-120
12
117
214
340
498
644
731
764
791
847
922
981
1009
1020
1032
1042
1029
983
930
915
944
970
934
839
754
739
775
784
720
625
578
604
652
654
601
540
518
537
562
567
553
541
547
568
584
582
572
581
617
654
649
589
505
448
434
435
404
319
200
86
4
-48
-100
-183
-303
-429
-526
-582
-622
-677
-759
-854
-944
-1019
-1077
-1111
-1126
-1137
-1162
-1198
-1222
-1223
-1218
-1231
-1256
-1257
-1216
-1158
-1122
-1111
-1088
-1017
-899
-773
-678
-615
-551
-449
-316
-195
-122
-86
-39
46
155
254
336
415
498
570
615
640
674
726
776
794
777
752
738
727
703
670
642
623
589
522
446
405
421
462
475
434
365
315
317
355
389
382
338
297
301
345
392
405
390
379
392
422
447
461
469
469
450
407
355
322
320
334
330
288
213
132
70
30
-6
-53
-115
-184
-249
-307
-359
-405
-439
-465
-499
-558
-631
-685
-698
-680
-673
-703
-763
-821
-843
-820
-773
-739
-744
-776
-785
-730
-627
-537
-505
-513
-505
-444
-349
-261
-201
-160
-125
-90
-50
3
68
125
153
157
163
187
221
244
253
256
264
278
296
318
342
356
352
333
310
293
286
288
291
283
257
223
200
191
190
185
186
202
230
244
233
213
220
262
304
299
242
180
164
196
226
207
150
109
118
154
167
135
87
63
63
57
20
-27
-45
-22
9
3
-42
-88
-93
-60
-27
-25
-44
-57
-52
-44
-53
-80
-114
-145
-165
-166
-148
-124
-126
-172
-236
-272
-259
-224
-217
-257
-313
-333
-300
-253
-252
-313
-385
-394
-320
-223
-180
-203
-233
-210
-142
-87
-85
-106
-88
-13
75
115
97
64
55
75
102
125
151
178
193
184
159
140
147
176
204
204
170
125
102
110
122
108
66
21
-7
-26
-44
-53
-36
-7
2
-31
-77
-92
-60
-15
-2
-22
-39
-20
24
50
33
-1
-11
16
53
67
58
54
76
111
128
121
115
141
197
243
246
210
176
175
201
223
218
188
155
140
147
162
164
139
91
41
8
-1
0
-9
-33
-67
-103
-135
-156
-155
-131
-106
-111
-155
-210
-242
-243
-234
-238
-257
-274
-280
-283
-292
-305
-309
-305
-306
-321
-337
-328
-286
-237
-221
-242
-266
-249
-188
-124
-93
-91
-91
-73
-51
-39
-31
-7
40
91
123
127
112
97
97
119
152
176
175
156
138
139
156
170
165
137
99
74
83
125
170
182
154
115
103
124
152
157
139
123
134
168
199
207
191
165
149
150
163
178
191
203
214
213
184
130
81
66
88
120
131
114
85
64
57
55
47
31
14
4
7
18
25
12
-28
-85
-132
-153
-144
-125
-122
-146
-187
-218
-220
-201
-188
-201
-226
-232
-207
-174
-174
-216
-266
-282
-259
-226
-217
-235
-251
-238
-203
-176
-178
-197
-194
-143
-65
-10
-12
-53
-83
-72
-33
-3
3
1
14
45
79
100
108
105
93
77
73
93
126
139
108
48
6
16
63
104
115
109
110
122
127
119
112
119
132
129
108
96
115
155
175
150
94
50
45
77
114
128
113
78
41
15
-1
-9
-10
-6
-2
-8
-26
-47
-59
-52
-32
-12
-5
-19
-48
-73
-73
-44
-15
-17
-45
-53
-4
77
117
75
-6
-44
-10
33
7
-82
-150
-140
-93
-94
-155
-203
-169
-81
-30
-57
-106
-101
-37
22
27
-10
-44
-58
-65
-70
-57
-18
29
57
62
61
67
74
71
58
44
45
62
86
98
88
66
53
57
69
81
102
145
197
216
174
96
39
41
83
121
127
102
61
16
-18
-25
0
36
46
15
-34
-62
-56
-46
-62
-103
-130
-112
-66
-36
-48
-86
-110
-98
-64
-36
-32
-44
-54
-54
-52
-65
-93
-115
-115
-96
-89
-108
-138
-146
-120
-88
-82
-108
-143
-158
-149
-127
-106
-94
-99
-119
-138
-134
-102
-63
-46
-60
-82
-86
-66
-39
-28
-35
-46
-44
-27
-3
21
43
56
61
65
84
117
145
147
133
131
