14
17
18
17
16
18
19
18
15
13
12
11
9
6
7
11
14
11
4
-1
-1
2
1
-7
-16
-17
-11
-7
-16
-36
-54
-56
-40
-20
-9
-11
-19
-28
-33
-35
-33
-28
-25
-26
-31
-34
-30
-25
-25
-30
-34
-30
-20
-9
1
9
17
22
21
16
15
18
25
32
37
42
47
49
47
44
46
54
63
64
55
40
28
26
31
38
41
40
35
30
26
23
20
17
15
14
12
7
-3
-13
-16
-9
0
-1
-14
-32
-40
-34
-22
-16
-20
-31
-41
-49
-60
-76
-98
-120
-139
-153
-165
-176
-184
-188
-186
-180
-172
-164
-155
-141
-117
-79
-33
8
34
47
61
92
140
190
226
240
238
233
236
241
243
237
227
216
201
181
159
141
135
144
162
179
183
176
171
180
201
219
226
226
226
228
227
221
213
207
199
184
157
120
79
40
6
-30
-76
-136
-204
-267
-322
-376
-433
-488
-533
-569
-606
-658
-726
-798
-853
-883
-894
-900
-911
-924
-931
-919
-883
-820
-740
-656
-577
-497
-412
-322
-234
-144
-39
91
235
377
505
626
741
850
954
1061
1176
1288
1373
1423
1451
1469
1470
1433
1357
1260
1158
1043
895
713
524
354
208
72
-66
-206
-337
-441
-501
-516
-500
-475
-445
-400
-335
-261
-191
-121
-39
49
119
150
148
124
79
6
-93
-204
-323
-458
-616
-792
-966
-1126
-1263
-1376
-1461
-1520
-1560
-1589
-1599
-1568
-1482
-1349
-1203
-1066
-935
-787
-614
-426
-243
-69
105
292
492
698
905
1114
1326
1527
1707
1865
2011
2150
2265
2318
2274
2127
1910
1683
1488
1306
1067
714
277
-141
-451
-656
-825
-1000
-1158
-1257
-1299
-1314
-1310
-1245
-1084
-839
-571
-337
-154
2
175
393
639
860
1007
1068
1076
1078
1091
1088
1034
911
747
584
441
276
29
-310
-662
-924
-1067
-1171
-1338
-1580
-1795
-1866
-1779
-1637
-1542
-1494
-1412
-1241
-1015
-813
-663
-529
-373
-205
-83
-52
-105
-185
-234
-238
-240
-287
-380
-466
-485
-418
-291
-145
5
173
388
677
1057
1517
1995
2372
2529
2446
2270
2208
2344
2520
2466
2051
1427
877
550
343
69
-325
-729
-1039
-1271
-1497
-1711
-1818
-1744
-1514
-1236
-1008
-854
-708
-477
-121
297
661
902
1047
1183
1361
1548
1661
1649
1530
1366
1191
996
760
473
123
-312
-822
-1328
-1721
-1953
-2081
-2211
-2380
-2525
-2537
-2380
-2118
-1856
-1646
-1458
-1243
-992
-740
-525
-360
-235
-138
-77
-73
-130
-212
-261
-246
-195
-162
-161
-143
-50
121
315
494
691
996
1466
2031
2483
2606
2371
2026
1931
2219
2626
2712
2290
1608
1078
851
717
414
-63
-510
-799
-1026
-1328
-1664
-1859
-1816
-1630
-1458
-1368
-1316
-1213
-976
-575
-83
332
555
652
795
1064
1350
1498
1481
1400
1333
1262
1126
914
679
468
273
32
-332
-823
-1314
-1617
-1657
-1579
-1620
-1854
-2106
-2141
-1928
-1653
-1499
-1454
-1365
-1143
-869
-689
-640
-613
-474
-225
-22
-31
-250
-490
-547
-399
-217
-177
-283
-371
-292
-69
143
245
332
608
1187
1963
2639
2899
2628
2090
1821
2190
2955
3394
2994
2007
1189
981
1089
917
283
-442
-850
-969
-1121
-1467
-1813
-1896
-1695
-1429
-1296
-1312
-1332
-1189
-798
-236
284
567
632
704
962
1343
1623
1684
1614
1543
1465
1293
1026
777
616
471
198
-269
-855
-1388
-1699
-1749
-1691
-1772
-2093
-2457
-2552
-2292
-1919
-1728
-1738
-1716
-1490
-1149
-903
-822
-779
-626
-371
-164
-141
-291
-447
-441
-267
-98
-106
-268
-390
-332
-140
35
122
201
406
828
1474
2240
2863
3009
2579
1973
1849
2467
3300
3490
2746
1662
1045
1063
1184
883
204
-434
-790
-1002
-1281
-1613
-1803
-1756
-1571
-1434
-1437
-1535
-1559
-1324
-767
-87
359
404
288
438
995
1647
1977
1895
1648
1505
1504
1532
1490
1364
1142
783
251
-387
-955
-1268
-1318
-1320
-1543
-2028
-2515
-2685
-2477
-2138
-1952
-1968
-2002
-1868
-1556
-1208
-961
-835
-744
-597
-398
-235
-169
-173
-174
-146
-117
-105
-95
-72
-55
-67
-79
-28
101
249
392
634
1160
1978
2737
2923
2378
1633
1542
2415
3549
3833
2893
1518
819
1077
1549
1400
580
-302
-777
-941
-1122
-1418
-1662
-1734
-1687
-1640
-1651
-1713
-1734
-1559
-1081
-440
23
109
21
182
776
1539
2036
2078
1831
1582
1474
1466
1444
1332
1133
896
619
212
-414
-1135
-1626
-1669
-1476
-1541
-2095
-2793
-3054
-2696
-2118
-1836
-1934
-2065
-1902
-1480
-1086
-900
-842
-726
-495
-259
-148
-173
-217
-171
-35
69
16
-185
-380
-414
-269
-68
54
65
61
230
788
1784
2883
3435
3016
2011
1466
2129
3558
4396
3712
2021
779
846
1627
1858
1032
-199
-966
-1141
-1208
-1492
-1825
-1942
-1863
-1800
-1851
-1942
-1949
-1766
-1305
-644
-94
52
-84
-2
632
1571
2227
2296
1984
1700
1655
1804
1984
2031
1821
1369
833
372
-23
-450
-895
-1224
-1430
-1715
-2229
-2790
-3028
-2822
-2456
-2291
-2372
-2425
-2199
-1740
-1300
-1067
-985
-847
-533
-151
58
-18
-213
-249
-52
152
96
-207
-482
-498
-288
-69
3
-48
-95
-4
366
1108
2107
2931
3046
2337
1416
1261
2273
3688
4141
3063
1391
637
1241
2130
2008
793
-488
-1007
-939
-948
-1283
-1669
-1847
-1900
-2003
-2145
-2188
-2066
-1764
-1291
-753
-384
-301
-271
99
883
1687
2073
2011
1833
1813
1938
2032
1996
1847
1653
1466
1263
897
208
-711
-1438
-1610
-1401
-1443
-2128
-3092
-3555
-3174
-2421
-2041
-2248
-2578
-2480
-1912
-1291
-980
-950
-914
-692
-373
-158
-127
-177
-156
-38
67
61
-33
-111
-115
-82
-69
-66
-33
64
315
898
1882
2920
3312
2677
1587
1276
2397
4121
4775
3568
1526
460
1051
2214
2394
1233
-263
-1025
-985
-820
-1000
-1417
-1767
-1950
-2024
-2037
-2035
-2050
-1954
-1540
-845
-281
-176
-295
-63
708
1550
1900
1727
1485
1548
1903
2308
2577
2599
2302
1726
1092
621
300
-75
-608
-1188
-1679
-2104
-2533
-2874
-2951
-2779
-2620
-2677
-2831
-2773
-2384
-1869
-1519
-1397
-1321
-1107
-772
-489
-371
-332
-200
51
227
137
-140
-301
-158
128
201
-69
-414
-461
-136
341
821
1433
2270
2977
2943
2090
1296
1665
3231
4620
4339
2428
569
361
1639
2702
2198
475
-1018
-1372
-950
-651
-898
-1475
-2018
-2327
-2358
-2178
-1963
-1818
-1644
-1271
-790
-503
-500
-421
133
1063
1817
1985
1720
1501
1634
2018
2320
2261
1828
1293
1011
1040
1026
569
-266
-984
-1242
-1272
-1554
-2163
-2667
-2685
-2374
-2216
-2431
-2744
-2736
-2287
-1663
-1238
-1175
-1298
-1276
-945
-485
-234
-319
-504
-471
-180
88
70
-175
-343
-244
12
179
158
90
213
670
1449
2382
3119
3221
2536
1592
1378
2400
3904
4408
3234
1374
511
1202
2297
2303
1008
-479
-1122
-963
-740
-932
-1428
-1911
-2200
-2255
-2129
-1977
-1916
-1852
-1554
-1026
-595
-496
-474
-54
828
1672
1970
1764
1522
1601
1951
2299
2418
2249
1890
1526
1246
930
396
-288
-791
-926
-983
-1440
-2342
-3130
-3238
-2759
-2349
-2480
-2927
-3075
-2625
-1873
-1342
-1240
-1335
-1276
-959
-575
-361
-342
-327
-153
115
241
88
-192
-303
-130
143
254
152
37
154
610
1374
2297
3032
3105
2361
1408
1314
2508
4041
4344
2915
1019
396
1372
2544
2385
845
-818
-1527
-1339
-1010
-1051
-1419
-1870
-2247
-2465
-2466
-2288
-2040
-1768
-1421
-1032
-765
-676
-509
49
932
1672
1869
1616
1344
1405
1834
2444
2928
2963
2394
1450
634
322
417
479
129
-662
-1611
-2324
-2535
-2299
-2016
-2125
-2666
-3195
-3219
-2699
-2052
-1701
-1698
-1787
-1704
-1381
-926
-512
-262
-180
-166
-137
-104
-120
-153
-89
101
273
256
75
-57
37
360
844
1493
2288
2938
2950
2165
1240
1259
2564
4083
4233
2647
750
313
1511
2751
2456
707
-1056
-1675
-1280
-779
-826
-1413
-2167
-2680
-2714
-2340
-1932
-1786
-1791
-1587
-1121
-748
-704
-659
-95
959
1844
1990
1554
1204
1415
2070
2662
2748
2289
1681
1415
1546
1559
921
-209
-1051
-1086
-724
-843
-1724
-2693
-2917
-2392
-1911
-2099
-2715
-3015
-2629
-1912
-1467
-1489
-1656
-1566
-1160
-710
-495
-525
-564
-399
-66
169
94
-184
-308
-71
328
494
293
33
147
772
1686
2546
3025
2862
2079
1285
1419
2769
4297
4429
2769
781
326
1598
2893
2552
748
-928
-1363
-917
-610
-890
-1456
-1927
-2204
-2315
-2258
-2107
-1987
-1891
-1668
-1311
-1038
-951
-766
-123
880
1686
1876
1633
1489
1749
2289
2832
3179
3173
2670
1761
895
574
795
966
462
-712
-1904
-2445
-2269
-1916
-1966
-2508
-3129
-3364
-3108
-2634
-2271
-2133
-2116
-2071
-1911
-1623
-1258
-926
-712
-581
-415
-180
8
52
44
154
370
453
256
-31
-65
283
868
1540
2272
2940
3154
2616
1693
1377
2327
3936
4651
3521
1347
18
574
2107
2738
1588
-432
-1731
-1657
-883
-456
-797
-1578
-2257
-2512
-2359
-2061
-1916
-1973
-1979
-1689
-1215
-890
-791
-555
161
1170
1877
1926
1589
1445
1777
2363
2798
2883
2707
2427
2074
1558
882
271
2
25
-120
-859
-2014
-2852
-2834
-2252
-1956
-2417
-3212
-3509
-2977
-2090
-1559
-1620
-1912
-1943
-1574
-1062
-740
-689
-702
-534
-193
53
-9
-247
-298
14
432
545
277
-11
93
677
1530
2382
2989
3079
2524
1707
1499
2467
4029
4714
3595
1430
76
603
2164
2902
1897
-17
-1308
-1329
-701
-386
-761
-1539
-2265
-2652
-2640
-2381
-2154
-2102
-2080
-1850
-1439
-1106
-919
-571
188
1089
1582
1513
1328
1506
2016
2467
2655
2704
2761
2724
2391
1730
985
490
370
343
-85
-1102
-2263
-2844
-2613
-2142
-2214
-2958
-3702
-3724
-3018
-2225
-1922
-2103
-2336
-2247
-1809
-1254
-829
-617
-515
-358
-125
23
-33
-146
-36
322
587
457
82
-78
231
834
1452
2060
2732
3232
3073
2181
1350
1657
3219
4713
4526
2498
317
-111
1341
2862
2615
603
-1500
-2189
-1490
-584
-487
-1274
-2318
-2932
-2829
-2244
-1725
-1635
-1842
-1913
-1642
-1238
-953
-676
-97
797
1587
1857
1682
1546
1827
2443
3002
3184
2945
2445
1898
1468
1226
1106
928
484
-309
-1293
-2099
-2397
-2217
-2007
-2247
-2932
-3530
-3508
-2884
-2182
-1891
-2041
-2279
-2252
-1876
-1315
-812
-509
-378
-278
-118
50
117
82
69
155
245
212
107
132
384
755
1131
1601
2274
2909
2963
2251
1473
1708
3146
4533
4324
2433
530
326
1726
2968
2542
694
-1042
-1508
-890
-227
-313
-1128
-2096
-2639
-2578
-2185
-1924
-2012
-2232
-2201
-1837
-1434
-1217
-991
-416
453
1124
1235
1026
1071
1639
2444
3012
3120
2869
2448
1988
1562
1234
1002
767
371
-270
-1067
-1760
-2104
-2103
-2068
-2347
-2945
-3464
-3487
-3002
-2401
-2104
-2189
-2395
-2398
-2084
-1609
-1222
-1014
-871
-648
-367
-177
-129
-78
125
403
492
267
-55
-114
243
878
1589
2282
2847
2999
2528
1763
1581
2585
4213
4942
3763
1425
-74
531
2406
3432
2385
89
-1595
-1680
-772
-139
-461
-1480
-2496
-2946
-2716
-2166
-1849
-1980
-2233
-2143
-1692
-1266
-1078
-839
-199
703
1332
1402
1230
1350
1938
2674
3138
3164
2905
2592
2313
1969
1471
929
564
361
-16
-840
-1870
-2501
-2434
-2071
-2113
-2772
-3519
-3644
-3023
-2237
-1961
-2299
-2746
-2731
-2154
-1390
-886
-755
-759
-610
-280
2
49
-54
-54
149
354
317
88
-3
282
874
1568
2266
2890
3146
2744
1952
1671
2564
4110
4842
3809
1712
342
790
2327
3149
2218
208
-1328
-1520
-811
-251
-489
-1411
-2451
-3023
-2899
-2363
-1990
-2069
-2315
-2244
-1784
-1308
-1059
-790
-164
694
1280
1341
1197
1342
1894
2547
2979
3118
3056
2834
2423
1841
1252
892
834
791
273
-904
-2242
-2917
-2629
-2023
-2062
-2964
-3925
-3993
-3092
-2061
-1740
-2166
-2684
-2672
-2075
-1308
-808
-682
-713
-619
-330
-30
78
26
46
269
510
483
193
-8
205
787
1442
1998
2486
2838
2762
2170
1632
2011
3417
4705
4465
2594
652
343
1716
3101
2875
1068
-845
-1547
-1021
-247
-142
-881
-1983
-2768
-2847
-2380
-1934
-1915
-2184
-2255
-1912
-1417
-1085
-828
-336
418
1063
1289
1238
1324
1771
2442
3045
3331
3174
2604
1878
1366
1255
1326
1148
476
-520
-1426
-1924
-2025
-2018
-2219
-2700
-3209
-3409
-3205
-2836
-2603
-2579
-2612
-2534
-2304
-1976
-1621
-1295
-1008
-734
-454
-221
-112
-112
-91
52
263
379
331
241
298
597
1142
1903
2752
3332
3201
2360
1568
1829
3287
4769
4737
2909
748
113
1370
2997
3126
1389
-860
-1992
-1604
-618
-205
-806
-1992
-2986
-3234
-2746
-2047
-1747
-1971
-2281
-2198
-1736
-1268
-965
-578
116
888
1299
1295
1341
1884
2812
3528
3529
2850
2038
1689
1928
2245
1966
955
-190
-778
-778
-784
-1256
-2005
-2524
-2655
-2712
-2979
-3311
-3329
-2927
-2418
-2193
-2319
-2505
-2399
-1901
-1232
-738
-587
-626
-540
-201
187
325
175
-5
19
192
272
165
41
167
688
1543
2466
3040
2911
2179
1563
1921
3332
4714
4670
2946
915
332
1526
3036
3122
1516
-483
-1445
-1121
-377
-155
-715
-1664
-2444
-2704
-2459
-2032
-1832
-1993
-2257
-2255
-1916
-1476
-1110
-674
-1
739
1160
1157
1094
1385
2046
2752
3213
3319
3056
2451
1713
1194
1103
1231
1088
339
-826
-1811
-2130
-1875
-1647
-1982
-2826
-3584
-3700
-3160
-2466
-2151
-2338
-2703
-2807
-2468
-1868
-1350
-1103
-1023
-874
-571
-270
-146
-166
-115
111
358
373
118
-148
-115
297
940
1652
2361
2939
3084
2602
1855
1720
2749
4315
4918
3699
1560
420
1191
2761
3184
1733
-472
-1770
-1558
-584
10
-354
-1446
-2574
-3075
-2769
-2102
-1756
-1973
-2365
-2415
-2063
-1617
-1243
-769
-67
642
1025
1074
1148
1563
2288
3030
3517
3620
3345
2796
2186
1737
1546
1486
1258
575
-551
-1687
-2257
-2108
-1746
-1888
-2740
-3758
-4180
-3735
-2865
-2279
-2337
-2786
-3053
-2759
-2025
-1304
-953
-926
-882
-563
-61
304
356
249
263
457
595
463
146
-50
76
468
968
1541
2232
2883
3061
2498
1665
1595
2796
4362
4629
2978
778
98
1473
3266
3409
1546
-763
-1792
-1258
-244
61
-663
-1892
-2840
-3026
-2540
-1947
-1777
-2050
-2301
-2147
-1690
-1256
-880
-319
469
1124
1326
1277
1499
2188
2943
3214
2877
2341
2085
2190
2277
1904
1027
80
-461
-569
-682
-1191
-1981
-2563
-2655
-2508
-2594
-3030
-3428
-3348
-2803
-2248
-2099
-2320
-2499
-2288
-1715
-1117
-783
-706
-646
-413
-56
215
271
180
107
120
161
140
55
13
156
550
1173
1936
2667
3068
2846
2131
1652
2181
3567
4567
3997
2126
603
789
2275
3300
2596
607
-1134
-1591
-1023
-432
-529
-1306
-2273
-2920
-3007
-2670
-2289
-2165
-2237
-2215
-1943
-1533
-1122
-663
-57
597
1071
1302
1474
1799
2296
2829
3245
3432
3285
2777
2062
1465
1227
1249
1104
423
-721
-1803
-2309
-2203
-1966
-2140
-2823
-3587
-3884
-3534
-2854
-2346
-2269
-2475
-2602
-2405
-1931
-1434
-1126
-1003
-874
-579
-167
146
230
192
245
435
569
443
127
-74
57
428
800
1125
1611
2369
3053
3047
2200
1293
1461
2900
4323
4127
2198
260
117
1702
3144
2800
882
-983
-1532
-925
-236
-298
-1127
-2169
-2816
-2811
-2357
-1933
-1846
-1984
-2020
-1814
-1487
-1133
-643
65
808
1302
1509
1696
2074
2535
2805
2781
2600
2426
2260
1989
1527
923
337
-75
-327
-626
-1173
-1911
-2531
-2769
-2675
-2557
-2645
-2866
-2953
-2761
-2416
-2161
-2088
-2076
-1961
-1701
-1373
-1038
-688
-293
105
371
383
171
-50
-56
161
354
285
-11
-266
-241
97
661
1404
2267
2988
3131
2526
1699
1632
2789
4385
4915
3640
1513
344
979
2438
2966
1816
-140
-1456
-1500
-797
-305
-562
-1449
-2434
-3009
-2991
-2607
-2240
-2101
-2099
-2052
-1885
-1593
-1103
-353
529
1251
1648
1860
2131
2512
2847
3005
2991
2856
2578
2133
1584
1075
698
419
100
-387
-1056
-1772
-2320
-2555
-2522
-2444
-2549
-2873
-3208
-3280
-3001
-2567
-2266
-2200
-2200
-2020
-1597
-1095
-700
-445
-241
-39
117
168
134
88
76
83
84
69
42
37
125
406
962
1778
2655
3195
3029
2259
1645
2058
3503
4795
4548
2658
604
74
1259
2700
2798
1331
-542
-1546
-1389
-741
-447
-858
-1726
-2548
-2948
-2891
-2576
-2233
-1950
-1721
-1537
-1367
-1106
-624
72
772
1237
1442
1582
1851
2282
2792
3252
3468
3178
2321
1290
739
928
1351
1162
59
-1378
-2284
-2366
-2091
-2091
-2543
-3121
-3436
-3373
-3073
-2733
-2476
-2334
-2259
-2149
-1925
-1591
-1227
-885
-546
-183
136
292
266
218
312
503
576
412
127
-61
-64
47
203
458
940
1702
2568
3106
2904
2063
1399
1834
3338
4623
4295
2399
572
391
1710
2848
2407
620
-1095
-1653
-1164
-514
-445
-1078
-2045
-2815
-3022
-2667
-2119
-1779
-1751
-1810
-1704
-1377
-909
-357
238
783
1164
1368
1518
1757
2154
2668
3155
3349
3023
2246
1466
1136
1246
1278
752
-278
-1306
-1918
-2136
-2243
-2424
-2661
-2886
-3078
-3194
-3133
-2860
-2497
-2237
-2142
-2105
-1982
-1722
-1358
-940
-536
-241
-123
-142
-162
-73
113
301
394
342
160
-64
-190
-117
153
580
1210
2100
3039
3473
2960
1829
1173
1874
3529
4608
3909
1886
299
447
1865
2877
2326
594
-1016
-1609
-1325
-907
-936
-1482
-2219
-2749
-2856
-2610
-2238
-1934
-1725
-1551
-1358
-1131
-837
-418
149
785
1335
1704
1916
2084
2314
2669
3132
3544
3574
2958
1826
781
419
729
1010
508
-833
-2275
-2958
-2679
-2032
-1812
-2312
-3134
-3628
-3474
-2878
-2302
-2045
-2083
-2189
-2156
-1915
-1516
-1079
-712
-444
-221
3
187
249
192
129
148
191
121
-82
-259
-227
50
516
1163
2010
2864
3240
2767
1760
1235
2017
3732
4874
4203
2106
342
302
1632
2687
2265
663
-871
-1460
-1221
-847
-884
-1405
-2130
-2671
-2786
-2548
-2266
-2148
-2109
-1923
-1548
-1153
-860
-569
-103
562
1281
1886
2302
2536
2630
2648
2679
2754
2791
2623
2145
1426
699
188
-60
-236
-609
-1271
-2019
-2514
-2603
-2467
-2434
-2637
-2905
-2964
-2734
-2385
-2144
-2072
-2055
-1941
-1678
-1335
-1016
-766
-529
-220
137
370
333
110
-32
67
277
363
276
179
215
358
567
977
1762
2768
3408
3134
2125
1362
1789
3276
4542
4308
2600
791
291
1190
2270
2272
1070
-414
-1242
-1264
-997
-966
-1295
-1784
-2189
-2368
-2333
-2225
-2197
-2200
-2010
-1491
-840
-414
-337
-322
37
837
1777
2427
2593
2429
2272
2349
2616
2805
2654
2119
1417
837
503
287
-25
-515
-1076
-1558
-1910
-2179
-2411
-2592
-2705
-2763
-2789
-2779
-2729
-2651
-2553
-2372
-2039
-1592
-1205
-1019
-980
-867
-538
-89
214
203
-32
-228
-197
18
212
243
152
82
135
351
781
1478
2334
2969
2945
2240
1473
1492
2546
3869
4263
3231
1548
550
843
1762
2145
1515
393
-434
-709
-735
-876
-1217
-1632
-1955
-2087
-2059
-2042
-2177
-2369
-2307
-1815
-1102
-595
-500
-592
-450
142
1037
1881
2364
2395
2144
1936
1996
2263
2426
2236
1736
1187
765
427
46
-378
-733
-981
-1247
-1671
-2201
-2597
-2660
-2447
-2217
-2175
-2284
-2347
-2233
-1990
-1739
-1527
-1308
-1050
-780
-536
-310
-78
137
270
281
207
135
142
251
399
477
406
216
39
10
190
586
1172
1818
2232
2121
1516
914
931
1709
2678
3020
2427
1392
732
827
1338
1617
1335
699
157
-55
-75
-201
-569
-1012
-1236
-1129
-917
-964
-1388
-1870
-1938
-1431
-696
-272
-382
-743
-844
-409
411
1188
1554
1436
1073
814
855
1096
1260
1153
825
467
195
-38
-315
-611
-827
-927
-988
-1109
-1286
-1426
-1468
-1443
-1416
-1398
-1347
-1233
-1082
-937
-819
-726
-654
-588
-498
-362
-195
-56
-11
-86
-231
-328
-276
-103
28
-42
-304
-580
-679
-563
-357
-215
-186
-195
-108
164
590
1021
1266
1231
1018
876
1004
1359
1674
1692
1409
1079
981
1146
1346
1310
993
605
406
455
566
498
188
-182
-362
-266
-59
-7
-233
-595
-815
-732
-432
-155
-80
-185
-302
-279
-100
106
199
157
89
113
222
291
210
9
-167
-207
-135
-78
-142
-308
-454
-471
-373
-285
-327
-486
-627
-618
-460
-274
-192
-249
-379
-483
-500
-442
-371
-353
-393
-437
-427
-372
-327
-334
-378
-424
-458
-478
-465
-406
-333
-315
-376
-456
-472
-404
-302
-206
-113
-12
81
146
207
314
455
542
504
387
335
446
659
809
784
641
553
639
850
1012
992
832
707
749
906
986
851
569
348
335
471
561
474
250
33
-85
-116
-108
-73
-7
49
23
-104
-262
-347
-328
-273
-271
-327
-361
-308
-196
-125
-151
-239
-310
-322
-283
-223
-179
-185
-249
-336
-392
-385
-327
-258
-225
-261
-364
-476
-524
-483
-414
-395
-448
-522
-567
-581
-583
-566
-514
-448
-436
-508
-600
-604
-480
-309
-218
-257
-355
-388
-290
-106
59
126
104
69
93
174
250
272
260
278
354
450
514
533
540
560
595
638
682
721
746
763
793
842
870
830
720
604
547
550
551
496
402
330
311
316
295
239
190
185
211
218
176
107
68
91
149
178
127
13
-86
-90
5
117
142
48
-105
-213
-215
-134
-62
-86
-224
-403
-521
-528
-467
-429
-474
-589
-715
-804
-848
-860
-853
-828
-799
-785
-786
-777
-727
-636
-542
-500
-535
-619
-670
-614
-448
-260
-163
-193
-273
-285
-186
-42
51
66
64
117
226
329
375
370
360
381
435
496
539
549
538
527
522
507
466
413
387
400
418
400
348
307
313
345
352
322
296
314
366
398
376
318
276
280
317
353
361
335
292
257
260
305
356
362
305
227
192
226
295
330
280
152
11
-64
-46
6
4
-91
-223
-306
-316
-309
-354
-450
-534
-562
-560
-589
-671
-756
-780
-734
-679
-686
-763
-844
-852
-774
-674
-625
-645
-674
-638
-525
-398
-325
-298
-240
-103
63
153
120
43
57
216
424
519
446
326
329
470
588
530
339
209
256
395
457
383
269
220
241
263
249
213
172
134
111
125
164
172
113
31
12
84
180
220
189
143
139
187
261
327
353
330
286
272
318
394
430
379
270
189
203
289
349
304
175
61
33
60
53
-30
-132
-173
-144
-126
-196
-343
-478
-520
-479
-450
-513
-651
-767
-781
-715
-653
-649
-674
-663
-601
-528
-488
-478
-455
-392
-303
-223
-177
-162
-153
-120
-44
65
165
209
193
166
182
244
305
317
284
248
238
256
286
320
351
360
334
291
261
259
263
249
219
191
170
146
120
116
148
189
186
119
37
9
61
146
184
146
75
48
95
176
214
179
113
90
138
214
247
207
137
94
90
79
22
-58
-100
-76
-29
-37
-127
-248
-321
-314
-265
-240
-267
-325
-373
-392
-395
-398
-402
-397
-380
-362
-349
-335
-299
-234
-156
-95
-67
-63
-58
-34
17
88
159
200
188
131
79
84
148
214
217
151
77
59
98
139
135
93
48
16
-14
-40
-40
-5
31
13
-70
-156
-167
-82
37
96
58
-37
-106
-96
-15
83
142
138
94
61
78
147
230
280
274
238
214
229
272
306
303
266
214
164
128
113
126
157
171
135
46
-60
-138
-169
-172
-180
-214
-270
-331
-383
-424
-453
-460
-438
-398
-372
-378
-398
-395
-350
-282
-228
-206
-205
-204
-188
-151
-90
-8
73
121
118
90
90
154
257
335
335
272
204
178
192
223
253
274
275
240
183
148
164
213
240
211
135
55
3
-3
32
82
100
51
-48
-130
-135
-64
21
54
16
-61
-126
-142
-104
-38
19
44
42
38
50
77
105
124
129
122
111
106
112
122
117
90
56
34
26
12
-23
-69
-102
-114
-120
-139
-173
-208
-234
-248
-252
-252
-258
-275
-296
-305
-291
-258
-219
-193
-186
-185
-162
-100
-14
53
67
30
-17
-33
-3
57
119
156
155
122
82
64
85
132
175
185
156
105
62
49
69
104
131
130
98
48
7
-2
17
36
23
-22
-65
-75
-52
-23
-9
-10
-13
-13
-12
-7
9
40
77
105
112
103
92
91
103
123
144
160
167
162
148
128
111
98
88
75
52
15
-30
-70
-90
-92
-94
-119
-170
-222
-242
-221
-191
-197
-252
-320
-349
-311
-232
-168
-157
-191
-222
-205
-141
-64
-13
2
-4
-15
-18
3
56
121
160
148
101
66
67
101
146
186
210
206
169
115
72
62
82
116
140
136
99
48
17
23
48
54
24
-22
-51
-49
-31
-24
-37
-55
-60
-52
-51
-65
-75
-50
12
74
95
69
33
26
59
103
126
119
96
78
77
89
106
120
122
104
67
24
-5
-10
-2
-10
-54
-123
-181
-197
-172
-137
-128
-159
-213
-256
-258
-215
-154
-113
-112
-137
-156
-147
-113
-75
-48
-40
-49
-64
-68
-47
-4
36
49
38
24
27
41
55
66
79
86
72
38
7
12
55
105
121
90
42
19
41
83
96
53
-19
-67
-56
-5
38
41
13
-15
-20
-3
18
32
44
61
84
104
108
95
79
80
106
143
170
175
161
143
135
139
147
151
143
122
87
41
-6
-42
-59
-65
-80
-116
-163
-192
-184
-151
-127
-140
-182
-221
-229
-200
-157
-130
-131
-149
-159
-141
-98
-58
-44
-55
-65
-50
-9
38
63
53
24
6
14
39
55
51
42
46
60
59
30
-5
-10
28
81
106
78
17
-37
-50
-23
13
24
2
-34
-57
-54
-36
-19
-14
-21
-30
-38
-39
-31
-15
6
22
27
22
20
32
62
99
134
158
165
156
137
123
125
140
151
144
117
86
65
59
61
51
16
-34
-75
-82
-61
-44
