-6
-10
-14
-12
-4
5
9
5
-1
-4
-1
3
2
-2
-3
2
7
4
-7
-17
-17
-12
-11
-18
-26
-24
-12
-2
-2
-10
-14
-9
0
5
3
-4
-9
-13
-15
-17
-20
-22
-22
-21
-19
-14
-7
1
5
5
4
7
10
10
6
1
-2
-3
-6
-9
-10
-9
-4
3
10
16
18
15
11
10
12
17
23
27
28
25
18
9
2
-1
1
6
14
22
27
27
23
19
17
15
13
11
10
11
13
15
14
11
10
15
21
23
19
13
7
4
0
-4
-9
-13
-16
-19
-19
-17
-14
-12
-11
-8
-3
2
4
0
-7
-13
-19
-24
-27
-25
-20
-15
-11
-10
-9
-11
-15
-19
-19
-17
-17
-22
-28
-28
-26
-29
-40
-49
-46
-34
-22
-18
-20
-21
-20
-18
-17
-17
-15
-15
-18
-22
-21
-18
-18
-25
-33
-32
-21
-7
-2
-6
-13
-18
-19
-17
-10
-1
5
6
7
15
29
40
39
29
21
21
27
31
29
24
22
23
24
24
26
35
50
65
73
72
64
56
49
42
32
20
9
5
6
11
19
30
40
46
46
44
45
49
50
43
28
14
8
7
6
0
-4
-2
6
13
11
0
-13
-22
-23
-19
-19
-22
-27
-33
-38
-48
-60
-70
-74
-72
-67
-63
-62
-63
-65
-70
-78
-86
-94
-99
-99
-98
-100
-103
-106
-102
-94
-86
-82
-75
-60
-38
-20
-14
-21
-29
-32
-30
-28
-23
-14
-1
6
7
7
17
38
58
69
73
79
87
93
89
76
64
58
62
73
86
97
104
109
113
119
123
126
132
145
160
172
177
176
171
163
154
149
151
161
175
186
192
193
188
178
166
156
147
134
115
94
77
66
56
42
26
10
-2
-13
-28
-50
-77
-107
-140
-176
-214
-246
-267
-282
-301
-327
-355
-379
-398
-416
-436
-457
-478
-498
-519
-540
-558
-572
-584
-591
-596
-595
-583
-558
-524
-490
-463
-441
-420
-396
-369
-341
-312
-282
-251
-218
-181
-142
-102
-65
-28
13
59
101
135
167
207
254
296
319
329
344
371
397
409
407
409
425
447
464
474
486
502
516
522
524
530
542
556
566
577
594
620
647
673
694
711
725
737
748
762
776
790
801
806
806
798
784
768
750
729
702
666
622
569
507
437
365
296
228
153
66
-27
-116
-201
-293
-397
-500
-587
-662
-737
-814
-882
-935
-981
-1032
-1089
-1141
-1184
-1216
-1241
-1256
-1257
-1250
-1244
-1244
-1244
-1229
-1196
-1152
-1103
-1052
-996
-931
-859
-784
-708
-635
-561
-483
-405
-330
-258
-177
-83
16
101
166
223
280
332
370
392
412
438
466
484
488
488
491
493
481
456
428
417
425
436
434
416
399
391
385
366
334
310
310
333
360
377
385
397
422
458
497
539
589
652
723
794
863
932
1000
1070
1142
1216
1283
1338
1377
1410
1442
1472
1490
1485
1451
1392
1317
1236
1150
1049
923
776
625
476
317
138
-52
-231
-385
-521
-654
-796
-947
-1097
-1236
-1365
-1489
-1603
-1692
-1745
-1775
-1805
-1838
-1859
-1848
-1812
-1771
-1737
-1702
-1659
-1607
-1546
-1474
-1384
-1282
-1178
-1076
-971
-853
-718
-575
-438
-317
-205
-85
42
163
264
352
443
536
615
671
712
753
797
834
852
849
835
818
801
770
713
632
548
482
434
383
312
230
159
104
51
-11
-65
-86
-77
-71
-89
-123
-143
-138
-113
-80
-36
19
92
181
282
382
476
569
678
805
945
1090
1240
1387
1518
1619
1697
1771
1857
1948
2016
2040
2019
1975
1925
1861
1758
1601
1416
1246
1103
960
774
533
263
1
-235
-452
-667
-889
-1106
-1293
-1442
-1570
-1701
-1831
-1945
-2031
-2098
-2153
-2191
-2200
-2183
-2161
-2149
-2139
-2102
-2021
-1912
-1808
-1717
-1615
-1476
-1305
-1139
-1005
-891
-766
-604
-413
-219
-42
112
252
388
522
648
762
858
931
979
1003
1010
1009
1003
988
960
920
876
835
791
730
649
562
492
441
393
327
242
155
75
-1
-79
-157
-226
-281
-327
-369
-405
-427
-430
-425
-420
-418
-404
-358
-279
-187
-94
8
138
296
465
631
800
987
1198
1417
1616
1770
1879
1971
2074
2188
2289
2347
2350
2310
2254
2202
2150
2075
1952
1781
1593
1419
1260
1086
871
620
366
138
-68
-281
-519
-762
-969
-1121
-1251
-1406
-1601
-1795
-1934
-2010
-2061
-2128
-2216
-2294
-2332
-2334
-2331
-2339
-2340
-2295
-2195
-2070
-1956
-1852
-1728
-1564
-1380
-1209
-1059
-905
-726
-532
-353
-200
-56
99
259
397
496
574
664
775
878
942
962
961
952
937
912
880
838
781
722
685
666
626
535
415
309
235
171
98
18
-59
-136
-219
-302
-374
-434
-490
-541
-577
-590
-586
-568
-535
-488
-432
-368
-284
-163
-3
181
364
535
697
864
1050
1263
1490
1717
1932
2124
2278
2383
2453
2528
2630
2733
2782
2751
2672
2585
2491
2346
2124
1860
1623
1446
1296
1102
827
506
214
-9
-191
-384
-606
-825
-1005
-1142
-1264
-1400
-1553
-1708
-1840
-1935
-1995
-2038
-2084
-2144
-2205
-2238
-2225
-2177
-2128
-2098
-2077
-2036
-1958
-1853
-1743
-1637
-1527
-1394
-1225
-1028
-825
-639
-470
-303
-123
63
233
370
478
573
659
726
769
796
820
829
807
755
702
667
639
596
536
470
397
306
195
83
-14
-92
-157
-216
-275
-340
-413
-482
-534
-568
-593
-616
-632
-633
-618
-601
-592
-579
-552
-504
-445
-374
-283
-168
-41
96
250
432
624
805
969
1139
1331
1543
1753
1948
2130
2314
2494
2646
2743
2795
2842
2908
2967
2970
2897
2779
2651
2515
2342
2123
1884
1659
1448
1219
937
609
274
-19
-257
-469
-695
-948
-1193
-1386
-1515
-1615
-1723
-1842
-1937
-1980
-1984
-1987
-2017
-2072
-2127
-2155
-2138
-2079
-1993
-1902
-1820
-1745
-1662
-1557
-1438
-1327
-1241
-1158
-1039
-870
-689
-539
-424
-306
-158
12
170
295
399
504
615
704
744
742
727
714
689
635
563
497
438
367
278
188
111
30
-77
-201
-305
-367
-409
-466
-549
-630
-679
-690
-687
-698
-727
-749
-738
-697
-653
-623
-595
-550
-489
-426
-364
-291
-203
-108
-17
81
196
330
468
601
732
877
1047
1242
1445
1645
1852
2087
2344
2582
2753
2856
2935
3035
3152
3240
3254
3179
3047
2911
2804
2692
2503
2210
1870
1565
1327
1108
844
504
121
-233
-505
-711
-924
-1182
-1428
-1571
-1601
-1611
-1699
-1863
-2010
-2062
-2026
-1975
-1962
-1973
-1960
-1902
-1827
-1780
-1776
-1789
-1771
-1694
-1569
-1433
-1323
-1249
-1194
-1132
-1045
-930
-791
-631
-453
-273
-106
44
181
307
411
481
527
578
648
712
723
664
572
497
449
397
314
211
120
49
-26
-121
-228
-329
-423
-521
-620
-694
-729
-740
-753
-775
-788
-780
-762
-742
-712
-659
-586
-508
-441
-387
-348
-315
-277
-222
-154
-81
0
105
235
370
485
589
707
857
1032
1220
1416
1623
1832
2045
2280
2539
2774
2914
2937
2923
2989
3169
3349
3367
3179
2916
2749
2697
2608
2345
1949
1591
1379
1248
1037
664
204
-191
-431
-567
-729
-993
-1308
-1558
-1678
-1707
-1735
-1807
-1901
-1968
-1988
-1974
-1946
-1915
-1891
-1887
-1888
-1849
-1753
-1654
-1628
-1674
-1694
-1606
-1438
-1289
-1207
-1145
-1042
-902
-774
-689
-623
-525
-364
-152
63
222
306
349
403
482
555
590
591
580
563
535
488
415
307
165
15
-110
-199
-265
-318
-361
-400
-452
-525
-612
-686
-726
-729
-711
-694
-677
-653
-622
-597
-585
-573
-541
-490
-427
-354
-266
-169
-80
-13
36
86
149
223
303
389
493
622
764
886
977
1060
1185
1369
1585
1786
1971
2182
2443
2694
2835
2824
2759
2792
2976
3191
3248
3090
2859
2741
2756
2730
2484
2044
1613
1360
1246
1086
755
306
-102
-376
-567
-794
-1102
-1413
-1601
-1628
-1593
-1636
-1793
-1956
-1998
-1924
-1864
-1912
-2009
-2016
-1887
-1729
-1679
-1743
-1799
-1748
-1618
-1513
-1481
-1453
-1341
-1151
-993
-961
-1021
-1040
-929
-731
-562
-472
-399
-259
-55
122
203
218
253
343
426
430
367
325
350
387
350
224
74
-35
-107
-179
-258
-314
-329
-324
-336
-383
-453
-531
-605
-671
-723
-746
-724
-657
-577
-532
-529
-532
-505
-448
-379
-293
-168
-15
114
173
171
157
171
211
258
311
396
529
691
835
928
982
1044
1150
1304
1482
1676
1901
2171
2463
2710
2833
2805
2706
2687
2848
3113
3273
3190
2952
2781
2772
2763
2507
1973
1414
1118
1106
1115
873
366
-166
-499
-643
-801
-1121
-1517
-1760
-1740
-1594
-1558
-1715
-1927
-2015
-1957
-1885
-1911
-1991
-1989
-1849
-1665
-1576
-1626
-1731
-1791
-1772
-1706
-1617
-1495
-1340
-1192
-1100
-1071
-1060
-1021
-947
-853
-742
-596
-404
-189
1
122
173
199
250
338
424
466
466
464
481
485
426
289
127
1
-74
-138
-228
-339
-430
-477
-495
-520
-575
-653
-728
-772
-777
-755
-733
-716
-689
-635
-561
-485
-423
-374
-335
-301
-264
-210
-129
-19
103
204
252
249
246
304
432
580
686
745
802
898
1014
1115
1187
1264
1372
1514
1695
1951
2297
2650
2843
2788
2602
2543
2762
3122
3309
3151
2806
2598
2671
2811
2663
2115
1461
1121
1206
1378
1196
568
-162
-603
-718
-807
-1126
-1599
-1930
-1932
-1713
-1546
-1606
-1836
-2037
-2054
-1900
-1724
-1663
-1720
-1766
-1675
-1461
-1276
-1269
-1450
-1676
-1772
-1662
-1426
-1225
-1160
-1188
-1171
-1037
-860
-776
-823
-888
-836
-639
-388
-182
-54
25
94
175
264
339
377
369
321
259
217
216
221
160
-5
-215
-370
-434
-470
-555
-676
-751
-734
-673
-650
-690
-751
-776
-747
-701
-685
-702
-688
-585
-432
-343
-369
-426
-392
-257
-124
-69
-65
-31
60
164
233
263
288
338
416
509
604
688
754
800
857
953
1086
1211
1304
1425
1703
2187
2722
3016
2906
2554
2365
2620
3189
3616
3548
3097
2733
2796
3100
3114
2536
1672
1137
1221
1571
1563
941
59
-526
-638
-625
-913
-1512
-2024
-2111
-1852
-1609
-1628
-1849
-2056
-2122
-2067
-1969
-1865
-1753
-1637
-1544
-1484
-1436
-1377
-1347
-1421
-1605
-1763
-1720
-1441
-1103
-932
-983
-1089
-1058
-880
-712
-688
-767
-782
-621
-331
-71
41
17
-23
18
137
242
253
185
131
164
255
289
180
-52
-301
-475
-558
-594
-628
-672
-713
-734
-742
-770
-848
-959
-1040
-1045
-991
-933
-903
-874
-810
-709
-603
-520
-470
-435
-384
-289
-152
-13
85
142
191
244
281
298
333
424
549
657
727
787
855
920
959
980
1012
1072
1161
1317
1621
2119
2694
3065
3013
2650
2396
2607
3191
3654
3578
3067
2650
2732
3129
3220
2597
1546
810
834
1308
1484
956
36
-627
-753
-679
-925
-1606
-2310
-2541
-2215
-1709
-1459
-1580
-1845
-1987
-1944
-1833
-1753
-1674
-1518
-1293
-1112
-1071
-1159
-1287
-1392
-1476
-1542
-1528
-1370
-1095
-841
-734
-765
-815
-794
-729
-711
-764
-799
-698
-428
-98
115
109
-40
-142
-82
68
129
33
-106
-121
0
103
41
-168
-384
-511
-578
-664
-774
-841
-822
-765
-765
-851
-963
-1019
-1002
-962
-946
-937
-882
-764
-633
-560
-565
-605
-623
-591
-513
-405
-285
-162
-41
73
154
169
127
100
176
358
563
700
758
794
858
940
1015
1082
1161
1259
1410
1722
2328
3164
3859
3967
3418
2685
2402
2765
3337
3495
3072
2520
2425
2853
3226
2884
1775
554
-29
164
583
571
-1
-688
-981
-833
-676
-950
-1640
-2289
-2444
-2086
-1608
-1399
-1486
-1602
-1544
-1379
-1318
-1450
-1670
-1827
-1863
-1814
-1727
-1628
-1545
-1516
-1549
-1575
-1496
-1269
-977
-758
-668
-610
-443
-153
111
185
61
-98
-127
-9
132
176
114
47
68
179
282
265
82
-213
-522
-753
-872
-908
-942
-1040
-1196
-1346
-1441
-1492
-1535
-1570
-1579
-1570
-1571
-1587
-1573
-1486
-1335
-1169
-1026
-903
-791
-696
-628
-568
-461
-282
-63
136
288
404
489
538
576
662
827
1016
1154
1235
1336
1497
1669
1768
1777
1731
1656
1562
1509
1611
1925
2396
3000
3857
5017
6099
6334
5260
3336
1623
760
433
-16
-647
-891
-423
249
264
-661
-1971
-2853
-2914
-2273
-1285
-307
377
661
646
479
105
-661
-1778
-2789
-3156
-2769
-2036
-1472
-1260
-1216
-1061
-659
-70
507
842
857
737
754
917
873
303
-615
-1291
-1326
-911
-570
-571
-733
-736
-492
-152
99
186
122
-34
-203
-330
-445
-637
-951
-1302
-1545
-1596
-1496
-1368
-1331
-1434
-1616
-1736
-1683
-1493
-1332
-1344
-1524
-1755
-1947
-2097
-2212
-2238
-2105
-1803
-1397
-976
-626
-419
-370
-383
-302
-60
247
445
466
388
325
294
250
210
271
488
770
956
992
974
1028
1166
1300
1359
1366
1375
1406
1409
1336
1200
1063
960
841
620
322
159
376
1016
1932
3052
4461
6014
6977
6444
4308
1626
-260
-937
-1053
-1293
-1549
-1285
-473
191
24
-897
-1870
-2256
-1899
-985
215
1364
2089
2204
1869
1318
502
-783
-2363
-3532
-3643
-2771
-1639
-910
-689
-648
-433
117
945
1782
2230
2048
1383
610
-81
-842
-1840
-2877
-3483
-3344
-2601
-1695
-1027
-713
-588
-384
12
440
619
432
38
-321
-603
-960
-1489
-2042
-2352
-2300
-2015
-1709
-1495
-1351
-1217
-1062
-902
-792
-814
-1017
-1345
-1661
-1846
-1884
-1831
-1741
-1643
-1530
-1368
-1128
-841
-588
-421
-293
-122
118
375
566
606
439
101
-247
-408
-316
-90
119
273
445
667
867
958
966
1004
1147
1370
1590
1738
1742
1553
1208
861
674
640
574
349
137
282
952
2022
3361
5013
6808
7934
7362
4956
1914
-227
-1003
-1180
-1565
-2012
-1797
-737
422
759
102
-926
-1571
-1522
-893
63
1060
1820
2162
2121
1770
995
-373
-2164
-3740
-4450
-4147
-3228
-2194
-1304
-558
178
1074
2158
3100
3303
2429
845
-635
-1491
-1898
-2317
-2849
-3152
-2909
-2223
-1463
-902
-535
-211
185
633
989
1071
781
194
-499
-1136
-1668
-2118
-2476
-2673
-2616
-2263
-1676
-1054
-641
-557
-688
-799
-780
-763
-964
-1438
-2004
-2411
-2544
-2474
-2325
-2144
-1872
-1434
-842
-235
199
340
203
-75
-312
-359
-191
69
246
266
202
158
151
132
99
130
308
631
1010
1320
1466
1440
1303
1136
980
848
746
702
730
811
895
902
745
414
107
140
669
1565
2678
4122
5990
7733
8180
6559
3443
377
-1528
-2401
-2937
-3253
-2803
-1353
391
1346
1085
83
-866
-1264
-1003
-207
835
1781
2430
2805
2832
2121
319
-2264
-4595
-5712
-5462
-4417
-3158
-1860
-494
870
2100
3130
3850
3941
3087
1421
-417
-1769
-2485
-2869
-3212
-3483
-3430
-2908
-2032
-1128
-493
-171
86
564
1251
1789
1779
1143
161
-800
-1573
-2207
-2767
-3179
-3241
-2819
-1997
-1092
-440
-168
-158
-237
-352
-558
-886
-1297
-1730
-2131
-2426
-2531
-2420
-2177
-1911
-1641
-1271
-730
-122
303
358
121
-123
-159
-52
-44
-248
-484
-464
-116
327
568
547
461
522
746
1000
1184
1295
1347
1316
1198
1039
905
793
692
605
581
662
828
953
860
536
239
312
866
1818
3215
5207
7466
8856
8173
5380
1859
-819
-2237
-3055
-3752
-3907
-2875
-862
1043
1867
1513
574
-338
-905
-1003
-584
271
1280
2111
2498
2265
1293
-393
-2467
-4342
-5451
-5563
-4798
-3442
-1777
-31
1635
3096
4174
4566
4002
2571
805
-688
-1696
-2436
-3132
-3671
-3744
-3247
-2392
-1519
-829
-352
12
429
1000
1601
1912
1700
1026
131
-813
-1762
-2642
-3283
-3506
-3259
-2614
-1751
-914
-322
-38
27
-40
-269
-725
-1343
-1926
-2317
-2497
-2515
-2398
-2187
-1963
-1755
-1464
-992
-418
14
143
56
-16
41
117
23
-248
-469
-411
-110
168
223
121
74
204
474
794
1083
1262
1277
1174
1095
1131
1224
1228
1098
915
790
722
652
568
515
489
406
271
263
596
1326
2432
4011
6096
8154
9029
7794
4745
1327
-1128
-2447
-3302
-4017
-4099
-2990
-992
840
1676
1503
852
189
-249
-296
142
922
1661
2067
2078
1698
789
-761
-2694
-4413
-5398
-5541
-5000
-3885
-2207
-102
2063
3862
4990
5259
4553
2950
830
-1251
-2878
-3930
-4444
-4427
-3868
-2886
-1727
-678
63
427
538
665
1011
1476
1714
1490
872
60
-856
-1868
-2831
-3480
-3628
-3299
-2616
-1707
-725
117
639
801
643
181
-558
-1406
-2110
-2537
-2745
-2807
-2665
-2265
-1735
-1294
-992
-680
-257
146
317
249
169
283
531
646
421
-90
-628
-961
-1025
-903
-682
-358
138
820
1561
2133
2353
2210
1839
1392
924
454
79
-6
275
748
1076
1082
907
794
768
621
273
-24
81
711
1834
3542
5859
8172
9185
7905
4721
1194
-1341
-2800
-3875
-4800
-4954
-3697
-1298
1157
2664
2929
2282
1236
263
-286
-280
157
775
1413
1936
2071
1443
-79
-2117
-4010
-5261
-5758
-5506
-4411
-2424
162
2740
4739
5849
5918
4860
2802
232
-2178
-3960
-4984
-5280
-4856
-3757
-2235
-730
325
756
696
470
374
524
834
1083
1061
691
67
-672
-1475
-2327
-3119
-3590
-3520
-2885
-1859
-698
346
1072
1377
1251
697
-263
-1466
-2574
-3247
-3385
-3123
-2644
-2035
-1330
-624
-63
243
310
258
204
183
162
135
127
144
133
43
-134
-379
-661
-891
-916
-624
-59
608
1211
1685
2035
2251
2271
2030
1571
1082
754
625
565
489
450
535
726
889
903
735
499
443
861
1977
3858
6334
8775
10085
9304
6503
2929
-18
-1944
-3415
-4821
-5627
-4967
-2780
-68
1949
2769
2649
2055
1280
535
68
25
346
821
1278
1523
1266
271
-1353
-3135
-4611
-5557
-5872
-5337
-3737
-1222
1635
4177
5984
6789
6305
4383
1398
-1747
-4159
-5488
-5893
-5574
-4523
-2758
-678
1015
1767
1601
1032
600
475
488
470
416
368
221
-210
-977
-1926
-2799
-3375
-3492
-3070
-2167
-1007
106
942
1391
1415
998
168
-963
-2200
-3288
-3956
-4024
-3520
-2663
-1698
-757
104
791
1153
1103
708
166
-276
-429
-256
73
281
189
-131
-429
-534
-492
-457
-428
-187
460
1393
2186
2465
2217
1739
1303
945
583
261
158
392
812
1145
1246
1187
1080
901
580
195
8
276
1135
2680
4942
7586
9650
9931
7934
4434
915
-1631
-3250
-4408
-5109
-4825
-3234
-776
1591
3045
3317
2630
1484
429
-134
-109
288
779
1179
1401
1306
711
-451
-2033
-3719
-5164
-5981
-5806
-4474
-2200
504
3133
5330
6745
6927
5565
2875
-372
-3279
-5275
-6190
-6065
-5055
-3468
-1712
-145
1022
1643
1661
1207
622
230
133
239
357
267
-214
-1062
-2003
-2758
-3230
-3445
-3316
-2698
-1627
-404
620
1259
1487
1298
668
-363
-1616
-2822
-3712
-4103
-3950
-3345
-2458
-1459
-475
367
931
1117
925
467
-75
-484
-582
-339
48
273
167
-158
-431
-479
-339
-138
79
354
717
1122
1490
1757
1868
1789
1549
1277
1120
1141
1258
1357
1352
1223
991
693
374
84
-62
69
521
1242
2293
3945
6254
8515
9434
8201
5312
2152
-253
-1902
-3293
-4513
-5025
-4269
-2315
82
1995
2856
2655
1795
856
315
304
592
821
870
862
872
697
26
-1212
-2761
-4191
-5132
-5310
-4565
-2916
-599
1977
4349
6059
6686
5953
3899
987
-2020
-4373
-5645
-5817
-5125
-3846
-2221
-514
922
1755
1853
1404
794
363
230
277
292
109
-312
-914
-1608
-2296
-2873
-3200
-3169
-2749
-2010
-1080
-97
791
1416
1588
1176
216
-1052
-2293
-3240
-3767
-3833
-3427
-2601
-1529
-474
321
731
792
642
410
139
-172
-436
-479
-216
193
445
367
52
-262
-422
-431
-335
-113
287
835
1377
1742
1863
1787
1590
1299
927
534
262
221
411
676
820
777
647
566
523
427
301
408
1130
2737
5164
7792
9529
9378
7228
4028
1020
-1233
-2988
-4566
-5675
-5595
-3959
-1246
1453
3130
3406
2643
1589
856
579
500
414
386
596
952
1059
553
-595
-2114
-3702
-5077
-5890
-5721
-4364
-2073
553
2963
4901
6226
6630
5695
3329
105
-2946
-4965
-5732
-5573
-4867
-3731
-2158
-345
1211
2037
2017
1446
747
208
-64
-90
19
48
-220
-837
-1637
-2360
-2847
-3053
-2965
-2529
-1712
-598
577
1477
1804
1453
584
-504
-1597
-2636
-3553
-4121
-4069
-3357
-2272
-1186
-299
368
791
890
661
265
-67
-210
-177
-67
9
-36
-188
-315
-288
-128
12
49
89
306
718
1107
1222
1049
828
791
923
1051
1109
1186
1330
1399
1241
873
473
210
145
247
413
540
610
730
1078
1886
3388
5544
7702
8723
7805
5255
2304
31
-1440
-2662
-3910
-4696
-4276
-2544
-268
1533
2336
2276
1750
1116
661
575
800
997
906
604
351
152
-328
-1362
-2801
-4144
-4942
-4965
-4178
-2694
-797
1181
3051
4697
5798
5801
4383
1859
-965
-3335
-4867
-5491
-5278
-4362
-2944
-1287
248
1297
1674
1533
1233
1035
960
883
706
379
-139
-843
-1634
-2347
-2880
-3185
-3206
-2845
-2086
-1048
70
1050
1652
1659
1042
32
-1053
-2042
-2914
-3627
-4025
-3933
-3301
-2267
-1118
-164
415
647
665
559
339
46
-196
-290
-260
-204
-157
-99
-75
-173
-376
-484
-326
36
391
653
954
1433
1996
2345
2249
1759
1146
647
292
-15
-269
-333
-97
346
755
943
882
683
495
455
656
1176
2157
3771
5947
8021
8869
7693
4795
1444
-1161
-2763
-3823
-4606
-4731
-3688
-1596
713
2307
2766
2265
1316
460
41
83
347
625
878
1122
1166
683
-463
-2032
-3574
-4739
-5313
-5119
-4011
-2089
195
2268
3790
4733
5099
4681
3224
849
-1770
-3755
-4632
-4567
-4035
-3322
-2401
-1267
-178
480
577
362
214
332
631
892
919
624
30
-761
-1610
-2401
-3026
-3366
-3274
-2684
-1691
-541
520
1329
1753
1626
882
-280
-1469
-2392
-3017
-3411
-3519
-3217
-2513
-1612
-761
-116
273
416
375
268
209
237
268
177
-65
-318
-424
-408
-456
-666
-876
-832
-463
71
601
1108
1632
2109
2370
2298
1940
1436
896
365
-115
-434
-471
-182
288
682
823
755
645
567
470
343
360
793
1838
3560
5807
8034
9264
8578
5918
2331
-777
-2712
-3750
-4371
-4505
-3686
-1826
421
2118
2705
2246
1187
121
-419
-217
476
1150
1512
1577
1357
644
-709
-2417
-3924
-4870
-5243
-5028
-4022
-2139
208
2272
3546
4062
4063
3568
2385
535
-1507
-3094
-3868
-3896
-3447
-2751
-1974
-1274
-806
-619
-629
-642
-454
25
682
1239
1439
1186
539
-386
-1442
-2405
-3026
-3134
-2737
-1984
-1085
-226
450
842
872
497
-232
-1121
-1900
-2393
-2616
-2700
-2702
-2559
-2203
-1684
-1139
-671
-293
50
408
726
844
632
180
-243
-453
-516
-608
-772
-890
-837
-608
-297
-12
219
480
873
1360
1743
1865
1757
1558
1323
1024
678
409
289
267
245
234
323
519
690
694
543
399
463
905
1874
3476
5589
7687
8910
8502
6368
3248
265
-1825
-3016
-3704
-4030
-3682
-2384
-465
1227
1957
1630
709
-185
-578
-298
490
1355
1907
1992
1635
813
-516
-2161
-3663
-4607
-4911
-4677
-3895
-2481
-623
1149
2380
3048
3379
3385
2799
1470
-282
-1837
-2724
-2924
-2754
-2518
-2282
-1938
-1469
-1022
-753
-603
-351
142
761
1224
1322
1032
463
-276
-1117
-1958
-2620
-2899
-2700
-2119
-1388
-730
-255
39
181
149
-111
-597
-1206
-1789
-2233
-2482
-2515
-2353
-2091
-1843
-1620
-1295
-769
-129
383
595
553
438
387
382
325
145
-146
-490
-818
-1059
-1127
-950
-541
-13
497
929
1304
1623
1805
1771
1571
1361
1231
1095
839
496
248
185
205
170
120
224
519
828
958
965
1144
1806
3106
4967
6975
8330
8156
6182
3154
366
-1351
-2159
-2682
-3117
-3056
-2154
-727
462
876
557
-107
-700
-878
-422
609
1774
2537
2618
2073
1036
-395
-1999
-3335
-4001
-3973
-3529
-2884
-2024
-950
131
969
1552
2044
2477
2628
2248
1337
139
-1039
-1975
-2568
-2812
-2763
-2471
-1979
-1378
-846
-522
-356
-149
211
605
824
782
535
141
-399
-1059
-1729
-2239
-2455
-2328
-1936
-1451
-1039
-741
-483
-233
-99
-239
-677
-1245
-1717
-1982
-2067
-2064
-2039
-1973
-1781
-1387
-840
-320
-1
95
70
20
-13
10
152
394
549
370
-202
-911
-1359
-1326
-927
-450
-66
283
723
1234
1640
1796
1733
1566
1342
1009
590
229
93
185
370
542
678
753
697
528
440
662
1261
2213
3601
5484
7409
8280
7137
4227
1060
-874
-1380
-1389
-1619
-1807
-1350
-357
327
97
-780
-1558
-1760
-1357
-456
820
2145
2963
2881
1957
552
-1009
-2460
-3415
-3500
-2777
-1846
-1315
-1250
-1274
-1104
-765
-294
450
1478
2391
2643
2076
1030
-83
-1113
-2039
-2711
-2878
-2472
-1712
-966
-526
-491
-722
-903
-757
-305
158
381
386
322
175
-231
-934
-1678
-2099
-2068
-1774
-1511
-1384
-1262
-983
-588
-304
-313
-593
-979
-1336
-1613
-1810
-1934
-2004
-2024
-1933
-1659
-1217
-758
-442
-289
-184
-24
169
299
315
250
177
151
171
189
134
-26
-233
-371
-348
-158
122
409
676
969
1344
1765
2084
2134
1850
1337
794
413
259
285
416
617
850
1002
931
633
336
360
896
1983
3603
5574
7249
7607
6041
3160
503
-766
-807
-609
-733
-864
-611
-291
-587
-1594
-2582
-2770
-2039
-798
566
1826
2669
2739
2004
880
-192
-1101
-1844
-2173
-1798
-952
-405
-725
-1658
-2412
-2425
-1693
-487
894
2051
2479
1929
738
-435
-1181
-1546
-1684
-1534
-1002
-315
15
-321
-1118
-1844
-2072
-1679
-802
239
1023
1218
808
60
-743
-1462
-1996
-2154
-1816
-1159
-615
-511
-812
-1201
-1359
-1182
-807
-491
-424
-611
-920
-1253
-1620
-2039
-2382
-2413
-2011
-1307
-594
-106
79
-16
-308
-633
-751
-493
91
757
1240
1369
1081
423
-385
-986
-1097
-726
-141
392
784
1064
1235
1277
1249
1276
1406
1532
1523
1374
1198
1052
890
655
398
239
220
249
211
120
141
439
1082
2118
3612
5418
6885
7067
5539
3026
976
291
574
744
288
-355
-624
-685
-1161
-2178
-3045
-2977
-1918
-490
685
1362
1531
1223
618
56
-234
-342
-455
-521
-366
-118
-252
-1044
-2095
-2587
-2024
-640
828
1679
1600
742
-374
-1152
-1320
-1082
-817
-640
-386
-23
105
-372
-1332
-2155
-2267
-1605
-572
337
780
633
16
-742
-1300
-1527
-1490
-1257
-836
-341
-88
-337
-972
-1533
-1632
-1252
-669
-182
5
-210
-782
-1461
-1920
-2004
-1811
-1513
-1183
-839
-577
-542
-746
-1004
-1085
-890
-467
94
681
1109
1167
799
208
-290
-507
-462
-257
37
347
539
501
284
114
226
679
1324
1903
2181
2065
1642
1131
731
532
510
629
863
1115
1172
870
305
-149
-143
384
1289
2533
4193
6017
7149
6632
4426
1798
388
742
1839
2197
1351
99
-656
-959
-1483
-2414
-3061
-2689
-1410
-60
645
605
118
-447
-753
-548
100
735
912
652
314
54
-386
-1204
-2030
-2137
-1175
405
1709
2049
1306
-110
-1475
-2098
-1759
-898
-226
-86
-270
-480
-753
-1277
-1908
-2142
-1625
-557
494
1043
940
333
-458
-1054
-1195
-929
-549
-321
-299
-425
-713
-1183
-1645
-1737
-1259
-451
188
310
-66
-701
-1348
-1817
-1952
-1709
-1248
-856
-731
-853
-1061
-1217
-1265
-1186
-939
-497
80
622
932
928
682
346
33
-206
-329
-284
-80
156
262
202
122
211
510
871
1123
1225
1241
1217
1142
1014
872
765
718
782
1000
1290
1409
1148
579
61
-67
241
800
1513
2529
3993
5600
6520
5964
4007
1800
740
1232
2295
2548
1574
201
-583
-744
-1033
-1829
-2552
-2396
-1382
-357
-47
-416
-945
-1214
-1034
-375
515
1076
887
205
-258
-188
-49
-392
-1026
-1184
-479
622
1311
1200
463
-505
-1310
-1608
-1298
-716
-408
-580
-916
-1048
-1025
-1146
-1432
-1518
-1119
-404
193
421
326
49
-299
-580
-656
-552
-489
-623
-857
-1000
-1045
-1136
-1288
-1290
-992
-541
-267
-355
-735
-1203
-1561
-1666
-1497
-1209
-1025
-1014
-1062
-1070
-1107
-1254
-1387
-1249
-782
-232
148
395
705
1037
1052
517
-309
-843
-728
-148
387
528
332
130
199
534
885
1023
980
1002
1239
1535
1584
1274
847
671
898
1307
1499
1271
806
453
390
520
682
857
1170
1802
2912
4423
5753
5972
4639
2537
1240
1631
2898
3344
2209
457
-431
-194
41
-690
-1956
-2527
-1932
-958
-612
-1052
-1686
-1972
-1744
-1043
-65
697
706
12
-630
-551
41
372
109
-249
-90
525
1003
972
581
109
-383
-886
-1221
-1225
-1068
-1094
-1358
-1534
-1374
-1067
-988
-1195
-1359
-1177
-696
-192
111
155
-10
-254
-416
-415
-367
-454
-698
-920
-981
-954
-993
-1092
-1096
-922
-703
-653
-866
-1259
-1637
-1803
-1659
-1292
-945
-829
-935
-1090
-1171
-1196
-1197
-1092
-782
-326
74
263
261
187
132
125
153
164
94
-59
-174
-107
139
380
456
408
424
604
857
1022
1049
1009
982
982
1015
1114
1306
1508
1570
1416
1128
833
603
458
462
677
1080
1633
2439
3626
4915
5501
4712
2922
1537
1737
3172
4176
3457
1463
-137
-319
248
165
-972
-2184
-2388
-1657
-977
-1045
-1645
-2118
-2053
-1466
-631
11
23
-604
-1227
-1116
-303
402
377
-69
-157
374
1027
1253
1019
615
199
-225
-575
-743
-852
-1157
-1645
-1941
-1791
-1431
-1315
-1530
-1717
-1548
-1077
-567
-176
81
185
120
-24
-98
-96
-162
-360
-555
-602
-567
-645
-874
-1077
-1093
-966
-869
-930
-1178
-1556
-1912
-2029
-1807
-1421
-1197
-1275
-1482
-1557
-1432
-1205
-935
-585
-166
195
373
368
283
214
200
218
211
112
-75
-244
-258
-94
116
216
183
134
181
329
517
707
897
1071
1176
1193
1157
1134
1146
1169
1157
1059
846
571
377
413
695
1091
1499
2030
2906
4065
4911
4692
3330
1818
1470
2560
3831
3672
1877
-40
-496
391
1031
277
-1293
-2217
-1904
-1144
-988
-1565
-2193
-2268
-1773
-1070
-561
-544
-1024
-1537
-1437
-608
278
455
-19
-330
103
960
1492
1390
939
486
103
-214
-356
-330
-440
-959
-1679
-2067
-1900
-1542
-1457
-1649
-1751
-1537
-1134
-768
-514
-347
-254
-189
-58
122
162
-54
-342
-411
-238
-124
-318
-736
-1069
-1120
-963
-849
-981
-1349
-1742
-1914
-1789
-1530
-1383
-1464
-1670
-1815
-1814
-1704
-1503
-1148
-635
-145
93
63
-6
88
313
495
534
439
259
65
-38
15
163
279
298
244
168
117
146
296
514
685
744
759
837
1009
1181
1241
1165
1020
876
762
697
730
890
1124
1369
1716
2375
3374
4288
4426
3481
2039
1308
2020
3502
4108
2903
811
-300
277
1309
1146
-339
-1774
-2040
-1434
-1005
-1214
-1665
-1833
-1625
-1235
-892
-851
-1271
-1859
-1931
-1157
-105
302
-113
-573
-317
533
1265
1452
1233
853
377
-79
-212
52
236
-243
-1287
-2105
-2098
-1521
-1104
-1184
-1463
-1531
-1343
-1100
-905
-706
-479
-280
-149
-97
-165
-361
-520
-407
-30
256
124
-333
-680
-644
-380
-254
-461
-922
-1426
-1766
-1828
-1681
-1568
-1687
-1966
-2139
-2052
-1809
-1571
-1328
-973
-536
-210
-113
-125
-30
235
534
692
647
454
227
63
-10
-30
-42
-33
40
162
268
330
392
481
539
513
478
569
785
948
930
816
785
861
906
822
714
763
995
1256
1448
1742
2443
3517
4325
4100
2847
1655
1749
3107
4243
3676
1592
-239
-340
881
1656
866
-837
-1975
-1935
-1373
-1165
-1442
-1768
-1852
-1744
-1566
-1401
-1409
-1676
-1913
-1620
-760
-24
-67
-623
-735
88
1296
1967
1787
1124
429
-75
-220
93
566
542
-310
-1489
-2102
-1843
-1262
-1063
-1340
-1656
-1667
-1440
-1210
-1061
-942
-814
-689
-582
-509
-489
-482
-376
-119
145
190
-38
-304
-332
-104
103
-5
-484
-1125
-1621
-1758
-1563
-1300
-1281
-1597
-2032
-2279
-2225
-1985
-1699
-1383
-1033
-747
-635
-627
-504
-162
240
445
398
285
302
446
576
593
515
409
325
305
379
514
603
563
446
392
476
614
664
582
478
483
609
731
712
544
395
477
841
1289
1565
1670
1958
2771
3906
4564
4052
2651
1624
2069
3664
4756
3972
1754
27
177
1550
2233
1187
-740
-1966
-1906
-1289
-1046
-1371
-1875
-2199
-2255
-2097
-1894
-1889
-2118
-2186
-1657
-723
-152
-381
-901
-827
48
1071
1562
1474
1168
855
537
319
397
660
601
-149
-1269
-1968
-1800
-1144
-793
-1141
-1850
-2269
-2077
-1508
-1024
-853
-873
-860
-737
-586
-470
-357
-201
-40
61
80
53
9
-23
2
82
61
-264
-866
-1397
-1504
-1237
-1032
-1249
-1793
-2251
-2328
-2088
-1781
-1557
-1392
-1232
-1089
-982
-842
-577
-206
126
274
225
104
85
272
597
839
803
537
317
368
626
831
830
699
585
519
449
388
412
531
624
592
495
477
568
655
650
650
814
1132
1413
1574
1838
2508
3481
4100
3714
2484
1496
1801
3220
4280
3641
1598
-73
50
1484
2376
1555
-283
-1543
-1545
-1004
-891
-1350
-1869
-2090
-2075
-2002
-1965
-2052
-2251
-2280
-1802
-965
-431
-614
-1060
-921
11
1049
1458
1263
991
902
818
640
593
793
866
347
-645
-1406
-1417
-925
-633
-938
-1596
-2069
-2050
-1648
-1199
-978
-1018
-1113
-1031
-742
-432
-265
-189
-38
193
304
144
-141
-240
-22
281
309
-78
-650
-1028
-1026
-806
-726
-1015
-1570
-2065
-2236
-2075
-1783
-1568
-1507
-1531
-1515
-1355
-1029
-613
-247
-43
-11
-67
-86
30
302
648
910
967
854
733
734
826
875
812
692
597
531
457
393
411
516
613
603
506
432
450
544
675
821
962
1056
1093
1137
1318
1747
2460
3316
3913
3757
2784
1754
1749
2959
4157
3840
1994
308
316
1619
2369
1438
-390
-1521
-1390
-798
-686
-1126
-1608
-1871
-2056
-2270
-2399
-2387
-2341
-2263
-1924
-1282
-770
-829
-1214
-1148
-265
919
1615
1623
1308
987
690
507
663
1076
1142
366
-897
-1671
-1427
-689
-433
-1036
-1978
-2478
-2224
-1513
-890
-720
-972
-1292
-1324
-1027
-660
-454
-363
-194
66
209
94
-103
-71
249
547
466
-14
-538
-728
-556
-368
-530
-1072
-1664
-1953
-1869
-1618
-1438
-1415
-1493
-1571
-1564
-1413
-1104
-681
-249
80
236
244
212
275
498
820
1082
1146
1011
830
792
956
1193
1278
1092
737
463
456
670
878
873
657
400
278
322
442
538
590
616
641
691
796
972
1217
1560
2097
2822
3421
3396
2626
1787
1893
3164
4473
4311
2449
412
-27
1241
2530
2231
501
-1113
-1495
-980
-617
-894
-1482
-1930
-2142
-2211
-2159
-2024
-1944
-1957
-1847
-1463
-1059
-1027
-1280
-1231
-514
515
1197
1324
1196
1063
872
632
628
994
1281
842
-313
-1343
-1457
-793
-252
-507
-1375
-2124
-2227
-1747
-1145
-866
-1026
-1374
-1533
-1333
-945
-656
-540
-437
-230
-8
77
68
156
423
697
722
394
-129
-547
-648
-496
-398
-636
-1179
-1689
-1842
-1638
-1369
-1306
-1452
-1604
-1591
-1393
-1094
-783
-543
-440
-464
-475
-302
91
548
842
860
679
509
554
845
1187
1304
1105
779
601
657
800
838
735
593
519
503
460
353
275
359
612
849
882
736
653
859
1387
2111
2864
3435
3525
2954
2064
1719
2541
4017
4665
3494
1249
-127
479
2101
2727
1505
-444
-1441
-1079
-361
-293
-902
-1598
-2035
-2249
-2306
-2206
-2086
-2131
-2252
-2126
-1705
-1379
-1425
-1500
-1027
10
985
1365
1239
976
731
536
637
1214
1804
1501
63
-1491
-1823
-801
302
201
-1042
-2237
-2390
-1597
-709
-445
-866
-1503
-1809
-1571
-1006
-507
-285
-266
-275
-257
-237
-181
17
378
733
821
531
14
-417
-523
-331
-153
-342
-955
-1637
-1915
-1646
-1164
-958
-1202
-1635
-1860
-1711
-1324
-936
-678
-553
-515
-506
-437
-221
145
545
815
866
754
650
722
996
1307
1426
1261
934
656
549
590
688
762
767
702
591
484
435
496
671
876
969
894
764
780
1041
1500
2042
2581
3001
3099
2732
2135
1958
2693
3931
4436
3352
1341
142
755
2252
2742
1454
-499
-1499
-1181
-533
-513
-1108
-1732
-2062
-2168
-2150
-2029
-1934
-1997
-2084
-1894
-1434
-1126
-1218
-1334
-886
148
1146
1529
1291
812
460
493
1025
1728
1818
775
-829
-1669
-1067
157
549
-390
-1746
-2309
-1824
-1006
-625
-829
-1272
-1558
-1513
-1200
-830
-583
-487
-447
-401
-374
-354
-226
100
517
744
572
90
-360
-466
-228
38
-44
-584
-1313
-1782
-1738
-1352
-1053
-1106
-1378
-1548
-1480
-1280
-1050
-773
-473
-319
-417
-590
-522
-116
404
740
784
629
443
401
625
1057
1421
1434
1095
703
546
639
786
832
759
586
330
80
14
230
590
812
763
586
540
739
1075
1372
1612
1957
2510
3056
3134
2557
1842
1868
2877
3941
3758
2139
451
283
1693
3041
2708
795
-1090
-1600
-915
-232
-364
-1154
-1997
-2497
-2544
-2203
-1762
-1640
-1933
-2206
-1991
-1414
-1037
-1070
-1035
-402
659
1421
1379
736
138
114
710
1469
1666
879
-480
-1335
-977
89
573
-218
-1626
-2406
-2057
-1184
-659
-755
-1133
-1399
-1415
-1222
-910
-607
-421
-345
-308
-291
-315
-292
-58
385
740
686
245
-202
-298
-57
184
91
-405
-1090
-1618
-1720
-1420
-1065
-1042
-1402
-1799
-1860
-1561
-1163
-848
-590
-363
-287
-422
-554
-359
194
744
899
634
290
232
545
1000
1262
1148
764
420
377
627
921
1002
809
492
250
198
310
464
532
499
466
542
710
857
926
997
1176
1499
1949
2480
2920
2946
2398
1682
1601
2482
3555
3560
2170
566
271
1430
2586
2263
572
-1033
-1418
-855
-406
-642
-1275
-1802
-2071
-2154
-2082
-1920
-1866
-1981
-1996
-1633
-1076
-816
-963
-1003
-420
595
1287
1138
384
-243
-168
586
1404
1488
539
-822
-1478
-929
101
390
-460
-1639
-2097
-1652
-971
-684
-825
-1084
-1274
-1382
-1352
-1097
-692
-364
-266
-354
-477
-499
-298
173
741
1016
740
97
-410
-452
-162
59
-62
-497
-1023
-1392
-1460
-1281
-1085
-1082
-1263
-1442
-1466
-1334
-1107
-815
-516
-352
-429
-631
-658
-320
236
654
702
468
241
268
576
985
1242
1204
937
655
545
628
771
818
701
467
232
118
178
365
554
644
628
593
621
733
908
1129
1398
1736
2177
2686
3043
2927
2306
1727
1921
2918
3718
3213
1516
73
169
1457
2286
1521
-249
-1476
-1375
-590
-243
-708
-1509
-2069
-2239
-2163
-2008
-1925
-2024
-2198
-2148
-1759
-1327
-1195
-1218
-881
-10
878
1133
718
210
120
433
791
878
548
-144
-871
-1156
-840
-358
-342
-919
-1584
-1794
-1513
-1103
-855
-804
-891
-1085
-1282
-1275
-955
-494
-207
-221
-376
-421
-248
89
464
721
715
426
29
-221
-226
-128
-160
-419
-815
-1168
-1329
-1266
-1088
-992
-1103
-1361
-1572
-1589
-1407
-1111
-789
-541
-467
-562
-635
-448
11
466
621
483
336
426
721
992
1072
977
831
724
656
591
510
433
388
364
322
250
211
290
493
694
751
656
550
564
710
901
1070
1187
1245
1295
1513
2065
2787
3130
2670
1749
1349
2061
3239
3520
2323
610
-105
583
1565
1525
358
-889
-1282
-899
-483
-544
-998
-1508
-1842
-1923
-1776
-1577
-1572
-1785
-1884
-1574
-1050
-804
-956
-1030
-544
336
944
856
295
-166
-143
314
784
753
9
-1040
-1608
-1286
-546
-280
-822
-1596
-1847
-1482
-1030
-908
-1019
-1092
-1089
-1109
-1093
-868
-456
-123
-49
-125
-150
-80
5
98
235
342
260
-30
-332
-450
-410
-402
-569
-890
-1241
-1499
-1586
-1496
-1314
-1169
-1135
-1167
-1158
-1034
-794
-509
-301
-278
-417
-538
-438
-85
333
576
554
402
357
547
872
1092
1049
804
553
424
391
367
323
284
255
209
160
186
335
536
655
640
569
551
625
759
927
1097
1191
1132
996
1042
1501
2267
2859
2806
2139
1490
1556
2379
3166
3002
1805
518
199
920
1675
1459
301
-854
-1214
-875
-510
-572
-955
-1336
-1550
-1617
-1589
-1525
-1501
-1521
-1447
-1172
-829
-656
-630
-417
171
787
847
246
-420
-451
179
766
607
-275
-1167
-1387
-940
-471
-577
-1201
-1739
-1725
-1319
-1043
-1133
-1320
-1259
-996
-855
-965
-1093
-958
-567
-179
-13
-66
-169
-136
103
436
615
451
16
-394
-546
-487
-461
-632
-953
-1256
-1421
-1429
-1328
-1201
-1121
-1100
-1084
-1016
-899
-778
-677
-588
-516
-482
-458
-347
-101
180
324
282
198
252
453
637
666
578
525
581
662
643
519
412
427
515
531
415
293
350
622
928
1051
960
832
856
1049
1257
1334
1274
1195
1219
1408
1765
2225
2622
2715
2378
1827
1561
1909
2587
2837
2185
1031
317
529
1159
1279
563
-426
-954
-892
-681
-705
-951
-1225
-1444
-1604
-1645
-1529
-1380
-1346
-1362
-1212
-855
-528
-416
-370
-139
201
288
-17
-356
-302
67
223
-153
-768
-1070
-904
-646
-721
-1116
-1452
-1437
-1168
-968
-1015
-1178
-1196
-981
-706
-605
-698
-772
-625
-291
5
90
3
-58
56
301
465
374
65
-242
-373
-370
-411
-601
-869
-1071
-1144
-1133
-1116
-1120
-1122
-1080
-994
-910
-873
-853
-746
-508
-254
-174
-298
-416
-297
30
300
331
234
258
473
700
746
623
486
431
421
385
311
246
235
279
333
357
369
426
544
655
697
700
753
878
990
1008
965
974
1090
1247
1350
1405
1544
1888
2366
2692
2570
2017
1477
1484
2096
2684
2475
1410
324
118
756
1296
946
-88
-929
-1028
-643
-375
-501
-868
-1217
-1425
-1475
-1399
-1289
-1235
-1185
-992
-665
-438
-482
-590
-391
130
495
281
-328
-701
-495
-51
31
-414
-980
-1201
-1050
-866
-907
-1093
-1171
-1051
-889
-863
-942
-931
-720
-448
-366
-546
-779
-764
-415
47
303
234
9
-102
2
189
248
96
-175
-409
-526
-555
-583
-669
-810
-962
-1085
-1166
-1197
-1153
-1013
-828
-724
-784
-921
-927
-680
-301
-41
-33
-159
-193
-31
228
414
453
411
399
453
517
512
430
348
351
429
484
446
360
353
471
616
654
578
518
597
776
906
895
814
814
973
1223
1422
1483
1432
1385
1476
1775
2206
2542
2532
2133
1634
1468
1798
2270
2293
1647
773
357
602
1014
946
291
-468
-826
-757
-608
-653
-872
-1106
-1264
-1332
-1307
-1202
-1075
-961
-817
-602
-386
-285
-280
-224
-73
6
-121
-319
-345
-242
-323
-710
-1066
-1002
-631
-490
-853
-1357
-1448
-1057
-650
-641
-945
-1165
-1065
-756
-491
-420
-507
-600
-533
-270
40
189
134
47
96
237
284
155
-30
-123
-139
-218
-427
-678
-827
-825
-753
-739
-845
-1007
-1088
-1005
-824
-696
-696
-739
-689
-518
-336
-252
-253
-235
-122
62
233
325
344
353
399
457
457
398
368
441
557
580
471
361
404
589
755
782
716
695
787
944
1066
1099
1055
998
989
1049
1134
1194
1226
1271
1348
1446
1570
1762
2028
2245
2230
1959
1667
1651
1915
2099
1832
1173
587
458
669
750
405
-181
-603
-686
-615
-651
-846
-1059
-1166
-1172
-1147
-1123
-1077
-978
-819
-636
-488
-403
-337
-226
-94
-58
-173
-327
-367
-333
-433
-753
-1069
-1088
-825
-621
-738
-1041
-1174
-983
-667
-516
-606
-781
-858
-775
-599
-447
-405
-444
-430
-264
-7
167
164
71
42
116
186
141
-5
-147
-221
-276
-401
-604
-787
-846
-790
-743
-801
-917
-946
-816
-618
-505
-517
-550
-493
-354
-226
-163
-136
-96
-31
48
137
226
287
307
314
341
364
334
266
243
313
414
443
398
395
518
701
797
749
665
683
827
985
1044
999
936
938
1020
1128
1198
1210
1208
1264
1410
1620
1844
2042
2175
2186
2047
1842
1736
1813
1934
1843
1444
941
639
624
676
528
160
-219
-425
-488
-558
-722
-932
-1097
-1166
-1145
-1072
-1005
-996
-1020
-969
-760
-453
-236
-247
-436
-602
-572
-365
-195
-293
-672
-1072
-1173
-922
-606
-562
-816
-1084
-1110
-934
-780
-764
-804
-782
-706
-656
-642
-596
-474
-307
-161
-80
-67
-89
-78
18
161
232
145
-60
-259
-372
-419
-459
-522
-606
-699
-783
-824
-804
-754
-713
-682
-634
-567
-521
-511
-496
-430
-319
-223
-185
-189
-182
-123
-1
159
304
382
374
325
303
336
394
436
453
451
426
385
372
437
564
658
653
598
604
712
843
899
877
860
905
991
1070
1129
1190
1262
1334
1408
1527
1741
2033
2299
2388
2236
1954
1783
1873
2099
2123
1735
1102
641
584
744
729
365
-152
-512
-612
-590
-614
-728
-887
-1039
-1143
-1154
-1065
-951
-908
-945
-963
-867
-668
-486
-431
-510
-622
-649
-573
-497
-551
-747
-957
-1039
-981
-895
-884
-945
-1005
-1014
-971
-891
-796
-714
-672
-659
-636
-583
-517
-453
-371
-245
-99
5
33
22
36
88
121
81
-32
-167
-282
-372
-451
-531
-609
-683
-759
-837
-903
-924
-871
-758
-642
-591
-606
-608
-510
-321
-158
-122
-187
-225
-153
-14
93
130
136
158
200
242
274
301
322
338
356
379
406
438
487
554
615
635
616
602
643
731
819
868
885
893
913
952
1022
1115
1202
1248
1264
1304
1432
1660
1930
2132
2158
1983
1718
1565
1644
1839
1872
1567
1056
665
582
666
618
312
-94
-360
-428
-452
-590
-845
-1087
-1205
-1187
-1104
-1037
-1033
-1078
-1111
-1058
-892
-662
-470
-413
-506
-654
-709
-609
-451
-415
-577
-829
-984
-963
-859
-815
-883
-998
-1058
-1025
-932
-846
-807
-792
-735
-600
-440
-349
-359
-398
-360
-223
-67
11
-16
-99
-172
-207
-218
-237
-289
-368
-446
-498
-531
-570
-623
-675
-712
-739
-763
-775
-749
-674
-577
-501
-459
-415
-335
-232
-160
-138
-120
-46
81
196
245
242
237
255
269
263
266
320
417
479
447
352
298
350
458
519
492
437
438
511
599
650
673
704
752
788
796
805
853
948
1048
1115
1142
1165
1232
1377
1595
1822
1950
1903
1729
1595
1632
1785
1842
1653
1297
1002
891
861
717
405
57
-174
-268
-326
-447
-645
-862
-1013
-1035
-938
-827
-837
-992
-1158
-1166
-987
-764
-665
-720
-813
-823
-745
-677
-717
-865
-1016
-1056
-974
-882
-905
-1054
-1206
-1231
-1114
-960
-877
-884
-916
-906
-838
-739
-643
-566
-510
-455
-377
-266
-146
-57
-23
-26
-29
-15
-10
-47
-126
-207
-259
-293
-344
-419
-490
-530
-547
-571
-606
-628
-621
-600
-583
-564
-512
-416
-304
-225
-199
-201
-179
-115
-47
-18
-16
22
124
233
263
205
141
153
226
280
267
226
231
302
382
405
362
314
324
404
502
564
581
595
650
744
837
892
915
940
996
1079
1163
1226
1277
1340
1432
1538
1624
1658
1634
1585
1555
1561
1561
1486
1315
1101
929
828
748
622
435
236
72
-48
-153
-268
-395
-515
-613
-686
-751
-832
-928
-1011
-1038
-1002
-944
-920
-949
-990
-995
-959
-936
-966
-1036
-1084
-1076
-1038
-1017
-1028
-1049
-1056
-1046
-1022
-979
-923
-883
-879
-888
-864
-797
-731
-709
-707
-657
-531
-378
-270
-229
-219
-205
-179
-150
-122
-109
-125
-167
-208
-230
-251
-297
-354
-380
-356
-313
-305
-345
-398
-416
-382
-324
-283
-274
-283
-281
-257
-221
-189
-167
-150
-135
-119
-103
-88
-78
-73
-68
-48
0
63
105
103
80
85
144
230
290
307
320
368
444
498
502
484
502
574
656
694
690
700
768
883
993
1072
1144
1254
1416
1587
1696
1711
1676
1672
1745
1851
1899
1838
1702
1573
1498
1440
1321
1105
849
651
548
477
331
73
-227
-459
-575
-633
-735
-926
-1146
-1286
-1295
-1234
-1219
-1298
-1407
-1430
-1330
-1187
-1126
-1190
-1306
-1354
-1288
-1168
-1105
-1148
-1241
-1278
-1206
-1080
-1006
-1032
-1100
-1103
-1003
-857
-756
-725
-706
-630
-493
-352
-257
-199
-133
-37
56
103
107
111
142
177
176
139
108
108
112
72
-17
-108
-149
-138
-119
-140
-205
-277
-321
-335
-347
-381
-427
-454
-442
-409
-392
-406
-430
-430
-392
-333
-283
-258
-242
-206
-143
-77
-41
-37
-33
1
61
111
130
137
176
263
367
442
477
503
558
638
712
753
779
832
938
1076
1193
1255
1285
1342
1463
1621
1745
1787
1767
1751
1784
1842
1859
1785
1644
1504
1416
1362
1271
1096
856
626
459
343
213
19
-230
-463
-618
-702
-795
-964
-1186
-1353
-1384
-1311
-1253
-1293
-1397
-1460
-1421
-1325
-1265
-1284
-1337
-1347
-1290
-1201
-1138
-1121
-1132
-1143
-1131
-1074
-975
-865
-790
-751
-699
-593
-464
-387
-384
-387
-315
-170
-30
43
54
53
78
135
201
243
237
196
158
149
152
125
47
-47
-109
-126
-141
-197
-289
-368
-399
-399
-413
-462
-527
-569
-568
-532
-488
-463
-462
-472
-464
-430
-382
-341
-302
-248
-175
-109
-78
-75
-69
-32
37
116
179
212
230
263
336
440
537
590
603
614
664
755
849
895
887
872
920
1049
1200
1292
1317
1344
1442
1600
1739
1792
1766
1719
1713
1763
1824
1825
1723
1550
1393
1310
1268
1169
954
674
450
345
285
139
-136
-443
-647
-721
-768
-897
-1104
-1279
-1340
-1311
-1293
-1354
-1467
-1539
-1505
-1390
-1294
-1300
-1392
-1465
-1433
-1310
-1188
-1140
-1153
-1156
-1098
-991
-888
-821
-779
-726
-647
-555
-476
-421
-388
-355
-294
-191
-69
29
86
132
200
279
320
299
252
232
253
282
277
230
161
91
26
-37
-101
-161
-213
-255
-290
-323
-357
-386
-399
-398
-399
-412
-425
-411
-367
-321
-307
-321
-326
-299
-253
-219
-203
-176
-113
-23
63
124
166
204
243
277
305
337
384
443
497
530
546
568
612
671
734
790
835
866
891
929
998
1098
1206
1293
1352
1399
1463
1556
1661
1734
1740
1695
1653
1659
1691
1675
1561
1379
1209
1103
1026
913
739
541
366
224
84
-79
-267
-459
-629
-759
-852
-935
-1037
-1154
-1258
-1318
-1334
-1334
-1348
-1380
-1411
-1417
-1397
-1371
-1354
-1340
-1313
-1264
-1211
-1174
-1152
-1115
-1038
-925
-816
-752
-735
-723
-664
-545
-403
-289
-218
-166
-102
-22
61
136
198
239
259
267
283
314
340
336
287
206
121
65
50
56
40
-24
-115
-185
-205
-196
-204
-246
-300
-333
-334
-322
-315
-317
-313
-292
-259
-227
-199
-170
-147
-145
-166
-181
-154
-78
14
79
104
108
123
166
231
296
348
386
421
461
509
565
626
682
727
763
808
875
958
1026
1064
1085
1125
1192
1261
1297
1304
1323
1390
1494
1586
1620
1593
1539
1505
1511
1539
1543
1488
1376
1243
1128
1040
948
809
609
390
212
98
8
-124
-322
-549
-739
-857
-928
-1007
-1131
-1277
-1389
-1438
-1446
-1460
-1503
-1565
-1612
-1618
-1578
-1515
-1468
-1450
-1437
-1393
-1314
-1228
-1162
-1109
-1038
-939
-826
-726
-643
-564
-471
-365
-262
-177
-111
-52
13
90
168
224
246
253
282
348
415
431
387
325
300
319
344
335
288
229
180
140
89
16
-70
-147
-200
-229
-245
-259
-275
-286
-293
-304
-319
-326
-315
-294
-280
-280
-281
-266
-234
-191
-138
-72
-6
45
76
105
152
221
297
363
418
474
537
602
652
686
719
774
844
904
935
948
976
1037
1112
1170
1194
1197
1200
1216
1242
1273
1306
1340
1371
1388
1379
1345
1299
1262
1237
1209
1156
1072
966
853
737
613
478
338
202
73
-52
-183
-328
-486
-643
-783
-898
-996
-1091
-1189
-1281
-1356
-1413
-1461
-1508
-1549
-1576
-1585
-1578
-1559
-1523
-1467
-1396
-1330
-1280
-1240
-1187
-1104
-990
-867
-755
-666
-596
-531
-447
-339
-218
-105
-13
63
133
199
255
298
336
378
428
469
488
486
473
448
406
358
330
327
321
280
204
126
65
14
-47
-118
-185
-231
-250
-256
-267
-290
-312
-320
-315
-307
-304
-296
-272
-235
-200
-177
-164
-146
-110
-62
-15
24
66
121
190
258
307
334
353
382
430
486
534
573
613
663
710
741
757
780
828
898
967
1010
1022
1020
1026
1051
1083
1106
1113
1116
1124
1139
1147
1136
1106
1066
1024
979
927
863
789
711
631
547
454
351
240
129
22
-82
-187
-299
-420
-545
-664
-772
-871
-965
-1054
-1132
-1190
-1233
-1271
-1315
-1359
-1389
-1390
-1361
-1313
-1265
-1226
-1194
-1161
-1119
-1069
-1016
-964
-908
-841
-758
-666
-578
-509
-458
-409
-341
-248
-151
-72
-15
35
94
156
203
227
235
245
267
295
311
299
262
224
210
222
233
215
164
105
58
25
-5
-37
-66
-85
-100
-122
-148
-169
-174
-170
-171
-186
-206
-217
-210
-189
-161
-138
-123
-116
-101
-68
-18
31
61
74
93
133
190
243
281
308
340
387
451
517
572
604
621
638
674
728
785
829
857
881
907
930
946
958
973
991
1009
1026
1041
1047
1030
988
938
899
869
826
761
689
628
579
520
432
317
199
99
20
-50
-128
-225
-339
-456
-563
-658
-745
-834
-923
-997
-1045
-1072
-1098
-1139
-1183
-1206
-1199
-1175
-1155
-1139
-1111
-1069
-1026
-994
-967
-930
-883
-834
-783
-716
-635
-561
-514
-484
-440
-369
-288
-219
-162
-102
-30
42
100
142
171
195
215
232
246
255
260
258
246
222
192
165
145
133
120
96
55
5
-36
-64
-86
-113
-148
-181
-202
-207
-203
-202
-209
-221
-230
-230
-228
-225
-215
-195
-169
-148
-133
-114
-85
-49
-11
27
70
120
173
220
254
278
302
332
369
409
452
495
535
562
575
583
599
637
691
746
783
801
812
822
825
814
797
791
799
810
811
801
782
758
733
708
682
645
587
517
454
405
356
285
187
78
-21
-103
-171
-230
-284
-342
-409
-482
-550
-606
-651
-693
-739
-781
-812
-832
-852
-877
-903
-923
-934
-931
-910
-870
-820
-781
-758
-736
-699
-652
-612
-584
-548
-495
-438
-408
-404
-394
-348
-269
-192
-146
-127
-113
-83
-41
-1
21
29
32
44
68
100
127
141
141
130
113
94
80
75
73
59
24
-26
-76
-118
-150
-175
-191
-197
-194
-186
-178
-175
-175
-172
-160
-141
-122
-107
-95
-84
-72
-65
-61
-50
-21
25
77
121
154
185
223
262
293
311
316
314
311
316
339
384
434
464
465
456
462
492
533
566
586
595
599
593
574
542
508
485
484
502
525
537
530
510
491
477
465
445
410
359
294
223
149
79
16
-41
-99
-158
-211
-243
-255
-268
-300
-351
-401
-430
-446
-464
-494
-526
-546
-549
-547
-546
-548
-548
-546
-544
-545
-546
-540
-527
-514
-508
-512
-518
-514
-491
-457
-423
-395
-368
-333
-292
-253
-226
-204
-176
-137
-101
-80
-73
-63
-38
1
36
55
59
63
80
107
134
147
146
138
128
117
101
76
41
3
-30
-51
-60
-63
-65
-69
-72
-74
-74
-75
-79
-83
-80
-68
-55
-51
-62
-80
-95
-94
-72
-36
2
33
55
76
100
121
129
124
119
126
148
174
193
207
223
248
276
295
299
300
317
355
399
432
446
448
444
438
429
419
410
412
429
458
479
475
448
415
395
385
374
357
340
322
295
247
187
130
85
50
18
-8
-25
-38
-56
-87
-127
-165
-197
-223
-250
-281
-315
-353
-392
-431
-466
-493
-503
-496
-478
-461
-454
-457
-463
-464
-459
-454
-450
-441
-422
-397
-379
-370
-360
-336
-300
-263
-232
-203
-169
-133
-102
-85
-79
-76
-67
-49
-24
1
23
41
53
58
55
46
37
36
43
52
58
57
49
34
13
-3
-3
12
27
32
25
18
16
17
16
12
8
7
9
10
5
-7
-19
-25
-28
-36
-47
-51
-34
0
39
67
80
85
88
92
97
100
102
107
116
129
145
163
182
200
213
222
232
249
275
307
335
354
362
366
369
374
375
373
368
363
359
359
360
355
334
298
260
235
223
208
176
130
90
72
74
80
69
37
-8
-53
-92
-120
-136
-147
-162
-191
-231
-271
-299
-314
-322
-333
-345
-350
-342
-325
-310
-304
-305
-305
-304
-306
-316
-328
-331
-322
-304
-288
-278
-271
-259
-238
-213
-191
-169
-142
-110
-87
-86
-100
-109
-98
-73
-53
-45
-37
-21
-4
-1
-12
-21
-16
-3
5
5
4
3
-2
-13
-25
-27
-20
-8
5
26
52
75
81
72
60
53
47
39
34
39
58
80
95
102
107
113
117
119
123
139
166
191
198
186
170
170
192
222
237
228
213
214
235
254
256
248
250
261
264
251
235
234
244
239
211
181
172
183
190
182
169
167
174
176
167
150
128
103
81
69
66
62
45
19
-4
-21
-36
-50
-58
-58
-60
-76
-104
-126
-125
-108
-95
-98
-117
-138
-150
-149
-140
-133
-132
-136
-138
-138
-146
-165
-190
-205
-207
-204
-205
-208
-204
-192
-175
-160
-151
-147
-149
-153
-151
-141
-135
-144
-167
-191
-202
-201
-198
-195
-186
-168
-146
-127
-113
-101
-87
-76
-70
-64
-51
-28
-3
10
11
9
17
34
55
73
83
79
60
38
28
36
58
86
117
147
168
170
159
149
152
160
162
158
159
171
183
180
162
139
123
119
128
149
174
192
194
