1
0
-15
-34
-44
-38
-24
-18
-25
-36
-37
-23
-3
11
15
14
17
24
25
9
-16
-32
-22
4
21
14
-10
-26
-23
-10
0
3
8
14
15
6
-4
-2
11
25
31
32
27
13
-5
-13
-7
0
-14
-43
-53
-24
23
42
16
-30
-56
-49
-30
-22
-26
-26
-11
13
31
33
26
22
23
20
3
-19
-26
-9
22
42
41
32
34
48
60
62
59
52
37
11
-16
-26
-13
9
21
10
-24
-71
-112
-127
-104
-58
-11
21
33
27
8
-11
-7
28
70
86
67
35
10
-16
-61
-112
-132
-101
-38
23
63
83
77
42
-5
-26
-3
40
62
50
25
8
-3
-13
-17
-9
-3
-7
-17
-18
-11
-12
-19
-10
22
50
49
29
20
25
15
-27
-74
-87
-66
-47
-53
-64
-54
-24
4
20
30
39
43
37
29
25
19
4
-19
-38
-46
-44
-34
-15
4
5
-19
-50
-59
-38
-5
24
53
84
99
73
18
-19
-7
29
36
-5
-55
-70
-52
-44
-69
-100
-96
-52
0
32
46
51
44
17
-11
-9
27
62
58
19
-19
-33
-31
-30
-31
-26
-24
-37
-60
-71
-58
-30
-7
2
-3
-14
-17
6
52
85
68
13
-28
-31
-35
-82
-143
-136
-32
86
113
50
-6
18
82
97
54
24
55
99
87
26
-9
13
37
-5
-86
-116
-54
34
54
-3
-59
-54
-10
6
-23
-45
-2
87
141
101
0
-70
-50
25
72
51
2
-17
0
14
2
-11
0
20
18
-4
-8
24
61
63
30
-1
0
26
50
55
26
-41
-120
-148
-89
14
71
42
-15
-21
18
29
-22
-77
-63
11
68
63
24
0
-15
-55
-108
-120
-64
14
38
-12
-80
-99
-56
-1
18
5
3
41
91
101
58
4
-10
10
19
-9
-49
-69
-72
-76
-80
-66
-35
-21
-43
-84
-108
-99
-60
4
81
138
141
100
61
50
38
-9
-64
-72
-23
25
23
-9
-19
-2
7
6
31
85
102
34
-67
-90
-7
95
116
65
27
46
79
56
-34
-133
-164
-95
38
139
120
-10
-129
-123
-17
50
0
-81
-48
104
215
157
-6
-99
-48
41
42
-34
-77
-37
23
34
8
-7
-11
-33
-60
-42
24
69
41
-22
-45
-15
14
10
4
27
51
28
-16
-16
32
36
-66
-191
-184
-17
143
118
-58
-164
-67
110
136
-29
-173
-102
103
191
65
-90
-46
158
259
96
-175
-269
-107
101
123
-31
-147
-81
72
108
-28
-180
-166
6
148
117
-26
-97
-23
78
53
-91
-201
-166
-45
32
22
-14
-40
-100
-200
-218
-37
257
397
229
-82
-224
-74
175
257
113
-82
-143
-61
38
46
-21
-67
-37
23
20
-68
-147
-116
-8
49
-3
-64
-18
100
146
56
-73
-103
-26
51
42
-35
-100
-104
-56
5
45
53
45
46
52
32
-27
-78
-60
30
120
140
89
16
-31
-27
36
129
173
103
-45
-144
-123
-45
-26
-72
-85
-11
66
42
-58
-95
3
143
168
48
-89
-104
2
103
89
-21
-107
-92
-21
3
-42
-69
2
129
188
121
5
-41
9
96
157
166
117
23
-47
-12
84
66
-162
-418
-393
-40
301
266
-89
-346
-231
79
221
91
-90
-112
-14
44
11
-49
-105
-170
-193
-87
108
188
39
-171
-163
90
296
217
-17
-80
118
306
208
-90
-242
-80
178
214
-4
-215
-204
-38
72
42
-25
-24
17
6
-67
-121
-86
12
87
70
-35
-152
-177
-68
104
198
137
-4
-81
-38
40
41
-32
-81
-44
36
79
65
38
31
33
27
26
37
31
-19
-78
-86
-38
9
22
40
95
126
42
-124
-206
-98
98
165
38
-106
-66
116
194
39
-172
-155
110
322
215
-106
-289
-166
44
39
-172
-285
-111
182
291
138
-77
-147
-67
32
60
19
-44
-84
-69
-22
-27
-121
-208
-154
18
135
94
3
10
78
51
-82
-136
-4
171
188
68
7
57
58
-85
-201
-95
121
129
-128
-306
-98
310
429
89
-325
-340
26
315
212
-104
-225
-29
227
256
65
-106
-85
64
155
87
-56
-110
-15
118
117
-44
-198
-165
24
156
84
-99
-188
-116
-16
-31
-127
-156
-50
97
149
75
-30
-61
-6
47
10
-94
-124
21
239
289
77
-183
-196
33
199
97
-99
-92
115
225
79
-124
-111
72
144
-9
-183
-159
-4
47
-69
-176
-120
31
107
60
-17
-44
-35
-17
31
125
203
174
26
-150
-239
-189
-41
103
133
16
-142
-166
9
237
289
97
-168
-275
-159
41
155
131
28
-63
-74
15
148
210
126
-27
-82
21
142
110
-57
-155
-52
130
160
-12
-177
-119
125
289
178
-123
-331
-260
-7
165
115
-33
-70
20
42
-125
-319
-279
-2
207
116
-133
-205
-6
206
180
-8
-98
-18
49
-22
-103
-20
153
166
-47
-233
-131
181
368
235
-63
-226
-145
30
107
37
-93
-180
-172
-62
95
192
133
-56
-225
-237
-114
-8
-26
-101
-75
102
286
287
75
-175
-264
-159
-2
64
43
33
88
144
112
0
-87
-57
63
159
139
24
-78
-75
38
172
220
131
-44
-180
-184
-88
-24
-64
-119
-42
143
221
46
-232
-304
-65
232
272
43
-163
-122
66
130
-23
-210
-208
-16
171
190
69
-35
-6
125
232
215
85
-68
-168
-202
-186
-111
29
176
217
104
-74
-171
-133
-43
-2
-34
-97
-152
-170
-115
10
116
103
-2
-52
24
120
85
-58
-135
-51
95
150
88
7
-24
-22
-15
9
56
58
-47
-203
-251
-119
70
133
47
-35
11
115
113
-25
-151
-132
-18
39
-8
-47
22
146
186
89
-53
-112
-59
25
45
-15
-91
-99
-29
42
41
2
38
168
243
104
-180
-334
-191
83
175
12
-163
-131
22
56
-61
-126
-43
11
-133
-314
-211
199
533
447
57
-200
-94
167
242
62
-150
-187
-70
48
75
31
-37
-97
-123
-91
-13
54
62
19
-42
-111
-194
-249
-196
-26
149
203
150
116
146
129
-30
-238
-292
-135
53
69
-71
-152
-29
190
267
112
-98
-119
62
197
68
-226
-353
-136
214
330
109
-177
-218
-14
186
202
96
11
-19
-50
-92
-85
-18
36
20
-34
-62
-58
-53
-59
-56
-32
13
80
156
173
72
-93
-181
-126
-22
27
61
180
317
263
-16
-222
-55
354
513
150
-421
-630
-296
199
375
148
-180
-309
-197
10
158
173
56
-115
-225
-200
-73
41
55
-4
-26
64
196
208
23
-231
-325
-158
118
244
110
-151
-308
-254
-74
74
104
52
9
33
86
67
-66
-196
-129
160
397
264
-190
-509
-317
197
437
89
-479
-616
-147
425
505
71
-351
-324
49
331
269
2
-199
-229
-156
-70
-4
44
96
181
284
309
174
-58
-198
-136
29
110
37
-104
-204
-226
-171
-53
65
76
-33
-110
-6
199
244
16
-271
-309
-65
191
210
36
-107
-94
14
112
172
206
196
119
16
-30
-5
9
-67
-190
-216
-65
157
240
106
-96
-144
4
165
154
-12
-166
-208
-182
-153
-100
-1
65
13
-76
-19
205
363
244
-35
-149
2
148
19
-245
-246
119
463
370
-71
-377
-269
31
158
70
13
99
159
38
-142
-147
25
136
45
-109
-111
41
157
119
6
-47
-17
17
5
-37
-81
-124
-145
-88
62
209
190
-46
-326
-370
-84
286
360
28
-388
-458
-117
271
339
115
-96
-122
-85
-144
-235
-183
18
170
130
-28
-140
-153
-118
-62
26
95
57
-62
-96
39
183
114
-121
-209
32
370
414
119
-131
-10
329
442
169
-185
-253
-55
95
32
-86
-67
17
-33
-202
-229
41
376
379
-41
-513
-576
-149
395
606
336
-182
-548
-483
-39
418
500
163
-227
-257
94
443
415
26
-369
-453
-223
69
182
84
-66
-102
-3
104
101
5
-69
-65
-38
-49
-51
42
195
238
70
-182
-268
-94
161
237
83
-101
-108
27
91
-34
-216
-240
-70
107
114
-13
-89
-28
55
12
-116
-135
50
271
258
-43
-365
-373
-36
322
355
62
-217
-188
90
289
206
-21
-91
92
306
270
-28
-306
-299
-40
186
164
-31
-148
-72
50
20
-149
-237
-108
105
164
16
-154
-172
-82
-45
-105
-152
-90
38
125
121
38
-88
-175
-96
170
406
317
-105
-470
-398
19
304
179
-102
-106
208
443
288
-92
-278
-121
116
121
-87
-225
-122
84
137
-20
-183
-148
53
195
128
-60
-153
-66
71
96
11
-44
-12
-8
-137
-284
-207
137
454
409
27
-308
-296
-51
76
-42
-177
-98
99
121
-97
-272
-135
199
360
191
-62
-72
151
288
118
-203
-324
-100
244
354
107
-271
-431
-243
78
207
51
-159
-164
6
88
-53
-212
-115
193
362
187
-103
-122
174
411
261
-153
-415
-300
10
189
128
-26
-97
-64
-18
-21
-46
-46
-16
-2
-34
-87
-96
-24
92
165
143
60
-3
-29
-71
-155
-199
-96
120
254
153
-107
-285
-238
-48
109
169
196
228
208
97
-38
-93
-71
-77
-158
-226
-161
25
186
190
42
-136
-210
-117
94
274
268
49
-219
-316
-194
-22
16
-64
-88
30
160
127
-65
-234
-230
-82
70
126
69
-63
-206
-263
-162
61
268
328
216
0
-202
-269
-139
98
235
144
-60
-138
-16
123
82
-86
-160
-44
121
168
101
35
0
-53
-107
-57
106
210
86
-186
-332
-196
78
228
167
40
6
44
24
-96
-203
-159
39
247
304
173
-32
-159
-144
-58
-17
-71
-157
-177
-101
21
138
233
282
222
27
-191
-245
-88
101
112
-28
-74
107
324
276
-52
-337
-296
-30
121
5
-175
-161
14
89
-57
-224
-143
174
418
339
30
-192
-144
57
163
73
-87
-133
-16
148
202
89
-98
-201
-146
-24
9
-80
-140
-24
193
262
63
-221
-304
-132
64
78
-28
-44
67
121
-20
-234
-262
-30
260
343
155
-135
-302
-250
-54
127
184
121
30
-9
3
6
-43
-114
-133
-54
82
180
159
26
-118
-167
-119
-76
-122
-197
-144
87
336
376
163
-121
-258
-193
-27
121
179
107
-77
-238
-207
9
174
87
-147
-231
-70
98
50
-89
-30
222
313
40
-299
-260
143
414
220
-156
-196
150
393
173
-250
-356
-56
219
122
-162
-213
44
263
155
-158
-339
-241
3
199
282
261
151
-8
-116
-97
9
88
88
56
42
41
34
35
50
38
-38
-134
-151
-61
36
30
-51
-77
-4
49
-36
-178
-174
25
205
128
-169
-392
-311
-7
243
264
132
42
71
115
35
-156
-277
-172
98
284
198
-85
-307
-308
-162
-35
18
61
115
112
20
-74
-81
-52
-96
-177
-114
167
471
526
292
-12
-177
-208
-214
-208
-106
98
248
190
-43
-249
-268
-122
41
109
82
16
-56
-110
-92
53
264
342
141
-222
-407
-211
176
348
137
-203
-306
-117
118
194
162
149
132
26
-105
-83
106
223
72
-209
-288
-56
221
220
-70
-358
-391
-182
65
180
137
17
-65
-40
58
118
78
11
33
145
207
122
-39
-125
-82
11
62
55
17
-38
-92
-110
-67
8
56
45
-13
-90
-139
-100
50
218
232
23
-246
-319
-111
189
328
247
88
-22
-107
-235
-357
-331
-112
156
291
268
203
164
86
-97
-277
-252
9
260
225
-75
-332
-298
-42
171
199
115
39
-9
-42
-11
103
173
46
-212
-319
-117
192
279
86
-112
-80
91
148
23
-109
-98
-15
-24
-141
-225
-158
23
186
242
180
49
-79
-133
-94
-19
24
27
33
51
36
-29
-87
-75
-15
17
14
40
107
114
-21
-206
-240
-58
164
207
67
-52
-6
105
70
-158
-376
-340
-33
299
396
230
-1
-97
-49
10
-18
-90
-101
-14
110
177
127
-38
-229
-309
-217
-59
-9
-84
-121
-6
151
164
44
-8
106
228
154
-70
-196
-83
140
250
169
-18
-187
-250
-156
60
226
161
-111
-343
-315
-86
95
80
-41
-100
-61
-4
24
65
146
214
198
108
28
15
36
18
-63
-131
-80
99
262
229
-16
-267
-288
-72
166
225
98
-96
-261
-341
-267
-15
284
416
293
54
-90
-75
3
43
36
10
-28
-75
-100
-92
-105
-186
-278
-265
-123
39
114
104
47
-76
-261
-355
-163
277
622
562
164
-202
-269
-112
27
35
-10
0
62
92
43
-57
-158
-236
-289
-300
-246
-141
-44
-10
-26
-18
69
200
278
243
133
36
7
40
101
156
163
74
-107
-279
-293
-108
125
177
-10
-237
-258
-71
76
-10
-218
-263
-51
205
264
152
96
191
285
208
26
-46
72
225
230
82
-72
-125
-88
-32
-5
-17
-52
-62
-7
81
102
7
-109
-96
68
221
190
-11
-183
-140
103
348
398
237
23
-74
-28
44
24
-81
-161
-141
-76
-83
-191
-288
-253
-94
57
93
17
-97
-185
-203
-126
14
116
93
-27
-130
-152
-142
-176
-238
-241
-145
-14
57
25
-80
-198
-266
-246
-150
-46
8
30
80
154
170
70
-76
-132
-53
65
103
59
35
94
196
254
240
191
163
181
238
293
289
197
73
30
121
257
297
213
129
167
287
343
274
180
177
246
271
202
102
53
59
80
105
139
148
83
-39
-125
-119
-83
-124
-250
-359
-380
-371
-438
-576
-668
-638
-544
-508
-558
-618
-624
-616
-679
-822
-935
-887
-660
-377
-212
-244
-394
-500
-473
-364
-278
-242
-184
-52
81
85
-64
-232
-257
-117
64
166
191
226
319
439
532
596
668
777
915
1055
1177
1270
1322
1342
1362
1424
1543
1675
1751
1732
1641
1536
1459
1402
1329
1215
1074
936
809
670
495
298
124
-3
-110
-253
-450
-661
-819
-899
-937
-1002
-1134
-1311
-1464
-1534
-1526
-1510
-1554
-1661
-1772
-1843
-1884
-1928
-1965
-1944
-1838
-1689
-1581
-1564
-1607
-1623
-1532
-1320
-1048
-815
-681
-637
-638
-654
-676
-671
-577
-376
-156
-47
-87
-168
-163
-54
71
165
291
528
830
1051
1103
1064
1111
1403
2012
2878
3727
4134
3879
3272
2966
3310
3992
4404
4298
3928
3597
3261
2662
1759
868
387
404
595
472
-245
-1430
-2607
-3258
-3173
-2616
-2117
-2033
-2251
-2389
-2238
-1979
-1895
-1961
-1834
-1259
-423
186
239
-130
-480
-459
-82
344
482
225
-282
-788
-1155
-1415
-1680
-1987
-2268
-2449
-2564
-2727
-3007
-3324
-3484
-3346
-2977
-2618
-2472
-2508
-2477
-2174
-1643
-1137
-845
-743
-670
-524
-318
-93
178
529
932
1294
1568
1828
2287
3178
4504
5836
6469
6042
5040
4508
5060
6242
6965
6617
5555
4565
3980
3498
2702
1605
593
-1
-222
-481
-1254
-2704
-4405
-5555
-5593
-4765
-3967
-3953
-4627
-5214
-5024
-4042
-2742
-1496
-258
1149
2584
3584
3824
3557
3442
3932
4786
5322
5057
4145
3100
2279
1623
912
73
-733
-1351
-1839
-2474
-3478
-4746
-5857
-6395
-6330
-6048
-6012
-6327
-6678
-6625
-6019
-5095
-4220
-3550
-2955
-2222
-1313
-414
244
611
825
1064
1343
1494
1348
945
546
417
544
624
411
109
356
1690
3933
6058
6809
5704
3631
2334
2997
5128
6979
7163
5870
4423
3792
3741
3433
2526
1510
1043
1201
1355
675
-1164
-3585
-5315
-5335
-3866
-2371
-2298
-3772
-5508
-6095
-5216
-3685
-2428
-1597
-628
902
2592
3486
3105
2185
2183
3857
6270
7465
6262
3489
1241
900
1885
2476
1637
-83
-1428
-1868
-2024
-2784
-4258
-5642
-6040
-5398
-4645
-4833
-6063
-7299
-7306
-5854
-3955
-2917
-3160
-3928
-4055
-3025
-1370
-101
232
-45
-179
171
613
555
-34
-504
-218
671
1280
850
-444
-1548
-1310
691
3815
6647
7760
6663
4349
2755
3286
5631
8051
8969
8233
6855
5728
4883
3917
2807
2005
1872
2157
2120
1065
-1127
-3752
-5612
-5799
-4495
-2981
-2705
-4078
-6152
-7403
-6988
-5302
-3455
-2211
-1444
-521
816
2054
2463
2087
2005
3343
5919
8008
7844
5410
2654
1672
2727
4086
3888
1916
-446
-1834
-2164
-2369
-3156
-4294
-5043
-5069
-4833
-5119
-6190
-7389
-7668
-6580
-4820
-3683
-3893
-4920
-5503
-4807
-3099
-1379
-435
-287
-432
-431
-272
-179
-252
-306
-107
310
598
426
-183
-816
-943
-207
1449
3752
6057
7462
7263
5622
3810
3464
5222
7972
9679
9119
6880
4650
3666
3835
4223
4041
3198
2079
1045
77
-1153
-2825
-4519
-5340
-4816
-3649
-3342
-4732
-7026
-8387
-7637
-5247
-2793
-1531
-1508
-1734
-1126
619
2802
4311
4631
4357
4606
5779
7019
7032
5535
3670
2899
3437
4014
3164
797
-1661
-2691
-2217
-1602
-2203
-4024
-5848
-6575
-6252
-5811
-5963
-6520
-6735
-6199
-5263
-4639
-4652
-4921
-4722
-3682
-2158
-962
-670
-1071
-1337
-819
284
1100
970
108
-658
-744
-296
97
64
-273
-524
-375
334
1687
3634
5742
7154
7083
5620
4031
3907
5695
8079
9113
8046
5946
4449
4158
4359
4113
3204
2079
1167
480
-292
-1458
-3004
-4434
-5016
-4512
-3666
-3715
-5124
-6962
-7659
-6512
-4297
-2493
-1958
-2331
-2451
-1375
850
3179
4395
4164
3397
3463
4846
6605
7207
6053
4067
2771
2734
3125
2687
1108
-731
-1747
-1789
-1713
-2451
-4055
-5645
-6251
-5720
-4862
-4702
-5537
-6645
-6987
-6204
-4950
-4200
-4273
-4571
-4277
-3225
-2020
-1357
-1308
-1328
-896
-73
582
617
139
-296
-246
209
575
478
21
-344
-278
243
1158
2590
4606
6680
7677
6783
4587
2977
3595
6214
8765
9156
7156
4472
3032
3278
4137
4334
3531
2244
1080
184
-721
-1945
-3400
-4466
-4501
-3653
-3052
-3812
-5769
-7374
-7145
-5101
-2732
-1566
-1905
-2773
-2869
-1511
981
3518
4942
4839
3887
3309
3879
5280
6442
6447
5294
3799
2821
2464
2149
1368
295
-515
-895
-1360
-2486
-4164
-5614
-6152
-5857
-5454
-5630
-6446
-7335
-7569
-6865
-5636
-4673
-4434
-4632
-4541
-3752
-2582
-1689
-1374
-1325
-1036
-385
277
545
414
249
368
704
898
692
224
-108
-25
441
1155
2185
3732
5595
6887
6606
4797
3015
3198
5728
8720
9604
7581
4426
2711
3380
5110
5921
5019
3102
1288
125
-514
-1035
-1759
-2698
-3492
-3793
-3809
-4253
-5467
-6775
-6975
-5641
-3664
-2440
-2554
-3337
-3515
-2298
17
2271
3338
3056
2401
2621
4035
5731
6481
5936
4795
3970
3704
3598
3187
2390
1426
525
-283
-1143
-2232
-3502
-4584
-5079
-5030
-5007
-5569
-6638
-7505
-7537
-6781
-5875
-5406
-5413
-5438
-4996
-4006
-2848
-2021
-1696
-1581
-1254
-627
-6
308
349
396
604
846
905
730
494
453
679
959
1021
974
1420
2965
5387
7425
7619
5693
3174
2369
4332
7677
9618
8462
5214
2620
2579
4489
6088
5652
3361
755
-759
-942
-651
-991
-2339
-3962
-4734
-4358
-3806
-4273
-5761
-6910
-6448
-4573
-2790
-2390
-3242
-3982
-3305
-1048
1708
3485
3541
2470
1791
2697
4994
7177
7719
6362
4287
2970
2933
3448
3423
2420
894
-475
-1454
-2320
-3340
-4387
-5098
-5344
-5446
-5875
-6730
-7560
-7779
-7213
-6273
-5570
-5413
-5610
-5662
-5130
-3970
-2604
-1620
-1266
-1226
-953
-248
574
1095
1267
1334
1437
1481
1369
1202
1155
1264
1419
1466
1271
900
850
1850
4069
6454
7273
5714
2996
1617
3130
6540
9026
8515
5571
2738
2047
3350
4901
5193
4029
2196
588
-332
-626
-747
-1156
-1910
-2623
-2994
-3246
-3856
-4795
-5392
-5031
-3937
-3010
-2930
-3509
-3941
-3514
-2115
-223
1459
2473
2867
3038
3303
3659
4006
4417
4985
5377
4947
3461
1667
715
981
1566
1210
-454
-2568
-3959
-4202
-3854
-3819
-4567
-5839
-6925
-7272
-6906
-6353
-6096
-6151
-6159
-5843
-5259
-4610
-3932
-3096
-2049
-975
-188
136
114
98
433
1175
2000
2420
2222
1702
1386
1505
1804
1895
1716
1482
1298
1077
909
1262
2558
4459
5811
5493
3548
1488
1256
3481
6637
8179
6820
3755
1535
1735
3733
5551
5651
3985
1706
133
-170
343
658
71
-1226
-2420
-2936
-2974
-3135
-3671
-4200
-4220
-3702
-3130
-2994
-3314
-3585
-3184
-1876
-78
1377
1859
1458
927
1050
2024
3324
4131
3895
2713
1274
441
601
1327
1675
986
-566
-2159
-3066
-3183
-2967
-2985
-3512
-4404
-5233
-5612
-5487
-5176
-5026
-5077
-5079
-4813
-4303
-3711
-3114
-2483
-1809
-1174
-657
-233
194
695
1247
1770
2141
2251
2087
1799
1621
1672
1825
1840
1619
1275
962
659
263
-113
-29
905
2517
3959
4267
3149
1400
498
1536
4143
6491
6717
4662
2156
1371
2857
5169
6297
5345
3039
944
272
1064
2231
2408
1067
-1038
-2564
-2799
-2217
-1853
-2259
-3100
-3691
-3729
-3502
-3454
-3662
-3702
-3083
-1812
-523
8
-446
-1307
-1607
-766
901
2351
2611
1583
163
-499
34
1144
1771
1323
118
-1018
-1465
-1258
-935
-1048
-1734
-2668
-3357
-3546
-3385
-3224
-3291
-3523
-3714
-3729
-3561
-3241
-2792
-2253
-1717
-1263
-894
-553
-183
246
737
1223
1556
1603
1423
1262
1335
1608
1844
1839
1568
1107
562
108
-43
170
487
506
106
-302
-76
1033
2467
3198
2657
1429
854
1791
3716
5158
5073
3790
2634
2679
3852
5104
5378
4426
2923
1843
1714
2234
2565
2023
657
-809
-1631
-1708
-1605
-1932
-2757
-3605
-3999
-3909
-3706
-3738
-4025
-4262
-4093
-3379
-2336
-1412
-982
-1044
-1216
-1064
-461
343
969
1190
1063
828
740
897
1205
1450
1460
1202
791
379
41
-269
-635
-1064
-1472
-1780
-1985
-2139
-2295
-2459
-2590
-2609
-2488
-2304
-2191
-2156
-2045
-1693
-1125
-543
-143
29
81
188
477
923
1353
1575
1543
1359
1163
1018
910
812
715
623
545
497
458
349
61
-411
-872
-966
-423
659
1731
2122
1601
696
351
1125
2654
3937
4202
3525
2680
2418
2884
3596
3915
3534
2662
1818
1436
1550
1776
1622
902
-109
-929
-1284
-1291
-1291
-1571
-2177
-2897
-3368
-3341
-2930
-2568
-2571
-2763
-2615
-1849
-817
-220
-406
-994
-1209
-600
535
1417
1459
750
-61
-318
122
826
1165
843
109
-478
-548
-230
-9
-267
-929
-1562
-1785
-1589
-1284
-1167
-1275
-1440
-1498
-1417
-1243
-1023
-778
-527
-280
-45
156
289
353
390
438
499
560
625
690
720
682
596
505
437
387
351
326
281
174
9
-153
-265
-337
-411
-486
-533
-553
-575
-561
-392
16
547
926
954
731
607
894
1550
2182
2380
2088
1644
1457
1656
2037
2281
2189
1787
1288
966
958
1147
1233
989
475
-3
-165
-11
184
131
-220
-677
-1020
-1177
-1203
-1161
-1064
-928
-815
-805
-930
-1124
-1249
-1181
-920
-620
-485
-595
-823
-935
-787
-444
-122
-8
-134
-365
-530
-539
-443
-357
-359
-428
-484
-482
-450
-447
-491
-540
-533
-441
-296
-170
-135
-199
-279
-252
-72
169
315
307
231
212
278
350
368
364
397
454
467
410
338
305
287
225
107
-4
-60
-88
-148
-263
-410
-558
-691
-783
-804
-783
-818
-984
-1211
-1312
-1142
-758
-370
-162
-144
-185
-137
65
399
798
1179
1459
1577
1527
1394
1344
1524
1928
2347
2505
2288
1864
1544
1509
1664
1742
1540
1084
589
271
164
113
-59
-378
-693
-833
-779
-680
-707
-870
-1005
-956
-752
-580
-566
-638
-623
-457
-255
-174
-254
-389
-450
-387
-262
-180
-207
-324
-444
-482
-430
-369
-394
-525
-677
-745
-703
-618
-577
-620
-718
-802
-797
-666
-456
-269
-172
-139
-104
-38
34
88
124
155
182
207
242
283
299
256
158
45
-45
-102
-130
-128
-103
-91
-135
-244
-386
-504
-561
-563
-552
-575
-634
-672
-617
-463
-294
-231
-318
-465
-509
-352
-55
211
320
279
200
180
244
361
498
635
755
833
851
806
735
701
761
914
1077
1140
1063
925
870
976
1175
1295
1205
938
686
643
820
1020
1013
757
439
294
380
532
525
294
-15
-200
-199
-138
-192
-414
-695
-872
-874
-777
-731
-832
-1042
-1213
-1217
-1063
-897
-867
-981
-1097
-1065
-866
-624
-494
-531
-666
-762
-717
-535
-310
-153
-111
-155
-214
-225
-167
-67
20
52
32
4
16
77
153
198
195
163
145
172
246
333
388
386
338
283
261
283
314
301
220
106
29
24
53
30
-89
-270
-416
-448
-359
-231
-172
-231
-360
-452
-433
-320
-201
-156
-186
-220
-185
-84
11
44
28
39
133
296
450
518
494
455
485
579
645
601
474
377
391
484
547
510
397
304
308
401
497
505
405
263
160
126
127
122
102
83
74
65
38
-22
-105
-172
-177
-119
-63
-88
-212
-362
-440
-416
-346
-319
-379
-492
-583
-603
-568
-525
-500
-478
-432
-372
-337
-342
-354
-307
-181
-40
22
-27
-114
-125
-12
165
301
344
326
319
365
460
567
644
652
577
454
364
378
493
610
609
449
209
26
-9
81
186
200
97
-53
-152
-145
-61
8
-18
-148
-316
-434
-447
-369
-268
-224
-275
-396
-520
-584
-566
-497
-439
-434
-478
-520
-515
-471
-434
-435
-451
-427
-344
-237
-164
-151
-174
-183
-137
-28
113
232
292
302
314
367
442
486
471
415
352
301
271
276
317
349
308
179
33
-34
12
105
143
81
-29
-97
-79
-15
21
-10
-74
-102
-56
33
86
53
-42
-117
-101
2
125
195
188
144
129
168
222
223
155
71
46
95
161
168
94
-17
-93
-81
21
154
234
200
72
-58
-94
-13
116
190
152
33
-84
-126
-79
7
61
35
-65
-191
-288
-323
-302
-262
-254
-304
-398
-482
-511
-492
-466
-460
-455
-408
-310
-205
-146
-145
-157
-132
-56
45
136
200
232
231
214
210
240
282
288
242
190
192
250
297
266
162
55
6
14
23
-9
-77
-134
-142
-99
-41
-4
5
5
15
39
78
141
230
312
334
273
179
147
220
345
409
353
226
137
148
208
216
122
-16
-96
-77
-17
-8
-87
-205
-282
-278
-223
-180
-195
-256
-301
-273
-184
-105
-98
-144
-168
-123
-34
33
42
9
-25
-37
-28
-14
-12
-32
-70
-113
-146
-165
-169
-161
-144
-133
-141
-167
-188
-178
-126
-48
21
50
30
-14
-36
3
95
188
221
172
80
9
5
67
154
216
217
150
47
-34
-43
15
81
75
-28
-177
-273
-249
-120
21
75
5
-124
-198
-143
13
166
221
173
100
87
151
240
290
292
281
286
300
293
249
186
142
131
134
109
28
-93
-195
-229
-197
-160
-185
-284
-387
-404
-306
-168
-103
-156
-257
-293
-212
-69
32
34
-35
-100
-96
-13
107
194
195
116
28
6
69
154
184
134
48
-15
-32
-22
-12
-11
-16
-19
-9
19
56
81
69
22
-29
-48
-21
36
85
87
29
-60
-114
-81
30
148
196
151
52
-38
-86
-99
-94
-79
-61
-56
-79
-119
-140
-115
-51
14
53
61
51
37
29
39
72
109
124
107
70
36
16
13
33
69
95
79
19
-56
-108
-129
-130
-126
-117
-107
-111
-148
-213
-277
-312
-304
-254
-176
-101
-74
-119
-212
-277
-246
-116
44
140
126
28
-75
-105
-37
95
215
256
196
77
-16
-6
115
275
369
335
203
68
16
68
175
260
268
198
100
33
31
80
138
166
148
101
51
22
19
26
19
-12
-51
-69
-50
-7
27
25
-9
-47
-58
-32
25
85
110
79
12
-41
-42
8
74
120
131
107
65
28
15
23
26
3
-46
-102
-143
-158
-147
-122
-100
-92
-100
-113
-122
-121
-106
-82
-65
-80
-138
-213
-258
-243
-187
-130
-104
-110
-133
-158
-175
-164
-117
-48
0
-12
-85
-173
-211
-159
-38
78
116
54
-54
-120
-87
26
140
182
136
49
-10
-8
45
115
172
206
212
189
146
105
93
121
171
208
206
159
83
9
-33
-20
42
118
156
121
29
-56
-67
9
117
175
144
56
-13
-14
46
113
132
82
-3
-58
-37
43
110
103
32
-28
-15
59
119
107
30
-47
-68
-28
30
51
19
-39
-81
-86
-70
-69
-99
-137
-148
-123
-89
-79
-104
-141
-163
-160
-137
-102
-68
-47
-52
-78
-101
-99
-70
-40
-38
-66
-98
-104
-80
-44
-24
-32
-59
-84
-91
-64
-2
79
143
149
85
-16
-90
-82
10
126
178
127
11
-77
-66
34
142
179
127
33
-37
-43
9
79
118
93
23
-39
-46
3
69
107
94
38
-32
-80
-74
-9
79
133
108
14
-88
-131
-86
13
98
121
85
29
-11
-18
2
39
74
81
47
-7
-39
-21
28
62
55
18
-19
-43
-56
-56
-36
0
25
14
-32
-83
-108
-97
-61
-17
10
1
-45
-100
-123
-101
-58
-38
-56
-98
-131
-138
-121
-92
-65
-58
-79
-113
-125
-88
-13
53
66
19
-48
-84
-69
-16
39
69
71
59
48
53
78
117
152
170
171
170
174
175
161
138
124
127
129
109
61
2
-44
-68
-74
-68
-57
-48
-50
-68
-93
-102
-77
-24
20
15
-43
-109
-128
-82
-3
58
69
41
12
15
56
113
146
133
88
49
42
58
67
47
3
-40
-63
-62
-46
-25
-5
10
13
-3
-35
-67
-79
-62
-25
7
12
-19
-67
-97
-92
-62
-39
-42
-63
-78
-77
-69
-68
-76
-84
-95
-118
-157
-191
-193
-153
-95
-57
-60
-88
-111
-105
-67
-8
58
115
145
144
128
125
147
179
199
197
185
176
166
141
100
58
32
22
10
-18
-58
-91
-108
-114
-124
-150
-184
-202
-184
-129
-67
-34
-44
-69
-67
-21
45
92
105
101
105
123
143
156
162
164
158
138
107
85
86
110
131
119
63
-22
-100
-139
-132
-101
-75
-62
-52
-43
-45
-62
-74
-47
23
96
122
91
37
4
11
45
79
90
73
40
18
24
46
55
36
1
-30
-53
-77
-101
-106
-82
-47
-35
-61
-105
-130
-115
-66
-2
56
88
78
37
2
2
34
66
71
44
4
-33
-55
-59
-52
-49
-59
-75
-86
-89
-91
-102
-121
-146
-176
-200
-201
-168
-108
-48
-10
7
17
31
51
74
96
115
134
150
161
155
127
86
56
48
54
51
41
41
65
90
78
17
-63
-113
-109
-66
-21
-2
-14
-43
-70
-85
-91
-102
-118
-123
-92
-25
43
70
39
-26
-82
-92
-52
18
86
128
132
106
72
50
50
72
104
138
165
182
185
165
114
35
-50
-116
-151
-170
-180
-139
28
363
785
1071
981
428
-417
-1200
-1609
-1540
-1082
-384
427
1177
1597
1420
598
-585
-1615
-2005
-1561
-492
704
1494
1574
987
51
-818
-1291
-1236
-726
18
712
1098
1043
607
15
-469
-666
-557
-255
61
252
290
245
195
165
144
134
137
128
65
-54
-180
-257
-263
-200
-78
74
185
160
-42
-358
-640
-734
-574
-219
166
407
415
221
-65
-323
-458
-430
-265
-35
184
344
415
376
244
82
-41
-88
-52
71
258
431
468
292
-58
-433
-651
-603
-303
116
461
569
392
36
-294
-426
-340
-161
-33
5
18
85
204
297
263
59
-253
-531
-620
-436
12
616
1178
1445
1224
529
-366
-1055
-1252
-971
-472
-46
179
248
236
147
-39
-270
-416
-381
-206
-37
22
5
27
134
230
188
-7
-222
-297
-170
107
420
644
688
544
306
107
1
-55
-126
-212
-258
-237
-184
-147
-138
-134
-119
-99
-84
-75
-73
-70
-31
84
260
395
372
180
-46
-138
-39
170
370
505
575
577
484
294
50
-183
-353
-426
-401
-331
-308
-385
-516
-596
-573
-485
-407
-367
-340
-286
-190
-56
81
170
178
141
161
305
533
717
767
705
617
550
484
389
276
171
75
-35
-151
-231
-252
-254
-314
-452
-591
-627
-552
-473
-487
-552
-522
-321
-48
133
168
158
195
253
254
227
297
509
715
699
429
118
27
205
446
492
270
-60
-267
-269
-190
-225
-429
-652
-686
-479
-203
-95
-229
-444
-509
-335
-53
129
121
16
-23
85
280
443
500
456
374
323
330
351
303
153
-30
-122
-62
82
183
173
86
-8
-96
-212
-344
-393
-273
-43
111
53
-155
-317
-310
-195
-110
-84
-12
186
409
438
174
-220
-436
-303
67
399
506
407
241
107
19
-40
-60
-32
18
45
27
-23
-93
-165
-193
-112
79
260
258
17
-321
-515
-434
-160
105
209
142
-7
-127
-151
-68
77
212
274
243
140
12
-77
-76
10
117
171
168
161
163
103
-83
-328
-470
-419
-251
-115
-75
-84
-90
-89
-80
-31
72
168
173
78
-39
-107
-119
-95
-17
130
287
347
265
107
-34
-136
-213
-241
-162
3
126
90
-84
-265
-345
-307
-176
11
175
195
17
-256
-439
-425
-249
17
333
624
709
441
-91
-543
-600
-254
208
479
460
258
29
-144
-255
-312
-285
-126
147
393
407
100
-379
-725
-714
-372
70
366
405
235
-11
-214
-322
-344
-285
-104
223
593
777
599
117
-384
-588
-384
66
457
562
393
151
20
5
-18
-112
-191
-138
41
206
236
114
-98
-315
-418
-283
80
435
485
178
-205
-341
-193
12
99
108
143
179
141
54
11
-9
-122
-314
-369
-126
249
400
202
-82
-127
60
180
34
-248
-399
-332
-182
-87
-39
28
94
81
-12
-74
-21
89
119
24
-88
-84
45
183
236
223
208
182
83
-74
-178
-150
-56
-21
-70
-122
-123
-127
-187
-235
-134
128
372
392
167
-123
-289
-293
-225
-158
-66
105
317
423
305
18
-222
-219
10
254
310
162
-45
-174
-194
-152
-90
-33
0
20
65
134
135
-33
-323
-523
-448
-149
120
156
6
-102
-23
168
287
241
92
-52
-134
-160
-159
-146
-95
66
374
699
763
400
-199
-606
-588
-346
-229
-288
-253
41
365
378
84
-163
-114
87
147
15
-106
-86
-16
8
74
300
564
564
188
-293
-468
-198
266
535
397
-61
-541
-727
-490
-6
376
428
232
32
-71
-198
-453
-687
-614
-142
456
772
622
195
-155
-229
-103
9
-3
-47
35
246
391
278
-34
-267
-211
46
248
262
164
59
-66
-243
-374
-318
-105
48
-3
-147
-166
-18
137
161
80
-8
-76
-130
-119
5
160
182
27
-138
-139
2
123
163
230
401
538
398
-85
-667
-967
-761
-150
495
772
519
-70
-599
-777
-607
-283
37
300
459
400
66
-390
-657
-531
-91
383
648
630
391
35
-304
-454
-300
75
391
394
108
-185
-238
-96
8
-29
-64
56
220
164
-154
-439
-389
-71
179
189
124
180
263
118
-252
-507
-367
32
309
287
152
134
205
170
-26
-198
-160
59
256
258
66
-166
-250
-111
123
211
44
-220
-310
-152
57
101
-10
-97
-64
13
48
73
157
279
352
343
279
147
-103
-412
-560
-362
94
478
517
225
-153
-368
-338
-164
-35
-69
-192
-199
-1
241
290
146
58
182
336
231
-121
-388
-320
-36
172
192
134
88
12
-123
-225
-189
-66
-12
-82
-158
-92
95
220
142
-51
-105
116
407
385
-68
-578
-628
-151
352
370
-37
-368
-322
-105
-41
-102
-17
248
389
194
-145
-285
-172
-31
-1
19
129
211
100
-143
-265
-133
119
274
272
203
146
88
6
-66
-84
-56
-32
-38
-48
-18
65
159
185
88
-121
-345
-457
-369
-98
235
464
475
275
-11
-228
-280
-179
-16
111
153
137
124
133
110
-9
-181
-262
-156
49
149
38
-169
-251
-120
92
178
61
-161
-332
-370
-270
-45
255
504
539
314
-31
-273
-303
-188
-51
57
149
219
215
105
-77
-253
-355
-338
-186
62
304
424
381
220
27
-137
-234
-233
-123
58
223
287
202
-17
-265
-386
-279
-18
189
202
91
21
28
-16
-182
-314
-199
129
367
276
-25
-190
-48
222
330
196
-22
-152
-159
-78
70
229
264
71
-261
-492
-471
-267
-47
133
315
467
446
177
-191
-401
-344
-135
39
107
109
85
17
-107
-218
-202
-28
185
269
178
38
-7
35
23
-119
-285
-302
-139
60
152
121
33
-92
-267
-437
-464
-266
79
389
534
497
324
69
-183
-322
-285
-121
47
147
200
246
258
165
-33
-227
-286
-189
-49
-4
-73
-149
-125
-24
34
-16
-95
-77
50
155
133
41
31
149
252
169
-88
-313
-306
-78
164
212
52
-127
-120
90
296
265
-12
-301
-345
-118
173
297
204
21
-89
-63
32
73
3
-109
-132
-25
96
76
-87
-231
-210
-42
150
299
413
469
375
100
-208
-332
-219
-50
-42
-200
-322
-244
-29
111
56
-100
-165
-45
168
286
189
-63
-267
-248
-24
214
300
244
167
136
103
13
-96
-135
-84
-8
14
-39
-131
-203
-197
-90
67
164
133
22
-50
-13
107
228
280
230
93
-58
-126
-92
-50
-96
-189
-185
-31
137
148
2
-135
-135
-42
21
1
-54
-85
-72
-22
43
70
14
-87
-113
6
181
251
151
-25
-155
-202
-184
-108
10
76
-6
-180
-245
-83
176
287
186
48
37
101
88
-1
-23
65
113
-10
-196
-220
-37
150
161
49
-17
0
-5
-77
-123
-64
23
13
-87
-154
-130
-92
-120
-171
-134
15
168
192
69
-86
-130
-30
105
136
37
-71
-55
83
213
221
120
-3
-88
-131
-137
-103
-45
-6
-9
-43
-86
-122
-111
-8
157
244
130
-114
-268
-196
-3
116
111
92
119
116
20
-77
-37
111
176
65
-84
-88
19
37
-105
-216
-89
198
325
104
-272
-420
-185
189
336
152
-137
-256
-158
2
79
65
28
10
15
48
103
144
121
44
-15
0
66
111
84
-9
-121
-187
-165
-83
-29
-61
-136
-152
-80
-7
-5
-32
-1
75
102
61
52
138
217
157
-3
-89
-30
42
2
-70
-13
145
178
-31
-296
-348
-178
-42
-115
-270
-257
-42
149
113
-79
-169
-14
250
380
293
125
30
11
-21
-72
-53
64
150
83
-54
-50
142
295
181
-110
-255
-104
112
86
-157
-283
-92
216
284
33
-263
-321
-146
38
67
-37
-147
-165
-64
103
208
142
-52
-194
-159
-19
57
4
-80
-85
2
116
201
219
148
15
-84
-69
19
49
-40
-166
-210
-152
-68
-29
-37
-60
-71
-46
20
77
56
-34
-94
-58
5
2
-27
47
211
245
-2
-348
-439
-178
129
148
-71
-183
-4
268
332
163
-4
-2
90
113
42
-34
-73
-109
-143
-114
-10
84
84
20
-12
25
75
79
33
-49
-157
-237
-197
-26
136
136
2
-80
-2
127
153
89
73
143
179
98
-10
-34
-25
-106
-243
-257
-102
17
-81
-271
-264
-14
206
168
-7
-56
48
95
5
-33
132
326
265
-18
-174
2
284
315
73
-133
-107
-11
-82
-250
-218
96
381
287
-128
-439
-354
-43
100
-55
-241
-165
100
229
78
-132
-122
86
222
153
28
26
90
34
-144
-231
-96
115
172
54
-67
-64
11
70
107
127
56
-151
-363
-353
-90
183
205
-6
-199
-195
-42
115
206
229
165
19
-96
-36
176
322
228
-12
-138
-36
128
132
-29
-162
-123
15
80
11
-98
-142
-125
-111
-102
-36
99
199
151
-15
-127
-66
74
79
-119
-327
-294
-13
246
220
-62
-307
-270
7
251
250
40
-161
-181
-46
79
80
-3
-40
26
117
125
42
-27
-4
64
57
-76
-241
-291
-172
16
119
62
-97
-233
-255
-154
8
142
186
143
69
25
31
67
106
122
89
-3
-96
-99
3
92
46
-93
-141
-10
148
132
-31
-95
71
278
241
-54
-318
-308
-96
73
96
65
56
15
-94
-165
-82
63
52
-150
-288
-120
234
391
158
-219
-346
-127
180
298
210
72
-5
-7
61
180
237
102
-162
-291
-119
172
237
-6
-271
-283
-108
-17
-102
-184
-111
35
88
49
53
137
174
75
-65
-95
-7
62
15
-90
-110
32
253
354
187
-171
-412
-280
118
372
197
-235
-491
-366
-76
61
2
-67
-49
-42
-104
-96
115
388
399
51
-356
-439
-157
170
241
70
-102
-113
-14
51
27
-19
-5
75
154
155
45
-146
-320
-347
-164
135
329
246
-52
-284
-201
167
510
520
175
-232
-363
-139
197
314
112
-192
-287
-88
178
221
0
-236
-229
9
219
186
-40
-213
-154
71
226
136
-140
-356
-300
-8
263
274
47
-172
-174
0
139
116
5
-43
11
71
58
-5
-57
-95
-153
-214
-209
-105
45
159
198
164
76
-17
-36
46
136
102
-52
-165
-109
36
83
-17
-115
-73
51
93
24
-22
48
160
177
93
18
14
24
-13
-58
-33
67
160
178
133
85
75
81
33
-108
-265
-270
-52
211
237
-31
-309
-294
-49
76
-82
-267
-154
179
332
119
-174
-174
87
244
120
-49
23
243
265
-26
-342
-356
-116
47
-48
-229
-228
-32
124
67
-117
-218
-167
-62
2
45
110
145
66
-102
-197
-94
140
291
209
-28
-187
-112
113
249
153
-76
-212
-136
45
133
55
-74
-92
18
110
40
-156
-291
-226
-29
107
87
12
39
172
250
150
-61
-195
-140
40
191
207
90
-80
-194
-169
-15
154
203
113
2
-2
93
160
108
-20
-117
-139
-123
-100
-61
-8
23
25
56
151
233
170
-51
-263
-270
-50
217
328
218
-10
-194
-236
-156
-53
-5
6
58
168
245
198
66
-19
1
38
-6
-81
-43
122
219
55
-289
-489
-332
24
218
95
-130
-154
51
237
210
57
-8
64
119
36
-104
-137
-51
5
-72
-196
-209
-83
57
95
41
-28
-82
-135
-168
-114
44
208
223
30
-259
-437
-374
-126
107
159
52
-36
38
221
318
210
-19
-180
-181
-92
-22
1
8
-10
-92
-210
-233
-63
218
394
328
106
-63
-68
17
56
4
-74
-106
-89
-58
-40
-54
-107
-172
-170
-37
178
318
248
4
-225
-265
-109
85
148
43
-113
-164
-56
115
199
134
-1
-72
-17
108
205
225
178
87
-22
-107
-127
-90
-74
-129
-185
-102
145
361
296
-54
-372
-321
80
431
373
-14
-294
-187
121
245
83
-100
-74
58
67
-32
-18
154
224
7
-279
-265
49
252
65
-266
-284
80
423
368
-21
-384
-471
-282
59
389
491
211
-306
-630
-455
42
386
335
105
18
92
105
-28
-155
-146
-90
-117
-159
-54
164
239
34
-256
-328
-137
73
90
-37
-118
-70
35
115
146
98
-73
-317
-443
-295
48
319
347
209
90
49
9
-72
-118
-56
52
78
1
-65
-23
72
79
-59
-236
-287
-154
77
251
257
104
-83
-159
-84
30
38
-62
-108
21
210
208
-38
-266
-196
84
200
-32
-330
-284
110
421
310
-68
-287
-175
45
94
-28
-137
-136
-74
13
151
285
254
15
-203
-121
201
367
109
-343
-494
-153
335
483
184
-226
-374
-210
36
157
141
94
89
103
82
4
-107
-219
-290
-268
-118
123
311
289
52
-207
-266
-107
72
83
-27
-39
158
410
442
148
-277
-489
-304
114
367
212
-180
-395
-236
67
164
20
-101
-40
41
-65
-255
-229
65
297
168
-172
-296
-48
252
227
-68
-223
-7
339
408
124
-186
-208
5
138
22
-189
-242
-102
44
56
5
27
92
38
-155
-273
-114
214
372
164
-221
-407
-220
136
317
197
-30
-84
85
257
202
-44
-221
-144
88
223
140
-38
-137
-125
-89
-71
-34
36
75
26
-59
-69
21
108
71
-79
-196
-143
54
217
195
35
-57
48
230
243
11
-261
-316
-128
97
188
155
74
-64
-275
-421
-292
81
347
197
-229
-459
-240
150
249
-22
-286
-205
122
325
217
-48
-230
-244
-130
64
262
307
105
-182
-234
42
330
255
-126
-342
-77
403
541
150
-369
-506
-209
135
195
38
-57
30
164
171
47
-84
-129
-99
-57
-43
-57
-74
-60
5
97
156
127
16
-98
-122
-30
104
158
81
-45
-86
0
101
88
-26
-105
-72
-13
-55
-174
-212
-86
87
140
57
-31
-46
-47
-101
-142
-62
105
187
84
-100
-187
-128
-22
34
36
14
-35
-103
-135
-87
-3
27
-12
-45
-27
-2
-17
-45
-34
-17
-62
-141
-137
-16
90
52
-57
-44
125
244
135
-106
-218
-113
31
30
-49
-9
155
215
25
-236
-264
-26
174
82
-187
-302
-142
73
97
-32
-88
9
100
34
-109
-128
31
209
236
98
-85
-192
-183
-82
43
99
