24
19
18
18
12
-1
-11
-10
-1
5
0
-9
-17
-22
-25
-25
-17
-4
5
5
1
-1
1
1
-1
2
12
20
19
12
8
10
11
5
-5
-4
10
27
36
33
28
27
30
33
34
34
31
25
18
13
12
11
7
2
-2
-1
6
15
20
19
12
4
0
-1
-2
-5
-8
-7
-3
0
0
-4
-13
-23
-29
-29
-22
-16
-15
-18
-19
-17
-14
-15
-19
-21
-15
-4
5
4
-4
-11
-14
-13
-15
-19
-20
-15
-7
-2
-4
-8
-9
-3
8
15
14
6
-3
-6
-3
3
2
-4
-12
-15
-11
-5
-1
1
0
-2
-3
1
11
25
35
36
29
19
8
-2
-10
-13
-11
-8
-8
-10
-10
-8
-5
-3
-3
-2
1
5
6
5
0
-8
-14
-15
-10
0
8
15
22
26
24
15
7
7
14
23
25
22
16
7
-6
-19
-27
-26
-20
-14
-7
2
14
23
24
20
19
23
28
27
19
7
-2
-8
-10
-10
-7
-3
-2
-8
-19
-31
-39
-43
-43
-43
-43
-44
-43
-37
-28
-15
-4
1
-3
-10
-12
-5
1
-1
-7
-11
-9
-7
-11
-18
-16
-1
17
24
19
9
1
-2
-6
-12
-19
-20
-15
-10
-11
-16
-19
-17
-14
-14
-14
-7
5
12
6
-8
-16
-11
3
14
19
22
27
34
37
33
21
8
1
6
22
41
54
59
60
59
55
49
43
40
42
44
46
49
49
41
26
14
15
29
44
51
48
41
37
32
23
13
7
5
3
-5
-17
-24
-24
-21
-21
-27
-31
-28
-22
-22
-35
-58
-78
-84
-80
-78
-83
-91
-92
-82
-69
-60
-59
-64
-67
-66
-64
-64
-66
-67
-63
-58
-58
-66
-76
-76
-64
-47
-39
-40
-43
-40
-34
-31
-35
-38
-32
-17
2
16
24
28
30
31
32
34
36
39
41
43
43
43
43
46
53
64
74
82
87
93
102
109
108
100
91
90
97
105
107
104
103
105
108
108
106
106
106
105
102
98
93
88
85
87
93
95
91
84
82
86
87
76
56
43
42
49
49
38
22
7
-9
-32
-60
-88
-110
-123
-132
-142
-158
-178
-197
-208
-212
-214
-225
-248
-278
-307
-329
-348
-366
-377
-379
-373
-370
-373
-377
-380
-385
-398
-418
-432
-431
-416
-394
-370
-346
-322
-296
-268
-237
-207
-181
-162
-146
-126
-99
-70
-46
-30
-14
14
54
94
123
143
165
193
221
240
253
269
290
313
335
358
385
414
440
460
477
498
528
564
596
617
630
644
665
690
710
722
729
737
748
755
754
750
749
754
760
754
733
704
678
657
635
602
556
506
459
421
391
356
303
230
149
77
15
-50
-124
-198
-262
-318
-372
-431
-494
-562
-635
-713
-786
-849
-904
-956
-1001
-1039
-1074
-1112
-1150
-1177
-1186
-1180
-1170
-1162
-1154
-1139
-1115
-1080
-1033
-974
-908
-842
-779
-712
-637
-560
-492
-436
-382
-318
-243
-167
-93
-17
60
135
202
261
318
378
436
485
518
535
534
520
500
487
484
487
484
474
460
446
429
407
379
357
345
345
348
353
357
361
368
382
405
436
471
514
570
637
709
782
857
942
1035
1133
1234
1333
1418
1481
1525
1559
1592
1618
1629
1621
1601
1576
1550
1513
1447
1340
1203
1061
935
814
674
500
309
127
-39
-206
-387
-581
-776
-966
-1150
-1331
-1505
-1660
-1793
-1911
-2023
-2124
-2203
-2253
-2281
-2295
-2289
-2257
-2207
-2159
-2121
-2080
-2008
-1894
-1755
-1618
-1499
-1393
-1283
-1153
-996
-818
-639
-476
-329
-190
-51
80
192
285
372
463
556
642
717
778
826
859
878
883
874
854
827
792
746
696
655
625
594
547
485
413
331
245
171
120
83
37
-28
-89
-124
-127
-116
-104
-89
-56
5
88
177
265
360
480
629
803
985
1164
1334
1503
1682
1871
2053
2215
2358
2498
2635
2747
2806
2810
2789
2770
2747
2685
2566
2405
2234
2053
1838
1569
1258
932
608
278
-66
-427
-790
-1140
-1465
-1770
-2058
-2327
-2568
-2780
-2968
-3132
-3258
-3346
-3417
-3493
-3556
-3564
-3498
-3393
-3294
-3210
-3106
-2953
-2760
-2547
-2320
-2080
-1837
-1606
-1383
-1155
-917
-682
-460
-246
-29
190
399
589
759
905
1023
1112
1185
1253
1321
1373
1400
1407
1406
1394
1358
1293
1217
1146
1078
1001
908
799
668
510
340
184
48
-87
-233
-371
-470
-529
-587
-673
-778
-865
-907
-895
-841
-762
-682
-600
-500
-363
-198
-11
200
450
737
1051
1378
1713
2042
2353
2640
2913
3173
3420
3639
3815
3941
4028
4091
4125
4102
4009
3862
3674
3440
3146
2811
2461
2099
1693
1229
732
245
-221
-677
-1134
-1573
-1980
-2361
-2728
-3072
-3377
-3634
-3853
-4038
-4186
-4292
-4362
-4396
-4386
-4328
-4232
-4122
-4005
-3864
-3676
-3440
-3185
-2941
-2711
-2471
-2193
-1878
-1552
-1244
-958
-669
-358
-40
244
475
677
892
1126
1339
1492
1594
1682
1773
1844
1872
1862
1837
1797
1718
1582
1412
1246
1098
943
756
552
366
204
38
-161
-381
-589
-767
-922
-1054
-1151
-1212
-1258
-1320
-1398
-1464
-1476
-1417
-1297
-1137
-949
-740
-508
-270
-38
184
418
689
1009
1370
1769
2194
2619
2978
3215
3339
3430
3574
3787
4009
4171
4260
4315
4361
4360
4238
3960
3577
3207
2954
2828
2730
2514
2095
1515
899
343
-135
-567
-967
-1322
-1620
-1881
-2157
-2501
-2912
-3311
-3582
-3679
-3667
-3658
-3712
-3815
-3935
-4055
-4157
-4209
-4185
-4086
-3926
-3717
-3486
-3281
-3135
-3006
-2784
-2383
-1832
-1258
-772
-390
-63
237
492
685
835
974
1112
1228
1299
1314
1283
1237
1213
1220
1224
1177
1068
932
809
709
627
561
505
424
270
27
-269
-553
-779
-928
-993
-988
-964
-990
-1106
-1287
-1458
-1551
-1538
-1427
-1256
-1078
-954
-908
-912
-880
-733
-431
3
504
992
1411
1762
2093
2455
2872
3384
4077
5004
6024
6772
6880
6293
5338
4449
3837
3431
3081
2725
2361
1924
1308
495
-357
-981
-1159
-863
-299
214
441
361
131
-65
-143
-154
-229
-456
-808
-1194
-1601
-2118
-2796
-3488
-3925
-3945
-3660
-3354
-3245
-3326
-3419
-3346
-3063
-2649
-2203
-1779
-1406
-1128
-1003
-1045
-1189
-1303
-1255
-990
-576
-155
135
245
218
150
122
174
285
398
448
386
193
-109
-450
-735
-893
-906
-810
-671
-576
-603
-763
-981
-1136
-1155
-1056
-910
-769
-670
-652
-757
-973
-1219
-1384
-1385
-1203
-878
-511
-239
-154
-234
-358
-420
-405
-354
-259
-62
254
580
770
783
755
870
1200
1666
2131
2490
2710
2812
2860
2931
3087
3395
3958
4845
5908
6720
6805
6024
4728
3484
2635
2108
1634
1075
522
88
-297
-822
-1525
-2142
-2285
-1795
-909
-78
371
412
229
17
-123
-172
-152
-107
-115
-295
-757
-1494
-2316
-2944
-3220
-3196
-3030
-2797
-2495
-2165
-1936
-1876
-1857
-1653
-1184
-607
-171
-8
-90
-325
-646
-996
-1298
-1444
-1362
-1086
-801
-726
-934
-1259
-1435
-1313
-959
-551
-250
-125
-181
-400
-748
-1143
-1445
-1507
-1294
-936
-657
-624
-864
-1284
-1743
-2093
-2198
-1989
-1540
-1056
-754
-721
-879
-1073
-1174
-1114
-868
-453
48
481
689
600
274
-125
-406
-447
-235
139
541
852
1005
976
822
692
801
1239
1858
2367
2574
2500
2321
2243
2422
2882
3490
4155
5028
6306
7674
8182
7019
4497
2002
766
777
1017
685
-68
-617
-778
-993
-1656
-2507
-2823
-2126
-619
990
1992
2074
1420
549
-51
-240
-237
-331
-596
-930
-1280
-1733
-2333
-2916
-3200
-3030
-2486
-1793
-1174
-797
-732
-891
-1046
-983
-686
-343
-162
-216
-459
-824
-1248
-1638
-1883
-1922
-1752
-1413
-994
-685
-675
-956
-1246
-1218
-808
-275
50
18
-295
-727
-1151
-1520
-1827
-2052
-2147
-2070
-1848
-1612
-1532
-1700
-2022
-2262
-2210
-1863
-1424
-1137
-1094
-1188
-1232
-1128
-946
-824
-793
-697
-345
244
787
966
718
283
-10
2
249
532
669
620
494
473
655
974
1251
1395
1499
1755
2203
2637
2782
2575
2227
2036
2175
2613
3168
3678
4225
5159
6667
8175
8467
6738
3621
876
-188
120
431
-72
-904
-1142
-705
-436
-1020
-2110
-2659
-1953
-216
1639
2689
2543
1492
277
-441
-545
-439
-557
-945
-1344
-1601
-1833
-2174
-2538
-2685
-2484
-1978
-1295
-588
-80
11
-311
-748
-943
-817
-607
-585
-803
-1120
-1397
-1601
-1758
-1859
-1838
-1617
-1205
-764
-548
-706
-1102
-1387
-1301
-903
-490
-303
-385
-675
-1138
-1720
-2255
-2513
-2414
-2118
-1882
-1828
-1910
-2047
-2215
-2376
-2381
-2043
-1351
-583
-153
-287
-822
-1327
-1432
-1066
-448
111
407
435
348
296
296
255
154
155
449
973
1352
1208
561
-128
-323
141
963
1654
1929
1848
1696
1691
1837
1956
1928
1867
1999
2325
2541
2401
2089
2062
2570
3557
4977
6816
8541
8932
7076
3621
572
-553
-144
226
-234
-806
-561
193
230
-1002
-2615
-3189
-2129
-4
2114
3335
3249
2019
380
-784
-1114
-989
-975
-1154
-1204
-1054
-1133
-1782
-2669
-3038
-2528
-1503
-591
-100
23
-120
-480
-913
-1178
-1159
-1003
-931
-1020
-1219
-1490
-1821
-2138
-2296
-2193
-1825
-1264
-673
-339
-497
-1042
-1493
-1409
-816
-168
89
-165
-758
-1446
-2049
-2466
-2637
-2521
-2113
-1539
-1073
-998
-1372
-1948
-2357
-2371
-2005
-1421
-796
-278
7
-4
-270
-650
-958
-1022
-738
-154
499
897
820
309
-352
-810
-846
-472
136
778
1314
1651
1717
1511
1167
913
919
1173
1494
1698
1707
1576
1367
1135
994
1107
1524
2047
2386
2477
2559
2912
3667
4890
6640
8614
9834
9113
6210
2440
-258
-984
-525
-266
-671
-1070
-799
-165
-69
-878
-1955
-2296
-1444
247
2013
3163
3291
2391
893
-537
-1440
-1830
-1939
-1821
-1375
-767
-543
-1125
-2252
-3124
-3121
-2312
-1238
-392
55
134
-100
-567
-1117
-1563
-1766
-1702
-1459
-1218
-1173
-1410
-1833
-2217
-2331
-2054
-1420
-663
-150
-159
-617
-1109
-1221
-906
-460
-200
-211
-430
-825
-1386
-1993
-2406
-2435
-2088
-1550
-1065
-836
-944
-1323
-1764
-2008
-1873
-1353
-630
16
337
209
-302
-922
-1265
-1071
-438
251
651
706
586
420
212
-40
-207
-106
330
972
1547
1748
1394
608
-137
-287
365
1476
2417
2746
2461
1847
1225
777
580
645
923
1314
1717
2089
2445
2812
3173
3526
4048
5107
6853
8645
9128
7319
3795
485
-998
-779
-288
-539
-1183
-1316
-808
-443
-853
-1715
-2123
-1491
37
1854
3254
3630
2743
974
-814
-1901
-2187
-2028
-1730
-1399
-1202
-1426
-2128
-2869
-3054
-2526
-1675
-935
-386
104
480
463
-85
-916
-1582
-1811
-1667
-1400
-1242
-1313
-1616
-2010
-2258
-2162
-1723
-1120
-581
-248
-159
-271
-484
-664
-708
-607
-453
-374
-465
-734
-1105
-1458
-1707
-1827
-1817
-1673
-1431
-1215
-1172
-1326
-1539
-1639
-1580
-1432
-1248
-994
-666
-369
-230
-236
-248
-184
-128
-174
-224
-52
393
826
857
407
-176
-434
-207
284
714
950
1074
1174
1223
1148
976
851
904
1144
1474
1750
1873
1821
1688
1577
1531
1550
1667
1896
2141
2258
2243
2250
2436
2932
3965
5675
7587
8486
7307
4300
1109
-614
-633
-99
-157
-792
-1148
-777
-243
-406
-1343
-2222
-2179
-1069
600
2154
3037
2874
1683
29
-1261
-1731
-1611
-1455
-1575
-1883
-2167
-2342
-2432
-2438
-2313
-1991
-1433
-675
68
449
246
-403
-1093
-1497
-1594
-1563
-1556
-1608
-1702
-1819
-1931
-1987
-1945
-1760
-1381
-799
-168
238
231
-100
-468
-640
-592
-444
-336
-368
-589
-982
-1441
-1806
-1943
-1805
-1460
-1069
-822
-834
-1067
-1373
-1594
-1634
-1458
-1100
-707
-490
-553
-765
-866
-725
-451
-224
-71
138
474
789
850
600
249
74
167
411
666
887
1066
1150
1092
947
854
927
1172
1502
1811
2017
2084
1996
1752
1367
956
709
772
1084
1399
1496
1401
1367
1629
2199
2922
3749
4871
6437
8069
8770
7617
4742
1540
-387
-611
-113
-108
-792
-1403
-1342
-908
-818
-1269
-1717
-1484
-382
1216
2649
3262
2696
1189
-494
-1585
-1847
-1579
-1202
-997
-1120
-1616
-2282
-2703
-2593
-2088
-1539
-1088
-572
77
523
315
-569
-1577
-2073
-1898
-1405
-1064
-1073
-1335
-1662
-1930
-2084
-2082
-1863
-1407
-797
-253
-38
-277
-800
-1215
-1196
-767
-267
-52
-222
-626
-1081
-1508
-1877
-2099
-2053
-1728
-1291
-995
-1010
-1315
-1719
-1968
-1882
-1445
-792
-120
372
504
164
-552
-1290
-1602
-1254
-415
484
1064
1230
1127
924
673
384
155
152
421
774
926
754
410
173
223
522
885
1133
1232
1321
1577
1975
2244
2086
1538
970
751
913
1192
1328
1298
1285
1485
1921
2452
3037
3940
5467
7335
8469
7762
5213
2174
234
-142
177
102
-539
-1070
-983
-599
-611
-1194
-1791
-1720
-804
601
1965
2831
2881
2063
702
-638
-1503
-1781
-1620
-1281
-1084
-1336
-2068
-2876
-3187
-2796
-2041
-1395
-955
-499
14
232
-194
-1107
-1924
-2197
-1973
-1608
-1363
-1291
-1390
-1683
-2093
-2390
-2328
-1856
-1145
-472
-84
-119
-535
-1074
-1370
-1211
-710
-242
-129
-421
-911
-1360
-1654
-1800
-1817
-1692
-1438
-1172
-1066
-1208
-1515
-1793
-1891
-1787
-1519
-1118
-626
-198
-70
-348
-824
-1068
-781
-70
649
1025
1037
897
732
466
20
-436
-556
-164
511
1015
1061
745
384
215
255
409
628
930
1280
1525
1486
1176
842
784
1043
1362
1457
1312
1151
1147
1239
1295
1360
1617
2157
2961
4115
5739
7472
8245
7068
4237
1390
73
315
865
686
-91
-693
-794
-798
-1172
-1786
-2016
-1390
-31
1487
2549
2781
2151
967
-235
-1021
-1366
-1529
-1622
-1483
-1070
-799
-1222
-2314
-3304
-3345
-2332
-958
-59
43
-407
-990
-1435
-1679
-1751
-1684
-1503
-1251
-1026
-973
-1206
-1703
-2261
-2544
-2274
-1442
-426
220
161
-464
-1188
-1567
-1451
-964
-386
7
52
-235
-707
-1206
-1631
-1894
-1879
-1538
-1042
-753
-953
-1587
-2277
-2622
-2470
-1960
-1349
-846
-545
-447
-493
-599
-697
-756
-739
-543
-81
537
950
806
153
-524
-731
-422
35
321
468
646
819
768
458
167
197
563
1070
1579
2046
2308
2086
1318
427
34
402
1168
1714
1746
1472
1247
1213
1316
1520
1863
2369
3123
4357
6151
7880
8274
6507
3273
475
-451
173
805
406
-622
-1235
-1133
-1019
-1534
-2319
-2393
-1279
499
1973
2515
2086
1038
-71
-735
-847
-793
-990
-1334
-1350
-945
-732
-1335
-2509
-3256
-2881
-1696
-626
-266
-512
-929
-1211
-1280
-1187
-1040
-966
-1005
-1086
-1148
-1261
-1537
-1938
-2212
-2096
-1553
-842
-335
-287
-682
-1249
-1616
-1546
-1069
-452
-4
77
-230
-802
-1439
-1935
-2140
-2000
-1582
-1087
-796
-924
-1450
-2084
-2431
-2281
-1763
-1227
-920
-810
-729
-638
-681
-945
-1255
-1272
-791
56
874
1255
1049
470
-58
-232
-91
96
132
65
60
183
361
496
562
596
661
826
1109
1417
1580
1517
1313
1125
1001
894
767
682
701
796
876
897
915
1034
1325
1794
2438
3354
4732
6543
8155
8465
6797
3791
1123
73
388
754
307
-591
-1098
-1057
-1093
-1663
-2368
-2389
-1409
88
1362
1998
1941
1293
280
-672
-1152
-1136
-964
-902
-884
-809
-892
-1477
-2478
-3258
-3189
-2285
-1173
-508
-476
-825
-1217
-1478
-1580
-1541
-1396
-1229
-1134
-1149
-1266
-1486
-1798
-2103
-2219
-2019
-1554
-1047
-747
-793
-1106
-1418
-1428
-1059
-508
-79
63
-76
-406
-835
-1263
-1574
-1664
-1500
-1191
-998
-1179
-1738
-2345
-2591
-2353
-1874
-1495
-1337
-1260
-1087
-798
-507
-290
-96
162
458
639
584
339
83
-51
-109
-255
-551
-825
-795
-397
68
201
-32
-191
192
1086
1940
2207
1845
1280
953
953
1069
1094
1041
1036
1120
1156
984
634
360
415
838
1452
2060
2590
3117
3840
4994
6573
7979
8164
6502
3671
1379
835
1555
1936
1040
-509
-1494
-1580
-1488
-1862
-2440
-2447
-1529
-69
1239
1883
1710
907
-48
-641
-723
-631
-775
-1142
-1367
-1325
-1422
-2078
-3063
-3575
-3079
-1896
-883
-609
-959
-1433
-1641
-1517
-1223
-978
-924
-1029
-1134
-1151
-1187
-1387
-1700
-1879
-1754
-1399
-1023
-781
-752
-976
-1369
-1649
-1519
-956
-279
129
116
-202
-611
-951
-1136
-1135
-986
-808
-772
-1017
-1544
-2174
-2610
-2618
-2217
-1689
-1362
-1331
-1418
-1395
-1227
-1051
-955
-828
-482
102
689
964
797
347
-59
-170
21
302
446
390
254
180
183
172
114
134
423
1017
1693
2097
2038
1640
1252
1158
1361
1615
1687
1548
1350
1204
1080
914
785
873
1242
1732
2096
2236
2305
2630
3508
4926
6354
6918
6028
3988
1914
860
947
1362
1220
378
-603
-1204
-1459
-1716
-2050
-2114
-1586
-594
374
882
810
290
-413
-956
-1060
-716
-250
-25
-118
-367
-699
-1224
-1947
-2524
-2524
-1911
-1162
-833
-1078
-1603
-1997
-2041
-1775
-1373
-1019
-819
-787
-888
-1093
-1394
-1723
-1925
-1863
-1553
-1192
-993
-1035
-1222
-1391
-1415
-1254
-935
-541
-201
-58
-185
-514
-855
-1024
-975
-827
-760
-889
-1192
-1546
-1810
-1898
-1805
-1591
-1354
-1196
-1172
-1238
-1237
-998
-483
132
561
599
249
-299
-753
-830
-405
336
928
943
368
-336
-622
-315
287
747
861
736
585
531
566
635
705
801
973
1227
1461
1508
1278
899
656
774
1199
1635
1803
1683
1472
1380
1477
1709
1985
2249
2581
3237
4424
5863
6678
6043
4099
2113
1412
2100
2950
2667
1164
-520
-1435
-1604
-1671
-1943
-2038
-1489
-421
504
733
280
-410
-875
-872
-396
343
946
996
336
-810
-1981
-2722
-2773
-2191
-1385
-927
-1135
-1798
-2385
-2559
-2403
-2136
-1778
-1238
-662
-440
-786
-1444
-1912
-1900
-1508
-1026
-717
-716
-992
-1341
-1528
-1482
-1327
-1175
-971
-599
-133
156
60
-326
-684
-771
-620
-461
-495
-755
-1116
-1426
-1605
-1668
-1669
-1641
-1598
-1557
-1536
-1510
-1426
-1245
-962
-582
-136
247
352
87
-303
-387
-1
499
575
114
-396
-368
259
972
1225
958
574
476
704
989
1071
927
751
775
1078
1479
1642
1395
966
801
1108
1613
1867
1706
1385
1238
1353
1559
1668
1638
1586
1677
2024
2637
3446
4363
5252
5821
5667
4627
3136
2054
1925
2394
2516
1719
363
-733
-1177
-1271
-1443
-1654
-1521
-912
-195
115
-128
-646
-1039
-1076
-749
-210
279
446
174
-419
-1074
-1563
-1751
-1591
-1177
-804
-830
-1345
-2019
-2407
-2374
-2140
-1919
-1677
-1312
-941
-829
-1059
-1403
-1562
-1438
-1162
-931
-870
-983
-1152
-1217
-1131
-1033
-1066
-1152
-1021
-560
-19
209
28
-287
-436
-435
-504
-742
-1009
-1139
-1139
-1133
-1183
-1261
-1342
-1442
-1552
-1595
-1505
-1308
-1112
-996
-924
-781
-514
-229
-96
-151
-228
-128
163
484
673
691
552
259
-98
-243
95
836
1476
1517
969
361
205
537
983
1222
1252
1262
1344
1424
1399
1277
1162
1172
1350
1628
1837
1834
1626
1384
1277
1344
1530
1799
2158
2590
3072
3671
4464
5251
5479
4713
3270
2153
2105
2762
2976
2052
484
-642
-846
-622
-688
-1132
-1453
-1267
-741
-330
-281
-488
-698
-724
-507
-158
49
-126
-566
-795
-490
35
93
-564
-1381
-1613
-1227
-954
-1411
-2360
-2970
-2734
-1962
-1376
-1340
-1598
-1674
-1398
-995
-767
-783
-893
-934
-895
-875
-962
-1148
-1342
-1419
-1295
-983
-608
-311
-141
-60
-38
-104
-283
-510
-675
-730
-745
-823
-1006
-1245
-1447
-1543
-1523
-1424
-1281
-1110
-935
-821
-823
-905
-929
-779
-478
-151
111
301
405
353
120
-157
-242
-23
387
750
888
755
420
51
-104
130
666
1149
1250
984
702
742
1106
1486
1589
1399
1162
1113
1280
1478
1518
1371
1187
1140
1275
1481
1637
1733
1861
2068
2287
2466
2755
3430
4517
5499
5595
4506
2895
1931
2211
3118
3391
2376
666
-561
-739
-359
-271
-723
-1228
-1253
-838
-479
-537
-896
-1167
-1099
-733
-269
81
151
-133
-640
-1040
-1031
-662
-340
-469
-1051
-1686
-1971
-1883
-1764
-1921
-2276
-2449
-2195
-1713
-1433
-1528
-1730
-1670
-1293
-877
-698
-773
-916
-943
-808
-617
-546
-695
-948
-1027
-762
-311
-28
-117
-432
-677
-721
-671
-666
-712
-744
-770
-864
-1040
-1212
-1293
-1281
-1230
-1165
-1067
-920
-759
-656
-660
-742
-788
-692
-468
-253
-163
-173
-173
-127
-105
-141
-132
61
414
721
797
679
565
591
717
839
941
1052
1139
1126
1036
995
1063
1140
1128
1087
1149
1289
1327
1165
957
941
1175
1479
1645
1623
1512
1429
1445
1574
1790
2055
2391
2903
3634
4369
4643
4122
3017
2071
1950
2561
3036
2539
1132
-251
-741
-379
37
-128
-742
-1220
-1237
-994
-851
-922
-1050
-1038
-791
-342
100
200
-196
-747
-833
-263
353
212
-734
-1667
-1837
-1371
-1016
-1231
-1797
-2231
-2321
-2176
-1977
-1823
-1739
-1694
-1603
-1418
-1223
-1150
-1196
-1185
-985
-680
-489
-507
-629
-695
-657
-549
-411
-273
-213
-299
-505
-706
-814
-853
-904
-992
-1088
-1168
-1238
-1284
-1268
-1167
-1014
-867
-765
-698
-629
-534
-439
-399
-409
-368
-183
50
59
-308
-804
-937
-487
172
426
109
-278
-148
489
1060
1120
807
569
622
824
962
978
910
810
764
871
1077
1163
1029
905
1077
1446
1566
1231
786
734
1106
1469
1500
1340
1296
1429
1560
1595
1646
1867
2325
3020
3837
4400
4222
3230
2078
1666
2208
2930
2828
1700
321
-387
-264
64
-51
-635
-1199
-1360
-1210
-1105
-1224
-1422
-1453
-1211
-764
-269
82
104
-234
-674
-822
-552
-229
-390
-1128
-1914
-2112
-1681
-1220
-1310
-1898
-2423
-2459
-2124
-1826
-1760
-1766
-1626
-1372
-1223
-1303
-1488
-1524
-1277
-849
-497
-417
-594
-808
-830
-607
-307
-153
-250
-498
-700
-730
-641
-580
-637
-771
-897
-986
-1061
-1129
-1152
-1094
-966
-816
-696
-631
-596
-530
-383
-179
-30
-47
-219
-381
-354
-147
0
-162
-576
-842
-599
36
509
398
-76
-278
101
672
815
433
65
234
849
1341
1312
906
597
712
1208
1765
2016
1787
1253
844
890
1288
1591
1475
1093
872
1018
1301
1368
1168
992
1107
1471
1848
2153
2538
3105
3615
3629
3016
2228
1937
2329
2841
2701
1742
586
-30
1
149
-80
-637
-1120
-1302
-1321
-1402
-1559
-1615
-1443
-1111
-811
-685
-724
-797
-768
-622
-476
-472
-648
-892
-1045
-1048
-1008
-1086
-1335
-1653
-1887
-1970
-1947
-1896
-1866
-1877
-1945
-2068
-2183
-2175
-1953
-1555
-1153
-912
-854
-862
-827
-737
-634
-514
-353
-182
-98
-147
-265
-336
-329
-303
-332
-431
-574
-733
-874
-966
-1020
-1087
-1181
-1227
-1128
-905
-702
-637
-677
-687
-606
-500
-450
-424
-323
-142
-9
-22
-96
-39
176
317
152
-192
-292
66
538
568
92
-317
-126
478
817
592
268
458
1125
1629
1537
1119
962
1271
1725
1925
1777
1461
1197
1108
1195
1317
1274
1023
790
839
1142
1383
1346
1198
1300
1797
2473
2986
3146
2995
2725
2559
2608
2763
2740
2321
1577
835
394
265
192
-83
-583
-1119
-1497
-1665
-1695
-1666
-1603
-1510
-1410
-1327
-1259
-1175
-1055
-907
-769
-678
-665
-734
-850
-947
-986
-996
-1057
-1214
-1426
-1608
-1717
-1786
-1874
-1997
-2128
-2226
-2254
-2179
-1990
-1741
-1531
-1427
-1386
-1299
-1116
-882
-674
-508
-347
-168
-8
81
72
-8
-102
-159
-190
-247
-370
-537
-700
-849
-1005
-1164
-1271
-1270
-1170
-1028
-893
-778
-687
-624
-568
-468
-295
-96
41
82
71
57
40
12
14
98
215
233
107
-11
83
361
534
359
-44
-268
-44
471
873
926
760
662
787
1061
1337
1518
1588
1572
1529
1523
1562
1584
1537
1433
1324
1233
1154
1093
1072
1083
1100
1141
1280
1556
1910
2245
2529
2772
2923
2876
2630
2370
2286
2329
2223
1758
1032
370
16
-80
-168
-445
-886
-1297
-1527
-1581
-1560
-1508
-1377
-1166
-1023
-1119
-1393
-1510
-1193
-593
-223
-431
-1006
-1366
-1183
-721
-522
-824
-1368
-1747
-1824
-1765
-1765
-1854
-1960
-2043
-2113
-2155
-2126
-1999
-1784
-1527
-1307
-1196
-1188
-1153
-942
-559
-199
-58
-130
-213
-140
59
210
191
29
-170
-339
-481
-611
-715
-773
-810
-898
-1082
-1297
-1380
-1215
-893
-663
-686
-835
-816
-510
-139
-12
-145
-231
-9
398
608
411
21
-158
50
435
653
573
352
220
245
325
355
344
361
422
469
478
534
739
1056
1289
1280
1097
982
1106
1405
1669
1732
1589
1364
1218
1233
1348
1409
1334
1212
1208
1358
1545
1682
1834
2092
2398
2595
2630
2593
2541
2429
2269
2206
2299
2305
1896
1133
508
402
594
511
-76
-802
-1177
-1132
-983
-983
-1116
-1275
-1434
-1556
-1523
-1288
-1036
-1017
-1219
-1348
-1204
-931
-815
-908
-998
-943
-878
-1021
-1365
-1670
-1745
-1645
-1577
-1680
-1916
-2132
-2182
-2038
-1820
-1682
-1656
-1613
-1417
-1095
-800
-630
-541
-439
-297
-141
8
144
230
218
116
6
-49
-69
-121
-226
-354
-481
-619
-767
-874
-886
-811
-724
-696
-729
-765
-747
-661
-515
-308
-60
128
125
-83
-280
-172
290
769
815
341
-225
-329
138
727
902
564
78
-146
-1
349
687
858
786
553
416
624
1126
1562
1606
1316
1043
1046
1254
1428
1431
1312
1183
1113
1125
1203
1274
1265
1216
1279
1552
1930
2200
2301
2398
2658
2995
3126
2893
2495
2318
2515
2782
2621
1877
975
518
636
838
564
-183
-877
-1099
-969
-890
-1033
-1231
-1316
-1346
-1423
-1473
-1357
-1126
-994
-1055
-1160
-1134
-1010
-930
-921
-887
-824
-881
-1150
-1480
-1612
-1486
-1323
-1365
-1625
-1896
-1982
-1859
-1650
-1499
-1470
-1528
-1571
-1502
-1295
-1007
-732
-533
-426
-382
-339
-224
-12
233
382
363
220
83
38
68
84
14
-153
-373
-582
-721
-781
-812
-885
-1008
-1100
-1073
-937
-800
-732
-668
-478
-155
127
178
15
-120
-3
343
655
683
423
114
29
242
562
694
510
185
48
248
594
750
622
463
570
925
1228
1266
1168
1216
1488
1746
1736
1482
1272
1330
1599
1802
1734
1454
1230
1272
1546
1827
1935
1896
1880
2017
2310
2669
2957
3025
2804
2438
2223
2303
2437
2217
1557
852
546
608
585
157
-496
-946
-1013
-905
-907
-1091
-1330
-1493
-1534
-1464
-1334
-1247
-1278
-1372
-1377
-1221
-1025
-960
-1040
-1099
-1011
-845
-791
-930
-1144
-1256
-1228
-1182
-1261
-1469
-1665
-1711
-1611
-1504
-1517
-1630
-1705
-1624
-1391
-1111
-893
-768
-700
-634
-533
-387
-201
7
195
324
377
369
324
267
205
119
-38
-274
-522
-687
-753
-807
-916
-1028
-1045
-967
-905
-931
-962
-860
-615
-376
-276
-276
-227
-68
105
175
161
191
336
510
579
526
476
530
639
669
582
483
493
595
664
627
549
557
705
934
1145
1275
1316
1299
1276
1287
1334
1371
1366
1323
1281
1246
1202
1158
1168
1273
1427
1534
1550
1549
1654
1905
2217
2448
2506
2393
2201
2061
2064
2175
2213
1996
1521
1004
683
597
564
382
20
-390
-702
-862
-901
-882
-885
-994
-1226
-1470
-1542
-1360
-1063
-906
-1006
-1213
-1264
-1061
-774
-631
-679
-780
-827
-867
-992
-1172
-1278
-1268
-1260
-1393
-1651
-1872
-1928
-1845
-1747
-1726
-1779
-1824
-1759
-1524
-1168
-835
-661
-646
-655
-545
-302
-30
153
212
186
140
114
116
124
99
3
-168
-377
-563
-681
-724
-725
-743
-824
-953
-1038
-965
-716
-420
-260
-299
-412
-404
-203
78
266
287
205
139
163
254
323
301
219
183
260
401
495
482
410
373
426
551
675
724
692
652
701
852
1011
1068
1012
936
934
1001
1072
1109
1134
1161
1176
1173
1197
1290
1406
1435
1358
1316
1476
1807
2073
2095
1981
2001
2239
2461
2394
2080
1849
1909
2063
1928
1398
789
487
515
534
248
-282
-751
-955
-936
-864
-869
-1014
-1291
-1581
-1679
-1493
-1196
-1084
-1243
-1446
-1420
-1173
-950
-908
-957
-949
-912
-993
-1204
-1366
-1336
-1213
-1229
-1468
-1774
-1934
-1894
-1764
-1667
-1646
-1672
-1694
-1650
-1494
-1247
-1004
-844
-755
-656
-494
-291
-91
91
249
340
310
171
20
-50
-42
-52
-166
-366
-553
-643
-652
-668
-750
-857
-897
-837
-733
-669
-647
-591
-457
-323
-315
-425
-442
-150
354
643
387
-191
-430
47
814
1045
479
-213
-192
538
1126
919
244
-54
335
860
886
476
226
468
916
1099
929
708
714
931
1165
1258
1189
1043
969
1062
1253
1350
1268
1146
1197
1459
1769
1982
2114
2252
2400
2467
2396
2259
2202
2298
2433
2370
1959
1351
912
859
982
840
265
-431
-814
-820
-777
-966
-1301
-1501
-1469
-1380
-1424
-1570
-1622
-1454
-1168
-1013
-1156
-1465
-1582
-1274
-754
-517
-801
-1292
-1479
-1235
-932
-958
-1299
-1635
-1760
-1736
-1714
-1723
-1711
-1665
-1620
-1582
-1522
-1415
-1250
-1022
-769
-592
-563
-590
-475
-143
230
388
279
98
59
174
285
265
130
-24
-140
-231
-344
-499
-664
-782
-833
-869
-955
-1073
-1119
-1023
-853
-767
-831
-941
-919
-698
-384
-163
-132
-220
-242
-74
216
418
395
233
154
283
517
657
618
491
427
482
599
688
709
687
687
760
894
1003
1002
897
811
864
1039
1175
1139
974
876
988
1235
1389
1314
1127
1085
1297
1603
1759
1742
1778
2036
2368
2451
2186
1872
1887
2231
2482
2245
1592
996
827
981
1019
641
-30
-616
-873
-897
-958
-1195
-1501
-1684
-1681
-1607
-1611
-1703
-1735
-1563
-1245
-1036
-1117
-1343
-1346
-959
-455
-290
-593
-1030
-1180
-987
-760
-782
-1035
-1306
-1462
-1538
-1604
-1665
-1685
-1662
-1634
-1632
-1643
-1606
-1454
-1187
-914
-780
-805
-834
-676
-326
14
140
70
-7
40
144
168
83
-21
-79
-129
-234
-378
-495
-563
-624
-720
-844
-965
-1050
-1073
-1012
-886
-759
-698
-702
-693
-574
-323
-22
192
237
167
141
277
532
728
739
621
538
575
657
673
624
597
633
676
669
632
622
649
690
737
799
844
820
750
755
910
1123
1201
1078
911
918
1132
1374
1439
1314
1180
1236
1519
1882
2132
2196
2152
2116
2119
2120
2122
2187
2303
2297
2002
1494
1094
1015
1100
980
506
-91
-486
-616
-691
-880
-1132
-1311
-1403
-1504
-1643
-1711
-1609
-1394
-1247
-1287
-1442
-1509
-1345
-1012
-726
-669
-810
-956
-959
-863
-826
-927
-1100
-1249
-1368
-1501
-1640
-1726
-1739
-1738
-1777
-1822
-1790
-1646
-1438
-1236
-1080
-974
-889
-765
-548
-254
14
156
173
149
169
245
336
380
325
160
-61
-248
-347
-382
-425
-528
-682
-842
-964
-1016
-981
-875
-758
-707
-743
-796
-756
-569
-306
-104
-39
-53
-13
148
361
502
510
442
403
448
544
611
593
519
484
565
721
821
782
689
707
882
1059
1070
937
861
982
1213
1336
1248
1065
997
1139
1398
1576
1553
1381
1251
1319
1575
1849
1991
2004
2017
2121
2274
2353
2293
2165
2111
2185
2266
2155
1786
1330
1036
968
923
660
176
-298
-564
-667
-804
-1067
-1344
-1479
-1465
-1439
-1498
-1580
-1549
-1369
-1175
-1135
-1258
-1356
-1228
-890
-596
-578
-794
-978
-947
-794
-753
-910
-1139
-1275
-1309
-1351
-1478
-1648
-1761
-1763
-1688
-1607
-1567
-1537
-1432
-1201
-904
-673
-578
-541
-421
-176
84
232
253
238
249
273
270
239
192
116
-16
-189
-355
-482
-578
-666
-759
-867
-983
-1072
-1075
-975
-840
-763
-771
-784
-704
-510
-277
-98
-1
54
127
238
357
449
515
586
665
702
662
589
589
698
818
809
659
519
550
740
921
951
867
805
841
921
976
1014
1092
1198
1249
1193
1097
1081
1189
1335
1401
1357
1298
1347
1533
1757
1899
1941
1987
2131
2330
2429
2336
2160
2110
2256
2399
2251
1747
1170
891
977
1102
892
334
-222
-469
-465
-496
-708
-971
-1110
-1138
-1196
-1318
-1370
-1256
-1081
-1035
-1148
-1243
-1148
-910
-732
-737
-856
-953
-981
-991
-1028
-1091
-1179
-1322
-1523
-1721
-1837
-1855
-1832
-1816
-1811
-1804
-1786
-1731
-1585
-1326
-1017
-776
-659
-606
-503
-288
0
249
359
312
193
124
160
238
244
125
-64
-245
-386
-506
-608
-678
-733
-829
-987
-1135
-1157
-1014
-807
-692
-725
-807
-776
-565
-259
-14
77
47
16
85
261
450
541
508
430
426
542
710
813
788
688
639
714
864
973
991
974
999
1069
1132
1159
1172
1193
1220
1230
1221
1205
1198
1203
1225
1260
1299
1327
1328
1299
1280
1340
1519
1745
1875
1849
1801
1940
2275
2540
2457
2087
1804
1879
2142
2153
1705
1057
644
606
677
525
98
-380
-676
-752
-741
-793
-974
-1227
-1403
-1377
-1187
-1046
-1141
-1408
-1563
-1412
-1090
-913
-1015
-1193
-1175
-945
-757
-819
-1064
-1243
-1219
-1099
-1093
-1274
-1513
-1628
-1577
-1476
-1451
-1505
-1542
-1484
-1337
-1165
-1018
-904
-808
-713
-607
-474
-311
-138
3
82
98
77
48
34
48
69
39
-87
-273
-424
-490
-532
-638
-789
-874
-828
-736
-735
-843
-927
-855
-653
-479
-452
-516
-491
-263
82
317
288
88
-10
173
533
777
728
498
351
432
650
813
822
727
634
608
651
729
803
852
879
881
835
740
665
728
953
1187
1209
982
727
720
990
1273
1289
1042
809
858
1177
1522
1666
1600
1496
1524
1726
2016
2244
2279
2095
1823
1674
1745
1888
1838
1489
1017
698
613
589
422
104
-206
-391
-495
-621
-785
-917
-981
-1025
-1101
-1198
-1269
-1293
-1284
-1248
-1193
-1145
-1131
-1136
-1120
-1077
-1059
-1105
-1189
-1254
-1290
-1340
-1431
-1538
-1624
-1693
-1762
-1816
-1813
-1740
-1631
-1536
-1464
-1385
-1263
-1079
-849
-627
-470
-387
-320
-187
20
219
312
293
241
221
208
138
11
-111
-195
-293
-461
-659
-781
-778
-716
-693
-728
-768
-773
-752
-716
-653
-552
-433
-327
-257
-232
-248
-246
-147
56
242
270
156
73
162
367
508
492
406
393
494
633
722
739
708
668
655
694
765
811
788
727
700
740
816
881
914
920
896
854
838
890
989
1064
1088
1130
1270
1480
1626
1623
1565
1651
1967
2354
2534
2378
2050
1855
1941
2143
2141
1774
1212
787
667
694
568
173
-311
-610
-650
-610
-704
-953
-1192
-1273
-1229
-1226
-1367
-1575
-1666
-1550
-1327
-1199
-1257
-1399
-1453
-1363
-1233
-1191
-1257
-1372
-1487
-1602
-1702
-1747
-1725
-1692
-1710
-1766
-1769
-1652
-1457
-1295
-1236
-1241
-1202
-1052
-818
-588
-429
-332
-235
-93
80
223
296
313
326
361
383
329
177
-15
-156
-209
-232
-317
-494
-696
-819
-814
-727
-653
-660
-741
-816
-799
-665
-483
-363
-358
-413
-412
-293
-117
1
11
-23
2
119
275
392
437
419
373
341
374
483
611
664
599
478
408
450
575
709
800
837
837
832
860
932
1014
1042
992
903
850
868
936
1008
1060
1097
1142
1212
1310
1420
1516
1578
1621
1695
1832
1982
2029
1903
1685
1550
1586
1689
1668
1449
1138
888
735
595
385
123
-114
-287
-431
-601
-803
-997
-1145
-1228
-1255
-1246
-1242
-1281
-1360
-1420
-1400
-1312
-1243
-1271
-1386
-1506
-1561
-1551
-1527
-1529
-1562
-1610
-1659
-1696
-1707
-1676
-1605
-1521
-1457
-1424
-1401
-1347
-1244
-1106
-959
-815
-671
-528
-402
-297
-199
-89
17
81
91
85
102
137
143
93
3
-91
-171
-240
-302
-355
-403
-451
-495
-516
-510
-500
-512
-537
-525
-446
-339
-275
-277
-289
-247
-158
-91
-83
-86
-19
129
269
298
209
119
151
301
435
426
299
219
314
535
702
695
581
539
660
856
968
944
882
901
1000
1075
1042
937
868
902
1007
1103
1133
1101
1051
1039
1095
1206
1321
1390
1405
1408
1454
1572
1727
1834
1819
1693
1557
1516
1570
1605
1512
1294
1061
902
797
663
461
236
53
-78
-210
-396
-625
-837
-976
-1042
-1093
-1199
-1371
-1546
-1645
-1645
-1606
-1600
-1641
-1682
-1681
-1653
-1643
-1677
-1733
-1766
-1746
-1688
-1633
-1614
-1626
-1626
-1572
-1463
-1347
-1269
-1220
-1142
-990
-789
-608
-485
-392
-287
-163
-56
12
45
66
93
134
181
219
232
218
185
152
132
130
126
83
-21
-163
-281
-330
-312
-266
-232
-236
-277
-323
-325
-263
-180
-147
-178
-210
-181
-111
-76
-104
-139
-107
-5
92
121
92
79
138
252
353
394
395
413
487
602
709
773
798
819
863
927
972
966
915
873
887
951
1005
994
920
839
804
823
864
900
925
942
954
969
1003
1075
1179
1294
1401
1503
1605
1689
1728
1721
1710
1735
1784
1787
1696
1544
1420
1367
1337
1238
1038
792
584
435
292
84
-199
-494
-723
-870
-992
-1157
-1380
-1613
-1789
-1884
-1922
-1954
-2022
-2128
-2238
-2309
-2322
-2298
-2275
-2266
-2247
-2190
-2093
-1983
-1883
-1789
-1679
-1543
-1400
-1276
-1181
-1098
-997
-864
-703
-536
-390
-290
-227
-166
-66
67
188
255
278
307
377
475
564
620
645
647
634
622
626
638
632
585
508
436
391
355
289
177
42
-67
-122
-142
-172
-236
-320
-388
-421
-424
-415
-410
-420
-427
-400
-310
-175
-54
1
-3
3
86
249
420
529
575
613
689
784
847
859
854
874
933
1000
1041
1036
993
936
907
929
999
1079
1130
1153
1188
1270
1388
1487
1528
1524
1538
1621
1765
1908
1979
1960
1908
1901
1966
2044
2051
1964
1840
1737
1646
1507
1282
1006
749
547
369
155
-135
-478
-812
-1081
-1291
-1499
-1748
-2020
-2254
-2414
-2515
-2601
-2697
-2785
-2829
-2807
-2736
-2658
-2604
-2560
-2487
-2368
-2229
-2098
-1968
-1811
-1624
-1437
-1270
-1110
-936
-758
-607
-487
-375
-240
-83
75
213
326
422
514
615
721
803
837
823
798
791
800
789
731
635
542
481
444
391
299
190
114
86
69
14
-88
-204
-297
-357
-399
-440
-488
-526
-531
-497
-439
-378
-326
-288
-263
-241
-204
-142
-73
-13
45
126
232
333
401
448
509
599
692
763
812
860
918
975
1014
1037
1064
1106
1150
1171
1148
1102
1085
1132
1225
1306
1327
1302
1280
1300
1352
1407
1450
1497
1556
1617
1653
1653
1638
1638
1664
1697
1703
1660
1578
1489
1418
1348
1243
1079
866
633
400
172
-49
-266
-494
-751
-1026
-1282
-1489
-1663
-1836
-2018
-2178
-2294
-2382
-2480
-2588
-2664
-2669
-2606
-2520
-2455
-2423
-2397
-2328
-2187
-1990
-1792
-1636
-1511
-1376
-1215
-1056
-933
-831
-707
-542
-365
-214
-100
2
113
232
339
417
467
500
531
565
606
652
691
702
664
588
510
468
469
482
469
411
314
211
138
105
73
-12
-163
-321
-409
-415
-400
-427
-494
-550
-556
-526
-499
-492
-486
-456
-405
-350
-296
-232
-148
-59
22
96
179
272
361
436
510
599
701
785
832
853
880
925
969
989
995
1018
1071
1123
1138
1116
1095
1107
1149
1192
1225
1251
1275
1287
1294
1318
1377
1450
1492
1487
1473
1496
1556
1603
1598
1553
1513
1495
1467
1388
1250
1086
925
772
609
422
213
-11
-247
-486
-712
-913
-1095
-1284
-1493
-1713
-1915
-2077
-2193
-2278
-2354
-2432
-2496
-2515
-2482
-2417
-2351
-2297
-2245
-2182
-2099
-1992
-1862
-1725
-1598
-1483
-1358
-1208
-1055
-927
-829
-725
-581
-401
-230
-104
-24
39
109
193
285
376
459
523
557
562
560
570
586
587
574
565
560
529
451
344
244
168
109
54
-17
-119
-249
-366
-424
-422
-408
-440
-521
-603
-632
-597
-537
-501
-493
-485
-450
-395
-342
-298
-241
-150
-30
98
212
296
353
405
480
586
694
763
783
792
833
904
961
967
933
896
886
899
924
948
967
973
967
956
958
974
1004
1040
1083
1131
1181
1229
1274
1313
1352
1392
1440
1494
1544
1570
1552
1495
1428
1382
1355
1305
1191
1018
829
660
505
333
124
-112
-347
-562
-751
-920
-1087
-1266
-1459
-1649
-1815
-1954
-2075
-2179
-2246
-2254
-2212
-2165
-2158
-2194
-2226
-2203
-2118
-2001
-1882
-1775
-1688
-1625
-1575
-1498
-1373
-1226
-1112
-1044
-980
-868
-710
-554
-431
-330
-219
-90
40
159
261
344
401
443
489
547
594
611
609
618
643
648
598
499
392
305
225
128
13
-92
-168
-228
-299
-390
-482
-548
-575
-572
-558
-549
-553
-567
-579
-577
-554
-508
-437
-347
-258
-190
-140
-78
18
136
246
329
396
462
528
587
640
695
749
783
788
781
793
840
908
966
994
996
998
1020
1058
1088
1096
1097
1120
1179
1256
1319
1351
1360
1372
1404
1445
1471
1467
1448
1439
1443
1439
1401
1330
1248
1173
1099
1012
909
802
702
602
482
332
152
-50
-260
-466
-654
-835
-1023
-1218
-1397
-1540
-1656
-1769
-1885
-1986
-2049
-2084
-2111
-2140
-2155
-2139
-2095
-2039
-1984
-1928
-1863
-1786
-1700
-1607
-1503
-1383
-1247
-1099
-956
-838
-750
-673
-578
-458
-330
-216
-113
-2
120
226
294
334
373
419
455
465
460
462
473
467
428
368
316
286
262
220
156
89
39
5
-36
-104
-190
-264
-303
-315
-329
-364
-413
-456
-480
-481
-463
-433
-397
-353
-290
-206
-115
-39
11
45
83
139
211
290
362
416
462
517
590
664
715
745
778
828
875
898
904
918
943
963
967
966
976
1001
1028
1047
1055
1062
1075
1097
1130
1176
1228
1270
1289
1288
1283
1285
1285
1276
1263
1258
1264
1262
1231
1160
1057
937
821
723
640
549
424
260
77
-94
-239
-369
-503
-644
-776
-891
-998
-1108
-1224
-1340
-1447
-1536
-1604
-1659
-1712
-1761
-1789
-1781
-1749
-1718
-1704
-1695
-1665
-1599
-1504
-1406
-1323
-1257
-1191
-1120
-1050
-991
-928
-834
-706
-574
-470
-394
-310
-199
-78
18
79
124
176
234
284
316
335
351
366
372
362
344
334
333
328
298
243
174
104
42
-14
-67
-122
-179
-227
-250
-250
-246
-261
-298
-333
-341
-316
-284
-270
-275
-276
-255
-217
-173
-123
-58
19
99
176
255
339
419
478
517
553
603
662
709
730
738
750
770
782
780
779
803
851
892
900
883
869
875
890
898
901
911
931
955
978
1000
1020
1034
1038
1044
1063
1088
1102
1098
1079
1055
1021
979
934
894
858
816
767
706
625
516
388
264
158
65
-29
-130
-236
-348
-470
-605
-740
-855
-942
-1013
-1087
-1163
-1224
-1259
-1282
-1314
-1362
-1413
-1447
-1455
-1434
-1389
-1334
-1288
-1264
-1250
-1219
-1151
-1051
-946
-860
-795
-739
-672
-584
-482
-386
-314
-263
-214
-146
-61
21
78
111
133
159
189
216
239
258
271
270
250
218
187
167
152
125
76
11
-51
-93
-120
-147
-182
-221
-252
-274
-292
-304
-293
-254
-210
-193
-211
-228
-201
-125
-42
5
11
7
23
64
120
179
230
261
274
291
330
384
424
433
423
425
458
510
557
584
593
595
598
602
610
625
643
664
690
723
755
774
783
797
825
853
866
873
901
950
984
969
913
865
860
889
914
912
895
875
842
778
693
622
579
543
480
393
310
253
209
149
56
-59
-173
-269
-347
-423
-512
-611
-707
-784
-848
-913
-988
-1061
-1110
-1121
-1102
-1079
-1078
-1106
-1146
-1167
-1141
-1073
-997
-949
-930
-906
-850
-771
-699
-645
-595
-532
-462
-402
-359
-322
-278
-234
-217
-230
-239
-206
-140
-93
-97
-124
-124
-84
-39
-21
-26
-30
-25
-28
-55
-96
-123
-125
-120
-132
-162
-185
-185
-174
-181
-208
-232
-229
-201
-169
-148
-134
-118
-102
-92
-86
-69
-31
16
51
67
79
102
131
148
146
139
148
181
224
261
281
287
291
303
320
335
340
341
346
365
393
421
434
431
423
426
454
498
538
563
577
596
626
659
682
698
715
739
766
791
813
833
850
854
839
815
797
795
802
802
783
742
679
604
530
467
414
363
308
250
193
127
38
-70
-174
-251
-305
-360
-430
-504
-563
-602
-631
-659
-691
-731
-788
-860
-918
-927
-881
-824
-812
-864
-936
-970
-946
-897
-858
-826
-771
-689
-612
-575
-569
-556
-509
-440
-377
-335
-306
-270
-216
-156
-111
-89
-82
-78
-70
-60
-48
-40
-44
-65
-91
-101
-88
-68
-61
-75
-105
-136
-160
-174
-179
-182
-186
-199
-220
-242
-250
-240
-219
-205
-208
-224
-233
-223
-199
-175
-159
-139
-105
-63
-35
-28
-23
-2
26
40
40
52
92
143
172
172
167
185
225
267
290
291
281
271
273
296
338
388
424
437
435
441
459
477
482
489
518
570
610
616
602
605
635
665
665
636
607
597
599
595
580
563
553
542
521
492
462
437
413
379
331
275
222
178
141
108
80
55
31
4
-29
-70
-122
-178
-229
-262
-281
-301
-337
-392
-450
-492
-509
-505
-495
-491
-495
-502
-514
-531
-546
-552
-541
-520
-496
-474
-452
-428
-406
-394
-390
-383
-360
-323
-284
-260
-254
-263
-281
-299
-309
-307
-298
-289
-277
-262
-245
-235
-237
-246
-255
-258
-259
-256
-248
-232
-216
-210
-213
-212
-193
-157
-120
-100
-99
-107
-114
-114
-108
-99
-89
-75
-50
-11
29
48
40
15
-2
-1
14
28
39
56
82
105
106
82
52
41
59
87
101
91
72
68
89
126
158
171
175
187
219
257
279
274
258
252
260
277
297
322
350
369
366
353
352
378
415
443
453
456
458
450
425
398
391
411
438
448
439
429
428
431
422
392
347
300
267
255
257
253
226
180
137
115
111
109
96
70
44
24
8
-13
-45
-87
-130
-162
-180
-194
-216
-248
-274
-285
-288
-299
-323
-346
-352
-336
-315
-313
-339
-384
-420
-428
-409
-379
-354
-337
-317
-287
-255
-239
-243
-257
-259
-240
-207
-176
-161
-167
-189
-214
-229
-227
-213
-201
-195
-187
-168
-146
-136
-141
-152
-157
-155
-157
-161
-158
-142
-123
-114
-118
-128
-135
-138
-148
-163
-174
-165
-141
-120
-122
-141
-150
-131
-96
-73
-75
-84
-81
-71
-71
-81
-80
-52
-4
42
74
95
106
99
74
55
65
101
136
147
144
155
187
218
222
202
187
200
231
255
260
258
264
276
280
271
264
275
302
323
320
291
252
226
226
250
283
308
315
306
293
286
288
295
304
314
322
321
310
290
269
252
232
204
176
165
180
202
194
143
78
42
49
72
71
46
24
24
32
16
-29
-78
-101
-99
-94
-106
-134
-161
-177
-186
-192
-190
-173
-149
-137
-150
-176
-192
-188
-176
-176
-188
-201
-211
-220
-227
-222
-199
-174
-171
-197
-229
-238
-222
-193
-165
-143
-130
-138
-170
-211
-234
-231
-214
-200
-188
-164
-130
-105
-111
-137
-152
-140
-118
-116
-144
-175
-180
-157
-134
-131
-141
-142
-119
-86
-65
-64
-73
-73
-59
-40
-32
-39
-49
-48
-32
-12
-6
-16
-25
-13
23
62
83
84
80
86
95
94
78
60
51
50
52
61
83
109
119
105
89
97
133
169
179
162
134
116
112
120
133
145
152
157
164
179
198
204
187
154
128
124
139
148
136
112
103
124
157
169
147
111
101
132
180
209
202
174
150
136
122
100
78
69
80
97
106
100
85
72
64
57
50
43
36
26
5
-32
-74
-100
-97
-73
-49
-37
-38
-47
-67
-94
-114
-111
-88
-69
-70
-85
-97
-102
-112
-132
-155
-159
-137
-100
-69
-61
-75
-95
-114
-132
-155
-172
-166
-133
-95
-86
-114
-153
-172
-163
-147
-138
-134
-125
-107
-88
-79
-82
-97
-119
-138
-142
-131
-112
-101
-100
-102
-97
-85
-74
-67
-60
-49
-42
-50
-70
-88
-97
-106
-126
-150
-158
-141
-111
-86
-72
-65
-60
-60
-61
-55
-41
-30
-29
-33
-27
-17
-19
-39
-59
-56
-26
15
49
75
107
149
192
211
198
164
137
140
174
220
256
272
275
274
273
276
283
296
310
311
296
270
240
205
164
128
116
129
143
126
79
30
6
3
4
4
10
21
14
-33
-107
-163
-169
-133
-95
-88
-108
-123
-111
-81
-56
-45
-43
-39
