0
6
7
2
-6
-8
-6
-3
-3
-8
-16
-24
-31
-38
-46
-49
-48
-42
-35
-29
-27
-28
-28
-25
-19
-13
-11
-11
-10
-8
-6
-8
-14
-19
-19
-16
-13
-12
-11
-10
-9
-8
-7
-6
-6
-5
-2
4
11
16
20
25
32
40
44
43
37
34
34
38
42
41
33
22
15
16
25
37
46
52
53
49
38
24
13
8
10
17
25
30
28
17
3
-4
-2
3
5
5
10
20
25
16
-3
-20
-27
-30
-40
-55
-64
-62
-55
-55
-60
-60
-48
-30
-18
-16
-21
-26
-30
-36
-46
-55
-60
-61
-65
-72
-77
-75
-67
-60
-61
-70
-78
-79
-72
-62
-57
-58
-61
-62
-60
-54
-46
-34
-20
-6
7
16
21
21
17
16
22
33
43
49
56
67
84
100
116
131
147
163
177
190
202
214
221
225
228
233
239
241
240
240
243
249
256
262
266
267
268
267
264
256
240
216
190
165
144
128
114
99
79
56
31
5
-22
-52
-86
-117
-142
-163
-185
-211
-241
-268
-287
-303
-322
-345
-365
-377
-380
-382
-392
-412
-437
-462
-480
-492
-501
-514
-533
-551
-560
-553
-533
-507
-485
-470
-462
-454
-446
-437
-427
-413
-392
-366
-336
-304
-266
-223
-179
-139
-106
-74
-38
4
49
93
134
174
211
244
275
307
343
383
421
458
493
527
553
566
574
588
614
645
667
681
695
715
738
752
755
754
761
774
784
778
755
722
691
660
625
583
537
493
450
402
344
281
217
156
100
50
7
-33
-78
-133
-196
-266
-343
-425
-509
-582
-637
-676
-708
-743
-782
-817
-844
-866
-887
-909
-924
-928
-928
-935
-950
-958
-953
-943
-938
-933
-914
-873
-824
-779
-741
-700
-650
-597
-548
-508
-471
-427
-371
-308
-248
-198
-152
-97
-27
48
110
151
183
222
272
321
356
380
401
428
461
498
535
564
583
595
614
646
685
717
738
753
774
803
834
859
880
902
930
961
994
1029
1068
1107
1137
1152
1157
1157
1152
1138
1112
1077
1033
975
905
832
763
694
615
520
413
299
177
50
-77
-201
-324
-447
-573
-701
-829
-955
-1071
-1171
-1257
-1334
-1408
-1474
-1524
-1557
-1585
-1614
-1638
-1640
-1622
-1603
-1594
-1579
-1539
-1473
-1397
-1329
-1272
-1216
-1145
-1047
-927
-809
-712
-634
-553
-455
-342
-227
-119
-17
81
181
283
381
465
530
577
618
656
686
700
697
690
691
697
692
667
633
606
589
570
543
521
520
545
577
605
629
660
698
740
786
843
916
1001
1086
1170
1253
1340
1434
1531
1619
1682
1713
1726
1735
1741
1723
1672
1593
1498
1386
1256
1117
975
824
651
463
278
103
-81
-287
-504
-703
-877
-1042
-1211
-1375
-1518
-1634
-1731
-1817
-1894
-1957
-2007
-2049
-2080
-2089
-2067
-2019
-1967
-1929
-1901
-1860
-1795
-1715
-1633
-1543
-1435
-1318
-1213
-1124
-1026
-893
-735
-588
-471
-368
-256
-131
-9
101
203
305
402
488
564
635
704
766
805
816
805
784
761
732
697
661
625
583
528
462
398
344
310
300
310
321
328
337
367
420
485
553
633
737
873
1027
1165
1262
1327
1397
1503
1635
1752
1822
1851
1872
1907
1940
1924
1824
1659
1489
1355
1247
1123
956
757
557
376
213
52
-122
-306
-481
-628
-746
-848
-951
-1062
-1177
-1281
-1361
-1417
-1458
-1496
-1533
-1567
-1592
-1611
-1625
-1642
-1662
-1676
-1670
-1644
-1616
-1603
-1601
-1595
-1570
-1523
-1457
-1378
-1291
-1194
-1082
-957
-827
-711
-613
-522
-420
-304
-181
-68
26
105
178
254
329
390
430
450
463
475
488
498
499
483
446
393
339
298
268
237
202
178
177
192
205
216
240
296
381
480
584
698
828
978
1148
1325
1485
1607
1697
1794
1922
2057
2138
2134
2085
2056
2062
2051
1957
1773
1556
1370
1226
1072
851
571
292
73
-88
-231
-388
-553
-700
-801
-849
-865
-894
-961
-1049
-1106
-1100
-1053
-1017
-1030
-1076
-1106
-1093
-1063
-1069
-1134
-1224
-1285
-1299
-1290
-1291
-1316
-1351
-1378
-1382
-1367
-1349
-1341
-1333
-1292
-1202
-1088
-989
-918
-849
-759
-663
-582
-514
-439
-347
-253
-171
-106
-57
-33
-33
-44
-40
-11
36
77
92
77
53
46
57
57
21
-33
-64
-44
5
51
79
100
123
155
199
263
342
429
524
647
809
1007
1215
1399
1534
1633
1738
1900
2122
2347
2491
2520
2491
2491
2542
2560
2446
2199
1930
1746
1639
1503
1250
890
516
216
8
-171
-403
-696
-978
-1160
-1225
-1236
-1274
-1362
-1459
-1502
-1466
-1391
-1347
-1363
-1384
-1328
-1183
-1037
-988
-1046
-1122
-1132
-1082
-1046
-1066
-1110
-1125
-1104
-1095
-1135
-1212
-1275
-1289
-1259
-1202
-1122
-1019
-911
-829
-782
-746
-691
-608
-505
-393
-291
-222
-195
-182
-159
-131
-128
-162
-206
-221
-196
-154
-127
-128
-150
-183
-227
-280
-326
-347
-342
-335
-341
-347
-330
-285
-233
-199
-190
-185
-137
-16
157
320
442
568
780
1092
1414
1624
1700
1747
1907
2217
2566
2792
2832
2787
2810
2946
3065
2996
2708
2357
2131
2069
2022
1812
1401
921
541
310
124
-159
-566
-978
-1235
-1287
-1230
-1215
-1315
-1474
-1569
-1534
-1424
-1366
-1425
-1531
-1539
-1377
-1140
-1007
-1073
-1253
-1372
-1330
-1196
-1117
-1152
-1215
-1186
-1050
-919
-906
-1017
-1145
-1180
-1097
-956
-825
-728
-649
-575
-506
-444
-387
-339
-308
-287
-242
-154
-52
2
-27
-119
-211
-262
-276
-296
-354
-429
-466
-435
-367
-332
-371
-460
-541
-571
-556
-534
-535
-561
-582
-566
-510
-443
-396
-355
-277
-131
54
243
438
698
1053
1442
1729
1835
1835
1920
2219
2650
2983
3068
2990
2970
3131
3352
3390
3118
2654
2256
2094
2094
2021
1703
1190
701
402
241
9
-433
-997
-1436
-1561
-1408
-1202
-1153
-1279
-1411
-1393
-1254
-1171
-1271
-1496
-1672
-1666
-1482
-1239
-1097
-1143
-1320
-1463
-1458
-1345
-1267
-1307
-1400
-1407
-1263
-1038
-890
-923
-1086
-1210
-1155
-934
-691
-551
-514
-468
-318
-73
148
229
159
38
-18
13
47
-11
-171
-348
-455
-474
-469
-518
-646
-799
-887
-863
-768
-699
-713
-781
-815
-764
-652
-548
-493
-465
-398
-260
-85
51
122
189
347
626
981
1362
1783
2268
2739
3008
2925
2549
2142
1966
2068
2269
2366
2332
2317
2446
2640
2661
2334
1736
1145
818
792
875
846
647
418
317
318
208
-192
-795
-1284
-1394
-1144
-787
-554
-475
-448
-404
-390
-485
-699
-957
-1165
-1290
-1373
-1481
-1643
-1833
-2004
-2122
-2171
-2136
-2023
-1851
-1646
-1418
-1177
-951
-776
-663
-592
-538
-483
-419
-350
-301
-309
-367
-415
-391
-318
-282
-344
-459
-539
-546
-520
-517
-553
-603
-636
-639
-630
-650
-726
-841
-920
-877
-682
-399
-152
-43
-78
-188
-288
-336
-313
-218
-48
188
460
698
821
825
842
1048
1496
2091
2768
3611
4650
5585
5848
5127
3762
2512
1884
1751
1667
1419
1175
1108
1056
645
-282
-1433
-2259
-2360
-1740
-752
182
826
1190
1343
1232
720
-162
-1062
-1508
-1309
-748
-326
-335
-671
-1034
-1244
-1363
-1522
-1701
-1693
-1298
-562
166
441
49
-804
-1631
-2008
-1846
-1358
-810
-327
80
389
517
398
81
-264
-443
-363
-109
106
96
-166
-557
-931
-1235
-1489
-1697
-1783
-1654
-1319
-939
-742
-860
-1219
-1592
-1777
-1739
-1601
-1496
-1452
-1404
-1289
-1114
-945
-831
-769
-697
-545
-291
7
256
390
434
473
583
750
895
968
1022
1145
1359
1623
1926
2319
2886
3732
4918
6259
7170
6992
5620
3736
2246
1491
1135
731
236
-90
-134
-150
-514
-1321
-2229
-2704
-2429
-1514
-361
623
1228
1423
1258
765
-22
-968
-1774
-2106
-1857
-1276
-792
-674
-863
-1101
-1199
-1145
-1014
-812
-452
95
665
944
704
10
-801
-1345
-1428
-1103
-578
-62
308
473
431
247
29
-116
-149
-110
-64
-51
-92
-227
-513
-946
-1417
-1746
-1814
-1656
-1429
-1279
-1255
-1329
-1466
-1642
-1811
-1907
-1902
-1832
-1738
-1615
-1438
-1234
-1071
-973
-882
-730
-522
-320
-154
3
187
377
544
679
811
955
1092
1191
1239
1265
1353
1597
2041
2673
3514
4654
6050
7274
7598
6586
4610
2639
1413
903
612
245
-83
-201
-218
-422
-962
-1700
-2326
-2543
-2191
-1328
-220
770
1376
1505
1187
481
-497
-1503
-2208
-2383
-2075
-1573
-1183
-994
-861
-632
-351
-189
-181
-118
224
778
1180
1074
424
-478
-1245
-1635
-1623
-1312
-834
-318
97
304
304
217
167
177
170
82
-75
-237
-372
-510
-721
-1048
-1457
-1819
-1980
-1876
-1605
-1360
-1283
-1368
-1510
-1612
-1648
-1650
-1651
-1657
-1641
-1563
-1410
-1219
-1054
-944
-858
-732
-525
-252
44
309
522
681
803
904
989
1044
1050
1020
1035
1228
1705
2469
3460
4664
6058
7378
8018
7394
5545
3271
1551
759
525
282
-134
-467
-488
-330
-379
-857
-1584
-2120
-2107
-1482
-429
716
1583
1877
1530
701
-368
-1475
-2410
-2934
-2904
-2439
-1868
-1435
-1127
-791
-400
-113
-64
-121
60
687
1531
2017
1682
576
-782
-1826
-2313
-2319
-1995
-1416
-681
-3
393
479
421
373
317
162
-59
-206
-222
-233
-407
-786
-1277
-1750
-2092
-2202
-2054
-1750
-1477
-1364
-1406
-1512
-1604
-1672
-1758
-1887
-2006
-1994
-1771
-1395
-1031
-814
-747
-719
-623
-442
-225
-11
228
511
804
1026
1141
1192
1221
1213
1148
1126
1344
1925
2849
4076
5604
7225
8280
7979
6157
3619
1526
426
2
-298
-583
-590
-242
102
-10
-652
-1464
-1965
-1873
-1178
-83
1068
1921
2241
1989
1226
35
-1418
-2772
-3586
-3640
-3136
-2506
-2003
-1547
-954
-276
208
313
210
296
798
1522
1964
1699
716
-589
-1718
-2405
-2660
-2581
-2186
-1487
-610
217
811
1107
1122
898
508
77
-261
-457
-585
-791
-1172
-1688
-2174
-2458
-2473
-2287
-2017
-1747
-1517
-1356
-1291
-1319
-1402
-1509
-1652
-1856
-2082
-2204
-2085
-1696
-1165
-699
-441
-372
-363
-286
-113
120
346
538
721
948
1219
1422
1413
1200
1042
1277
2070
3355
4998
6829
8396
8901
7719
5118
2261
293
-543
-803
-1005
-1107
-823
-193
329
301
-312
-1141
-1676
-1547
-701
572
1769
2458
2445
1752
489
-1130
-2711
-3775
-4077
-3785
-3258
-2679
-1973
-1084
-205
342
432
243
106
289
847
1594
2145
2108
1328
2
-1433
-2543
-3075
-3010
-2490
-1700
-786
141
947
1453
1518
1157
568
6
-371
-557
-635
-713
-902
-1292
-1866
-2453
-2803
-2785
-2488
-2136
-1874
-1681
-1475
-1260
-1137
-1191
-1405
-1694
-1971
-2151
-2124
-1802
-1224
-582
-104
114
139
107
83
63
47
112
365
814
1290
1558
1556
1487
1652
2229
3280
4851
6820
8578
9151
7935
5357
2608
638
-477
-1185
-1681
-1720
-1119
-167
550
651
159
-616
-1259
-1362
-703
532
1821
2619
2681
2023
760
-923
-2667
-4011
-4662
-4686
-4330
-3706
-2739
-1445
-151
673
799
448
120
231
853
1685
2252
2168
1348
21
-1436
-2663
-3408
-3541
-3081
-2175
-1029
164
1204
1859
1944
1473
699
-31
-487
-652
-659
-684
-877
-1304
-1915
-2518
-2884
-2883
-2585
-2200
-1909
-1735
-1568
-1332
-1106
-1069
-1304
-1686
-1972
-2007
-1821
-1545
-1267
-989
-684
-370
-94
90
162
129
64
117
415
907
1351
1563
1631
1851
2467
3586
5241
7263
9022
9571
8359
5819
3060
961
-356
-1224
-1816
-1956
-1444
-411
640
1168
923
111
-743
-1091
-663
381
1579
2448
2711
2276
1142
-562
-2461
-4023
-4881
-5040
-4730
-4102
-3152
-1910
-599
444
963
963
729
684
1118
1920
2580
2508
1468
-224
-1922
-3073
-3516
-3416
-3002
-2339
-1363
-82
1253
2217
2468
2000
1155
360
-160
-442
-632
-837
-1121
-1541
-2094
-2625
-2911
-2852
-2565
-2225
-1873
-1462
-1032
-758
-760
-990
-1335
-1741
-2161
-2434
-2353
-1893
-1282
-800
-525
-331
-66
255
504
566
479
394
451
661
921
1157
1409
1781
2379
3360
4907
6933
8765
9388
8241
5772
3073
983
-389
-1337
-1977
-2117
-1578
-520
557
1108
865
28
-828
-1087
-495
671
1856
2604
2750
2260
1101
-645
-2592
-4172
-5018
-5160
-4825
-4129
-3063
-1721
-407
525
898
810
586
607
1092
1875
2477
2430
1619
296
-1177
-2516
-3503
-3917
-3622
-2673
-1301
224
1638
2657
3016
2638
1728
671
-200
-752
-1038
-1200
-1379
-1647
-1997
-2359
-2660
-2836
-2836
-2621
-2220
-1736
-1292
-968
-804
-861
-1196
-1767
-2364
-2691
-2547
-1983
-1264
-685
-354
-178
0
208
357
389
391
500
737
992
1184
1370
1668
2144
2863
3999
5690
7661
9072
9004
7240
4545
2062
397
-639
-1463
-2051
-1996
-1125
126
1025
1154
633
-96
-601
-599
4
1035
2091
2711
2625
1796
345
-1490
-3324
-4716
-5382
-5304
-4611
-3444
-1995
-601
361
727
643
426
351
555
1032
1604
1955
1779
969
-321
-1778
-3038
-3782
-3807
-3136
-1975
-563
920
2258
3115
3182
2463
1327
250
-514
-990
-1308
-1552
-1766
-2004
-2303
-2609
-2809
-2812
-2627
-2341
-2051
-1806
-1594
-1386
-1214
-1187
-1410
-1845
-2281
-2458
-2248
-1732
-1115
-572
-155
155
386
525
558
499
396
324
371
613
1049
1590
2180
2961
4224
6063
8005
9114
8639
6683
4171
2089
753
-173
-1019
-1655
-1686
-983
99
990
1279
923
224
-312
-245
507
1598
2488
2811
2490
1614
281
-1368
-3081
-4523
-5410
-5593
-5046
-3870
-2307
-719
532
1211
1299
1023
784
939
1499
2060
2088
1360
108
-1231
-2332
-3073
-3404
-3285
-2682
-1623
-205
1334
2612
3235
3041
2213
1156
237
-400
-820
-1153
-1483
-1829
-2193
-2529
-2737
-2724
-2524
-2268
-2026
-1735
-1329
-928
-780
-1018
-1517
-2029
-2399
-2601
-2621
-2408
-1950
-1344
-731
-206
198
435
473
361
247
277
477
759
1024
1267
1595
2188
3243
4867
6882
8661
9323
8344
6066
3492
1494
229
-635
-1308
-1625
-1331
-473
564
1285
1383
889
178
-238
-28
761
1754
2512
2722
2266
1192
-309
-1959
-3472
-4638
-5310
-5355
-4698
-3418
-1811
-282
810
1297
1257
990
894
1195
1749
2084
1762
707
-741
-2077
-2955
-3317
-3306
-3021
-2392
-1261
336
2005
3170
3458
2941
2011
1054
235
-457
-1060
-1570
-1986
-2327
-2567
-2619
-2432
-2120
-1895
-1866
-1922
-1868
-1636
-1344
-1170
-1209
-1445
-1803
-2187
-2494
-2620
-2497
-2133
-1613
-1041
-470
49
430
575
514
419
446
590
739
887
1199
1898
3114
4837
6866
8691
9549
8858
6737
4021
1655
46
-968
-1631
-1905
-1579
-633
609
1619
1958
1505
574
-225
-344
335
1417
2329
2687
2417
1568
193
-1578
-3424
-4935
-5826
-5997
-5423
-4093
-2171
-143
1343
1897
1651
1094
687
605
783
1032
1145
955
389
-510
-1632
-2798
-3735
-4111
-3716
-2580
-945
863
2476
3513
3704
3070
1929
702
-317
-1029
-1468
-1719
-1872
-1992
-2114
-2233
-2347
-2444
-2477
-2350
-1993
-1476
-1009
-795
-874
-1147
-1508
-1920
-2329
-2608
-2616
-2309
-1754
-1086
-442
30
251
247
152
115
208
400
607
796
1048
1538
2461
3971
6045
8257
9732
9608
7751
4985
2464
776
-279
-1132
-1813
-1956
-1300
-74
1107
1692
1531
906
289
86
446
1200
1978
2411
2320
1683
534
-1034
-2772
-4311
-5359
-5805
-5612
-4708
-3130
-1229
412
1349
1554
1335
1050
912
986
1196
1343
1166
507
-562
-1779
-2837
-3518
-3707
-3378
-2534
-1234
367
1948
3089
3462
3029
2055
941
3
-639
-1055
-1392
-1748
-2097
-2337
-2406
-2362
-2299
-2242
-2129
-1920
-1653
-1404
-1225
-1160
-1271
-1596
-2063
-2500
-2750
-2753
-2531
-2121
-1572
-965
-420
-24
191
252
208
129
105
210
474
881
1445
2276
3574
5447
7623
9350
9736
8398
5844
3150
1139
-116
-1019
-1778
-2130
-1714
-556
839
1840
2058
1538
714
188
365
1168
2125
2698
2621
1909
692
-874
-2584
-4166
-5352
-5936
-5784
-4853
-3281
-1412
304
1480
1920
1691
1129
689
679
1015
1312
1173
454
-707
-2007
-3101
-3725
-3769
-3303
-2435
-1207
351
2005
3253
3595
2943
1730
578
-158
-530
-772
-1027
-1312
-1620
-1959
-2270
-2426
-2349
-2116
-1863
-1621
-1308
-897
-537
-447
-744
-1357
-2108
-2795
-3229
-3258
-2833
-2069
-1242
-645
-413
-402
-348
-121
163
308
282
264
475
988
1704
2557
3713
5432
7569
9267
9432
7719
4949
2405
745
-284
-1164
-1877
-1963
-1144
273
1575
2158
1876
1063
298
104
657
1660
2553
2874
2522
1616
265
-1443
-3260
-4784
-5705
-5951
-5543
-4450
-2754
-858
646
1399
1483
1238
964
827
906
1125
1207
815
-148
-1416
-2576
-3347
-3676
-3593
-3102
-2163
-788
867
2422
3387
3433
2648
1485
448
-213
-560
-804
-1095
-1451
-1798
-2087
-2305
-2444
-2454
-2306
-2049
-1782
-1567
-1383
-1203
-1070
-1110
-1424
-1970
-2548
-2896
-2852
-2455
-1885
-1337
-876
-481
-130
122
212
176
148
249
484
814
1268
1993
3176
4917
7061
9039
9965
9171
6829
3958
1656
270
-596
-1357
-1888
-1746
-792
554
1620
1972
1617
930
443
568
1340
2354
3055
3085
2419
1182
-489
-2376
-4110
-5334
-5917
-5900
-5271
-3953
-2089
-180
1182
1721
1559
1038
543
394
707
1240
1510
1123
56
-1366
-2705
-3613
-3922
-3613
-2783
-1566
-110
1410
2727
3482
3382
2469
1195
162
-318
-401
-486
-858
-1509
-2213
-2714
-2878
-2764
-2525
-2255
-1925
-1499
-1063
-780
-756
-975
-1365
-1843
-2294
-2570
-2560
-2256
-1776
-1289
-952
-814
-798
-742
-549
-269
-27
143
361
755
1315
1957
2738
3921
5697
7769
9274
9279
7537
4794
2254
666
-101
-598
-1055
-1196
-736
133
886
1161
1014
721
543
686
1280
2235
3129
3448
2916
1613
-169
-2083
-3786
-5007
-5644
-5743
-5316
-4301
-2750
-1027
338
1010
1051
779
543
623
1134
1876
2273
1741
205
-1753
-3329
-4072
-4021
-3436
-2503
-1326
5
1353
2516
3198
3139
2366
1279
391
-42
-123
-147
-390
-989
-1880
-2783
-3371
-3475
-3168
-2628
-1993
-1355
-843
-603
-685
-991
-1382
-1811
-2292
-2734
-2901
-2612
-1953
-1250
-777
-593
-593
-666
-713
-621
-320
133
587
954
1295
1786
2651
4082
6054
8088
9284
8862
6835
4148
1989
867
389
-83
-677
-992
-705
8
655
895
724
403
294
697
1644
2768
3512
3484
2652
1223
-532
-2326
-3850
-4868
-5324
-5303
-4862
-3968
-2652
-1174
31
641
669
434
334
605
1208
1809
1950
1323
5
-1602
-3039
-3985
-4266
-3810
-2718
-1266
226
1552
2568
3080
2908
2133
1163
466
225
260
243
-66
-740
-1686
-2666
-3365
-3571
-3290
-2700
-1980
-1259
-689
-458
-666
-1191
-1773
-2220
-2513
-2691
-2706
-2457
-1963
-1395
-955
-692
-546
-473
-469
-468
-324
63
641
1250
1762
2209
2856
4101
6086
8233
9341
8462
5851
2902
976
325
211
-42
-378
-355
151
770
1076
922
449
-56
-211
324
1550
2993
3926
3839
2678
758
-1447
-3432
-4782
-5327
-5217
-4750
-4093
-3227
-2145
-1048
-246
88
55
-44
124
768
1782
2687
2814
1770
-227
-2457
-4120
-4746
-4320
-3185
-1798
-489
670
1715
2568
2973
2725
1936
1040
479
377
477
374
-189
-1189
-2374
-3384
-3905
-3789
-3150
-2295
-1550
-1088
-901
-903
-1036
-1302
-1707
-2186
-2581
-2735
-2610
-2321
-2010
-1751
-1538
-1366
-1232
-1089
-838
-418
118
638
1034
1331
1710
2466
3879
5971
8242
9704
9409
7238
4177
1653
461
313
423
369
324
592
1131
1582
1590
1070
259
-344
-215
810
2319
3545
3901
3259
1807
-189
-2369
-4203
-5188
-5226
-4693
-4052
-3474
-2859
-2147
-1452
-931
-611
-380
-74
464
1257
2075
2451
1981
640
-1173
-2867
-3945
-4152
-3551
-2459
-1271
-210
716
1560
2244
2568
2407
1891
1343
1043
1005
969
606
-235
-1415
-2584
-3378
-3592
-3258
-2576
-1811
-1188
-853
-837
-1051
-1340
-1573
-1727
-1854
-2000
-2144
-2223
-2169
-1970
-1668
-1393
-1286
-1355
-1401
-1151
-523
282
959
1363
1617
2051
3064
4881
7206
9095
9414
7724
4781
2016
438
9
56
92
140
418
902
1320
1398
1076
534
133
256
1057
2275
3313
3611
2966
1557
-268
-2149
-3702
-4560
-4591
-4070
-3496
-3184
-3054
-2837
-2374
-1722
-1031
-415
106
638
1310
2072
2547
2241
982
-854
-2573
-3606
-3754
-3160
-2172
-1209
-531
-81
414
1058
1620
1810
1664
1518
1598
1736
1553
840
-276
-1478
-2492
-3175
-3448
-3269
-2686
-1913
-1258
-953
-1014
-1282
-1566
-1747
-1795
-1742
-1664
-1642
-1704
-1779
-1767
-1644
-1511
-1460
-1433
-1236
-735
-41
548
815
839
905
1247
1971
3220
5148
7468
9142
8958
6692
3548
1214
463
774
1178
1206
1016
872
800
647
326
-80
-321
-90
795
2157
3440
4015
3558
2192
298
-1667
-3240
-4018
-3909
-3276
-2722
-2623
-2883
-3149
-3147
-2801
-2135
-1230
-245
650
1383
1964
2283
2056
1073
-479
-2032
-3000
-3123
-2549
-1684
-972
-649
-588
-405
146
909
1495
1703
1685
1688
1736
1626
1174
384
-597
-1570
-2349
-2782
-2832
-2582
-2158
-1673
-1260
-1080
-1203
-1497
-1728
-1794
-1802
-1905
-2091
-2206
-2126
-1882
-1588
-1356
-1235
-1222
-1225
-1064
-601
92
737
1082
1158
1284
1872
3192
5186
7349
8786
8665
6884
4310
2240
1431
1658
2133
2270
2013
1564
1032
412
-220
-645
-654
-183
717
1895
3031
3647
3358
2184
528
-1124
-2420
-3112
-3084
-2526
-2001
-2085
-2854
-3807
-4289
-3971
-2952
-1583
-279
628
1051
1192
1296
1340
1047
283
-695
-1456
-1796
-1827
-1736
-1592
-1374
-1069
-626
27
853
1587
1903
1715
1271
912
787
792
718
391
-265
-1189
-2164
-2908
-3224
-3089
-2611
-1964
-1355
-989
-962
-1193
-1487
-1703
-1846
-1984
-2111
-2125
-1972
-1727
-1549
-1511
-1563
-1563
-1344
-789
27
802
1228
1291
1283
1560
2392
3933
6001
7764
8053
6383
3668
1581
1088
1744
2435
2550
2282
1966
1548
791
-196
-901
-872
-110
1048
2214
3042
3215
2577
1345
-18
-1155
-1948
-2330
-2219
-1780
-1572
-2129
-3354
-4491
-4765
-3996
-2599
-1170
-141
333
369
292
390
654
778
483
-198
-972
-1555
-1857
-1952
-1962
-1912
-1672
-1037
-1
1107
1799
1820
1342
805
566
683
934
1011
706
10
-942
-1945
-2772
-3194
-3059
-2435
-1649
-1109
-1016
-1242
-1487
-1560
-1498
-1456
-1530
-1687
-1823
-1873
-1848
-1825
-1848
-1877
-1791
-1454
-825
-36
658
1063
1211
1350
1808
2859
4571
6573
7974
7821
5954
3398
1672
1519
2372
3099
3121
2685
2183
1599
734
-237
-773
-495
423
1478
2243
2524
2276
1579
699
-32
-461
-689
-872
-1083
-1386
-1943
-2849
-3891
-4585
-4504
-3574
-2090
-595
313
293
-409
-1013
-827
90
975
1121
515
-344
-1076
-1686
-2257
-2621
-2490
-1808
-817
160
912
1318
1315
988
620
516
761
1148
1343
1093
330
-803
-1986
-2838
-3075
-2668
-1885
-1190
-981
-1325
-1918
-2312
-2247
-1785
-1230
-903
-957
-1299
-1703
-1988
-2138
-2200
-2153
-1883
-1314
-522
271
834
1068
1091
1200
1770
3080
5035
6953
7769
6798
4479
2225
1313
1851
2870
3376
3148
2554
1876
1084
192
-449
-415
332
1346
2090
2280
1918
1174
339
-222
-316
-117
7
-129
-474
-1022
-1912
-3106
-4135
-4390
-3667
-2339
-1047
-332
-419
-1088
-1696
-1561
-567
642
1217
878
53
-696
-1219
-1674
-2065
-2120
-1634
-785
14
457
531
405
282
323
608
1051
1421
1480
1130
423
-520
-1528
-2340
-2670
-2392
-1711
-1079
-915
-1323
-2033
-2593
-2660
-2205
-1500
-933
-755
-967
-1349
-1666
-1807
-1819
-1775
-1642
-1304
-718
-20
561
914
1135
1453
2120
3324
5046
6819
7741
7053
4940
2659
1595
2059
3111
3586
3169
2372
1691
1097
391
-243
-322
364
1452
2299
2473
1944
977
12
-515
-448
-78
81
-212
-747
-1251
-1790
-2590
-3514
-3974
-3518
-2361
-1241
-799
-1126
-1789
-2127
-1665
-492
697
1104
509
-568
-1423
-1789
-1853
-1804
-1586
-1128
-587
-244
-188
-262
-269
-122
200
668
1131
1330
1103
558
-46
-581
-1099
-1630
-2018
-2078
-1841
-1572
-1516
-1697
-1952
-2092
-2012
-1736
-1434
-1332
-1513
-1784
-1847
-1608
-1294
-1165
-1230
-1265
-1091
-742
-386
-122
95
420
1010
1959
3286
4890
6414
7225
6746
5060
3132
2199
2697
3844
4391
3798
2579
1544
949
515
110
46
621
1584
2285
2284
1666
828
156
-71
222
739
912
399
-563
-1436
-1977
-2375
-2795
-3036
-2781
-2081
-1398
-1173
-1448
-1868
-1965
-1461
-499
354
494
-160
-1062
-1567
-1549
-1362
-1298
-1280
-1111
-823
-610
-530
-425
-153
245
630
926
1097
1063
766
317
-64
-282
-486
-853
-1336
-1701
-1813
-1776
-1772
-1827
-1820
-1664
-1425
-1245
-1214
-1331
-1522
-1671
-1671
-1528
-1377
-1386
-1552
-1666
-1499
-1050
-566
-313
-296
-227
241
1252
2707
4404
6035
7066
6893
5444
3620
2737
3278
4344
4580
3589
2197
1336
1032
690
103
-223
202
1144
1855
1849
1263
543
62
13
402
939
1097
544
-466
-1342
-1797
-2066
-2433
-2759
-2678
-2142
-1559
-1362
-1592
-1920
-1972
-1586
-907
-314
-178
-550
-1088
-1395
-1390
-1288
-1247
-1181
-976
-708
-540
-475
-377
-189
13
186
390
645
818
762
514
254
66
-159
-556
-1068
-1479
-1636
-1592
-1511
-1496
-1538
-1587
-1612
-1599
-1550
-1505
-1527
-1620
-1683
-1588
-1355
-1154
-1132
-1223
-1202
-927
-497
-119
122
325
641
1185
2085
3442
5065
6295
6363
5153
3553
2803
3352
4418
4787
4004
2664
1614
1069
657
150
-149
157
947
1608
1652
1127
472
97
177
616
1058
1049
411
-533
-1225
-1443
-1497
-1781
-2252
-2483
-2224
-1745
-1578
-1945
-2496
-2586
-1849
-592
358
322
-580
-1513
-1736
-1328
-998
-1192
-1601
-1611
-1106
-587
-523
-793
-886
-523
80
528
646
552
440
402
391
284
-42
-596
-1219
-1663
-1788
-1666
-1513
-1497
-1625
-1780
-1839
-1752
-1555
-1355
-1259
-1297
-1378
-1392
-1319
-1257
-1270
-1285
-1147
-814
-427
-174
-78
47
463
1322
2611
4159
5579
6274
5789
4380
3131
3118
4283
5358
5135
3721
2313
1769
1741
1372
511
-130
38
744
1240
1143
671
239
101
317
757
1059
828
64
-721
-1007
-855
-811
-1233
-1876
-2218
-2080
-1787
-1752
-2035
-2317
-2232
-1698
-1016
-634
-745
-1080
-1188
-964
-782
-992
-1421
-1552
-1186
-682
-470
-529
-530
-344
-152
-84
-13
219
520
644
495
202
-96
-392
-736
-1076
-1300
-1372
-1391
-1478
-1657
-1835
-1885
-1752
-1508
-1320
-1306
-1424
-1508
-1455
-1320
-1243
-1254
-1258
-1152
-932
-637
-299
45
293
373
414
777
1804
3427
5020
5733
5169
3861
2970
3293
4457
5219
4699
3282
2145
1951
2216
2033
1195
353
147
476
737
560
106
-236
-235
86
513
695
358
-364
-933
-927
-553
-455
-957
-1671
-1957
-1667
-1254
-1215
-1596
-2044
-2196
-1958
-1526
-1244
-1332
-1648
-1783
-1517
-1111
-1018
-1320
-1616
-1498
-1011
-548
-387
-453
-502
-403
-194
49
280
453
507
430
269
73
-166
-473
-814
-1087
-1217
-1251
-1331
-1543
-1794
-1878
-1698
-1397
-1233
-1316
-1498
-1538
-1357
-1118
-1023
-1089
-1117
-917
-513
-145
-12
-80
-133
-4
335
909
1866
3261
4691
5377
4861
3649
2934
3460
4693
5305
4549
3045
2081
2207
2713
2545
1518
417
18
295
627
555
154
-204
-234
63
396
379
-115
-748
-983
-686
-343
-533
-1238
-1839
-1822
-1323
-953
-1152
-1785
-2286
-2155
-1438
-781
-871
-1666
-2328
-2097
-1201
-642
-1033
-1882
-2193
-1629
-800
-450
-620
-770
-520
-32
310
347
222
126
135
198
208
52
-285
-668
-910
-963
-972
-1120
-1436
-1775
-1973
-1968
-1808
-1601
-1459
-1438
-1500
-1538
-1478
-1336
-1182
-1046
-904
-703
-428
-117
125
187
79
17
303
1111
2347
3678
4630
4786
4133
3293
3169
4062
5170
5276
4067
2568
2052
2631
3202
2780
1573
578
377
633
714
448
123
-2
56
161
207
96
-205
-517
-556
-319
-217
-634
-1382
-1810
-1510
-801
-415
-761
-1545
-2091
-1985
-1449
-1115
-1394
-2032
-2348
-1979
-1312
-1044
-1360
-1747
-1681
-1249
-935
-925
-911
-582
-52
317
357
223
127
126
158
173
134
-9
-270
-563
-783
-908
-1008
-1118
-1218
-1319
-1495
-1757
-1971
-1971
-1768
-1548
-1462
-1469
-1419
-1256
-1047
-894
-821
-772
-647
-400
-92
142
232
266
453
997
1984
3255
4336
4649
4039
3153
3025
4024
5287
5463
4159
2455
1787
2416
3226
3055
1927
826
471
667
801
603
252
-22
-166
-210
-214
-286
-479
-633
-512
-196
-160
-737
-1584
-1930
-1424
-559
-178
-616
-1430
-1893
-1673
-1082
-768
-1108
-1837
-2286
-2085
-1564
-1359
-1644
-1959
-1822
-1335
-985
-971
-978
-663
-138
181
118
-87
-111
93
325
393
260
-10
-325
-604
-790
-890
-957
-1049
-1195
-1393
-1596
-1713
-1679
-1549
-1473
-1530
-1631
-1618
-1449
-1219
-1047
-955
-879
-736
-504
-230
6
169
310
521
871
1426
2256
3304
4211
4454
3883
3100
3050
4013
5106
5084
3719
2162
1729
2470
3192
2863
1681
644
387
682
942
856
492
68
-209
-232
-113
-133
-415
-688
-601
-265
-218
-754
-1461
-1639
-1118
-477
-421
-1055
-1803
-1960
-1349
-532
-337
-1063
-2097
-2478
-1919
-1156
-1112
-1817
-2398
-2149
-1343
-810
-897
-1158
-1019
-476
14
132
13
-21
163
415
499
305
-66
-389
-512
-505
-590
-890
-1289
-1578
-1690
-1721
-1739
-1700
-1567
-1432
-1426
-1542
-1627
-1545
-1327
-1104
-969
-903
-820
-637
-351
-55
132
204
326
744
1577
2685
3674
4101
3824
3245
3110
3826
4919
5338
4508
3017
2110
2402
3242
3446
2573
1295
568
634
980
1049
742
305
-27
-154
-100
-34
-173
-519
-771
-690
-461
-516
-947
-1310
-1160
-651
-419
-848
-1599
-1949
-1548
-795
-446
-879
-1705
-2148
-1833
-1192
-981
-1420
-1965
-1993
-1551
-1219
-1311
-1485
-1244
-611
-97
-61
-298
-349
-52
317
413
172
-183
-397
-390
-272
-237
-412
-764
-1135
-1402
-1566
-1678
-1733
-1691
-1600
-1580
-1652
-1677
-1513
-1207
-945
-861
-913
-941
-790
-453
-87
103
85
76
393
1193
2343
3448
4022
3816
3139
2792
3403
4677
5470
4863
3194
1843
1862
2899
3616
3121
1801
742
537
874
1103
920
463
-3
-285
-318
-211
-201
-413
-679
-747
-654
-722
-1099
-1449
-1310
-705
-231
-460
-1296
-2019
-1946
-1103
-261
-271
-1223
-2262
-2398
-1568
-743
-846
-1720
-2358
-2106
-1351
-917
-1060
-1296
-1130
-645
-283
-238
-298
-192
74
281
252
23
-223
-316
-234
-136
-230
-566
-982
-1270
-1380
-1428
-1521
-1639
-1703
-1692
-1639
-1541
-1359
-1134
-1000
-1039
-1134
-1062
-737
-318
-37
36
36
146
474
1053
1890
2884
3720
3981
3533
2837
2704
3514
4678
5057
4112
2593
1855
2433
3454
3603
2536
1123
379
465
813
916
712
367
9
-269
-384
-365
-359
-452
-556
-582
-627
-840
-1126
-1166
-826
-440
-521
-1164
-1843
-1905
-1260
-532
-475
-1205
-2051
-2226
-1650
-1025
-1039
-1619
-2071
-1920
-1415
-1120
-1185
-1232
-937
-483
-302
-490
-689
-526
-42
388
465
235
-27
-96
10
68
-145
-618
-1092
-1295
-1219
-1115
-1195
-1419
-1594
-1638
-1639
-1676
-1695
-1599
-1395
-1191
-1054
-930
-711
-365
27
319
404
312
250
507
1241
2285
3182
3489
3149
2638
2655
3508
4705
5250
4548
3086
2084
2307
3271
3738
3015
1613
608
524
983
1284
1100
567
-11
-387
-438
-244
-83
-190
-479
-665
-686
-772
-1034
-1190
-917
-385
-178
-625
-1382
-1775
-1502
-932
-721
-1156
-1874
-2214
-1893
-1297
-1062
-1382
-1834
-1919
-1631
-1346
-1252
-1142
-819
-454
-367
-568
-721
-561
-177
128
152
-61
-302
-350
-152
106
123
-229
-757
-1118
-1165
-1065
-1074
-1261
-1493
-1644
-1724
-1804
-1871
-1837
-1656
-1411
-1223
-1120
-983
-691
-263
123
303
291
276
479
1036
1921
2909
3598
3638
3109
2639
2936
4018
5002
4873
3586
2248
2047
3007
3956
3756
2458
1129
674
1003
1369
1244
686
44
-415
-576
-455
-251
-243
-484
-730
-793
-813
-999
-1222
-1114
-628
-246
-473
-1202
-1737
-1514
-742
-258
-685
-1738
-2442
-2126
-1174
-655
-1169
-2178
-2617
-2097
-1259
-926
-1150
-1314
-1026
-582
-466
-672
-759
-471
-42
136
-30
-306
-415
-268
0
104
-165
-705
-1114
-1088
-775
-631
-908
-1399
-1713
-1698
-1535
-1465
-1533
-1588
-1501
-1307
-1136
-1039
-920
-651
-266
36
104
50
189
777
1765
2806
3458
3447
2916
2473
2791
3934
5073
5130
3908
2455
2077
2966
3992
3922
2676
1277
702
1004
1506
1579
1083
287
-415
-716
-573
-260
-153
-367
-678
-858
-938
-1051
-1111
-866
-316
99
-87
-814
-1477
-1504
-929
-372
-462
-1256
-2150
-2420
-1915
-1229
-1092
-1597
-2144
-2162
-1719
-1303
-1166
-1120
-950
-755
-738
-823
-697
-238
269
423
138
-295
-509
-381
-75
115
-16
-449
-947
-1228
-1197
-1019
-962
-1161
-1516
-1799
-1846
-1672
-1441
-1320
-1362
-1475
-1514
-1379
-1080
-691
-316
-33
134
234
368
663
1228
2072
2970
3481
3295
2671
2404
3100
4400
5132
4475
2921
1883
2240
3431
4071
3394
1926
805
647
1145
1559
1395
689
-141
-632
-612
-330
-212
-416
-719
-867
-905
-1045
-1266
-1269
-883
-376
-219
-591
-1172
-1454
-1204
-667
-369
-686
-1480
-2152
-2153
-1542
-968
-1023
-1648
-2232
-2259
-1756
-1128
-726
-634
-753
-912
-919
-647
-175
238
376
266
97
13
20
70
107
60
-151
-503
-830
-962
-902
-841
-967
-1272
-1573
-1683
-1572
-1372
-1240
-1241
-1325
-1396
-1384
-1242
-934
-490
-48
209
236
208
383
879
1616
2400
3000
3197
2938
2538
2582
3379
4458
4829
3965
2515
1785
2391
3554
3911
2939
1419
507
592
1147
1432
1139
428
-328
-764
-713
-362
-146
-352
-826
-1178
-1236
-1162
-1112
-1007
-740
-481
-567
-1060
-1553
-1539
-955
-331
-331
-1083
-1973
-2200
-1610
-895
-866
-1554
-2196
-2119
-1472
-965
-999
-1272
-1281
-955
-638
-558
-545
-337
27
240
107
-221
-420
-314
-23
169
45
-363
-799
-999
-923
-775
-788
-1006
-1285
-1469
-1502
-1430
-1338
-1297
-1321
-1377
-1405
-1353
-1169
-842
-450
-164
-83
-94
65
544
1259
1995
2594
2976
3073
2905
2754
3053
3896
4695
4606
3488
2268
2086
3048
4025
3829
2445
977
460
915
1549
1618
992
62
-646
-819
-541
-236
-302
-708
-1054
-1084
-963
-976
-1081
-981
-614
-345
-548
-1113
-1488
-1235
-519
-24
-342
-1369
-2281
-2267
-1379
-580
-771
-1785
-2549
-2282
-1332
-680
-796
-1244
-1365
-1036
-627
-422
-349
-219
-24
107
112
45
-7
-4
54
95
2
-279
-608
-752
-644
-497
-579
-912
-1259
-1402
-1350
-1269
-1282
-1373
-1461
-1479
-1416
-1294
-1145
-965
-723
-420
-134
56
190
421
870
1512
2208
2788
3088
3028
2772
2753
3306
4180
4587
3977
2766
2049
2462
3432
3757
2886
1477
641
809
1434
1675
1188
284
-468
-702
-461
-128
-114
-516
-1016
-1228
-1119
-992
-1052
-1127
-955
-632
-565
-940
-1389
-1362
-794
-272
-455
-1330
-2161
-2212
-1525
-892
-1027
-1800
-2399
-2217
-1483
-933
-958
-1257
-1315
-1019
-681
-557
-558
-429
-97
248
358
191
-48
-80
160
428
373
-80
-612
-813
-621
-386
-487
-924
-1356
-1486
-1352
-1219
-1272
-1454
-1578
-1540
-1389
-1241
-1131
-994
-749
-422
-134
29
119
288
648
1176
1779
2380
2890
3152
3079
2880
3003
3638
4320
4293
3392
2385
2214
2912
3515
3132
1924
872
688
1157
1522
1286
567
-152
-459
-289
35
51
-404
-998
-1239
-1026
-761
-832
-1124
-1193
-879
-548
-640
-1106
-1439
-1266
-782
-539
-852
-1469
-1848
-1720
-1352
-1234
-1538
-1955
-2069
-1819
-1513
-1417
-1462
-1392
-1118
-803
-629
-566
-444
-181
114
276
248
133
89
184
322
324
101
-249
-542
-685
-746
-846
-1026
-1233
-1400
-1500
-1533
-1511
-1462
-1419
-1374
-1298
-1181
-1058
-945
-808
-604
-363
-144
46
263
537
852
1231
1771
2479
3103
3285
2988
2700
3007
3890
4578
4303
3189
2235
2289
3117
3645
3116
1864
884
755
1153
1357
1010
353
-154
-268
-120
-52
-309
-785
-1105
-1027
-749
-698
-994
-1266
-1111
-641
-382
-633
-1091
-1222
-899
-520
-518
-907
-1346
-1560
-1560
-1518
-1536
-1593
-1629
-1627
-1598
-1548
-1438
-1216
-898
-614
-517
-609
-677
-486
-53
338
419
209
-16
-21
166
319
255
-4
-300
-513
-645
-766
-916
-1069
-1174
-1225
-1271
-1369
-1507
-1587
-1521
-1330
-1153
-1097
-1121
-1056
-793
-397
-66
72
80
145
399
831
1355
1919
2483
2906
2985
2720
2482
2739
3489
4091
3871
2919
2097
2129
2804
3212
2751
1710
876
695
947
1117
922
471
48
-175
-242
-323
-520
-742
-809
-694
-623
-836
-1235
-1404
-1069
-477
-199
-526
-1143
-1465
-1236
-759
-550
-849
-1434
-1853
-1813
-1418
-1058
-1063
-1408
-1753
-1782
-1483
-1104
-866
-775
-716
-632
-555
-486
-341
-54
291
502
450
211
7
15
198
333
208
-170
-579
-781
-745
-646
-666
-837
-1072
-1289
-1453
-1529
-1472
-1299
-1113
-1034
-1060
-1061
-902
-597
-295
-141
-124
-91
101
455
879
1309
1771
2282
2721
2890
2749
2574
2748
3325
3848
3742
2949
2086
1866
2355
2888
2773
1980
1098
680
759
961
943
644
223
-115
-265
-288
-344
-518
-725
-839
-887
-999
-1171
-1188
-900
-497
-380
-697
-1128
-1228
-941
-663
-764
-1159
-1446
-1416
-1280
-1362
-1654
-1820
-1628
-1264
-1117
-1304
-1514
-1369
-857
-355
-228
-466
-720
-662
-275
159
334
176
-104
-225
-95
97
103
-123
-394
-532
-564
-655
-871
-1107
-1230
-1233
-1210
-1223
-1235
-1172
-1033
-896
-846
-874
-880
-767
-555
-366
-294
-274
-142
177
569
880
1122
1483
2073
2712
3038
2889
2530
2455
2882
3465
3599
3038
2203
1794
2080
2614
2695
2083
1213
720
803
1096
1099
680
146
-131
-96
-33
-222
-620
-920
-911
-733
-710
-942
-1164
-1065
-683
-384
-444
-750
-974
-954
-817
-768
-868
-1044
-1226
-1394
-1520
-1538
-1414
-1214
-1082
-1112
-1250
-1314
-1148
-783
-441
-343
-491
-651
-578
-257
93
235
136
-31
-81
14
115
80
-103
-320
-482
-610
-777
-988
-1150
-1190
-1145
-1137
-1231
-1360
-1384
-1244
-1015
-833
-744
-676
-538
-331
-138
-19
67
204
414
620
768
940
1320
1961
2633
2957
2776
2380
2278
2689
3274
3445
2961
2201
1782
1933
2278
2272
1779
1166
853
893
990
873
543
208
42
25
-18
-237
-595
-886
-940
-814
-736
-838
-1007
-1026
-846
-643
-605
-727
-862
-923
-952
-1003
-1045
-1030
-1017
-1130
-1392
-1630
-1629
-1369
-1075
-986
-1105
-1205
-1093
-806
-552
-473
-532
-580
-517
-347
-149
-8
35
15
6
41
50
-50
-233
-366
-375
-360
-487
-773
-1046
-1145
-1100
-1080
-1176
-1302
-1309
-1150
-905
-686
-546
-476
-424
-348
-226
-69
121
352
621
883
1095
1295
1598
2057
2549
2828
2764
2517
2430
2691
3099
3232
2863
2224
1800
1835
2096
2144
1807
1321
1010
934
895
719
443
223
124
53
-128
-457
-819
-1042
-1047
-918
-828
-872
-984
-1033
-962
-828
-723
-703
-789
-964
-1133
-1164
-1038
-919
-1014
-1332
-1643
-1719
-1567
-1380
-1294
-1248
-1121
-909
-733
-679
-698
-686
-605
-503
-434
-393
-355
-311
-274
-243
-206
-174
-191
-277
-391
-457
-453
-449
-551
-782
-1042
-1185
-1154
-1033
-952
-964
-1004
-985
-894
-782
-676
-548
-375
-201
-81
-5
116
339
618
854
1031
1251
1627
2127
2560
2729
2623
2442
2434
2661
2935
2982
2703
2275
1993
1983
2092
2067
1818
1475
1208
1051
916
733
511
302
145
32
-101
-339
-688
-1025
-1172
-1067
-837
-694
-750
-944
-1115
-1130
-974
-762
-666
-774
-988
-1105
-1030
-901
-940
-1184
-1418
-1420
-1223
-1062
-1089
-1199
-1184
-981
-729
-589
-595
-655
-663
-570
-405
-254
-204
-266
-348
-332
-201
-69
-66
-197
-336
-367
-314
-309
-443
-655
-795
-780
-676
-619
-667
-751
-767
-688
-573
-491
-453
-418
-344
-235
-124
-33
57
180
340
502
640
769
933
1151
1395
1601
1712
1718
1686
1720
1875
2082
2200
2145
1971
1818
1779
1823
1844
1775
1642
1523
1460
1412
1286
1032
704
427
283
223
115
-121
-418
-627
-668
-608
-597
-718
-908
-1016
-945
-749
-590
-594
-739
-877
-891
-804
-745
-804
-942
-1042
-1035
-971
-956
-1037
-1150
-1193
-1137
-1062
-1068
-1162
-1250
-1239
-1129
-1000
-926
-909
-900
-851
-751
-631
-547
-539
-586
-613
-573
-505
-490
-538
-564
-502
-413
-418
-537
-646
-624
-491
-372
-336
-340
-315
-252
-189
-131
-55
54
179
307
446
604
781
992
1260
1569
1841
1994
2042
2097
2252
2478
2640
2637
2507
2388
2388
2470
2489
2337
2061
1827
1754
1785
1732
1465
1044
662
451
357
214
-84
-475
-801
-959
-983
-995
-1087
-1247
-1377
-1387
-1279
-1158
-1145
-1253
-1360
-1335
-1191
-1080
-1121
-1258
-1327
-1246
-1107
-1066
-1167
-1283
-1258
-1072
-877
-839
-965
-1097
-1089
-945
-798
-741
-749
-733
-653
-548
-484
-481
-504
-501
-450
-372
-313
-311
-365
-434
-466
-441
-388
-363
-387
-433
-457
-447
-427
-427
-439
-433
-385
-301
-192
-68
71
219
367
512
672
870
1117
1383
1605
1734
1795
1882
2066
2304
2458
2440
2323
2278
2379
2505
2468
2229
1954
1842
1904
1943
1759
1359
952
726
664
574
304
-103
-460
-626
-628
-621
-738
-976
-1201
-1282
-1215
-1122
-1117
-1194
-1250
-1205
-1092
-1019
-1056
-1169
-1257
-1257
-1201
-1173
-1211
-1263
-1254
-1169
-1065
-1009
-1017
-1051
-1060
-1021
-943
-838
-722
-619
-564
-565
-578
-527
-400
-268
-217
-253
-299
-293
-252
-234
-260
-292
-295
-288
-321
-400
-471
-479
-439
-421
-463
-521
-518
-430
-306
-210
-148
-67
82
294
520
723
920
1145
1397
1614
1741
1795
1868
2032
2249
2402
2411
2332
2308
2412
2550
2546
2320
1998
1789
1778
1829
1725
1392
972
677
567
502
298
-76
-462
-678
-698
-669
-750
-959
-1165
-1240
-1187
-1127
-1172
-1311
-1430
-1415
-1268
-1115
-1085
-1181
-1275
-1245
-1109
-1003
-1029
-1149
-1233
-1205
-1115
-1070
-1101
-1134
-1087
-971
-881
-871
-886
-835
-699
-560
-498
-506
-507
-456
-375
-318
-295
-275
-232
-187
-181
-229
-300
-345
-345
-330
-345
-404
-475
-512
-498
-447
-387
-339
-306
-270
-206
-93
63
239
413
588
789
1038
1323
1590
1773
1861
1920
2048
2269
2489
2584
2529
2427
2397
2441
2451
2329
2096
1877
1780
1780
1731
1495
1085
677
439
368
290
55
-305
-606
-717
-696
-719
-889
-1121
-1237
-1161
-1006
-961
-1095
-1287
-1350
-1235
-1075
-1038
-1143
-1253
-1230
-1091
-982
-1015
-1145
-1232
-1197
-1107
-1079
-1131
-1166
-1104
-983
-915
-948
-1015
-1008
-894
-743
-650
-639
-640
-571
-441
-339
-329
-373
-386
-331
-261
-241
-286
-353
-393
-395
-386
-399
-434
-456
-434
-387
-360
-373
-389
-356
-254
-110
44
192
336
480
644
853
1116
1388
1599
1716
1791
1909
2109
2334
2480
2487
2401
2329
2338
2390
2385
2258
2052
1877
1794
1737
1573
1238
827
511
356
253
41
-305
-633
-785
-769
-751
-876
-1104
-1259
-1223
-1063
-968
-1048
-1232
-1340
-1269
-1086
-959
-988
-1112
-1184
-1121
-989
-926
-989
-1092
-1107
-1010
-912
-928
-1041
-1119
-1067
-930
-839
-856
-901
-855
-694
-516
-428
-440
-472
-449
-373
-301
-286
-321
-351
-330
-279
-269
-343
-460
-531
-508
-432
-386
-409
-459
-461
-391
-308
-279
-294
-276
-168
-3
152
272
395
565
787
1037
1291
1519
1688
1791
1876
2020
2240
2453
2544
2481
2357
2304
2357
2420
2356
2128
1848
1665
1615
1584
1429
1123
781
531
387
243
2
-310
-572
-698
-729
-782
-915
-1064
-1123
-1072
-1002
-1017
-1121
-1223
-1240
-1187
-1151
-1198
-1302
-1375
-1360
-1288
-1247
-1284
-1351
-1350
-1250
-1125
-1088
-1160
-1243
-1221
-1087
-950
-907
-934
-928
-834
-712
-647
-646
-629
-538
-400
-292
-249
-242
-223
-181
-151
-169
-237
-313
-342
-314
-268
-256
-283
-307
-296
-256
-219
-192
-158
-92
1
107
215
326
436
541
651
800
1012
1267
1502
1659
1736
1798
1918
2112
2316
2430
2407
2302
2222
2233
2288
2272
2116
1877
1680
1597
1571
1465
1205
847
528
328
203
45
-196
-459
-636
-685
-676
-714
-831
-953
-992
-945
-901
-942
-1058
-1161
-1182
-1137
-1102
-1138
-1234
-1321
-1336
-1273
-1184
-1138
-1156
-1197
-1200
-1150
-1090
-1072
-1093
-1102
-1063
-996
-947
-925
-895
-823
-717
-615
-543
-492
-440
-376
-316
-291
-310
-335
-325
-285
-273
-323
-396
-423
-381
-321
-300
-327
-357
-338
-263
-170
-103
-72
-45
15
109
218
332
462
614
770
913
1064
1258
1491
1694
1804
1841
1900
2044
2222
2315
2259
2115
2004
1993
2039
2045
1940
1741
1536
1405
1339
1235
1002
663
351
169
83
-35
-255
-511
-675
-709
-700
-760
-903
-1031
-1043
-942
-830
-818
-922
-1058
-1122
-1091
-1040
-1060
-1164
-1270
-1283
-1197
-1097
-1072
-1133
-1208
-1222
-1162
-1073
-1013
-1001
-1014
-1014
-971
-883
-772
-668
-589
-533
-476
-400
-303
-208
-145
-127
-131
-122
-90
-66
-82
-129
-165
-166
-158
-171
-203
-223
-210
-175
-142
-124
-120
-114
-92
-45
23
102
183
271
369
475
588
722
896
1109
1330
1516
1642
1718
1773
1841
1938
2044
2112
2106
2044
1993
2000
2029
1987
1824
1593
1401
1297
1231
1107
875
573
288
84
-52
-188
-367
-562
-701
-754
-764
-803
-895
-992
-1036
-1021
-995
-1006
-1056
-1107
-1132
-1141
-1165
-1215
-1272
-1303
-1299
-1279
-1279
-1310
-1344
-1341
-1298
-1253
-1244
-1259
-1241
-1155
-1030
-924
-860
-808
-738
-651
-567
-490
-408
-315
-222
-142
-84
-51
-40
-39
-40
-37
-32
-21
-13
-25
-63
-107
-125
-110
-84
-71
-73
-69
-38
21
92
151
193
228
286
379
499
619
723
819
935
1087
1261
1422
1542
1623
1693
1779
1882
1969
2003
1976
1919
1876
1855
1825
1744
1612
1471
1366
1293
1201
1044
825
595
404
256
111
-65
-258
-419
-508
-539
-574
-667
-812
-945
-995
-959
-907
-925
-1034
-1170
-1242
-1222
-1176
-1196
-1311
-1443
-1492
-1435
-1351
-1334
-1388
-1435
-1399
-1295
-1201
-1172
-1190
-1186
-1110
-972
-827
-732
-696
-678
-619
-497
-350
-236
-179
-146
-82
24
132
193
195
168
143
128
113
97
89
86
69
28
-25
-58
-58
-38
-27
-32
-39
-17
39
112
174
223
280
366
470
572
663
764
896
1054
1205
1317
1382
1423
1479
1576
1700
1795
1807
1741
1661
1634
1661
1676
1608
1451
1272
1144
1080
1017
879
661
437
287
217
156
34
-149
-327
-448
-510
-554
-612
-683
-747
-795
-841
-911
-1009
-1117
-1201
-1247
-1271
-1306
-1368
-1445
-1510
-1542
-1539
-1512
-1480
-1456
-1446
-1439
-1411
-1342
-1241
-1140
-1074
-1035
-970
-837
-652
-482
-383
-338
-281
-172
-37
66
117
148
199
266
305
291
247
221
234
256
249
213
185
189
213
226
209
172
134
124
157
217
257
247
208
200
249
323
366
373
386
450
563
692
810
915
1012
1103
1191
1285
1386
1482
1558
1611
1650
1681
1691
1667
1611
1544
1477
1395
1279
1138
1003
882
744
560
341
133
-31
-166
-299
-438
-570
-688
-800
-910
-1008
-1085
-1153
-1235
-1325
-1397
-1430
-1442
-1471
-1529
-1586
-1604
-1577
-1529
-1491
-1470
-1451
-1415
-1355
-1282
-1208
-1136
-1053
-952
-844
-742
-648
-549
-435
-314
-196
-89
4
86
159
225
280
319
342
358
372
381
379
368
361
362
357
330
287
255
251
263
262
237
203
175
154
134
121
124
141
163
184
199
199
177
145
131
152
189
213
225
249
307
389
469
532
586
641
706
788
882
972
1037
1075
1104
1141
1182
1203
1185
1141
1099
1079
1066
1027
940
815
682
566
471
386
285
150
-18
-190
-336
-448
-551
-675
-820
-951
-1037
-1083
-1123
-1180
-1243
-1289
-1315
-1341
-1382
-1424
-1442
-1435
-1431
-1448
-1464
-1434
-1348
-1238
-1143
-1061
-962
-834
-698
-580
-475
-356
-216
-74
39
112
156
192
234
287
340
377
390
391
396
413
432
435
412
370
323
285
254
222
189
167
168
184
193
181
153
128
114
106
94
75
63
71
98
119
116
96
80
86
109
143
187
244
309
368
412
446
484
535
601
677
751
809
849
875
898
917
925
917
896
869
834
786
722
646
564
479
389
290
187
96
28
-25
-87
-180
-298
-407
-479
-516
-550
-614
-702
-778
-813
-813
-811
-830
-859
-873
-866
-858
-873
-909
-937
-931
-885
-818
-755
-709
-680
-651
-606
-541
-471
-414
-372
-323
-251
-165
-99
-77
-83
-75
-20
69
150
185
175
147
124
108
97
100
125
158
167
141
99
66
42
11
-21
-21
28
88
102
61
19
33
98
155
170
160
170
211
254
274
272
268
272
282
292
294
287
270
265
302
394
510
592
600
557
528
557
627
681
679
634
590
569
554
514
443
373
346
366
389
362
272
160
78
43
25
-11
-69
-121
-147
-163
-202
-276
-354
-390
-359
-289
-241
-264
-356
-467
-536
-544
-519
-505
-522
-560
-597
-620
-630
-631
-624
-605
-569
-523
-480
-455
-449
-448
-441
-429
-412
-384
-333
-266
-210
-192
-209
-231
-230
-202
-167
-145
-134
-124
-101
-60
-5
54
103
130
136
137
155
201
261
312
336
325
284
225
167
133
137
174
222
256
269
271
270
270
269
274
291
310
307
267
210
174
173
190
200
206
222
249
260
242
221
235
288
339
346
310
268
261
288
318
310
254
170
103
88
121
166
188
184
180
191
206
200
168
140
147
184
203
158
57
-44
-93
-94
-87
-99
-117
-123
-129
-172
-257
-344
-385
-380
-361
-358
-369
-381
-401
-441
-491
-516
-493
-437
-390
-381
-406
-438
-457
-453
-429
-395
-370
-366
-376
-374
-344
-292
-236
-183
-136
-105
-105
-129
-150
-141
-105
-61
-21
22
64
84
65
30
28
88
179
246
264
259
262
269
245
179
110
92
132
180
177
113
35
-6
10
61
111
143
158
169
177
174
154
131
124
147
198
265
327
356
332
268
213
219
291
381
428
416
375
342
323
304
287
295
337
391
412
378
306
231
177
156
167
201
235
238
198
128
54
-5
-52
-91
-117
-126
-127
-143
-191
-265
-337
-374
-364
-323
-283
-270
-294
-339
-384
-418
-436
-432
-402
-355
-325
-337
-380
-410
-397
-351
-309
-290
-290
-294
-294
-281
-245
-189
-141
-131
-153
-174
-163
-127
-93
-71
-52
-32
-16
-8
3
28
54
56
35
21
45
100
150
160
123
59
-2
-22
19
108
197
234
200
122
44
4
16
68
129
163
146
92
42
27
51
101
166
233
273
251
173
94
69
101
143
157
148
146
157
164
154
138
134
149
177
208
240
267
284
289
281
255
212
170
151
160
173
155
98
27
-17
-24
-16
-25
-57
-87
-88
-64
-54
-94
-167
-215
-192
-124
-87
-129
-227
-309
-330
-301
-259
-237
-241
-257
-256
-217
-159
-127
-149
-189
-176
-95
-18
-33
-142
-249
-250
-144
-24
17
-20
-56
-21
66
126
110
55
40
96
165
168
90
-10
-71
-80
-67
-48
-15
33
65
55
16
-8
9
50
86
105
116
121
102
48
-26
-90
-121
-110
-67
-11
26
26
-4
-32
-30
0
32
47
57
83
126
145
103
6
-81
-92
-14
102
192
229
226
201
153
84
16
-13
21
103
178
190
125
25
-34
-13
62
123
124
79
32
0
-34
-86
-137
-158
-142
-117
-112
-125
-132
-121
-102
-89
-82
-66
-34
-2
0
-46
-127
-198
-221
-195
-150
-115
-85
-46
-3
17
7
-9
3
48
94
111
98
74
49
24
5
6
34
72
92
82
51
21
5
10
41
91
133
139
99
38
-14
-41
-49
-45
-29
-4
12
-2
-46
-89
-102
-82
-51
-28
-11
12
38
48
30
-12
-59
-93
-103
-84
-45
-6
5
-20
-60
-75
-47
8
58
88
105
115
101
49
-23
-68
-51
16
85
116
111
94
81
69
53
38
39
57
76
70
32
-24
-72
-90
-75
-42
-17
-14
-34
-58
-72
-71
-61
-50
-43
-46
-64
-91
-116
-128
-124
-113
-98
-81
-61
-43
