-78
1
67
27
-77
-117
-34
76
80
-32
-123
-84
28
62
-38
-156
-146
-25
47
-30
-164
-185
-63
51
9
-143
-223
-135
10
29
-108
-241
-211
-55
39
-44
-205
-250
-120
34
26
-139
-266
-197
-4
83
-47
-244
-267
-73
123
107
-79
-186
-66
150
212
61
-105
-81
96
202
109
-62
-100
29
157
134
15
-34
54
175
201
130
67
90
158
176
110
28
23
103
182
175
93
34
74
177
229
168
63
45
153
275
270
139
30
59
171
210
114
-11
-31
64
154
138
48
-7
30
103
123
69
5
-4
33
54
17
-55
-102
-97
-71
-71
-106
-137
-128
-94
-92
-155
-239
-267
-218
-163
-190
-292
-368
-340
-249
-215
-290
-397
-417
-331
-241
-247
-333
-394
-362
-273
-221
-244
-289
-274
-185
-93
-77
-136
-183
-142
-36
31
-4
-82
-91
0
94
87
3
-26
70
215
272
214
153
190
293
337
278
205
224
315
358
293
199
192
277
346
317
235
206
263
337
343
278
218
226
287
329
306
246
217
255
319
331
267
192
191
266
321
276
173
132
197
273
239
111
31
84
187
186
54
-70
-53
55
88
-28
-177
-205
-117
-68
-160
-317
-386
-335
-283
-339
-469
-544
-503
-424
-420
-510
-603
-609
-544
-499
-543
-641
-698
-659
-565
-517
-562
-634
-624
-512
-401
-399
-484
-513
-400
-230
-164
-232
-297
-219
-43
63
20
-59
-18
148
290
296
218
200
301
432
472
407
339
364
466
537
510
429
396
453
539
564
507
439
434
494
544
527
466
436
467
507
492
435
409
453
518
523
467
431
476
554
567
493
419
437
527
579
529
442
427
506
580
548
429
342
363
437
439
324
176
110
133
146
66
-73
-161
-154
-130
-191
-338
-462
-486
-456
-483
-606
-744
-800
-781
-787
-883
-1016
-1084
-1059
-1026
-1070
-1175
-1233
-1181
-1087
-1071
-1158
-1236
-1186
-1032
-912
-915
-959
-902
-719
-542
-501
-557
-552
-397
-183
-65
-79
-102
-4
199
365
403
371
400
526
653
680
627
607
681
778
789
702
620
640
735
786
720
592
527
574
641
599
441
310
334
467
531
423
252
211
346
498
497
367
290
376
541
624
589
550
613
746
844
864
870
925
1018
1087
1106
1106
1127
1169
1204
1208
1180
1135
1091
1052
1006
928
820
714
642
580
468
288
99
-29
-114
-245
-463
-689
-821
-870
-956
-1153
-1381
-1498
-1490
-1493
-1624
-1826
-1935
-1896
-1835
-1900
-2067
-2155
-2056
-1867
-1771
-1820
-1876
-1789
-1573
-1380
-1315
-1323
-1267
-1086
-850
-676
-600
-550
-424
-203
29
172
223
283
439
652
799
821
806
875
1027
1134
1106
1014
1005
1105
1179
1107
948
870
934
1009
931
720
561
576
669
638
423
180
98
172
218
96
-121
-237
-160
-14
18
-100
-214
-165
32
202
222
162
205
426
701
847
851
876
1067
1358
1552
1571
1555
1681
1930
2100
2069
1952
1954
2102
2208
2114
1890
1741
1736
1738
1592
1320
1069
917
789
567
226
-140
-420
-589
-728
-954
-1299
-1657
-1882
-1950
-2005
-2202
-2507
-2723
-2720
-2608
-2611
-2790
-2961
-2933
-2743
-2610
-2641
-2705
-2605
-2339
-2086
-1967
-1900
-1731
-1448
-1188
-1040
-932
-738
-445
-168
4
108
249
475
729
919
1009
1046
1113
1249
1412
1520
1522
1453
1407
1435
1487
1457
1321
1172
1117
1133
1097
945
755
627
556
458
317
211
181
156
33
-175
-338
-366
-317
-317
-414
-520
-535
-459
-390
-396
-448
-462
-391
-255
-116
-9
79
207
419
689
932
1101
1245
1465
1783
2112
2337
2450
2552
2741
2994
3189
3240
3186
3135
3134
3129
3035
2844
2609
2367
2111
1832
1543
1256
937
538
67
-390
-754
-1033
-1318
-1678
-2090
-2458
-2715
-2886
-3060
-3290
-3527
-3665
-3649
-3544
-3477
-3505
-3559
-3521
-3363
-3179
-3073
-3026
-2912
-2649
-2309
-2047
-1922
-1824
-1600
-1248
-912
-705
-563
-329
32
375
562
648
805
1090
1361
1472
1479
1566
1785
1968
1943
1763
1645
1705
1831
1826
1628
1369
1216
1201
1193
1046
761
501
415
460
432
199
-131
-323
-293
-212
-310
-598
-849
-865
-698
-591
-688
-881
-945
-813
-642
-608
-674
-652
-464
-251
-168
-154
11
405
837
1057
1083
1215
1688
2348
2774
2748
2553
2690
3296
3939
4078
3672
3235
3270
3718
4033
3776
3085
2522
2486
2805
2933
2507
1698
995
705
672
503
-6
-678
-1171
-1341
-1362
-1512
-1902
-2396
-2784
-2967
-3005
-3028
-3133
-3347
-3612
-3817
-3869
-3788
-3713
-3770
-3921
-3968
-3754
-3347
-2990
-2853
-2852
-2751
-2425
-1985
-1637
-1451
-1312
-1070
-703
-314
-7
216
411
613
810
995
1201
1444
1659
1757
1735
1704
1755
1842
1831
1670
1454
1317
1286
1257
1115
864
622
494
460
406
250
33
-137
-203
-205
-243
-386
-606
-791
-838
-760
-680
-700
-779
-781
-662
-530
-509
-554
-503
-293
-60
34
14
67
283
555
727
811
963
1274
1666
2033
2377
2752
3092
3250
3218
3240
3548
4036
4308
4129
3732
3584
3854
4194
4104
3474
2720
2368
2523
2749
2496
1662
731
292
421
559
103
-913
-1806
-1965
-1530
-1257
-1687
-2564
-3148
-3042
-2599
-2479
-2892
-3406
-3488
-3110
-2746
-2806
-3206
-3527
-3499
-3248
-3078
-3108
-3167
-3023
-2655
-2272
-2078
-2043
-1947
-1645
-1244
-971
-884
-787
-467
16
365
396
278
363
770
1224
1362
1166
1010
1222
1674
1888
1594
1055
767
876
1033
862
436
157
229
413
338
-38
-411
-518
-429
-407
-568
-761
-796
-677
-587
-656
-825
-927
-875
-726
-604
-565
-544
-423
-173
92
212
169
124
258
546
789
846
822
943
1286
1677
1900
1960
2087
2468
3035
3512
3673
3524
3309
3320
3681
4205
4501
4320
3845
3559
3739
4106
4077
3406
2484
1950
2027
2303
2168
1427
461
-184
-325
-270
-463
-1039
-1710
-2081
-2045
-1855
-1846
-2104
-2440
-2641
-2680
-2683
-2748
-2854
-2928
-2934
-2875
-2756
-2594
-2464
-2467
-2613
-2762
-2726
-2455
-2109
-1913
-1929
-1990
-1871
-1528
-1147
-956
-991
-1057
-908
-482
34
367
406
307
341
605
914
988
769
503
485
736
976
929
621
325
243
288
235
4
-260
-392
-407
-437
-538
-642
-684
-712
-818
-985
-1068
-947
-687
-503
-544
-723
-798
-640
-386
-280
-393
-511
-371
48
470
608
469
367
600
1138
1653
1863
1810
1785
1985
2308
2485
2406
2251
2335
2805
3527
4188
4502
4353
3843
3272
2972
3044
3241
3209
2894
2632
2745
3104
3202
2678
1706
827
438
472
538
313
-184
-650
-805
-668
-533
-664
-1019
-1323
-1407
-1400
-1538
-1858
-2160
-2283
-2293
-2363
-2522
-2619
-2542
-2395
-2374
-2491
-2513
-2223
-1714
-1330
-1302
-1499
-1598
-1459
-1259
-1237
-1381
-1416
-1117
-562
-73
108
26
-82
-49
88
175
130
-5
-126
-169
-154
-168
-272
-435
-556
-563
-477
-377
-325
-340
-406
-486
-537
-563
-629
-794
-1029
-1226
-1297
-1251
-1161
-1088
-1056
-1056
-1049
-957
-731
-415
-129
61
209
409
651
834
905
944
1058
1241
1403
1529
1704
1983
2258
2365
2284
2183
2213
2342
2403
2299
2079
1867
1770
1843
2073
2396
2809
3455
4446
5511
5985
5363
3908
2493
1746
1483
1112
478
34
147
478
294
-714
-2089
-3087
-3327
-2946
-2284
-1592
-992
-552
-291
-168
-98
-1
158
328
367
123
-413
-1075
-1664
-2106
-2422
-2564
-2415
-1974
-1474
-1207
-1220
-1271
-1100
-709
-327
-144
-140
-173
-182
-264
-550
-1020
-1467
-1640
-1471
-1123
-828
-673
-590
-518
-496
-560
-636
-625
-582
-680
-976
-1302
-1461
-1458
-1456
-1527
-1559
-1415
-1111
-798
-626
-643
-795
-961
-1020
-944
-831
-814
-892
-911
-748
-478
-296
-264
-200
119
692
1271
1601
1635
1503
1333
1169
1024
960
1066
1364
1748
2036
2107
2014
1941
2022
2184
2224
2042
1781
1652
1698
1746
1642
1437
1305
1335
1459
1585
1747
2109
2845
3961
5156
5869
5591
4283
2502
1007
182
-158
-378
-567
-525
-182
152
29
-674
-1617
-2298
-2420
-2006
-1270
-478
136
473
622
783
1062
1329
1321
875
67
-843
-1595
-2072
-2330
-2479
-2517
-2320
-1828
-1231
-848
-808
-912
-870
-612
-313
-174
-269
-571
-1005
-1447
-1784
-2007
-2219
-2452
-2552
-2327
-1810
-1275
-971
-891
-863
-774
-642
-531
-486
-557
-779
-1089
-1328
-1382
-1303
-1225
-1206
-1188
-1106
-969
-825
-701
-617
-610
-682
-746
-699
-567
-501
-594
-725
-659
-295
206
600
813
985
1244
1501
1529
1253
889
761
979
1355
1629
1740
1803
1891
1896
1696
1381
1248
1488
1951
2247
2146
1764
1416
1284
1300
1294
1214
1173
1314
1664
2133
2658
3351
4404
5726
6694
6474
4838
2583
908
294
162
-260
-959
-1243
-741
38
235
-424
-1407
-2003
-1966
-1535
-1012
-485
57
554
893
1075
1207
1310
1225
747
-140
-1193
-2061
-2542
-2703
-2773
-2850
-2768
-2295
-1502
-803
-561
-692
-773
-530
-147
-46
-426
-1072
-1598
-1822
-1906
-2123
-2539
-2890
-2834
-2302
-1613
-1151
-1002
-925
-717
-460
-384
-542
-758
-870
-929
-1079
-1326
-1494
-1441
-1235
-1088
-1100
-1147
-1026
-724
-457
-429
-601
-733
-666
-499
-481
-711
-989
-997
-637
-132
241
479
820
1372
1866
1907
1427
799
460
519
757
969
1157
1403
1651
1729
1580
1378
1368
1624
1980
2224
2281
2227
2097
1828
1350
775
363
289
477
720
944
1263
1789
2489
3301
4275
5398
6290
6297
5083
3104
1313
331
4
-230
-634
-978
-947
-605
-360
-542
-1109
-1705
-1954
-1683
-1003
-240
294
548
780
1257
1879
2179
1743
627
-692
-1736
-2363
-2710
-2917
-2965
-2756
-2277
-1674
-1147
-817
-665
-605
-568
-523
-446
-347
-351
-648
-1270
-1956
-2374
-2485
-2547
-2728
-2818
-2496
-1772
-1039
-653
-610
-638
-554
-422
-420
-621
-920
-1148
-1224
-1194
-1160
-1175
-1217
-1232
-1188
-1094
-974
-841
-705
-611
-615
-709
-784
-733
-591
-530
-642
-785
-700
-302
213
586
780
967
1250
1471
1385
982
571
473
702
981
1076
1056
1168
1505
1873
2000
1867
1727
1822
2100
2279
2136
1741
1334
1091
994
929
821
694
660
836
1235
1732
2231
2878
3945
5355
6412
6240
4645
2424
681
-141
-454
-805
-1206
-1253
-793
-210
-34
-424
-1105
-1697
-1965
-1815
-1251
-424
369
898
1185
1434
1742
1913
1600
630
-781
-2135
-2984
-3230
-3123
-2949
-2723
-2257
-1501
-750
-387
-471
-666
-621
-328
-62
-45
-295
-740
-1342
-2039
-2665
-3038
-3125
-3023
-2791
-2372
-1737
-1033
-522
-354
-456
-618
-678
-636
-622
-774
-1095
-1429
-1597
-1562
-1449
-1372
-1313
-1175
-947
-739
-637
-591
-505
-408
-435
-646
-898
-990
-891
-755
-698
-621
-311
289
954
1348
1320
1043
840
864
964
887
624
463
683
1223
1723
1882
1727
1522
1479
1594
1735
1808
1816
1769
1634
1363
1016
748
682
774
849
772
601
573
898
1581
2492
3596
4972
6452
7334
6785
4704
2067
154
-588
-775
-1179
-1790
-1965
-1340
-377
99
-252
-1043
-1672
-1866
-1684
-1205
-450
458
1245
1738
2014
2199
2174
1623
405
-1192
-2586
-3318
-3330
-2941
-2541
-2289
-2037
-1583
-956
-449
-327
-547
-785
-748
-457
-215
-334
-877
-1628
-2287
-2685
-2865
-2939
-2910
-2659
-2122
-1427
-816
-426
-228
-164
-254
-502
-772
-905
-946
-1109
-1461
-1750
-1678
-1288
-955
-956
-1171
-1262
-1075
-764
-565
-533
-544
-482
-356
-277
-350
-586
-867
-1001
-844
-413
139
647
1020
1212
1189
970
691
521
512
565
597
665
887
1239
1529
1599
1503
1445
1553
1749
1859
1776
1560
1335
1186
1083
955
799
702
726
797
790
736
868
1427
2460
3833
5342
6662
7268
6647
4786
2386
398
-714
-1208
-1557
-1863
-1836
-1279
-430
174
112
-620
-1602
-2229
-2096
-1274
-228
599
1140
1604
2092
2387
2162
1317
52
-1296
-2437
-3177
-3449
-3336
-3014
-2601
-2103
-1500
-887
-444
-297
-399
-563
-606
-480
-324
-384
-843
-1634
-2439
-2931
-3048
-3000
-2955
-2817
-2363
-1601
-843
-408
-314
-347
-338
-299
-329
-486
-765
-1113
-1418
-1551
-1471
-1288
-1183
-1248
-1399
-1455
-1304
-999
-696
-516
-475
-521
-593
-657
-722
-833
-1003
-1127
-1020
-590
24
554
847
976
1075
1134
1033
755
470
374
509
777
1086
1399
1681
1866
1906
1830
1724
1664
1648
1610
1483
1298
1148
1106
1145
1173
1097
870
547
316
415
958
1867
3037
4469
6087
7409
7621
6237
3702
1150
-518
-1285
-1693
-2056
-2140
-1630
-670
151
313
-211
-1030
-1678
-1891
-1628
-990
-184
546
1056
1406
1726
1962
1843
1123
-149
-1623
-2821
-3388
-3292
-2859
-2493
-2307
-2074
-1607
-1024
-612
-479
-502
-523
-471
-338
-202
-275
-767
-1617
-2466
-2971
-3132
-3177
-3203
-3014
-2417
-1543
-786
-422
-385
-416
-379
-334
-399
-614
-939
-1291
-1559
-1645
-1567
-1469
-1494
-1617
-1667
-1503
-1158
-797
-567
-521
-608
-721
-760
-718
-688
-755
-869
-879
-705
-405
-58
346
814
1213
1335
1144
858
719
751
795
783
854
1153
1578
1828
1713
1366
1103
1112
1307
1485
1536
1526
1545
1602
1625
1557
1368
1035
583
168
51
385
1092
2010
3133
4583
6207
7320
7076
5238
2547
198
-1112
-1576
-1790
-1992
-1910
-1280
-338
291
152
-676
-1676
-2290
-2221
-1515
-482
499
1182
1554
1711
1676
1385
811
31
-848
-1721
-2428
-2767
-2685
-2398
-2214
-2199
-2139
-1832
-1366
-988
-807
-694
-486
-191
29
-1
-373
-1041
-1812
-2422
-2743
-2860
-2913
-2862
-2533
-1875
-1120
-590
-403
-410
-408
-333
-273
-331
-545
-873
-1222
-1491
-1645
-1723
-1784
-1822
-1786
-1633
-1375
-1041
-695
-460
-480
-760
-1082
-1165
-935
-608
-458
-518
-577
-428
-80
290
525
594
554
502
546
729
963
1074
986
815
763
910
1152
1329
1366
1312
1278
1368
1609
1892
2027
1871
1483
1082
891
943
1075
1075
870
589
452
604
1043
1720
2678
4007
5586
6885
7161
6012
3794
1442
-230
-1099
-1598
-2059
-2299
-1934
-998
-60
285
-74
-801
-1467
-1774
-1563
-852
77
816
1155
1224
1268
1320
1194
732
-32
-931
-1757
-2309
-2477
-2369
-2263
-2329
-2427
-2282
-1806
-1200
-730
-505
-454
-444
-381
-279
-280
-556
-1124
-1794
-2336
-2694
-2932
-3040
-2882
-2415
-1808
-1291
-923
-628
-396
-317
-406
-547
-643
-765
-1040
-1425
-1698
-1720
-1607
-1589
-1702
-1738
-1517
-1141
-878
-853
-952
-1019
-1027
-1024
-1018
-984
-921
-809
-576
-187
244
532
623
641
700
764
729
605
524
577
696
749
721
747
948
1275
1544
1627
1581
1564
1654
1771
1772
1626
1417
1243
1099
950
825
803
884
935
844
695
734
1115
1750
2493
3415
4709
6201
7103
6568
4554
2002
8
-1087
-1689
-2196
-2492
-2234
-1410
-475
36
-99
-724
-1468
-1928
-1830
-1174
-269
499
967
1257
1506
1630
1446
937
262
-476
-1287
-2087
-2599
-2629
-2343
-2120
-2120
-2143
-1907
-1384
-798
-389
-230
-225
-219
-149
-131
-387
-1014
-1814
-2421
-2653
-2653
-2666
-2701
-2538
-2036
-1371
-867
-684
-694
-677
-554
-422
-419
-596
-884
-1166
-1377
-1544
-1714
-1858
-1863
-1677
-1407
-1219
-1149
-1085
-958
-857
-888
-980
-958
-811
-742
-868
-973
-708
-46
615
870
737
586
684
918
999
817
543
414
505
710
875
934
947
1031
1222
1427
1523
1520
1580
1797
2037
2030
1699
1259
1014
1013
1021
820
462
207
240
534
976
1549
2381
3606
5135
6511
7031
6220
4283
2054
351
-623
-1213
-1722
-2030
-1845
-1172
-424
-64
-260
-858
-1560
-2058
-2074
-1491
-492
500
1134
1355
1310
1121
847
586
424
252
-190
-972
-1789
-2267
-2381
-2428
-2581
-2674
-2446
-1883
-1195
-572
-97
148
80
-221
-515
-672
-848
-1275
-1908
-2432
-2607
-2515
-2371
-2236
-1999
-1611
-1194
-914
-806
-781
-729
-604
-455
-414
-602
-995
-1391
-1598
-1619
-1601
-1604
-1524
-1272
-949
-749
-735
-794
-819
-846
-950
-1067
-1028
-754
-365
-67
28
-36
-127
-116
61
347
586
653
600
612
809
1095
1262
1220
1072
977
985
1038
1068
1071
1081
1140
1293
1571
1930
2203
2201
1868
1376
972
763
653
503
307
213
386
852
1475
2116
2842
3905
5347
6627
6842
5520
3193
1017
-218
-648
-929
-1404
-1803
-1702
-1112
-524
-435
-909
-1596
-2067
-2060
-1527
-604
398
1110
1319
1111
760
505
426
471
504
344
-133
-851
-1554
-2035
-2327
-2584
-2814
-2812
-2403
-1652
-818
-155
191
166
-164
-597
-921
-1093
-1257
-1533
-1867
-2100
-2171
-2148
-2111
-2044
-1895
-1668
-1423
-1191
-947
-663
-366
-135
-69
-228
-579
-971
-1245
-1369
-1450
-1568
-1632
-1487
-1155
-854
-765
-825
-849
-786
-752
-827
-902
-814
-553
-282
-147
-139
-161
-156
-123
-34
196
602
1072
1398
1459
1311
1112
968
872
770
666
627
735
1008
1376
1705
1869
1849
1755
1720
1764
1760
1584
1253
926
762
790
896
938
888
857
979
1297
1806
2590
3774
5209
6266
6155
4641
2392
501
-415
-600
-662
-853
-923
-625
-149
22
-389
-1218
-2037
-2460
-2286
-1516
-372
732
1394
1462
1086
562
156
43
272
676
879
540
-341
-1394
-2214
-2688
-2959
-3114
-3029
-2529
-1653
-689
16
275
114
-271
-649
-885
-1009
-1132
-1294
-1437
-1528
-1630
-1798
-1950
-1943
-1745
-1491
-1307
-1178
-1006
-756
-486
-274
-183
-293
-638
-1109
-1471
-1579
-1513
-1449
-1429
-1346
-1145
-936
-862
-921
-978
-946
-866
-814
-785
-715
-581
-432
-327
-282
-282
-295
-235
20
505
1055
1380
1325
1011
718
618
677
790
929
1116
1307
1398
1350
1253
1237
1341
1519
1714
1903
2039
2047
1884
1625
1398
1269
1172
988
707
479
484
764
1210
1742
2457
3527
4903
6110
6440
5473
3519
1501
261
-68
-24
-158
-521
-800
-830
-803
-1007
-1491
-2041
-2370
-2266
-1647
-641
385
1003
1042
698
319
150
285
733
1357
1780
1546
524
-901
-2129
-2833
-3097
-3129
-2958
-2490
-1748
-964
-432
-316
-572
-970
-1207
-1097
-739
-432
-386
-537
-724
-970
-1418
-2031
-2473
-2446
-2026
-1573
-1316
-1175
-971
-680
-421
-296
-330
-526
-858
-1209
-1433
-1496
-1492
-1478
-1372
-1102
-778
-617
-682
-809
-822
-741
-712
-785
-853
-809
-683
-577
-522
-461
-345
-166
102
513
1020
1416
1481
1237
942
833
902
984
995
1006
1105
1266
1384
1407
1377
1380
1472
1631
1753
1735
1559
1351
1244
1249
1248
1156
1015
936
960
1054
1194
1422
1837
2569
3705
5093
6212
6353
5181
3146
1246
259
155
310
223
-62
-231
-224
-344
-861
-1674
-2385
-2650
-2363
-1603
-568
417
977
924
435
-76
-267
-19
612
1419
2002
1901
956
-474
-1768
-2533
-2806
-2785
-2543
-2050
-1404
-869
-680
-869
-1257
-1564
-1539
-1106
-469
-3
41
-276
-733
-1222
-1781
-2351
-2674
-2509
-1934
-1295
-895
-760
-731
-679
-582
-472
-394
-418
-606
-931
-1267
-1478
-1508
-1393
-1214
-1045
-925
-836
-740
-623
-535
-540
-639
-737
-725
-599
-472
-463
-573
-682
-648
-397
67
661
1218
1530
1489
1186
860
705
753
922
1137
1363
1548
1591
1422
1104
828
789
1054
1534
2034
2340
2326
2025
1628
1319
1141
1017
907
855
894
969
1019
1071
1220
1560
2200
3260
4643
5814
5995
4826
2846
1148
457
586
814
689
334
42
-204
-684
-1511
-2420
-2974
-2903
-2234
-1225
-236
403
558
345
11
-231
-236
145
975
1993
2582
2199
890
-683
-1799
-2236
-2271
-2222
-2141
-1929
-1622
-1438
-1553
-1897
-2165
-2031
-1388
-452
337
620
363
-195
-818
-1420
-1951
-2237
-2103
-1610
-1086
-832
-881
-1054
-1196
-1250
-1175
-922
-567
-346
-467
-886
-1337
-1577
-1571
-1414
-1187
-920
-659
-465
-355
-309
-320
-407
-535
-594
-522
-409
-425
-623
-866
-978
-887
-612
-171
401
980
1395
1587
1634
1597
1434
1152
935
999
1304
1536
1438
1090
799
768
957
1220
1472
1684
1809
1815
1723
1604
1496
1418
1389
1397
1355
1175
909
763
917
1387
2096
3038
4221
5384
5892
5162
3324
1350
327
518
1203
1472
1067
398
-139
-610
-1313
-2237
-2951
-2985
-2259
-1138
-144
353
277
-176
-671
-923
-794
-274
602
1683
2567
2682
1730
80
-1410
-2082
-1963
-1595
-1428
-1509
-1658
-1792
-1978
-2241
-2417
-2248
-1609
-680
125
423
128
-516
-1174
-1664
-1940
-1959
-1663
-1148
-702
-598
-848
-1235
-1533
-1624
-1452
-1025
-501
-189
-333
-876
-1495
-1878
-1921
-1704
-1330
-884
-472
-229
-236
-449
-718
-872
-803
-535
-234
-116
-282
-629
-948
-1107
-1110
-974
-620
38
882
1560
1758
1491
1082
856
889
1054
1211
1305
1324
1254
1114
987
974
1115
1349
1550
1614
1554
1475
1485
1554
1560
1436
1274
1207
1235
1216
1071
910
914
1131
1509
2124
3168
4571
5689
5660
4240
2232
894
828
1512
1934
1593
797
82
-432
-1011
-1799
-2528
-2781
-2415
-1669
-931
-505
-506
-851
-1269
-1426
-1149
-497
377
1356
2263
2720
2320
1067
-438
-1410
-1533
-1161
-905
-1076
-1554
-2052
-2401
-2585
-2629
-2502
-2121
-1457
-658
-55
50
-348
-933
-1335
-1420
-1266
-986
-658
-429
-495
-891
-1385
-1669
-1617
-1306
-861
-414
-167
-325
-880
-1531
-1903
-1846
-1493
-1087
-789
-647
-650
-745
-831
-801
-632
-400
-198
-65
-33
-169
-504
-914
-1169
-1125
-834
-438
-4
458
849
996
842
573
459
598
881
1174
1452
1704
1812
1643
1248
896
863
1188
1653
1971
1992
1781
1500
1287
1178
1161
1215
1299
1320
1175
845
447
182
210
583
1296
2360
3712
5019
5651
5093
3505
1807
1006
1350
2148
2468
1958
977
49
-673
-1361
-2087
-2614
-2642
-2158
-1474
-986
-931
-1290
-1806
-2082
-1822
-1060
-81
882
1800
2592
2868
2183
653
-886
-1531
-1160
-500
-377
-979
-1875
-2568
-2898
-2957
-2828
-2490
-1918
-1191
-531
-233
-465
-1082
-1642
-1736
-1345
-821
-527
-538
-709
-923
-1175
-1438
-1578
-1440
-1016
-486
-135
-207
-735
-1470
-2005
-2073
-1758
-1365
-1110
-974
-868
-802
-830
-891
-826
-555
-187
89
156
24
-221
-483
-700
-842
-879
-760
-442
33
515
812
837
682
549
575
737
919
1058
1166
1253
1273
1197
1091
1081
1241
1532
1821
1960
1877
1638
1402
1299
1299
1280
1177
1042
934
823
644
454
409
600
964
1449
2167
3236
4422
5069
4601
3167
1686
1111
1582
2336
2477
1792
781
-6
-517
-1060
-1761
-2341
-2440
-2038
-1491
-1215
-1382
-1860
-2318
-2394
-1907
-1017
-94
626
1210
1768
2104
1812
818
-321
-839
-529
43
97
-612
-1661
-2457
-2770
-2771
-2698
-2568
-2232
-1642
-1026
-750
-979
-1495
-1864
-1810
-1427
-1027
-844
-877
-989
-1072
-1107
-1101
-1033
-852
-542
-180
42
-79
-593
-1300
-1873
-2082
-1940
-1639
-1388
-1296
-1357
-1465
-1471
-1277
-912
-512
-194
12
112
73
-129
-409
-580
-514
-262
9
193
309
426
564
693
786
832
825
767
676
577
498
494
639
951
1307
1508
1482
1384
1441
1690
1917
1898
1648
1400
1319
1335
1247
975
632
399
364
512
776
1068
1340
1680
2292
3247
4212
4544
3858
2535
1541
1571
2367
2942
2564
1432
363
-130
-297
-683
-1404
-2014
-2079
-1691
-1363
-1493
-2035
-2591
-2744
-2321
-1488
-659
-163
63
405
1056
1655
1589
745
-223
-519
-79
356
42
-998
-2069
-2555
-2451
-2196
-2144
-2264
-2287
-2051
-1687
-1495
-1634
-1942
-2073
-1841
-1400
-1063
-986
-1063
-1108
-1045
-919
-771
-609
-438
-276
-127
-34
-114
-479
-1063
-1600
-1839
-1779
-1629
-1568
-1598
-1631
-1623
-1571
-1447
-1214
-898
-571
-274
-20
129
66
-212
-503
-548
-292
55
250
269
300
468
663
673
462
238
244
508
831
983
909
740
679
841
1192
1589
1893
2056
2111
2087
1983
1798
1596
1461
1419
1404
1319
1114
827
557
426
501
749
1083
1502
2121
2981
3799
4043
3422
2308
1555
1729
2513
2975
2502
1383
418
22
-112
-478
-1101
-1562
-1569
-1312
-1220
-1527
-2131
-2728
-2989
-2692
-1916
-1105
-719
-725
-563
190
1221
1718
1271
375
-78
243
785
721
-171
-1314
-1941
-1852
-1527
-1567
-2052
-2511
-2474
-2001
-1600
-1661
-2056
-2321
-2163
-1712
-1315
-1184
-1259
-1330
-1223
-914
-524
-230
-108
-63
51
215
216
-122
-718
-1279
-1559
-1556
-1472
-1529
-1780
-2061
-2133
-1907
-1524
-1200
-1015
-880
-691
-465
-300
-251
-275
-279
-206
-74
59
150
208
276
377
482
538
524
494
533
657
782
805
728
648
660
776
959
1181
1413
1599
1695
1699
1657
1604
1564
1558
1587
1586
1458
1191
924
825
915
1053
1145
1311
1803
2691
3639
4049
3549
2429
1538
1576
2382
3035
2746
1647
589
189
232
74
-541
-1234
-1515
-1368
-1208
-1405
-1953
-2559
-2863
-2641
-1963
-1235
-936
-1121
-1253
-719
403
1300
1262
504
-43
244
991
1270
606
-548
-1348
-1411
-1115
-1095
-1572
-2182
-2416
-2153
-1757
-1668
-1953
-2285
-2305
-1975
-1555
-1317
-1311
-1388
-1361
-1144
-793
-445
-214
-94
14
167
269
145
-262
-786
-1165
-1259
-1166
-1116
-1271
-1590
-1875
-1946
-1794
-1561
-1377
-1237
-1055
-821
-639
-597
-641
-631
-495
-284
-86
55
135
170
223
394
705
1019
1141
1022
804
656
616
628
671
771
914
1033
1102
1179
1311
1445
1508
1517
1557
1635
1666
1601
1506
1444
1355
1135
854
737
909
1219
1441
1594
1965
2720
3560
3850
3222
2056
1278
1530
2480
3070
2559
1292
308
204
544
489
-191
-937
-1181
-1021
-1004
-1449
-2152
-2687
-2770
-2386
-1767
-1306
-1277
-1489
-1340
-454
753
1381
1001
180
-121
411
1124
1153
326
-719
-1245
-1105
-792
-861
-1390
-1963
-2148
-1935
-1707
-1807
-2183
-2465
-2372
-1994
-1675
-1647
-1812
-1871
-1623
-1147
-710
-501
-458
-358
-72
275
406
173
-287
-665
-754
-616
-502
-635
-1021
-1454
-1682
-1629
-1455
-1384
-1456
-1504
-1376
-1142
-1004
-1040
-1083
-921
-541
-143
73
97
95
253
613
1033
1282
1232
999
855
960
1187
1261
1065
771
644
764
983
1117
1114
1049
1010
1034
1106
1187
1231
1236
1255
1333
1417
1386
1202
1014
1029
1269
1528
1647
1786
2293
3191
3913
3762
2716
1643
1514
2364
3194
2990
1786
585
254
638
854
346
-558
-1154
-1205
-1111
-1342
-1920
-2487
-2704
-2474
-1951
-1477
-1386
-1657
-1779
-1189
26
1017
1002
157
-499
-181
811
1428
1014
-49
-813
-780
-322
-187
-693
-1465
-1894
-1772
-1445
-1416
-1824
-2338
-2537
-2325
-1990
-1866
-1990
-2089
-1884
-1383
-857
-574
-545
-534
-296
165
591
700
446
50
-202
-222
-169
-281
-636
-1082
-1380
-1424
-1327
-1291
-1383
-1468
-1402
-1232
-1159
-1264
-1385
-1294
-962
-572
-305
-176
-75
98
364
670
923
1036
1009
940
940
1019
1084
1066
996
961
1007
1121
1261
1368
1372
1245
1060
958
1022
1200
1351
1388
1336
1284
1266
1238
1144
1039
1053
1240
1476
1593
1638
1917
2647
3551
3930
3331
2153
1428
1827
2905
3476
2812
1393
368
340
801
815
62
-916
-1428
-1383
-1250
-1464
-1996
-2492
-2648
-2430
-2036
-1747
-1701
-1750
-1538
-896
-131
231
46
-216
5
678
1168
948
190
-427
-457
-99
67
-285
-942
-1425
-1498
-1361
-1391
-1725
-2130
-2290
-2167
-2025
-2103
-2330
-2414
-2177
-1735
-1348
-1154
-1056
-866
-486
-1
399
555
453
226
52
11
48
40
-82
-297
-538
-756
-925
-1033
-1087
-1121
-1168
-1224
-1254
-1241
-1214
-1204
-1199
-1148
-1001
-749
-432
-125
103
254
410
656
983
1275
1418
1410
1350
1328
1347
1369
1388
1441
1528
1582
1534
1394
1250
1180
1182
1196
1166
1100
1047
1051
1093
1091
983
830
791
967
1272
1500
1551
1583
1896
2594
3351
3583
3012
2073
1641
2175
3174
3587
2872
1562
712
807
1310
1308
495
-585
-1221
-1281
-1222
-1487
-2077
-2653
-2905
-2762
-2404
-2150
-2195
-2331
-2052
-1129
-42
392
-72
-710
-556
511
1578
1651
725
-246
-372
271
829
620
-211
-970
-1192
-1050
-1044
-1417
-1949
-2269
-2270
-2181
-2273
-2563
-2795
-2694
-2235
-1675
-1321
-1244
-1213
-930
-346
259
546
449
230
197
409
652
701
528
286
109
-2
-142
-350
-559
-677
-711
-770
-954
-1238
-1476
-1535
-1398
-1169
-980
-894
-858
-738
-420
58
492
676
627
590
801
1226
1596
1678
1500
1298
1286
1480
1731
1867
1840
1725
1630
1573
1482
1302
1097
993
1019
1049
946
733
595
671
911
1134
1224
1232
1346
1753
2473
3218
3489
3001
2104
1649
2188
3301
3882
3259
1923
1015
1092
1599
1586
795
-159
-621
-632
-734
-1242
-1948
-2461
-2630
-2556
-2403
-2332
-2460
-2664
-2537
-1776
-682
-60
-391
-1187
-1376
-436
983
1681
1159
122
-293
283
1139
1317
629
-251
-592
-378
-199
-531
-1242
-1829
-1991
-1902
-1953
-2327
-2823
-3042
-2763
-2159
-1671
-1608
-1835
-1877
-1407
-599
25
124
-138
-301
-90
352
691
755
649
553
519
451
286
92
-20
-46
-113
-347
-728
-1100
-1309
-1313
-1201
-1114
-1146
-1266
-1329
-1166
-741
-204
207
366
354
377
571
906
1245
1479
1584
1594
1579
1613
1735
1898
1990
1939
1763
1533
1307
1146
1109
1202
1308
1258
1004
697
547
630
830
977
1000
1006
1201
1740
2519
3112
3037
2257
1409
1340
2244
3316
3472
2474
1231
843
1424
2021
1725
653
-301
-543
-351
-404
-978
-1763
-2310
-2443
-2290
-2115
-2164
-2472
-2735
-2479
-1581
-583
-268
-814
-1493
-1364
-260
992
1396
758
-174
-482
54
821
1065
618
-33
-359
-323
-322
-657
-1213
-1640
-1763
-1734
-1835
-2175
-2583
-2754
-2514
-2010
-1633
-1661
-1944
-2008
-1548
-770
-195
-118
-341
-438
-193
247
587
671
564
440
402
418
369
203
13
-69
-61
-143
-447
-869
-1155
-1169
-1011
-887
-888
-953
-954
-820
-560
-266
-50
49
121
297
583
849
993
1067
1180
1327
1402
1369
1338
1423
1573
1621
1488
1279
1169
1206
1286
1274
1156
1036
1015
1069
1090
1029
965
993
1108
1269
1552
2078
2698
2929
2430
1555
1190
1851
2997
3485
2760
1473
781
1104
1745
1772
1037
182
-221
-252
-358
-753
-1284
-1731
-2006
-2102
-2064
-2068
-2319
-2726
-2816
-2212
-1197
-571
-819
-1523
-1738
-967
314
1127
919
56
-553
-302
560
1207
1046
287
-354
-438
-223
-243
-654
-1126
-1340
-1368
-1505
-1856
-2239
-2428
-2350
-2087
-1809
-1705
-1837
-2013
-1894
-1355
-686
-336
-442
-698
-698
-336
152
457
447
220
-1
-24
158
374
442
350
206
62
-147
-454
-722
-764
-581
-412
-501
-840
-1163
-1206
-932
-542
-280
-221
-228
-120
124
351
424
377
372
517
776
1029
1193
1266
1308
1371
1444
1447
1318
1123
1045
1204
1491
1642
1495
1156
904
928
1176
1415
1441
1286
1268
1727
2598
3266
3052
1998
1055
1254
2566
3765
3596
2108
634
402
1276
2019
1683
529
-445
-657
-432
-449
-979
-1742
-2301
-2456
-2305
-2129
-2217
-2622
-2999
-2838
-2018
-1070
-732
-1181
-1780
-1688
-703
533
1129
767
-32
-398
80
991
1492
1139
290
-293
-250
83
127
-288
-846
-1195
-1335
-1494
-1787
-2091
-2229
-2153
-1965
-1829
-1878
-2094
-2247
-2073
-1560
-1000
-708
-706
-762
-662
-377
-13
285
397
298
129
98
285
539
630
480
215
-10
-151
-263
-376
-466
-524
-589
-707
-861
-981
-992
-866
-631
-379
-230
-256
-385
-427
-220
205
625
805
716
560
597
906
1320
1586
1591
1424
1260
1206
1272
1409
1544
1588
1482
1269
1076
995
1013
1061
1114
1181
1266
1391
1665
2155
2656
2715
2112
1301
1130
1935
3011
3222
2214
865
374
984
1769
1713
779
-205
-570
-464
-493
-955
-1600
-2048
-2191
-2185
-2210
-2367
-2670
-2965
-2920
-2312
-1395
-787
-865
-1331
-1488
-935
54
819
886
347
-224
-227
425
1181
1350
796
79
-170
65
252
-12
-577
-1031
-1220
-1341
-1597
-1956
-2234
-2296
-2147
-1928
-1835
-1969
-2197
-2229
-1908
-1394
-1016
-927
-970
-873
-547
-143
126
181
107
51
101
227
334
354
311
267
237
165
14
-172
-304
-346
-360
-447
-639
-851
-952
-864
-629
-387
-288
-378
-533
-524
-222
245
564
540
305
204
432
844
1133
1162
1069
1063
1188
1323
1351
1289
1237
1263
1331
1342
1228
1046
929
971
1122
1228
1195
1110
1198
1632
2320
2848
2737
1930
1050
984
1966
3130
3246
2038
588
206
1005
1820
1576
438
-554
-754
-501
-495
-956
-1561
-1985
-2189
-2264
-2288
-2374
-2630
-2912
-2794
-2039
-1057
-625
-1037
-1704
-1725
-817
402
1034
721
-79
-530
-159
721
1322
1142
454
-48
-10
249
196
-289
-845
-1116
-1136
-1209
-1510
-1927
-2215
-2237
-2067
-1929
-2012
-2280
-2449
-2232
-1656
-1077
-843
-962
-1126
-1042
-697
-310
-86
-49
-56
51
298
531
563
379
181
173
318
374
184
-141
-349
-341
-259
-301
-495
-694
-755
-676
-554
-467
-426
-400
-363
-288
-152
29
188
273
318
414
594
785
897
959
1079
1270
1387
1293
1077
1012
1243
1587
1706
1483
1135
976
1084
1291
1386
1298
1101
978
1168
1794
2619
3038
2584
1535
874
1380
2705
3557
2981
1414
288
521
1558
2030
1278
-26
-777
-697
-453
-709
-1405
-2029
-2291
-2288
-2211
-2178
-2300
-2603
-2839
-2584
-1759
-909
-721
-1236
-1728
-1434
-347
780
1153
638
-161
-441
125
1085
1606
1251
395
-211
-223
9
-37
-442
-862
-1053
-1137
-1358
-1738
-2100
-2290
-2287
-2161
-2043
-2076
-2253
-2348
-2111
-1587
-1117
-966
-1044
-1045
-803
-426
-108
81
183
251
301
360
441
510
513
464
421
386
267
18
-259
-396
-362
-306
-384
-591
-776
-808
-689
-531
-460
-524
-640
-654
-483
-205
25
137
203
320
489
619
660
688
827
1088
1314
1338
1188
1070
1161
1404
1586
1572
1427
1307
1294
1336
1353
1323
1282
1287
1424
1792
2370
2866
2836
2132
1262
1086
1935
3070
3280
2167
690
188
916
1799
1694
633
-404
-727
-602
-682
-1145
-1654
-1931
-2057
-2189
-2309
-2364
-2440
-2582
-2578
-2150
-1392
-801
-770
-1133
-1316
-897
21
906
1207
779
59
-236
256
1107
1488
1028
210
-227
-105
98
-64
-529
-956
-1218
-1457
-1766
-2052
-2220
-2307
-2367
-2368
-2303
-2270
-2321
-2299
-1997
-1471
-1043
-937
-1028
-1023
-795
-455
-164
13
76
60
47
156
391
589
578
383
186
112
117
119
115
127
87
-102
-389
-578
-546
-420
-430
-614
-740
-594
-252
-22
-85
-297
-351
-113
262
524
591
576
630
802
1036
1242
1354
1368
1359
1406
1505
1546
1454
1294
1219
1283
1399
1444
1390
1302
1277
1412
1791
2376
2880
2875
2212
1370
1184
2037
3298
3752
2787
1119
150
553
1584
1948
1180
-5
-682
-708
-640
-918
-1453
-1934
-2233
-2386
-2425
-2413
-2508
-2759
-2862
-2427
-1536
-823
-809
-1287
-1514
-1005
1
844
1038
602
-6
-193
318
1190
1666
1298
436
-131
-58
242
192
-258
-724
-973
-1165
-1499
-1897
-2151
-2201
-2154
-2103
-2067
-2080
-2166
-2216
-2038
-1597
-1137
-937
-999
-1053
-874
-499
-133
65
80
5
-27
75
297
516
614
586
515
444
334
164
6
-49
-23
-47
-217
-489
-733
-846
-803
-655
-520
-508
-599
-605
-356
58
322
249
31
32
351
702
790
700
759
1094
1449
1516
1322
1175
1267
1477
1573
1492
1349
1257
1233
1285
1413
1523
1460
1264
1291
1884
2842
3400
2960
1853
1194
1787
3198
4062
3431
1758
468
522
1497
2110
1585
349
-594
-775
-593
-663
-1140
-1732
-2155
-2357
-2419
-2457
-2615
-2923
-3126
-2810
-1914
-976
-651
-987
-1356
-1147
-361
505
981
925
504
106
159
759
1456
1596
1028
290
3
183
327
83
-397
-795
-1052
-1333
-1693
-2007
-2179
-2253
-2290
-2289
-2255
-2245
-2256
-2154
-1834
-1399
-1094
-1037
-1091
-1019
-738
-359
-49
118
166
178
240
388
572
689
692
623
545
466
373
297
279
280
183
-58
-323
-438
-378
-286
-301
-407
-493
-500
-452
-371
-253
-114
-5
69
181
386
620
769
825
904
1089
1308
1412
1361
1278
1314
1466
1585
1541
1373
1233
1230
1339
1461
1505
1434
1307
1330
1739
2507
3173
3143
2319
1391
1319
2340
3544
3662
2400
853
413
1257
2184
1978
717
-471
-787
-538
-522
-1013
-1631
-1995
-2136
-2231
-2306
-2352
-2494
-2755
-2820
-2329
-1431
-774
-804
-1228
-1344
-798
127
869
1068
750
280
156
633
1381
1702
1254
467
55
201
427
272
-201
-630
-888
-1147
-1528
-1906
-2121
-2194
-2233
-2258
-2235
-2211
-2246
-2256
-2060
-1645
-1240
-1060
-1054
-994
-761
-448
-194
-30
82
156
197
265
411
588
688
675
607
533
419
241
72
2
4
-39
-167
-284
-295
-250
-273
-386
-478
-460
-373
-313
-298
-253
-116
90
286
405
441
461
589
902
1318
1601
1576
1329
1155
1249
1510
1674
1615
1450
1368
1417
1505
1529
1466
1373
1388
1678
2296
3013
3353
2939
1946
1176
1435
2644
3668
3354
1818
463
491
1572
2252
1629
275
-609
-608
-361
-580
-1247
-1862
-2161
-2273
-2368
-2473
-2620
-2863
-3034
-2740
-1859
-911
-621
-1085
-1594
-1385
-430
621
1117
919
380
30
236
911
1514
1493
869
235
108
344
393
7
-517
-824
-964
-1238
-1710
-2136
-2310
-2278
-2195
-2143
-2156
-2269
-2411
-2344
-1915
-1325
-983
-1032
-1172
-1035
-621
-233
-61
0
130
336
511
605
653
671
643
581
529
474
360
205
140
231
321
158
-280
-695
-767
-502
-220
-211
-464
-727
-771
-560
-231
37
134
93
74
237
571
887
1012
992
1020
1194
1402
1483
1425
1369
1415
1522
1580
1536
1412
1292
1260
1352
1494
1566
1572
1743
2286
3006
3288
2703
1635
1118
1807
3146
3775
2911
1233
212
574
1582
1929
1151
-29
-677
-648
-534
-829
-1443
-1997
-2284
-2350
-2308
-2280
-2418
-2728
-2874
-2449
-1537
-816
-867
-1455
-1709
-1059
157
1071
1133
537
-68
-116
474
1263
1603
1212
476
79
245
514
331
-275
-817
-1009
-1080
-1370
-1873
-2290
-2420
-2332
-2212
-2174
-2242
-2362
-2379
-2122
-1612
-1139
-996
-1131
-1176
-865
-338
35
79
-31
-17
210
510
712
760
698
600
525
493
459
350
169
15
-35
-38
-115
-286
-448
-525
-567
-630
-652
-534
-333
-233
-304
-371
-232
64
256
219
145
318
743
1122
1196
1037
944
1100
1408
1641
1672
1550
1417
1391
1470
1552
1536
1447
1418
1551
1844
2260
2758
3155
3094
2411
1591
1522
2523
3711
3756
2381
824
504
1419
2191
1721
377
-640
-784
-590
-763
-1335
-1885
-2193
-2348
-2419
-2410
-2481
-2844
-3322
-3318
-2516
-1411
-862
-1117
-1565
-1460
-693
238
807
822
438
48
112
760
1533
1711
1099
286
2
297
580
380
-170
-659
-940
-1180
-1510
-1875
-2177
-2375
-2424
-2299
-2131
-2155
-2405
-2561
-2287
-1661
-1143
-1055
-1233
-1259
-940
-453
-83
56
49
41
134
331
542
653
631
543
469
421
368
309
280
284
239
61
-218
-443
-488
-393
-318
-368
-487
-551
-515
-442
-390
-333
-223
-75
47
133
246
435
672
895
1065
1173
1220
1241
1309
1475
1682
1804
1766
1621
1475
1403
1436
1572
1753
1898
2017
2268
2742
3171
3056
2282
1500
1603
2670
3655
3408
1984
671
582
1443
1970
1371
141
-688
-765
-626
-847
-1397
-1877
-2103
-2201
-2300
-2415
-2592
-2879
-3110
-2911
-2173
-1341
-1022
-1277
-1541
-1272
-511
248
606
537
276
123
306
789
1215
1186
725
289
241
401
308
-171
-697
-953
-1041
-1259
-1657
-2009
-2167
-2222
-2296
-2365
-2380
-2398
-2466
-2445
-2155
-1660
-1262
-1147
-1158
-1015
-672
-324
-124
-33
50
130
181
247
393
577
677
644
558
490
409
261
94
14
11
-51
-240
-442
-517
-491
-493
-528
-480
-338
-284
-429
-587
-470
-81
247
265
117
133
417
766
975
1057
1130
1201
1217
1221
1335
1546
1666
1566
1372
1299
1380
1451
1416
1377
1477
1732
2088
2529
2958
3063
2575
1754
1378
1967
3030
3417
2546
1138
473
965
1720
1630
625
-373
-626
-357
-317
-849
-1621
-2132
-2214
-2046
-1915
-2058
-2529
-3065
-3175
-2609
-1708
-1123
-1129
-1372
-1336
-890
-295
186
461
502
325
144
275
748
1146
1050
555
161
127
196
10
-392
-715
-866
-1050
-1413
-1825
-2087
-2186
-2217
-2197
-2099
-2006
-2051
-2183
-2162
-1863
-1460
-1220
-1181
-1149
-985
-748
-556
-420
-276
-101
73
210
300
343
364
421
532
600
484
186
-88
-139
-18
21
-176
-487
-668
-642
-560
-571
-653
-668
-573
-463
-425
-409
-302
-81
145
263
266
254
333
552
880
1206
1383
1337
1165
1077
1180
1363
1422
1306
1179
1209
1356
1432
1338
1170
1105
1249
1609
2135
2676
2934
2643
1922
1376
1610
2527
3252
2958
1791
781
731
1350
1657
1151
325
-58
70
97
-427
-1266
-1872
-2024
-1917
-1825
-1891
-2175
-2617
-2924
-2723
-2006
-1260
-979
-1111
-1188
-940
-556
-300
-137
88
315
341
194
143
326
540
549
402
315
313
200
-133
-545
-851
-1040
-1215
-1411
-1612
-1842
-2115
-2328
-2332
-2141
-1943
-1880
-1893
-1827
-1632
-1395
-1206
-1074
-963
-857
-756
-649
-519
-361
-176
36
248
388
396
315
265
325
440
481
385
212
65
-30
-127
-260
-378
-415
-386
-372
-413
-469
-483
-453
-395
-300
-164
-39
13
7
31
142
307
463
596
721
829
885
905
950
1053
1162
1203
1163
1095
1044
1027
1049
1116
1198
1232
1195
1177
1350
1807
2413
2813
2682
2061
1455
1453
2122
2824
2795
1966
1078
873
1289
1581
1243
554
149
199
257
-136
-914
-1619
-1913
-1838
-1662
-1651
-1941
-2458
-2888
-2861
-2302
-1560
-1101
-1075
-1245
-1296
-1115
-777
-399
-82
91
124
139
235
342
307
141
44
152
319
264
-93
-545
-848
-953
-993
-1101
-1319
-1615
-1903
-2052
-1986
-1782
-1618
-1589
-1616
-1573
-1450
-1333
-1248
-1122
-909
-683
-557
-533
-498
-346
-76
234
487
614
591
485
415
448
526
526
403
235
115
44
-41
-167
-287
-361
-410
-481
-566
-605
-560
-481
-456
-509
-561
-510
-340
-134
23
112
171
227
284
351
453
603
776
924
1017
1059
1081
1107
1136
1151
1149
1142
1142
1134
1106
1068
1052
1080
1167
1338
1621
1969
2215
2160
1792
1406
1392
1848
2402
2537
2117
1527
1246
1330
1405
1164
717
403
339
295
7
-511
-1022
-1325
-1395
-1326
-1255
-1324
-1591
-1933
-2086
-1897
-1505
-1229
-1240
-1383
-1356
-1044
-650
-472
-587
-768
-732
-434
-117
-50
-247
-460
-458
-270
-153
-297
-635
-925
-1011
-955
-943
-1084
-1316
-1489
-1510
-1421
-1351
-1372
-1418
-1357
-1150
-910
-782
-789
-819
-746
-544
-286
-65
66
107
93
63
52
82
163
280
378
386
266
62
-115
-163
-72
62
116
36
-125
-262
-293
-214
-89
0
15
-6
13
119
280
408
448
430
446
542
664
702
626
539
577
752
932
976
870
713
617
629
730
856
916
852
685
522
464
518
600
621
564
493
470
501
547
601
718
945
1220
1373
1288
1055
914
1026
1309
1518
1492
1287
1088
1008
1003
951
799
607
474
414
345
171
-120
-445
-696
-813
-819
-806
-870
-1031
-1205
-1276
-1212
-1103
-1071
-1126
-1162
-1080
-916
-805
-841
-974
-1062
-1016
-881
-785
-812
-927
-1016
-1009
-941
-912
-971
-1060
-1085
-1031
-969
-972
-1029
-1068
-1031
-912
-741
-572
-460
-428
-428
-383
-264
-131
-67
-77
-81
-11
110
184
157
73
24
57
146
233
285
299
294
305
354
412
407
311
198
187
313
482
561
518
432
391
412
457
490
495
468
422
388
384
391
369
317
277
281
305
302
263
230
242
278
277
211
121
71
88
140
171
151
87
15
-20
3
58
93
83
62
75
116
132
90
24
-2
34
101
165
224
294
374
443
492
538
601
683
772
860
943
1007
1039
1045
1056
1088
1127
1139
1117
1085
1068
1052
993
870
712
578
500
457
396
276
108
-63
-202
-323
-473
-685
-916
-1082
-1141
-1154
-1225
-1389
-1578
-1702
-1744
-1755
-1777
-1802
-1808
-1793
-1772
-1752
-1720
-1662
-1574
-1457
-1314
-1157
-1006
-884
-791
-705
-593
-446
-280
-120
13
113
190
266
357
454
529
577
623
687
755
793
795
795
822
864
884
868
841
835
846
839
788
698
603
526
468
417
366
319
268
191
75
-60
-168
-218
-229
-245
-282
-318
-328
-322
-339
-397
-460
-475
-428
-363
-334
-346
-357
-323
-242
-143
-61
-15
-4
-1
27
93
169
222
251
282
332
385
417
429
448
500
579
663
727
775
823
884
951
1009
1050
1091
1156
1249
1353
1443
1499
1507
1474
1425
1391
1367
1319
1226
1118
1033
964
852
663
438
254
149
78
-36
-224
-444
-630
-766
-895
-1063
-1255
-1405
-1468
-1473
-1497
-1587
-1720
-1830
-1878
-1869
-1833
-1791
-1739
-1671
-1599
-1544
-1515
-1483
-1408
-1281
-1131
-992
-870
-750
-624
-492
-357
-220
-92
11
91
168
253
327
367
378
393
427
458
460
446
456
494
509
462
393
380
433
472
422
320
261
280
295
224
94
13
33
80
48
-76
-200
-239
-211
-197
-235
-292
-322
-323
-317
-311
-293
-260
-222
-191
-166
-150
-144
-131
-86
-10
65
105
116
130
165
208
246
282
316
328
303
268
280
356
446
480
455
444
522
674
809
855
844
877
1010
1194
1332
1381
1391
1440
1547
1663
1722
1711
1671
1657
1681
1699
1652
1520
1338
1166
1035
923
779
575
332
107
-63
-198
-360
-587
-843
-1045
-1150
-1212
-1325
-1522
-1725
-1827
-1804
-1745
-1756
-1851
-1941
-1929
-1809
-1669
-1602
-1617
-1644
-1602
-1477
-1319
-1195
-1132
-1101
-1051
-955
-828
-714
-637
-582
-510
-406
-294
-213
-173
-144
-87
1
86
128
130
131
163
218
261
279
285
294
300
297
294
300
309
303
283
250
198
125
54
17
20
28
5
-46
-92
-116
-133
-168
-220
-259
-261
-225
-183
-170
-198
-239
-248
-200
-119
-55
-30
-16
30
105
166
182
169
169
203
258
306
337
356
374
400
441
484
511
516
524
567
646
726
771
788
825
917
1056
1199
1311
1387
1443
1506
1595
1701
1782
1795
1741
1672
1640
1639
1612
1508
1330
1129
948
798
646
452
212
-33
-236
-393
-564
-802
-1082
-1312
-1424
-1451
-1495
-1620
-1791
-1912
-1926
-1861
-1800
-1799
-1846
-1879
-1841
-1723
-1577
-1475
-1449
-1457
-1413
-1275
-1099
-984
-965
-967
-893
-741
-608
-567
-582
-548
-429
-292
-222
-216
-191
-97
29
111
123
111
131
192
251
273
257
228
200
174
147
130
128
122
74
-20
-115
-156
-149
-150
-200
-271
-311
-312
-312
-344
-396
-431
-426
-390
-353
-337
-344
-351
-329
-268
-190
-124
-84
-56
-19
40
119
202
271
317
344
368
399
435
471
514
570
633
681
694
680
670
691
749
826
887
905
884
868
904
999
1105
1173
1207
1263
1374
1500
1570
1564
1541
1565
1630
1667
1618
1508
1412
1369
1342
1255
1076
848
644
492
359
193
-18
-244
-445
-613
-769
-927
-1075
-1188
-1258
-1308
-1364
-1434
-1504
-1561
-1597
-1609
-1592
-1559
-1541
-1560
-1597
-1604
-1557
-1482
-1426
-1406
-1392
-1350
-1274
-1185
-1104
-1033
-964
-892
-823
-757
-690
-616
-532
-438
-336
-233
-144
-80
-36
8
71
150
219
250
238
201
168
153
146
127
85
33
-4
-19
-31
-63
-114
-155
-161
-141
-129
-152
-199
-234
-233
-209
-199
-224
-265
-283
-261
-219
-192
-196
-217
-224
-198
-143
-80
-30
4
41
101
183
259
308
339
386
460
538
589
613
629
657
688
710
717
718
720
726
740
766
800
833
862
898
956
1040
1141
1248
1350
1439
1506
1552
1590
1638
1695
1733
1722
1661
1585
1527
1475
1383
1218
1004
804
656
531
364
124
-153
-392
-550
-651
-755
-908
-1093
-1252
-1338
-1363
-1386
-1452
-1550
-1621
-1622
-1568
-1517
-1507
-1533
-1551
-1528
-1464
-1394
-1354
-1353
-1354
-1307
-1204
-1094
-1036
-1032
-1020
-947
-823
-704
-625
-569
-493
-377
-239
-120
-47
-10
25
84
164
237
283
299
295
286
287
295
298
276
235
197
180
171
143
81
-1
-73
-120
-144
-161
-179
-201
-224
-245
-264
-280
-289
-296
-308
-327
-335
-312
-268
-238
-241
-247
-216
-137
-42
32
78
118
171
242
320
387
434
463
489
525
573
625
667
692
703
707
711
716
729
753
787
817
835
848
878
940
1025
1115
1201
1283
1365
1438
1500
1553
1597
1623
1624
1610
1598
1585
1545
1462
1353
1248
1149
1025
855
663
488
343
200
32
-158
-346
-516
-670
-816
-954
-1079
-1194
-1301
-1398
-1477
-1532
-1567
-1586
-1591
-1583
-1573
-1570
-1571
-1557
-1518
-1470
-1435
-1413
-1376
-1301
-1202
-1120
-1068
-1022
-945
-834
-723
-639
-573
-488
-369
-238
-134
-70
-24
35
112
187
242
286
334
380
397
374
332
310
313
315
287
239
201
186
177
141
73
-6
-67
-103
-128
-154
-181
-202
-218
-243
-276
-304
-307
-288
-269
-266
-268
-259
-235
-205
-172
-120
-45
37
101
145
182
225
273
317
352
384
424
483
556
616
641
635
624
633
665
696
704
687
674
696
752
801
808
788
794
856
952
1033
1074
1094
1124
1179
1246
1303
1341
1365
1389
1420
1449
1453
1415
1337
1248
1174
1109
1026
900
742
584
446
310
150
-35
-216
-372
-509
-646
-786
-923
-1054
-1179
-1292
-1379
-1439
-1486
-1533
-1577
-1603
-1606
-1598
-1599
-1612
-1611
-1575
-1508
-1439
-1388
-1343
-1283
-1203
-1112
-1020
-926
-829
-729
-630
-530
-427
-320
-212
-113
-30
43
119
207
293
356
387
397
404
417
433
444
447
444
439
432
415
371
299
220
162
132
104
62
17
-14
-34
-71
-133
-194
-226
-228
-224
-227
-228
-223
-221
-226
-229
-214
-181
-150
-134
-128
-115
-84
-40
7
46
85
136
200
262
309
352
406
471
529
565
590
622
664
705
738
763
786
806
821
837
867
918
981
1037
1078
1107
1141
1186
1233
1271
1299
1333
1379
1425
1446
1434
1398
1352
1299
1237
1162
1074
968
843
704
560
415
263
103
-63
-229
-395
-560
-718
-861
-989
-1122
-1270
-1421
-1545
-1619
-1652
-1674
-1707
-1743
-1758
-1745
-1715
-1689
-1662
-1617
-1547
-1466
-1392
-1322
-1240
-1146
-1060
-987
-903
-785
-644
-511
-404
-310
-217
-124
-40
35
109
185
261
331
388
425
441
450
465
487
493
469
433
418
424
411
343
243
179
179
206
197
129
32
-53
-104
-126
-136
-153
-183
-219
-252
-278
-291
-278
-240
-206
-208
-237
-245
-201
-128
-73
-55
-45
-9
51
112
161
204
250
302
362
426
482
516
532
544
566
602
643
674
678
659
637
633
647
672
699
732
769
804
831
850
866
886
916
957
1001
1036
1059
1079
1104
1130
1141
1125
1088
1048
1008
957
882
787
690
595
494
369
222
72
-70
-207
-348
-494
-633
-761
-883
-1003
-1111
-1197
-1263
-1329
-1405
-1482
-1539
-1568
-1581
-1595
-1614
-1624
-1606
-1555
-1482
-1412
-1358
-1313
-1255
-1178
-1091
-1004
-914
-818
-722
-635
-549
-455
-353
-258
-176
-98
-13
78
167
246
310
354
382
402
422
442
455
456
453
458
467
461
427
375
328
293
257
202
130
58
-6
-65
-122
-172
-203
-219
-233
-254
-277
-296
-313
-331
-344
-328
-273
-199
-142
-115
-100
-67
-10
55
108
151
196
249
301
339
360
369
382
411
453
489
500
488
479
492
519
533
520
500
504
541
586
615
624
631
650
681
710
730
739
749
771
806
843
868
878
885
896
906
907
894
876
858
833
787
716
631
550
476
400
308
204
98
-9
-131
-276
-431
-561
-654
-731
-824
-939
-1057
-1154
-1225
-1279
-1330
-1380
-1427
-1462
-1474
-1458
-1419
-1376
-1343
-1324
-1304
-1264
-1200
-1123
-1049
-981
-915
-844
-768
-686
-596
-499
-401
-309
-225
-145
-74
-14
36
90
155
227
290
333
358
376
392
407
412
405
385
363
349
347
345
322
267
194
124
73
36
3
-30
-62
-94
-131
-171
-205
-229
-243
-245
-230
-199
-170
-162
-174
-188
-184
-159
-120
-80
-45
-10
27
65
98
122
141
165
197
237
281
322
350
366
378
396
423
452
478
505
536
563
576
572
562
559
569
589
613
634
646
649
644
638
635
638
648
662
667
660
650
652
667
685
689
676
653
630
606
572
523
463
398
336
272
195
102
1
-86
-152
-212
-292
-403
-526
-628
-703
-768
-843
-920
-987
-1043
-1103
-1166
-1217
-1241
-1247
-1250
-1243
-1210
-1150
-1092
-1057
-1036
-1005
-953
-886
-810
-725
-637
-559
-497
-440
-373
-297
-230
-180
-134
-78
-13
46
83
101
113
136
175
221
260
285
296
297
287
264
233
202
177
156
138
123
110
93
65
25
-22
-60
-78
-71
-54
-49
-67
-96
-110
-96
-71
-68
-94
-122
-116
-73
-27
-8
-11
-7
21
63
100
130
161
197
233
262
288
311
330
339
343
350
360
368
370
371
377
384
385
380
380
392
408
418
416
409
402
395
391
398
425
470
522
568
597
613
625
640
660
682
704
721
726
717
698
676
651
622
586
544
495
437
368
288
204
122
43
-41
-134
-232
-321
-392
-451
-511
-580
-652
-716
-768
-812
-856
-901
-943
-978
-1005
-1026
-1040
-1040
-1021
-983
-935
-891
-855
-823
-790
-751
-709
-666
-623
-576
-523
-466
-408
-357
-314
-280
-249
-212
-165
-109
-60
-31
-19
-11
4
26
48
69
91
113
133
149
155
147
127
113
121
151
176
168
127
79
54
53
54
42
28
34
58
74
62
32
8
-4
-15
-37
-55
-50
-21
8
20
18
20
31
49
67
85
106
129
152
177
208
240
266
282
290
297
305
309
303
294
292
301
317
332
344
358
377
400
422
442
454
457
454
458
475
503
530
552
567
574
569
554
536
526
526
530
529
516
489
456
423
395
369
339
302
264
232
203
167
114
48
-18
-71
-111
-149
-195
-250
-305
-355
-398
-436
-475
-513
-549
-578
-597
-606
-615
-631
-649
-662
-664
-660
-654
-644
-626
-604
-583
-560
-527
-486
-449
-423
-401
-372
-333
-293
-258
-227
-196
-173
-165
-167
-163
-140
-103
-70
-55
-54
-55
-47
-30
-10
4
12
15
11
0
-17
-31
-33
-28
-24
-24
-20
-5
14
24
21
17
24
37
45
47
51
61
64
57
49
52
63
68
64
63
75
93
100
92
84
90
107
122
131
141
157
177
190
198
210
233
256
267
265
263
272
291
302
297
281
271
272
278
281
284
296
315
326
321
306
298
305
321
337
351
361
364
352
330
309
299
303
310
310
302
291
280
269
256
242
226
209
192
180
171
155
125
80
29
-17
-54
-81
-103
-125
-151
-181
-212
-239
-261
-278
-295
-317
-343
-367
-382
-391
-397
-406
-419
-439
-456
-461
-452
-437
-428
-421
-409
-391
-377
-376
-383
-383
-367
-335
-298
-267
-248
-244
-249
-253
-246
-226
-198
-170
-150
-141
-139
-136
-125
-105
-79
-56
-42
-36
-35
-33
-28
-20
-18
-27
-38
-34
-11
14
17
-6
-33
-37
-14
15
29
27
21
19
16
6
-7
-17
-18
-12
1
20
38
43
30
12
3
8
21
33
47
69
95
114
121
128
145
172
192
196
192
194
210
227
228
213
196
194
209
227
236
239
246
262
280
291
292
290
292
297
305
315
330
341
335
308
277
262
267
274
266
246
228
216
202
183
166
162
168
174
169
149
116
78
47
34
39
45
38
13
-17
-43
-65
-89
-114
-133
-143
-155
-184
-224
-257
-272
-276
-284
-294
-293
-276
-260
-268
-299
-325
-325
-309
-300
-307
-318
-316
-307
-303
-305
-305
-296
-286
-284
-292
-301
-301
-286
-259
-231
-215
-212
-211
-201
-181
-158
-136
-117
-105
-102
-104
-98
-78
-55
-43
-40
-30
-9
7
3
-14
-23
-14
-2
-3
-15
-23
-23
-20
-15
-7
7
17
17
13
15
24
34
36
31
24
20
19
23
31
45
63
79
88
89
86
87
97
111
118
115
109
109
120
138
155
165
168
169
174
181
183
175
162
155
160
171
176
171
165
173
194
213
216
200
180
172
180
195
204
201
193
188
190
194
195
197
204
214
221
217
202
184
172
162
147
124
98
79
65
50
27
-3
-28
-43
-52
-61
-73
-80
-77
-70
-72
-94
-128
-157
-166
-160
-157
-170
-196
-217
-224
-219
-212
-208
-204
-198
-190
-184
-181
-182
-188
-196
-201
-203
-203
-203
-203
-199
-191
-187
-195
-208
-212
-203
-186
-175
-173
-174
-170
-165
-164
-166
-164
-153
-140
-129
-122
-112
-99
-90
-93
-102
-105
-100
-91
-89
-91
-91
-83
-70
-62
-61
-64
-60
-46
-28
-14
-4
7
25
47
63
64
56
53
67
93
112
114
102
96
106
130
153
166
170
173
181
189
194
195
191
182
164
142
127
130
152
186
218
237
240
236
239
254
272
276
260
229
200
183
180
189
205
221
228
220
203
190
191
200
202
188
164
145
136
130
120
104
89
83
85
89
89
83
71
53
33
12
-7
-24
-39
-54
-67
-80
-90
-95
-95
-97
-111
-137
-165
-182
-186
-184
-188
-200
-210
-213
-205
-193
-184
-182
-180
-175
-173
-182
-205
-233
-249
-249
-238
-226
-218
-214
-208
-200
-194
-191
-193
-193
-187
-178
-170
-165
-159
-150
-140
-135
-135
-128
-109
-87
-78
-89
-109
-119
-112
-94
-74
-59
-45
-29
-7
16
30
27
13
2
5
17
23
22
20
26
39
48
52
61
83
113
132
135
128
127
131
133
126
118
120
131
137
130
116
109
114
124
131
137
151
173
192
198
192
183
182
189
196
197
189
178
165
157
155
155
152
145
142
151
169
183
182
170
157
150
148
146
140
128
109
88
68
58
57
59
57
49
41
36
34
29
17
6
2
7
12
4
-21
-54
-81
-97
-106
-115
-128
-136
-133
-121
-108
-101
-97
-89
-78
-72
-79
-95
-112
-126
-137
-147
-154
-155
-151
-149
-153
-162
-168
-166
-154
-134
-109
-88
-83
-95
-116
-129
-129
-124
-123
-128
-130
-123
-117
-123
-137
-142
-124
-93
-73
-76
-90
-89
-65
-31
-11
-13
-22
-22
-15
-15
-29
-47
-52
-39
-20
-10
-12
-16
-12
0
15
25
27
26
27
33
43
52
57
58
54
47
39
34
32
34
39
51
72
100
126
143
149
146
137
127
122
124
127
122
111
102
103
109
112
110
113
129
148
154
140
120
114
124
134
127
104
81
72
75
79
74
63
52
47
50
59
