-23
-10
8
21
25
20
12
5
5
12
19
21
12
-1
-8
-6
2
8
5
-3
-11
-16
-22
-29
-37
-42
-42
-34
-22
-10
-2
1
-1
-6
-11
-15
-16
-14
-14
-16
-18
-16
-14
-15
-17
-17
-12
-6
-5
-9
-12
-8
1
5
3
-1
-2
1
6
6
3
-2
-9
-15
-20
-20
-16
-9
-3
5
16
29
40
46
48
45
40
35
30
27
25
19
8
-6
-15
-15
-7
3
10
11
8
7
9
12
14
13
9
5
-1
-4
-3
2
6
5
0
-3
-2
3
7
6
0
-8
-15
-19
-19
-17
-16
-16
-12
-4
4
5
-3
-14
-20
-19
-17
-18
-20
-20
-17
-18
-23
-29
-33
-33
-34
-36
-37
-34
-29
-27
-27
-28
-26
-23
-20
-18
-15
-13
-13
-17
-21
-19
-10
0
6
4
2
7
20
31
32
25
19
22
29
34
35
35
36
40
47
57
69
79
83
81
78
76
73
67
59
50
44
44
49
55
60
60
55
45
34
27
27
33
40
40
31
18
6
-2
-7
-12
-19
-26
-31
-38
-50
-66
-81
-91
-95
-97
-100
-103
-103
-101
-102
-106
-113
-120
-126
-127
-124
-116
-107
-102
-103
-106
-105
-100
-93
-90
-89
-87
-82
-76
-73
-70
-65
-57
-48
-33
-13
9
22
24
20
18
21
25
29
35
47
62
75
79
78
79
87
101
116
129
138
142
144
146
150
152
151
147
145
150
158
160
151
134
120
113
110
103
91
80
75
73
66
54
41
33
29
27
24
21
17
10
0
-11
-15
-11
-7
-11
-28
-53
-75
-90
-98
-108
-122
-141
-164
-187
-204
-212
-211
-210
-216
-231
-250
-266
-283
-301
-320
-334
-338
-330
-317
-305
-296
-283
-263
-238
-213
-186
-154
-119
-86
-62
-45
-29
-5
28
67
106
141
168
184
191
192
192
196
205
218
231
240
241
233
223
217
215
214
213
211
210
206
198
186
174
165
158
158
167
184
202
211
210
205
202
202
203
205
207
210
210
209
206
199
185
167
154
149
147
138
121
97
72
48
27
7
-13
-38
-67
-99
-130
-161
-194
-226
-255
-280
-303
-331
-365
-404
-442
-477
-508
-535
-559
-578
-591
-598
-599
-601
-604
-604
-590
-556
-507
-453
-403
-358
-313
-264
-211
-158
-104
-47
16
83
150
212
268
318
356
378
388
398
417
444
468
475
465
444
421
397
373
347
322
303
297
300
304
305
301
296
293
293
298
310
334
368
407
445
475
489
479
451
425
418
433
456
464
451
423
393
370
343
303
248
188
139
100
60
6
-60
-127
-184
-231
-276
-323
-372
-421
-467
-513
-562
-615
-666
-705
-730
-750
-774
-803
-829
-848
-864
-879
-892
-896
-892
-885
-878
-868
-851
-827
-798
-762
-709
-638
-553
-466
-384
-311
-247
-188
-123
-41
57
160
250
321
378
428
471
500
514
517
519
528
547
567
574
555
511
464
438
440
456
465
463
460
466
477
486
496
520
562
618
675
729
776
814
844
875
911
953
990
1015
1025
1018
992
949
890
822
747
663
569
470
368
260
139
9
-120
-239
-346
-445
-541
-634
-722
-801
-867
-922
-974
-1024
-1063
-1082
-1083
-1084
-1096
-1113
-1116
-1102
-1085
-1080
-1082
-1077
-1059
-1037
-1017
-1002
-990
-980
-970
-953
-919
-864
-800
-740
-691
-644
-586
-516
-438
-353
-253
-139
-25
70
143
205
267
331
397
468
544
618
671
686
665
627
593
573
565
563
562
560
553
537
513
488
468
463
479
517
572
633
693
750
806
863
924
998
1091
1199
1308
1401
1467
1503
1510
1496
1475
1451
1416
1349
1239
1088
907
703
482
256
40
-159
-351
-548
-748
-940
-1113
-1268
-1407
-1527
-1613
-1653
-1648
-1613
-1563
-1509
-1453
-1393
-1328
-1252
-1158
-1055
-962
-891
-836
-786
-740
-707
-688
-679
-679
-698
-741
-796
-835
-846
-838
-830
-829
-824
-798
-748
-682
-610
-531
-441
-334
-209
-68
79
221
346
457
572
699
821
903
927
907
877
858
852
846
827
786
731
678
635
590
542
510
525
590
675
745
793
837
908
1016
1157
1311
1458
1587
1700
1789
1832
1812
1738
1652
1589
1549
1489
1362
1153
889
617
373
159
-47
-265
-491
-701
-879
-1028
-1161
-1278
-1361
-1385
-1343
-1262
-1185
-1136
-1107
-1071
-1012
-932
-841
-742
-643
-562
-518
-523
-570
-648
-743
-846
-945
-1033
-1114
-1195
-1280
-1364
-1443
-1523
-1608
-1684
-1717
-1675
-1562
-1422
-1302
-1210
-1113
-973
-787
-577
-367
-160
47
244
413
549
667
788
913
1018
1075
1077
1046
1013
984
940
858
749
651
595
575
559
525
491
486
523
579
626
662
716
820
975
1153
1335
1531
1761
2009
2206
2272
2187
2027
1918
1928
1995
1979
1784
1446
1080
770
509
250
-25
-300
-563
-820
-1065
-1275
-1442
-1582
-1685
-1685
-1517
-1221
-943
-816
-826
-827
-681
-360
42
388
580
620
594
591
603
548
378
160
-10
-126
-283
-561
-938
-1320
-1627
-1833
-1970
-2093
-2254
-2448
-2598
-2618
-2507
-2361
-2271
-2222
-2107
-1851
-1487
-1125
-841
-629
-420
-161
140
426
643
785
889
991
1090
1151
1146
1092
1034
991
936
826
667
509
390
298
207
122
88
128
225
336
439
537
656
804
970
1141
1326
1561
1885
2293
2696
2938
2894
2616
2345
2337
2586
2792
2631
2083
1440
1002
786
579
198
-336
-874
-1305
-1617
-1859
-2081
-2309
-2505
-2574
-2434
-2145
-1876
-1747
-1672
-1444
-950
-289
334
783
1053
1223
1391
1638
1961
2231
2255
1980
1563
1228
1017
786
409
-76
-555
-981
-1387
-1786
-2154
-2487
-2797
-3053
-3182
-3163
-3075
-3013
-2972
-2871
-2647
-2320
-1943
-1541
-1120
-710
-351
-51
219
473
681
832
965
1115
1226
1200
1023
804
655
575
487
349
184
23
-116
-214
-257
-276
-322
-396
-406
-266
5
281
466
586
754
1027
1348
1627
1877
2239
2829
3552
4074
4057
3493
2834
2657
3129
3759
3824
3058
1899
1023
683
572
272
-309
-971
-1525
-1948
-2291
-2599
-2920
-3271
-3518
-3439
-2988
-2458
-2208
-2249
-2199
-1737
-960
-216
326
801
1376
1995
2463
2673
2663
2541
2430
2449
2586
2612
2223
1377
391
-340
-721
-969
-1323
-1815
-2337
-2799
-3161
-3394
-3496
-3538
-3582
-3591
-3456
-3150
-2771
-2425
-2104
-1726
-1260
-767
-320
77
462
849
1195
1437
1526
1463
1304
1139
1015
900
716
440
125
-151
-368
-558
-742
-902
-1007
-1053
-1054
-1031
-982
-894
-743
-532
-285
-23
278
639
1021
1345
1610
1949
2526
3367
4285
4942
5014
4443
3600
3145
3478
4273
4642
3977
2571
1321
791
724
494
-152
-949
-1585
-2046
-2469
-2865
-3176
-3433
-3680
-3764
-3475
-2902
-2467
-2418
-2480
-2158
-1356
-470
142
579
1166
1968
2715
3138
3225
3102
2883
2651
2502
2410
2181
1632
834
44
-579
-1105
-1625
-2097
-2442
-2720
-3067
-3475
-3779
-3869
-3819
-3735
-3604
-3345
-2970
-2561
-2147
-1685
-1182
-724
-361
-27
365
803
1200
1491
1667
1700
1560
1286
1010
823
672
434
97
-235
-490
-727
-1006
-1256
-1350
-1300
-1263
-1313
-1347
-1221
-973
-742
-568
-325
66
521
900
1199
1520
1920
2378
2930
3676
4546
5152
5059
4315
3573
3537
4211
4809
4494
3235
1831
1069
957
881
366
-480
-1288
-1899
-2389
-2797
-3077
-3297
-3596
-3910
-3905
-3430
-2824
-2588
-2711
-2650
-1997
-975
-110
398
794
1361
2107
2866
3457
3725
3599
3253
3020
3023
2920
2300
1239
290
-177
-411
-907
-1752
-2564
-3022
-3217
-3407
-3642
-3796
-3829
-3845
-3866
-3771
-3476
-3079
-2702
-2312
-1795
-1170
-596
-153
239
661
1055
1332
1512
1668
1757
1667
1403
1114
883
628
265
-121
-397
-591
-845
-1177
-1433
-1505
-1479
-1515
-1619
-1663
-1542
-1284
-964
-624
-279
9
210
412
781
1365
2015
2576
3116
3851
4768
5450
5398
4624
3799
3709
4452
5234
5059
3732
2073
1092
974
1034
574
-406
-1409
-2109
-2558
-2895
-3131
-3323
-3616
-3997
-4119
-3720
-3069
-2728
-2797
-2737
-2067
-1006
-169
217
511
1103
1958
2790
3397
3699
3620
3239
2887
2857
2943
2602
1624
469
-285
-608
-954
-1597
-2361
-2972
-3414
-3784
-4035
-4079
-4026
-4075
-4172
-4033
-3539
-2947
-2542
-2262
-1831
-1184
-539
-65
321
739
1120
1328
1401
1509
1680
1735
1517
1103
688
378
150
-51
-280
-602
-1010
-1365
-1507
-1471
-1476
-1647
-1829
-1775
-1453
-1098
-913
-848
-681
-279
295
842
1204
1377
1532
1901
2601
3560
4591
5453
5838
5491
4542
3693
3715
4623
5433
5079
3543
1909
1172
1230
1172
420
-738
-1702
-2289
-2712
-3090
-3356
-3554
-3879
-4279
-4358
-3873
-3184
-2852
-2911
-2788
-2062
-1008
-214
151
441
998
1778
2537
3149
3564
3682
3486
3235
3210
3258
2823
1651
240
-616
-740
-743
-1276
-2298
-3238
-3694
-3757
-3720
-3721
-3759
-3827
-3894
-3811
-3437
-2852
-2338
-2069
-1908
-1567
-944
-223
351
709
949
1154
1326
1443
1524
1581
1577
1445
1163
757
287
-177
-564
-833
-1004
-1145
-1310
-1496
-1665
-1770
-1792
-1735
-1621
-1458
-1237
-943
-604
-280
-25
201
506
957
1487
1955
2352
2915
3930
5305
6388
6403
5253
3857
3471
4455
5771
5895
4360
2238
1003
1024
1382
1058
-32
-1251
-2123
-2662
-3018
-3221
-3395
-3809
-4475
-4873
-4495
-3578
-2954
-3033
-3292
-2938
-1885
-757
-60
327
809
1561
2503
3486
4279
4503
3994
3166
2751
2964
3209
2750
1577
335
-451
-860
-1270
-1872
-2602
-3332
-3929
-4220
-4140
-3908
-3890
-4154
-4354
-4118
-3490
-2830
-2380
-2039
-1580
-937
-226
402
868
1168
1376
1589
1845
2050
2071
1859
1510
1135
761
352
-79
-461
-762
-1037
-1344
-1657
-1903
-2057
-2155
-2195
-2126
-1919
-1662
-1459
-1315
-1115
-788
-384
-4
342
706
1104
1496
1900
2442
3266
4374
5522
6248
6112
5150
4101
3956
4969
6180
6191
4603
2466
1188
1094
1303
886
-181
-1311
-2139
-2739
-3205
-3464
-3607
-3962
-4602
-5001
-4619
-3698
-3098
-3202
-3425
-2984
-1906
-887
-334
60
739
1683
2588
3309
3874
4189
4139
3919
3916
4082
3820
2696
1152
88
-168
-213
-782
-1912
-3026
-3668
-3881
-3940
-3992
-4053
-4158
-4300
-4314
-3983
-3338
-2678
-2257
-2000
-1643
-1071
-422
126
556
951
1348
1686
1905
1984
1942
1809
1643
1458
1180
703
78
-479
-802
-983
-1255
-1681
-2073
-2234
-2185
-2068
-1948
-1791
-1628
-1550
-1566
-1496
-1157
-569
20
395
577
805
1276
1952
2652
3335
4186
5312
6352
6592
5703
4330
3747
4603
6085
6547
5176
2867
1277
1102
1549
1434
444
-857
-1910
-2627
-3109
-3369
-3526
-3880
-4525
-5008
-4796
-4016
-3423
-3451
-3649
-3250
-2147
-964
-246
113
534
1186
1959
2753
3537
4141
4363
4272
4193
4211
3973
3147
1961
986
454
30
-688
-1684
-2639
-3337
-3796
-4077
-4193
-4210
-4272
-4406
-4435
-4170
-3669
-3170
-2807
-2479
-2028
-1439
-813
-231
294
753
1126
1411
1648
1848
1991
2048
2002
1796
1363
735
104
-337
-594
-862
-1282
-1772
-2127
-2245
-2209
-2154
-2134
-2116
-2069
-1968
-1787
-1482
-1055
-560
-99
267
550
849
1250
1741
2253
2839
3732
5049
6410
7007
6347
4954
4155
4840
6448
7337
6376
4069
2034
1369
1702
1817
1011
-378
-1619
-2379
-2778
-2995
-3191
-3620
-4417
-5179
-5209
-4370
-3439
-3230
-3613
-3680
-2902
-1683
-711
-129
386
1017
1681
2376
3248
4183
4752
4726
4414
4186
3947
3356
2468
1718
1270
729
-279
-1542
-2525
-3057
-3440
-3903
-4273
-4317
-4174
-4177
-4370
-4435
-4154
-3662
-3191
-2719
-2091
-1350
-747
-384
-64
439
1065
1551
1773
1850
1941
2043
2048
1882
1538
1027
406
-192
-632
-912
-1155
-1458
-1794
-2088
-2316
-2471
-2496
-2332
-2062
-1866
-1836
-1833
-1651
-1228
-699
-205
202
547
850
1158
1574
2215
3123
4265
5533
6626
7031
6390
5092
4267
4837
6396
7349
6411
4002
1863
1271
1813
2074
1230
-317
-1710
-2564
-3002
-3220
-3384
-3770
-4510
-5224
-5243
-4460
-3621
-3502
-3914
-3935
-3043
-1695
-652
-116
269
820
1570
2496
3545
4421
4696
4387
4102
4340
4733
4423
3137
1585
625
335
94
-609
-1726
-2884
-3743
-4110
-4012
-3772
-3815
-4238
-4629
-4505
-3842
-3084
-2603
-2365
-2097
-1663
-1130
-573
5
579
1070
1443
1730
1929
1954
1789
1572
1472
1445
1265
784
126
-472
-915
-1283
-1646
-1942
-2097
-2154
-2228
-2331
-2359
-2214
-1948
-1685
-1496
-1318
-1058
-690
-278
121
484
840
1213
1602
2018
2555
3398
4648
6069
7021
6855
5607
4295
4179
5474
6865
6696
4708
2369
1303
1615
2002
1363
-137
-1600
-2505
-2974
-3246
-3439
-3749
-4410
-5194
-5419
-4749
-3809
-3517
-3923
-4094
-3314
-1949
-902
-475
-194
408
1285
2189
3067
3875
4372
4398
4238
4282
4413
4046
2959
1685
920
674
340
-519
-1702
-2718
-3320
-3580
-3640
-3633
-3733
-4022
-4307
-4233
-3717
-3077
-2682
-2523
-2304
-1838
-1228
-654
-160
303
741
1122
1458
1750
1942
1980
1931
1888
1809
1525
976
318
-218
-559
-813
-1111
-1465
-1808
-2095
-2325
-2471
-2459
-2285
-2066
-1950
-1911
-1773
-1408
-906
-463
-172
70
388
801
1242
1703
2313
3282
4701
6296
7386
7264
5909
4339
4002
5412
7382
7909
6149
3340
1557
1574
2282
2134
783
-943
-2226
-2930
-3275
-3430
-3661
-4326
-5352
-5957
-5469
-4319
-3718
-4139
-4683
-4208
-2758
-1390
-799
-638
-220
642
1717
2821
3830
4434
4407
4070
4077
4530
4707
3924
2478
1326
960
899
384
-765
-2109
-3140
-3643
-3676
-3497
-3494
-3939
-4643
-5037
-4718
-3890
-3110
-2706
-2528
-2253
-1743
-1092
-464
50
452
824
1247
1718
2122
2340
2349
2224
2024
1738
1322
798
250
-252
-701
-1131
-1564
-1984
-2341
-2569
-2609
-2483
-2296
-2176
-2130
-2050
-1805
-1417
-1029
-760
-554
-261
216
793
1298
1646
1969
2556
3672
5301
6948
7759
7121
5431
4118
4509
6387
7925
7369
4870
2359
1543
2220
2781
2049
289
-1491
-2670
-3255
-3462
-3539
-3882
-4738
-5713
-5960
-5212
-4270
-4118
-4646
-4794
-3905
-2489
-1431
-910
-457
226
1043
1988
3212
4493
5101
4678
3903
3847
4601
5108
4406
2760
1237
480
208
-197
-1012
-2102
-3168
-3899
-4105
-3942
-3873
-4229
-4776
-4938
-4430
-3566
-2880
-2590
-2487
-2267
-1777
-1040
-214
456
800
938
1188
1676
2116
2141
1778
1445
1414
1487
1262
631
-144
-764
-1156
-1412
-1642
-1914
-2245
-2556
-2696
-2589
-2333
-2133
-2072
-2059
-1927
-1617
-1196
-786
-455
-211
27
370
871
1454
2041
2773
3972
5684
7262
7690
6603
4984
4494
5851
7878
8486
6703
3709
1660
1563
2454
2659
1503
-371
-2025
-3059
-3505
-3545
-3566
-4119
-5269
-6217
-6038
-4881
-3939
-4082
-4783
-4814
-3707
-2164
-1041
-448
39
684
1477
2471
3716
4878
5338
4947
4355
4323
4789
4974
4315
3042
1749
754
4
-631
-1267
-2058
-3026
-3854
-4141
-3952
-3854
-4269
-4904
-5081
-4501
-3554
-2821
-2512
-2403
-2185
-1681
-884
37
777
1122
1201
1379
1857
2417
2696
2574
2243
1892
1525
1047
464
-121
-607
-960
-1216
-1490
-1906
-2424
-2806
-2842
-2618
-2429
-2453
-2551
-2502
-2252
-1940
-1660
-1371
-983
-482
114
754
1325
1700
1964
2517
3780
5676
7408
7930
6847
5024
4096
5041
7042
8072
6818
4061
1867
1486
2240
2521
1497
-355
-2105
-3225
-3672
-3676
-3713
-4345
-5564
-6503
-6240
-5012
-4119
-4436
-5276
-5232
-3850
-2052
-872
-370
58
753
1637
2677
3893
4964
5321
4904
4411
4499
4907
4799
3821
2499
1491
881
317
-408
-1251
-2175
-3149
-3932
-4213
-4087
-4073
-4502
-5028
-5022
-4338
-3481
-2975
-2823
-2635
-2134
-1359
-505
253
809
1160
1441
1791
2163
2337
2199
1882
1627
1496
1337
974
407
-216
-757
-1192
-1575
-1956
-2336
-2661
-2838
-2816
-2684
-2627
-2728
-2810
-2625
-2142
-1623
-1297
-1102
-781
-242
375
890
1294
1677
2116
2732
3770
5373
7132
8076
7437
5630
4212
4563
6409
7891
7296
4787
2204
1171
1562
1973
1373
-44
-1505
-2593
-3332
-3796
-4067
-4447
-5177
-5950
-6054
-5306
-4450
-4345
-4825
-4874
-3861
-2254
-942
-236
212
769
1517
2475
3647
4753
5261
5005
4495
4387
4659
4691
4061
3005
1961
1041
133
-695
-1288
-1771
-2466
-3357
-3982
-4051
-3911
-4116
-4642
-4898
-4503
-3765
-3222
-2981
-2730
-2266
-1694
-1130
-509
221
898
1338
1590
1845
2128
2268
2158
1907
1644
1334
870
295
-241
-683
-1118
-1600
-2061
-2410
-2645
-2802
-2873
-2852
-2805
-2810
-2808
-2634
-2208
-1696
-1327
-1146
-961
-590
-44
532
1074
1613
2131
2541
2885
3497
4731
6440
7778
7800
6426
4788
4348
5489
6989
7116
5311
2756
1150
1050
1506
1281
89
-1441
-2678
-3490
-3964
-4163
-4275
-4662
-5362
-5833
-5519
-4662
-4096
-4221
-4449
-3961
-2705
-1376
-507
33
645
1478
2452
3503
4489
5048
4911
4385
4161
4519
4900
4530
3281
1766
627
3
-376
-808
-1492
-2478
-3559
-4305
-4451
-4249
-4203
-4487
-4737
-4522
-3836
-3071
-2569
-2349
-2185
-1836
-1183
-295
577
1154
1377
1469
1681
2025
2286
2295
2061
1698
1276
830
386
-50
-529
-1087
-1666
-2151
-2505
-2781
-2996
-3068
-2942
-2736
-2644
-2703
-2705
-2452
-1969
-1487
-1159
-929
-639
-207
356
981
1567
1997
2243
2503
3164
4510
6353
7939
8320
7120
5082
3780
4327
6165
7313
6249
3497
1112
506
1148
1472
676
-776
-2109
-3059
-3702
-4034
-4159
-4479
-5246
-5944
-5755
-4669
-3721
-3746
-4318
-4272
-3153
-1638
-547
72
664
1427
2246
3106
4088
4929
5124
4633
4170
4372
4938
4905
3807
2166
837
121
-280
-753
-1458
-2381
-3353
-4022
-4109
-3791
-3649
-4016
-4563
-4663
-4133
-3362
-2802
-2507
-2248
-1835
-1230
-476
318
959
1327
1536
1829
2245
2524
2400
1931
1421
1076
826
506
56
-489
-1107
-1782
-2422
-2871
-3042
-3010
-2934
-2936
-3026
-3120
-3079
-2801
-2300
-1762
-1387
-1217
-1066
-723
-162
452
974
1398
1786
2130
2382
2656
3291
4595
6387
7851
8013
6627
4642
3639
4446
6244
7161
6033
3493
1268
432
587
633
0
-1105
-2279
-3313
-4054
-4346
-4351
-4557
-5183
-5711
-5467
-4573
-3921
-4024
-4350
-4006
-2841
-1478
-447
288
940
1517
2051
2810
3919
4930
5232
4838
4429
4447
4537
4076
3035
1916
1045
268
-586
-1380
-1957
-2485
-3209
-3983
-4380
-4265
-4034
-4097
-4360
-4371
-3924
-3264
-2716
-2311
-1893
-1405
-900
-369
252
891
1368
1621
1809
2048
2221
2120
1753
1322
980
677
313
-145
-698
-1359
-2067
-2627
-2856
-2802
-2735
-2870
-3153
-3324
-3200
-2827
-2399
-2067
-1871
-1728
-1509
-1102
-546
-11
370
697
1175
1836
2446
2779
2945
3380
4486
6220
7927
8601
7621
5487
3789
3948
5772
7371
6915
4421
1655
250
251
529
216
-675
-1785
-2934
-3981
-4609
-4699
-4649
-4944
-5410
-5392
-4694
-3972
-3861
-4120
-3939
-2998
-1749
-695
172
1038
1793
2261
2664
3426
4477
5206
5204
4803
4562
4510
4164
3292
2203
1284
524
-269
-1079
-1768
-2412
-3211
-4047
-4485
-4345
-4030
-4046
-4363
-4477
-4079
-3364
-2700
-2217
-1841
-1515
-1200
-766
-86
724
1360
1644
1718
1807
1944
1981
1838
1562
1223
814
321
-239
-842
-1472
-2056
-2475
-2668
-2724
-2823
-3055
-3338
-3488
-3410
-3146
-2790
-2374
-1924
-1516
-1235
-1018
-693
-177
406
893
1267
1654
2118
2570
2914
3274
4045
5552
7505
8840
8454
6366
4093
3471
4932
6982
7569
5943
3181
974
124
186
289
-64
-911
-2121
-3432
-4405
-4746
-4692
-4825
-5318
-5679
-5398
-4683
-4183
-4141
-4091
-3549
-2603
-1631
-711
297
1275
1907
2264
2879
3983
5051
5406
5079
4655
4433
4129
3491
2707
2037
1322
261
-1008
-1978
-2451
-2795
-3380
-4047
-4372
-4297
-4179
-4273
-4408
-4287
-3848
-3262
-2680
-2157
-1711
-1328
-905
-328
360
968
1360
1597
1793
1955
1988
1873
1659
1359
918
367
-139
-491
-800
-1287
-1999
-2711
-3138
-3209
-3085
-2974
-2957
-2984
-2948
-2783
-2504
-2198
-1933
-1699
-1398
-971
-441
112
629
1088
1496
1865
2204
2522
2862
3388
4390
6017
7848
8840
8053
5731
3492
3086
4694
6636
6919
5123
2584
870
351
326
93
-475
-1282
-2331
-3489
-4316
-4501
-4391
-4629
-5284
-5655
-5195
-4261
-3695
-3726
-3779
-3291
-2345
-1341
-415
515
1381
2028
2589
3383
4397
5151
5298
5046
4796
4536
3981
3147
2425
1941
1305
187
-1097
-1965
-2349
-2729
-3382
-3985
-4133
-3936
-3871
-4131
-4423
-4373
-3933
-3286
-2585
-1914
-1395
-1099
-869
-419
318
1064
1533
1747
1925
2101
2097
1812
1414
1098
849
507
29
-497
-1025
-1604
-2213
-2696
-2923
-2967
-3029
-3208
-3403
-3428
-3209
-2822
-2427
-2128
-1929
-1729
-1423
-961
-383
235
804
1267
1605
1875
2153
2468
2837
3437
4630
6514
8393
8970
7539
5005
3404
4030
6133
7613
7022
4730
2253
736
225
112
-102
-601
-1452
-2651
-3908
-4709
-4868
-4818
-5115
-5655
-5781
-5176
-4348
-3957
-3991
-3865
-3245
-2339
-1407
-383
797
1845
2454
2828
3488
4480
5223
5225
4731
4348
4291
4221
3792
2977
1922
744
-383
-1223
-1733
-2194
-2874
-3642
-4118
-4185
-4149
-4298
-4536
-4541
-4189
-3624
-3025
-2469
-2006
-1656
-1309
-787
-66
640
1128
1420
1677
1916
2010
1885
1652
1418
1161
798
354
-95
-548
-1078
-1675
-2235
-2703
-3120
-3493
-3706
-3663
-3446
-3232
-3063
-2830
-2502
-2240
-2157
-2089
-1702
-911
-9
652
1022
1303
1664
2094
2510
2856
3142
3559
4502
6155
7903
8485
7153
4756
3249
3893
5953
7371
6699
4318
1802
355
-17
-9
-162
-654
-1571
-2885
-4189
-4913
-4961
-4904
-5223
-5635
-5462
-4635
-3849
-3698
-3922
-3833
-3170
-2215
-1176
44
1404
2479
2968
3216
3808
4758
5425
5374
4914
4637
4600
4325
3462
2189
906
-152
-938
-1445
-1793
-2283
-3103
-4006
-4507
-4473
-4282
-4336
-4535
-4458
-3911
-3170
-2606
-2292
-2018
-1610
-1071
-471
155
782
1329
1723
1952
2068
2104
2065
1917
1630
1186
643
106
-356
-810
-1395
-2140
-2857
-3287
-3362
-3279
-3289
-3429
-3522
-3383
-3018
-2577
-2227
-2016
-1866
-1583
-1036
-302
353
731
891
1099
1547
2184
2806
3322
3953
5115
6942
8799
9467
8167
5619
3781
4167
6284
8006
7592
5262
2662
1086
511
243
-94
-515
-1193
-2406
-3940
-5056
-5306
-5138
-5267
-5707
-5785
-5175
-4404
-4133
-4243
-4102
-3449
-2592
-1707
-552
948
2270
2910
3163
3756
4776
5449
5225
4575
4401
4819
5045
4387
3001
1512
303
-615
-1263
-1652
-1996
-2617
-3524
-4310
-4641
-4639
-4646
-4721
-4626
-4220
-3663
-3159
-2725
-2280
-1833
-1400
-869
-131
692
1322
1649
1824
2014
2168
2155
1969
1724
1448
1060
530
-27
-509
-984
-1603
-2352
-3012
-3375
-3442
-3405
-3435
-3557
-3648
-3566
-3262
-2843
-2476
-2239
-2005
-1584
-923
-194
390
774
1101
1528
2080
2642
3124
3660
4620
6295
8355
9721
9277
7065
4651
3981
5528
7724
8372
6708
3895
1615
490
51
-258
-576
-1051
-2055
-3609
-5006
-5494
-5278
-5280
-5902
-6445
-6098
-5056
-4254
-4102
-4104
-3682
-2893
-2027
-991
435
1935
2847
3100
3426
4407
5606
6101
5636
4878
4507
4499
4382
3864
2919
1600
92
-1138
-1699
-1823
-2222
-3230
-4344
-4846
-4670
-4396
-4445
-4652
-4630
-4274
-3708
-3011
-2225
-1525
-1079
-770
-292
453
1222
1749
2019
2168
2220
2115
1876
1634
1432
1155
690
103
-456
-949
-1477
-2105
-2745
-3236
-3491
-3551
-3538
-3593
-3755
-3886
-3733
-3210
-2557
-2160
-2098
-2040
-1575
-682
280
952
1318
1613
2034
2562
3057
3515
4201
5480
7363
9180
9825
8625
6140
4053
3878
5567
7412
7582
5741
3124
1127
151
-226
-432
-677
-1263
-2505
-4156
-5352
-5545
-5212
-5292
-5930
-6316
-5805
-4810
-4181
-4110
-4015
-3477
-2673
-1813
-660
956
2507
3241
3232
3428
4419
5653
6147
5707
4986
4547
4285
3861
3171
2272
1133
-158
-1212
-1710
-1919
-2444
-3418
-4296
-4570
-4430
-4386
-4539
-4517
-4120
-3569
-3108
-2648
-2022
-1338
-841
-506
-52
645
1372
1864
2113
2246
2284
2155
1911
1685
1489
1158
608
-44
-632
-1159
-1728
-2346
-2888
-3268
-3534
-3756
-3927
-3984
-3909
-3707
-3384
-2976
-2602
-2342
-2106
-1659
-909
-46
624
994
1215
1525
2038
2713
3384
3858
4148
4661
5934
7882
9399
9114
6886
4350
3616
5196
7423
8036
6304
3430
1085
-80
-440
-510
-573
-986
-2149
-3872
-5208
-5387
-4823
-4662
-5361
-6106
-5922
-4912
-4024
-3750
-3692
-3338
-2731
-2052
-1060
526
2276
3294
3359
3304
3972
5111
5760
5498
4874
4523
4422
4126
3440
2470
1318
80
-946
-1489
-1730
-2202
-3099
-3993
-4395
-4369
-4339
-4434
-4384
-4021
-3589
-3340
-3125
-2620
-1868
-1260
-970
-684
-21
942
1775
2186
2252
2168
2016
1805
1603
1442
1218
780
161
-460
-984
-1505
-2115
-2737
-3196
-3432
-3526
-3566
-3566
-3523
-3480
-3445
-3329
-3008
-2467
-1806
-1149
-543
-25
359
612
863
1272
1901
2634
3273
3671
3849
4087
4862
6449
8385
9465
8633
6164
3786
3324
4981
7053
7467
5665
2881
741
-162
-281
-220
-309
-859
-2133
-3807
-4947
-4979
-4499
-4587
-5419
-6014
-5560
-4454
-3736
-3740
-3887
-3620
-2989
-2148
-894
862
2491
3156
2940
2907
3839
5254
6063
5858
5178
4600
4166
3689
3159
2538
1582
246
-960
-1482
-1492
-1744
-2610
-3644
-4252
-4414
-4497
-4591
-4468
-4077
-3728
-3585
-3347
-2668
-1748
-1127
-952
-762
-95
916
1765
2176
2276
2240
2089
1850
1693
1674
1571
1104
337
-402
-942
-1441
-2053
-2653
-3031
-3226
-3449
-3719
-3829
-3681
-3479
-3425
-3412
-3156
-2586
-1886
-1246
-661
-92
417
814
1175
1636
2229
2816
3226
3435
3632
4148
5275
7019
8837
9683
8685
6155
3794
3456
5337
7578
7911
5801
2752
634
-5
112
167
-105
-774
-1990
-3583
-4816
-5051
-4646
-4611
-5331
-5994
-5664
-4523
-3660
-3665
-4033
-3967
-3294
-2282
-999
605
2142
2943
2958
3008
3823
5085
5879
5856
5512
5282
4959
4199
3200
2399
1769
894
-269
-1217
-1645
-1939
-2634
-3621
-4311
-4452
-4397
-4471
-4524
-4273
-3846
-3576
-3442
-3063
-2309
-1532
-1063
-735
-147
739
1539
1945
2034
2017
1962
1856
1802
1868
1860
1452
624
-265
-879
-1270
-1701
-2264
-2805
-3193
-3476
-3712
-3830
-3731
-3481
-3240
-3061
-2838
-2486
-2022
-1503
-928
-344
137
464
792
1327
2061
2727
3115
3269
3365
3535
3946
4925
6637
8520
9303
8047
5309
3095
3178
5349
7455
7422
5154
2346
600
115
138
107
-101
-690
-1968
-3686
-4904
-5001
-4504
-4486
-5164
-5672
-5293
-4446
-4034
-4234
-4359
-3877
-2944
-1873
-607
885
2095
2462
2297
2650
4009
5605
6287
5866
5110
4644
4319
3798
3158
2611
1945
824
-525
-1405
-1578
-1649
-2282
-3340
-4147
-4409
-4434
-4529
-4569
-4357
-4013
-3777
-3571
-3093
-2293
-1511
-1032
-703
-162
670
1484
1977
2138
2133
2056
1952
1899
1924
1835
1386
589
-233
-827
-1259
-1735
-2271
-2730
-3072
-3373
-3610
-3612
-3350
-3076
-3054
-3177
-3057
-2482
-1685
-1058
-749
-555
-206
394
1143
1855
2376
2677
2848
2990
3131
3310
3761
4845
6623
8422
9035
7691
5048
3010
3201
5389
7570
7738
5625
2663
498
-276
-63
466
764
348
-1043
-3005
-4516
-4809
-4249
-3950
-4487
-5230
-5233
-4476
-3849
-3914
-4258
-4144
-3411
-2379
-1216
118
1392
2140
2335
2618
3548
4791
5488
5284
4689
4343
4331
4300
4011
3424
2500
1257
33
-707
-931
-1174
-1913
-2978
-3792
-4088
-4140
-4280
-4477
-4492
-4283
-3993
-3663
-3169
-2519
-1953
-1639
-1393
-874
-23
859
1448
1696
1741
1715
1689
1724
1788
1711
1309
631
-68
-570
-891
-1186
-1559
-2001
-2436
-2770
-2924
-2898
-2804
-2777
-2804
-2746
-2512
-2200
-1947
-1742
-1407
-856
-199
373
796
1130
1436
1716
1998
2338
2722
3040
3282
3733
4793
6441
7916
8126
6623
4261
2740
3278
5467
7472
7504
5345
2449
572
302
931
1434
1288
426
-1046
-2769
-4052
-4350
-3927
-3652
-4027
-4633
-4769
-4385
-4092
-4241
-4444
-4109
-3198
-2136
-1173
-184
870
1686
2051
2290
2946
4014
4861
4948
4431
3878
3610
3492
3269
2832
2188
1373
515
-201
-711
-1174
-1768
-2461
-3054
-3435
-3698
-3965
-4204
-4264
-4094
-3793
-3474
-3135
-2737
-2308
-1907
-1492
-934
-203
543
1072
1283
1252
1156
1145
1274
1446
1464
1167
597
-33
-505
-759
-893
-1060
-1356
-1761
-2144
-2359
-2375
-2312
-2315
-2377
-2358
-2168
-1889
-1659
-1486
-1225
-789
-258
204
536
801
1073
1344
1609
1900
2232
2530
2764
3145
4042
5488
6814
7012
5707
3784
2822
3728
5813
7295
6804
4548
2038
726
880
1697
2215
1958
895
-767
-2536
-3713
-3888
-3438
-3203
-3619
-4316
-4706
-4698
-4649
-4685
-4504
-3858
-2978
-2250
-1688
-990
-91
703
1213
1738
2657
3773
4398
4138
3414
3018
3285
3811
3973
3503
2606
1642
858
313
-72
-451
-935
-1523
-2131
-2688
-3176
-3565
-3790
-3804
-3654
-3440
-3244
-3089
-2966
-2806
-2480
-1886
-1091
-341
114
226
177
212
459
863
1258
1454
1336
918
385
-15
-138
-81
-98
-376
-863
-1326
-1576
-1627
-1647
-1760
-1942
-2065
-2032
-1847
-1609
-1411
-1276
-1130
-897
-570
-219
104
404
695
935
1095
1224
1419
1697
1998
2365
3033
4171
5501
6276
5864
4442
3064
2905
4222
6011
6758
5741
3642
1870
1273
1596
2041
2085
1617
633
-802
-2267
-3077
-2936
-2350
-2169
-2712
-3559
-4152
-4377
-4412
-4299
-3912
-3307
-2772
-2465
-2157
-1550
-689
96
664
1227
1988
2765
3131
2914
2423
2177
2436
2998
3361
3124
2293
1297
626
446
510
453
90
-535
-1305
-2102
-2758
-3080
-3015
-2774
-2673
-2845
-3121
-3243
-3092
-2729
-2250
-1713
-1192
-812
-649
-613
-509
-228
155
496
719
829
805
609
298
65
74
279
444
374
78
-275
-534
-673
-760
-845
-911
-923
-897
-891
-927
-964
-930
-798
-583
-348
-164
-84
-69
-15
163
432
697
890
1032
1186
1434
1875
2608
3596
4529
4898
4375
3242
2386
2672
4114
5673
6061
4885
3007
1728
1622
2229
2711
2598
1892
795
-417
-1338
-1611
-1291
-893
-955
-1571
-2417
-3131
-3575
-3722
-3528
-3015
-2433
-2125
-2194
-2363
-2279
-1854
-1263
-663
-53
553
985
1054
812
565
616
1010
1544
1908
1879
1438
827
398
342
518
608
420
21
-435
-893
-1361
-1757
-1935
-1867
-1729
-1744
-1957
-2220
-2350
-2279
-2044
-1705
-1320
-983
-792
-748
-712
-529
-194
142
326
345
284
217
168
162
238
387
506
476
268
-29
-288
-418
-401
-303
-238
-280
-395
-484
-503
-488
-446
-322
-109
57
30
-148
-237
-55
324
651
755
683
621
696
890
1120
1380
1761
2326
2954
3341
3204
2571
1869
1686
2303
3387
4164
3997
2920
1621
880
973
1590
2200
2415
2074
1224
158
-631
-756
-283
283
405
-93
-983
-1862
-2369
-2319
-1810
-1235
-1039
-1345
-1840
-2065
-1832
-1308
-798
-507
-491
-688
-941
-1046
-881
-513
-139
65
51
-139
-412
-637
-666
-449
-112
101
34
-274
-655
-965
-1133
-1124
-937
-658
-455
-455
-636
-852
-943
-831
-551
-232
-24
2
-104
-229
-286
-239
-98
73
172
119
-52
-210
-232
-112
27
40
-106
-293
-380
-355
-332
-390
-477
-497
-444
-383
-336
-260
-135
-13
67
146
278
426
501
494
487
534
572
536
481
526
679
803
781
666
612
696
852
985
1097
1258
1478
1650
1632
1403
1122
1027
1242
1655
1973
1943
1564
1089
830
915
1221
1500
1556
1348
972
592
355
312
387
430
324
60
-271
-548
-695
-702
-627
-565
-613
-798
-1043
-1209
-1223
-1140
-1068
-1030
-964
-851
-788
-862
-1005
-1024
-810
-466
-222
-227
-440
-696
-839
-811
-655
-462
-325
-301
-388
-521
-602
-563
-402
-183
-1
70
16
-102
-180
-134
32
230
346
325
184
-13
-188
-259
-182
-2
150
141
-53
-322
-500
-483
-296
-82
-11
-157
-435
-657
-669
-467
-188
-4
0
-143
-323
-421
-370
-181
57
213
211
95
-6
11
138
287
394
459
505
539
556
563
570
557
511
468
494
593
674
642
505
378
374
508
696
814
778
604
421
390
573
862
1059
1036
841
628
530
579
724
883
964
900
702
482
369
390
440
394
230
38
-89
-135
-144
-161
-201
-262
-327
-361
-330
-250
-203
-273
-454
-647
-742
-713
-626
-561
-555
-597
-649
-670
-635
-560
-495
-476
-483
-471
-424
-363
-314
-280
-249
-219
-195
-174
-148
-124
-118
-131
-130
-83
2
72
73
-7
-122
-202
-202
-128
-41
-15
-87
-231
-366
-413
-342
-193
-60
-32
-119
-239
-273
-171
5
141
166
98
8
-38
1
125
278
370
334
203
91
91
185
277
288
229
163
141
165
210
243
239
196
135
99
114
161
193
168
96
26
5
42
111
171
194
178
143
124
149
218
302
366
399
417
434
449
450
436
421
422
446
488
533
566
570
534
453
346
254
221
256
309
310
228
93
-37
-114
-127
-98
-73
-103
-211
-353
-445
-428
-331
-249
-254
-341
-443
-498
-482
-420
-359
-347
-397
-471
-511
-488
-429
-381
-362
-360
-366
-382
-407
-420
-403
-361
-312
-269
-235
-210
-193
-173
-137
-91
-55
-34
-3
63
145
184
153
89
69
130
237
310
300
232
173
174
226
278
285
247
200
179
189
202
192
166
156
177
207
204
149
67
-3
-39
-42
-24
3
25
14
-42
-125
-184
-177
-102
-8
45
22
-60
-143
-165
-103
12
115
153
123
66
37
55
95
121
121
119
139
176
199
178
119
63
52
103
189
261
281
246
187
140
121
127
149
173
182
170
144
120
108
101
88
70
60
63
63
30
-44
-126
-168
-157
-130
-128
-157
-190
-206
-209
-212
-217
-222
-235
-263
-304
-340
-352
-337
-308
-285
-281
-297
-320
-329
-313
-273
-219
-162
-109
-73
-67
-88
-106
