6
20
37
38
14
-16
-29
-27
-28
-41
-55
-56
-47
-39
-32
-20
-3
8
6
-2
-6
-8
-16
-29
-32
-16
6
16
12
9
22
41
47
32
9
-4
-5
-4
-11
-23
-31
-31
-25
-25
-37
-52
-56
-37
-4
24
34
30
24
21
15
1
-13
-16
-6
12
28
38
41
33
10
-23
-52
-60
-47
-30
-26
-39
-59
-71
-71
-61
-45
-24
1
30
59
85
100
97
73
34
-2
-20
-17
-2
13
21
26
37
54
67
63
42
14
-11
-29
-43
-48
-36
-8
22
39
45
49
54
49
28
-1
-15
-1
32
61
70
64
57
53
40
8
-36
-72
-84
-78
-66
-56
-45
-33
-27
-33
-48
-66
-88
-115
-138
-143
-121
-88
-69
-79
-108
-130
-129
-108
-84
-75
-83
-98
-109
-106
-92
-73
-49
-13
37
93
138
159
164
167
179
196
209
219
234
259
285
293
276
245
211
175
136
99
80
89
120
151
169
169
156
134
103
67
32
3
-13
-15
-1
20
34
26
-5
-53
-104
-149
-181
-194
-190
-183
-186
-199
-214
-237
-288
-381
-501
-613
-685
-707
-688
-633
-551
-457
-370
-305
-263
-239
-219
-188
-141
-81
-21
30
73
120
163
179
147
81
22
5
40
113
203
291
351
361
324
261
197
149
133
173
298
516
805
1118
1394
1572
1603
1470
1193
826
434
73
-228
-455
-598
-641
-586
-479
-382
-327
-296
-268
-241
-219
-184
-120
-43
5
8
-3
5
11
-33
-154
-312
-444
-515
-537
-537
-527
-498
-441
-371
-321
-321
-374
-460
-550
-627
-682
-705
-680
-596
-457
-287
-112
43
157
215
206
134
13
-123
-229
-266
-220
-107
53
230
389
483
471
330
65
-270
-567
-690
-549
-151
441
1190
2077
2975
3580
3564
2839
1639
325
-866
-1853
-2569
-2884
-2697
-2064
-1209
-413
110
269
109
-224
-565
-794
-862
-742
-410
131
799
1441
1897
2055
1878
1383
662
-117
-747
-1069
-1051
-774
-372
42
379
559
511
209
-298
-883
-1359
-1543
-1344
-833
-210
319
653
789
742
509
129
-283
-590
-719
-686
-528
-284
-25
137
119
-70
-349
-648
-932
-1165
-1286
-1249
-1054
-748
-389
-38
243
401
417
309
126
-71
-225
-299
-302
-225
13
543
1406
2432
3296
3715
3605
3058
2217
1197
96
-963
-1834
-2391
-2553
-2311
-1755
-1075
-493
-142
-14
-4
-26
-47
-42
44
272
631
1040
1412
1697
1843
1752
1350
692
-30
-614
-965
-1094
-1054
-913
-752
-617
-493
-339
-167
-48
-24
-50
-37
62
223
390
505
514
380
121
-180
-436
-600
-681
-702
-672
-573
-386
-129
101
177
48
-212
-474
-656
-749
-775
-751
-688
-583
-435
-265
-124
-63
-76
-109
-101
-25
96
206
245
183
37
-151
-320
-402
-322
-19
553
1396
2394
3268
3690
3487
2745
1686
490
-732
-1842
-2645
-2986
-2836
-2282
-1467
-574
169
572
589
362
102
-46
-48
74
316
679
1126
1558
1830
1805
1405
675
-210
-999
-1490
-1599
-1368
-915
-389
83
427
640
733
694
495
174
-141
-297
-228
-20
154
158
-21
-298
-575
-798
-937
-950
-803
-519
-189
88
268
356
345
184
-160
-618
-1014
-1195
-1153
-1004
-852
-709
-536
-321
-99
71
135
68
-79
-200
-221
-186
-195
-281
-386
-421
-344
-120
335
1124
2226
3412
4308
4591
4158
3140
1774
267
-1221
-2520
-3412
-3717
-3401
-2607
-1571
-547
224
577
509
214
-39
-75
138
534
1041
1580
2059
2355
2327
1867
981
-154
-1243
-2010
-2328
-2216
-1753
-1031
-183
594
1110
1309
1283
1155
967
694
363
67
-120
-231
-357
-551
-807
-1077
-1294
-1359
-1190
-793
-283
207
605
888
1008
891
504
-86
-746
-1347
-1788
-1974
-1854
-1487
-1037
-653
-381
-196
-103
-137
-256
-346
-329
-256
-210
-189
-146
-111
-195
-428
-680
-754
-555
-68
763
2028
3644
5178
5989
5641
4189
2093
-126
-2122
-3690
-4651
-4839
-4229
-2992
-1450
24
1085
1500
1269
663
88
-149
32
543
1224
1899
2384
2540
2298
1636
563
-804
-2160
-3090
-3303
-2803
-1844
-742
267
1029
1443
1485
1283
1068
1007
1081
1161
1175
1118
931
462
-378
-1457
-2478
-3138
-3255
-2784
-1830
-621
587
1587
2228
2392
2037
1240
183
-923
-1867
-2471
-2647
-2441
-2013
-1547
-1190
-979
-844
-651
-346
-3
270
441
567
652
615
328
-246
-1010
-1803
-2470
-2887
-2858
-2174
-819
930
2775
4699
6733
8423
8827
7298
4153
452
-2814
-5147
-6412
-6582
-5753
-4165
-2136
-36
1653
2401
1993
811
-313
-653
-57
1126
2421
3525
4235
4330
3632
2178
237
-1862
-3791
-5151
-5482
-4539
-2589
-321
1577
2752
3185
3000
2397
1658
1057
683
407
105
-173
-311
-399
-761
-1614
-2775
-3697
-3883
-3195
-1866
-289
1156
2155
2505
2174
1299
82
-1308
-2707
-3867
-4488
-4404
-3723
-2768
-1860
-1173
-731
-501
-422
-406
-378
-311
-254
-248
-349
-588
-966
-1422
-1885
-2330
-2651
-2555
-1659
114
2405
4781
7182
9742
12074
13037
11547
7674
2698
-1907
-5393
-7635
-8588
-8151
-6507
-4225
-1933
-66
1121
1466
1085
518
521
1554
3403
5341
6597
6793
5944
4244
1930
-687
-3210
-5241
-6440
-6525
-5384
-3284
-912
955
1916
2066
1765
1356
1128
1363
2200
3459
4641
5183
4684
2992
272
-2956
-5886
-7781
-8242
-7279
-5166
-2389
379
2439
3366
3179
2222
902
-489
-1771
-2811
-3487
-3761
-3733
-3607
-3572
-3646
-3673
-3412
-2708
-1608
-354
724
1372
1454
999
152
-830
-1723
-2442
-3012
-3383
-3313
-2573
-1212
442
2190
4207
6772
9716
12272
13502
12815
10192
6149
1616
-2396
-5237
-6798
-7246
-6732
-5410
-3569
-1613
59
1079
1234
745
334
761
2169
4007
5470
6037
5578
4239
2327
230
-1680
-3157
-4073
-4338
-3852
-2593
-776
1073
2306
2491
1724
603
-130
-50
706
1626
2224
2310
1905
1026
-309
-1927
-3429
-4409
-4643
-4109
-2905
-1287
290
1321
1527
982
-26
-1181
-2215
-2923
-3257
-3369
-3459
-3544
-3418
-2939
-2250
-1686
-1402
-1214
-830
-198
404
632
326
-395
-1298
-2145
-2767
-3053
-2943
-2468
-1720
-827
178
1398
3042
5245
7914
10630
12676
13211
11664
8155
3590
-792
-4142
-6289
-7402
-7525
-6603
-4863
-2877
-1202
-67
517
601
449
645
1735
3620
5518
6570
6465
5419
3753
1682
-547
-2518
-3827
-4334
-4151
-3401
-2159
-683
474
823
411
-168
-293
262
1345
2626
3683
4068
3560
2327
752
-884
-2456
-3777
-4534
-4471
-3628
-2314
-973
-31
238
-145
-864
-1516
-1904
-2112
-2305
-2532
-2723
-2825
-2863
-2866
-2813
-2623
-2233
-1649
-981
-390
6
147
21
-382
-985
-1654
-2250
-2665
-2808
-2614
-2125
-1426
-533
665
2256
4263
6706
9528
12222
13668
12709
9156
4177
-471
-3640
-5298
-5980
-6038
-5477
-4347
-3016
-1960
-1425
-1324
-1366
-1150
-217
1681
4261
6662
7939
7631
5948
3508
959
-1210
-2718
-3486
-3578
-3115
-2254
-1254
-503
-340
-798
-1501
-1875
-1482
-235
1608
3568
5064
5597
4953
3342
1303
-623
-2162
-3305
-4042
-4242
-3818
-2982
-2172
-1697
-1520
-1431
-1297
-1120
-936
-787
-764
-970
-1451
-2149
-2908
-3488
-3638
-3282
-2603
-1896
-1324
-866
-483
-245
-286
-647
-1233
-1828
-2189
-2133
-1682
-1090
-663
-508
-437
-194
368
1300
2740
4871
7627
10392
12096
11742
9075
4853
451
-2928
-4822
-5440
-5216
-4464
-3385
-2235
-1361
-1039
-1250
-1618
-1580
-690
1116
3465
5642
6885
6717
5204
2904
564
-1217
-2141
-2224
-1734
-1062
-544
-330
-426
-773
-1281
-1770
-1986
-1687
-767
651
2192
3332
3643
3006
1655
62
-1293
-2108
-2361
-2236
-1960
-1670
-1443
-1350
-1442
-1683
-1942
-2079
-2031
-1825
-1546
-1315
-1277
-1553
-2147
-2842
-3268
-3124
-2443
-1590
-961
-650
-449
-183
51
-26
-511
-1216
-1820
-2120
-2070
-1710
-1160
-611
-218
100
665
1842
3795
6413
9259
11519
12162
10536
6997
2848
-517
-2525
-3473
-3887
-3982
-3738
-3273
-2922
-2961
-3314
-3554
-3158
-1809
400
2977
5218
6531
6628
5568
3692
1564
-150
-953
-813
-197
257
160
-479
-1401
-2318
-3008
-3314
-3138
-2454
-1343
-32
1114
1742
1770
1466
1223
1251
1463
1650
1626
1253
423
-821
-2188
-3237
-3678
-3551
-3133
-2683
-2319
-2065
-1946
-1986
-2171
-2435
-2680
-2773
-2587
-2092
-1450
-963
-860
-1089
-1326
-1218
-681
6
425
309
-260
-994
-1607
-1961
-2018
-1770
-1268
-651
-83
412
1044
2199
4154
6763
9312
10810
10554
8568
5575
2544
208
-1222
-1974
-2409
-2742
-3026
-3310
-3679
-4085
-4264
-3882
-2763
-984
1138
3104
4408
4817
4465
3665
2687
1772
1232
1288
1777
2136
1815
709
-810
-2208
-3102
-3356
-3043
-2379
-1620
-943
-388
76
470
814
1159
1533
1871
2053
2013
1751
1225
335
-876
-2088
-2865
-3036
-2824
-2592
-2522
-2574
-2653
-2697
-2659
-2517
-2337
-2236
-2232
-2197
-2012
-1736
-1522
-1391
-1151
-620
124
764
987
712
50
-784
-1544
-1996
-2045
-1815
-1518
-1210
-744
22
1102
2513
4425
6839
9118
10086
8991
6353
3619
1896
1127
560
-289
-1320
-2318
-3313
-4397
-5381
-5866
-5553
-4406
-2574
-353
1766
3181
3552
3088
2419
2110
2308
2808
3333
3668
3611
2982
1759
184
-1331
-2418
-2909
-2853
-2470
-2058
-1853
-1882
-1970
-1913
-1627
-1101
-285
863
2171
3196
3483
2907
1772
575
-310
-787
-1028
-1304
-1799
-2471
-3103
-3483
-3567
-3468
-3317
-3165
-3005
-2863
-2793
-2800
-2772
-2549
-2046
-1302
-443
370
958
1173
990
528
-13
-466
-735
-793
-695
-576
-572
-720
-923
-991
-706
158
1753
4026
6518
8401
8851
7658
5493
3481
2361
2034
1879
1405
534
-605
-1910
-3267
-4393
-4904
-4570
-3481
-1986
-528
504
903
788
574
724
1428
2493
3535
4222
4384
3981
3079
1877
690
-164
-521
-477
-329
-416
-912
-1715
-2509
-2965
-2908
-2381
-1577
-746
-108
234
311
247
167
137
155
166
106
-93
-487
-1095
-1821
-2422
-2642
-2447
-2109
-2030
-2431
-3198
-3980
-4417
-4322
-3732
-2841
-1868
-976
-267
166
279
123
-111
-222
-120
130
383
499
392
90
-223
-253
277
1534
3479
5736
7525
7987
6844
4796
3083
2496
2789
3083
2730
1709
324
-1216
-2773
-4059
-4662
-4382
-3424
-2245
-1241
-615
-379
-386
-342
49
873
1947
2959
3667
3947
3744
3086
2170
1314
776
586
555
423
-5
-790
-1791
-2652
-2971
-2603
-1825
-1147
-873
-866
-727
-199
610
1361
1797
1867
1637
1137
405
-420
-1114
-1539
-1715
-1741
-1699
-1684
-1856
-2333
-3047
-3738
-4148
-4191
-3959
-3604
-3216
-2800
-2329
-1809
-1275
-742
-212
298
713
970
1071
1062
960
756
483
243
110
55
59
290
1081
2587
4459
5903
6217
5362
4072
3306
3457
4027
4125
3291
1806
258
-1041
-2096
-2905
-3285
-3099
-2494
-1847
-1477
-1457
-1604
-1635
-1308
-555
474
1499
2261
2647
2683
2470
2124
1797
1640
1721
1920
1968
1613
819
-170
-968
-1312
-1241
-1063
-1110
-1492
-2033
-2431
-2471
-2129
-1539
-908
-424
-193
-204
-363
-561
-730
-842
-880
-813
-650
-500
-566
-1008
-1788
-2654
-3306
-3571
-3477
-3197
-2933
-2802
-2749
-2611
-2264
-1748
-1202
-742
-384
-118
66
202
380
652
958
1143
1113
939
854
1157
2075
3581
5223
6253
6112
4970
3681
3097
3320
3704
3541
2691
1513
343
-763
-1820
-2635
-2938
-2712
-2286
-2037
-2091
-2280
-2347
-2092
-1443
-500
478
1225
1681
2008
2369
2726
2924
2919
2854
2858
2860
2640
2058
1174
214
-582
-1073
-1302
-1499
-1900
-2495
-2944
-2825
-2043
-977
-199
-27
-321
-673
-763
-540
-167
153
286
191
-101
-500
-890
-1175
-1352
-1511
-1782
-2233
-2822
-3421
-3885
-4112
-4053
-3724
-3206
-2630
-2115
-1720
-1416
-1132
-779
-305
277
870
1336
1567
1550
1367
1149
1039
1202
1842
3065
4633
5858
5995
4918
3438
2728
3266
4350
4768
3935
2302
698
-512
-1487
-2344
-2832
-2697
-2155
-1786
-1955
-2491
-2895
-2806
-2179
-1229
-278
412
812
1122
1538
2021
2371
2507
2561
2681
2804
2727
2325
1695
1058
576
252
-34
-422
-969
-1603
-2148
-2437
-2428
-2218
-1948
-1697
-1486
-1320
-1195
-1065
-864
-593
-346
-229
-233
-243
-184
-127
-228
-578
-1121
-1705
-2191
-2524
-2725
-2854
-2959
-3031
-3007
-2830
-2526
-2189
-1920
-1722
-1529
-1248
-847
-357
135
538
790
909
972
1064
1249
1617
2322
3460
4847
5934
6128
5330
4179
3592
3947
4681
4824
3913
2345
844
-254
-1087
-1797
-2226
-2208
-1950
-1936
-2405
-3101
-3519
-3368
-2708
-1821
-1005
-434
-51
370
989
1687
2195
2426
2594
2943
3408
3664
3454
2843
2109
1500
1067
710
264
-383
-1181
-1888
-2233
-2170
-1958
-1927
-2157
-2441
-2530
-2370
-2087
-1800
-1519
-1212
-912
-700
-617
-606
-564
-446
-342
-417
-771
-1325
-1872
-2226
-2357
-2373
-2397
-2455
-2482
-2412
-2258
-2102
-1994
-1900
-1695
-1284
-695
-100
315
484
530
642
915
1314
1814
2541
3636
4957
5955
6069
5303
4384
4131
4663
5228
4945
3646
1978
690
-34
-531
-1083
-1594
-1862
-1980
-2301
-2972
-3702
-4004
-3665
-2890
-2091
-1548
-1269
-1031
-571
194
1082
1810
2283
2670
3150
3631
3834
3614
3147
2707
2391
2077
1633
1029
319
-420
-1085
-1579
-1888
-2096
-2303
-2511
-2628
-2584
-2427
-2284
-2210
-2109
-1854
-1461
-1097
-887
-790
-697
-604
-622
-810
-1076
-1257
-1289
-1248
-1268
-1418
-1663
-1908
-2075
-2124
-2049
-1876
-1655
-1441
-1256
-1103
-977
-877
-770
-605
-362
-102
117
337
729
1476
2619
3983
5190
5808
5611
4852
4189
4184
4742
5152
4754
3598
2318
1456
979
517
-117
-775
-1292
-1744
-2318
-3035
-3671
-3974
-3843
-3373
-2775
-2269
-1944
-1695
-1302
-659
133
899
1597
2308
3034
3606
3835
3736
3505
3309
3115
2780
2242
1612
1040
528
-93
-929
-1830
-2484
-2759
-2856
-3063
-3394
-3580
-3408
-2986
-2610
-2433
-2353
-2197
-1933
-1653
-1440
-1290
-1163
-1029
-883
-750
-683
-721
-815
-849
-752
-596
-531
-640
-850
-1002
-1000
-874
-727
-626
-569
-513
-440
-368
-330
-323
-265
28
765
2017
3537
4775
5211
4791
4084
3842
4342
5091
5304
4656
3549
2624
2106
1690
1037
190
-551
-1061
-1533
-2176
-2910
-3422
-3505
-3242
-2913
-2742
-2757
-2776
-2562
-1995
-1202
-438
163
725
1441
2299
3040
3403
3371
3155
3002
3016
3107
3044
2627
1878
1069
473
113
-238
-779
-1474
-2118
-2566
-2836
-3019
-3144
-3162
-3068
-2947
-2888
-2857
-2734
-2471
-2163
-1945
-1851
-1805
-1704
-1500
-1208
-900
-663
-533
-471
-417
-367
-369
-455
-577
-627
-510
-262
-57
-73
-298
-544
-633
-577
-490
-385
-106
519
1504
2654
3639
4140
4048
3622
3383
3720
4490
5085
4969
4184
3262
2648
2280
1811
1103
370
-164
-571
-1085
-1769
-2425
-2831
-2940
-2878
-2810
-2868
-3050
-3168
-2915
-2183
-1234
-485
-50
355
1023
1861
2494
2715
2686
2714
2905
3118
3143
2909
2494
2046
1643
1229
670
-62
-819
-1404
-1805
-2187
-2655
-3080
-3260
-3199
-3115
-3169
-3271
-3218
-2961
-2666
-2505
-2456
-2340
-2040
-1628
-1272
-1069
-982
-915
-797
-597
-326
-54
120
161
131
139
237
385
466
363
50
-322
-505
-361
4
373
678
1096
1839
2837
3668
3872
3424
2867
2866
3542
4303
4417
3748
2854
2361
2323
2281
1836
1060
320
-176
-554
-1040
-1657
-2224
-2555
-2630
-2571
-2549
-2647
-2782
-2705
-2237
-1486
-799
-389
-111
346
1048
1730
2112
2195
2210
2325
2515
2659
2699
2628
2440
2089
1558
886
186
-416
-864
-1242
-1688
-2221
-2679
-2897
-2929
-2995
-3211
-3440
-3480
-3311
-3086
-2915
-2763
-2578
-2390
-2229
-2037
-1751
-1424
-1166
-976
-736
-387
-36
167
207
207
270
373
428
403
345
296
255
210
201
286
479
766
1199
1883
2787
3585
3816
3330
2574
2294
2833
3727
4115
3604
2649
2016
1945
1996
1664
964
298
-74
-258
-495
-876
-1345
-1808
-2182
-2391
-2452
-2476
-2531
-2481
-2128
-1498
-899
-586
-448
-127
546
1338
1874
2013
1935
1910
2072
2360
2610
2637
2351
1827
1295
933
700
368
-221
-968
-1604
-1954
-2073
-2165
-2369
-2661
-2925
-3077
-3118
-3092
-3031
-2940
-2809
-2630
-2419
-2213
-2053
-1938
-1803
-1574
-1252
-938
-749
-686
-621
-422
-95
225
420
500
549
588
570
488
428
481
636
827
1063
1464
2129
2955
3600
3690
3175
2492
2288
2820
3636
3950
3408
2430
1749
1652
1797
1682
1181
539
1
-407
-783
-1178
-1578
-1934
-2180
-2270
-2276
-2361
-2569
-2663
-2354
-1678
-1030
-725
-638
-366
277
1061
1617
1786
1697
1608
1728
2105
2577
2822
2603
1992
1344
958
809
597
91
-637
-1294
-1656
-1761
-1857
-2159
-2642
-3069
-3221
-3116
-2977
-2981
-3064
-3020
-2760
-2415
-2181
-2102
-2050
-1881
-1565
-1197
-900
-730
-624
-469
-222
44
240
387
585
853
1054
1029
801
579
568
775
1034
1216
1397
1795
2511
3305
3691
3368
2602
2107
2388
3203
3730
3378
2369
1481
1236
1450
1546
1205
603
86
-222
-454
-760
-1151
-1539
-1836
-1992
-2036
-2079
-2223
-2380
-2300
-1819
-1087
-452
-108
72
332
746
1172
1443
1536
1556
1634
1855
2206
2519
2531
2089
1336
639
286
215
104
-314
-983
-1604
-1934
-2034
-2174
-2532
-2998
-3298
-3289
-3082
-2899
-2834
-2809
-2704
-2505
-2281
-2106
-2000
-1917
-1766
-1485
-1113
-790
-619
-559
-460
-232
89
420
711
914
947
784
563
494
640
861
1029
1224
1650
2368
3159
3635
3514
2885
2254
2211
2880
3684
3819
3061
1999
1413
1461
1632
1417
835
247
-158
-489
-886
-1314
-1685
-1992
-2245
-2378
-2359
-2299
-2326
-2338
-2084
-1511
-905
-556
-398
-99
503
1205
1694
1855
1803
1715
1751
2003
2393
2631
2472
1999
1540
1236
880
266
-444
-895
-1010
-1096
-1440
-1986
-2473
-2776
-2965
-3098
-3114
-2961
-2736
-2597
-2593
-2633
-2610
-2491
-2293
-2048
-1800
-1591
-1416
-1213
-938
-632
-383
-227
-107
62
304
567
764
830
762
647
620
756
1002
1245
1472
1813
2388
3075
3508
3370
2760
2209
2248
2887
3555
3607
2933
2040
1532
1542
1707
1606
1137
486
-126
-579
-875
-1104
-1409
-1835
-2237
-2408
-2343
-2275
-2383
-2510
-2326
-1722
-972
-427
-156
53
379
788
1155
1450
1748
2098
2446
2662
2630
2308
1813
1374
1163
1091
876
331
-416
-1067
-1458
-1683
-1924
-2261
-2657
-3041
-3325
-3410
-3267
-3012
-2835
-2801
-2824
-2804
-2732
-2610
-2374
-1979
-1519
-1162
-959
-802
-584
-321
-95
76
244
457
714
980
1176
1194
995
722
628
835
1212
1565
1908
2421
3092
3543
3374
2678
2077
2144
2816
3443
3446
2839
2118
1711
1628
1581
1344
917
434
10
-317
-579
-865
-1264
-1749
-2136
-2260
-2182
-2149
-2281
-2400
-2217
-1697
-1107
-716
-512
-279
128
641
1102
1422
1614
1760
1954
2247
2553
2684
2510
2120
1722
1403
1043
530
-62
-553
-909
-1270
-1735
-2218
-2585
-2836
-3057
-3237
-3256
-3087
-2901
-2890
-3040
-3165
-3122
-2927
-2647
-2302
-1915
-1578
-1370
-1221
-960
-531
-87
179
250
286
429
664
866
938
882
783
763
897
1164
1479
1818
2263
2853
3397
3547
3161
2540
2218
2459
2993
3282
3024
2373
1712
1296
1128
1065
963
729
346
-106
-503
-811
-1134
-1565
-2017
-2266
-2224
-2064
-2028
-2116
-2104
-1834
-1398
-982
-641
-300
81
466
836
1223
1627
1972
2199
2330
2402
2370
2163
1817
1493
1301
1163
876
337
-365
-1041
-1563
-1912
-2140
-2325
-2538
-2797
-3035
-3157
-3150
-3094
-3070
-3073
-3034
-2908
-2698
-2431
-2149
-1900
-1700
-1494
-1192
-774
-331
14
214
321
423
575
783
1002
1161
1203
1140
1065
1075
1200
1420
1762
2289
2961
3513
3604
3149
2506
2201
2438
2892
3054
2737
2204
1805
1611
1422
1077
630
256
43
-64
-204
-515
-1035
-1645
-2093
-2206
-2077
-1994
-2117
-2296
-2240
-1864
-1378
-1025
-807
-540
-102
440
945
1321
1534
1598
1606
1730
2056
2450
2640
2485
2088
1647
1235
806
330
-145
-578
-977
-1347
-1663
-1942
-2275
-2705
-3098
-3239
-3082
-2838
-2772
-2943
-3182
-3279
-3156
-2863
-2508
-2192
-1964
-1774
-1519
-1167
-822
-599
-472
-293
8
341
579
715
827
941
1012
1035
1079
1193
1352
1578
2011
2737
3543
3967
3701
2949
2297
2213
2640
3094
3135
2729
2189
1803
1571
1292
845
330
-49
-201
-223
-313
-627
-1179
-1815
-2261
-2329
-2088
-1833
-1787
-1879
-1839
-1536
-1119
-821
-662
-453
-34
545
1107
1545
1881
2178
2428
2545
2425
2076
1658
1407
1398
1440
1224
646
-97
-729
-1178
-1546
-1893
-2153
-2288
-2389
-2557
-2753
-2879
-2952
-3071
-3210
-3192
-2916
-2532
-2281
-2206
-2143
-1968
-1734
-1509
-1225
-783
-257
144
306
317
320
358
413
509
685
899
1045
1097
1158
1350
1713
2231
2861
3464
3775
3588
3030
2535
2449
2698
2908
2822
2515
2191
1907
1552
1065
533
85
-223
-398
-468
-546
-826
-1399
-2056
-2430
-2368
-2103
-1962
-1988
-1941
-1664
-1291
-1050
-950
-787
-406
138
672
1082
1350
1501
1599
1760
2064
2427
2618
2469
2039
1563
1204
928
575
57
-547
-1057
-1370
-1550
-1779
-2183
-2698
-3091
-3162
-2944
-2682
-2614
-2759
-2958
-3049
-2987
-2805
-2557
-2303
-2084
-1862
-1539
-1094
-652
-362
-234
-138
19
206
357
474
604
755
891
1013
1167
1365
1559
1747
2063
2651
3414
3964
3936
3370
2723
2449
2605
2872
2930
2729
2430
2152
1858
1451
912
324
-201
-571
-744
-763
-795
-1045
-1562
-2124
-2419
-2345
-2100
-1922
-1841
-1699
-1398
-1021
-701
-469
-257
-5
310
700
1157
1618
2002
2287
2493
2561
2364
1892
1373
1088
1070
1062
812
317
-247
-775
-1291
-1808
-2227
-2459
-2555
-2644
-2761
-2818
-2782
-2773
-2916
-3141
-3221
-3022
-2640
-2265
-1987
-1773
-1580
-1402
-1229
-1019
-753
-469
-212
15
225
406
529
598
652
726
828
960
1139
1381
1695
2109
2659
3288
3758
3785
3344
2775
2490
2564
2710
2651
2419
2216
2090
1872
1435
855
309
-115
-415
-587
-642
-699
-935
-1392
-1897
-2234
-2345
-2299
-2148
-1874
-1517
-1214
-1058
-967
-772
-408
22
408
760
1161
1621
2056
2388
2600
2674
2532
2144
1641
1256
1097
1039
851
431
-149
-745
-1277
-1732
-2120
-2437
-2671
-2801
-2824
-2782
-2753
-2796
-2902
-3017
-3089
-3076
-2928
-2625
-2233
-1872
-1601
-1363
-1088
-797
-566
-413
-271
-80
148
365
543
684
793
872
937
1006
1085
1178
1349
1712
2328
3072
3651
3800
3504
3019
2658
2544
2554
2508
2361
2215
2143
2077
1855
1384
724
41
-492
-775
-817
-764
-818
-1109
-1571
-2011
-2278
-2377
-2389
-2322
-2089
-1661
-1150
-718
-411
-157
96
330
539
798
1173
1619
2028
2350
2586
2684
2516
2040
1416
919
679
577
376
-37
-579
-1090
-1508
-1890
-2307
-2736
-3069
-3216
-3176
-3030
-2872
-2768
-2747
-2805
-2885
-2896
-2767
-2502
-2164
-1799
-1408
-993
-610
-343
-215
-158
-80
50
214
400
615
836
997
1055
1051
1057
1108
1210
1436
1910
2648
3439
3950
3985
3630
3150
2769
2533
2361
2190
2049
2000
2014
1948
1653
1104
408
-286
-849
-1184
-1252
-1138
-1041
-1139
-1432
-1778
-2046
-2223
-2305
-2223
-1893
-1363
-797
-327
41
339
540
619
664
855
1289
1880
2423
2742
2745
2439
1932
1405
988
675
379
80
-169
-363
-622
-1055
-1623
-2163
-2559
-2814
-2961
-2994
-2923
-2836
-2822
-2871
-2903
-2897
-2904
-2914
-2792
-2437
-1930
-1468
-1130
-826
-476
-157
3
9
10
115
301
492
668
836
970
1031
1042
1088
1232
1486
1871
2435
3130
3721
3915
3643
3148
2743
2511
2319
2082
1892
1855
1904
1860
1625
1213
657
-25
-720
-1215
-1378
-1311
-1248
-1312
-1447
-1582
-1762
-2040
-2319
-2384
-2131
-1665
-1171
-723
-281
166
537
746
830
917
1112
1429
1831
2276
2683
2905
2807
2384
1777
1143
551
-3
-500
-891
-1147
-1301
-1427
-1607
-1904
-2324
-2791
-3169
-3352
-3336
-3208
-3057
-2929
-2821
-2726
-2643
-2564
-2465
-2309
-2052
-1660
-1147
-602
-149
140
297
396
464
482
457
461
569
783
1047
1309
1542
1714
1824
1959
2269
2808
3402
3759
3727
3442
3168
3009
2826
2466
1987
1629
1544
1627
1623
1364
862
234
-401
-939
-1297
-1470
-1549
-1635
-1718
-1717
-1629
-1594
-1731
-1967
-2074
-1898
-1490
-1006
-521
-25
468
890
1199
1425
1595
1689
1706
1738
1875
2080
2190
2091
1803
1417
966
447
-114
-635
-1060
-1398
-1682
-1925
-2143
-2372
-2634
-2885
-3050
-3112
-3129
-3161
-3183
-3121
-2929
-2631
-2297
-1994
-1760
-1587
-1417
-1180
-860
-524
-256
-81
50
185
330
461
567
660
753
856
981
1136
1317
1533
1832
2284
2867
3415
3705
3654
3395
3126
2911
2672
2363
2083
1958
1970
1942
1720
1297
759
172
-421
-945
-1301
-1470
-1543
-1615
-1684
-1697
-1679
-1721
-1860
-1991
-1976
-1781
-1479
-1111
-637
-43
560
1006
1244
1370
1498
1634
1739
1822
1941
2076
2114
1961
1661
1308
937
493
-32
-553
-969
-1275
-1534
-1789
-2031
-2255
-2490
-2746
-2972
-3108
-3160
-3181
-3181
-3093
-2863
-2534
-2215
-1961
-1733
-1460
-1137
-822
-558
-329
-110
100
280
440
594
727
799
811
825
901
1037
1196
1388
1681
2134
2715
3288
3674
3759
3568
3258
2984
2764
2494
2112
1715
1477
1449
1495
1423
1151
714
176
-403
-935
-1315
-1521
-1636
-1752
-1848
-1847
-1752
-1688
-1749
-1877
-1918
-1781
-1488
-1087
-577
18
592
1009
1233
1344
1422
1497
1582
1720
1917
2089
2118
1967
1684
1318
864
319
-272
-829
-1287
-1614
-1815
-1931
-2043
-2213
-2435
-2651
-2817
-2951
-3070
-3148
-3129
-3009
-2842
-2673
-2473
-2196
-1857
-1535
-1282
-1071
-836
-567
-303
-80
116
302
467
586
665
741
842
962
1089
1228
1402
1654
2036
2561
3137
3578
3735
3624
3381
3121
2840
2488
2088
1757
1603
1626
1710
1705
1512
1104
524
-132
-751
-1256
-1629
-1896
-2062
-2099
-1983
-1766
-1552
-1428
-1398
-1410
-1404
-1324
-1103
-700
-158
411
926
1380
1766
2010
2033
1884
1721
1661
1656
1593
1435
1256
1101
910
579
91
-476
-1024
-1507
-1902
-2198
-2411
-2585
-2744
-2857
-2875
-2806
-2735
-2734
-2784
-2793
-2705
-2546
-2366
-2146
-1828
-1412
-994
-679
-477
-319
-157
-2
120
221
325
430
519
609
741
910
1059
1159
1288
1577
2082
2705
3253
3566
3613
3482
3292
3092
2843
2493
2074
1691
1441
1331
1288
1214
1035
713
265
-233
-694
-1080
-1427
-1761
-2038
-2166
-2115
-1956
-1793
-1664
-1535
-1365
-1153
-916
-652
-347
-1
367
733
1067
1337
1526
1668
1812
1965
2059
2029
1874
1658
1414
1110
706
222
-282
-749
-1162
-1502
-1752
-1922
-2065
-2232
-2421
-2596
-2732
-2840
-2933
-2994
-2998
-2942
-2837
-2680
-2444
-2118
-1734
-1346
-991
-674
-392
-143
83
293
469
574
601
589
600
659
763
901
1069
1261
1487
1803
2271
2857
3395
3696
3709
3549
3349
3137
2854
2481
2083
1755
1534
1393
1268
1093
823
455
33
-384
-766
-1128
-1491
-1836
-2091
-2186
-2103
-1899
-1655
-1435
-1265
-1138
-1016
-851
-607
-294
48
398
761
1127
1439
1638
1722
1746
1727
1626
1408
1137
912
761
597
326
-49
-441
-788
-1092
-1385
-1675
-1956
-2217
-2438
-2580
-2634
-2647
-2675
-2716
-2707
-2614
-2474
-2351
-2256
-2145
-1984
-1777
-1535
-1246
-909
-567
-273
-44
147
307
411
438
425
441
535
686
841
983
1162
1462
1920
2477
3006
3392
3588
3615
3514
3307
2996
2594
2154
1767
1511
1396
1351
1281
1119
853
498
80
-360
-792
-1215
-1632
-1986
-2182
-2174
-2031
-1861
-1711
-1542
-1320
-1058
-803
-583
-397
-208
27
337
705
1072
1399
1699
2009
2308
2495
2454
2174
1752
1292
810
296
-198
-565
-781
-938
-1135
-1359
-1553
-1734
-1977
-2293
-2584
-2762
-2849
-2928
-3010
-3021
-2903
-2686
-2441
-2206
-1982
-1765
-1542
-1275
-937
-572
-277
-104
3
128
292
443
546
626
718
812
871
900
955
1106
1392
1820
2355
2899
3314
3518
3539
3457
3284
2951
2431
1849
1406
1203
1158
1122
1025
889
737
536
258
-85
-475
-920
-1407
-1842
-2096
-2134
-2041
-1916
-1750
-1478
-1100
-712
-396
-161
23
164
273
391
558
761
962
1168
1406
1655
1817
1808
1620
1316
953
567
175
-213
-601
-989
-1346
-1619
-1785
-1888
-2002
-2150
-2291
-2376
-2408
-2430
-2464
-2491
-2481
-2425
-2322
-2173
-1979
-1761
-1534
-1293
-1028
-753
-501
-293
-112
61
226
365
472
560
643
713
755
781
836
968
1205
1559
2027
2568
3080
3452
3637
3665
3581
3374
3010
2513
1978
1521
1197
1002
892
811
695
508
261
-7
-281
-592
-975
-1407
-1799
-2059
-2148
-2098
-1960
-1763
-1490
-1126
-709
-341
-113
-21
41
184
430
714
973
1226
1523
1866
2159
2282
2173
1872
1453
980
471
-54
-559
-988
-1295
-1474
-1568
-1637
-1718
-1807
-1892
-1994
-2156
-2389
-2641
-2824
-2883
-2832
-2714
-2556
-2344
-2062
-1727
-1385
-1075
-814
-598
-421
-274
-144
-19
101
218
330
439
548
666
793
915
1017
1118
1274
1527
1864
2218
2530
2779
2976
3123
3187
3120
2890
2517
2065
1611
1215
906
695
569
496
431
347
230
56
-212
-592
-1034
-1448
-1765
-1974
-2078
-2056
-1880
-1572
-1198
-821
-456
-101
227
486
651
738
792
845
900
959
1032
1131
1223
1258
1211
1104
946
707
346
-115
-602
-1033
-1373
-1618
-1785
-1890
-1947
-1964
-1947
-1918
-1909
-1951
-2041
-2153
-2256
-2332
-2370
-2347
-2236
-2022
-1715
-1348
-958
-575
-219
79
280
360
355
334
346
390
447
523
643
813
1015
1227
1453
1712
2019
2354
2658
2871
2981
3020
3015
2945
2761
2458
2086
1720
1412
1177
998
841
675
486
280
58
-189
-469
-771
-1073
-1350
-1589
-1765
-1845
-1811
-1677
-1471
-1212
-902
-570
-270
-45
114
260
433
628
814
988
1181
1411
1625
1738
1700
1525
1242
863
405
-78
-524
-897
-1201
-1442
-1615
-1722
-1781
-1819
-1860
-1923
-2017
-2144
-2293
-2454
-2613
-2736
-2778
-2704
-2514
-2231
-1879
-1477
-1053
-647
-293
-15
165
237
232
213
228
274
334
414
532
688
861
1040
1228
1429
1644
1870
2101
2321
2510
2659
2767
2824
2800
2677
2473
2230
1976
1707
1418
1131
886
702
560
419
251
53
-159
-380
-622
-897
-1189
-1449
-1619
-1675
-1630
-1501
-1286
-985
-634
-297
-11
231
453
643
760
797
803
833
882
904
877
835
802
756
640
435
165
-134
-447
-772
-1102
-1420
-1699
-1905
-2016
-2035
-2001
-1964
-1954
-1973
-1999
-2017
-2030
-2048
-2059
-2034
-1950
-1804
-1608
-1360
-1048
-691
-344
-61
154
335
496
605
638
615
588
589
617
668
764
919
1124
1359
1622
1911
2198
2434
2599
2707
2766
2745
2614
2388
2106
1798
1478
1174
915
716
563
442
341
240
112
-61
-279
-529
-800
-1077
-1325
-1512
-1617
-1640
-1579
-1429
-1187
-874
-522
-160
191
503
749
915
1014
1076
1114
1131
1121
1081
992
836
614
354
84
-187
-473
-765
-1041
-1277
-1475
-1642
-1767
-1839
-1875
-1912
-1976
-2053
-2111
-2135
-2140
-2139
-2127
-2079
-1974
-1801
-1564
-1287
-998
-712
-425
-135
121
286
334
307
285
316
386
455
516
598
735
925
1137
1337
1513
1670
1817
1958
2086
2188
2263
2319
2355
2347
2257
2081
1856
1632
1428
1229
1024
822
642
483
328
166
0
-172
-359
-567
-782
-983
-1147
-1255
-1288
-1241
-1119
-937
-708
-445
-173
78
287
452
568
620
603
543
477
421
359
279
191
122
73
18
-72
-202
-366
-563
-805
-1092
-1400
-1689
-1922
-2081
-2162
-2167
-2100
-1978
-1830
-1688
-1564
-1463
-1395
-1367
-1362
-1336
-1258
-1136
-996
-844
-660
-426
-148
142
402
603
741
828
866
853
802
750
719
703
704
758
913
1162
1444
1704
1939
2167
2370
2495
2502
2407
2254
2072
1858
1597
1295
994
749
589
488
393
283
182
112
38
-99
-319
-579
-818
-1002
-1135
-1216
-1232
-1160
-994
-755
-479
-191
96
370
606
788
911
967
940
828
654
449
240
36
-148
-315
-470
-618
-741
-830
-906
-1014
-1168
-1335
-1480
-1601
-1725
-1852
-1947
-1980
-1964
-1937
-1912
-1864
-1765
-1611
-1420
-1215
-1005
-792
-584
-393
-227
-80
63
205
329
417
469
504
542
590
643
702
774
869
985
1103
1197
1261
1312
1370
1443
1532
1635
1749
1862
1956
2015
2024
1970
1850
1683
1501
1324
1145
948
732
520
331
168
16
-140
-299
-451
-583
-695
-793
-886
-966
-1015
-1019
-977
-890
-755
-564
-328
-75
166
376
542
646
670
608
474
284
57
-191
-425
-609
-732
-813
-879
-939
-987
-1033
-1102
-1211
-1354
-1513
-1674
-1826
-1947
-2010
-2004
-1940
-1830
-1683
-1501
-1297
-1084
-870
-660
-462
-291
-157
-53
33
112
187
260
340
441
563
692
807
899
979
1057
1128
1170
1171
1142
1112
1106
1135
1194
1279
1384
1500
1619
1733
1834
1905
1928
1893
1803
1664
1479
1250
1000
759
553
388
256
149
59
-25
-115
-216
-330
-449
-567
-679
-778
-857
-904
-900
-829
-693
-512
-307
-98
93
237
307
301
231
108
-61
-266
-483
-672
-806
-882
-917
-936
-957
-979
-1007
-1055
-1144
-1282
-1448
-1608
-1740
-1845
-1925
-1965
-1944
-1851
-1693
-1485
-1241
-980
-723
-492
-297
-137
-3
105
185
239
285
351
453
581
708
816
905
978
1032
1054
1040
1008
990
1000
1019
1018
996
988
1034
1135
1266
1399
1526
1642
1735
1782
1760
1662
1508
1330
1153
981
813
653
508
382
279
204
152
95
5
-121
-251
-357
-445
-549
-680
-811
-891
-892
-829
-737
-646
-570
-507
-448
-389
-343
-339
-394
-493
-596
-676
-729
-775
-823
-866
-894
-917
-952
-1009
-1078
-1146
-1208
-1269
-1330
-1380
-1402
-1382
-1316
-1212
-1085
-958
-843
-738
-633
-517
-392
-256
-116
19
133
233
338
463
589
682
729
749
771
808
859
915
968
1013
1042
1056
1060
1063
1074
1097
1132
1172
1216
1268
1332
1403
1461
1488
1479
1440
1375
1290
1186
1069
940
803
661
526
413
335
289
259
212
126
-1
-149
-297
-437
-578
-713
-822
-885
-902
-892
-869
-830
-778
-726
-692
-681
-678
-678
-690
-735
-812
-899
-972
-1023
-1053
-1066
-1053
-1011
-954
-907
-893
-914
-954
-1002
-1053
-1103
-1141
-1158
-1148
-1111
-1043
-939
-799
-628
-440
-256
-98
27
131
225
309
373
418
455
496
546
609
688
775
857
924
975
1015
1048
1069
1070
1045
1001
955
926
917
923
940
974
1031
1108
1189
1250
1278
1269
1228
1153
1040
897
747
611
493
387
296
232
199
177
137
67
-29
-140
-267
-411
-565
-704
-803
-855
-867
-854
-823
-771
-695
-603
-519
-476
-491
-560
-661
-770
-876
-970
-1042
-1082
-1086
-1057
-1008
-951
-898
-856
-824
-795
-766
-742
-732
-741
-767
-797
-815
-804
-756
-676
-570
-436
-276
-104
52
172
257
321
368
396
408
423
458
510
565
619
683
765
849
909
932
933
927
913
873
804
724
664
639
645
666
694
733
788
855
915
946
935
888
825
761
699
633
565
499
435
367
301
254
240
242
225
170
83
-20
-127
-240
-355
-460
-540
-584
-597
-589
-575
-561
-549
-538
-535
-546
-579
-634
-702
-773
-838
-894
-938
-961
-961
-943
-918
-893
-869
-847
-833
-828
-824
-813
-794
-779
-773
-765
-734
-670
-582
-487
-395
-304
-209
-106
-2
93
174
242
303
359
407
445
479
520
574
639
701
749
778
787
782
768
748
722
696
679
677
685
690
681
664
652
653
660
659
648
629
610
597
591
587
577
557
528
494
459
426
400
375
341
291
231
168
104
36
-31
-91
-143
-192
-245
-296
-336
-362
-378
-393
-413
-435
-455
-475
-504
-548
-600
-648
-686
-715
-738
-759
-776
-785
-783
-772
-761
-751
-738
-719
-694
-669
-647
-627
-605
-576
-534
-475
-404
-329
-255
-178
-103
-36
15
50
74
94
117
149
192
244
300
354
406
453
490
514
525
532
540
547
545
529
505
485
475
473
469
461
457
465
484
496
479
432
380
349
344
346
338
326
323
329
329
311
275
232
189
151
120
100
82
60
28
-6
-35
-55
-70
-86
-102
-114
-124
-146
-195
-268
-345
-403
-441
-468
-494
-514
-522
-517
-503
-493
-495
-510
-530
-544
-549
-539
-513
-476
-444
-432
-434
-428
-401
-362
-331
-314
-295
-261
-213
-166
-128
-94
-54
-5
49
102
152
196
235
267
294
321
351
382
407
421
426
425
418
405
384
363
349
347
355
365
373
377
375
367
353
336
320
305
287
269
258
257
258
248
224
200
189
192
194
185
166
143
119
89
53
16
-13
-34
-52
-70
-88
-106
-126
-150
-173
-193
-210
-232
-264
-304
-344
-379
-405
-427
-450
-473
-490
-490
-472
-451
-441
-443
-445
-436
-423
-413
-404
-385
-351
-314
-287
-268
-247
-218
-193
-180
-172
-149
-103
-50
-11
4
7
12
29
58
94
137
182
224
253
267
273
281
292
298
291
274
262
264
276
282
275
266
268
282
301
320
343
369
387
385
364
341
321
299
267
231
205
195
188
173
152
133
119
98
65
29
7
3
7
5
-8
-29
-59
-95
-134
-165
-183
-193
-203
-221
-245
-272
-296
-313
-321
-322
-316
-307
-295
-280
-266
-262
-272
-293
-311
-313
-295
-265
-233
-205
-181
-159
-140
-125
-112
-96
-77
-57
-39
-21
1
25
46
59
65
72
87
110
136
158
172
177
175
174
180
196
217
234
241
242
235
222
205
192
186
188
189
186
177
165
150
133
122
120
127
137
149
168
194
216
219
199
164
129
96
64
31
1
-23
-44
-67
-93
-117
-136
-147
-153
-157
-160
-163
-172
-189
-212
-237
-258
-270
-273
-265
-253
-244
-240
-242
-246
-250
-249
-241
-221
-192
-160
-133
-113
-97
-85
-77
-75
-76
-73
-62
-46
-32
-20
-9
3
15
26
39
57
78
97
112
127
147
171
192
207
217
225
229
226
221
220
219
211
190
167
159
175
201
218
219
216
219
225
220
200
173
150
133
119
104
91
81
67
48
27
11
3
-2
-8
-18
-30
-45
-67
-98
-130
-153
-166
-172
-175
-174
-168
-169
-182
-203
-219
-223
-223
-227
-230
-220
-200
-184
-183
-192
-194
-182
-167
-161
-159
-150
-133
-120
-121
-131
-137
-131
-113
-91
-68
-48
-31
-20
-11
-1
11
25
39
51
60
62
59
53
49
50
58
73
93
110
122
136
156
178
190
184
169
158
160
168
170
165
157
153
149
138
120
104
97
101
109
116
122
126
124
113
95
81
75
76
78
72
55
27
-6
-38
-62
-74
-81
-91
-104
-113
-113
-105
-103
-112
-130
-145
-151
-151
-153
-161
-175
-188
-200
-209
-213
-208
-196
-176
-151
-123
-103
-96
-101
-105
-99
-85
-73
-65
-60
-50
-37
-24
-11
7
28
44
50
50
58
80
106
117
107
89
79
83
92
96
97
99
109
123
138
147
149
146
143
144
147
149
146
138
126
111
95
84
82
90
104
111
107
92
72
50
29
14
7
11
17
15
7
-1
-3
-2
-7
-20
