90
88
81
72
66
68
68
58
37
18
9
11
20
34
53
72
84
91
97
105
107
99
86
78
76
75
76
91
125
167
198
212
212
203
178
130
71
25
4
2
5
11
27
47
52
33
0
-29
-46
-54
-56
-48
-24
9
35
41
18
-32
-102
-179
-247
-293
-314
-319
-319
-321
-325
-334
-356
-396
-448
-494
-518
-518
-504
-485
-463
-435
-408
-386
-364
-330
-279
-223
-179
-155
-142
-126
-97
-50
15
95
174
240
296
356
426
492
535
560
591
648
725
792
827
835
829
815
786
741
694
660
640
626
606
578
539
492
440
386
328
264
200
144
98
56
12
-28
-54
-67
-76
-89
-103
-117
-134
-168
-220
-288
-364
-443
-521
-592
-658
-726
-803
-884
-963
-1040
-1125
-1221
-1309
-1359
-1353
-1299
-1218
-1124
-1018
-897
-777
-685
-633
-603
-564
-508
-448
-393
-329
-241
-146
-76
-45
-31
-4
46
110
182
265
363
473
593
727
878
1032
1166
1265
1339
1407
1482
1573
1695
1864
2069
2268
2403
2437
2350
2130
1771
1298
773
270
-157
-482
-689
-763
-708
-571
-418
-304
-251
-257
-311
-384
-438
-443
-407
-359
-310
-250
-182
-140
-164
-257
-392
-543
-698
-848
-977
-1084
-1177
-1261
-1331
-1389
-1454
-1545
-1657
-1752
-1779
-1705
-1525
-1256
-936
-606
-310
-79
73
150
163
116
8
-142
-291
-389
-409
-370
-312
-265
-241
-227
-195
-120
2
151
313
481
650
810
951
1079
1199
1330
1522
1855
2366
2985
3533
3825
3756
3338
2650
1795
867
-53
-887
-1550
-1946
-2016
-1776
-1337
-854
-480
-305
-328
-458
-571
-587
-504
-336
-70
320
824
1375
1875
2213
2298
2088
1642
1074
474
-132
-735
-1271
-1642
-1802
-1793
-1695
-1565
-1443
-1365
-1344
-1350
-1330
-1251
-1109
-921
-713
-526
-394
-326
-320
-375
-486
-620
-731
-792
-812
-803
-770
-728
-705
-734
-827
-982
-1195
-1463
-1749
-1983
-2094
-2050
-1840
-1452
-874
-171
524
1080
1461
1709
1835
1790
1561
1292
1222
1508
2137
3034
4147
5310
6098
6020
4942
3231
1404
-281
-1810
-3098
-3865
-3882
-3191
-2081
-891
61
510
355
-206
-769
-1031
-989
-783
-423
258
1333
2574
3560
3961
3692
2847
1614
243
-967
-1775
-2125
-2112
-1863
-1446
-923
-426
-121
-124
-449
-1015
-1646
-2078
-2073
-1577
-777
42
673
1039
1131
942
484
-184
-930
-1567
-1902
-1837
-1424
-832
-279
34
-6
-370
-903
-1440
-1907
-2286
-2531
-2543
-2253
-1710
-1074
-538
-218
-109
-133
-217
-339
-463
-518
-412
-134
232
565
792
928
1026
1150
1350
1722
2423
3581
5096
6511
7196
6749
5293
3336
1331
-563
-2324
-3770
-4551
-4451
-3588
-2312
-970
154
795
789
259
-393
-766
-723
-344
269
1084
2049
3018
3767
4036
3625
2509
940
-663
-1925
-2663
-2857
-2568
-1933
-1178
-553
-192
-59
-59
-171
-445
-873
-1283
-1431
-1183
-655
-144
77
-67
-422
-776
-1025
-1210
-1381
-1488
-1399
-1051
-532
-22
320
404
189
-313
-976
-1593
-2000
-2185
-2246
-2234
-2094
-1761
-1287
-829
-521
-400
-442
-589
-749
-775
-607
-336
-125
-14
100
270
395
384
433
911
1973
3403
4969
6698
8533
9819
9553
7362
4008
701
-1953
-4082
-5816
-6803
-6606
-5280
-3385
-1520
-66
720
693
24
-711
-893
-317
766
2005
3260
4504
5563
6061
5630
4171
1921
-640
-2993
-4705
-5513
-5359
-4406
-3000
-1551
-384
352
698
769
652
376
-9
-333
-386
-102
318
528
301
-339
-1176
-1993
-2634
-2988
-2942
-2458
-1663
-817
-161
208
279
16
-632
-1587
-2569
-3246
-3439
-3193
-2677
-2067
-1479
-956
-470
7
413
602
454
10
-558
-1059
-1430
-1691
-1881
-1968
-1873
-1566
-1110
-607
-7
867
2115
3606
5231
7159
9528
11786
12652
11099
7357
2745
-1461
-4794
-7301
-8851
-9082
-7880
-5675
-3153
-897
665
1221
763
-149
-617
-61
1383
3109
4653
5878
6710
6878
6052
4165
1496
-1493
-4302
-6370
-7177
-6553
-4889
-2900
-1138
241
1257
1877
2053
1890
1609
1359
1174
1060
1029
955
561
-355
-1688
-3059
-4093
-4580
-4457
-3738
-2569
-1256
-127
659
1120
1260
977
198
-898
-1899
-2426
-2404
-2074
-1739
-1532
-1391
-1234
-1069
-946
-855
-742
-614
-559
-660
-868
-1084
-1248
-1427
-1682
-1982
-2220
-2278
-2054
-1404
-244
1331
3057
4807
6792
9295
12062
14065
14075
11613
7335
2506
-1844
-5287
-7693
-8894
-8726
-7351
-5296
-3132
-1222
181
772
470
-215
-341
707
2670
4761
6364
7314
7556
6885
5144
2516
-522
-3475
-5919
-7407
-7543
-6316
-4265
-2175
-551
564
1367
1993
2482
2850
3057
2992
2585
1961
1301
571
-481
-1987
-3669
-5018
-5648
-5465
-4555
-3114
-1455
33
1072
1605
1733
1541
1028
183
-884
-1901
-2561
-2728
-2513
-2166
-1868
-1661
-1491
-1318
-1147
-1004
-900
-811
-708
-587
-524
-627
-972
-1479
-1959
-2210
-2177
-1928
-1498
-797
283
1600
2769
3478
3935
4823
6709
9400
11878
12913
11805
8716
4477
126
-3556
-6234
-7876
-8472
-7977
-6463
-4212
-1625
820
2500
2858
1938
680
350
1484
3492
5267
6144
6136
5496
4314
2575
340
-2223
-4850
-7063
-8181
-7715
-5809
-3221
-808
932
1972
2558
3023
3627
4402
5109
5342
4778
3333
1186
-1324
-3822
-5973
-7520
-8256
-8026
-6758
-4612
-2031
379
2144
3121
3432
3263
2745
1996
1124
193
-784
-1748
-2556
-3101
-3389
-3497
-3409
-3038
-2352
-1480
-626
50
469
589
364
-202
-998
-1775
-2285
-2408
-2255
-2001
-1704
-1237
-449
560
1415
1727
1544
1418
2037
3764
6493
9731
12538
13607
11936
7746
2564
-1924
-5081
-7243
-8654
-8875
-7415
-4561
-1323
1308
2780
2833
1530
-411
-1671
-1204
883
3525
5652
6853
7156
6563
4986
2479
-649
-3926
-6758
-8465
-8512
-6871
-4160
-1329
862
2077
2376
2071
1687
1780
2553
3681
4542
4696
4020
2510
152
-2857
-5889
-8140
-9102
-8759
-7287
-4844
-1751
1268
3349
4095
3850
3287
2788
2293
1589
621
-511
-1665
-2705
-3507
-4002
-4229
-4221
-3910
-3117
-1787
-184
1196
1952
2045
1675
999
44
-1110
-2228
-3037
-3432
-3407
-2954
-2074
-948
57
642
761
594
343
212
495
1596
3841
7179
10939
13819
14348
11783
6759
994
-3831
-6947
-8367
-8287
-6836
-4382
-1647
592
1828
1837
603
-1414
-3117
-3222
-1179
2312
5857
8306
9223
8621
6618
3485
-225
-3815
-6711
-8511
-8836
-7476
-4763
-1658
707
1680
1279
34
-1299
-1933
-1303
670
3550
6488
8444
8454
6086
1799
-3164
-7384
-9938
-10581
-9504
-7022
-3596
6
2797
4079
3884
2917
1971
1432
1259
1243
1218
1034
526
-429
-1799
-3327
-4611
-5245
-5019
-3936
-2193
-135
1753
2980
3283
2733
1604
200
-1189
-2309
-3036
-3500
-3895
-4227
-4199
-3515
-2240
-839
122
414
261
177
647
1971
4311
7672
11579
14733
15381
12572
7147
1271
-3249
-6067
-7722
-8436
-7868
-5978
-3513
-1431
-156
322
-107
-1487
-3086
-3413
-1417
2403
6398
9117
10095
9491
7510
4459
958
-2304
-5008
-7091
-8222
-7831
-5825
-3091
-964
-189
-586
-1479
-2235
-2312
-1281
847
3456
5729
7241
7926
7564
5655
2061
-2429
-6421
-8783
-9148
-7774
-5279
-2532
-439
538
648
573
826
1469
2293
3067
3592
3639
3031
1747
-60
-2129
-4109
-5541
-6016
-5363
-3765
-1684
286
1618
2064
1754
1072
379
-184
-687
-1225
-1792
-2274
-2632
-2935
-3249
-3428
-3169
-2337
-1159
-68
687
1142
1443
1757
2468
4215
7322
10981
13271
12426
8388
2994
-1495
-4061
-5194
-5734
-5855
-5219
-3804
-2181
-1015
-584
-842
-1651
-2615
-2882
-1563
1427
5033
7791
8813
8111
6207
3669
1012
-1347
-3203
-4538
-5255
-5064
-3865
-2182
-953
-792
-1503
-2424
-2985
-2883
-1887
155
2979
5843
7908
8658
7889
5558
1922
-2195
-5616
-7497
-7741
-6767
-5066
-3121
-1480
-559
-257
-38
560
1522
2525
3313
3749
3652
2770
1060
-1138
-3245
-4733
-5315
-4954
-3892
-2569
-1411
-588
-22
387
624
652
555
472
397
101
-637
-1769
-2897
-3593
-3663
-3188
-2346
-1314
-321
378
646
601
533
801
1855
4161
7667
11197
12754
11010
6622
1806
-1557
-3227
-4013
-4379
-4063
-2945
-1646
-1002
-1227
-1893
-2616
-3335
-3856
-3469
-1449
1991
5549
7785
8160
7063
5095
2708
404
-1252
-2046
-2300
-2360
-2189
-1681
-1220
-1500
-2706
-4207
-5092
-4887
-3625
-1515
1178
4006
6350
7710
7885
6847
4611
1444
-1888
-4354
-5348
-5099
-4351
-3692
-3252
-2939
-2676
-2371
-1786
-704
774
2232
3247
3658
3450
2576
1027
-925
-2720
-3849
-4152
-3797
-3050
-2180
-1445
-1029
-878
-739
-420
5
316
399
291
5
-574
-1471
-2453
-3102
-3154
-2669
-1902
-1087
-361
158
360
245
81
402
1804
4532
8102
11227
12350
10597
6541
1942
-1463
-3059
-3346
-3037
-2464
-1745
-1150
-995
-1381
-2224
-3391
-4510
-4749
-3254
-55
3654
6360
7358
6943
5693
3925
1905
219
-513
-302
141
136
-337
-944
-1661
-2798
-4351
-5653
-5905
-4854
-2871
-515
1746
3524
4589
5041
5194
5117
4449
2835
512
-1742
-3249
-3926
-4113
-4083
-3882
-3519
-3108
-2685
-2092
-1148
69
1244
2114
2607
2734
2447
1718
667
-478
-1510
-2293
-2695
-2663
-2330
-1987
-1800
-1659
-1354
-879
-440
-192
-101
-105
-275
-707
-1361
-2054
-2652
-3059
-3131
-2701
-1773
-663
157
401
212
97
633
2191
4817
8094
10987
12040
10288
6242
1820
-1042
-1835
-1471
-1045
-870
-759
-769
-1260
-2326
-3586
-4587
-5065
-4696
-3020
-21
3337
5635
6165
5376
4136
2881
1718
946
949
1551
1935
1456
255
-1113
-2450
-3892
-5244
-5825
-5180
-3669
-2050
-693
504
1570
2303
2727
3285
4203
4894
4417
2551
106
-1919
-3194
-3950
-4323
-4182
-3560
-2833
-2339
-1993
-1501
-803
-101
494
1094
1754
2241
2197
1500
373
-826
-1826
-2490
-2729
-2517
-1966
-1361
-959
-805
-760
-702
-630
-555
-447
-329
-379
-785
-1560
-2449
-3101
-3221
-2696
-1666
-500
378
737
655
455
564
1416
3310
6159
9200
11096
10645
7746
3700
344
-1283
-1483
-1190
-949
-742
-587
-870
-1903
-3382
-4585
-4980
-4428
-2894
-434
2398
4480
4927
3917
2490
1542
1238
1376
1863
2578
3047
2693
1453
-174
-1718
-3084
-4199
-4663
-4122
-2848
-1621
-974
-800
-693
-399
190
1170
2438
3451
3507
2434
816
-558
-1391
-1886
-2223
-2316
-2097
-1799
-1731
-1892
-1976
-1734
-1180
-450
363
1118
1520
1287
441
-661
-1602
-2138
-2167
-1697
-923
-251
-20
-210
-518
-726
-864
-1003
-1065
-969
-852
-958
-1376
-1946
-2482
-2855
-2948
-2608
-1784
-691
244
667
569
303
336
1007
2505
4859
7714
10037
10453
8286
4427
891
-767
-610
143
511
433
164
-458
-1771
-3542
-4893
-5123
-4260
-2726
-785
1321
2933
3226
2128
643
-14
527
1737
2975
3927
4356
3915
2521
680
-897
-1926
-2559
-2864
-2676
-2072
-1629
-1870
-2613
-3124
-2869
-1882
-444
1186
2599
3147
2422
837
-583
-1087
-771
-239
78
111
-138
-734
-1582
-2287
-2439
-1965
-1103
-149
644
993
679
-188
-1149
-1745
-1821
-1475
-853
-164
261
152
-381
-908
-1090
-969
-780
-642
-533
-509
-748
-1320
-2045
-2615
-2847
-2706
-2234
-1544
-858
-423
-321
-392
-378
-81
630
1919
3960
6567
8830
9372
7445
3895
798
-209
744
2146
2699
2256
1315
85
-1572
-3462
-4848
-5092
-4271
-2957
-1596
-370
456
516
-148
-802
-574
698
2385
3725
4364
4282
3538
2348
1189
516
349
312
108
-283
-895
-1956
-3507
-4971
-5447
-4521
-2614
-554
991
1637
1227
26
-1160
-1458
-681
535
1409
1650
1400
805
-75
-1005
-1538
-1401
-773
-99
295
299
-131
-962
-1911
-2484
-2356
-1683
-941
-526
-548
-903
-1364
-1613
-1372
-665
154
691
819
633
204
-451
-1225
-1846
-2102
-2003
-1749
-1520
-1344
-1157
-976
-919
-1025
-1077
-680
484
2492
5087
7576
8880
8137
5603
2835
1561
2172
3472
4002
3390
2246
1053
-347
-2095
-3690
-4384
-4033
-3186
-2375
-1695
-1184
-1126
-1668
-2280
-2063
-698
1198
2718
3456
3525
3114
2392
1743
1653
2174
2723
2665
1916
809
-473
-1988
-3565
-4595
-4540
-3483
-2040
-834
-226
-373
-1137
-1937
-2006
-1098
199
1040
1162
951
776
549
83
-399
-410
181
912
1204
886
197
-564
-1228
-1687
-1860
-1812
-1746
-1818
-2000
-2179
-2292
-2284
-2025
-1430
-646
-27
170
-11
-325
-570
-685
-678
-588
-476
-429
-495
-639
-796
-947
-1078
-1124
-1003
-709
-250
544
1986
4089
6112
6847
5671
3364
1618
1547
2709
3728
3743
3026
2245
1514
468
-941
-2138
-2546
-2231
-1763
-1561
-1640
-1863
-2188
-2485
-2410
-1688
-504
583
1170
1320
1298
1241
1230
1509
2281
3275
3829
3501
2467
1193
-60
-1221
-2091
-2365
-1971
-1182
-345
271
318
-558
-2206
-3671
-3857
-2626
-999
-114
-172
-546
-685
-582
-400
-65
574
1346
1812
1682
1071
329
-241
-499
-460
-332
-441
-986
-1810
-2510
-2817
-2784
-2574
-2206
-1617
-934
-511
-598
-1058
-1482
-1574
-1335
-940
-532
-222
-120
-250
-451
-495
-312
-27
219
423
711
1308
2468
4177
5792
6251
5019
2890
1465
1644
2740
3313
2731
1640
928
654
231
-583
-1337
-1551
-1356
-1261
-1501
-1895
-2195
-2306
-2111
-1467
-516
234
388
116
-83
1
177
345
771
1682
2754
3302
2955
1984
933
126
-410
-698
-718
-502
-193
26
-30
-499
-1311
-2059
-2244
-1797
-1254
-1232
-1733
-2144
-1938
-1232
-539
-117
221
691
1145
1223
813
216
-128
-17
387
706
606
25
-787
-1467
-1831
-1956
-1994
-1970
-1832
-1625
-1496
-1525
-1624
-1667
-1633
-1595
-1563
-1481
-1316
-1132
-990
-861
-635
-250
244
712
1043
1297
1760
2777
4337
5820
6305
5371
3633
2364
2373
3250
3787
3231
1963
886
326
-170
-983
-1756
-1845
-1241
-701
-915
-1783
-2655
-2996
-2706
-1900
-783
280
851
808
487
318
384
522
735
1237
2040
2726
2824
2296
1522
861
404
105
-59
-132
-215
-331
-394
-423
-670
-1326
-2130
-2541
-2371
-2050
-2110
-2498
-2649
-2191
-1378
-726
-405
-168
212
629
831
744
543
446
538
732
827
619
58
-668
-1246
-1514
-1585
-1692
-1903
-2066
-2018
-1786
-1556
-1470
-1535
-1662
-1788
-1876
-1902
-1831
-1627
-1257
-737
-154
347
681
913
1256
1969
3174
4676
5873
6054
5012
3457
2575
2968
4002
4432
3669
2292
1211
588
-129
-1188
-1998
-1865
-1006
-457
-941
-2158
-3234
-3613
-3299
-2526
-1533
-644
-163
-85
-55
193
538
747
916
1351
2040
2544
2503
2078
1704
1554
1428
1128
689
259
-72
-248
-245
-201
-406
-969
-1570
-1784
-1629
-1610
-2071
-2728
-2987
-2653
-2078
-1650
-1349
-915
-275
364
771
899
842
721
658
737
887
870
504
-94
-603
-839
-962
-1240
-1710
-2121
-2232
-2064
-1840
-1726
-1688
-1625
-1533
-1532
-1702
-1959
-2105
-2009
-1673
-1166
-539
140
780
1419
2313
3661
5115
5827
5241
3863
2965
3366
4578
5324
4857
3631
2593
2047
1442
290
-1055
-1762
-1555
-1066
-1113
-1884
-2909
-3646
-3843
-3520
-2884
-2302
-2068
-2074
-1838
-1063
-35
711
1045
1341
1873
2395
2474
2107
1747
1757
2032
2239
2186
1875
1319
563
-165
-550
-549
-499
-756
-1291
-1763
-1976
-2085
-2329
-2679
-2874
-2748
-2407
-2067
-1805
-1507
-1020
-342
340
770
840
692
583
623
697
643
466
297
207
110
-117
-513
-995
-1417
-1651
-1665
-1572
-1543
-1658
-1808
-1855
-1808
-1840
-2059
-2355
-2466
-2239
-1727
-1091
-413
368
1414
2831
4448
5702
5917
4963
3638
3173
4073
5522
6130
5346
3930
2957
2556
1976
754
-572
-1145
-900
-658
-1151
-2244
-3242
-3644
-3487
-3081
-2744
-2708
-2998
-3263
-3003
-2081
-933
-65
495
1081
1790
2288
2286
1979
1833
2044
2407
2632
2632
2443
2091
1619
1153
740
246
-454
-1196
-1628
-1663
-1646
-1950
-2497
-2890
-2935
-2861
-2931
-3044
-2862
-2247
-1422
-721
-309
-150
-108
-27
187
488
698
695
555
487
577
690
600
256
-183
-517
-712
-880
-1115
-1380
-1562
-1627
-1666
-1811
-2092
-2412
-2614
-2618
-2443
-2149
-1755
-1213
-409
791
2393
4078
5200
5195
4190
3143
3109
4213
5446
5689
4856
3843
3357
3141
2495
1355
416
215
402
158
-846
-2150
-3057
-3277
-2989
-2572
-2400
-2699
-3330
-3776
-3540
-2668
-1692
-1026
-540
121
964
1613
1807
1710
1663
1819
2101
2415
2687
2815
2728
2515
2296
1981
1315
289
-683
-1167
-1234
-1363
-1826
-2387
-2677
-2703
-2777
-3033
-3230
-3087
-2618
-2063
-1601
-1249
-972
-751
-535
-249
89
338
392
355
431
682
924
946
733
455
241
60
-185
-508
-819
-1062
-1267
-1485
-1691
-1827
-1896
-1976
-2083
-2132
-2031
-1795
-1446
-860
204
1776
3398
4317
4124
3264
2768
3332
4612
5554
5437
4555
3745
3430
3261
2755
1975
1393
1190
993
348
-741
-1872
-2686
-3061
-3024
-2707
-2433
-2567
-3130
-3646
-3597
-2965
-2202
-1651
-1209
-607
140
744
1033
1139
1289
1542
1830
2108
2380
2623
2813
2962
3036
2837
2168
1135
173
-384
-662
-1043
-1660
-2259
-2584
-2706
-2877
-3152
-3319
-3197
-2854
-2481
-2159
-1835
-1490
-1179
-926
-661
-349
-76
69
144
294
530
716
758
733
742
743
602
294
-74
-400
-668
-904
-1098
-1242
-1363
-1518
-1720
-1899
-1931
-1750
-1416
-1039
-574
200
1402
2694
3398
3128
2340
2054
2866
4277
5142
4839
3844
3100
2958
2973
2643
2063
1656
1511
1241
520
-517
-1486
-2168
-2555
-2636
-2429
-2179
-2273
-2773
-3256
-3246
-2754
-2189
-1827
-1531
-1069
-458
111
554
910
1167
1283
1355
1588
2019
2460
2775
3055
3320
3256
2514
1298
324
55
139
-154
-1057
-2072
-2625
-2712
-2736
-2912
-3049
-2919
-2589
-2310
-2186
-2110
-1956
-1708
-1394
-1020
-629
-335
-223
-213
-116
168
528
781
848
796
712
614
467
237
-87
-491
-908
-1223
-1366
-1389
-1414
-1503
-1578
-1523
-1306
-969
-493
231
1250
2333
3016
2942
2274
1717
1976
3076
4248
4634
4102
3273
2759
2578
2376
2038
1790
1767
1720
1308
501
-446
-1307
-2005
-2454
-2550
-2385
-2301
-2526
-2889
-3002
-2738
-2331
-2030
-1799
-1467
-988
-470
14
450
775
913
954
1165
1687
2344
2806
2930
2792
2499
2095
1679
1395
1239
960
335
-534
-1309
-1810
-2164
-2542
-2870
-2927
-2686
-2383
-2262
-2331
-2423
-2381
-2170
-1828
-1445
-1130
-946
-830
-645
-333
24
305
481
590
647
628
559
505
469
342
23
-433
-833
-1031
-1062
-1081
-1184
-1306
-1318
-1162
-883
-487
152
1158
2335
3123
3040
2255
1595
1803
2792
3728
3906
3409
2866
2678
2667
2466
2035
1635
1430
1276
960
449
-172
-865
-1595
-2173
-2374
-2247
-2150
-2348
-2694
-2808
-2548
-2122
-1777
-1513
-1210
-854
-526
-211
158
519
704
727
896
1480
2357
3071
3233
2776
1941
1115
676
743
1021
980
364
-544
-1231
-1515
-1665
-1986
-2410
-2623
-2481
-2175
-2004
-2086
-2334
-2572
-2625
-2377
-1863
-1309
-971
-894
-879
-721
-409
-80
189
440
716
948
1032
938
717
432
130
-133
-306
-409
-548
-800
-1100
-1280
-1231
-981
-583
18
900
1928
2677
2749
2200
1617
1644
2394
3326
3762
3519
2993
2641
2502
2301
1904
1482
1213
1042
808
479
90
-444
-1226
-2066
-2517
-2367
-1954
-1837
-2168
-2595
-2720
-2508
-2142
-1723
-1244
-771
-416
-153
161
536
782
805
849
1278
2114
2922
3194
2794
2007
1257
816
724
804
769
409
-225
-865
-1276
-1482
-1689
-2008
-2311
-2380
-2173
-1908
-1869
-2130
-2493
-2663
-2496
-2084
-1641
-1319
-1136
-1028
-933
-819
-670
-473
-219
97
456
789
981
945
691
343
75
-11
34
43
-110
-368
-558
-581
-495
-335
50
854
1947
2777
2801
2071
1304
1268
2053
3017
3454
3253
2851
2622
2499
2196
1663
1131
817
709
677
622
440
-37
-880
-1833
-2437
-2454
-2119
-1868
-1904
-2075
-2151
-2059
-1864
-1619
-1340
-1042
-723
-330
153
589
781
718
688
1031
1795
2652
3172
3119
2560
1772
1096
754
699
647
343
-197
-734
-1115
-1439
-1871
-2384
-2745
-2756
-2435
-1965
-1571
-1445
-1673
-2140
-2523
-2507
-2049
-1419
-943
-743
-711
-685
-592
-442
-270
-96
85
301
548
724
673
348
-80
-339
-305
-117
-7
-69
-201
-261
-173
98
611
1380
2235
2811
2800
2281
1740
1660
2076
2576
2765
2654
2525
2509
2435
2100
1546
992
569
274
107
101
148
-46
-667
-1516
-2137
-2284
-2134
-2028
-2078
-2145
-2085
-1899
-1635
-1322
-1024
-839
-743
-547
-117
404
726
779
815
1119
1700
2339
2807
2969
2728
2104
1332
757
500
333
-13
-495
-843
-965
-1100
-1506
-2117
-2627
-2823
-2730
-2456
-2062
-1647
-1425
-1564
-1963
-2285
-2267
-1929
-1474
-1051
-678
-348
-102
17
25
-20
-54
-5
185
483
706
640
258
-213
-498
-522
-431
-372
-334
-209
56
458
1010
1730
2480
2933
2828
2284
1796
1803
2269
2729
2797
2533
2293
2259
2269
2069
1624
1086
592
187
-77
-154
-153
-336
-850
-1502
-1937
-2026
-1968
-1985
-2055
-2000
-1779
-1527
-1344
-1178
-966
-750
-580
-373
-1
485
883
1101
1287
1620
2058
2377
2432
2258
1961
1606
1240
910
600
208
-324
-884
-1269
-1417
-1484
-1662
-1962
-2219
-2293
-2196
-2050
-1967
-1983
-2061
-2113
-2053
-1866
-1625
-1426
-1287
-1138
-908
-613
-352
-194
-117
-38
99
282
454
542
496
317
78
-126
-256
-344
-426
-485
-474
-364
-126
310
1015
1917
2726
3078
2828
2232
1796
1856
2295
2695
2772
2609
2466
2434
2358
2058
1521
877
274
-166
-344
-287
-223
-445
-1017
-1680
-2110
-2234
-2211
-2174
-2072
-1822
-1461
-1116
-842
-620
-454
-380
-358
-252
20
378
692
958
1307
1834
2460
2968
3126
2810
2089
1246
605
295
144
-104
-514
-922
-1175
-1324
-1541
-1899
-2307
-2620
-2733
-2576
-2147
-1608
-1264
-1321
-1666
-1959
-1972
-1769
-1537
-1329
-1052
-654
-224
106
276
304
227
106
37
99
279
453
488
334
57
-234
-449
-547
-536
-462
-345
-120
370
1210
2229
3006
3162
2711
2079
1745
1839
2116
2280
2289
2300
2407
2496
2382
1980
1339
562
-199
-733
-886
-738
-591
-711
-1103
-1571
-1969
-2291
-2553
-2692
-2632
-2362
-1917
-1305
-591
15
272
166
-30
-28
200
474
699
966
1408
2009
2625
3072
3165
2752
1869
826
27
-364
-521
-690
-900
-1023
-1044
-1136
-1451
-1935
-2411
-2756
-2924
-2855
-2507
-1981
-1522
-1312
-1316
-1377
-1412
-1449
-1491
-1445
-1210
-772
-214
342
759
918
785
469
170
25
11
6
-76
-199
-266
-228
-144
-134
-259
-422
-385
81
986
2056
2880
3194
3037
2676
2377
2230
2156
2048
1909
1850
1958
2170
2309
2209
1820
1184
417
-306
-795
-977
-983
-1033
-1223
-1448
-1579
-1635
-1753
-2001
-2291
-2461
-2400
-2066
-1491
-794
-164
255
474
605
726
830
913
1039
1293
1688
2164
2618
2922
2908
2471
1682
791
22
-577
-1087
-1515
-1752
-1728
-1558
-1460
-1555
-1800
-2091
-2364
-2569
-2643
-2544
-2317
-2039
-1755
-1465
-1186
-961
-816
-732
-673
-607
-492
-282
25
360
625
764
778
686
493
216
-99
-380
-578
-664
-626
-477
-282
-116
20
251
726
1448
2193
2657
2714
2518
2339
2302
2319
2260
2123
2014
2014
2096
2170
2129
1875
1349
615
-131
-666
-911
-976
-1042
-1198
-1398
-1547
-1608
-1619
-1646
-1735
-1880
-2005
-1975
-1706
-1251
-766
-362
-28
295
607
860
1045
1214
1429
1711
2058
2429
2725
2792
2552
2061
1446
767
21
-746
-1376
-1740
-1859
-1872
-1880
-1896
-1924
-2011
-2176
-2345
-2421
-2395
-2337
-2267
-2119
-1829
-1433
-1031
-688
-423
-245
-154
-87
44
249
428
505
530
605
719
734
553
239
-73
-320
-509
-631
-634
-511
-313
-64
308
876
1581
2212
2557
2581
2436
2299
2214
2098
1884
1638
1504
1574
1811
2081
2221
2090
1619
875
69
-564
-925
-1115
-1297
-1513
-1652
-1620
-1471
-1361
-1378
-1496
-1644
-1776
-1818
-1674
-1313
-843
-408
-51
284
624
899
1033
1049
1083
1271
1646
2090
2418
2496
2328
1997
1560
997
287
-502
-1216
-1718
-1968
-2012
-1940
-1852
-1839
-1934
-2089
-2236
-2357
-2474
-2579
-2599
-2468
-2193
-1845
-1479
-1102
-713
-344
-34
219
441
622
705
662
553
478
473
484
441
328
171
-13
-209
-368
-425
-366
-234
-40
299
867
1595
2241
2586
2613
2485
2360
2257
2108
1869
1590
1366
1278
1342
1525
1745
1867
1738
1295
640
-18
-548
-976
-1376
-1721
-1886
-1814
-1595
-1390
-1289
-1286
-1342
-1413
-1435
-1351
-1159
-920
-653
-311
144
645
1070
1374
1612
1840
2031
2130
2124
2041
1878
1608
1245
858
491
108
-343
-839
-1284
-1598
-1777
-1859
-1889
-1918
-1996
-2133
-2270
-2335
-2319
-2278
-2249
-2200
-2064
-1818
-1502
-1178
-883
-622
-376
-122
136
370
556
684
741
709
596
446
305
167
8
-159
-282
-322
-299
-248
-149
90
554
1203
1853
2288
2422
2350
2240
2169
2082
1904
1659
1456
1372
1390
1445
1490
1484
1366
1089
696
296
-59
-437
-924
-1460
-1851
-1948
-1784
-1519
-1291
-1147
-1078
-1051
-1019
-938
-815
-703
-637
-574
-431
-166
187
560
925
1302
1723
2156
2498
2620
2469
2105
1662
1224
766
219
-399
-962
-1337
-1511
-1566
-1575
-1554
-1522
-1547
-1672
-1852
-1993
-2071
-2144
-2254
-2328
-2251
-1986
-1614
-1240
-912
-621
-352
-105
114
291
399
428
417
427
469
485
411
266
138
94
115
135
111
61
54
188
537
1080
1672
2124
2336
2363
2332
2306
2228
1999
1615
1198
914
838
924
1061
1151
1126
969
725
469
217
-94
-532
-1054
-1516
-1786
-1837
-1741
-1583
-1417
-1250
-1062
-842
-625
-479
-453
-514
-556
-483
-283
-15
263
539
849
1230
1690
2170
2535
2616
2348
1833
1264
737
208
-392
-1011
-1503
-1771
-1839
-1782
-1652
-1489
-1364
-1344
-1422
-1543
-1690
-1906
-2192
-2443
-2503
-2306
-1913
-1442
-989
-596
-271
11
270
465
512
388
207
126
185
263
242
133
41
20
35
43
49
74
132
262
550
1030
1593
2028
2210
2213
2214
2291
2351
2254
1971
1607
1294
1109
1050
1064
1063
975
793
586
421
268
21
-384
-881
-1333
-1642
-1789
-1793
-1684
-1517
-1359
-1216
-1015
-699
-349
-133
-129
-223
-233
-87
139
350
554
826
1211
1665
2099
2402
2469
2246
1790
1234
678
108
-516
-1139
-1607
-1819
-1816
-1714
-1580
-1417
-1239
-1109
-1084
-1169
-1345
-1598
-1901
-2176
-2316
-2260
-2033
-1705
-1317
-865
-356
141
520
703
695
565
387
212
64
-32
-70
-70
-61
-42
15
108
186
207
202
279
530
946
1396
1724
1865
1895
1943
2041
2097
2005
1774
1516
1331
1230
1178
1142
1095
998
819
577
337
127
-106
-437
-856
-1248
-1499
-1595
-1622
-1650
-1673
-1628
-1470
-1199
-865
-554
-344
-246
-187
-73
123
350
559
754
982
1262
1572
1860
2061
2093
1908
1530
1057
568
70
-465
-1008
-1469
-1765
-1877
-1837
-1693
-1503
-1338
-1256
-1262
-1321
-1404
-1520
-1684
-1867
-1992
-1983
-1810
-1500
-1120
-727
-345
28
381
668
839
869
773
585
358
140
-39
-177
-268
-284
-199
-31
158
315
447
620
905
1295
1686
1939
2004
1957
1917
1914
1858
1664
1365
1101
976
985
1048
1094
1081
986
813
605
392
145
-189
-610
-1020
-1317
-1479
-1571
-1646
-1685
-1631
-1462
-1208
-918
-629
-376
-191
-88
-38
15
113
262
458
708
1016
1361
1683
1910
1989
1902
1669
1331
918
438
-110
-686
-1208
-1595
-1818
-1894
-1850
-1713
-1538
-1398
-1331
-1321
-1342
-1415
-1573
-1782
-1931
-1926
-1764
-1511
-1222
-904
-545
-153
236
573
803
901
889
818
702
512
233
-76
-316
-434
-451
-406
-305
-130
133
473
865
1264
1613
1859
1987
2016
1966
1842
1661
1462
1278
1118
980
887
864
897
917
870
772
679
601
463
178
-261
-753
-1170
-1441
-1582
-1638
-1629
-1539
-1353
-1086
-789
-523
-336
-239
-198
-158
-78
39
170
315
516
801
1146
1468
1689
1778
1739
1581
1305
916
439
-89
-616
-1073
-1394
-1557
-1596
-1578
-1537
-1462
-1341
-1195
-1098
-1118
-1271
-1488
-1668
-1748
-1732
-1653
-1524
-1336
-1066
-705
-277
149
494
716
840
907
913
812
592
314
64
-118
-243
-321
-328
-247
-100
74
282
561
911
1264
1528
1672
1734
1757
1732
1621
1414
1156
922
767
710
732
793
854
895
911
894
820
659
403
81
-262
-597
-906
-1177
-1382
-1499
-1512
-1418
-1223
-956
-674
-449
-311
-227
-130
14
177
305
380
441
547
722
935
1119
1200
1150
1001
813
608
354
10
-403
-798
-1093
-1269
-1361
-1407
-1422
-1402
-1345
-1260
-1179
-1143
-1184
-1288
-1394
-1437
-1402
-1321
-1229
-1117
-938
-661
-318
11
252
393
477
555
631
663
605
462
283
127
17
-56
-93
-75
18
174
365
581
833
1114
1370
1538
1598
1586
1553
1511
1434
1291
1089
883
744
699
712
720
694
655
643
651
624
503
288
34
-198
-390
-567
-752
-929
-1059
-1110
-1072
-950
-755
-519
-293
-122
-9
78
161
224
242
222
205
226
285
363
434
483
491
439
322
157
-36
-245
-465
-682
-868
-1001
-1087
-1150
-1196
-1205
-1161
-1080
-1004
-963
-954
-956
-946
-909
-842
-755
-669
-594
-514
-395
-232
-62
67
143
195
246
290
301
275
233
199
180
164
143
122
119
151
230
367
560
796
1040
1255
1413
1514
1566
1573
1516
1381
1180
946
720
526
376
270
202
160
146
171
233
292
295
221
90
-68
-255
-476
-702
-872
-947
-938
-878
-777
-628
-435
-225
-19
183
369
510
578
586
570
544
489
383
231
68
-80
-201
-299
-381
-456
-532
-614
-700
-784
-855
-911
-958
-1004
-1050
-1084
-1088
-1055
-1003
-945
-878
-779
-638
-475
-324
-204
-110
-32
30
75
108
138
160
160
136
111
107
131
165
198
230
265
303
352
424
526
649
786
935
1091
1231
1324
1361
1362
1343
1299
1209
1067
887
692
500
330
209
154
147
142
107
52
5
-24
-55
-106
-177
-266
-378
-506
-623
-698
-729
-730
-695
-601
-437
-226
-9
185
353
501
627
706
710
623
461
254
28
-203
-424
-622
-782
-896
-963
-992
-989
-961
-919
-877
-859
-877
-928
-984
-1021
-1027
-1011
-978
-921
-820
-672
-496
-325
-176
-45
79
193
277
314
315
298
270
218
137
48
-16
-42
-38
-17
20
85
185
312
453
595
730
856
969
1063
1134
1182
1214
1238
1251
1238
1178
1073
945
825
721
618
500
361
217
88
-6
-59
-85
-109
-146
-193
-241
-299
-373
-458
-522
-543
-522
-472
-400
-298
-160
0
159
303
425
521
577
578
514
394
229
29
-208
-464
-705
-889
-1006
-1071
-1099
-1087
-1035
-960
-883
-819
-775
-767
-804
-864
-908
-915
-893
-854
-784
-659
-480
-276
-83
88
232
340
396
398
364
311
244
162
73
-8
-69
-104
-112
-91
-42
24
104
200
317
445
565
663
746
829
913
985
1037
1076
1115
1154
1176
1170
1129
1059
963
842
698
539
376
223
91
-13
-90
-148
-194
-235
-274
-305
-324
-337
-360
-399
-443
-463
-437
-361
-248
-112
41
200
349
467
532
528
444
283
63
-189
-443
-673
-858
-985
-1058
-1096
-1113
-1108
-1072
-1008
-935
-878
-851
-848
-851
-845
-832
-821
-806
-762
-669
-529
-371
-213
-60
94
243
364
429
430
389
344
309
271
212
143
89
63
56
60
88
154
256
371
475
560
632
698
757
807
850
888
922
950
973
995
1016
1029
1028
1008
968
908
830
738
633
513
380
249
136
46
-30
-106
-180
-238
-266
-268
-261
-260
-262
-249
-220
-188
-166
-150
-131
-112
-114
-147
-205
-268
-323
-373
-427
-493
-565
-635
-697
-756
-820
-890
-962
-1026
-1075
-1101
-1106
-1093
-1063
-1017
-955
-878
-787
-679
-554
-421
-294
-181
-79
14
95
156
198
229
253
269
271
263
258
266
283
301
318
343
381
425
462
488
508
524
536
550
572
605
645
687
730
780
833
882
918
934
936
936
935
924
886
817
734
654
576
482
366
243
136
51
-18
-79
-134
-181
-220
-252
-281
-313
-355
-403
-446
-478
-503
-529
-556
-577
-587
-583
-571
-560
-557
-561
-575
-599
-631
-666
-700
-726
-743
-751
-756
-760
-767
-772
-766
-747
-716
-680
-639
-588
-519
-433
-337
-240
-152
-77
-15
39
94
156
222
282
327
357
376
392
404
413
420
432
452
478
505
527
545
561
576
588
603
629
667
708
734
739
736
738
749
754
741
715
690
675
658
624
569
503
440
378
311
235
157
82
10
-61
-129
-189
-238
-282
-330
-385
-439
-475
-484
-471
-455
-457
-485
-528
-564
-576
-572
-577
-608
-657
-701
-720
-715
-703
-696
-698
-700
-689
-664
-636
-617
-610
-609
-604
-591
-569
-544
-523
-502
-472
-418
-341
-250
-157
-63
32
126
206
261
290
305
318
337
361
388
414
437
453
467
481
497
517
541
570
605
637
657
661
659
663
674
678
663
633
606
598
605
612
611
603
591
572
540
497
448
395
341
283
219
147
68
-11
-80
-134
-176
-214
-250
-283
-308
-322
-329
-338
-358
-390
-428
-465
-498
-526
-549
-567
-585
-610
-642
-671
-684
-679
-664
-645
-624
-595
-553
-504
-461
-433
-421
-415
-405
-392
-383
-387
-400
-407
-392
-348
-284
-214
-148
-82
-1
100
207
299
359
387
398
407
419
422
412
393
379
379
389
399
402
403
413
439
476
512
536
549
550
539
513
470
415
360
315
286
271
262
253
246
247
259
279
302
321
325
307
263
203
143
86
27
-38
-103
-157
-198
-234
-269
-293
-295
-277
-254
-243
-244
-248
-247
-244
-254
-285
-331
-378
-414
-444
-471
-492
-492
-464
-422
-390
-377
-372
-353
-320
-285
-261
-250
-249
-257
-272
-284
-285
-277
-268
-262
-252
-232
-197
-149
-95
-43
1
39
78
123
169
210
242
263
274
278
281
289
298
299
293
293
310
341
368
383
397
421
452
469
463
443
424
408
386
349
305
265
235
209
182
158
144
142
148
151
146
141
141
148
152
138
103
52
-4
-53
-90
-118
-144
-171
-194
-211
-221
-228
-238
-256
-278
-295
-301
-297
-291
-286
-283
-280
-277
-275
-272
-264
-253
-244
-239
-238
-234
-225
-217
-217
-226
-237
-240
-231
-215
-202
-194
-185
-169
-149
-131
-116
-99
-69
-27
17
49
63
71
82
99
115
124
127
133
151
182
215
239
247
247
247
248
242
224
202
188
185
189
188
177
158
141
136
147
166
184
196
200
194
182
167
156
147
137
124
105
81
53
24
2
-10
-13
-11
-10
-9
-7
-5
-7
-22
-50
-86
-119
-148
-174
-197
-216
-225
-227
-228
-229
-224
-208
-185
-163
-150
-146
-144
-138
-129
-127
-137
-155
-169
-167
-150
-130
-118
-113
-109
-104
-102
-105
-108
-100
-77
-46
-16
8
28
45
58
66
74
84
98
107
108
101
94
88
86
87
92
101
110
118
124
132
141
145
142
133
127
127
132
131
121
107
99
100
102
102
98
97
98
94
83
70
62
62
64
62
53
42
37
34
25
1
-31
-58
-71
-77
-86
-104
-123
-132
-129
-121
-119
-122
-128
-133
-142
-156
-178
-204
-229
-245
-242
-222
-197
-184
-185
-184
-162
-118
-70
-40
-37
-47
-54
-50
-41
-34
-31
-29
-26
-21
-17
-17
-21
-30
-37
-32
-12
20
52
76
93
110
133
154
164
160
155
157
