-40
-57
-66
-64
-56
-46
-39
-35
-37
-42
-46
-47
-45
-48
-58
-70
-79
-78
-70
-64
-66
-69
-61
-38
-14
-3
-2
3
15
19
3
-27
-50
-49
-25
8
35
48
47
39
29
18
5
-3
4
29
62
87
93
92
102
126
154
168
163
145
120
92
66
47
41
53
82
117
139
139
120
95
71
43
11
-17
-32
-34
-36
-45
-60
-72
-80
-87
-98
-106
-106
-96
-84
-80
-90
-116
-152
-186
-206
-201
-173
-137
-107
-88
-81
-95
-144
-232
-343
-441
-500
-513
-490
-440
-365
-265
-151
-51
10
28
22
13
9
11
21
54
120
225
354
477
566
619
652
668
649
579
479
400
377
403
449
492
532
571
589
555
451
293
120
-36
-160
-247
-288
-277
-228
-168
-121
-93
-82
-96
-143
-224
-318
-399
-441
-437
-396
-333
-264
-203
-165
-177
-261
-407
-568
-695
-769
-801
-798
-748
-645
-512
-391
-310
-267
-255
-275
-321
-364
-355
-267
-114
59
215
341
431
477
484
484
531
663
871
1099
1283
1378
1370
1265
1071
805
496
192
-51
-197
-244
-227
-188
-154
-141
-167
-244
-365
-494
-593
-634
-616
-543
-409
-201
73
369
615
755
783
732
640
514
364
222
142
144
190
227
222
167
49
-152
-424
-720
-979
-1157
-1237
-1220
-1118
-945
-728
-506
-324
-219
-208
-285
-420
-565
-666
-685
-621
-486
-300
-80
142
318
396
349
189
-26
-217
-315
-282
-93
275
816
1430
1921
2121
2008
1694
1281
791
240
-267
-577
-620
-448
-163
147
385
432
221
-182
-615
-953
-1171
-1275
-1222
-957
-498
54
590
1030
1300
1324
1099
739
412
210
132
153
268
450
619
695
651
483
166
-307
-854
-1320
-1578
-1601
-1447
-1187
-880
-571
-295
-86
11
-46
-243
-492
-670
-715
-645
-495
-272
24
342
587
678
597
369
39
-345
-716
-1007
-1164
-1149
-917
-420
331
1188
1885
2195
2085
1714
1265
812
350
-78
-347
-361
-140
208
575
868
964
741
200
-487
-1088
-1466
-1609
-1534
-1221
-674
12
669
1151
1379
1323
1012
554
132
-98
-83
124
440
780
1054
1166
1053
707
159
-532
-1256
-1852
-2173
-2162
-1872
-1408
-881
-407
-88
31
-16
-173
-402
-673
-913
-1024
-927
-609
-139
360
762
1007
1083
973
640
107
-508
-1065
-1488
-1734
-1700
-1224
-234
1112
2417
3232
3328
2818
2029
1211
428
-311
-876
-1064
-792
-177
548
1155
1436
1224
500
-529
-1526
-2235
-2569
-2519
-2071
-1247
-193
868
1734
2259
2334
1923
1174
389
-139
-302
-151
222
724
1212
1509
1497
1173
575
-256
-1209
-2041
-2484
-2445
-2032
-1422
-744
-117
300
384
170
-173
-494
-739
-888
-868
-606
-151
327
652
751
649
404
67
-308
-659
-918
-1043
-1033
-934
-805
-687
-603
-554
-504
-336
94
829
1701
2411
2741
2706
2452
2067
1519
800
42
-549
-858
-920
-819
-624
-418
-342
-499
-844
-1197
-1406
-1442
-1346
-1106
-667
-14
757
1480
2008
2252
2204
1925
1537
1152
822
545
321
172
88
-8
-199
-508
-881
-1271
-1666
-2030
-2248
-2179
-1795
-1221
-647
-184
170
440
601
589
397
112
-149
-323
-407
-410
-328
-184
-45
21
-11
-128
-310
-552
-855
-1220
-1614
-1930
-2008
-1702
-946
240
1729
3244
4383
4795
4406
3429
2178
868
-347
-1274
-1726
-1663
-1225
-610
-33
230
-75
-936
-1989
-2781
-3094
-2945
-2370
-1352
11
1449
2697
3629
4159
4112
3381
2193
1077
448
302
357
388
351
229
-61
-580
-1285
-2073
-2846
-3455
-3672
-3325
-2470
-1365
-258
713
1431
1743
1578
1072
484
-3
-335
-481
-386
-68
298
471
304
-186
-871
-1606
-2251
-2690
-2849
-2756
-2489
-2114
-1650
-1160
-789
-616
-513
-212
449
1466
2803
4445
6191
7524
7857
6961
5070
2642
85
-2270
-4101
-5147
-5327
-4819
-3957
-3104
-2534
-2376
-2581
-2919
-3058
-2720
-1810
-416
1299
3144
4899
6294
7067
7061
6259
4803
2971
1140
-344
-1309
-1806
-2020
-2134
-2249
-2404
-2610
-2859
-3100
-3227
-3096
-2579
-1642
-382
973
2148
2894
3065
2655
1798
741
-253
-986
-1385
-1478
-1353
-1132
-952
-938
-1158
-1598
-2169
-2756
-3217
-3421
-3274
-2793
-2094
-1332
-620
-29
376
616
905
1631
3066
5051
6983
8167
8229
7251
5559
3453
1124
-1230
-3316
-4823
-5553
-5491
-4757
-3606
-2428
-1656
-1501
-1767
-1982
-1766
-1061
-32
1189
2537
3889
5008
5670
5765
5234
4061
2378
558
-960
-1939
-2405
-2491
-2312
-2008
-1787
-1793
-1985
-2174
-2212
-2073
-1750
-1164
-248
885
1938
2600
2726
2358
1622
671
-319
-1133
-1601
-1703
-1581
-1402
-1222
-1022
-867
-948
-1398
-2101
-2725
-2987
-2821
-2366
-1774
-1124
-457
136
522
649
596
534
635
1116
2212
3940
5830
7090
7162
6106
4357
2271
10
-2192
-3917
-4826
-4907
-4377
-3414
-2176
-980
-246
-160
-479
-774
-775
-420
288
1325
2531
3622
4363
4653
4420
3551
2054
232
-1421
-2525
-2974
-2844
-2285
-1536
-900
-559
-442
-384
-363
-492
-738
-812
-442
312
1082
1532
1586
1330
840
145
-657
-1393
-1900
-2098
-1976
-1575
-1009
-466
-153
-206
-609
-1200
-1772
-2169
-2330
-2222
-1849
-1291
-726
-315
-109
-86
-206
-411
-519
-226
759
2466
4522
6240
6985
6531
5130
3216
1120
-960
-2807
-4130
-4687
-4407
-3416
-2007
-619
286
482
132
-327
-523
-348
134
854
1771
2775
3667
4221
4234
3568
2231
498
-1154
-2292
-2763
-2700
-2318
-1770
-1168
-650
-338
-231
-219
-209
-204
-221
-170
82
524
928
1015
688
82
-583
-1159
-1581
-1805
-1774
-1474
-981
-449
-33
163
95
-243
-802
-1446
-1973
-2208
-2108
-1742
-1226
-652
-124
215
243
-46
-494
-881
-1011
-717
193
1840
4029
6129
7328
7137
5697
3569
1277
-929
-2905
-4383
-5032
-4717
-3635
-2169
-721
338
740
467
-156
-646
-663
-156
732
1827
2955
3922
4503
4492
3767
2366
547
-1270
-2658
-3370
-3395
-2893
-2084
-1185
-378
209
519
537
307
-43
-304
-291
10
434
768
898
813
508
-34
-765
-1492
-1965
-2049
-1787
-1306
-708
-84
398
533
238
-351
-985
-1488
-1810
-1946
-1846
-1481
-928
-383
-28
67
-62
-334
-679
-989
-1066
-637
502
2281
4272
5847
6501
6085
4791
2960
914
-1089
-2800
-3963
-4364
-3946
-2878
-1519
-281
513
707
389
-125
-435
-291
304
1205
2248
3280
4088
4413
4049
2942
1254
-653
-2328
-3421
-3805
-3529
-2722
-1586
-422
434
791
695
358
4
-219
-227
21
494
1031
1376
1313
799
-17
-920
-1727
-2310
-2546
-2345
-1727
-870
-48
508
690
509
47
-581
-1249
-1826
-2192
-2241
-1947
-1387
-732
-155
214
300
109
-256
-614
-831
-848
-572
231
1773
3892
5909
6974
6643
5142
3077
943
-1062
-2845
-4172
-4723
-4336
-3180
-1681
-321
534
750
456
-2
-236
-8
685
1660
2694
3583
4165
4269
3724
2458
611
-1431
-3175
-4220
-4394
-3767
-2577
-1168
103
975
1345
1263
858
301
-192
-409
-243
215
723
1033
1008
640
-3
-793
-1575
-2174
-2442
-2279
-1678
-770
188
894
1145
929
376
-337
-1061
-1674
-2066
-2162
-1942
-1491
-948
-467
-152
-58
-211
-574
-1025
-1373
-1465
-1218
-551
673
2501
4645
6422
7103
6383
4566
2278
40
-1899
-3424
-4369
-4555
-3948
-2757
-1374
-232
343
294
-119
-425
-249
464
1489
2545
3476
4181
4490
4164
3055
1269
-830
-2741
-4023
-4449
-4069
-3119
-1867
-537
635
1392
1570
1233
651
121
-160
-128
184
648
1047
1149
817
102
-793
-1625
-2220
-2477
-2327
-1727
-747
376
1296
1706
1479
724
-278
-1233
-1971
-2436
-2581
-2354
-1773
-1030
-378
14
123
-11
-349
-798
-1203
-1400
-1322
-940
-151
1213
3154
5281
6880
7304
6377
4479
2231
92
-1782
-3359
-4464
-4811
-4259
-3027
-1594
-425
224
363
213
125
401
1118
2108
3095
3875
4324
4315
3710
2455
678
-1327
-3169
-4445
-4868
-4403
-3290
-1893
-528
578
1268
1478
1299
950
652
525
571
732
923
1034
929
485
-277
-1153
-1854
-2203
-2183
-1837
-1195
-339
517
1104
1232
856
71
-910
-1815
-2432
-2677
-2563
-2139
-1493
-788
-201
137
174
-69
-467
-814
-958
-898
-742
-536
-164
593
1865
3514
5083
5977
5809
4637
2877
982
-791
-2356
-3605
-4335
-4345
-3609
-2355
-985
99
682
815
770
863
1264
1929
2648
3205
3483
3471
3139
2379
1090
-620
-2366
-3668
-4214
-3988
-3177
-2026
-761
401
1278
1766
1893
1776
1521
1184
812
509
366
339
245
-70
-567
-1065
-1412
-1578
-1581
-1410
-1048
-548
-44
305
378
120
-427
-1105
-1691
-2021
-2076
-1934
-1659
-1251
-718
-147
295
475
384
134
-162
-468
-769
-986
-995
-731
-162
794
2201
3848
5174
5577
4860
3338
1534
-175
-1665
-2902
-3771
-4038
-3536
-2369
-950
217
843
975
902
938
1241
1767
2339
2799
3062
3080
2775
2056
916
-519
-2005
-3252
-3982
-4015
-3331
-2106
-663
643
1550
1965
1967
1724
1376
982
567
212
19
-7
-20
-215
-650
-1215
-1725
-2049
-2111
-1868
-1333
-619
74
565
761
646
242
-388
-1102
-1703
-2024
-2020
-1774
-1418
-1037
-636
-219
136
297
202
-83
-419
-691
-846
-884
-839
-692
-288
609
2061
3724
4962
5267
4590
3264
1677
54
-1471
-2727
-3483
-3577
-3002
-1937
-720
268
789
892
834
874
1124
1551
2080
2605
2991
3078
2759
2014
900
-456
-1849
-2989
-3587
-3473
-2683
-1455
-134
975
1714
2070
2100
1866
1449
957
497
122
-164
-381
-571
-784
-1062
-1384
-1675
-1826
-1739
-1374
-789
-138
406
722
765
539
86
-512
-1154
-1728
-2123
-2244
-2052
-1606
-1024
-433
66
361
353
43
-428
-859
-1145
-1298
-1356
-1272
-923
-163
1099
2781
4498
5640
5712
4701
3071
1359
-172
-1531
-2707
-3504
-3671
-3133
-2081
-869
133
692
821
797
975
1514
2261
2892
3199
3176
2910
2425
1657
539
-870
-2308
-3355
-3655
-3175
-2221
-1174
-232
563
1167
1484
1495
1322
1106
886
624
316
18
-245
-525
-901
-1369
-1833
-2132
-2118
-1719
-1015
-224
428
822
955
835
441
-213
-996
-1690
-2104
-2165
-1920
-1487
-1008
-605
-351
-271
-352
-557
-790
-935
-930
-819
-706
-634
-541
-299
228
1163
2532
4109
5370
5747
5030
3517
1741
56
-1470
-2819
-3794
-4104
-3624
-2536
-1235
-88
705
1167
1468
1804
2265
2771
3158
3305
3211
2912
2404
1625
548
-751
-2072
-3111
-3565
-3304
-2490
-1467
-512
306
1015
1574
1878
1870
1607
1197
737
291
-105
-448
-768
-1090
-1422
-1708
-1834
-1692
-1280
-721
-165
290
592
697
582
252
-268
-904
-1497
-1858
-1914
-1759
-1531
-1278
-990
-706
-496
-380
-322
-311
-369
-474
-558
-603
-688
-840
-898
-574
299
1630
3128
4421
5136
4999
4011
2478
803
-771
-2164
-3256
-3787
-3528
-2531
-1163
99
940
1327
1464
1601
1856
2171
2416
2545
2585
2524
2247
1630
652
-586
-1895
-3014
-3648
-3606
-2933
-1891
-774
248
1120
1794
2173
2157
1757
1140
537
110
-136
-299
-498
-804
-1197
-1578
-1813
-1839
-1684
-1408
-1018
-502
87
592
828
692
224
-421
-1063
-1577
-1906
-2029
-1947
-1700
-1349
-931
-474
-49
205
190
-48
-353
-596
-761
-873
-910
-801
-460
206
1288
2749
4276
5327
5437
4533
2957
1191
-417
-1720
-2656
-3140
-3065
-2399
-1282
-29
973
1463
1461
1269
1257
1593
2132
2564
2698
2566
2293
1860
1096
-95
-1517
-2740
-3390
-3362
-2799
-1920
-914
69
905
1507
1819
1816
1531
1087
670
403
262
114
-163
-602
-1167
-1759
-2233
-2421
-2245
-1758
-1097
-377
317
868
1111
927
356
-414
-1168
-1759
-2116
-2194
-1975
-1527
-1018
-630
-432
-355
-302
-285
-391
-631
-858
-909
-800
-704
-704
-633
-200
739
2079
3546
4796
5448
5196
4020
2285
522
-928
-2023
-2806
-3187
-2987
-2174
-985
176
942
1179
1054
929
1097
1558
2070
2380
2435
2332
2130
1726
943
-244
-1584
-2650
-3115
-2925
-2274
-1422
-567
207
878
1403
1677
1613
1253
780
382
110
-113
-398
-802
-1301
-1781
-2080
-2096
-1843
-1409
-864
-250
356
819
1005
854
394
-266
-952
-1464
-1674
-1607
-1404
-1200
-1047
-931
-838
-750
-648
-536
-472
-516
-644
-735
-690
-552
-459
-478
-440
0
1107
2791
4572
5818
6088
5339
3873
2121
409
-1111
-2363
-3202
-3418
-2903
-1823
-593
363
823
834
617
479
683
1281
2034
2586
2772
2684
2445
1974
1090
-191
-1562
-2612
-3073
-2903
-2249
-1366
-519
137
598
909
1048
949
650
325
144
111
74
-115
-484
-929
-1300
-1477
-1442
-1265
-1031
-749
-383
54
430
568
365
-130
-751
-1300
-1646
-1781
-1798
-1792
-1760
-1615
-1301
-880
-477
-192
-57
-70
-195
-357
-460
-457
-388
-327
-286
-130
384
1435
2932
4441
5382
5368
4430
2946
1354
-104
-1372
-2394
-2986
-2955
-2297
-1264
-226
501
753
593
325
332
787
1518
2212
2686
2962
3060
2871
2218
1051
-449
-1909
-2918
-3226
-2876
-2158
-1393
-739
-199
235
509
581
515
425
364
313
268
268
292
196
-137
-620
-999
-1107
-1006
-870
-760
-608
-365
-113
-18
-196
-636
-1198
-1666
-1866
-1785
-1565
-1357
-1182
-950
-609
-238
35
133
84
-51
-208
-329
-393
-460
-628
-890
-1037
-745
178
1631
3257
4612
5324
5198
4279
2853
1306
-69
-1159
-1938
-2315
-2168
-1504
-577
206
517
295
-206
-570
-476
95
895
1652
2248
2677
2881
2711
2058
977
-309
-1488
-2254
-2432
-2082
-1481
-941
-597
-381
-188
-21
48
4
-68
-59
73
280
445
435
168
-307
-828
-1192
-1292
-1175
-993
-868
-800
-704
-562
-489
-645
-1054
-1540
-1847
-1838
-1571
-1217
-898
-631
-386
-171
-30
33
40
-5
-145
-372
-583
-669
-651
-667
-794
-892
-647
194
1611
3264
4646
5328
5145
4233
2924
1557
337
-668
-1410
-1762
-1603
-1003
-295
105
-21
-560
-1158
-1435
-1170
-391
667
1719
2564
3122
3332
3094
2338
1160
-142
-1203
-1767
-1800
-1475
-1061
-767
-627
-548
-468
-438
-529
-686
-725
-488
12
577
937
909
506
-66
-547
-774
-763
-647
-556
-519
-468
-362
-291
-440
-899
-1539
-2076
-2276
-2102
-1689
-1226
-841
-568
-364
-170
8
107
61
-101
-267
-326
-283
-248
-330
-534
-743
-774
-424
459
1849
3417
4622
5011
4509
3414
2139
956
-47
-824
-1285
-1324
-951
-362
119
202
-210
-948
-1627
-1835
-1374
-373
811
1857
2611
3034
3087
2719
1939
862
-288
-1212
-1648
-1539
-1119
-758
-691
-874
-1099
-1203
-1163
-1033
-847
-585
-213
257
709
944
817
379
-133
-478
-574
-501
-384
-313
-327
-410
-522
-671
-940
-1386
-1908
-2254
-2212
-1788
-1189
-661
-343
-233
-229
-214
-150
-110
-188
-349
-432
-318
-86
61
-13
-274
-574
-728
-520
235
1541
3075
4292
4739
4338
3369
2218
1134
206
-499
-872
-820
-416
83
349
170
-440
-1257
-1931
-2143
-1747
-848
281
1372
2249
2804
2936
2593
1836
860
-73
-715
-921
-730
-376
-148
-192
-439
-723
-948
-1126
-1268
-1311
-1156
-784
-301
115
315
249
-10
-293
-438
-383
-206
-44
10
-38
-142
-288
-520
-884
-1351
-1790
-2025
-1934
-1544
-1048
-694
-607
-698
-776
-739
-642
-565
-503
-385
-199
-21
68
58
-24
-160
-315
-354
-48
778
2044
3354
4188
4222
3536
2508
1518
728
117
-325
-508
-343
68
417
380
-147
-981
-1772
-2194
-2064
-1397
-386
678
1552
2112
2341
2247
1847
1219
536
18
-180
-66
191
361
276
-84
-610
-1122
-1468
-1597
-1565
-1450
-1250
-902
-420
34
247
157
-88
-253
-196
54
355
552
556
387
132
-143
-461
-881
-1380
-1806
-1986
-1858
-1518
-1147
-911
-893
-1037
-1173
-1128
-875
-540
-275
-101
68
276
446
452
261
-19
-193
-52
555
1617
2872
3865
4188
3732
2753
1664
774
176
-160
-246
-78
273
589
606
165
-679
-1661
-2402
-2573
-2044
-974
280
1352
2024
2255
2103
1671
1094
535
141
6
144
460
746
764
387
-310
-1096
-1718
-2011
-1944
-1601
-1123
-631
-193
126
232
71
-268
-556
-568
-251
250
698
919
863
573
108
-479
-1114
-1664
-1986
-2022
-1846
-1596
-1365
-1189
-1098
-1125
-1228
-1276
-1141
-831
-460
-127
157
407
583
605
444
163
-109
-196
92
868
2026
3204
3939
3948
3281
2270
1308
626
233
32
-22
78
273
375
186
-363
-1168
-1986
-2492
-2399
-1648
-506
587
1312
1620
1634
1466
1157
756
384
204
312
653
1027
1185
959
360
-428
-1137
-1541
-1561
-1300
-962
-712
-575
-490
-440
-492
-682
-902
-955
-712
-213
366
819
1000
860
466
-48
-552
-975
-1295
-1500
-1559
-1454
-1238
-1045
-1005
-1138
-1343
-1481
-1468
-1274
-925
-484
-48
307
546
647
573
320
-15
-221
-46
675
1895
3280
4305
4534
3923
2826
1723
887
332
-5
-120
8
284
482
366
-168
-1035
-1970
-2619
-2683
-2091
-1041
91
959
1393
1427
1210
886
556
309
252
468
917
1408
1682
1545
975
119
-769
-1435
-1709
-1569
-1145
-662
-340
-301
-534
-934
-1355
-1650
-1680
-1352
-683
159
911
1340
1351
983
367
-322
-889
-1194
-1218
-1065
-883
-767
-759
-888
-1174
-1567
-1914
-2037
-1856
-1430
-894
-362
81
361
422
291
84
-59
-47
194
768
1745
2988
4083
4555
4200
3245
2140
1233
625
279
161
238
404
463
243
-308
-1097
-1953
-2650
-2936
-2607
-1680
-460
597
1182
1280
1079
777
499
329
346
605
1081
1648
2086
2161
1763
988
90
-659
-1091
-1184
-1047
-865
-801
-925
-1204
-1555
-1886
-2099
-2089
-1772
-1141
-302
538
1155
1400
1264
860
357
-102
-440
-637
-716
-731
-758
-880
-1133
-1481
-1831
-2083
-2171
-2056
-1744
-1279
-757
-290
30
157
98
-68
-201
-140
259
1079
2278
3621
4699
5108
4700
3681
2479
1460
764
340
113
57
122
149
-71
-640
-1475
-2354
-3005
-3176
-2746
-1822
-720
221
810
1017
897
581
284
228
499
1014
1616
2162
2516
2511
2033
1141
99
-772
-1265
-1358
-1165
-865
-658
-698
-1024
-1540
-2075
-2458
-2544
-2239
-1550
-634
258
914
1236
1220
919
450
-5
-289
-358
-285
-182
-147
-258
-561
-1029
-1565
-2034
-2310
-2311
-2025
-1545
-1022
-594
-315
-185
-192
-296
-376
-275
109
797
1768
2936
4049
4715
4639
3890
2852
1937
1335
1014
868
802
734
571
230
-339
-1126
-2026
-2816
-3213
-3018
-2275
-1255
-303
357
658
641
406
123
-3
173
646
1284
1924
2413
2612
2411
1803
944
104
-472
-690
-642
-526
-520
-705
-1066
-1530
-2005
-2390
-2571
-2437
-1939
-1150
-267
479
932
1064
934
629
253
-68
-234
-237
-168
-131
-179
-329
-610
-1036
-1520
-1887
-1999
-1860
-1569
-1224
-870
-554
-342
-290
-389
-550
-594
-294
520
1803
3239
4374
4865
4649
3919
2999
2188
1642
1341
1174
1065
990
882
585
-46
-1004
-2092
-3015
-3482
-3326
-2605
-1631
-788
-300
-134
-138
-197
-258
-236
-2
518
1248
1992
2556
2814
2711
2241
1497
686
52
-263
-289
-191
-163
-346
-793
-1450
-2163
-2732
-2996
-2889
-2435
-1718
-873
-78
490
720
627
325
-16
-241
-257
-70
215
435
459
241
-178
-716
-1270
-1728
-1988
-1987
-1735
-1306
-838
-487
-376
-506
-745
-910
-878
-594
5
1002
2350
3721
4626
4743
4178
3337
2589
2053
1691
1482
1446
1516
1497
1172
457
-558
-1675
-2646
-3226
-3267
-2814
-2090
-1356
-759
-350
-161
-216
-436
-608
-501
-30
718
1570
2346
2875
2997
2654
1958
1178
578
268
167
114
-6
-230
-585
-1104
-1765
-2428
-2891
-2996
-2711
-2116
-1360
-619
-47
267
324
205
15
-153
-239
-203
-33
228
455
485
219
-294
-882
-1359
-1617
-1650
-1498
-1221
-898
-641
-560
-689
-946
-1169
-1204
-944
-313
738
2120
3498
4376
4439
3816
2976
2316
1911
1648
1491
1504
1658
1735
1469
738
-371
-1623
-2703
-3303
-3276
-2733
-1998
-1376
-995
-817
-774
-830
-935
-972
-791
-294
504
1458
2332
2874
2945
2577
1960
1314
796
468
330
327
349
263
-14
-486
-1109
-1824
-2517
-2979
-2993
-2507
-1715
-914
-316
24
134
57
-144
-360
-477
-423
-192
154
482
620
455
24
-517
-1001
-1333
-1470
-1402
-1158
-842
-576
-445
-474
-631
-826
-932
-807
-324
593
1858
3139
3992
4160
3762
3124
2497
1957
1553
1384
1493
1743
1879
1698
1145
272
-793
-1820
-2532
-2751
-2532
-2089
-1616
-1189
-842
-642
-658
-854
-1070
-1108
-834
-232
597
1457
2125
2442
2383
2030
1524
1010
618
419
385
404
354
157
-208
-733
-1376
-2035
-2548
-2746
-2558
-2054
-1408
-803
-369
-168
-193
-373
-594
-752
-778
-640
-356
-19
225
263
88
-223
-582
-914
-1138
-1183
-1048
-814
-593
-451
-416
-501
-694
-882
-860
-428
469
1677
2860
3632
3785
3420
2844
2299
1840
1462
1255
1330
1617
1849
1766
1292
515
-429
-1382
-2137
-2511
-2458
-2122
-1704
-1335
-1047
-858
-798
-862
-962
-956
-725
-242
416
1103
1679
2048
2161
2016
1678
1288
987
834
774
714
586
364
30
-438
-1036
-1683
-2219
-2476
-2374
-1982
-1479
-1045
-759
-608
-552
-569
-631
-686
-683
-611
-491
-338
-166
-18
27
-87
-340
-634
-843
-887
-756
-518
-290
-176
-217
-378
-568
-672
-550
-75
780
1863
2861
3470
3573
3279
2807
2329
1912
1574
1347
1283
1375
1515
1508
1191
523
-373
-1270
-1945
-2268
-2247
-1988
-1621
-1228
-867
-604
-525
-643
-853
-966
-837
-438
153
810
1403
1814
1963
1825
1468
1026
653
438
374
375
343
215
-25
-361
-773
-1231
-1668
-1971
-2035
-1853
-1526
-1195
-945
-793
-730
-760
-865
-981
-1024
-946
-767
-546
-347
-226
-204
-261
-359
-486
-639
-776
-817
-714
-522
-359
-310
-377
-487
-505
-267
334
1242
2225
2993
3359
3339
3084
2736
2328
1852
1378
1066
1016
1160
1297
1244
914
311
-485
-1294
-1883
-2108
-2011
-1765
-1495
-1222
-933
-677
-531
-507
-532
-512
-379
-92
355
889
1369
1664
1741
1652
1448
1150
791
467
277
236
251
205
44
-221
-569
-978
-1397
-1732
-1896
-1861
-1664
-1379
-1087
-850
-696
-625
-626
-691
-787
-843
-792
-629
-426
-272
-216
-250
-336
-437
-536
-625
-690
-710
-673
-597
-516
-452
-379
-203
200
892
1774
2586
3057
3112
2900
2629
2358
2009
1560
1162
1009
1120
1288
1272
980
472
-165
-853
-1482
-1906
-2034
-1910
-1651
-1359
-1082
-853
-691
-597
-549
-519
-453
-273
77
555
1029
1369
1521
1519
1409
1214
941
633
369
225
202
218
165
-20
-332
-725
-1148
-1542
-1832
-1943
-1841
-1579
-1269
-1012
-846
-758
-736
-781
-862
-910
-873
-769
-660
-582
-516
-448
-394
-394
-449
-531
-602
-629
-588
-489
-397
-380
-398
-287
121
844
1721
2525
3077
3315
3272
3027
2647
2181
1693
1287
1058
1018
1071
1074
900
490
-125
-823
-1432
-1828
-1987
-1970
-1839
-1615
-1306
-959
-647
-437
-345
-339
-343
-253
10
432
890
1244
1433
1495
1479
1390
1205
941
656
422
275
203
146
28
-202
-531
-908
-1274
-1582
-1788
-1855
-1775
-1573
-1296
-1009
-783
-679
-704
-801
-881
-880
-800
-691
-601
-538
-480
-413
-354
-331
-367
-458
-578
-678
-720
-704
-659
-584
-422
-77
513
1306
2146
2816
3149
3130
2893
2591
2284
1941
1561
1230
1055
1038
1061
965
656
133
-508
-1114
-1542
-1745
-1784
-1741
-1627
-1397
-1049
-674
-409
-338
-432
-554
-549
-327
82
564
1001
1318
1499
1555
1502
1347
1103
804
519
320
238
231
206
73
-197
-569
-978
-1365
-1665
-1814
-1783
-1620
-1417
-1234
-1076
-939
-853
-832
-838
-812
-741
-654
-565
-455
-313
-175
-95
-92
-152
-258
-397
-535
-635
-689
-734
-783
-759
-515
52
888
1798
2554
3024
3205
3175
3003
2709
2294
1816
1396
1144
1069
1083
1060
885
472
-177
-912
-1498
-1788
-1838
-1804
-1761
-1644
-1382
-1012
-666
-450
-378
-381
-365
-246
11
376
773
1121
1367
1491
1499
1414
1259
1042
769
482
252
110
15
-112
-307
-552
-819
-1101
-1377
-1603
-1739
-1785
-1759
-1651
-1436
-1142
-875
-738
-741
-793
-790
-703
-584
-502
-474
-444
-356
-220
-121
-124
-215
-325
-419
-525
-678
-851
-941
-805
-326
502
1520
2448
3033
3211
3118
2920
2672
2321
1858
1400
1103
1011
1034
1027
889
565
59
-549
-1108
-1493
-1694
-1777
-1780
-1667
-1414
-1082
-791
-616
-546
-528
-500
-394
-158
197
590
949
1253
1502
1660
1666
1505
1211
853
505
235
67
-30
-111
-214
-350
-534
-779
-1080
-1403
-1699
-1908
-1962
-1825
-1545
-1239
-1015
-892
-814
-728
-632
-550
-488
-435
-384
-339
-302
-260
-217
-195
-222
-288
-359
-412
-464
-545
-640
-650
-432
109
928
1834
2583
3021
3155
3089
2909
2618
2200
1705
1265
1006
955
1019
1038
871
475
-78
-657
-1160
-1549
-1808
-1914
-1844
-1617
-1281
-898
-533
-256
-110
-86
-116
-119
-32
166
450
768
1072
1335
1515
1552
1400
1087
713
377
106
-121
-327
-502
-626
-699
-754
-844
-1012
-1256
-1507
-1667
-1696
-1636
-1551
-1455
-1309
-1092
-844
-641
-526
-485
-476
-478
-507
-572
-631
-614
-500
-339
-206
-143
-150
-216
-329
-461
-551
-489
-144
541
1452
2330
2942
3234
3288
3173
2872
2367
1742
1182
858
814
941
1042
943
591
67
-487
-981
-1409
-1785
-2080
-2215
-2133
-1839
-1405
-931
-518
-232
-74
17
117
264
442
622
808
1029
1299
1570
1755
1777
1606
1251
765
236
-233
-573
-771
-861
-880
-860
-841
-875
-1002
-1216
-1454
-1623
-1661
-1582
-1445
-1291
-1117
-914
-709
-549
-450
-389
-348
-343
-385
-435
-441
-398
-345
-298
-230
-128
-47
-61
-181
-325
-372
-211
219
889
1665
2355
2816
3026
3041
2906
2613
2154
1595
1080
757
675
742
783
659
359
-28
-413
-782
-1162
-1547
-1864
-2025
-1968
-1706
-1306
-876
-516
-273
-123
-2
145
328
515
670
799
951
1157
1381
1525
1503
1302
989
642
304
-31
-371
-698
-964
-1121
-1161
-1131
-1109
-1149
-1245
-1357
-1449
-1518
-1572
-1609
-1600
-1500
-1289
-1001
-717
-509
-395
-341
-308
-288
-300
-355
-441
-516
-531
-457
-311
-159
-78
-87
-105
18
391
985
1641
2195
2582
2822
2949
2944
2771
2419
1945
1457
1064
824
714
653
551
349
49
-303
-654
-990
-1315
-1605
-1796
-1828
-1707
-1482
-1209
-913
-615
-327
-58
189
401
558
667
769
913
1103
1298
1444
1507
1470
1323
1053
678
245
-190
-586
-916
-1147
-1254
-1251
-1206
-1194
-1241
-1312
-1369
-1412
-1460
-1501
-1495
-1412
-1261
-1057
-805
-524
-278
-132
-86
-77
-65
-84
-194
-379
-539
-577
-502
-405
-361
-350
-283
-80
294
816
1405
1931
2282
2447
2521
2576
2567
2385
2006
1550
1191
999
920
842
684
430
114
-205
-487
-751
-1047
-1376
-1655
-1776
-1710
-1512
-1270
-1031
-812
-613
-423
-223
-6
216
424
623
841
1095
1352
1533
1578
1487
1304
1064
774
431
54
-331
-690
-982
-1170
-1251
-1274
-1299
-1345
-1384
-1398
-1400
-1416
-1448
-1474
-1469
-1413
-1285
-1079
-826
-588
-408
-276
-162
-77
-78
-187
-335
-414
-381
-306
-279
-314
-339
-277
-98
204
634
1171
1728
2183
2470
2620
2700
2715
2600
2311
1894
1471
1150
966
877
789
608
294
-99
-466
-738
-950
-1179
-1436
-1628
-1657
-1527
-1334
-1149
-961
-726
-452
-191
26
220
422
633
837
1029
1210
1366
1466
1484
1415
1258
1005
649
220
-217
-589
-856
-1023
-1119
-1176
-1218
-1260
-1305
-1350
-1394
-1440
-1487
-1524
-1524
-1460
-1318
-1113
-882
-672
-510
-380
-250
-113
-6
16
-59
-187
-302
-378
-426
-460
-460
-393
-232
49
471
1010
1558
1983
2233
2372
2475
2529
2447
2190
1812
1426
1115
910
780
658
479
226
-53
-295
-482
-664
-908
-1216
-1494
-1633
-1603
-1469
-1306
-1131
-918
-663
-398
-158
41
200
328
457
633
873
1127
1318
1400
1382
1283
1100
812
436
31
-337
-641
-882
-1064
-1186
-1254
-1284
-1293
-1288
-1280
-1296
-1352
-1428
-1465
-1417
-1294
-1145
-994
-828
-624
-393
-168
12
114
117
36
-80
-178
-245
-294
-330
-339
-297
-184
22
346
783
1280
1747
2100
2318
2440
2514
2526
2416
2145
1762
1378
1095
939
855
753
565
290
-6
-250
-433
-623
-892
-1215
-1481
-1580
-1506
-1341
-1168
-1001
-805
-562
-293
-33
201
404
575
716
853
1001
1140
1214
1190
1096
980
840
624
304
-74
-430
-709
-909
-1046
-1146
-1228
-1300
-1345
-1354
-1353
-1394
-1485
-1559
-1542
-1421
-1250
-1078
-905
-715
-522
-359
-236
-135
-63
-54
-137
-274
-392
-440
-437
-423
-406
-343
-173
142
596
1129
1638
2012
2214
2300
2355
2382
2306
2067
1723
1400
1188
1071
978
845
656
428
187
-55
-307
-588
-900
-1207
-1457
-1598
-1609
-1498
-1304
-1073
-840
-610
-383
-165
23
177
318
472
649
842
1036
1198
1289
1283
1192
1032
808
512
162
-198
-524
-791
-985
-1105
-1168
-1204
-1236
-1260
-1274
-1297
-1357
-1439
-1485
-1446
-1329
-1184
-1039
-878
-683
-466
-275
-144
-76
-52
-61
-107
-182
-255
-291
-289
-272
-247
-170
27
379
856
1374
1832
2162
2358
2467
2527
2516
2368
2059
1657
1292
1051
926
834
699
500
262
14
-230
-471
-717
-961
-1192
-1378
-1484
-1475
-1350
-1145
-922
-718
-525
-315
-87
127
298
439
590
764
930
1042
1095
1110
1101
1042
894
641
313
-34
-350
-608
-809
-971
-1109
-1218
-1278
-1275
-1233
-1207
-1246
-1343
-1443
-1483
-1439
-1328
-1181
-1019
-841
-649
-454
-281
-159
-90
-61
-51
-54
-78
-129
-201
-273
-311
-278
-151
79
408
822
1279
1711
2047
2257
2355
2362
2264
2045
1735
1425
1203
1080
990
858
664
439
219
13
-188
-399
-627
-871
-1109
-1301
-1393
-1368
-1257
-1121
-990
-843
-636
-366
-81
156
325
461
616
800
967
1068
1101
1102
1074
978
775
494
198
-75
-340
-604
-834
-983
-1045
-1063
-1076
-1091
-1104
-1126
-1183
-1276
-1374
-1437
-1435
-1360
-1212
-1005
-767
-537
-339
-177
-43
55
89
41
-65
-170
-222
-219
-195
-172
-125
-2
240
603
1054
1524
1922
2184
2318
2376
2373
2261
1989
1603
1231
976
838
754
680
607
521
386
181
-68
-329
-609
-926
-1244
-1463
-1509
-1402
-1242
-1097
-951
-750
-488
-216
5
166
298
433
582
740
888
985
991
910
797
704
626
500
283
-10
-319
-588
-801
-967
-1099
-1195
-1246
-1249
-1227
-1217
-1248
-1311
-1377
-1418
-1424
-1379
-1265
-1078
-847
-607
-388
-211
-97
-47
-39
-46
-72
-125
-197
-257
-284
-279
-235
-118
117
488
957
1440
1853
2146
2312
2365
2309
2145
1891
1591
1304
1076
922
825
750
657
519
331
110
-119
-346
-580
-832
-1085
-1285
-1379
-1359
-1260
-1125
-958
-735
-447
-134
138
329
450
542
632
722
799
858
899
917
904
849
743
573
325
14
-320
-621
-852
-1008
-1106
-1157
-1164
-1133
-1082
-1042
-1045
-1103
-1190
-1257
-1260
-1191
-1071
-926
-768
-596
-418
-252
-122
-41
-12
-23
-63
-124
-198
-263
-287
-250
-159
-30
156
446
856
1325
1746
2045
2211
2274
2247
2122
1895
1606
1320
1091
929
816
731
659
573
435
224
-33
-290
-535
-791
-1072
-1330
-1489
-1503
-1401
-1246
-1085
-917
-715
-466
-189
67
259
384
477
578
688
777
819
820
797
746
653
507
317
87
-175
-447
-690
-878
-1014
-1112
-1159
-1139
-1079
-1043
-1079
-1168
-1251
-1290
-1287
-1246
-1151
-987
-780
-578
-407
-258
-126
-34
-12
-54
-123
-187
-233
-247
-214
-141
-55
46
212
505
924
1395
1818
2123
2291
2343
2302
2171
1942
1643
1347
1122
979
875
776
685
609
525
396
205
-44
-340
-667
-982
-1233
-1387
-1458
-1457
-1368
-1169
-889
-595
-337
-103
123
312
411
416
398
426
504
581
614
602
569
524
461
355
194
-17
-254
-487
-688
-833
-907
-926
-927
-938
-962
-995
-1050
-1139
-1237
-1283
-1241
-1127
-992
-870
-751
-607
-432
-248
-94
1
22
-30
-130
-224
-267
-254
-226
-209
-166
-16
290
723
1199
1632
1965
2173
2260
2247
2163
2008
1775
1486
1210
1005
877
781
690
612
552
477
328
89
-214
-539
-865
-1173
-1425
-1570
-1590
-1495
-1310
-1052
-747
-437
-171
21
146
235
316
393
457
510
564
617
650
646
603
527
410
241
23
-220
-458
-666
-829
-943
-1012
-1047
-1057
-1050
-1041
-1049
-1084
-1134
-1174
-1172
-1112
-990
-822
-634
-452
-290
-156
-62
-31
-63
-131
-181
-184
-152
-123
-114
-107
-60
60
270
568
933
1326
1689
1966
2121
2143
2046
1868
1651
1435
1245
1100
1002
943
901
853
778
659
483
244
-48
-367
-687
-983
-1234
-1412
-1492
-1460
-1321
-1106
-853
-600
-370
-171
-9
107
178
221
270
342
425
495
542
581
610
604
525
360
135
-100
-303
-455
-567
-663
-758
-848
-915
-954
-987
-1040
-1118
-1191
-1227
-1213
-1153
-1060
-945
-826
-713
-602
-471
-320
-187
-123
-140
-195
-227
-215
-182
-156
-130
-73
41
212
434
701
1002
1312
1600
1833
1986
2036
1980
1843
1652
1431
1195
974
804
707
674
673
663
610
493
308
58
-250
-595
-935
-1207
-1362
-1393
-1328
-1196
-1011
-788
-561
-365
-215
-94
13
111
194
265
339
422
498
537
527
484
434
375
280
126
-67
-258
-411
-516
-581
-618
-642
-670
-720
-797
-897
-1008
-1111
-1184
-1216
-1206
-1154
-1045
-880
-690
-529
-419
-336
-242
-149
-101
-120
-171
-197
-178
-142
-109
-64
35
206
440
715
1018
1330
1611
1814
1914
1923
1864
1756
1609
1437
1256
1088
953
873
842
820
751
613
422
200
-52
-340
-644
-913
-1106
-1213
-1250
-1227
-1139
-987
-787
-572
-381
-238
-142
-72
-6
66
140
219
303
385
446
470
455
408
333
229
93
-69
-236
-383
-495
-583
-671
-771
-868
-939
-977
-1004
-1036
-1068
-1073
-1042
-993
-949
-901
-814
-674
-510
-373
-282
-209
-125
-40
0
-32
-105
-152
-130
-56
25
102
208
377
611
879
1152
1409
1628
1789
1877
1882
1802
1641
1436
1238
1093
1008
956
901
822
710
562
379
162
-81
-344
-619
-884
-1090
-1201
-1213
-1165
-1091
-993
-851
-664
-457
-266
-116
-7
77
154
232
304
360
393
400
381
348
311
266
196
89
-39
-163
-270
-367
-465
-573
-689
-802
-895
-958
-997
-1028
-1052
-1055
-1017
-938
-835
-734
-648
-573
-503
-437
-388
-354
-314
-247
-166
-102
-73
-59
-33
13
67
134
242
408
616
835
1053
1272
1485
1662
1764
1770
1692
1561
1411
1252
1077
888
718
602
536
477
384
250
96
-66
-250
-463
-683
-862
-967
-1000
-988
-944
-859
-725
-561
-405
-281
-189
-116
-51
4
51
98
143
174
176
151
120
107
107
96
44
-46
-148
-240
-329
-434
-560
-678
-756
-787
-791
-793
-803
-816
-819
-805
-776
-741
-709
-678
-632
-559
-456
-345
-258
-215
-204
-193
-154
-94
-43
-12
25
103
226
367
505
653
832
1038
1239
1406
1523
1592
1614
1589
1511
1384
1229
1080
953
840
721
593
464
334
197
53
-94
-237
-373
-502
-621
-728
-812
-857
-851
-797
-708
-603
-492
-384
-277
-172
-79
-17
7
19
48
104
163
195
187
159
138
131
113
56
-44
-155
-256
-352
-463
-586
-697
-771
-809
-829
-842
-847
-837
-814
-785
-761
-738
-704
-653
-581
-493
-392
-284
-176
-75
10
70
93
84
67
70
104
167
256
374
518
679
843
1008
1170
1314
1417
1467
1470
1432
1351
1230
1088
954
842
740
631
512
390
271
151
21
-125
-278
-430
-576
-707
-809
-869
-886
-870
-825
-749
-636
-500
-362
-237
-130
-42
15
31
18
6
17
47
76
98
124
157
166
115
-5
-161
-311
-438
-546
-639
-713
-764
-789
-785
-757
-718
-687
-670
-656
-632
-605
-586
-574
-544
-476
-380
-283
-202
-128
-47
37
110
162
200
231
252
272
308
380
490
626
780
950
1128
1285
1393
1440
1443
1423
1382
1306
1192
1060
932
812
691
567
452
349
245
122
-17
-158
-295
-438
-584
-705
-765
-753
-694
-621
-550
-471
-376
-283
-219
-193
-184
-165
-134
-116
-130
-164
-185
-178
-152
-123
-104
-106
-140
-213
-315
-424
-524
-607
-668
-703
-714
-706
-683
-651
-622
-606
-601
-598
-590
-580
-567
-538
-480
-395
-306
-231
-170
-112
-55
-4
39
85
143
209
268
318
373
450
546
641
724
807
907
1019
1112
1159
1168
1163
1155
1133
1082
1003
910
811
706
592
470
345
223
108
-4
-116
-227
-326
-411
-486
-560
-622
-653
-644
-615
-589
-559
-500
-407
-313
-263
-261
-272
-271
-261
-257
-255
-238
-201
-166
-154
-167
-193
-227
-269
-321
-377
-419
-439
-440
-441
-450
-460
-462
-460
-462
-469
-476
-475
-458
-421
-363
-291
-212
-129
-48
18
58
74
88
118
163
210
255
306
375
459
544
622
689
744
788
831
883
948
1011
1055
1071
1064
1043
1006
944
856
755
664
587
511
426
339
262
188
93
-37
-190
-334
-445
-524
-588
-645
-688
-705
-691
-659
-632
-626
-633
-635
-629
-620
-612
-593
-560
-524
-492
-456
-408
-358
-332
-339
-367
-392
-407
-415
-421
-420
-404
-369
-322
-279
-252
-248
-267
-300
-334
-352
-342
-305
-252
-198
-152
-109
-61
-5
54
105
150
196
251
314
377
435
487
537
590
649
715
779
831
868
897
923
945
957
955
944
928
908
878
834
778
714
641
555
455
353
264
192
115
14
-115
-248
-363
-456
-537
-612
-676
-723
-754
-772
-776
-772
-767
-767
-769
-764
-746
-716
-675
-623
-564
-509
-466
-434
-402
-361
-315
-272
-239
-217
-195
-166
-139
-128
-141
-166
-182
-182
-182
-191
-204
-204
-188
-166
-143
-111
-63
-7
43
84
123
168
212
249
282
325
387
464
542
603
647
679
708
734
755
771
793
825
865
899
919
921
902
858
792
715
646
594
550
498
425
332
224
105
-21
-148
-273
-393
-506
-601
-673
-724
-766
-804
-832
-843
-840
-835
-835
-835
-826
-806
-780
-752
-719
-678
-624
-560
-497
-440
-384
-316
-237
-165
-120
-100
-89
-78
-73
-80
-97
-113
-123
-135
-151
-164
-162
-144
-121
-106
-97
-88
-68
-38
3
49
98
147
196
245
298
354
409
459
505
546
584
618
652
690
732
766
785
790
789
788
781
765
736
699
654
601
539
473
405
339
269
196
120
43
-37
-124
-217
-312
-398
-465
-510
-538
-557
-573
-587
-601
-613
-623
-629
-635
-642
-649
-651
-640
-609
-562
-506
-449
-395
-347
-305
-269
-239
-211
-185
-161
-143
-131
-117
-92
-58
-31
-19
-17
-15
-12
-19
-38
-55
-55
-31
10
60
111
157
191
216
238
259
278
290
300
324
372
443
521
584
621
636
643
646
642
623
588
545
500
458
424
402
389
373
338
285
227
173
123
67
-2
-79
-160
-233
-286
-313
-321
-327
-342
-361
-372
-370
-371
-389
-422
-457
-482
-495
-504
-508
-503
-489
-472
-454
-428
-388
-339
-295
-266
-252
-246
-238
-219
-183
-135
-93
-69
-61
-56
-50
-44
-40
-31
-14
10
31
49
68
91
108
110
100
96
105
120
128
128
128
133
140
153
174
203
233
254
266
271
274
275
275
276
280
290
311
343
379
410
425
424
410
388
359
323
283
246
218
195
170
135
93
47
3
-38
-73
-100
-120
-144
-181
-228
-275
-311
-333
-344
-348
-348
-344
-340
-335
-331
-330
-333
-336
-333
-315
-285
-252
-222
-192
-158
-124
-99
-93
-101
-111
-118
-122
-126
-133
-142
-150
-151
-144
-131
-117
-99
-74
-44
-19
-7
-8
-6
12
48
93
137
179
216
245
261
262
254
247
243
239
236
234
237
243
249
249
244
237
234
230
218
197
171
151
135
115
84
47
18
4
-2
-10
-23
-40
-57
-75
-95
-111
-117
-112
-108
-112
-128
-152
-175
-193
-200
-195
-184
-175
-174
-171
-158
-136
-118
-116
-127
-133
-119
-86
-48
-20
-7
-5
-5
-5
-10
-24
-44
-61
-63
-50
-29
-8
8
17
19
19
21
31
45
58
61
59
60
67
79
85
86
88
98
118
137
147
142
126
106
88
76
70
65
61
60
64
71
73
65
49
33
23
20
18
11
-4
-20
-25
-16
-2
2
-6
-15
-13
-2
2
-6
-20
-31
-37
-48
-66
-87
-104
-116
-126
-134
-133
-123
-107
-95
-86
-74
-57
-42
-37
-44
-54
-57
-52
-44
-37
-27
-10
12
29
35
28
16
7
5
6
7
5
0
