4
5
5
4
4
4
3
3
2
1
0
1
3
7
12
15
14
9
3
2
5
8
9
7
6
5
3
-2
-4
0
6
9
7
2
0
0
1
0
1
2
4
7
11
12
9
0
-12
-22
-27
-28
-26
-20
-9
5
16
17
10
-1
-10
-14
-14
-12
-7
0
8
12
11
5
-1
-5
-6
-5
-2
2
5
4
-1
-6
-6
-2
3
5
4
3
3
2
-4
-11
-14
-11
-5
1
4
5
6
5
1
-4
-5
-2
2
4
4
2
-1
-6
-13
-16
-15
-11
-7
-3
1
6
8
5
-2
-9
-12
-12
-9
-6
-5
-5
-6
-6
-5
-4
-4
-4
-3
-1
0
-2
-6
-9
-12
-16
-18
-15
-6
7
17
21
20
14
3
-10
-21
-27
-28
-24
-19
-11
-1
6
9
6
0
-7
-10
-10
-8
-8
-9
-12
-14
-16
-18
-19
-16
-9
1
12
17
19
18
16
13
9
4
1
3
7
10
12
14
18
26
37
44
43
34
23
11
-1
-13
-23
-25
-16
-1
14
25
29
25
14
0
-11
-12
-5
6
14
16
13
6
-3
-11
-16
-17
-14
-7
4
15
22
23
18
11
1
-9
-16
-20
-21
-22
-24
-25
-24
-23
-23
-23
-23
-23
-24
-27
-34
-39
-43
-46
-48
-50
-48
-45
-44
-46
-50
-53
-53
-52
-53
-53
-46
-32
-14
2
11
14
14
16
20
24
28
30
31
33
35
37
39
44
53
65
77
84
87
87
86
85
84
86
91
99
104
105
100
91
78
60
42
29
23
23
23
25
30
38
42
33
12
-13
-32
-39
-36
-28
-19
-10
-4
-2
-7
-21
-40
-59
-77
-92
-105
-114
-120
-124
-129
-139
-150
-161
-174
-189
-207
-223
-233
-236
-231
-220
-200
-171
-138
-112
-102
-109
-125
-141
-150
-149
-131
-91
-28
44
107
150
166
151
110
55
5
-24
-23
5
59
131
210
280
324
336
318
282
239
201
183
203
272
387
522
638
696
681
595
455
277
82
-103
-247
-325
-330
-275
-191
-110
-56
-42
-67
-118
-176
-218
-225
-186
-101
11
120
196
221
195
123
20
-91
-182
-236
-252
-241
-214
-179
-151
-150
-186
-253
-331
-396
-436
-440
-406
-336
-244
-147
-61
2
32
27
-9
-62
-118
-163
-188
-189
-171
-147
-127
-113
-98
-88
-90
-112
-146
-177
-195
-197
-173
-113
-12
113
224
291
310
297
256
186
108
89
202
470
844
1236
1550
1701
1621
1298
802
259
-228
-618
-895
-1037
-1014
-830
-541
-241
-33
8
-121
-339
-521
-579
-496
-301
-31
283
608
899
1109
1184
1083
812
440
72
-209
-379
-442
-411
-312
-207
-162
-204
-311
-439
-549
-617
-624
-545
-362
-89
207
435
532
492
340
113
-133
-323
-405
-393
-336
-269
-191
-103
-35
-31
-112
-257
-418
-543
-604
-603
-548
-446
-302
-139
0
81
104
89
46
-30
-126
-196
-192
-109
17
134
210
229
185
97
2
-65
-94
-86
-8
224
674
1287
1862
2154
2037
1577
960
352
-179
-628
-971
-1150
-1113
-879
-541
-213
16
87
-28
-293
-583
-732
-647
-368
-9
344
661
923
1087
1099
928
590
152
-276
-569
-652
-540
-328
-128
-14
-5
-70
-162
-250
-332
-410
-449
-387
-204
41
252
361
359
265
96
-114
-309
-430
-448
-381
-269
-143
-23
69
101
49
-76
-231
-372
-471
-518
-500
-414
-289
-176
-114
-101
-104
-98
-80
-62
-57
-61
-59
-40
-17
-23
-77
-137
-140
-73
8
43
30
7
2
7
24
73
195
437
830
1335
1792
1981
1777
1250
610
29
-449
-841
-1120
-1207
-1062
-739
-355
-16
194
213
39
-240
-463
-499
-328
-19
336
674
949
1112
1120
947
597
106
-434
-885
-1116
-1069
-792
-399
-4
303
470
476
342
119
-131
-346
-466
-443
-281
-40
177
287
256
99
-132
-365
-516
-527
-400
-198
-3
139
219
239
178
20
-200
-400
-505
-511
-462
-384
-266
-105
47
111
62
-44
-121
-126
-89
-70
-106
-175
-223
-218
-175
-138
-131
-135
-113
-36
81
190
233
185
77
-38
-114
-128
-39
234
764
1515
2262
2676
2531
1865
939
35
-698
-1225
-1536
-1609
-1447
-1083
-575
-13
443
606
398
-55
-466
-581
-342
113
592
980
1252
1397
1370
1104
581
-138
-906
-1528
-1821
-1698
-1227
-600
-17
425
748
990
1116
1031
693
202
-250
-514
-573
-506
-405
-332
-331
-432
-598
-717
-678
-460
-151
145
383
573
705
728
579
246
-209
-673
-1010
-1122
-1000
-735
-452
-232
-86
2
44
56
54
35
-28
-126
-202
-205
-159
-147
-216
-338
-434
-436
-323
-125
85
239
304
289
211
64
-163
-449
-697
-766
-528
84
1056
2257
3362
3916
3597
2490
1051
-257
-1254
-1979
-2442
-2534
-2165
-1389
-415
471
978
921
371
-332
-762
-678
-142
594
1280
1773
2008
1947
1560
845
-135
-1234
-2203
-2758
-2714
-2101
-1144
-140
669
1126
1182
902
472
122
-9
86
315
569
725
652
270
-371
-1087
-1680
-2025
-2056
-1712
-978
5
942
1556
1765
1651
1309
765
65
-632
-1124
-1319
-1272
-1093
-838
-517
-171
121
286
323
288
241
204
177
165
163
125
-29
-343
-756
-1130
-1336
-1322
-1110
-736
-254
264
701
952
967
747
311
-310
-969
-1401
-1355
-789
162
1396
2906
4553
5837
6070
4897
2617
-40
-2414
-4197
-5272
-5505
-4772
-3203
-1262
464
1528
1773
1308
529
20
259
1277
2625
3757
4368
4388
3740
2302
137
-2374
-4685
-6341
-7045
-6597
-4965
-2482
151
2167
3154
3162
2539
1684
918
465
407
701
1181
1598
1639
1000
-430
-2435
-4452
-5798
-5950
-4784
-2605
-7
2364
4014
4677
4304
3037
1196
-780
-2453
-3496
-3756
-3282
-2325
-1250
-371
187
451
509
445
348
296
297
279
134
-190
-677
-1254
-1811
-2241
-2465
-2461
-2210
-1677
-879
40
813
1229
1196
746
-6
-884
-1719
-2420
-2869
-2814
-1971
-332
1837
4326
7094
9859
11717
11538
8899
4538
-189
-4191
-7026
-8601
-8834
-7661
-5303
-2366
365
2211
2832
2342
1349
714
1058
2370
4037
5361
5931
5647
4486
2426
-387
-3516
-6304
-8111
-8518
-7415
-5011
-1805
1475
4009
5184
4877
3553
1989
830
344
462
991
1670
2138
1977
903
-1016
-3362
-5465
-6649
-6462
-4872
-2282
645
3193
4762
5026
4072
2352
414
-1345
-2686
-3400
-3340
-2609
-1611
-802
-385
-252
-221
-224
-271
-287
-120
252
602
613
186
-491
-1178
-1799
-2386
-2832
-2872
-2331
-1363
-379
290
567
576
400
36
-516
-1187
-1885
-2544
-3002
-2983
-2248
-807
1194
3760
6958
10371
12751
12643
9574
4578
-607
-4786
-7740
-9574
-10091
-8933
-6167
-2509
1022
3532
4561
4194
3074
2099
1914
2613
3793
4936
5605
5491
4369
2175
-837
-4111
-6957
-8796
-9216
-7976
-5161
-1371
2363
5047
6191
5883
4550
2699
826
-615
-1327
-1217
-445
614
1408
1370
232
-1783
-3999
-5609
-5983
-4886
-2584
224
2711
4308
4829
4316
2892
838
-1317
-2961
-3704
-3506
-2603
-1367
-207
557
806
611
162
-301
-562
-537
-358
-276
-449
-823
-1215
-1508
-1728
-1960
-2176
-2208
-1883
-1203
-387
279
589
506
97
-489
-1084
-1571
-1949
-2317
-2699
-2948
-2758
-1887
-271
2044
5035
8535
11820
13567
12605
8903
3710
-1384
-5471
-8364
-9954
-9870
-7918
-4584
-890
2171
4056
4627
4083
2960
2038
1957
2787
4061
5109
5439
4807
3147
572
-2589
-5735
-8149
-9227
-8696
-6642
-3412
415
4004
6421
7039
5922
3753
1381
-607
-1955
-2538
-2296
-1333
-49
951
1134
287
-1339
-3134
-4357
-4472
-3368
-1364
935
2880
3967
3980
3012
1372
-531
-2266
-3435
-3778
-3276
-2167
-838
316
1017
1143
761
83
-599
-1034
-1144
-1031
-868
-736
-623
-548
-640
-1038
-1692
-2321
-2544
-2144
-1236
-210
527
826
774
491
-63
-940
-2009
-2948
-3469
-3481
-3012
-2110
-849
575
2012
3633
5912
9012
12091
13479
11877
7537
2140
-2537
-5786
-7852
-9024
-9098
-7718
-4971
-1497
1824
4256
5359
5102
3946
2762
2420
3177
4478
5318
4985
3442
1132
-1461
-4033
-6336
-8030
-8695
-7995
-5838
-2490
1348
4668
6532
6560
5120
3048
1109
-316
-1189
-1561
-1522
-1268
-1092
-1206
-1565
-1961
-2216
-2308
-2211
-1766
-774
753
2413
3584
3757
2831
1148
-714
-2246
-3212
-3617
-3537
-2994
-2015
-742
533
1492
1911
1740
1122
349
-263
-562
-631
-690
-895
-1219
-1520
-1668
-1646
-1520
-1374
-1219
-993
-641
-213
132
252
75
-381
-1085
-1903
-2564
-2795
-2547
-2067
-1597
-1137
-493
437
1673
3407
5965
9224
12060
12792
10470
5766
462
-3918
-6912
-8724
-9416
-8724
-6520
-3210
412
3500
5408
5805
4882
3406
2371
2380
3207
4046
4120
3183
1490
-574
-2735
-4845
-6702
-7960
-8136
-6803
-3908
-24
3737
6247
6936
5984
4048
1825
-202
-1743
-2633
-2793
-2298
-1396
-447
168
178
-498
-1638
-2715
-3063
-2251
-413
1776
3460
4075
3547
2170
381
-1397
-2798
-3568
-3604
-2959
-1789
-346
1022
1933
2168
1794
1115
417
-178
-655
-972
-1071
-1005
-957
-1059
-1253
-1382
-1419
-1474
-1613
-1721
-1610
-1205
-573
108
598
648
196
-560
-1284
-1809
-2200
-2522
-2668
-2448
-1847
-1004
-65
955
2181
3890
6353
9317
11625
11711
8892
4118
-755
-4445
-6835
-8285
-8760
-7870
-5544
-2326
955
3628
5211
5414
4373
2876
2000
2255
3177
3780
3471
2351
816
-923
-2834
-4728
-6189
-6789
-6310
-4737
-2234
765
3537
5320
5716
4860
3243
1411
-188
-1276
-1781
-1874
-1841
-1885
-2054
-2318
-2661
-2969
-2962
-2324
-979
801
2570
3880
4371
3818
2297
262
-1669
-3047
-3741
-3786
-3241
-2221
-987
157
1029
1605
1873
1797
1412
880
380
-24
-361
-690
-1076
-1571
-2124
-2548
-2689
-2561
-2294
-1931
-1389
-616
275
1046
1501
1558
1238
586
-322
-1383
-2401
-3099
-3259
-2886
-2235
-1553
-887
-111
866
2148
4002
6660
9735
11964
11907
9068
4360
-589
-4530
-7104
-8481
-8741
-7694
-5246
-1826
1648
4198
5261
4878
3639
2431
1971
2383
3108
3429
3015
2044
810
-631
-2373
-4327
-6038
-6895
-6463
-4701
-1972
1068
3631
5057
5102
4014
2330
559
-963
-1996
-2375
-2119
-1493
-851
-419
-284
-519
-1194
-2119
-2754
-2514
-1259
550
2199
3138
3147
2287
836
-794
-2210
-3153
-3487
-3131
-2115
-676
776
1833
2249
1997
1249
307
-535
-1098
-1335
-1300
-1109
-924
-894
-1089
-1488
-1975
-2381
-2519
-2266
-1611
-646
445
1408
1965
1928
1271
152
-1168
-2368
-3192
-3508
-3323
-2742
-1931
-1119
-464
50
595
1366
2577
4496
7162
9945
11540
10790
7608
3066
-1420
-4931
-7215
-8308
-8191
-6811
-4304
-1140
1970
4277
5259
4859
3630
2509
2182
2594
3084
3114
2640
1861
786
-746
-2699
-4705
-6236
-6837
-6236
-4445
-1833
951
3222
4500
4643
3868
2630
1402
438
-248
-765
-1201
-1588
-1936
-2243
-2515
-2730
-2809
-2576
-1831
-529
1082
2509
3284
3211
2407
1158
-233
-1493
-2393
-2788
-2672
-2139
-1334
-430
337
760
806
656
534
505
460
268
-100
-604
-1195
-1821
-2390
-2781
-2916
-2781
-2404
-1818
-1054
-150
815
1667
2141
1993
1197
-28
-1338
-2490
-3329
-3755
-3691
-3158
-2342
-1508
-869
-379
240
1312
2991
5265
7999
10729
12507
12255
9606
5281
544
-3672
-6986
-9147
-9754
-8539
-5774
-2246
1129
3674
5009
5067
4133
2893
2174
2395
3276
4069
4208
3585
2319
452
-1985
-4667
-6970
-8259
-8173
-6654
-3904
-443
2877
5141
5823
5069
3520
1851
450
-558
-1123
-1250
-1082
-865
-795
-950
-1393
-2135
-2974
-3404
-2932
-1505
415
2167
3259
3463
2786
1465
-64
-1365
-2233
-2698
-2800
-2452
-1595
-423
619
1131
1015
511
-11
-291
-296
-192
-182
-374
-730
-1115
-1404
-1576
-1744
-2002
-2259
-2223
-1656
-629
477
1234
1425
1086
407
-403
-1188
-1931
-2665
-3329
-3652
-3333
-2375
-1139
-67
677
1196
1680
2317
3383
5176
7626
9990
11043
9861
6520
2107
-2043
-5153
-7162
-8225
-8249
-6985
-4472
-1282
1737
3872
4833
4756
4099
3444
3220
3491
3896
3943
3325
2070
378
-1598
-3742
-5805
-7322
-7787
-6904
-4760
-1835
1124
3388
4562
4688
4060
2992
1780
738
115
-123
-275
-611
-1124
-1647
-2161
-2806
-3574
-4051
-3677
-2271
-250
1668
2957
3468
3271
2464
1199
-192
-1269
-1768
-1772
-1531
-1185
-733
-269
-21
-117
-377
-485
-292
105
515
787
799
473
-153
-927
-1697
-2397
-2961
-3241
-3046
-2310
-1174
69
1092
1632
1560
939
-25
-1090
-2094
-2879
-3275
-3125
-2451
-1498
-587
50
393
555
704
1003
1678
3035
5275
8148
10730
11758
10385
6799
2100
-2413
-5892
-8015
-8688
-7858
-5634
-2482
824
3438
4795
4800
3859
2687
1989
2137
2943
3806
4076
3461
2063
126
-2153
-4546
-6635
-7880
-7846
-6407
-3816
-667
2247
4213
4883
4388
3216
1979
1151
878
903
789
255
-643
-1677
-2736
-3819
-4793
-5227
-4669
-3024
-696
1670
3515
4525
4611
3843
2452
824
-598
-1514
-1919
-2037
-2092
-2150
-2159
-2042
-1752
-1254
-575
197
949
1579
1953
1869
1201
79
-1128
-2093
-2752
-3185
-3361
-3109
-2373
-1359
-386
354
811
949
738
269
-240
-667
-1072
-1548
-1960
-2034
-1655
-1037
-547
-384
-479
-536
-252
498
1610
2982
4738
7008
9396
10837
10253
7399
3065
-1459
-5046
-7102
-7548
-6629
-4691
-2151
410
2352
3261
3178
2464
1584
1042
1307
2524
4182
5337
5247
3828
1482
-1344
-4272
-6794
-8251
-8182
-6637
-4102
-1194
1472
3307
3913
3383
2319
1423
1059
1166
1507
1804
1729
960
-576
-2521
-4297
-5458
-5825
-5288
-3729
-1267
1498
3700
4765
4689
3823
2519
1046
-336
-1380
-1952
-2072
-1898
-1703
-1725
-1947
-2021
-1606
-718
280
1070
1611
1981
2119
1824
1020
-109
-1277
-2318
-3189
-3761
-3785
-3120
-1986
-826
57
657
1058
1202
960
345
-432
-1150
-1661
-1894
-1807
-1497
-1227
-1228
-1459
-1565
-1204
-342
753
1878
3168
4943
7224
9408
10454
9487
6403
2058
-2129
-4957
-6033
-5745
-4716
-3346
-1803
-238
1081
1875
1967
1430
689
427
1172
2811
4586
5568
5254
3706
1319
-1417
-3974
-5809
-6548
-6162
-4923
-3165
-1195
608
1758
1940
1340
616
429
973
1955
2869
3271
2840
1471
-580
-2712
-4296
-5045
-4999
-4245
-2785
-769
1300
2777
3310
3031
2325
1514
765
166
-235
-472
-673
-956
-1312
-1618
-1745
-1663
-1384
-898
-180
679
1444
1877
1877
1497
846
26
-871
-1756
-2537
-3099
-3288
-2986
-2244
-1317
-510
34
375
627
812
846
620
97
-653
-1402
-1881
-1948
-1730
-1495
-1351
-1150
-680
31
749
1362
2121
3474
5605
8093
9988
10288
8528
5120
1161
-2169
-4229
-5035
-4922
-4167
-2967
-1618
-490
169
367
243
-7
-41
612
2204
4321
5999
6350
5172
2926
281
-2226
-4203
-5347
-5531
-4890
-3726
-2335
-1003
-68
183
-181
-628
-488
531
2127
3641
4445
4204
2921
908
-1323
-3244
-4478
-4864
-4412
-3289
-1791
-293
859
1448
1489
1231
1018
1057
1289
1497
1467
1086
340
-676
-1749
-2619
-3056
-2946
-2304
-1286
-124
953
1756
2127
1965
1323
415
-510
-1298
-1868
-2147
-2121
-1926
-1795
-1825
-1857
-1615
-989
-144
609
1017
978
535
-148
-861
-1414
-1736
-1846
-1789
-1593
-1280
-885
-420
120
724
1372
2149
3298
5050
7263
9233
9970
8797
5848
2073
-1274
-3344
-4058
-3920
-3471
-2921
-2252
-1497
-864
-542
-505
-472
-54
1029
2751
4663
6037
6217
5011
2786
241
-1964
-3432
-4070
-4014
-3537
-2932
-2387
-1987
-1785
-1820
-1968
-1847
-1032
543
2408
3847
4360
3892
2715
1208
-309
-1655
-2745
-3484
-3687
-3212
-2183
-1045
-287
-73
-117
29
563
1275
1779
1863
1589
1131
574
-78
-793
-1460
-1931
-2082
-1832
-1210
-393
329
723
761
589
362
114
-223
-711
-1313
-1878
-2220
-2248
-2043
-1779
-1554
-1306
-936
-475
-68
180
296
314
164
-258
-864
-1372
-1519
-1333
-1075
-951
-908
-702
-167
639
1493
2227
2902
3811
5232
7071
8673
9069
7612
4549
996
-1777
-3140
-3341
-3036
-2675
-2314
-1846
-1296
-855
-692
-770
-799
-378
731
2371
3997
4939
4788
3585
1767
-84
-1489
-2240
-2437
-2352
-2227
-2155
-2138
-2181
-2279
-2300
-1981
-1112
247
1744
2895
3276
2711
1414
-38
-1050
-1416
-1364
-1193
-969
-653
-361
-339
-667
-1109
-1291
-976
-183
839
1690
1980
1550
603
-420
-1124
-1360
-1209
-838
-412
-48
196
317
318
182
-77
-340
-447
-355
-232
-354
-865
-1626
-2294
-2569
-2397
-1939
-1406
-927
-560
-337
-244
-225
-219
-209
-191
-150
-84
-84
-272
-683
-1169
-1507
-1553
-1289
-776
-86
669
1341
1846
2311
3043
4274
5872
7322
7964
7342
5448
2793
244
-1434
-2003
-1820
-1451
-1260
-1331
-1602
-1961
-2253
-2322
-2083
-1496
-503
896
2437
3587
3845
3137
1863
606
-196
-399
-137
238
324
-97
-912
-1812
-2538
-2979
-3055
-2672
-1837
-776
167
762
977
893
613
288
131
280
637
914
852
394
-319
-1052
-1558
-1650
-1301
-717
-222
-52
-210
-508
-705
-630
-251
296
788
1042
1022
778
362
-184
-750
-1152
-1236
-995
-581
-248
-249
-729
-1605
-2538
-3082
-2961
-2254
-1325
-557
-136
-23
-62
-107
-86
-23
-9
-121
-339
-576
-761
-905
-1016
-1050
-915
-552
10
651
1178
1403
1284
1016
964
1457
2618
4324
6178
7517
7599
6098
3503
928
-652
-1041
-745
-371
-223
-374
-869
-1681
-2565
-3148
-3197
-2715
-1770
-397
1209
2521
2942
2334
1222
384
251
716
1374
1820
1756
1047
-178
-1517
-2518
-2935
-2785
-2211
-1402
-607
-93
-3
-236
-537
-675
-550
-171
377
920
1212
1057
450
-380
-1076
-1345
-1111
-555
4
295
248
-16
-301
-443
-353
-37
381
677
649
247
-402
-1082
-1587
-1762
-1527
-955
-301
92
10
-507
-1198
-1730
-1846
-1471
-758
-47
311
162
-371
-1006
-1503
-1751
-1746
-1532
-1194
-850
-602
-476
-447
-458
-439
-276
116
686
1223
1496
1439
1173
877
683
684
990
1720
2896
4357
5699
6358
5867
4236
2123
480
-102
219
780
974
571
-357
-1582
-2756
-3445
-3376
-2654
-1674
-776
-55
515
872
919
720
540
640
1070
1669
2176
2316
1879
864
-421
-1466
-1868
-1562
-812
-26
409
259
-442
-1360
-2026
-2147
-1765
-1144
-536
-83
128
30
-327
-712
-824
-504
148
859
1337
1410
1080
517
-22
-329
-363
-235
-128
-203
-540
-1089
-1651
-1973
-1905
-1487
-884
-268
206
386
176
-360
-978
-1376
-1373
-1003
-467
-16
152
-54
-597
-1293
-1853
-2025
-1764
-1257
-765
-447
-330
-380
-555
-785
-951
-936
-684
-236
281
702
899
839
626
471
573
994
1661
2539
3692
5083
6272
6534
5469
3490
1596
593
538
882
1031
707
-86
-1229
-2477
-3411
-3586
-2906
-1785
-847
-407
-330
-331
-314
-323
-296
-26
594
1390
2041
2321
2177
1652
867
69
-412
-380
90
686
1011
735
-237
-1596
-2706
-3024
-2540
-1755
-1190
-978
-918
-827
-724
-669
-564
-225
381
1047
1507
1648
1499
1106
538
-25
-322
-252
-2
96
-158
-702
-1298
-1688
-1718
-1423
-1004
-705
-651
-811
-1081
-1344
-1489
-1425
-1131
-693
-272
-25
-29
-247
-546
-761
-796
-682
-546
-507
-593
-751
-915
-1056
-1189
-1323
-1413
-1344
-1015
-454
137
528
655
672
796
1100
1469
1746
1891
2002
2240
2750
3595
4621
5363
5225
3977
2115
620
182
643
1230
1296
772
-51
-933
-1754
-2320
-2411
-2067
-1649
-1459
-1435
-1318
-1058
-839
-754
-613
-162
584
1329
1757
1762
1461
1075
798
739
878
1099
1253
1213
879
193
-779
-1751
-2310
-2217
-1650
-1088
-934
-1232
-1709
-2031
-1985
-1520
-734
150
869
1247
1270
1053
749
483
327
312
421
579
652
495
57
-565
-1160
-1512
-1532
-1318
-1097
-1062
-1228
-1452
-1579
-1554
-1395
-1125
-781
-458
-280
-288
-390
-446
-395
-297
-247
-256
-251
-178
-102
-167
-439
-826
-1145
-1264
-1153
-852
-422
28
368
507
481
415
424
535
720
938
1159
1375
1634
2055
2754
3701
4600
4964
4424
3140
1828
1239
1494
2006
2085
1548
681
-212
-1043
-1765
-2221
-2314
-2202
-2160
-2258
-2320
-2192
-1946
-1700
-1402
-876
-99
694
1228
1422
1393
1299
1253
1326
1538
1801
1970
1939
1690
1212
466
-489
-1380
-1871
-1873
-1657
-1606
-1845
-2186
-2350
-2216
-1830
-1309
-782
-375
-152
-42
105
374
706
986
1159
1235
1206
1025
670
207
-228
-506
-567
-452
-317
-383
-786
-1431
-2022
-2296
-2231
-2021
-1851
-1753
-1661
-1521
-1319
-1047
-713
-366
-79
126
262
311
208
-63
-384
-564
-503
-278
-74
-27
-135
-292
-365
-290
-92
135
295
340
292
217
201
295
483
721
1039
1589
2511
3716
4778
5142
4569
3464
2643
2662
3274
3680
3291
2218
968
-142
-1136
-2043
-2678
-2868
-2738
-2620
-2695
-2876
-2983
-2939
-2691
-2149
-1288
-296
518
978
1146
1187
1232
1370
1660
2091
2521
2776
2763
2506
2035
1347
485
-358
-940
-1190
-1304
-1554
-2005
-2468
-2704
-2645
-2392
-2071
-1735
-1397
-1064
-734
-382
1
371
673
898
1089
1260
1386
1424
1359
1179
878
479
56
-333
-709
-1124
-1552
-1879
-2023
-2041
-2092
-2272
-2512
-2634
-2509
-2155
-1708
-1301
-1003
-811
-693
-597
-473
-281
-2
360
753
1062
1160
1001
671
322
67
-66
-103
-81
-46
-39
-81
-157
-257
-374
-466
-412
-56
684
1762
3020
4214
5012
5098
4432
3443
2806
2895
3410
3647
3145
2044
812
-240
-1090
-1742
-2067
-2005
-1798
-1835
-2247
-2792
-3106
-3025
-2599
-1952
-1240
-671
-407
-416
-479
-388
-73
459
1183
2006
2699
3026
2949
2653
2331
2010
1612
1150
742
428
56
-569
-1434
-2282
-2820
-2976
-2910
-2812
-2711
-2506
-2127
-1628
-1124
-695
-343
-6
396
893
1394
1738
1825
1701
1476
1221
943
664
418
186
-119
-551
-1059
-1540
-1941
-2276
-2543
-2704
-2736
-2680
-2599
-2528
-2458
-2346
-2098
-1617
-924
-200
330
585
656
676
686
647
543
453
494
711
986
1103
915
474
-9
-330
-421
-336
-155
63
261
353
298
205
353
1006
2154
3403
4171
4088
3312
2464
2164
2529
3076
3213
2773
2060
1395
800
153
-476
-846
-891
-876
-1158
-1824
-2644
-3278
-3534
-3407
-3045
-2638
-2328
-2105
-1811
-1287
-547
228
891
1472
2087
2734
3270
3548
3549
3317
2894
2315
1660
987
295
-423
-1080
-1542
-1784
-1938
-2148
-2405
-2583
-2581
-2422
-2180
-1892
-1552
-1172
-785
-413
-52
281
539
710
852
1047
1286
1484
1554
1482
1272
926
467
-29
-488
-914
-1368
-1862
-2327
-2689
-2927
-3052
-3037
-2860
-2556
-2232
-1955
-1715
-1453
-1144
-795
-428
-71
230
454
643
864
1123
1336
1416
1354
1202
1023
867
791
814
863
809
595
292
11
-215
-393
-469
-296
248
1144
2199
3078
3415
3046
2272
1774
2071
2970
3696
3633
2879
1994
1322
742
58
-613
-986
-1039
-1112
-1541
-2309
-3079
-3511
-3462
-3010
-2383
-1896
-1760
-1891
-1929
-1577
-876
-105
576
1240
1963
2623
2998
3011
2767
2415
2071
1857
1832
1857
1617
924
-58
-950
-1532
-1862
-2077
-2199
-2193
-2120
-2079
-2075
-2016
-1860
-1644
-1382
-1015
-528
-39
303
482
626
830
1039
1125
1051
905
770
613
337
-88
-565
-965
-1241
-1454
-1681
-1937
-2186
-2400
-2577
-2692
-2692
-2548
-2299
-2020
-1758
-1498
-1202
-842
-431
-25
307
544
748
1002
1305
1537
1567
1391
1156
1028
1044
1093
1036
864
713
711
813
810
549
142
-111
-15
342
758
1197
1792
2518
3005
2835
2070
1346
1314
1981
2689
2790
2246
1517
976
592
175
-281
-618
-786
-928
-1202
-1612
-2066
-2468
-2732
-2747
-2488
-2107
-1833
-1709
-1537
-1098
-417
273
810
1261
1787
2392
2877
3008
2723
2193
1716
1503
1523
1508
1208
627
-6
-513
-934
-1387
-1830
-2075
-2034
-1858
-1774
-1844
-1955
-1984
-1910
-1752
-1502
-1164
-812
-534
-327
-110
154
385
485
447
365
319
293
203
-6
-323
-675
-998
-1264
-1491
-1705
-1910
-2070
-2145
-2121
-2019
-1883
-1759
-1684
-1649
-1585
-1398
-1065
-664
-310
-38
214
492
749
901
973
1098
1365
1666
1779
1608
1303
1121
1152
1251
1214
986
665
360
107
-77
-142
-41
236
713
1433
2309
2999
3071
2441
1597
1258
1715
2519
2910
2545
1757
1100
747
438
-63
-634
-987
-1050
-1036
-1166
-1444
-1738
-1933
-1969
-1806
-1487
-1200
-1139
-1259
-1273
-946
-351
247
696
1077
1528
2031
2398
2431
2109
1641
1344
1373
1553
1504
1020
288
-307
-590
-729
-977
-1349
-1653
-1768
-1785
-1848
-1960
-2035
-2048
-2058
-2066
-1979
-1746
-1433
-1127
-817
-469
-150
9
17
52
261
559
718
620
361
98
-126
-380
-717
-1109
-1476
-1743
-1868
-1875
-1858
-1902
-1970
-1917
-1671
-1345
-1135
-1083
-1038
-845
-531
-221
67
437
915
1326
1442
1237
923
737
755
901
1071
1195
1239
1213
1170
1143
1089
929
660
385
225
199
228
260
377
757
1447
2179
2479
2083
1270
712
901
1680
2379
2432
1871
1203
849
774
672
394
94
-47
-79
-232
-642
-1213
-1720
-1962
-1850
-1469
-1090
-1017
-1302
-1620
-1561
-1046
-387
101
446
870
1410
1802
1800
1475
1154
1084
1230
1362
1284
962
518
109
-190
-443
-753
-1130
-1457
-1627
-1663
-1688
-1772
-1879
-1954
-1994
-2017
-1993
-1857
-1584
-1226
-858
-544
-332
-226
-158
-24
183
350
356
220
64
-26
-74
-147
-283
-469
-673
-849
-967
-1039
-1121
-1261
-1426
-1527
-1500
-1366
-1195
-1040
-915
-817
-735
-643
-496
-256
82
468
801
967
918
747
653
794
1136
1457
1533
1333
1035
849
839
909
938
888
796
692
564
410
295
348
683
1298
1998
2431
2316
1746
1224
1262
1847
2403
2364
1747
1085
829
918
972
757
368
11
-250
-484
-755
-1057
-1360
-1607
-1696
-1562
-1330
-1261
-1481
-1766
-1743
-1278
-588
41
519
874
1039
911
606
463
705
1141
1358
1157
723
352
135
-40
-252
-453
-578
-661
-782
-975
-1217
-1482
-1748
-1964
-2063
-2030
-1931
-1834
-1715
-1489
-1144
-801
-602
-548
-495
-317
-34
216
330
306
216
123
48
-23
-116
-245
-391
-523
-633
-749
-901
-1072
-1207
-1268
-1270
-1253
-1243
-1238
-1221
-1160
-1007
-741
-424
-175
-61
1
167
491
859
1103
1174
1163
1179
1240
1288
1272
1196
1116
1098
1177
1308
1376
1279
1026
749
581
526
469
321
167
221
639
1334
1985
2249
2019
1520
1155
1208
1623
2051
2134
1809
1330
996
861
747
499
169
-86
-219
-342
-574
-912
-1263
-1537
-1691
-1724
-1697
-1719
-1830
-1888
-1653
-1060
-354
97
131
-83
-228
-107
265
717
1028
1042
787
486
367
431
475
346
119
-43
-131
-310
-685
-1141
-1463
-1562
-1534
-1531
-1627
-1793
-1936
-1950
-1779
-1479
-1192
-1013
-899
-741
-504
-276
-148
-119
-123
-124
-121
-101
-35
52
71
-40
-246
-455
-610
-708
-761
-780
-795
-838
-902
-942
-953
-976
-1016
-982
-774
-428
-115
53
139
285
516
711
779
789
884
1094
1300
1374
1321
1247
1218
1207
1174
1144
1154
1161
1074
892
724
661
653
589
446
337
390
640
1035
1473
1807
1883
1667
1346
1229
1462
1857
2050
1859
1441
1091
912
769
506
146
-176
-393
-563
-769
-1024
-1297
-1546
-1718
-1753
-1656
-1538
-1517
-1556
-1460
-1082
-529
-99
14
-87
-123
64
391
653
736
671
561
493
494
513
468
319
118
-60
-205
-385
-645
-937
-1176
-1324
-1412
-1483
-1557
-1637
-1718
-1761
-1699
-1501
-1237
-1034
-955
-937
-857
-657
-390
-160
-36
-11
-29
-38
-21
0
-7
-55
-118
-165
-198
-252
-350
-473
-571
-624
-653
-686
-723
-742
-724
-661
-553
-411
-267
-150
-59
45
205
425
657
829
892
858
800
801
884
992
1053
1064
1079
1127
1161
1116
998
887
852
886
921
901
813
692
603
626
813
1132
1450
1597
1483
1184
916
885
1119
1428
1557
1397
1067
772
601
479
311
110
-50
-167
-325
-576
-853
-1051
-1143
-1184
-1219
-1254
-1284
-1303
-1254
-1038
-643
-226
-7
-44
-155
-109
142
437
598
590
501
416
363
337
323
275
150
-44
-234
-374
-504
-698
-955
-1184
-1303
-1320
-1311
-1344
-1426
-1513
-1532
-1425
-1206
-973
-835
-807
-793
-700
-541
-406
-345
-308
-222
-84
37
85
71
40
27
36
50
35
-55
-233
-437
-560
-554
-492
-493
-594
-719
-773
-735
-643
-516
-350
-168
-37
13
42
150
364
602
764
838
893
974
1047
1050
995
957
988
1050
1072
1029
943
834
697
554
478
523
646
723
683
597
630
883
1280
1605
1658
1420
1089
955
1151
1521
1729
1569
1153
766
573
503
406
245
76
-86
-286
-538
-789
-1012
-1242
-1476
-1603
-1523
-1310
-1167
-1162
-1129
-880
-483
-199
-160
-211
-130
103
333
468
565
671
714
624
476
402
403
338
139
-92
-237
-343
-549
-870
-1162
-1307
-1354
-1421
-1521
-1566
-1511
-1406
-1290
-1133
-915
-711
-614
-593
-506
-273
16
204
234
185
146
131
119
109
111
96
28
-78
-174
-253
-358
-509
-658
-748
-789
-814
-812
-740
-621
-538
-522
-490
-345
-115
64
121
145
271
512
737
831
807
761
750
765
795
848
916
949
913
849
822
820
757
591
415
371
483
605
587
450
366
477
769
1121
1438
1663
1720
1544
1218
1001
1114
1483
1761
1675
1289
894
665
528
337
98
-85
-203
-370
-645
-929
-1107
-1202
-1318
-1444
-1450
-1278
-1050
-910
-826
-647
-352
-105
-40
-71
-17
154
305
342
343
406
491
485
392
321
314
260
66
-188
-342
-371
-411
-564
-768
-897
-943
-993
-1083
-1141
-1113
-1050
-1029
-1019
-924
-732
-555
-496
-520
-514
-431
-323
-243
-179
-103
-40
-35
-84
-132
-151
-165
-197
-222
-212
-202
-264
-409
-552
-600
-553
-492
-472
-476
-458
-408
-334
-232
-86
86
234
326
376
412
449
508
615
757
844
790
634
535
602
776
907
925
883
842
794
723
677
704
760
744
639
556
590
693
754
761
835
1058
1333
1468
1363
1103
880
852
1044
1325
1474
1332
953
573
392
394
397
270
33
-217
-428
-604
-754
-889
-1041
-1220
-1354
-1335
-1153
-943
-843
-844
-815
-675
-472
-298
-175
-71
30
124
228
364
495
532
451
346
312
322
255
74
-126
-237
-279
-359
-527
-728
-889
-988
-1026
-996
-921
-877
-919
-997
-993
-870
-720
-649
-656
-664
-628
-571
-506
-403
-250
-109
-57
-83
-107
-78
-33
-21
-29
-9
33
38
-33
-145
-238
-292
-324
-342
-332
-301
-283
-296
-307
-257
-130
32
169
245
259
251
291
420
588
682
657
598
635
777
904
911
830
773
795
833
808
714
606
523
476
471
519
597
643
622
594
675
930
1295
1608
1711
1557
1263
1052
1087
1309
1477
1389
1090
793
638
563
430
223
36
-87
-215
-411
-631
-799
-933
-1102
-1275
-1313
-1147
-907
-799
-867
-952
-887
-676
-448
-287
-172
-58
53
152
253
363
436
419
341
299
326
333
216
-13
-227
-331
-360
-417
-556
-742
-909
-1012
-1045
-1035
-1029
-1059
-1095
-1065
-936
-765
-654
-637
-650
-609
-496
-363
-267
-222
-208
-199
-177
-128
-59
4
28
14
-2
9
29
7
-83
-204
-295
-323
-304
-262
-201
-121
-56
-51
-101
-139
-96
32
190
316
374
366
331
320
348
392
425
466
548
657
733
743
729
752
800
794
687
541
468
506
595
651
666
689
751
822
871
917
1019
1205
1424
1574
1570
1413
1203
1074
1093
1193
1230
1118
898
678
515
374
211
28
-141
-291
-436
-571
-678
-777
-916
-1092
-1213
-1181
-1014
-849
-790
-805
-783
-675
-542
-454
-396
-306
-178
-74
-30
-5
58
149
200
186
149
137
132
74
-53
-192
-289
-352
-441
-578
-718
-803
-832
-855
-913
-1001
-1081
-1111
-1057
-923
-771
-688
-706
-760
-761
-679
-552
-427
-322
-237
-180
-148
-120
-73
-8
51
86
100
95
62
-12
-112
-199
-230
-205
-160
-138
-156
-193
-208
-164
-59
63
140
144
114
118
184
280
356
397
425
453
473
489
533
628
744
817
807
741
676
645
650
685
738
781
779
733
692
703
762
819
839
838
872
992
1194
1394
1460
1314
1030
811
819
1007
1169
1144
967
775
632
484
281
67
-87
-189
-300
-435
-551
-644
-789
-1026
-1247
-1281
-1102
-883
-807
-867
-907
-827
-689
-592
-538
-453
-315
-182
-97
-28
64
142
145
88
66
120
175
128
-25
-190
-296
-365
-455
-578
-705
-811
-894
-954
-986
-1002
-1023
-1044
-1029
-953
-850
-779
-762
-763
-735
-665
-569
-463
-359
-278
-232
-214
-184
-112
-4
98
158
171
162
150
136
99
24
-78
-171
-219
-212
-172
-140
-145
-179
-197
-159
-63
48
139
211
277
332
360
367
380
415
461
500
538
589
648
688
695
688
695
716
727
708
663
612
570
548
558
605
668
706
695
662
686
833
1094
1357
1474
1369
1115
893
850
974
1107
1100
940
735
580
471
347
181
2
-159
-304
-443
-568
-670
-777
-933
-1130
-1283
-1307
-1212
-1089
-1009
-947
-838
-680
-540
-466
-420
-341
-217
-93
7
94
169
190
135
55
34
75
89
4
-146
-273
-346
-416
-533
-680
-806
-890
-942
-969
-955
-902
-852
-848
-878
-876
-803
-695
-623
-598
-561
-462
-327
-225
-189
-190
-177
-124
-40
49
113
132
113
87
82
88
65
-14
-126
-215
-238
-211
-180
-175
-196
-231
-266
-282
-245
-145
-19
75
114
129
152
183
204
227
293
418
563
669
719
741
760
765
735
681
644
644
655
638
580
502
430
382
370
402
465
523
546
553
602
748
970
1169
1225
1106
901
767
803
965
1107
1100
936
713
531
409
297
154
-15
-181
-330
-462
-578
-688
-812
-949
-1056
-1073
-999
-903
-853
-842
-809
-727
-630
-553
-485
-403
-315
-249
-194
-114
-9
49
8
-94
-161
-151
-120
-149
-245
-348
-412
-452
-507
-587
-671
-730
-747
-723
-685
-685
-759
-873
-936
-891
-777
-683
-644
-616
-549
-459
-397
-370
-334
-271
-206
-159
-99
1
106
147
108
42
8
14
28
26
4
-37
-95
-158
-198
-201
-183
-173
-181
-193
-193
-173
-136
-82
-18
36
60
61
74
143
268
402
491
522
526
538
559
569
563
557
564
573
555
504
443
413
428
472
519
563
612
667
713
742
777
858
1000
1156
1243
1203
1057
900
826
851
905
908
846
761
675
553
359
125
-77
-220
-346
-491
-626
-702
-740
-815
-955
-1091
-1131
-1066
-963
-885
-826
-755
-668
-589
-523
-437
-319
-204
-133
-103
-77
-42
-23
-34
-53
-65
-97
-176
-271
-326
-337
-360
-438
-548
-636
-692
-741
-792
-819
-810
-799
-823
-861
-848
-758
-638
-544
-483
-423
-351
-290
-253
-219
-165
-105
-71
-58
-37
8
46
47
12
-25
-47
-61
-79
-95
-104
-117
-156
-221
-275
-285
-255
-220
-196
-169
-124
-72
-41
-33
-21
22
98
191
287
374
434
451
435
422
443
495
549
583
595
588
561
512
460
425
423
446
479
514
554
598
636
655
659
664
699
778
893
1014
1093
1095
1020
920
858
855
860
813
707
591
493
383
219
15
-177
-330
-456
-567
-646
-683
-716
-794
-909
-995
-999
-946
-902
-884
-839
-728
-587
-488
-451
-421
-350
-252
-171
-118
-74
-36
-26
-51
-79
-79
-71
-111
-213
-328
-397
-416
-435
-497
-591
-676
-730
-762
-784
-795
-786
-758
-719
-674
-622
-571
-531
-504
-472
-412
-325
-227
-137
-60
1
41
56
53
45
35
25
22
40
73
96
81
23
-51
-115
-161
-196
-223
-232
-217
-188
-162
-147
-132
-106
-72
-35
8
75
171
278
368
431
476
515
545
560
566
571
581
593
602
608
600
567
507
448
420
435
471
504
521
534
551
574
600
635
689
768
868
974
1058
1091
1054
962
857
783
748
723
679
606
514
404
265
90
-100
-277
-426
-549
-653
-734
-790
-832
-874
-918
-957
-981
-989
-975
-934
-866
-782
-693
-596
-493
-400
-338
-303
-269
-213
-147
-104
-102
-124
-146
-166
-204
-266
-336
-390
-427
-460
-506
-563
-621
-670
-705
-719
-707
-677
-641
-606
-566
-513
-455
-400
-349
-295
-232
-171
-118
-66
-6
51
80
72
51
51
76
101
96
64
25
-7
-34
-62
-90
-111
-123
-130
-131
-124
-107
-83
-51
-10
40
96
146
186
221
263
323
396
466
517
543
551
549
543
531
508
477
449
442
458
475
466
424
368
328
324
359
427
514
591
638
657
682
738
821
900
952
989
1031
1075
1082
1024
917
813
738
679
605
511
405
290
158
8
-148
-295
-433
-566
-683
-764
-795
-790
-781
-799
-847
-904
-943
-947
-912
-844
-756
-665
-582
-513
-454
-401
-354
-313
-275
-242
-214
-192
-169
-142
-124
-134
-187
-268
-352
-417
-457
-477
-491
-512
-544
-575
-587
-579
-568
-566
-562
-530
-463
-376
-288
-209
-145
-104
-86
-73
-43
4
45
71
92
122
152
155
117
56
4
-21
-21
-10
-3
-9
-30
-55
-68
-63
-49
-41
-42
-41
-19
29
84
121
141
162
205
261
305
332
363
418
489
541
556
545
533
534
543
548
545
534
516
492
468
446
430
425
439
472
513
541
553
559
573
600
638
692
770
868
959
1014
1013
964
890
817
755
701
643
578
508
434
341
210
41
-144
-308
-435
-529
-605
-663
-701
-725
-758
-812
-872
-912
-918
-894
-849
-784
-704
-627
-571
-535
-497
-447
-391
-339
-295
-260
-242
-241
-239
-230
-224
-242
-286
-337
-377
-407
-433
-457
-471
-478
-489
-517
-553
-573
-559
-520
-480
-448
-414
-360
-291
-228
-182
-144
-99
-47
-2
31
57
86
120
150
165
159
132
92
51
23
17
33
57
67
51
19
-4
-5
2
2
0
18
67
134
192
232
256
271
280
289
310
351
406
461
502
528
539
538
527
512
496
478
454
427
400
382
375
380
390
404
424
447
471
492
515
549
602
670
738
790
821
840
858
875
878
858
818
771
723
670
602
514
412
301
190
81
-24
-128
-231
-328
-414
-499
-595
-701
-789
-832
-832
-818
-817
-824
-819
-798
-770
-741
-698
-632
-554
-484
-428
-378
-329
-294
-283
-285
-276
-248
-210
-183
-174
-185
-216
-270
-334
-387
-414
-417
-414
-414
-418
-418
-416
-418
-423
-418
-392
-351
-309
-277
-244
-201
-152
-110
-81
-49
1
64
119
153
169
181
188
180
154
128
124
141
152
129
73
5
-50
-73
-63
-32
-5
8
16
37
74
116
149
178
214
262
314
361
402
439
471
489
485
466
447
438
435
428
413
395
380
371
364
354
341
334
340
363
395
426
452
480
514
550
583
612
643
678
712
738
749
742
725
701
677
653
625
586
534
465
378
271
152
32
-75
-168
-254
-339
-417
-486
-554
-634
-723
-798
-838
-848
-849
-849
-837
-802
-752
-705
-666
-624
-569
-507
-447
-387
-321
-255
-203
-172
-154
-143
-141
-157
-185
-211
-224
-230
-247
-285
-339
-394
-432
-448
-446
-436
-425
-415
-402
-387
-370
-352
-330
-295
-240
-172
-107
-59
-24
10
51
91
121
135
141
149
164
185
199
192
158
112
73
54
51
49
42
35
32
31
25
18
21
46
86
126
154
168
176
189
210
237
264
287
303
312
314
312
306
302
298
293
285
275
269
268
273
287
309
333
350
355
349
346
353
372
395
418
443
472
500
523
539
554
575
603
630
647
652
647
637
620
589
536
464
384
307
233
153
63
-38
-143
-249
-351
-442
-522
-596
-669
-738
-789
-816
-818
-803
-778
-748
-713
-674
-624
-562
-495
-432
-382
-341
-299
-243
-173
-105
-62
-58
-87
-126
-157
-183
-212
-249
-292
-336
-378
-419
-459
-497
-524
-530
-514
-482
-444
-402
-358
-315
-276
-235
-183
-117
-47
15
66
108
139
160
172
180
187
185
170
147
127
115
104
83
52
18
-10
-34
-59
-80
-84
-66
-35
-9
3
11
25
46
63
77
96
130
176
218
244
254
262
285
322
356
369
360
343
329
319
304
285
270
260
249
227
199
177
168
168
165
157
153
166
195
235
279
331
388
442
483
511
534
561
586
599
597
588
577
564
541
503
451
387
309
214
110
10
-77
-158
-246
-341
-430
-499
-549
-591
-632
-672
-706
-726
-727
-703
-662
-616
-577
-546
-510
-460
-401
-349
-318
-305
-293
-268
-233
-201
-180
-176
-187
-210
-240
-267
-288
-310
-340
-376
-400
-400
-380
-358
-348
-344
-329
-295
-244
-190
-140
-102
-74
-54
-33
-4
29
58
76
88
100
116
132
136
123
98
71
47
25
4
-11
-18
-23
-31
-44
-53
-54
-49
-42
-27
-1
37
74
101
117
132
150
167
178
186
197
213
225
229
234
250
279
307
320
313
288
255
221
194
175
154
126
94
67
53
50
49
41
31
27
36
57
87
123
163
206
248
287
323
360
401
441
475
501
517
526
529
525
511
480
432
377
331
296
258
202
124
41
-27
-79
-128
-188
-261
-331
-387
-430
-469
-507
-537
-552
-556
-560
-565
-562
-541
-504
-461
-421
-387
-355
-319
-272
-220
-176
-152
-146
-148
-152
-159
-174
-195
-214
-225
-234
-250
-277
-311
-340
-357
-365
-371
-373
-362
-335
-298
-261
-226
-187
-136
-76
-23
16
42
67
96
125
149
165
174
174
171
168
164
154
128
93
59
33
14
-7
-32
-60
-84
-93
-82
-57
-33
-21
-17
-10
9
37
64
86
106
125
141
155
168
182
199
217
230
230
216
192
167
145
128
115
102
87
74
67
72
80
80
70
60
60
68
71
70
78
106
150
196
235
268
302
340
378
406
419
424
434
452
466
463
443
422
405
386
351
299
240
184
131
75
12
-53
-111
-161
-207
-255
-307
-361
-412
-454
-484
-503
-513
-515
-508
-488
-455
-412
-365
-322
-286
-251
-210
-167
-132
-112
-100
-89
-82
-85
-99
-115
-129
-146
-169
-200
-231
-259
-280
-293
-298
-296
-289
-279
-269
-258
-243
-216
-179
-141
-113
-92
-67
-32
6
39
66
91
114
126
119
102
91
93
99
98
88
74
61
44
24
3
-10
-8
12
44
75
95
104
104
103
106
123
156
194
223
236
239
239
238
231
214
191
168
149
132
107
76
45
23
13
12
13
15
12
2
-12
-20
-15
-1
14
26
41
63
91
116
137
157
176
191
201
210
228
255
284
303
311
313
315
320
322
319
311
299
280
253
223
196
174
150
119
83
47
16
-12
-44
-81
-121
-162
-200
-232
-259
-280
-292
-296
-292
-285
-276
-264
-254
-250
-255
-259
-250
-225
-194
-171
-163
-167
-176
-184
-184
-177
-166
-154
-146
-142
-143
-150
-159
-163
-160
-156
-157
-164
-168
-164
-155
-148
-148
-151
-152
-147
-138
-125
-110
-95
-84
-79
-80
-80
-74
-59
-38
-17
0
12
19
20
14
5
0
3
10
10
-1
-12
-9
11
35
55
69
84
104
121
123
113
100
96
97
97
91
86
92
107
121
125
117
101
85
74
76
90
110
122
119
105
95
96
104
106
99
90
88
95
108
123
140
153
159
157
161
182
221
259
280
282
277
276
279
282
284
285
288
289
284
273
257
232
197
154
110
75
52
37
20
-4
-34
-65
-93
-118
-144
-168
-183
-183
-177
-178
-190
-204
-212
-211
-210
-208
-203
-191
-176
-166
-156
-145
-134
-135
-149
-166
-175
-176
-177
-179
-178
-168
-158
-154
-153
-147
-138
-136
-145
-153
-153
-149
-153
-162
-164
-150
-131
-121
-120
-115
-96
-70
-51
-44
-44
-41
-26
3
41
78
100
105
95
79
65
61
69
82
88
81
67
57
59
69
