35
35
31
28
28
34
45
60
75
81
74
59
43
37
42
58
81
103
112
108
97
85
76
64
50
38
33
35
38
37
31
23
20
25
33
38
35
26
14
3
-7
-15
-22
-27
-34
-42
-48
-46
-42
-43
-56
-77
-98
-110
-114
-108
-96
-83
-77
-81
-92
-103
-113
-126
-142
-154
-156
-150
-143
-139
-138
-139
-146
-159
-172
-176
-166
-144
-117
-91
-74
-65
-57
-35
-2
32
53
66
84
110
131
137
134
139
156
175
183
182
182
188
197
201
198
192
188
192
211
244
277
296
297
291
290
295
301
305
310
315
317
308
288
257
217
166
104
38
-23
-73
-113
-146
-172
-186
-189
-184
-176
-164
-149
-138
-139
-149
-160
-167
-173
-184
-200
-219
-243
-270
-301
-328
-351
-371
-384
-384
-367
-342
-324
-322
-331
-346
-364
-383
-393
-380
-337
-271
-192
-115
-54
-23
-32
-70
-119
-157
-173
-159
-112
-36
56
142
206
233
222
180
123
68
20
-17
-32
-11
53
145
242
321
377
403
383
311
214
143
137
211
366
603
906
1223
1472
1578
1502
1250
862
404
-52
-444
-726
-869
-862
-724
-508
-286
-121
-38
-16
-20
-28
-35
-26
31
154
321
481
591
622
563
412
194
-48
-271
-455
-587
-652
-638
-567
-488
-443
-437
-451
-477
-521
-580
-628
-635
-585
-485
-356
-224
-118
-54
-30
-34
-62
-115
-181
-228
-241
-233
-237
-257
-276
-281
-285
-307
-336
-337
-294
-223
-149
-82
-25
14
22
8
-1
22
88
184
291
374
394
330
197
38
-101
-187
-187
-49
289
849
1558
2238
2672
2714
2362
1727
946
119
-678
-1345
-1764
-1858
-1627
-1143
-526
61
449
537
356
49
-247
-477
-623
-634
-429
5
562
1083
1454
1619
1526
1148
551
-77
-538
-749
-744
-595
-358
-108
46
21
-183
-488
-806
-1071
-1221
-1194
-958
-553
-81
337
610
696
605
385
87
-245
-568
-810
-887
-766
-496
-186
59
185
179
57
-146
-379
-589
-736
-787
-719
-539
-293
-45
155
276
305
241
107
-59
-224
-356
-415
-367
-220
-27
139
251
317
361
377
335
210
5
-233
-433
-517
-440
-193
239
897
1787
2758
3494
3686
3246
2350
1254
120
-978
-1918
-2505
-2603
-2245
-1592
-808
-40
535
743
547
114
-316
-604
-724
-651
-317
290
1043
1721
2137
2205
1918
1320
517
-315
-994
-1410
-1538
-1395
-1024
-535
-115
75
7
-230
-544
-884
-1173
-1282
-1114
-709
-198
294
672
845
745
400
-66
-522
-898
-1148
-1199
-991
-565
-84
267
400
343
162
-104
-433
-769
-1011
-1067
-918
-630
-297
16
271
429
453
358
203
46
-89
-187
-231
-235
-251
-314
-391
-416
-368
-268
-136
41
253
443
537
492
304
5
-324
-551
-541
-222
434
1432
2686
3917
4688
4661
3830
2472
901
-696
-2174
-3313
-3864
-3710
-2943
-1789
-519
578
1236
1330
976
441
-54
-425
-623
-519
-4
844
1748
2414
2683
2487
1810
728
-498
-1523
-2106
-2204
-1893
-1281
-507
238
745
867
575
-43
-800
-1461
-1822
-1789
-1399
-771
-60
567
947
973
669
172
-354
-806
-1107
-1167
-934
-487
-30
268
364
285
39
-360
-807
-1138
-1244
-1129
-851
-452
17
457
746
812
666
365
-9
-352
-561
-596
-516
-424
-372
-345
-306
-255
-222
-217
-208
-137
23
252
467
573
512
274
-123
-626
-1073
-1202
-775
233
1651
3265
4872
6175
6737
6195
4551
2195
-351
-2676
-4498
-5579
-5749
-5003
-3550
-1741
24
1369
2021
1927
1313
549
-62
-391
-385
50
930
2038
2969
3389
3199
2432
1143
-530
-2239
-3546
-4178
-4122
-3472
-2305
-776
752
1817
2125
1704
795
-334
-1423
-2193
-2402
-2012
-1229
-368
334
768
880
653
134
-514
-1061
-1304
-1147
-645
4
530
723
542
98
-464
-1053
-1599
-1993
-2096
-1833
-1250
-487
276
865
1146
1085
752
261
-289
-817
-1236
-1473
-1521
-1429
-1241
-977
-664
-386
-233
-221
-265
-241
-94
141
344
409
280
8
-303
-609
-962
-1375
-1571
-1098
246
2133
4078
5984
8018
9909
10741
9728
7035
3570
71
-3273
-6304
-8417
-8905
-7661
-5347
-2849
-753
706
1480
1655
1484
1241
1034
863
832
1192
2065
3224
4171
4449
3859
2479
594
-1413
-3151
-4357
-4936
-4884
-4192
-2866
-1075
772
2157
2723
2454
1620
561
-465
-1290
-1766
-1803
-1464
-984
-608
-417
-351
-356
-485
-756
-1008
-957
-458
306
945
1148
871
286
-412
-1108
-1752
-2262
-2514
-2395
-1906
-1166
-343
429
1059
1467
1566
1303
718
-33
-742
-1284
-1671
-1965
-2141
-2092
-1781
-1329
-923
-638
-425
-217
1
212
425
616
715
613
309
-66
-357
-554
-809
-1190
-1492
-1268
-219
1553
3699
6010
8455
10696
11829
10929
7953
3838
-327
-4035
-7162
-9389
-10147
-9142
-6671
-3490
-483
1620
2515
2492
2157
1877
1558
1059
688
1008
2208
3792
5021
5457
5006
3650
1406
-1388
-4053
-5929
-6746
-6582
-5588
-3883
-1689
573
2394
3370
3334
2405
975
-430
-1398
-1811
-1765
-1408
-873
-357
-98
-194
-510
-798
-935
-940
-816
-469
165
923
1473
1537
1066
211
-813
-1784
-2511
-2867
-2845
-2503
-1885
-1010
25
1010
1707
1985
1837
1313
496
-460
-1346
-2026
-2506
-2844
-2989
-2801
-2248
-1508
-844
-376
-41
280
620
908
1037
922
566
39
-523
-993
-1258
-1239
-921
-402
131
540
819
1116
1657
2715
4489
6860
9219
10682
10629
9048
6387
3164
-209
-3375
-5969
-7687
-8308
-7713
-5955
-3441
-911
885
1642
1661
1519
1564
1719
1764
1746
1977
2668
3611
4305
4300
3417
1740
-457
-2713
-4512
-5507
-5676
-5197
-4208
-2736
-879
1054
2627
3504
3573
2917
1770
486
-556
-1164
-1428
-1587
-1767
-1876
-1791
-1534
-1285
-1161
-1101
-911
-451
237
945
1401
1416
978
234
-621
-1454
-2176
-2680
-2815
-2488
-1744
-762
243
1074
1558
1578
1144
410
-410
-1151
-1736
-2123
-2295
-2275
-2118
-1859
-1492
-1049
-646
-422
-398
-449
-421
-255
1
260
433
458
316
74
-165
-329
-412
-406
-254
99
631
1200
1652
1946
2286
3072
4636
6852
8976
9995
9277
6999
3931
842
-1923
-4345
-6344
-7581
-7652
-6419
-4192
-1620
538
1742
1967
1709
1559
1692
1828
1718
1503
1550
1993
2613
3042
2964
2135
472
-1705
-3691
-4824
-4973
-4504
-3782
-2834
-1518
122
1779
3066
3686
3490
2552
1227
10
-785
-1192
-1450
-1722
-1972
-2075
-1940
-1580
-1076
-566
-168
114
416
878
1434
1789
1626
895
-159
-1194
-1979
-2450
-2617
-2511
-2156
-1568
-769
153
1001
1526
1558
1122
414
-322
-933
-1413
-1851
-2300
-2694
-2897
-2820
-2498
-2033
-1506
-938
-340
236
700
958
940
620
62
-574
-1058
-1211
-969
-426
242
840
1242
1414
1386
1215
957
760
872
1567
3005
5156
7691
9827
10513
9121
6068
2510
-686
-3433
-5853
-7576
-7919
-6658
-4280
-1591
715
2111
2291
1428
215
-573
-635
-204
421
1205
2259
3449
4299
4291
3211
1240
-1183
-3492
-5132
-5724
-5239
-3982
-2372
-702
875
2205
3035
3131
2485
1407
377
-255
-431
-333
-183
-134
-287
-689
-1273
-1820
-2094
-1996
-1587
-954
-121
849
1732
2179
1955
1143
101
-800
-1398
-1703
-1751
-1543
-1123
-609
-128
236
399
283
-110
-650
-1179
-1604
-1874
-1928
-1766
-1541
-1463
-1568
-1665
-1575
-1354
-1188
-1104
-907
-447
132
522
592
497
426
364
183
-97
-318
-375
-332
-258
-127
88
318
495
686
992
1406
1882
2570
3796
5675
7788
9323
9600
8459
6246
3501
686
-1906
-4077
-5626
-6307
-5968
-4727
-3038
-1484
-470
-75
-104
-254
-248
82
737
1596
2506
3356
4010
4249
3834
2668
892
-1163
-3059
-4363
-4802
-4418
-3501
-2341
-1078
203
1374
2291
2848
2940
2469
1526
451
-386
-897
-1238
-1523
-1680
-1607
-1386
-1192
-1090
-949
-612
-61
574
1127
1490
1621
1513
1164
579
-207
-1074
-1811
-2228
-2286
-2119
-1877
-1592
-1199
-688
-188
129
186
38
-219
-536
-920
-1372
-1848
-2252
-2480
-2483
-2303
-2038
-1736
-1364
-867
-296
193
464
524
487
417
284
56
-176
-296
-281
-229
-184
-64
209
561
820
940
1039
1268
1669
2274
3253
4813
6849
8712
9484
8631
6404
3586
862
-1512
-3502
-4978
-5681
-5472
-4477
-3053
-1675
-792
-612
-927
-1215
-1006
-197
940
2060
2978
3672
4093
4077
3457
2218
539
-1298
-2927
-3935
-4022
-3242
-2011
-803
147
818
1176
1100
566
-197
-808
-965
-598
146
968
1516
1528
973
67
-867
-1547
-1810
-1612
-1042
-296
411
926
1159
1038
547
-184
-885
-1308
-1399
-1285
-1120
-965
-817
-706
-705
-827
-977
-1027
-938
-776
-627
-549
-579
-756
-1077
-1489
-1922
-2318
-2612
-2713
-2557
-2145
-1530
-783
-11
629
998
1075
946
707
397
53
-235
-381
-386
-345
-315
-259
-84
234
623
964
1146
1110
905
747
896
1446
2275
3322
4754
6629
8418
9145
8169
5736
2662
-354
-2943
-4832
-5739
-5611
-4740
-3533
-2271
-1168
-516
-539
-1076
-1546
-1359
-394
994
2337
3362
3933
3912
3236
2096
853
-260
-1227
-2017
-2399
-2146
-1384
-596
-245
-434
-906
-1287
-1272
-727
239
1287
2028
2297
2220
2001
1653
1004
-17
-1164
-2004
-2248
-1934
-1317
-661
-125
231
416
474
432
271
-36
-458
-887
-1184
-1251
-1113
-932
-884
-1000
-1137
-1150
-1028
-864
-728
-639
-611
-669
-828
-1092
-1456
-1870
-2206
-2333
-2212
-1916
-1527
-1077
-574
-83
278
419
358
222
174
306
548
695
564
162
-299
-566
-548
-328
-78
107
251
450
743
1039
1222
1291
1383
1637
2147
3037
4443
6232
7778
8205
7044
4640
1881
-490
-2267
-3562
-4392
-4576
-4041
-3052
-2103
-1597
-1650
-2114
-2646
-2786
-2154
-709
1137
2795
3887
4384
4399
3949
3007
1689
294
-875
-1647
-1965
-1847
-1428
-965
-718
-780
-1072
-1418
-1601
-1409
-751
199
1078
1590
1692
1516
1167
674
98
-409
-708
-773
-653
-395
-71
160
114
-251
-767
-1179
-1337
-1268
-1098
-938
-825
-740
-665
-589
-506
-426
-393
-476
-696
-978
-1200
-1328
-1450
-1659
-1926
-2115
-2135
-2007
-1793
-1516
-1191
-880
-638
-425
-142
222
530
620
464
183
-58
-169
-151
-70
-23
-77
-221
-377
-472
-487
-407
-209
127
558
1013
1428
1741
1884
1814
1594
1390
1413
1856
2871
4453
6264
7609
7783
6548
4296
1727
-604
-2432
-3669
-4270
-4257
-3761
-3009
-2284
-1863
-1901
-2268
-2540
-2238
-1163
462
2172
3538
4332
4504
4105
3270
2208
1156
292
-313
-678
-866
-959
-1061
-1270
-1605
-1974
-2218
-2212
-1910
-1316
-463
552
1516
2157
2288
1910
1200
408
-248
-643
-768
-710
-581
-466
-406
-443
-606
-871
-1126
-1234
-1119
-816
-449
-173
-120
-330
-716
-1117
-1418
-1624
-1772
-1822
-1681
-1347
-981
-775
-795
-957
-1136
-1251
-1266
-1183
-1041
-898
-788
-701
-618
-541
-478
-428
-373
-316
-277
-268
-254
-163
44
326
600
813
957
1015
913
600
139
-254
-375
-184
162
474
702
929
1225
1541
1811
2114
2690
3728
5142
6546
7438
7397
6240
4118
1541
-797
-2383
-3125
-3247
-2984
-2492
-1963
-1661
-1729
-2061
-2420
-2583
-2316
-1364
306
2243
3694
4137
3652
2721
1783
1017
457
135
55
104
93
-94
-436
-830
-1181
-1401
-1393
-1083
-500
178
701
855
604
121
-320
-542
-567
-506
-387
-165
111
255
124
-214
-561
-795
-942
-1045
-1077
-991
-820
-685
-702
-873
-1079
-1190
-1186
-1144
-1135
-1155
-1183
-1228
-1276
-1273
-1186
-1068
-1015
-1062
-1168
-1261
-1287
-1232
-1129
-1021
-882
-631
-248
143
368
362
205
14
-159
-321
-476
-597
-624
-501
-209
196
590
843
873
691
393
125
33
190
577
1067
1495
1735
1756
1617
1397
1176
1018
989
1180
1747
2846
4413
5964
6721
6116
4251
1864
-180
-1392
-1793
-1691
-1415
-1193
-1150
-1326
-1700
-2178
-2609
-2790
-2543
-1814
-750
351
1181
1580
1588
1389
1215
1246
1562
2090
2603
2786
2441
1655
765
99
-269
-513
-807
-1128
-1312
-1264
-1089
-1000
-1140
-1462
-1767
-1841
-1595
-1113
-571
-94
271
506
597
575
524
477
356
55
-401
-851
-1131
-1215
-1200
-1201
-1260
-1352
-1438
-1508
-1587
-1702
-1857
-2007
-2060
-1916
-1556
-1081
-653
-359
-170
-11
133
212
160
-40
-317
-536
-600
-556
-539
-608
-690
-705
-661
-591
-456
-224
-4
26
-149
-305
-199
179
625
977
1243
1490
1680
1713
1566
1352
1181
1054
922
802
770
838
895
830
701
760
1297
2404
3837
5060
5511
4942
3614
2133
1016
393
96
-46
-104
-176
-455
-1056
-1858
-2579
-2997
-3024
-2661
-1970
-1138
-419
2
141
157
231
494
1010
1755
2568
3176
3312
2892
2081
1208
581
332
353
368
96
-545
-1374
-2103
-2560
-2747
-2718
-2480
-2048
-1523
-1036
-643
-325
-83
57
150
333
660
963
976
612
62
-401
-657
-766
-818
-873
-997
-1279
-1720
-2170
-2424
-2389
-2120
-1722
-1284
-902
-692
-707
-865
-1004
-1005
-843
-552
-194
138
352
411
335
140
-180
-576
-876
-889
-596
-220
-32
-102
-266
-339
-310
-274
-243
-109
194
568
857
1014
1127
1263
1378
1371
1230
1042
921
919
1010
1125
1202
1229
1231
1222
1200
1246
1580
2391
3525
4424
4508
3693
2481
1511
1048
919
842
683
407
-78
-859
-1820
-2619
-2962
-2833
-2431
-1919
-1353
-816
-486
-461
-614
-677
-470
18
732
1592
2416
2897
2807
2220
1487
965
804
920
1083
1007
483
-464
-1532
-2336
-2664
-2544
-2114
-1536
-1018
-780
-879
-1095
-1132
-903
-558
-239
71
380
528
327
-155
-579
-640
-339
75
328
286
-55
-626
-1299
-1897
-2242
-2240
-1954
-1578
-1337
-1363
-1616
-1909
-2006
-1772
-1248
-590
30
484
680
587
292
-29
-216
-211
-28
307
714
1010
989
600
16
-495
-773
-801
-620
-272
156
511
660
617
542
595
810
1070
1237
1250
1159
1045
938
814
675
601
684
921
1211
1510
1940
2692
3748
4737
5113
4572
3320
1961
1070
806
907
1017
956
670
51
-993
-2257
-3216
-3428
-2936
-2171
-1516
-1061
-781
-717
-907
-1196
-1289
-1003
-379
437
1302
2042
2436
2370
2015
1734
1807
2205
2625
2669
2060
832
-620
-1738
-2193
-2105
-1865
-1777
-1909
-2212
-2641
-3065
-3212
-2842
-1997
-993
-137
468
843
975
833
519
290
342
636
912
911
539
-116
-872
-1533
-1959
-2101
-2033
-1902
-1855
-1969
-2215
-2459
-2517
-2272
-1764
-1162
-639
-286
-108
-66
-67
14
257
628
1004
1261
1337
1233
991
673
339
46
-139
-154
-8
183
259
149
-66
-218
-186
15
273
487
652
815
999
1164
1274
1341
1403
1483
1583
1694
1777
1763
1649
1617
1961
2826
3925
4615
4336
3114
1593
527
199
343
552
641
588
289
-399
-1373
-2197
-2461
-2162
-1660
-1280
-1080
-992
-1039
-1259
-1525
-1571
-1235
-594
165
905
1520
1862
1832
1565
1408
1620
2124
2560
2592
2113
1241
200
-744
-1347
-1514
-1387
-1262
-1381
-1794
-2348
-2796
-2908
-2617
-2067
-1501
-1056
-710
-439
-312
-367
-449
-314
120
657
1012
1028
736
255
-278
-730
-994
-1054
-1001
-982
-1122
-1457
-1919
-2338
-2516
-2355
-1940
-1471
-1104
-844
-630
-442
-304
-188
5
344
783
1167
1335
1211
870
536
452
674
1010
1184
1056
679
173
-336
-687
-689
-268
392
938
1105
899
542
278
251
469
841
1219
1473
1551
1486
1343
1179
1049
1053
1369
2155
3326
4397
4697
3910
2453
1204
784
1082
1524
1668
1450
924
18
-1257
-2513
-3130
-2835
-2018
-1406
-1426
-1950
-2534
-2818
-2651
-2060
-1190
-253
566
1181
1563
1667
1499
1249
1241
1709
2565
3434
3840
3435
2184
490
-935
-1520
-1307
-896
-881
-1355
-2012
-2594
-3059
-3376
-3345
-2805
-1918
-1133
-800
-884
-1070
-1082
-860
-473
5
521
970
1212
1146
791
275
-185
-387
-271
-9
94
-163
-731
-1390
-1939
-2276
-2369
-2220
-1911
-1611
-1466
-1470
-1485
-1368
-1092
-726
-349
9
367
740
1093
1328
1365
1233
1069
993
1014
1047
1017
905
732
532
348
206
80
-65
-206
-251
-146
40
167
187
199
336
588
819
928
978
1102
1310
1448
1403
1345
1658
2571
3795
4606
4412
3308
2054
1418
1519
1838
1832
1445
957
487
-162
-1105
-2024
-2419
-2164
-1671
-1461
-1704
-2185
-2596
-2710
-2437
-1848
-1169
-616
-193
254
780
1224
1434
1513
1772
2390
3189
3719
3596
2771
1591
578
89
46
32
-325
-1037
-1834
-2493
-2984
-3314
-3348
-2956
-2277
-1718
-1591
-1816
-2009
-1865
-1360
-665
47
674
1134
1357
1326
1095
768
484
365
440
555
467
49
-587
-1209
-1661
-1940
-2112
-2218
-2273
-2278
-2222
-2093
-1923
-1762
-1584
-1256
-691
-20
468
615
553
547
714
958
1143
1238
1293
1328
1303
1174
946
677
460
365
381
392
278
42
-171
-213
-104
3
-5
-49
46
346
711
940
970
914
907
980
1128
1465
2192
3311
4394
4774
4127
2854
1813
1570
1940
2280
2178
1735
1211
596
-299
-1386
-2209
-2384
-2043
-1703
-1756
-2177
-2701
-3074
-3143
-2813
-2136
-1357
-746
-339
45
521
973
1254
1450
1823
2515
3345
3918
3870
3110
1928
902
497
653
779
315
-718
-1783
-2439
-2736
-2965
-3167
-3082
-2607
-2061
-1884
-2129
-2406
-2293
-1719
-919
-165
382
654
666
559
519
606
696
676
598
588
600
431
-32
-643
-1158
-1476
-1676
-1851
-2001
-2098
-2150
-2177
-2172
-2110
-1956
-1665
-1207
-644
-147
130
214
294
524
858
1131
1265
1332
1421
1485
1392
1105
776
623
725
942
1038
872
488
57
-239
-311
-199
-23
98
136
128
108
73
56
145
402
744
999
1115
1306
1892
2921
3971
4400
3913
2889
2112
2072
2528
2782
2423
1692
1085
711
240
-539
-1348
-1735
-1645
-1474
-1626
-2132
-2721
-3088
-3061
-2640
-2025
-1520
-1291
-1177
-873
-296
310
708
1000
1505
2338
3188
3584
3296
2512
1672
1186
1163
1323
1180
465
-605
-1521
-1985
-2137
-2269
-2435
-2473
-2347
-2281
-2482
-2839
-3011
-2775
-2214
-1580
-1045
-637
-320
-76
105
240
363
513
716
934
1053
948
602
142
-248
-466
-568
-711
-1020
-1474
-1926
-2221
-2298
-2201
-2027
-1850
-1668
-1417
-1071
-715
-473
-339
-156
190
611
902
992
1014
1134
1354
1547
1630
1640
1647
1628
1487
1177
782
455
293
278
310
287
157
-58
-265
-384
-397
-342
-233
-61
153
321
376
371
504
1020
2025
3295
4264
4366
3562
2519
2082
2488
3143
3290
2775
2060
1532
1059
315
-617
-1260
-1326
-1100
-1134
-1662
-2463
-3163
-3534
-3501
-3107
-2558
-2155
-2008
-1897
-1526
-920
-376
-22
422
1290
2451
3321
3412
2821
2099
1745
1813
1994
1926
1472
743
-62
-843
-1590
-2237
-2595
-2539
-2235
-2070
-2283
-2715
-2983
-2878
-2528
-2175
-1914
-1667
-1357
-999
-656
-369
-138
69
321
655
1003
1200
1131
843
521
295
139
-72
-384
-714
-961
-1150
-1394
-1724
-2014
-2105
-1968
-1711
-1463
-1278
-1152
-1053
-926
-695
-334
79
424
647
792
927
1077
1231
1383
1524
1633
1684
1668
1573
1369
1070
778
629
647
695
599
338
61
-67
-41
9
-11
-47
1
131
228
220
175
275
719
1605
2774
3737
3930
3242
2285
1922
2434
3214
3414
2815
1955
1392
1070
538
-320
-1054
-1206
-926
-818
-1261
-2057
-2730
-3028
-2993
-2756
-2425
-2126
-1960
-1892
-1772
-1523
-1212
-851
-257
739
1926
2734
2712
2000
1241
1045
1472
2034
2135
1601
782
153
-186
-520
-1054
-1582
-1766
-1643
-1643
-2063
-2680
-3042
-2994
-2786
-2674
-2616
-2421
-2043
-1601
-1203
-871
-608
-397
-139
272
765
1075
1026
744
527
498
514
396
136
-172
-489
-835
-1176
-1432
-1563
-1600
-1590
-1566
-1561
-1568
-1487
-1200
-763
-422
-381
-545
-578
-256
293
738
910
957
1126
1460
1753
1792
1596
1379
1304
1321
1269
1100
940
912
963
919
688
369
132
51
61
75
61
41
29
33
93
324
873
1758
2697
3177
2871
2059
1512
1787
2632
3213
3000
2289
1769
1682
1620
1131
330
-273
-415
-368
-578
-1181
-1958
-2602
-2926
-2884
-2600
-2355
-2370
-2526
-2469
-2052
-1536
-1211
-949
-362
618
1524
1848
1615
1338
1433
1822
2091
1973
1562
1136
836
585
238
-225
-678
-997
-1209
-1464
-1864
-2332
-2675
-2772
-2684
-2587
-2585
-2609
-2491
-2155
-1719
-1386
-1223
-1088
-787
-290
233
579
675
624
582
629
705
699
561
345
128
-58
-233
-409
-590
-778
-972
-1153
-1297
-1390
-1418
-1366
-1235
-1064
-906
-801
-740
-663
-485
-171
202
488
632
738
946
1245
1463
1464
1307
1186
1218
1346
1421
1370
1234
1078
909
699
459
241
97
48
104
227
320
272
78
-142
-243
-132
264
1007
1992
2830
3040
2509
1709
1357
1751
2504
2934
2732
2172
1695
1403
1065
527
-22
-295
-284
-295
-603
-1177
-1781
-2221
-2452
-2497
-2410
-2298
-2263
-2268
-2164
-1886
-1557
-1284
-938
-269
706
1573
1864
1545
1078
977
1347
1814
1928
1568
1005
573
340
100
-302
-748
-991
-1007
-1053
-1370
-1897
-2373
-2634
-2719
-2722
-2653
-2475
-2199
-1898
-1643
-1463
-1334
-1182
-901
-448
85
505
669
618
521
506
545
535
423
245
54
-120
-254
-330
-384
-500
-710
-946
-1099
-1132
-1097
-1079
-1129
-1229
-1273
-1138
-819
-480
-306
-285
-208
85
514
847
972
1005
1115
1316
1478
1512
1474
1465
1490
1455
1297
1062
853
720
642
582
531
478
387
244
105
43
53
47
-12
-40
98
446
931
1444
1881
2108
2025
1739
1595
1867
2398
2691
2430
1824
1342
1168
1066
775
342
2
-182
-376
-719
-1152
-1537
-1835
-2064
-2191
-2172
-2083
-2053
-2046
-1842
-1352
-836
-639
-731
-681
-163
635
1212
1290
1044
844
884
1087
1232
1148
820
417
145
55
-25
-285
-708
-1094
-1315
-1462
-1696
-2012
-2244
-2289
-2227
-2201
-2233
-2212
-2037
-1711
-1321
-963
-694
-509
-341
-119
142
345
411
373
336
365
427
460
424
326
183
18
-150
-305
-437
-554
-677
-831
-1008
-1158
-1211
-1138
-984
-845
-774
-720
-573
-298
-2
166
191
211
359
618
876
1069
1225
1379
1491
1492
1361
1161
986
893
871
857
802
712
631
570
490
359
225
158
150
119
37
-6
91
301
509
678
902
1265
1684
1946
1913
1675
1487
1554
1842
2101
2074
1729
1277
959
813
679
415
64
-232
-422
-605
-890
-1264
-1606
-1803
-1841
-1787
-1725
-1682
-1603
-1399
-1074
-762
-608
-569
-414
19
583
925
853
551
372
466
681
793
733
572
381
169
-66
-329
-626
-937
-1194
-1343
-1433
-1581
-1822
-2040
-2103
-2017
-1900
-1819
-1715
-1511
-1239
-999
-841
-719
-560
-336
-71
185
381
490
537
566
589
560
446
287
179
160
165
88
-103
-344
-546
-671
-728
-728
-675
-598
-555
-580
-646
-676
-617
-472
-282
-81
108
272
417
579
780
970
1054
1013
969
1074
1307
1455
1350
1089
932
993
1105
1042
799
570
500
541
559
507
425
355
303
282
304
337
324
280
329
587
1017
1432
1653
1635
1476
1334
1335
1497
1687
1706
1479
1143
904
801
696
479
219
37
-82
-271
-583
-920
-1173
-1349
-1499
-1580
-1504
-1279
-1048
-935
-938
-974
-972
-875
-628
-260
73
212
180
157
246
347
325
212
157
195
190
19
-267
-537
-749
-941
-1112
-1221
-1286
-1383
-1517
-1578
-1501
-1381
-1354
-1392
-1323
-1075
-797
-675
-701
-696
-528
-247
1
114
88
-1
-33
72
262
361
256
31
-114
-91
-8
-10
-109
-216
-288
-365
-459
-516
-490
-426
-407
-434
-424
-312
-137
9
86
142
240
372
484
555
623
726
839
912
940
976
1067
1182
1234
1172
1041
946
944
991
994
912
784
673
597
536
477
423
369
314
273
285
367
501
668
897
1218
1576
1801
1753
1502
1325
1454
1808
2047
1909
1485
1097
928
840
595
162
-260
-504
-602
-687
-826
-1014
-1259
-1555
-1798
-1833
-1621
-1315
-1102
-1029
-1010
-964
-869
-709
-467
-193
-2
60
78
142
209
168
39
-19
84
220
198
2
-224
-390
-553
-780
-1005
-1127
-1152
-1168
-1197
-1192
-1161
-1201
-1328
-1394
-1247
-940
-693
-623
-636
-586
-461
-340
-235
-98
66
170
177
166
219
297
288
157
-5
-90
-76
-16
15
-38
-185
-350
-415
-341
-229
-208
-268
-269
-129
52
102
-13
-143
-107
122
407
578
582
507
499
636
856
1008
1003
907
875
976
1108
1102
915
689
605
696
817
805
661
525
520
617
686
626
462
313
294
422
595
683
648
593
680
976
1377
1669
1681
1433
1141
1061
1254
1516
1557
1287
890
624
549
504
321
12
-272
-425
-493
-582
-744
-953
-1158
-1302
-1319
-1188
-1006
-926
-991
-1065
-991
-796
-658
-680
-760
-724
-537
-320
-195
-170
-188
-198
-168
-81
22
43
-77
-260
-366
-355
-343
-453
-677
-896
-1019
-1046
-1024
-992
-987
-1027
-1082
-1076
-976
-854
-800
-806
-769
-628
-446
-333
-316
-322
-272
-159
-32
59
89
68
40
61
139
213
207
116
13
-39
-42
-29
-10
12
-3
-91
-202
-209
-50
177
296
244
134
116
228
382
485
508
477
442
471
612
833
1004
1015
908
836
885
963
934
803
721
787
917
961
871
739
654
613
561
489
431
417
434
449
452
470
557
751
1024
1258
1320
1186
1000
956
1099
1259
1234
1007
752
626
608
562
420
233
71
-68
-218
-375
-516
-651
-809
-959
-1028
-1003
-995
-1115
-1316
-1413
-1296
-1069
-932
-941
-958
-830
-573
-343
-257
-294
-333
-280
-127
34
81
-42
-258
-415
-428
-364
-355
-452
-588
-676
-706
-723
-754
-792
-831
-870
-887
-850
-782
-751
-788
-830
-786
-655
-540
-520
-559
-561
-481
-363
-260
-180
-105
-31
31
89
161
242
299
311
285
244
195
138
79
35
18
32
77
129
142
90
8
-16
68
220
341
368
325
282
297
377
488
579
623
644
706
827
942
962
883
806
828
924
988
963
903
893
916
873
708
489
333
287
301
311
304
295
291
303
374
546
785
976
1011
896
759
740
867
1028
1081
981
814
695
655
616
494
286
56
-143
-307
-450
-569
-664
-759
-876
-999
-1078
-1100
-1100
-1120
-1148
-1141
-1085
-1017
-969
-921
-830
-686
-540
-451
-439
-460
-452
-382
-285
-228
-256
-339
-414
-449
-471
-519
-592
-654
-687
-704
-718
-722
-715
-720
-752
-793
-814
-813
-802
-781
-730
-655
-584
-532
-482
-416
-351
-305
-262
-190
-93
-19
12
42
117
215
270
249
193
162
172
199
211
197
161
108
36
-48
-114
-124
-63
36
120
154
142
109
84
98
183
342
515
609
587
521
531
652
797
852
812
767
776
796
758
667
590
560
537
483
425
403
401
360
275
221
262
375
478
528
559
628
756
933
1122
1251
1240
1089
933
932
1090
1228
1170
949
758
723
759
698
482
197
-51
-231
-356
-451
-565
-761
-1037
-1289
-1414
-1430
-1440
-1486
-1508
-1453
-1376
-1359
-1377
-1318
-1128
-890
-716
-622
-538
-427
-324
-257
-196
-110
-38
-49
-143
-236
-268
-262
-291
-379
-498
-615
-722
-803
-835
-827
-834
-892
-960
-966
-899
-823
-781
-748
-676
-578
-496
-435
-358
-258
-180
-156
-146
-90
9
93
131
161
223
286
284
201
106
76
113
149
117
23
-66
-86
-31
41
69
40
-8
-33
-10
58
162
265
317
300
272
320
467
635
734
755
758
783
812
825
834
860
888
891
867
845
829
784
690
574
482
427
384
340
306
296
307
327
349
364
370
389
470
637
835
958
956
886
857
905
960
946
864
779
721
653
522
330
112
-101
-300
-471
-601
-706
-827
-983
-1138
-1238
-1271
-1284
-1327
-1396
-1432
-1385
-1266
-1131
-1024
-951
-884
-793
-661
-503
-366
-294
-284
-276
-223
-147
-114
-153
-223
-265
-269
-270
-302
-363
-430
-488
-537
-574
-595
-608
-627
-655
-666
-638
-581
-533
-520
-529
-525
-491
-432
-367
-313
-281
-273
-278
-267
-220
-139
-52
10
38
52
85
148
222
273
277
244
203
177
171
181
209
258
305
309
248
160
121
167
257
315
305
263
248
282
337
373
377
380
421
513
625
703
709
657
595
571
586
599
567
493
421
389
385
363
298
217
173
188
236
280
314
358
425
503
567
614
660
722
805
896
971
1006
989
937
887
857
827
765
664
551
446
332
185
13
-148
-280
-406
-556
-724
-875
-993
-1087
-1168
-1227
-1257
-1271
-1288
-1301
-1279
-1207
-1115
-1041
-989
-925
-821
-681
-533
-403
-298
-219
-168
-143
-131
-121
-107
-91
-75
-69
-83
-123
-180
-240
-297
-355
-406
-437
-444
-456
-501
-570
-617
-617
-595
-599
-634
-655
-622
-546
-469
-415
-371
-313
-235
-139
-33
72
155
202
230
276
358
454
519
512
433
326
263
288
369
413
354
222
127
145
230
265
189
66
10
66
174
255
280
271
260
269
317
404
495
543
542
541
576
621
620
568
519
513
525
509
469
449
467
485
464
425
420
464
516
536
533
545
585
635
680
730
802
882
938
951
927
882
827
774
730
682
599
463
298
150
38
-70
-216
-400
-585
-736
-851
-948
-1042
-1131
-1211
-1285
-1349
-1382
-1369
-1318
-1256
-1197
-1123
-1009
-862
-716
-600
-510
-418
-305
-180
-72
1
48
88
112
98
44
-7
-21
-13
-36
-117
-230
-321
-371
-399
-433
-480
-529
-562
-571
-559
-539
-524
-510
-485
-442
-390
-335
-275
-201
-121
-52
-1
46
101
155
190
205
219
246
275
284
268
248
242
247
238
207
173
172
218
282
308
269
195
154
190
278
354
378
373
388
435
484
504
505
519
550
567
546
497
452
425
401
366
321
276
239
213
200
201
212
221
224
229
248
280
321
370
432
505
581
648
706
762
820
876
929
980
1022
1038
1011
948
874
808
739
645
516
372
231
93
-62
-241
-422
-576
-695
-795
-890
-982
-1069
-1145
-1201
-1226
-1224
-1211
-1192
-1149
-1063
-952
-856
-790
-724
-627
-513
-426
-379
-335
-255
-151
-73
-49
-54
-53
-39
-37
-63
-107
-147
-178
-213
-266
-334
-398
-442
-464
-477
-493
-510
-514
-497
-468
-444
-425
-396
-342
-271
-205
-151
-101
-48
1
48
101
167
228
260
258
247
251
271
283
266
224
185
171
181
191
182
164
159
170
179
166
138
122
139
188
250
305
347
373
386
394
410
440
469
478
465
455
468
493
496
461
413
389
396
409
404
383
367
361
356
342
331
338
369
414
461
513
577
651
718
766
802
848
916
989
1027
1010
959
909
869
813
716
585
446
314
178
26
-142
-312
-474
-620
-751
-876
-1001
-1124
-1224
-1284
-1301
-1294
-1282
-1265
-1233
-1177
-1101
-1010
-906
-790
-669
-552
-447
-353
-271
-198
-128
-59
-2
32
39
33
29
26
10
-25
-70
-114
-159
-219
-301
-390
-461
-499
-516
-528
-541
-552
-560
-567
-561
-518
-436
-346
-281
-240
-197
-142
-83
-31
26
98
174
228
250
264
293
327
336
313
287
284
288
262
204
155
147
165
167
140
110
105
129
166
199
221
232
239
254
286
328
369
399
419
431
437
433
423
415
414
412
395
356
305
265
252
257
256
235
198
168
157
169
196
231
272
323
386
461
540
617
683
742
800
860
922
976
1013
1021
996
941
871
798
721
629
510
364
201
32
-133
-292
-447
-599
-749
-892
-1016
-1111
-1177
-1227
-1272
-1300
-1292
-1243
-1174
-1106
-1040
-963
-872
-773
-672
-569
-466
-366
-270
-176
-96
-50
-44
-52
-39
1
33
20
-35
-100
-151
-193
-243
-308
-374
-428
-469
-507
-548
-583
-598
-589
-571
-559
-542
-496
-414
-318
-246
-212
-195
-167
-115
-45
27
90
135
161
174
187
199
199
177
147
134
149
172
177
153
121
105
113
131
142
145
153
175
206
232
248
255
260
267
280
305
339
369
385
386
382
380
379
375
368
360
346
317
273
231
213
219
227
213
183
165
179
215
244
253
260
287
341
411
481
543
599
652
706
760
811
857
894
911
904
879
851
822
778
701
588
457
324
189
43
-113
-264
-401
-526
-651
-779
-902
-1010
-1098
-1161
-1202
-1226
-1242
-1245
-1224
-1170
-1092
-1016
-950
-880
-783
-662
-536
-424
-324
-233
-151
-86
-38
-1
29
49
57
48
14
-48
-128
-205
-271
-330
-387
-438
-475
-499
-518
-538
-552
-557
-556
-550
-533
-499
-452
-401
-349
-293
-232
-173
-122
-74
-19
42
98
136
160
185
216
240
240
215
185
171
175
183
187
189
191
188
175
152
127
111
111
130
158
177
174
158
153
174
213
247
265
277
295
319
335
336
325
316
315
317
314
303
286
272
268
275
288
298
305
319
344
377
406
429
453
486
527
566
601
638
682
725
756
770
775
780
789
799
802
790
749
678
587
493
401
299
176
40
-92
-208
-316
-434
-565
-694
-805
-890
-960
-1024
-1081
-1120
-1131
-1114
-1076
-1026
-972
-922
-876
-827
-760
-661
-534
-405
-309
-259
-234
-200
-145
-89
-58
-52
-53
-45
-37
-46
-77
-123
-171
-218
-264
-315
-370
-428
-476
-509
-529
-546
-564
-576
-570
-543
-507
-478
-458
-431
-378
-305
-236
-187
-146
-95
-30
35
93
143
187
220
241
258
282
315
342
346
322
283
246
217
190
165
152
158
170
170
150
123
103
99
108
120
131
141
157
182
211
234
249
261
275
295
320
348
375
397
415
426
425
409
387
370
365
370
378
386
395
408
427
452
479
506
534
571
621
677
723
750
762
774
792
805
805
793
775
750
712
653
576
483
380
272
161
46
-79
-212
-339
-451
-559
-675
-793
-890
-955
-995
-1029
-1063
-1085
-1085
-1062
-1027
-980
-919
-839
-749
-659
-571
-478
-380
-291
-225
-175
-124
-61
-4
29
35
31
24
11
-19
-62
-111
-162
-218
-278
-334
-381
-427
-477
-530
-577
-605
-610
-599
-582
-563
-534
-488
-431
-377
-333
-294
-246
-180
-101
-19
51
104
149
196
249
298
331
343
345
346
346
337
311
272
235
208
187
163
139
125
130
145
150
134
109
96
101
115
126
135
154
186
222
250
271
295
330
367
390
398
407
429
457
469
458
440
434
443
452
451
447
448
449
442
428
425
442
468
491
512
539
576
612
643
677
719
757
774
772
764
756
734
685
617
546
478
404
315
218
115
3
-122
-254
-379
-492
-599
-704
-797
-869
-923
-970
-1015
-1050
-1061
-1044
-1008
-962
-902
-823
-732
-644
-566
-485
-392
-295
-211
-149
-104
-63
-22
13
34
33
7
-37
-87
-132
-174
-219
-271
-328
-389
-453
-518
-577
-625
-661
-685
-693
-685
-662
-626
-579
-524
-468
-411
-346
-267
-179
-96
-23
47
117
178
220
248
277
313
343
358
362
365
368
358
325
280
242
219
195
154
99
60
59
84
99
80
46
36
64
114
161
198
232
268
303
330
352
373
397
419
437
446
443
428
404
383
373
369
357
337
317
308
307
302
290
281
286
308
342
380
412
437
461
494
534
576
610
643
689
747
799
817
799
763
730
702
664
607
533
449
354
238
104
-30
-148
-249
-343
-436
-523
-599
-666
-724
-771
-805
-831
-858
-880
-879
-840
-772
-701
-643
-591
-535
-475
-418
-367
-317
-264
-211
-161
-121
-95
-90
-103
-124
-144
-164
-188
-219
-257
-302
-358
-425
-494
-550
-588
-612
-632
-653
-667
-667
-651
-622
-588
-552
-512
-461
-394
-318
-245
-183
-129
-73
-16
39
88
137
191
244
283
302
305
299
285
260
229
200
177
156
130
95
56
22
-5
-30
-54
-74
-82
-70
-46
-17
7
22
32
45
70
109
157
206
254
301
347
390
426
453
466
465
458
454
458
466
469
465
455
447
446
448
447
442
435
429
424
418
417
427
450
479
502
518
534
553
566
562
542
524
525
540
548
536
506
464
413
347
267
182
100
27
-37
-99
-161
-228
-301
-382
-466
-539
-591
-621
-646
-674
-696
-699
-688
-678
-677
-669
-640
-591
-541
-505
-480
-450
-408
-358
-313
-278
-246
-214
-189
-182
-197
-225
-253
-274
-293
-321
-361
-409
-451
-486
-521
-565
-616
-663
-699
-716
-706
-670
-619
-567
-517
-465
-404
-336
-267
-199
-134
-75
-24
22
68
116
159
185
194
191
186
182
178
175
177
179
166
126
69
20
-8
-21
-37
-57
-65
-51
-24
-2
11
24
49
93
149
205
250
285
318
354
388
411
423
432
444
454
456
446
428
403
376
351
332
327
332
338
334
317
300
296
305
319
330
338
350
375
406
434
451
460
472
489
507
516
518
517
515
508
494
479
464
447
419
379
334
292
249
195
127
50
-28
-101
-165
-219
-265
-309
-359
-414
-464
-500
-520
-533
-549
-568
-580
-577
-559
-533
-506
-481
-459
-442
-429
-412
-388
-362
-343
-336
-332
-323
-310
-301
-303
-315
-332
-349
-365
-380
-390
-396
-402
-414
-431
-444
-445
-437
-430
-428
-422
-403
-375
-346
-317
-287
-254
-222
-191
-155
-115
-74
-38
-11
6
16
25
39
56
70
74
68
60
50
41
34
38
51
59
47
17
-12
-25
-26
-22
-13
10
44
69
75
75
93
134
176
200
212
230
262
295
312
318
325
338
345
339
325
318
321
329
336
339
337
324
302
278
266
264
263
259
257
265
284
304
323
342
365
393
423
449
472
493
512
528
540
545
544
538
525
501
463
416
367
322
282
240
193
139
83
28
-17
-52
-84
-129
-192
-260
-311
-338
-354
-371
-387
-394
-394
-396
-403
-403
-383
-349
-320
-306
-304
-300
-289
-274
-257
-238
-224
-221
-234
-256
-275
-283
-287
-295
-308
-321
-335
-356
-385
-413
-426
-423
-421
-435
-458
-468
-451
-417
-385
-364
-349
-332
-315
-304
-297
-283
-253
-208
-160
-121
-93
-73
-53
-29
-1
29
51
60
55
49
44
37
22
6
-4
-7
-14
-32
-53
-59
-40
-3
32
53
61
67
79
99
122
146
172
197
214
220
219
221
236
260
281
290
285
272
258
250
251
258
260
254
243
234
229
220
207
196
203
233
273
303
320
333
355
382
406
421
434
451
465
472
476
488
508
526
531
527
524
522
510
484
452
429
410
379
329
270
216
165
108
44
-16
-63
-101
-134
-162
-185
-203
-225
-254
-283
-303
-311
-316
-326
-342
-352
-349
-337
-324
-310
-290
-262
-239
-235
-248
-266
-277
-284
-295
-315
-334
-340
-338
-341
-359
-386
-410
-422
-429
-438
-446
-443
-428
-408
-389
-371
-345
-312
-282
-263
-251
-237
-218
-200
-189
-180
-167
-146
-124
-109
-104
-106
-110
-112
-113
-116
-116
-110
-96
-80
-72
-74
-79
-79
-73
-63
-50
-34
-13
11
33
54
75
97
119
141
160
170
170
166
167
173
181
189
200
218
237
247
245
233
216
198
181
171
171
174
175
171
169
169
166
160
156
162
176
187
194
204
224
253
285
316
345
368
380
381
380
389
409
431
443
443
435
422
409
398
389
377
358
332
306
284
259
223
179
139
106
74
38
2
-29
-60
-95
-131
-151
-153
-150
-158
-177
-194
-205
-218
-237
-257
-265
-267
-271
-281
-287
-283
-272
-264
-261
-255
-245
-237
-237
-245
-255
-263
-272
-286
-299
-305
-302
-296
-292
-289
-282
-277
-285
-308
-334
-345
-337
-326
-327
-336
-339
-325
-299
-277
-265
-256
-246
-234
-223
-212
-197
-177
-155
-136
-120
-106
-93
-82
-75
-66
-51
-32
-15
-7
-9
-19
-30
-35
-35
-32
-28
-18
1
23
42
57
67
73
73
74
87
111
140
161
173
185
201
214
216
209
203
206
213
216
210
199
191
190
192
193
189
185
181
180
179
182
192
210
231
250
264
272
279
289
303
313
316
313
313
322
340
361
375
379
374
362
346
330
319
310
300
283
258
224
189
154
117
77
37
8
-4
-6
-12
-33
-61
-85
-99
-114
-138
-164
-181
-183
-184
-194
-207
-211
-204
-200
-209
-226
-237
-242
-250
-266
-283
-294
-299
-303
-305
-304
-299
-297
-298
-302
-306
-309
-313
-311
-298
-276
-257
-251
-257
-262
-257
-246
-235
-224
-208
-186
-163
-147
-141
-143
-152
-168
-186
-201
-208
-204
-194
-182
-175
-172
-173
-169
-155
-133
-117
-114
-121
-123
-114
-97
-82
-77
-78
-82
-85
-80
-61
-29
1
19
23
23
30
43
57
71
86
102
120
141
166
193
215
224
218
206
195
191
193
197
198
196
192
191
198
211
224
232
237
244
254
261
259
248
236
229
222
210
198
196
212
239
260
263
253
246
254
278
306
321
313
289
260
241
239
251
270
283
281
262
225
177
130
98
82
70
46
13
-14
-24
-24
-32
-59
-97
-131
-154
-165
-166
-160
-149
-143
-149
-169
-190
-205
-209
-209
-209
-211
-210
-204
-192
-181
-178
-182
-190
-197
-201
-202
-203
-205
-209
-216
-220
-221
-220
-221
-223
-223
-220
-217
-217
-218
-214
-204
-194
-193
-199
-204
-201
-188
-175
-167
-163
-156
-139
-111
-79
-56
-50
-61
-80
-93
-94
-88
-82
-76
-64
-43
-17
5
17
17
12
9
15
27
36
39
37
33
26
14
5
8
27
52
69
73
72
76
87
100
110
118
127
142
160
173
176
169
158
152
156
163
166
164
163
166
165
151
126
104
98
106
115
119
123
136
160
184
195
192
182
177
180
186
186
183
183
186
185
176
164
163
176
195
201
191
172
158
155
152
142
124
106
94
87
75
55
32
14
0
-22
-54
-82
-90
-74
-53
-46
-58
-78
-93
-100
-102
-101
-97
-95
-99
-111
-124
-126
-121
-120
-137
-165
-184
-181
-160
-139
-131
-135
-144
-152
-162
-176
-187
-189
-182
-178
-186
-198
-199
-185
-168
-160
-160
-158
-150
-141
-138
-140
-142
-139
-135
-133
-131
-128
-127
-127
-121
-102
-72
-44
-32
-34
-38
-37
-38
-48
-66
-77
-72
-50
-21
6
23
27
22
18
21
27
31
28
23
23
29
37
46
54
63
71
77
83
89
95
98
97
92
87
85
90
104
122
139
150
155
158
164
170
174
172
161
145
130
124
130
143
155
162
167
172
177
179
180
180
177
168
155
145
139
131
114
90
73
69
74
82
88
94
98
90
68
41
23
19
21
18
9
0
-7
-15
-27
-38
-43
-38
-31
-30
-35
-42
-49
-58
-69
-79
-85
-87
-89
-90
-87
-77
-69
-69
-81
-97
-114
-128
-138
-141
-137
-133
-136
-146
-151
-141
-122
-105
-100
-104
-109
-113
-116
-116
-107
-89
-69
-63
-72
-89
-97
-92
-84
-85
-95
-107
-111
-107
-101
-91
-77
-60
-49
-49
-55
-61
-64
-67
-69
-64
-51
-37
-33
-37
-40
-34
-22
-13
-10
-10
-9
-9
-12
-19
-22
-18
-7
0
0
-4
-9
-14
-21
-28
-31
-24
-10
6
20
30
36
35
31
26
21
20
24
33
46
59
69
76
83
86
83
75
72
81
101
116
120
116
117
126
134
134
126
115
108
105
104
104
105
109
116
125
131
130
123
118
121
134
151
160
155
135
105
