4
6
9
11
7
-2
-9
-9
-4
2
6
8
9
9
7
2
-5
-11
-13
-11
-9
-8
-8
-7
-2
1
-1
-7
-12
-13
-13
-16
-24
-30
-31
-27
-23
-22
-20
-14
-5
3
9
11
10
7
5
4
5
7
7
5
3
2
1
1
2
2
1
-2
-7
-8
-7
-7
-10
-12
-8
1
9
13
12
11
12
13
15
18
25
33
37
33
26
20
15
10
2
-4
-5
0
5
6
2
-2
-5
-7
-9
-13
-14
-10
-5
-3
-5
-10
-15
-19
-23
-26
-25
-21
-15
-10
-8
-8
-10
-15
-22
-28
-31
-32
-32
-32
-34
-36
-37
-37
-36
-35
-33
-30
-26
-23
-26
-33
-39
-38
-31
-24
-18
-12
-1
16
32
43
46
46
43
39
38
43
55
71
81
83
78
76
77
76
70
59
51
51
57
62
62
57
47
34
21
9
-1
-8
-14
-19
-23
-27
-26
-23
-20
-17
-15
-13
-11
-12
-16
-21
-26
-29
-31
-32
-37
-47
-61
-76
-90
-99
-106
-115
-130
-151
-170
-180
-183
-178
-168
-154
-138
-121
-103
-83
-64
-49
-37
-27
-16
-4
9
22
35
51
70
91
109
123
132
139
146
154
162
175
191
208
223
235
247
254
252
240
218
194
167
136
102
70
45
27
9
-11
-27
-35
-40
-48
-60
-71
-78
-80
-82
-81
-75
-66
-59
-57
-58
-57
-57
-61
-72
-85
-100
-115
-132
-148
-166
-190
-225
-263
-289
-293
-276
-246
-216
-190
-168
-149
-132
-116
-101
-88
-81
-74
-62
-41
-14
12
34
51
62
65
65
69
82
100
117
130
142
158
187
244
340
460
566
614
586
494
366
228
96
-22
-122
-200
-247
-259
-240
-203
-170
-160
-180
-215
-235
-221
-172
-94
6
116
219
296
342
355
331
265
166
64
-13
-50
-52
-31
1
31
45
29
-20
-90
-158
-211
-243
-256
-245
-202
-134
-60
-7
9
-9
-44
-75
-93
-94
-87
-77
-65
-54
-50
-63
-101
-158
-223
-281
-324
-348
-348
-320
-266
-198
-134
-92
-73
-65
-56
-48
-46
-46
-26
31
120
217
317
442
613
803
929
915
750
498
245
41
-115
-238
-333
-389
-396
-352
-270
-181
-127
-137
-195
-241
-216
-106
55
219
361
475
551
573
537
451
329
177
10
-133
-212
-216
-181
-152
-158
-193
-233
-256
-248
-207
-144
-79
-19
42
112
182
223
211
144
49
-45
-118
-166
-190
-193
-180
-156
-130
-113
-113
-132
-165
-203
-234
-247
-239
-213
-183
-159
-142
-127
-112
-98
-85
-76
-69
-61
-51
-43
-40
-38
-28
-5
27
55
76
108
196
378
642
897
1018
940
709
435
201
14
-157
-325
-460
-523
-492
-378
-227
-111
-90
-161
-252
-271
-180
-14
167
328
456
539
563
536
475
380
228
22
-184
-319
-350
-298
-214
-140
-97
-80
-73
-64
-60
-62
-54
-5
87
186
249
257
215
129
2
-149
-281
-349
-347
-300
-241
-181
-119
-66
-49
-82
-151
-222
-263
-265
-239
-205
-179
-161
-142
-120
-104
-116
-159
-206
-228
-217
-190
-164
-135
-93
-38
17
60
87
117
197
393
723
1104
1370
1381
1139
772
413
106
-177
-441
-639
-720
-684
-570
-415
-248
-120
-87
-152
-229
-206
-42
197
418
576
687
762
776
698
518
255
-54
-348
-549
-607
-535
-397
-260
-160
-107
-87
-75
-42
18
92
164
233
296
343
353
305
189
7
-210
-409
-532
-553
-490
-382
-264
-161
-86
-44
-34
-59
-124
-214
-293
-325
-308
-267
-227
-196
-175
-165
-171
-191
-220
-247
-259
-249
-221
-186
-161
-147
-119
-51
58
169
262
394
675
1126
1586
1783
1574
1071
537
137
-165
-478
-805
-1038
-1081
-937
-674
-374
-122
-2
-38
-132
-123
77
398
693
876
959
985
952
827
588
251
-143
-530
-815
-907
-789
-548
-330
-218
-191
-165
-94
0
84
170
307
510
716
819
758
550
258
-70
-403
-698
-884
-898
-743
-497
-257
-82
24
80
94
62
-16
-119
-221
-300
-343
-358
-369
-402
-460
-514
-526
-486
-417
-354
-315
-291
-257
-207
-169
-185
-266
-363
-402
-322
-107
223
656
1232
2000
2881
3564
3642
2926
1640
250
-906
-1776
-2424
-2802
-2774
-2308
-1571
-809
-193
192
323
267
235
474
1061
1838
2566
3094
3334
3154
2426
1196
-282
-1719
-2927
-3743
-3955
-3421
-2293
-998
39
637
858
830
671
518
572
1047
2016
3283
4371
4719
3973
2201
-158
-2551
-4522
-5758
-6058
-5375
-3883
-1972
-110
1297
2011
2003
1448
646
-106
-615
-857
-937
-1013
-1194
-1504
-1919
-2380
-2792
-3013
-2922
-2502
-1839
-1094
-419
33
161
-54
-543
-1201
-1902
-2407
-2381
-1575
-47
1932
4148
6504
8723
10170
10145
8402
5319
1622
-1968
-4874
-6674
-7168
-6449
-4883
-2958
-1123
277
1043
1174
961
907
1424
2538
3870
4976
5595
5627
4950
3435
1160
-1478
-3918
-5675
-6450
-6106
-4714
-2631
-437
1302
2280
2479
2105
1496
1050
1099
1770
2936
4205
5037
4944
3726
1546
-1212
-4052
-6383
-7575
-7246
-5522
-3011
-470
1513
2659
2952
2560
1731
727
-206
-896
-1293
-1490
-1642
-1888
-2303
-2851
-3377
-3650
-3520
-2992
-2178
-1219
-253
528
954
919
440
-364
-1298
-2135
-2677
-2724
-2080
-614
1628
4445
7496
10165
11503
10670
7682
3578
-328
-3367
-5553
-6951
-7293
-6358
-4427
-2191
-271
1059
1724
1756
1391
1141
1505
2549
3866
4905
5342
5084
4092
2344
-29
-2623
-4872
-6259
-6489
-5555
-3722
-1439
778
2476
3334
3267
2491
1490
785
669
1143
2020
3039
3832
3932
2994
1061
-1377
-3684
-5364
-6140
-5844
-4464
-2312
-48
1644
2438
2438
1922
1115
189
-671
-1296
-1639
-1769
-1831
-1975
-2282
-2692
-3026
-3145
-3011
-2617
-1937
-1018
-106
513
703
541
144
-456
-1244
-2101
-2740
-2845
-2218
-865
1123
3669
6588
9318
10915
10537
8068
4280
342
-2842
-4954
-6040
-6190
-5423
-3871
-1927
-139
1046
1488
1347
1003
908
1366
2357
3525
4458
4875
4643
3667
1931
-355
-2748
-4739
-5936
-6107
-5169
-3273
-874
1375
2897
3445
3115
2226
1188
430
319
993
2274
3666
4521
4281
2728
162
-2715
-5114
-6505
-6687
-5685
-3693
-1152
1269
2932
3510
3069
1946
585
-622
-1459
-1934
-2178
-2336
-2525
-2797
-3101
-3299
-3307
-3124
-2743
-2077
-1080
62
996
1398
1190
518
-365
-1250
-2032
-2628
-2899
-2651
-1787
-316
1744
4368
7269
9686
10653
9638
6950
3492
150
-2610
-4629
-5799
-5991
-5229
-3790
-2083
-491
708
1344
1458
1366
1534
2238
3301
4246
4643
4376
3555
2288
621
-1333
-3240
-4635
-5164
-4757
-3587
-1917
-54
1636
2782
3147
2753
1838
775
-38
-321
-17
757
1866
3144
4187
4324
3013
377
-2734
-5228
-6377
-6052
-4578
-2484
-333
1393
2386
2570
2049
1025
-247
-1449
-2247
-2459
-2196
-1813
-1668
-1923
-2506
-3154
-3534
-3378
-2660
-1623
-586
249
832
1090
910
252
-719
-1722
-2550
-3085
-3190
-2631
-1229
996
3812
6868
9628
11280
10975
8474
4546
519
-2632
-4722
-5921
-6238
-5555
-4014
-2107
-368
847
1392
1332
1040
1076
1786
3019
4241
4969
4977
4239
2804
823
-1383
-3419
-4953
-5739
-5562
-4310
-2213
121
2005
3050
3255
2777
1810
645
-280
-563
-91
945
2198
3282
3780
3304
1714
-724
-3331
-5291
-5993
-5300
-3552
-1345
728
2224
2900
2705
1766
358
-1116
-2204
-2621
-2430
-2005
-1720
-1715
-1937
-2290
-2670
-2886
-2715
-2064
-1065
-22
775
1125
989
439
-390
-1345
-2256
-2916
-3132
-2786
-1899
-582
1078
3136
5658
8359
10398
10761
9026
5733
1988
-1308
-3783
-5418
-6218
-6121
-5122
-3424
-1492
121
1040
1297
1255
1366
1930
2953
4155
5066
5275
4592
3097
1059
-1159
-3165
-4639
-5394
-5352
-4479
-2822
-682
1362
2706
3077
2636
1746
735
-121
-546
-349
386
1345
2213
2817
3001
2472
996
-1247
-3545
-5034
-5207
-4148
-2396
-618
684
1333
1416
1075
395
-519
-1418
-1986
-2064
-1769
-1395
-1222
-1394
-1881
-2478
-2901
-2940
-2574
-1925
-1120
-287
403
714
530
-51
-796
-1517
-2126
-2508
-2503
-1986
-999
319
1909
3870
6226
8582
10071
9848
7747
4435
932
-2032
-4181
-5467
-5846
-5335
-4120
-2521
-887
465
1270
1450
1248
1163
1617
2615
3763
4533
4592
3861
2446
572
-1435
-3202
-4423
-4928
-4641
-3543
-1754
334
2112
3054
3025
2322
1405
631
190
158
555
1314
2246
3029
3239
2520
814
-1470
-3609
-4928
-5113
-4249
-2674
-835
791
1817
2075
1643
731
-406
-1462
-2126
-2235
-1924
-1547
-1423
-1639
-2061
-2477
-2696
-2613
-2212
-1562
-798
-72
450
655
477
-44
-755
-1432
-1902
-2115
-2051
-1628
-752
552
2183
4128
6389
8595
9842
9201
6559
2855
-621
-3127
-4676
-5497
-5583
-4814
-3341
-1645
-187
826
1391
1563
1525
1655
2278
3322
4258
4529
3924
2598
823
-1137
-2968
-4322
-4947
-4787
-3910
-2438
-609
1175
2458
2960
2690
1868
829
-47
-443
-275
244
782
1146
1351
1472
1460
1149
385
-784
-2041
-2900
-3005
-2400
-1511
-807
-470
-369
-334
-359
-545
-895
-1248
-1417
-1336
-1101
-888
-878
-1183
-1761
-2391
-2771
-2716
-2264
-1607
-943
-382
8
177
86
-236
-706
-1211
-1609
-1762
-1579
-1075
-304
775
2330
4449
6841
8777
9402
8267
5652
2427
-479
-2553
-3796
-4411
-4485
-3956
-2834
-1383
-41
802
1020
814
631
940
1914
3267
4374
4683
4041
2688
996
-767
-2419
-3742
-4436
-4251
-3169
-1487
291
1657
2318
2259
1693
930
263
-85
10
564
1446
2376
2956
2780
1630
-340
-2562
-4295
-4991
-4549
-3258
-1566
100
1356
1905
1652
798
-266
-1174
-1731
-1894
-1729
-1423
-1275
-1529
-2186
-2956
-3477
-3519
-3070
-2238
-1179
-82
842
1370
1355
771
-231
-1344
-2225
-2651
-2586
-2105
-1301
-253
977
2422
4190
6221
8006
8704
7759
5411
2563
58
-1806
-3159
-4084
-4444
-4109
-3198
-2049
-977
-157
367
676
1010
1673
2739
3898
4613
4534
3666
2245
525
-1249
-2791
-3805
-4090
-3593
-2414
-840
679
1698
2014
1732
1132
494
36
-80
223
886
1703
2392
2688
2411
1549
284
-1041
-2085
-2659
-2759
-2471
-1887
-1124
-382
96
160
-130
-552
-881
-1000
-914
-711
-560
-679
-1204
-2041
-2890
-3456
-3607
-3355
-2745
-1841
-799
134
715
827
489
-151
-852
-1353
-1506
-1361
-1074
-760
-403
68
747
1769
3287
5221
7011
7781
6954
4780
2163
-45
-1580
-2614
-3285
-3488
-3096
-2224
-1220
-460
-123
-115
-103
303
1287
2651
3888
4496
4262
3315
1938
374
-1183
-2498
-3298
-3390
-2775
-1649
-332
789
1381
1318
782
146
-250
-255
116
784
1618
2409
2863
2711
1853
449
-1099
-2319
-2885
-2771
-2193
-1442
-727
-185
66
-48
-439
-862
-1073
-989
-689
-309
-23
-77
-687
-1807
-3037
-3890
-4129
-3854
-3254
-2412
-1349
-212
687
1062
852
265
-417
-999
-1392
-1541
-1419
-1100
-713
-311
196
964
2145
3799
5726
7305
7722
6574
4260
1696
-385
-1801
-2714
-3241
-3319
-2894
-2109
-1311
-806
-637
-560
-236
561
1845
3357
4605
5062
4509
3159
1443
-295
-1843
-2968
-3378
-2941
-1867
-625
338
800
758
355
-187
-608
-701
-381
303
1197
2085
2744
3018
2863
2291
1327
50
-1297
-2343
-2804
-2682
-2211
-1652
-1153
-804
-678
-778
-951
-970
-717
-255
231
530
437
-194
-1324
-2660
-3771
-4342
-4296
-3727
-2776
-1604
-430
499
986
965
483
-281
-1049
-1530
-1581
-1297
-923
-647
-415
23
934
2388
4209
6004
7252
7459
6435
4494
2283
348
-1166
-2339
-3140
-3383
-3019
-2338
-1745
-1415
-1208
-896
-335
542
1750
3127
4265
4709
4269
3119
1615
91
-1189
-2002
-2225
-1916
-1305
-662
-188
-4
-156
-567
-1004
-1172
-913
-288
532
1443
2385
3177
3479
3002
1788
249
-1066
-1781
-1865
-1585
-1287
-1167
-1203
-1292
-1401
-1584
-1825
-1942
-1671
-889
209
1138
1373
697
-630
-2036
-3025
-3452
-3447
-3161
-2624
-1859
-1004
-276
165
278
79
-355
-856
-1193
-1227
-1034
-839
-785
-767
-540
52
964
2125
3594
5389
7124
7990
7313
5180
2457
113
-1405
-2221
-2600
-2660
-2453
-2106
-1786
-1571
-1434
-1276
-922
-141
1181
2826
4273
4972
4667
3486
1842
225
-982
-1598
-1644
-1290
-794
-420
-335
-555
-973
-1425
-1739
-1748
-1340
-516
564
1602
2281
2455
2248
1936
1684
1424
976
283
-526
-1262
-1819
-2202
-2462
-2621
-2659
-2533
-2224
-1767
-1232
-691
-204
157
299
138
-329
-990
-1666
-2205
-2535
-2648
-2536
-2175
-1575
-852
-218
102
2
-459
-1066
-1547
-1697
-1495
-1106
-731
-433
-125
294
879
1721
2996
4732
6496
7453
6936
5055
2653
648
-622
-1396
-1996
-2455
-2635
-2546
-2403
-2380
-2396
-2188
-1528
-365
1168
2777
4066
4672
4427
3447
2068
716
-248
-638
-514
-144
117
11
-511
-1276
-1999
-2430
-2446
-2054
-1328
-373
674
1625
2283
2530
2394
2007
1516
1001
483
-21
-484
-884
-1228
-1541
-1818
-2037
-2179
-2249
-2229
-2045
-1614
-952
-245
231
277
-108
-753
-1437
-1996
-2351
-2473
-2346
-1967
-1377
-695
-101
224
194
-173
-748
-1334
-1709
-1731
-1450
-1075
-781
-514
-13
981
2509
4356
6092
7185
7184
6014
4125
2245
890
73
-495
-1033
-1554
-2027
-2496
-3002
-3448
-3614
-3273
-2292
-682
1314
3197
4393
4585
3903
2795
1720
955
591
588
797
978
877
345
-596
-1736
-2739
-3271
-3154
-2458
-1464
-511
155
476
588
744
1158
1852
2612
3108
3069
2416
1271
-77
-1279
-2058
-2327
-2231
-2027
-1936
-2030
-2230
-2388
-2356
-2041
-1428
-620
142
549
390
-316
-1300
-2189
-2675
-2620
-2056
-1150
-169
549
724
278
-566
-1420
-1951
-2026
-1712
-1215
-771
-489
-253
141
791
1709
2961
4584
6202
7013
6410
4637
2655
1283
600
172
-317
-854
-1356
-1915
-2646
-3442
-3956
-3836
-2924
-1329
594
2326
3399
3634
3219
2536
1922
1561
1507
1707
2007
2156
1896
1097
-143
-1515
-2623
-3154
-3025
-2401
-1579
-812
-201
264
593
746
718
623
650
883
1185
1295
1055
531
-82
-608
-983
-1208
-1321
-1380
-1456
-1591
-1762
-1879
-1847
-1658
-1426
-1293
-1306
-1388
-1462
-1549
-1682
-1778
-1649
-1203
-567
3
331
364
126
-328
-856
-1259
-1417
-1352
-1144
-814
-357
212
902
1831
3092
4526
5637
5889
5129
3752
2434
1630
1306
1093
688
51
-708
-1523
-2373
-3145
-3605
-3534
-2875
-1745
-376
930
1867
2249
2137
1823
1617
1654
1860
2088
2238
2248
2043
1548
773
-144
-992
-1589
-1877
-1962
-2032
-2179
-2281
-2106
-1535
-653
372
1386
2201
2559
2305
1596
849
406
295
306
227
-20
-448
-1071
-1864
-2666
-3196
-3199
-2635
-1738
-918
-533
-690
-1203
-1737
-2023
-1974
-1657
-1188
-675
-223
62
122
-10
-211
-348
-359
-273
-170
-150
-284
-582
-949
-1193
-1080
-413
873
2617
4355
5441
5391
4279
2786
1737
1504
1822
2136
2062
1520
571
-689
-2064
-3197
-3716
-3456
-2546
-1307
-111
725
1017
820
440
282
598
1328
2155
2727
2862
2597
2069
1401
696
97
-235
-282
-234
-367
-823
-1476
-2009
-2126
-1746
-1077
-450
-81
43
39
-27
-145
-244
-184
112
540
866
887
543
-86
-837
-1518
-1949
-2036
-1835
-1550
-1443
-1667
-2160
-2672
-2928
-2818
-2433
-1953
-1487
-1042
-607
-222
43
173
231
309
456
648
784
746
489
124
-92
122
916
2181
3508
4306
4150
3132
1868
1050
931
1231
1494
1467
1134
537
-304
-1271
-2094
-2488
-2362
-1838
-1109
-337
290
571
448
164
126
554
1290
1947
2225
2070
1639
1190
943
942
1037
1018
796
402
-125
-779
-1484
-2025
-2153
-1781
-1063
-321
143
187
-102
-456
-584
-358
113
595
900
959
781
403
-96
-585
-934
-1104
-1159
-1197
-1287
-1460
-1720
-2028
-2292
-2408
-2335
-2136
-1933
-1822
-1814
-1823
-1713
-1357
-749
-34
558
843
800
565
314
161
130
214
463
983
1854
2951
3864
4059
3299
1946
805
512
1036
1763
2071
1797
1161
403
-380
-1083
-1494
-1458
-1095
-721
-573
-637
-771
-842
-769
-472
94
840
1539
1948
1953
1629
1193
909
969
1369
1866
2083
1768
963
-51
-955
-1534
-1698
-1464
-991
-555
-410
-621
-1028
-1376
-1462
-1223
-739
-175
304
596
666
542
319
128
56
82
91
-44
-387
-900
-1455
-1888
-2104
-2136
-2108
-2116
-2167
-2224
-2275
-2320
-2296
-2087
-1607
-921
-213
327
611
663
575
458
419
515
741
1079
1556
2224
2997
3556
3509
2760
1710
1002
971
1375
1664
1497
962
340
-207
-663
-987
-1064
-866
-563
-399
-485
-721
-911
-883
-581
-74
475
912
1179
1283
1229
1030
793
735
1030
1606
2135
2244
1790
937
21
-668
-997
-994
-794
-587
-555
-779
-1182
-1565
-1728
-1584
-1186
-684
-231
70
195
187
130
103
153
266
379
384
180
-263
-849
-1388
-1705
-1770
-1710
-1704
-1844
-2092
-2347
-2523
-2595
-2547
-2354
-1981
-1457
-887
-400
-70
113
218
328
519
823
1197
1584
2008
2575
3281
3849
3861
3179
2173
1455
1320
1507
1530
1188
669
211
-185
-633
-1065
-1238
-1037
-687
-543
-742
-1084
-1268
-1127
-696
-123
420
798
965
991
997
1059
1189
1381
1644
1946
2165
2127
1737
1077
363
-182
-449
-489
-469
-567
-864
-1299
-1716
-1953
-1919
-1629
-1182
-734
-431
-342
-406
-474
-419
-221
51
310
489
517
330
-60
-528
-909
-1114
-1182
-1229
-1362
-1614
-1937
-2228
-2403
-2446
-2398
-2292
-2103
-1794
-1368
-905
-499
-192
45
258
474
712
1014
1427
1961
2599
3277
3826
3960
3496
2624
1874
1657
1863
1983
1657
987
300
-261
-783
-1281
-1550
-1397
-938
-533
-479
-775
-1185
-1402
-1218
-632
119
694
909
867
813
874
1000
1129
1316
1638
2029
2258
2121
1611
929
348
42
-12
-9
-171
-582
-1135
-1620
-1868
-1852
-1668
-1444
-1254
-1108
-992
-893
-774
-586
-321
-43
157
240
229
163
47
-123
-342
-584
-826
-1070
-1339
-1643
-1947
-2176
-2268
-2236
-2156
-2101
-2068
-1995
-1820
-1538
-1187
-823
-484
-196
54
325
693
1188
1785
2474
3242
3966
4332
4058
3246
2435
2140
2338
2497
2157
1391
631
138
-218
-658
-1135
-1382
-1273
-1001
-911
-1168
-1640
-1986
-1912
-1362
-573
90
404
446
479
695
1075
1478
1824
2129
2404
2547
2424
2009
1457
990
720
571
380
42
-429
-950
-1426
-1759
-1878
-1790
-1608
-1461
-1394
-1352
-1253
-1064
-819
-569
-332
-91
150
321
345
239
110
28
-57
-240
-532
-860
-1162
-1439
-1702
-1921
-2050
-2083
-2060
-2018
-1976
-1928
-1864
-1751
-1547
-1229
-846
-483
-181
117
487
940
1463
2097
2889
3695
4154
3982
3335
2740
2622
2871
2979
2569
1752
933
347
-110
-621
-1119
-1361
-1274
-1120
-1237
-1690
-2189
-2367
-2066
-1429
-766
-342
-206
-182
-14
412
987
1513
1895
2185
2438
2598
2532
2204
1751
1391
1221
1131
890
358
-377
-1056
-1471
-1619
-1663
-1737
-1837
-1889
-1877
-1851
-1818
-1689
-1378
-928
-506
-261
-205
-232
-214
-97
66
166
112
-88
-348
-572
-746
-913
-1108
-1297
-1428
-1499
-1569
-1683
-1798
-1829
-1733
-1545
-1323
-1094
-850
-595
-352
-143
50
327
858
1773
2943
3923
4205
3689
2865
2435
2656
3126
3220
2730
1984
1395
1006
556
-85
-695
-950
-824
-661
-858
-1473
-2172
-2501
-2266
-1670
-1119
-870
-852
-778
-447
94
640
1045
1332
1626
2001
2381
2582
2457
2058
1628
1402
1372
1314
1025
505
-111
-697
-1186
-1514
-1648
-1662
-1704
-1864
-2076
-2185
-2083
-1795
-1440
-1136
-935
-820
-752
-692
-592
-424
-228
-111
-161
-352
-575
-738
-832
-893
-946
-995
-1052
-1137
-1242
-1331
-1373
-1369
-1331
-1266
-1169
-1054
-926
-782
-604
-344
112
904
2022
3148
3766
3596
2922
2436
2614
3270
3747
3580
2893
2155
1632
1200
651
46
-362
-468
-486
-726
-1279
-1944
-2408
-2485
-2198
-1747
-1380
-1239
-1242
-1162
-832
-301
241
675
1058
1513
2035
2455
2574
2366
2031
1845
1899
2004
1845
1292
541
-65
-371
-540
-846
-1358
-1868
-2138
-2144
-2057
-2003
-1949
-1812
-1617
-1473
-1412
-1339
-1137
-807
-473
-273
-259
-393
-576
-705
-718
-628
-509
-455
-516
-673
-861
-1013
-1103
-1150
-1190
-1231
-1233
-1153
-1009
-870
-784
-717
-591
-356
16
588
1426
2420
3210
3414
3026
2523
2469
2966
3546
3634
3119
2385
1858
1570
1251
736
180
-162
-263
-376
-761
-1408
-2026
-2285
-2095
-1687
-1419
-1459
-1645
-1648
-1300
-724
-170
245
607
1037
1522
1911
2069
1999
1846
1774
1846
1974
2008
1839
1466
944
337
-273
-771
-1065
-1188
-1291
-1504
-1799
-2047
-2170
-2214
-2237
-2188
-1962
-1559
-1144
-909
-898
-988
-1036
-987
-881
-764
-663
-584
-541
-537
-569
-626
-684
-706
-660
-573
-522
-577
-718
-849
-892
-865
-846
-873
-883
-768
-462
37
714
1531
2346
2876
2891
2509
2221
2487
3230
3842
3754
3007
2165
1712
1606
1474
1109
666
367
181
-132
-707
-1383
-1860
-1966
-1802
-1636
-1686
-1928
-2119
-1985
-1482
-826
-291
56
372
816
1330
1691
1774
1701
1737
2007
2365
2507
2251
1692
1111
711
464
182
-246
-730
-1089
-1265
-1384
-1600
-1919
-2197
-2292
-2202
-2052
-1964
-1947
-1904
-1759
-1549
-1391
-1341
-1314
-1180
-904
-590
-362
-257
-229
-223
-209
-174
-123
-105
-183
-348
-499
-536
-478
-447
-529
-674
-739
-634
-398
-117
218
728
1453
2172
2515
2338
1946
1863
2314
2976
3289
3004
2391
1914
1763
1737
1565
1215
856
585
304
-115
-641
-1103
-1368
-1437
-1429
-1482
-1656
-1857
-1895
-1649
-1201
-753
-435
-197
87
466
863
1154
1285
1320
1385
1556
1791
1950
1921
1690
1337
944
558
203
-87
-303
-498
-746
-1065
-1388
-1639
-1811
-1951
-2075
-2136
-2089
-1970
-1867
-1831
-1821
-1766
-1658
-1547
-1472
-1399
-1270
-1059
-790
-501
-243
-73
-36
-106
-181
-171
-75
27
56
-12
-153
-325
-466
-515
-441
-249
87
641
1413
2165
2511
2278
1782
1606
2037
2752
3135
2898
2322
1894
1790
1787
1604
1227
850
604
410
104
-362
-875
-1261
-1430
-1428
-1423
-1564
-1816
-1935
-1693
-1146
-622
-383
-355
-237
147
671
1077
1249
1308
1450
1732
1988
1978
1619
1113
772
721
765
613
198
-271
-580
-743
-940
-1261
-1611
-1861
-1999
-2094
-2168
-2167
-2055
-1882
-1733
-1655
-1634
-1628
-1579
-1422
-1141
-814
-579
-502
-508
-470
-349
-218
-162
-173
-183
-152
-102
-80
-104
-168
-247
-302
-281
-160
39
284
599
1044
1587
2022
2102
1823
1537
1659
2217
2757
2789
2300
1741
1520
1584
1585
1347
1029
830
711
468
18
-509
-923
-1128
-1154
-1111
-1140
-1304
-1497
-1505
-1232
-832
-567
-510
-475
-234
227
693
946
963
938
1095
1486
1884
1943
1517
873
482
551
782
697
169
-458
-796
-855
-971
-1341
-1792
-2026
-1980
-1859
-1858
-1962
-2032
-2005
-1935
-1898
-1903
-1901
-1835
-1663
-1387
-1082
-864
-774
-717
-549
-249
47
179
121
-9
-78
-53
3
11
-36
-65
2
165
357
572
919
1479
2089
2385
2173
1733
1624
2105
2807
3081
2681
2004
1625
1679
1817
1684
1308
946
714
483
104
-384
-819
-1082
-1175
-1188
-1252
-1470
-1800
-2009
-1862
-1378
-852
-567
-511
-429
-125
345
762
968
990
1010
1209
1600
1979
2056
1708
1117
646
522
645
685
409
-121
-633
-941
-1095
-1271
-1546
-1822
-1958
-1943
-1894
-1912
-1985
-2020
-1966
-1859
-1771
-1727
-1680
-1556
-1330
-1058
-842
-737
-693
-597
-382
-104
103
150
68
-32
-62
-27
2
-17
-46
-22
55
121
163
323
777
1480
2082
2210
1873
1522
1630
2192
2709
2705
2218
1732
1636
1819
1881
1611
1179
850
665
466
134
-288
-666
-884
-919
-872
-937
-1215
-1560
-1658
-1353
-841
-493
-470
-583
-517
-154
341
712
832
791
791
960
1220
1350
1216
932
738
740
783
650
304
-82
-351
-524
-742
-1066
-1405
-1625
-1692
-1685
-1699
-1770
-1875
-1977
-2041
-2048
-2001
-1914
-1797
-1647
-1473
-1299
-1137
-966
-750
-486
-215
0
116
139
129
153
224
285
283
225
172
163
187
231
362
716
1345
2047
2422
2206
1611
1245
1553
2331
2881
2713
2033
1477
1408
1608
1649
1402
1075
853
671
369
-70
-520
-853
-1031
-1077
-1083
-1198
-1488
-1786
-1789
-1394
-865
-579
-624
-721
-540
-20
599
1012
1087
949
864
997
1260
1396
1255
962
766
751
751
559
172
-233
-498
-630
-742
-931
-1207
-1500
-1711
-1787
-1776
-1781
-1857
-1947
-1956
-1867
-1761
-1707
-1684
-1617
-1479
-1303
-1128
-950
-746
-521
-308
-134
-15
39
28
-16
-19
77
237
346
329
237
193
268
475
850
1414
2016
2317
2106
1614
1393
1777
2498
2925
2691
2042
1551
1527
1761
1844
1612
1229
898
630
324
-56
-436
-727
-877
-892
-867
-967
-1265
-1600
-1677
-1385
-947
-694
-698
-715
-481
-4
467
703
694
627
712
1003
1329
1421
1171
787
595
686
794
606
118
-364
-598
-643
-729
-970
-1280
-1530
-1668
-1713
-1707
-1713
-1782
-1898
-1965
-1919
-1818
-1773
-1784
-1727
-1503
-1172
-887
-728
-638
-521
-351
-172
-43
6
-8
-27
10
102
181
186
151
165
272
446
700
1109
1666
2123
2149
1717
1259
1303
1901
2526
2607
2124
1588
1464
1699
1875
1714
1323
969
755
576
318
-20
-374
-681
-883
-946
-958
-1102
-1437
-1726
-1643
-1174
-699
-580
-754
-828
-539
-6
462
698
785
903
1127
1358
1417
1235
974
877
992
1063
827
344
-62
-202
-227
-385
-694
-993
-1202
-1389
-1581
-1683
-1649
-1597
-1671
-1836
-1937
-1919
-1873
-1846
-1745
-1496
-1210
-1071
-1090
-1072
-858
-506
-206
-66
-55
-86
-100
-59
56
211
322
336
294
274
306
393
596
1021
1639
2172
2270
1876
1374
1287
1778
2461
2755
2437
1825
1420
1409
1555
1534
1285
984
761
559
272
-92
-434
-686
-830
-878
-895
-1021
-1324
-1648
-1691
-1346
-880
-670
-776
-885
-678
-178
333
626
702
701
747
884
1053
1130
1033
826
663
613
563
366
21
-320
-544
-673
-807
-1005
-1261
-1528
-1718
-1739
-1608
-1497
-1574
-1808
-1991
-1967
-1786
-1605
-1495
-1403
-1274
-1123
-979
-833
-663
-499
-389
-335
-294
-227
-123
19
185
317
345
271
193
210
326
497
756
1195
1784
2245
2254
1821
1400
1500
2151
2823
2936
2432
1787
1486
1553
1654
1532
1235
939
705
479
223
-47
-320
-578
-744
-756
-722
-869
-1270
-1651
-1640
-1202
-708
-535
-673
-781
-586
-135
325
616
760
898
1099
1265
1232
990
769
810
1058
1158
847
265
-201
-360
-374
-482
-709
-939
-1145
-1399
-1678
-1836
-1811
-1742
-1790
-1924
-1994
-1955
-1895
-1841
-1702
-1441
-1202
-1134
-1173
-1112
-865
-565
-380
-338
-356
-353
-281
-107
140
337
365
260
176
204
309
477
819
1402
2020
2275
1975
1401
1106
1415
2121
2670
2656
2155
1601
1356
1423
1538
1486
1255
954
663
398
155
-76
-319
-568
-749
-811
-846
-1032
-1377
-1630
-1520
-1107
-748
-722
-924
-999
-723
-186
352
698
814
791
775
870
1042
1137
1041
809
597
482
398
247
15
-230
-422
-545
-644
-791
-1029
-1313
-1526
-1582
-1529
-1517
-1642
-1848
-1988
-1975
-1831
-1622
-1399
-1210
-1109
-1092
-1049
-869
-585
-364
-321
-391
-411
-303
-113
74
211
278
273
235
235
312
449
653
1006
1561
2151
2419
2141
1542
1192
1478
2186
2685
2537
1919
1391
1305
1508
1614
1443
1121
823
576
337
106
-104
-338
-615
-839
-897
-873
-995
-1325
-1585
-1466
-1030
-672
-654
-812
-792
-462
-1
358
532
583
602
674
826
987
1018
859
619
475
470
476
335
27
-327
-591
-731
-812
-931
-1141
-1397
-1582
-1610
-1525
-1483
-1600
-1825
-1984
-1943
-1724
-1462
-1286
-1222
-1202
-1129
-957
-731
-550
-469
-439
-369
-235
-112
-63
-53
9
142
274
335
341
360
448
662
1065
1627
2121
2229
1854
1317
1146
1578
2299
2713
2504
1910
1434
1342
1479
1523
1337
1027
757
579
437
259
5
-307
-593
-751
-775
-801
-979
-1270
-1454
-1361
-1073
-833
-787
-847
-812
-563
-148
272
537
586
515
506
668
912
1039
950
752
619
596
553
362
38
-284
-483
-547
-559
-627
-820
-1109
-1371
-1479
-1435
-1387
-1486
-1724
-1938
-1969
-1808
-1575
-1396
-1308
-1265
-1191
-1035
-800
-542
-338
-233
-211
-214
-181
-87
47
164
216
213
220
279
356
415
534
878
1487
2099
2312
1990
1472
1296
1671
2265
2557
2344
1876
1525
1421
1420
1350
1174
947
710
476
268
94
-82
-312
-568
-745
-787
-797
-931
-1196
-1387
-1312
-1028
-789
-756
-823
-770
-500
-100
286
559
674
639
562
594
780
975
990
796
554
420
377
278
40
-272
-518
-634
-672
-752
-956
-1257
-1532
-1655
-1612
-1521
-1524
-1659
-1829
-1894
-1785
-1557
-1338
-1228
-1210
-1167
-987
-687
-411
-297
-346
-415
-377
-226
-54
66
127
161
193
249
345
461
562
692
981
1488
2023
2233
1954
1462
1260
1585
2157
2473
2311
1886
1549
1425
1389
1301
1149
973
768
530
308
150
8
-204
-477
-687
-761
-784
-891
-1081
-1210
-1168
-1003
-844
-751
-672
-530
-297
-1
289
486
538
505
527
682
871
918
765
540
398
354
298
156
-48
-247
-417
-564
-702
-853
-1056
-1310
-1529
-1607
-1543
-1462
-1491
-1629
-1762
-1784
-1675
-1488
-1306
-1194
-1155
-1114
-975
-724
-459
-297
-254
-255
-223
-146
-48
52
138
178
167
159
219
342
463
581
809
1232
1729
2010
1892
1522
1276
1415
1850
2239
2297
2025
1657
1415
1327
1276
1167
1016
870
725
543
312
49
-235
-514
-731
-834
-857
-902
-1016
-1124
-1126
-1025
-920
-865
-798
-630
-365
-86
153
359
533
624
605
538
544
666
817
862
744
518
281
84
-80
-235
-378
-487
-569
-672
-842
-1074
-1302
-1465
-1543
-1552
-1522
-1496
-1517
-1572
-1580
-1465
-1268
-1128
-1127
-1173
-1092
-825
-493
-261
-184
-196
-213
-183
-91
49
174
214
176
160
251
425
574
646
726
951
1351
1765
1951
1807
1485
1295
1431
1786
2058
2039
1782
1502
1341
1279
1227
1139
1011
830
599
370
205
89
-73
-329
-601
-767
-816
-855
-971
-1114
-1176
-1123
-1000
-828
-588
-303
-85
-12
-19
44
240
488
668
732
706
616
486
354
261
197
125
28
-72
-171
-304
-505
-741
-949
-1099
-1209
-1296
-1359
-1407
-1469
-1546
-1593
-1573
-1504
-1433
-1375
-1295
-1173
-1033
-899
-763
-612
-473
-387
-352
-312
-223
-97
20
102
156
200
247
307
375
440
501
598
800
1134
1524
1810
1863
1688
1445
1336
1452
1702
1885
1860
1664
1450
1325
1260
1159
988
790
611
452
304
166
15
-202
-498
-783
-936
-932
-867
-845
-878
-908
-888
-813
-685
-509
-319
-169
-76
23
204
452
652
706
637
553
518
495
421
295
172
82
-4
-126
-290
-473
-654
-826
-975
-1085
-1163
-1238
-1338
-1455
-1552
-1601
-1598
-1554
-1478
-1382
-1285
-1194
-1088
-945
-772
-603
-461
-338
-233
-162
-135
-122
-77
7
95
159
205
258
330
412
496
581
685
839
1076
1385
1667
1785
1676
1446
1303
1382
1619
1815
1812
1620
1377
1207
1131
1077
972
802
607
440
315
190
-1
-285
-596
-811
-855
-773
-698
-731
-859
-978
-985
-849
-621
-386
-211
-110
-40
66
238
440
592
646
628
601
588
559
473
338
193
66
-51
-180
-339
-531
-734
-908
-1027
-1106
-1197
-1332
-1476
-1560
-1560
-1518
-1488
-1476
-1433
-1326
-1171
-1017
-898
-806
-703
-558
-376
-204
-94
-61
-60
-34
41
144
245
330
394
431
442
445
464
513
601
747
967
1232
1456
1541
1468
1330
1276
1379
1571
1704
1684
1549
1401
1297
1211
1092
928
747
581
443
320
188
15
-211
-461
-665
-770
-786
-781
-812
-872
-909
-874
-763
-603
-435
-298
-211
-146
-46
122
320
466
518
507
488
470
423
330
217
113
17
-99
-249
-433
-637
-830
-974
-1058
-1118
-1204
-1321
-1424
-1471
-1467
-1454
-1455
-1452
-1412
-1321
-1193
-1053
-915
-779
-641
-502
-366
-238
-128
-47
9
55
115
200
301
393
451
468
461
457
475
521
609
756
957
1173
1348
1434
1414
1317
1222
1222
1344
1510
1591
1529
1377
1230
1128
1045
948
833
701
549
386
234
94
-77
-312
-566
-741
-788
-754
-726
-742
-772
-772
-726
-634
-496
-310
-93
117
275
351
356
346
375
430
449
390
291
211
157
76
-68
-256
-446
-610
-730
-794
-821
-875
-1016
-1219
-1385
-1441
-1418
-1397
-1412
-1415
-1357
-1246
-1129
-1032
-944
-844
-724
-582
-425
-269
-139
-50
14
78
147
206
244
271
299
332
367
409
454
493
529
588
702
869
1046
1189
1285
1342
1361
1344
1313
1303
1325
1342
1322
1268
1204
1131
1023
866
692
537
411
300
196
101
0
-139
-324
-518
-665
-739
-758
-750
-726
-686
-634
-570
-478
-330
-127
87
248
320
323
318
353
419
460
422
309
171
60
-30
-146
-325
-541
-728
-828
-851
-857
-911
-1028
-1177
-1307
-1382
-1406
-1407
-1408
-1396
-1338
-1217
-1063
-924
-821
-733
-623
-472
-290
-111
27
97
105
85
83
133
233
347
430
460
445
417
403
417
454
512
606
759
964
1166
1292
1318
1283
1246
1235
1251
1284
1322
1341
1311
1236
1142
1049
945
813
661
516
385
257
123
-15
-157
-313
-473
-600
-668
-694
-710
-715
-670
-560
-417
-293
-209
-149
-100
-56
-1
86
204
310
353
324
253
175
97
10
-92
-212
-348
-488
-615
-722
-825
-947
-1078
-1185
-1246
-1276
-1310
-1357
-1393
-1392
-1346
-1262
-1153
-1028
-893
-748
-598
-456
-339
-245
-154
-50
58
141
182
199
229
290
363
407
399
349
288
253
270
347
466
590
693
776
869
984
1100
1179
1202
1192
1185
1196
1206
1193
1153
1106
1071
1048
1013
939
809
626
416
221
74
-21
-85
-160
-267
-406
-544
-644
-683
-667
-625
-580
-526
-436
-286
-93
86
194
208
167
130
136
170
185
148
71
-17
-102
-199
-321
-456
-571
-643
-680
-710
-765
-866
-1007
-1154
-1259
-1301
-1301
-1294
-1290
-1266
-1198
-1092
-970
-847
-722
-594
-464
-327
-174
-13
125
211
245
257
275
302
331
361
396
433
461
467
457
447
452
479
528
589
650
709
772
856
959
1059
1120
1126
1092
1057
1052
1080
1117
1135
1121
1074
999
893
753
587
418
268
148
46
-64
-197
-342
-466
-544
-582
-605
-623
-618
-565
-464
-340
-230
-150
-101
-64
-24
23
63
80
76
65
53
25
-40
-149
-287
-426
-547
-646
-729
-807
-887
-971
-1055
-1131
-1195
-1243
-1263
-1243
-1191
-1131
-1081
-1027
-934
-797
-646
-511
-386
-252
-117
-11
54
97
148
212
277
339
396
439
445
408
355
326
335
367
399
429
461
495
522
544
573
622
690
772
864
961
1039
1072
1058
1023
1001
1001
1012
1018
1013
985
924
830
716
589
447
292
147
39
-30
-88
-155
-227
-286
-333
-380
-417
-413
-355
-273
-215
-201
-208
-209
-212
-237
-274
-290
-267
-231
-223
-258
-320
-385
-450
-521
-596
-667
-737
-813
-890
-962
-1025
-1087
-1145
-1180
-1169
-1116
-1040
-955
-862
-765
-674
-588
-485
-347
-187
-50
35
85
141
221
299
344
360
381
426
474
499
498
489
488
487
477
459
444
437
436
439
449
468
494
523
551
584
630
688
745
786
816
851
897
934
931
885
824
783
760
722
645
537
427
331
242
143
32
-80
-177
-245
-283
-308
-343
-396
-452
-490
-508
-524
-549
-573
-574
-545
-505
-479
-488
-533
-591
-631
-632
-613
-613
-656
-718
-755
-760
-764
-794
-838
-859
-841
-809
-789
-781
-765
-734
-695
-652
-586
-483
-356
-240
-157
-93
-20
67
151
218
276
337
397
438
456
464
477
492
498
498
505
524
548
568
582
589
588
579
576
587
604
613
625
663
734
803
833
827
817
826
842
847
838
823
798
743
650
535
425
338
269
203
129
46
-41
-125
-202
-272
-331
-379
-421
-464
-512
-559
-597
-616
-611
-584
-549
-529
-533
-550
-553
-531
-499
-481
-497
-542
-598
-646
-676
-687
-691
-698
-713
-732
-752
-769
-780
-777
-751
-707
-656
-606
-550
-479
-398
-319
-252
-187
-110
-16
83
167
227
274
324
386
444
477
482
481
492
510
510
483
453
443
452
450
427
399
395
419
459
507
567
638
709
766
815
862
896
895
853
792
738
690
629
558
503
483
478
439
338
199
71
-15
-68
-113
-167
-227
-279
-314
-337
-356
-379
-403
-417
-413
-393
-372
-361
-361
-368
-377
-394
-420
-452
-487
-527
-573
-619
-649
-657
-657
-667
-693
-723
-742
-742
-724
-690
-646
-603
-569
-539
-499
-438
-361
-284
-216
-152
-90
-27
34
96
164
236
303
356
390
406
411
413
418
424
420
401
377
360
353
354
358
364
371
375
369
352
325
301
294
319
372
430
465
468
459
464
485
499
485
455
435
432
427
401
357
309
267
231
208
203
201
175
110
28
-36
-69
-88
-116
-154
-184
-195
-193
-193
-206
-233
-267
-293
-304
-309
-325
-357
-393
-421
-446
-478
-519
-552
-569
-575
-582
-590
-593
-587
-581
-579
-575
-559
-533
-505
-473
-433
-390
-355
-331
-301
-248
-175
-94
-15
59
124
174
211
247
288
323
337
327
309
300
303
317
335
350
351
336
319
319
341
372
392
394
385
373
360
344
327
316
317
327
334
332
321
307
297
292
280
255
219
189
175
172
163
140
109
76
43
13
-4
0
15
16
-5
-33
-46
-44
-48
-67
-88
-90
-76
-74
-107
-164
-213
-236
-243
-251
-265
-280
-296
-325
-369
-419
-458
-475
-475
-469
-473
-488
-499
-487
-446
-389
-334
-296
-275
-264
-250
-228
-198
-162
-125
-88
-58
-37
-24
-6
25
67
107
132
143
148
156
173
197
221
241
256
267
274
273
264
253
250
256
260
258
253
256
265
270
263
244
223
209
202
202
205
204
191
168
149
144
145
134
105
72
54
50
49
41
24
-2
-33
-61
-73
-68
-59
-66
-89
-106
-106
-99
-107
-134
-164
-175
-166
-144
-124
-116
-128
-155
-185
-206
-216
-221
-225
-222
-209
-188
-172
-164
-163
-165
-166
-163
-152
-136
-119
-105
-91
-79
-72
-68
-56
-27
10
39
48
44
40
44
50
58
71
93
120
144
158
162
154
137
118
101
93
96
109
123
133
140
147
156
164
162
151
141
145
164
185
194
184
163
141
120
99
75
50
27
9
-4
-16
-33
-56
-80
-94
-93
-82
-68
-61
-66
-85
-110
-126
-121
-104
-93
-97
-106
-107
-100
-96
-104
-123
-141
-154
-163
-170
-175
-177
-174
-164
-150
-140
-142
-151
-154
-139
-107
-76
