43
65
71
58
33
11
-3
-10
-13
-12
-12
-22
-45
-71
-87
-82
-60
-31
1
33
58
68
60
46
41
45
51
50
45
44
44
33
10
-16
-33
-38
-41
-46
-47
-36
-19
-8
-7
-5
7
23
32
31
29
34
41
40
28
12
0
-6
-12
-24
-41
-54
-55
-42
-23
-15
-24
-39
-46
-36
-18
-3
6
14
22
26
19
3
-17
-31
-31
-18
1
13
13
9
6
1
-14
-37
-51
-44
-23
-5
-1
-7
-14
-19
-22
-20
-11
0
5
2
-3
-5
-6
-9
-14
-14
-7
3
11
13
9
0
-16
-34
-42
-36
-20
-5
3
2
-5
-20
-36
-44
-37
-14
19
50
68
68
53
34
20
9
-4
-19
-23
-5
30
63
75
59
26
-7
-28
-31
-20
-2
17
32
42
47
48
46
44
46
54
64
68
62
47
29
14
3
-5
-10
-11
-8
-9
-18
-32
-42
-40
-27
-10
8
29
54
71
70
48
18
-7
-17
-12
5
24
32
21
-5
-31
-48
-61
-75
-88
-89
-75
-56
-46
-50
-58
-64
-66
-72
-81
-88
-88
-84
-81
-82
-83
-78
-66
-53
-46
-47
-53
-55
-55
-56
-61
-66
-65
-58
-52
-53
-58
-57
-49
-37
-24
-8
13
34
52
67
85
106
119
116
102
88
79
68
51
34
29
40
59
72
79
84
92
101
103
95
88
98
130
171
202
209
194
171
149
132
118
103
89
78
71
63
51
35
17
1
-11
-22
-33
-45
-56
-68
-79
-86
-85
-70
-48
-29
-27
-44
-72
-102
-128
-149
-159
-156
-140
-123
-113
-117
-135
-166
-204
-243
-277
-305
-331
-348
-346
-326
-303
-296
-305
-310
-290
-246
-200
-172
-167
-175
-183
-174
-139
-81
-13
51
109
166
225
271
286
270
245
236
247
262
270
266
253
225
184
145
125
126
132
133
136
159
210
280
351
410
460
509
563
617
660
680
671
632
572
506
438
359
260
143
20
-94
-192
-275
-345
-407
-458
-488
-492
-474
-445
-412
-375
-333
-291
-255
-227
-202
-177
-153
-138
-137
-147
-163
-187
-228
-286
-349
-404
-446
-480
-508
-528
-540
-547
-553
-556
-556
-553
-543
-512
-450
-367
-285
-214
-147
-69
11
77
122
158
197
241
283
318
339
335
293
217
124
33
-48
-121
-181
-215
-212
-172
-108
-29
61
166
286
409
524
641
796
1025
1326
1645
1885
1959
1838
1562
1207
831
455
91
-238
-493
-652
-717
-712
-678
-666
-717
-825
-920
-915
-778
-537
-240
80
390
648
818
908
953
960
899
751
547
338
145
-48
-255
-462
-653
-832
-995
-1117
-1170
-1163
-1138
-1115
-1071
-969
-802
-600
-395
-218
-96
-37
-14
18
68
106
108
92
84
75
33
-54
-170
-305
-465
-629
-739
-750
-678
-583
-498
-409
-294
-166
-58
10
40
42
38
54
112
197
286
365
438
503
548
558
536
493
439
384
349
389
588
993
1526
1982
2151
1969
1551
1069
617
186
-238
-602
-808
-810
-650
-419
-207
-94
-147
-368
-657
-862
-895
-782
-587
-334
-18
345
708
1027
1256
1323
1153
775
347
50
-55
-40
-6
9
2
-46
-170
-374
-627
-907
-1189
-1398
-1416
-1185
-789
-394
-107
72
180
211
158
64
-1
-14
-10
-8
20
90
151
118
-42
-283
-535
-749
-898
-961
-934
-850
-747
-629
-478
-307
-169
-112
-123
-132
-68
84
283
468
590
632
596
488
317
100
-124
-306
-406
-411
-335
-209
-70
53
147
208
228
229
295
554
1077
1781
2438
2803
2765
2405
1900
1376
826
200
-453
-975
-1233
-1239
-1104
-930
-771
-698
-774
-968
-1123
-1104
-919
-668
-373
38
576
1119
1532
1792
1922
1872
1550
1003
448
88
-59
-129
-239
-419
-648
-901
-1137
-1316
-1450
-1589
-1716
-1707
-1443
-947
-378
108
440
610
636
568
485
433
385
289
146
30
4
44
41
-102
-398
-773
-1123
-1366
-1465
-1431
-1312
-1158
-988
-789
-556
-321
-133
-7
92
226
428
680
929
1101
1132
1002
752
449
139
-179
-507
-806
-1010
-1078
-1020
-879
-695
-502
-330
-192
-65
104
342
634
966
1400
2050
2935
3838
4370
4236
3463
2352
1231
237
-645
-1409
-1959
-2187
-2109
-1854
-1569
-1341
-1230
-1274
-1421
-1494
-1306
-828
-194
471
1148
1837
2438
2790
2831
2606
2172
1530
744
6
-487
-716
-839
-1001
-1224
-1461
-1681
-1854
-1928
-1890
-1806
-1716
-1522
-1072
-365
384
926
1165
1169
1038
839
621
442
314
186
8
-186
-315
-360
-417
-609
-959
-1363
-1669
-1775
-1663
-1392
-1056
-744
-502
-316
-152
2
131
221
289
373
502
673
846
961
957
810
544
209
-164
-573
-1008
-1407
-1656
-1662
-1408
-997
-584
-302
-173
-116
-22
164
422
705
982
1266
1632
2233
3176
4313
5156
5163
4190
2648
1134
-52
-996
-1839
-2512
-2836
-2760
-2394
-1859
-1265
-816
-761
-1123
-1538
-1521
-910
28
927
1660
2296
2845
3193
3238
2968
2380
1468
351
-665
-1291
-1506
-1533
-1593
-1735
-1901
-2042
-2108
-2029
-1773
-1409
-1037
-648
-145
482
1057
1354
1307
1018
614
152
-293
-576
-586
-386
-167
-53
-22
-24
-106
-356
-768
-1222
-1584
-1776
-1781
-1613
-1338
-1059
-862
-763
-717
-662
-543
-322
7
413
828
1160
1298
1124
591
-203
-1029
-1664
-2004
-2071
-1922
-1603
-1179
-746
-415
-235
-209
-297
-452
-594
-651
-593
-433
-190
160
659
1383
2344
3438
4500
5568
6892
8467
9599
9295
7220
4046
729
-2289
-4949
-6983
-7866
-7395
-5959
-4203
-2592
-1401
-833
-904
-1266
-1347
-786
338
1698
3046
4305
5399
6123
6217
5511
4056
2112
102
-1557
-2627
-3102
-3122
-2854
-2482
-2213
-2188
-2368
-2551
-2558
-2343
-1918
-1243
-274
856
1831
2344
2292
1767
929
-36
-904
-1467
-1665
-1594
-1369
-1024
-606
-264
-191
-441
-882
-1306
-1569
-1635
-1549
-1382
-1190
-1013
-891
-835
-780
-612
-305
7
150
112
48
75
116
-8
-364
-860
-1381
-1852
-2167
-2159
-1752
-1113
-552
-280
-260
-316
-298
-203
-118
-150
-317
-523
-616
-473
-48
650
1549
2528
3498
4584
6073
8039
9963
10901
10158
7817
4586
1234
-1755
-4139
-5746
-6471
-6325
-5452
-4075
-2514
-1171
-432
-438
-902
-1226
-904
136
1570
3045
4360
5372
5887
5755
4979
3628
1767
-411
-2431
-3716
-4012
-3579
-2946
-2511
-2356
-2369
-2396
-2332
-2101
-1644
-936
21
1176
2382
3313
3565
2925
1573
-23
-1441
-2469
-3016
-3008
-2493
-1718
-1000
-479
-108
143
162
-156
-721
-1272
-1571
-1558
-1332
-1074
-954
-1032
-1206
-1287
-1191
-1015
-895
-827
-680
-384
-38
165
82
-313
-947
-1655
-2219
-2461
-2348
-1976
-1459
-858
-240
263
502
423
115
-275
-598
-771
-757
-566
-244
140
521
933
1491
2302
3357
4647
6282
8332
10429
11689
11232
8852
5159
1095
-2595
-5527
-7493
-8346
-8006
-6600
-4511
-2309
-578
299
299
-202
-598
-389
562
2014
3595
4980
5928
6236
5772
4537
2647
318
-2115
-4171
-5357
-5418
-4488
-3012
-1527
-463
-37
-204
-708
-1209
-1455
-1361
-951
-282
559
1393
1953
1991
1406
332
-902
-1879
-2295
-2095
-1490
-799
-249
89
226
160
-145
-693
-1394
-2035
-2342
-2145
-1532
-820
-318
-109
-76
-96
-178
-392
-724
-1043
-1206
-1181
-1050
-903
-764
-644
-633
-860
-1328
-1832
-2089
-1943
-1452
-801
-174
306
589
651
485
89
-454
-988
-1323
-1350
-1082
-617
-67
520
1146
1832
2594
3540
4888
6797
9037
10862
11347
9945
6862
2935
-847
-3839
-5885
-7084
-7460
-6948
-5627
-3862
-2123
-724
202
605
548
360
565
1469
2870
4204
5041
5306
5071
4291
2826
719
-1697
-3936
-5564
-6293
-6039
-4976
-3481
-1928
-533
581
1234
1265
800
307
279
832
1653
2259
2296
1674
542
-796
-2034
-2918
-3271
-2997
-2169
-1039
85
957
1400
1289
640
-291
-1113
-1545
-1581
-1404
-1198
-1042
-930
-831
-733
-635
-556
-502
-464
-412
-332
-267
-284
-423
-651
-917
-1215
-1579
-2002
-2376
-2546
-2405
-1964
-1343
-692
-129
290
511
472
149
-329
-742
-915
-867
-710
-523
-295
6
380
868
1516
2305
3141
4087
5448
7425
9620
11060
10874
8917
5725
2029
-1554
-4530
-6500
-7294
-7009
-5895
-4225
-2324
-633
395
546
54
-485
-458
387
1805
3293
4406
4935
4840
4113
2759
859
-1344
-3465
-5048
-5696
-5228
-3818
-1992
-425
389
379
-92
-496
-477
-27
622
1254
1780
2147
2201
1746
756
-524
-1692
-2442
-2656
-2372
-1716
-906
-234
68
-18
-296
-536
-667
-783
-975
-1164
-1159
-875
-457
-131
13
41
-10
-167
-400
-571
-619
-684
-936
-1336
-1684
-1877
-2007
-2178
-2340
-2368
-2228
-1988
-1680
-1258
-721
-207
97
141
69
49
98
78
-111
-409
-603
-533
-216
137
309
263
163
201
406
715
1153
1909
3172
4988
7211
9474
11133
11442
9975
6956
3136
-641
-3727
-5718
-6418
-5914
-4581
-2946
-1491
-529
-210
-518
-1227
-1873
-1886
-919
900
2986
4670
5515
5427
4530
3026
1136
-911
-2817
-4192
-4658
-4108
-2876
-1589
-739
-412
-364
-361
-346
-335
-246
105
798
1677
2393
2590
2072
865
-765
-2365
-3430
-3634
-3020
-1957
-876
-26
533
766
637
215
-273
-583
-609
-382
-17
308
389
117
-426
-1051
-1577
-1896
-1960
-1816
-1586
-1372
-1184
-1016
-945
-1077
-1406
-1788
-2044
-2082
-1926
-1680
-1458
-1310
-1183
-984
-672
-286
97
399
539
456
182
-127
-301
-286
-200
-168
-185
-110
151
548
990
1441
1893
2253
2459
2680
3298
4568
6335
8066
9101
8875
7168
4307
1114
-1549
-3281
-4173
-4454
-4195
-3418
-2330
-1359
-920
-1165
-1886
-2597
-2757
-2033
-478
1475
3256
4436
4853
4535
3574
2114
394
-1262
-2530
-3165
-3049
-2267
-1172
-307
-121
-634
-1431
-1991
-2062
-1702
-1042
-118
1048
2270
3183
3399
2706
1204
-670
-2272
-3069
-2928
-2144
-1189
-427
-9
66
-109
-388
-611
-672
-532
-194
263
640
682
266
-490
-1325
-2007
-2407
-2460
-2187
-1708
-1211
-858
-732
-833
-1080
-1328
-1452
-1445
-1411
-1465
-1633
-1853
-2028
-2070
-1920
-1578
-1109
-609
-154
214
456
524
433
306
305
465
663
739
684
594
521
441
365
420
698
1126
1530
1879
2409
3490
5274
7396
8982
9110
7447
4565
1560
-684
-1948
-2537
-2785
-2790
-2525
-2098
-1806
-1924
-2468
-3169
-3613
-3409
-2308
-391
1844
3642
4429
4132
3118
1877
749
-130
-741
-1075
-1097
-817
-404
-167
-370
-1044
-1956
-2685
-2769
-1922
-286
1505
2654
2693
1765
473
-551
-1023
-1069
-963
-817
-535
-51
472
732
557
42
-520
-831
-722
-240
343
657
444
-274
-1208
-2001
-2428
-2484
-2282
-1918
-1408
-767
-114
330
383
43
-513
-1067
-1505
-1823
-2048
-2183
-2232
-2221
-2161
-2017
-1736
-1342
-952
-670
-476
-248
77
403
555
451
183
-76
-202
-157
42
343
639
813
811
708
610
548
478
399
413
623
1023
1506
2022
2699
3802
5441
7273
8480
8265
6486
3814
1221
-712
-1963
-2731
-3095
-3069
-2802
-2577
-2601
-2877
-3260
-3549
-3491
-2832
-1488
286
1976
3094
3435
3130
2505
1894
1479
1249
1103
989
918
845
587
-53
-1075
-2211
-3093
-3459
-3257
-2614
-1766
-955
-297
261
832
1422
1892
2090
1978
1638
1191
722
261
-209
-714
-1219
-1634
-1878
-1978
-2022
-2047
-1987
-1765
-1386
-934
-506
-193
-74
-178
-441
-745
-996
-1174
-1307
-1438
-1564
-1628
-1569
-1432
-1359
-1462
-1687
-1869
-1907
-1844
-1788
-1775
-1736
-1572
-1236
-781
-346
-88
-42
-62
84
496
1043
1481
1647
1518
1128
533
-135
-638
-785
-576
-187
209
558
856
1061
1145
1220
1504
2148
3163
4535
6229
7927
8840
8139
5746
2609
25
-1328
-1652
-1526
-1354
-1322
-1581
-2262
-3289
-4351
-5083
-5223
-4600
-3144
-1027
1212
2873
3507
3192
2404
1669
1336
1524
2138
2848
3199
2854
1827
466
-783
-1623
-1980
-1944
-1677
-1367
-1185
-1222
-1446
-1716
-1870
-1807
-1479
-879
-80
695
1146
1126
770
379
167
137
186
220
179
-16
-406
-921
-1386
-1655
-1696
-1574
-1372
-1167
-1043
-1067
-1262
-1599
-2005
-2367
-2554
-2497
-2250
-1947
-1693
-1502
-1339
-1179
-1030
-908
-810
-718
-625
-547
-493
-442
-372
-302
-285
-352
-486
-658
-828
-913
-797
-435
76
561
891
1038
1015
872
703
658
822
1140
1448
1600
1548
1342
1103
1001
1219
1895
3095
4755
6572
7918
8060
6656
4123
1458
-403
-1131
-1024
-636
-414
-580
-1195
-2168
-3235
-3999
-4136
-3574
-2499
-1202
28
951
1418
1457
1243
975
829
986
1578
2479
3223
3261
2387
915
-501
-1266
-1178
-555
-26
-75
-692
-1435
-1851
-1814
-1503
-1136
-788
-439
-105
124
141
-81
-456
-787
-849
-547
-24
390
420
48
-488
-913
-1107
-1142
-1141
-1186
-1316
-1563
-1927
-2313
-2556
-2545
-2304
-1971
-1695
-1569
-1595
-1705
-1792
-1772
-1609
-1307
-893
-456
-153
-119
-347
-678
-949
-1100
-1140
-1051
-814
-528
-380
-439
-534
-410
-18
434
706
752
687
616
537
439
376
443
640
858
992
1043
1096
1234
1491
1858
2245
2510
2650
2954
3804
5147
6278
6305
4954
2859
1027
54
-154
-38
56
-5
-300
-913
-1808
-2715
-3258
-3201
-2595
-1678
-722
48
441
371
-49
-486
-606
-306
289
1008
1738
2337
2602
2408
1893
1396
1218
1406
1731
1795
1262
119
-1232
-2213
-2512
-2304
-2010
-1886
-1876
-1831
-1733
-1668
-1638
-1520
-1203
-710
-163
293
532
463
109
-347
-643
-636
-388
-91
76
-3
-378
-1016
-1759
-2373
-2685
-2691
-2530
-2378
-2372
-2563
-2896
-3197
-3243
-2901
-2229
-1442
-760
-282
15
209
366
513
635
675
581
377
167
42
-31
-168
-411
-622
-602
-317
47
267
280
187
113
136
291
612
1075
1589
2035
2333
2453
2402
2224
2011
1861
1853
2086
2701
3756
4971
5693
5294
3755
1813
415
-24
183
457
496
325
-23
-636
-1523
-2392
-2825
-2641
-2045
-1400
-960
-794
-902
-1216
-1531
-1529
-1015
-111
828
1494
1792
1781
1574
1331
1291
1629
2283
2894
3017
2414
1252
9
-851
-1206
-1310
-1502
-1899
-2384
-2820
-3179
-3441
-3470
-3096
-2329
-1419
-672
-228
-36
-4
-96
-269
-399
-328
-25
344
524
374
-43
-533
-946
-1259
-1537
-1837
-2163
-2485
-2757
-2940
-2989
-2862
-2545
-2093
-1640
-1334
-1230
-1257
-1274
-1169
-890
-423
186
789
1160
1146
810
385
88
-4
80
309
651
1000
1193
1112
776
325
-65
-250
-153
166
529
725
708
640
753
1116
1570
1883
1958
1884
1841
2007
2528
3472
4664
5606
5684
4642
2905
1351
641
724
1003
984
652
242
-220
-933
-1898
-2714
-2922
-2510
-1919
-1591
-1619
-1838
-2060
-2146
-1942
-1346
-459
450
1156
1599
1800
1789
1681
1696
1958
2316
2456
2213
1684
1061
460
-58
-444
-725
-1067
-1615
-2280
-2777
-2927
-2848
-2770
-2737
-2592
-2242
-1812
-1474
-1237
-976
-649
-343
-136
15
162
253
189
-3
-175
-214
-168
-170
-321
-643
-1113
-1646
-2093
-2334
-2403
-2465
-2616
-2767
-2739
-2484
-2132
-1847
-1665
-1486
-1196
-766
-270
178
504
705
834
949
1075
1199
1277
1270
1175
1033
895
788
704
624
545
475
427
386
333
275
271
385
622
895
1090
1160
1174
1296
1721
2553
3686
4772
5342
5067
4018
2714
1838
1774
2311
2839
2842
2234
1241
98
-1054
-2023
-2533
-2467
-2070
-1790
-1884
-2264
-2670
-2937
-2996
-2788
-2283
-1579
-868
-290
153
518
857
1263
1873
2745
3688
4306
4236
3396
2067
777
17
-68
164
115
-567
-1699
-2804
-3557
-3945
-4027
-3735
-3030
-2157
-1562
-1491
-1763
-1990
-1951
-1690
-1317
-869
-359
114
420
521
513
515
586
687
737
630
282
-299
-967
-1508
-1804
-1939
-2089
-2341
-2638
-2899
-3112
-3267
-3265
-2962
-2342
-1580
-914
-468
-217
-89
-55
-78
-21
319
1030
1920
2602
2774
2448
1894
1384
1018
798
748
875
1050
1055
805
441
176
95
164
330
549
725
754
646
587
860
1687
3036
4490
5372
5185
4097
2906
2410
2712
3208
3247
2755
2127
1618
1043
149
-902
-1631
-1817
-1778
-1994
-2603
-3331
-3838
-3948
-3648
-3034
-2343
-1855
-1646
-1490
-1112
-500
172
839
1610
2470
3134
3311
3065
2736
2544
2397
2123
1692
1156
493
-328
-1177
-1826
-2209
-2490
-2812
-3092
-3159
-3052
-2990
-3071
-3113
-2901
-2476
-2070
-1789
-1508
-1088
-569
-102
249
524
756
910
947
862
669
385
66
-232
-519
-898
-1437
-2060
-2576
-2837
-2848
-2737
-2632
-2576
-2526
-2390
-2092
-1637
-1150
-791
-617
-512
-316
4
362
709
1080
1494
1863
2075
2127
2108
2103
2136
2177
2150
1955
1572
1125
805
712
784
871
854
698
465
271
256
551
1242
2272
3343
3986
3878
3157
2401
2179
2574
3130
3295
2904
2213
1534
921
289
-304
-654
-705
-723
-1043
-1725
-2495
-3037
-3210
-3050
-2671
-2241
-1938
-1813
-1694
-1367
-826
-267
186
647
1279
2025
2625
2874
2760
2375
1825
1294
1009
1017
1012
601
-240
-1071
-1466
-1466
-1484
-1777
-2188
-2434
-2482
-2543
-2742
-2963
-3008
-2829
-2526
-2203
-1895
-1598
-1290
-922
-463
34
439
680
795
860
856
707
401
44
-264
-537
-852
-1217
-1557
-1811
-2011
-2224
-2445
-2574
-2510
-2261
-1949
-1707
-1546
-1363
-1051
-629
-209
127
417
737
1081
1345
1453
1458
1500
1669
1922
2140
2227
2150
1931
1621
1295
1028
867
830
903
1016
1058
948
736
574
615
941
1577
2446
3256
3541
3044
2102
1502
1773
2612
3171
2911
2105
1404
1088
864
406
-177
-510
-498
-475
-813
-1515
-2242
-2671
-2704
-2442
-2083
-1862
-1920
-2150
-2231
-1930
-1337
-711
-148
462
1148
1706
1922
1869
1835
2008
2303
2494
2383
1892
1103
281
-271
-459
-507
-718
-1175
-1708
-2140
-2456
-2715
-2890
-2903
-2766
-2600
-2482
-2368
-2182
-1929
-1676
-1448
-1199
-889
-533
-171
159
410
522
469
312
146
16
-122
-310
-532
-731
-881
-1006
-1132
-1242
-1316
-1381
-1500
-1692
-1870
-1900
-1711
-1361
-979
-670
-455
-296
-128
99
393
706
970
1175
1396
1714
2091
2361
2370
2146
1900
1832
1935
2003
1852
1509
1174
993
912
763
486
209
109
219
462
825
1397
2124
2629
2488
1775
1196
1433
2361
3089
2911
2065
1374
1239
1268
932
294
-147
-186
-175
-519
-1181
-1814
-2199
-2367
-2365
-2188
-1937
-1844
-1978
-2082
-1842
-1276
-688
-274
77
551
1111
1531
1649
1523
1350
1315
1463
1651
1617
1202
531
-68
-411
-619
-922
-1327
-1624
-1704
-1730
-1938
-2326
-2660
-2753
-2644
-2478
-2324
-2151
-1934
-1689
-1426
-1140
-841
-565
-314
-57
207
411
494
473
416
344
226
48
-133
-262
-361
-500
-703
-927
-1123
-1280
-1392
-1420
-1351
-1246
-1200
-1232
-1275
-1243
-1095
-811
-394
81
469
685
798
955
1206
1463
1629
1703
1743
1758
1723
1653
1605
1590
1537
1387
1190
1061
1033
1030
961
836
730
706
808
1119
1691
2365
2721
2419
1637
1068
1293
2131
2762
2553
1706
965
767
854
734
315
-90
-286
-453
-848
-1422
-1892
-2098
-2121
-2095
-2052
-2004
-2004
-2026
-1887
-1434
-798
-298
-84
20
255
645
1034
1328
1549
1718
1781
1707
1524
1270
946
586
270
28
-246
-652
-1128
-1501
-1708
-1877
-2133
-2414
-2567
-2566
-2530
-2529
-2477
-2285
-2009
-1767
-1564
-1282
-877
-473
-228
-150
-104
27
233
428
533
514
380
182
-21
-194
-346
-493
-635
-776
-944
-1167
-1405
-1561
-1552
-1401
-1220
-1117
-1102
-1086
-958
-673
-284
92
367
548
731
1004
1345
1628
1742
1708
1659
1693
1772
1782
1694
1599
1590
1634
1607
1437
1175
923
746
640
590
587
638
774
1072
1586
2191
2538
2321
1663
1158
1332
2048
2587
2397
1681
1106
1014
1106
932
475
79
-73
-183
-507
-1005
-1430
-1657
-1750
-1787
-1771
-1726
-1724
-1756
-1665
-1334
-870
-493
-266
-22
399
931
1333
1433
1261
1014
895
974
1104
1042
694
244
-51
-166
-335
-727
-1221
-1566
-1711
-1830
-2047
-2268
-2354
-2343
-2377
-2473
-2474
-2256
-1884
-1519
-1249
-1051
-870
-675
-444
-174
85
251
287
246
196
151
72
-60
-230
-401
-533
-589
-588
-620
-780
-1047
-1273
-1316
-1185
-1032
-983
-1008
-957
-743
-449
-242
-174
-100
171
644
1090
1255
1143
1026
1175
1567
1911
1952
1736
1522
1480
1527
1478
1300
1149
1165
1286
1291
1045
657
395
422
662
933
1201
1591
2114
2481
2343
1770
1333
1554
2289
2807
2566
1796
1204
1156
1332
1226
779
348
152
9
-330
-815
-1208
-1433
-1608
-1808
-1958
-2015
-2068
-2159
-2116
-1751
-1158
-663
-449
-360
-130
310
814
1230
1472
1496
1316
1089
1011
1097
1119
860
360
-129
-420
-535
-619
-779
-1043
-1391
-1754
-2033
-2176
-2243
-2324
-2412
-2417
-2307
-2169
-2081
-1983
-1742
-1336
-909
-619
-470
-342
-135
133
370
478
425
258
100
54
112
139
17
-235
-483
-623
-678
-742
-867
-1013
-1116
-1150
-1149
-1151
-1146
-1060
-826
-461
-95
143
257
388
639
943
1135
1163
1159
1273
1497
1693
1764
1739
1689
1635
1563
1489
1434
1369
1230
1014
801
683
670
706
741
777
869
1116
1602
2233
2651
2484
1801
1231
1398
2190
2779
2487
1533
761
680
974
1003
560
-7
-328
-419
-534
-802
-1130
-1384
-1516
-1545
-1519
-1532
-1654
-1793
-1713
-1304
-777
-472
-458
-451
-157
366
788
879
724
583
620
793
934
894
648
320
87
28
51
-10
-243
-606
-998
-1344
-1599
-1744
-1814
-1901
-2054
-2198
-2192
-1994
-1730
-1561
-1507
-1432
-1206
-849
-499
-270
-165
-108
-33
77
188
249
214
89
-63
-161
-185
-185
-231
-353
-526
-693
-789
-776
-688
-633
-691
-815
-842
-651
-305
-17
52
-50
-120
-14
214
415
532
644
819
1003
1099
1125
1205
1398
1599
1657
1554
1399
1284
1195
1105
1049
1058
1066
975
802
702
779
928
946
803
747
1061
1697
2227
2213
1680
1155
1179
1762
2344
2346
1744
1079
881
1129
1322
1059
454
-75
-314
-409
-584
-863
-1128
-1321
-1453
-1525
-1558
-1637
-1779
-1792
-1425
-746
-217
-227
-608
-753
-265
614
1260
1289
854
410
288
487
756
806
523
48
-341
-469
-412
-397
-573
-887
-1192
-1401
-1527
-1604
-1629
-1599
-1555
-1564
-1643
-1729
-1712
-1531
-1229
-939
-793
-808
-863
-799
-563
-238
34
164
143
24
-107
-154
-72
75
152
72
-124
-297
-345
-291
-252
-323
-484
-617
-612
-458
-251
-114
-93
-131
-121
-10
164
325
444
549
662
762
823
859
912
995
1084
1160
1225
1280
1314
1319
1311
1290
1220
1073
913
857
953
1098
1133
1008
852
873
1209
1801
2365
2508
2053
1332
1032
1534
2408
2753
2144
1125
595
818
1217
1138
565
-25
-315
-417
-563
-796
-1037
-1277
-1525
-1703
-1748
-1757
-1850
-1908
-1634
-985
-368
-234
-527
-729
-446
181
685
774
522
204
68
224
563
784
622
141
-290
-377
-216
-144
-348
-701
-995
-1188
-1372
-1580
-1735
-1781
-1755
-1731
-1730
-1725
-1685
-1586
-1408
-1161
-905
-715
-621
-578
-511
-372
-169
32
138
99
-41
-152
-131
3
125
123
-3
-168
-289
-335
-315
-251
-189
-195
-304
-460
-531
-437
-228
-40
44
63
119
255
433
583
673
720
764
843
963
1082
1140
1131
1121
1185
1301
1365
1307
1173
1079
1076
1113
1112
1053
983
950
954
965
997
1147
1510
2022
2384
2279
1725
1194
1230
1873
2520
2485
1724
892
632
903
1134
923
406
-68
-370
-600
-822
-1013
-1205
-1473
-1765
-1915
-1895
-1888
-2007
-2053
-1749
-1177
-781
-845
-1115
-1060
-467
346
886
930
636
335
280
503
816
944
743
319
-52
-180
-111
-68
-227
-580
-977
-1294
-1505
-1652
-1772
-1873
-1945
-1978
-1981
-1982
-1980
-1915
-1720
-1418
-1133
-971
-898
-785
-561
-294
-105
-44
-60
-78
-66
-22
58
176
299
347
261
67
-128
-217
-171
-71
-54
-209
-470
-637
-551
-277
-66
-91
-254
-295
-94
207
389
402
382
461
626
779
869
919
967
1028
1112
1219
1308
1307
1207
1113
1144
1282
1371
1286
1087
964
1036
1234
1377
1342
1181
1111
1372
1973
2545
2558
1869
1032
859
1548
2362
2363
1451
481
288
778
1162
925
295
-214
-427
-525
-660
-819
-1014
-1314
-1651
-1809
-1730
-1657
-1805
-1967
-1743
-1119
-598
-597
-897
-895
-335
396
726
493
40
-168
72
584
965
875
347
-203
-352
-106
126
-6
-431
-820
-1002
-1089
-1245
-1474
-1689
-1840
-1924
-1930
-1859
-1774
-1731
-1680
-1518
-1267
-1074
-1023
-1010
-889
-665
-473
-386
-362
-343
-323
-290
-200
-63
24
-8
-77
-55
38
42
-111
-284
-308
-206
-143
-198
-285
-294
-226
-164
-157
-171
-132
-7
160
280
307
294
346
511
720
858
877
844
873
1014
1208
1352
1397
1370
1330
1300
1263
1204
1135
1078
1046
1046
1080
1124
1117
1019
904
957
1311
1839
2168
1975
1338
773
811
1455
2107
2133
1503
801
575
792
987
844
471
130
-102
-311
-530
-713
-879
-1119
-1409
-1577
-1540
-1457
-1514
-1633
-1553
-1218
-904
-861
-966
-878
-482
-18
233
239
147
62
29
123
369
601
553
195
-180
-278
-153
-110
-318
-651
-920
-1104
-1290
-1488
-1636
-1733
-1832
-1918
-1913
-1819
-1745
-1751
-1734
-1570
-1316
-1155
-1149
-1153
-1004
-722
-466
-341
-323
-336
-321
-232
-52
159
287
275
183
108
84
81
81
91
90
21
-117
-225
-204
-100
-67
-189
-365
-404
-226
53
244
253
170
178
382
691
893
872
755
773
987
1219
1283
1207
1172
1251
1338
1327
1253
1206
1181
1101
981
932
986
1009
876
680
693
1064
1612
1933
1759
1239
863
1031
1643
2135
2016
1370
759
615
816
908
654
246
-18
-96
-179
-400
-707
-1003
-1253
-1431
-1482
-1428
-1417
-1554
-1696
-1596
-1231
-870
-725
-688
-518
-210
-2
-11
-56
86
360
515
439
269
162
114
49
-21
-50
-95
-285
-617
-933
-1105
-1191
-1328
-1542
-1743
-1877
-1967
-2017
-1965
-1788
-1587
-1486
-1480
-1445
-1294
-1058
-820
-624
-479
-394
-359
-315
-210
-76
4
-2
-23
24
122
175
132
35
-51
-126
-219
-318
-364
-332
-276
-273
-353
-482
-598
-629
-510
-244
56
227
203
94
88
278
580
830
928
903
858
877
976
1103
1187
1186
1117
1037
1001
1023
1057
1038
943
826
757
758
785
787
740
672
671
879
1350
1877
2074
1745
1181
952
1331
1976
2269
1940
1301
852
775
847
796
575
287
-18
-350
-658
-857
-983
-1183
-1486
-1712
-1704
-1574
-1557
-1673
-1685
-1444
-1132
-1024
-1106
-1085
-770
-290
95
282
326
281
177
123
245
493
618
457
147
-43
-59
-92
-297
-603
-857
-1032
-1198
-1362
-1477
-1565
-1706
-1885
-1970
-1890
-1756
-1708
-1712
-1623
-1407
-1187
-1057
-949
-775
-578
-462
-421
-343
-193
-54
10
58
166
292
325
233
108
41
28
14
-23
-85
-182
-310
-401
-391
-327
-340
-465
-556
-446
-174
38
43
-64
-73
98
358
573
700
767
816
886
1005
1155
1256
1248
1168
1121
1154
1211
1216
1155
1071
986
897
821
808
867
927
901
784
680
740
1040
1487
1831
1819
1431
975
858
1207
1705
1885
1574
1029
627
500
508
463
309
67
-240
-576
-848
-995
-1091
-1268
-1524
-1681
-1613
-1432
-1362
-1439
-1466
-1277
-959
-735
-695
-722
-662
-471
-196
80
248
210
22
-90
57
348
471
274
-60
-267
-314
-383
-592
-873
-1112
-1274
-1366
-1377
-1346
-1398
-1610
-1864
-1933
-1746
-1487
-1371
-1407
-1429
-1332
-1161
-996
-842
-683
-552
-469
-368
-168
79
211
157
37
25
148
291
351
326
249
128
-13
-111
-136
-142
-200
-291
-347
-362
-392
-431
-378
-183
28
84
-13
-82
15
226
419
568
731
903
981
918
823
849
1012
1182
1247
1213
1150
1093
1037
995
984
981
929
827
753
780
877
922
825
637
542
731
1227
1789
2036
1767
1209
878
1099
1670
2053
1913
1418
988
838
831
737
489
169
-156
-459
-692
-825
-954
-1240
-1678
-2026
-2061
-1862
-1718
-1751
-1777
-1602
-1312
-1148
-1139
-1052
-714
-235
152
358
422
371
228
138
274
583
752
573
205
-21
-31
-71
-351
-764
-1062
-1177
-1245
-1369
-1527
-1693
-1907
-2142
-2224
-2018
-1647
-1402
-1404
-1483
-1408
-1155
-874
-666
-493
-309
-148
-43
56
217
402
510
508
474
475
494
484
445
395
304
133
-82
-247
-320
-343
-359
-356
-343
-399
-573
-742
-707
-435
-134
-3
8
108
363
607
680
653
723
954
1218
1378
1434
1450
1443
1402
1357
1340
1306
1195
1054
1009
1067
1052
809
449
256
362
585
653
510
355
401
695
1124
1515
1682
1507
1105
830
994
1510
1926
1877
1446
1016
830
786
679
457
200
-60
-358
-669
-903
-1052
-1245
-1555
-1855
-1944
-1810
-1641
-1571
-1508
-1313
-1032
-842
-797
-760
-591
-313
-38
186
355
417
323
161
103
199
288
213
21
-122
-190
-316
-582
-891
-1112
-1246
-1368
-1480
-1530
-1540
-1600
-1719
-1777
-1680
-1493
-1346
-1264
-1167
-1001
-807
-637
-486
-351
-272
-257
-210
-20
269
469
458
320
237
276
349
348
260
132
6
-90
-122
-93
-87
-193
-374
-470
-386
-217
-138
-185
-219
-108
109
296
387
435
506
610
721
829
936
1029
1100
1162
1220
1245
1203
1129
1103
1162
1235
1226
1111
958
828
734
666
647
705
819
901
869
737
644
769
1176
1707
2047
1956
1504
1061
996
1335
1734
1818
1530
1135
889
804
712
491
155
-223
-576
-828
-927
-945
-1068
-1404
-1814
-2034
-1966
-1770
-1628
-1520
-1308
-993
-748
-680
-682
-577
-355
-143
2
153
343
475
457
360
318
337
290
123
-57
-143
-198
-360
-643
-924
-1122
-1275
-1431
-1532
-1516
-1446
-1449
-1540
-1585
-1489
-1319
-1201
-1148
-1065
-900
-708
-561
-452
-344
-246
-179
-105
41
241
371
334
192
105
169
323
424
384
215
-1
-165
-203
-111
9
17
-122
-276
-284
-138
3
13
-60
-60
79
276
410
451
460
512
627
770
887
961
1022
1108
1218
1304
1311
1241
1154
1113
1127
1154
1144
1085
990
876
757
661
619
639
679
684
624
527
462
529
790
1206
1601
1765
1615
1299
1090
1163
1431
1626
1563
1299
1044
910
813
617
310
-6
-255
-448
-615
-751
-890
-1115
-1454
-1765
-1861
-1737
-1585
-1535
-1501
-1334
-1078
-920
-910
-862
-597
-200
86
148
108
116
178
213
219
244
280
250
139
22
-68
-225
-523
-863
-1058
-1074
-1076
-1208
-1420
-1568
-1617
-1641
-1669
-1630
-1488
-1320
-1217
-1150
-1027
-830
-647
-545
-487
-399
-263
-115
27
174
306
359
317
255
273
375
469
460
344
184
51
-13
-7
17
-20
-144
-280
-302
-180
-22
42
10
-8
74
225
365
460
531
590
644
717
842
999
1111
1139
1136
1185
1272
1305
1238
1139
1095
1093
1044
921
807
767
747
641
446
282
251
328
427
490
506
456
353
310
489
919
1402
1651
1557
1278
1080
1103
1283
1461
1508
1412
1246
1103
997
861
616
268
-93
-364
-509
-570
-643
-824
-1138
-1494
-1732
-1754
-1602
-1397
-1214
-1054
-920
-850
-842
-809
-665
-448
-277
-196
-119
28
183
225
139
36
-11
-47
-137
-247
-307
-346
-474
-723
-985
-1143
-1220
-1310
-1425
-1479
-1438
-1378
-1369
-1374
-1313
-1198
-1104
-1044
-944
-774
-602
-507
-464
-388
-264
-161
-114
-67
35
157
221
219
222
283
368
413
387
305
196
97
53
89
166
197
129
-8
-129
-167
-105
26
174
271
285
252
255
340
471
575
634
698
802
911
966
953
912
877
850
835
857
931
1015
1032
944
784
624
502
423
395
444
559
669
697
639
553
505
540
704
1015
1382
1613
1573
1331
1104
1043
1102
1142
1107
1056
1039
1011
889
656
368
77
-210
-463
-612
-634
-642
-802
-1137
-1476
-1623
-1559
-1415
-1283
-1141
-967
-838
-830
-881
-850
-710
-583
-551
-517
-348
-85
88
77
-24
-84
-107
-171
-276
-339
-341
-378
-537
-763
-935
-1014
-1064
-1136
-1204
-1223
-1205
-1184
-1154
-1094
-1029
-1009
-1024
-994
-861
-670
-512
-418
-349
-276
-223
-204
-176
-91
25
97
96
77
97
150
186
185
158
107
28
-46
-51
20
87
62
-36
-107
-95
-50
-54
-111
-159
-153
-90
8
124
224
276
289
326
439
608
759
850
899
945
990
1007
988
954
936
948
981
1004
979
885
743
607
510
443
390
365
389
440
451
386
277
207
249
447
799
1215
1514
1535
1297
1009
892
976
1114
1171
1159
1156
1167
1096
869
522
146
-200
-485
-664
-709
-691
-759
-990
-1300
-1533
-1627
-1626
-1557
-1373
-1072
-791
-700
-801
-917
-889
-734
-565
-422
-259
-63
96
161
155
124
47
-118
-332
-473
-480
-432
-464
-614
-814
-997
-1162
-1321
-1433
-1446
-1370
-1267
-1183
-1116
-1067
-1058
-1080
-1070
-979
-826
-667
-514
-339
-153
-20
19
-1
-9
25
87
153
216
259
261
222
174
137
85
-9
-119
-171
-129
-37
21
-3
-90
-186
-241
-221
-129
-10
74
105
128
210
347
471
525
537
585
706
868
1010
1091
1090
1012
900
820
798
794
753
679
625
605
571
473
329
196
109
53
9
-11
20
93
167
209
234
294
431
657
953
1262
1501
1592
1517
1357
1230
1197
1210
1190
1116
1034
966
865
668
370
22
-316
-601
-790
-868
-883
-935
-1091
-1310
-1477
-1506
-1405
-1246
-1085
-943
-830
-768
-764
-785
-778
-711
-583
-408
-202
-12
102
103
20
-91
-195
-285
-343
-350
-326
-342
-456
-653
-862
-1037
-1178
-1284
-1318
-1258
-1146
-1064
-1045
-1053
-1034
-977
-902
-821
-727
-615
-493
-368
-240
-122
-42
-11
2
37
109
191
262
316
352
353
304
223
144
88
46
3
-36
-53
-39
-12
-6
-41
-103
-134
-84
37
146
173
130
106
158
257
336
384
445
548
662
738
769
780
781
766
746
754
791
810
759
656
558
493
432
345
257
217
225
238
228
224
255
300
311
288
288
364
516
719
966
1244
1481
1579
1512
1370
1266
1219
1165
1060
948
883
847
764
593
349
63
-255
-574
-822
-943
-968
-992
-1074
-1177
-1235
-1250
-1287
-1379
-1463
-1447
-1306
-1097
-881
-678
-500
-371
-306
-268
-214
-142
-84
-48
-3
60
91
33
-100
-235
-323
-387
-477
-591
-689
-753
-808
-884
-970
-1033
-1062
-1064
-1040
-976
-878
-781
-717
-683
-648
-588
-503
-404
-302
-207
-128
-66
-14
34
80
129
191
263
315
321
286
245
220
195
147
79
25
6
13
21
19
11
7
9
13
12
5
-2
7
46
113
198
289
388
496
596
662
685
685
694
718
743
768
805
851
869
821
727
646
608
580
514
412
320
267
236
212
209
245
292
303
273
253
287
376
497
651
859
1104
1316
1423
1418
1349
1269
1191
1109
1031
973
937
895
805
644
415
151
-109
-335
-519
-672
-807
-925
-1016
-1077
-1117
-1154
-1195
-1233
-1255
-1252
-1219
-1146
-1026
-869
-711
-591
-518
-470
-421
-366
-317
-281
-255
-228
-195
-162
-149
-175
-242
-333
-423
-501
-569
-628
-671
-696
-707
-712
-717
-722
-732
-741
-740
-722
-693
-654
-595
-508
-412
-340
-304
-277
-232
-170
-113
-62
2
85
166
223
257
287
313
315
280
229
199
203
222
230
221
197
148
68
-17
-62
-40
27
102
166
227
283
324
346
367
397
433
464
495
547
623
702
748
746
714
682
664
652
632
597
546
480
400
313
241
203
201
221
247
277
315
354
379
380
381
422
524
669
821
961
1102
1243
1351
1382
1332
1245
1171
1123
1080
1025
953
863
744
590
410
221
30
-173
-387
-587
-740
-835
-891
-938
-984
-1025
-1062
-1106
-1162
-1213
-1238
-1228
-1188
-1116
-1001
-849
-694
-573
-496
-444
-395
-347
-310
-275
-227
-160
-94
-57
-64
-112
-184
-256
-312
-350
-390
-447
-514
-566
-590
-608
-650
-716
-770
-780
-748
-702
-660
-616
-555
-482
-418
-372
-337
-294
-238
-173
-98
-9
90
175
223
231
221
216
227
254
293
333
358
355
322
266
202
141
96
79
99
143
186
205
202
198
207
227
248
269
295
331
374
420
461
486
489
481
482
500
524
541
548
557
579
600
599
559
495
438
409
400
394
380
367
361
364
373
390
419
460
507
557
615
691
786
889
982
1056
1112
1153
1177
1172
1128
1044
930
798
660
525
398
273
134
-39
-247
-471
-684
-874
-1048
-1208
-1344
-1445
-1512
-1556
-1581
-1581
-1553
-1499
-1427
-1339
-1230
-1099
-949
-792
-641
-507
-393
-295
-205
-112
-19
57
99
108
101
86
53
-15
-106
-199
-273
-330
-378
-427
-480
-538
-592
-635
-664
-682
-689
-684
-668
-654
-646
-624
-565
-461
-337
-227
-142
-69
5
79
143
194
241
291
344
397
452
501
533
528
488
430
377
333
290
248
227
239
260
253
199
126
74
58
57
52
47
67
115
173
218
247
278
325
379
423
449
466
483
500
512
522
538
554
552
521
475
442
432
426
409
387
377
379
377
370
378
418
477
537
597
671
756
828
869
892
922
960
982
961
901
824
747
665
564
441
306
173
40
-102
-265
-446
-632
-802
-943
-1049
-1131
-1205
-1280
-1355
-1417
-1462
-1486
-1484
-1439
-1337
-1195
-1049
-927
-822
-711
-584
-455
-340
-235
-133
-36
42
96
133
158
158
122
58
-11
-72
-129
-198
-279
-366
-450
-531
-602
-656
-688
-701
-705
-709
-715
-716
-702
-666
-610
-539
-449
-340
-219
-103
-1
83
152
201
232
260
302
356
398
413
406
391
371
339
296
254
222
199
178
156
136
119
105
95
84
71
59
61
85
126
170
205
233
258
274
276
264
251
253
279
328
387
438
469
474
457
429
400
374
353
338
335
345
361
368
355
332
322
333
357
375
386
402
437
490
552
616
678
733
777
812
843
872
889
880
839
767
675
575
474
374
261
124
-39
-213
-381
-539
-688
-820
-927
-1009
-1087
-1176
-1264
-1324
-1341
-1326
-1298
-1260
-1204
-1125
-1032
-936
-840
-737
-617
-478
-337
-216
-124
-52
12
62
84
79
56
25
-20
-82
-157
-231
-301
-372
-455
-549
-641
-718
-770
-799
-804
-784
-745
-699
-659
-624
-583
-524
-445
-348
-240
-133
-35
50
130
206
274
323
360
402
455
503
515
480
419
363
325
293
249
189
129
91
79
82
78
52
11
-26
-39
-20
19
62
102
141
179
214
252
298
356
413
465
517
579
640
673
670
653
650
662
663
637
593
549
509
461
403
346
306
284
273
272
284
312
349
391
435
486
542
595
642
694
760
836
894
911
889
852
821
798
767
706
610
486
351
211
62
-104
-281
-456
-616
-762
-899
-1023
-1128
-1212
-1279
-1328
-1350
-1337
-1293
-1233
-1163
-1077
-970
-857
-757
-669
-576
-469
-356
-254
-170
-106
-63
-44
-37
-31
-28
-51
-107
-179
-238
-284
-335
-402
-471
-526
-571
-616
-656
-676
-677
-678
-691
-701
-683
-635
-576
-514
-437
-334
-227
-153
-122
-99
-43
46
129
185
231
296
375
434
447
421
390
378
384
388
374
343
303
258
202
145
104
87
82
72
61
64
85
114
137
161
199
253
308
349
372
396
435
488
537
568
576
563
536
508
491
489
490
485
470
454
437
420
403
393
393
402
416
431
444
458
483
524
577
629
673
714
761
807
835
838
825
815
809
793
754
695
620
528
411
277
144
22
-99
-235
-382
-516
-621
-708
-794
-880
-948
-991
-1016
-1038
-1057
-1063
-1047
-1010
-958
-896
-830
-762
-688
-600
-500
-405
-333
-289
-260
-234
-206
-180
-155
-137
-132
-146
-174
-211
-252
-294
-334
-376
-424
-481
-534
-571
-591
-606
-624
-632
-613
-572
-528
-491
-454
-408
-357
-311
-268
-215
-142
-58
21
81
127
168
212
248
264
257
243
233
231
230
231
236
243
239
220
193
168
147
127
112
111
128
154
177
194
214
246
283
314
331
342
358
380
402
418
431
446
460
464
452
434
424
424
429
437
448
463
474
477
479
489
511
529
532
524
523
541
573
606
638
672
709
738
753
757
756
751
741
730
721
704
664
596
514
435
359
272
166
54
-47
-131
-212
-302
-393
-471
-539
-611
-687
-749
-784
-806
-832
-859
-863
-835
-795
-767
-753
-731
-690
-635
-580
-527
-475
-429
-397
-377
-364
-347
-321
-284
-244
-218
-216
-235
-261
-283
-308
-335
-359
-374
-391
-423
-470
-514
-537
-539
-537
-537
-534
-519
-492
-462
-438
-418
-390
-344
-282
-218
-159
-103
-42
22
77
116
138
153
171
197
228
253
262
255
242
232
225
213
191
161
135
125
130
136
131
118
112
120
137
153
164
174
183
189
192
202
227
262
300
333
362
386
399
395
378
363
360
371
390
408
424
437
448
457
467
475
480
481
486
501
528
555
574
586
601
622
639
643
637
636
645
658
660
647
628
617
612
598
563
506
438
364
281
180
61
-65
-182
-280
-362
-440
-517
-586
-637
-673
-711
-759
-806
-827
-815
-786
-763
-754
-744
-716
-675
-634
-599
-564
-524
-484
-447
-407
-358
-307
-273
-264
-271
-275
-271
-263
-262
-271
-285
-301
-316
-332
-351
-375
-405
-435
-461
-485
-507
-526
-534
-527
-513
-499
-481
-449
-402
-352
-309
-272
-229
-175
-114
-51
13
75
126
156
165
165
167
173
177
170
154
131
109
97
100
111
116
106
88
78
84
95
99
98
102
120
145
167
182
192
202
210
215
220
230
248
267
277
281
287
300
315
327
342
362
378
381
373
370
380
396
404
403
402
410
424
436
440
441
451
474
504
527
539
546
556
570
577
571
558
545
533
512
471
417
366
326
286
232
162
89
24
-35
-99
-174
-253
-327
-395
-457
-512
-554
-579
-589
-591
-595
-603
-605
-588
-549
-504
-476
-469
-468
-453
-423
-393
-376
-369
-365
-354
-338
-323
-316
-323
-341
-358
-369
-383
-408
-439
-462
-471
-479
-499
-530
-555
-559
-548
-535
-525
-509
-475
-430
-392
-364
-335
-289
-226
-163
-108
-60
-17
23
58
87
112
136
157
173
183
183
176
162
142
116
88
62
43
26
2
-25
-44
-46
-39
-32
-30
-25
-10
13
39
70
109
151
187
209
222
235
252
272
293
317
342
366
382
387
381
371
358
346
339
338
339
338
332
318
303
295
299
310
320
329
346
379
416
442
451
459
480
514
543
557
562
574
592
601
587
555
524
500
470
420
356
291
232
172
104
33
-29
-81
-126
-170
-211
-254
-304
-362
-418
-457
-474
-474
-469
-463
-454
-442
-428
-415
-402
-386
-363
-335
-306
-279
-257
-244
-240
-244
-256
-272
-291
-312
-338
-365
-392
-419
-447
-476
-496
-503
-499
-497
-498
-498
-490
-476
-461
-449
-433
-407
-369
-325
-285
-251
-221
-195
-172
-154
-136
-114
-86
-57
-31
-9
11
26
33
31
26
21
18
17
17
14
9
6
12
27
35
27
6
-8
-1
23
51
76
97
114
128
145
170
209
253
288
306
315
326
346
362
364
350
327
307
295
294
300
308
314
314
314
313
312
307
302
302
313
329
342
349
357
372
398
428
452
466
474
480
487
491
492
493
499
508
502
470
415
360
325
304
273
221
159
109
78
51
11
-45
-103
-151
-190
-221
-247
-264
-272
-273
-274
-281
-294
-304
-305
-296
-287
-288
-299
-307
-306
-300
-297
-304
-316
-327
-335
-340
-342
-346
-355
-372
-390
-400
-399
-393
-389
-388
-387
-384
-380
-381
-388
-398
-399
-383
-353
-322
-299
-279
-250
-214
-184
-171
-168
-159
-138
-116
-107
-108
-107
-90
-64
-47
-48
-60
-64
-57
-50
-54
-68
-78
-78
-69
-59
-52
-46
-33
-14
11
36
57
71
80
89
103
121
136
140
136
131
135
146
155
157
156
165
187
215
235
240
235
227
219
213
210
212
222
242
266
287
298
298
294
295
303
316
328
344
366
391
411
421
425
431
437
437
430
426
434
450
454
438
407
377
354
338
321
303
283
257
218
172
134
118
119
124
119
105
87
64
33
-5
-46
-82
-112
-139
-168
-198
-225
-246
-264
-282
-298
-309
-310
-303
-295
-291
-290
-292
-298
-309
-319
-323
-318
-314
-317
-329
-342
-348
-348
-350
-355
-359
-356
-344
-328
-316
-309
-305
-298
-286
-276
-272
-267
-256
-236
-218
-208
-203
-192
-175
-159
-151
-145
-133
-115
-103
-101
-102
-96
-87
-82
-85
-85
-78
-65
-57
-53
-45
-31
-16
-8
-4
7
26
42
43
38
37
44
49
47
45
54
76
102
120
123
114
98
83
76
78
80
75
66
69
94
134
171
187
180
165
155
155
158
159
164
182
208
229
236
239
254
289
329
355
362
361
363
367
363
354
348
354
366
368
353
332
320
318
311
289
259
240
239
246
245
231
206
175
139
105
83
79
84
83
68
44
21
1
-17
-37
-58
-78
-97
-116
-138
-166
-197
-225
-243
-249
-247
-244
-248
-262
-279
-293
-303
-313
-326
-338
-345
-342
-334
-330
-338
-353
-361
-354
-337
-320
-309
-301
-290
-280
-274
-272
-270
-268
-265
-263
-262
-258
-250
-237
-220
-208
-206
-213
-213
-198
-171
-150
-142
-144
-145
-142
-139
-134
-125
-110
-94
-84
-77
-65
-45
-26
-21
-29
-37
-33
-18
5
30
54
74
87
92
90
81
69
62
65
76
85
87
87
90
91
88
81
80
90
106
119
127
134
149
169
188
198
199
199
203
212
222
228
229
224
215
206
205
219
242
265
274
271
264
261
265
272
281
291
301
306
301
285
262
239
222
213
209
208
207
205
198
185
167
147
127
111
98
87
76
65
57
51
47
38
18
-13
-42
-60
-67
-74
-92
-121
-153
-178
-193
-202
-208
-209
-208
-208
-214
-221
-226
-229
-236
-251
-266
-272
-265
-258
-261
-273
-282
-278
-265
-252
-247
-243
-236
-225
-217
-220
-231
-240
-242
-236
-224
-210
-195
-179
-163
-151
-145
-141
-135
-122
-107
-100
-100
-103
-102
-95
-85
-72
-54
-33
-15
-5
0
6
14
17
14
5
-5
-12
-16
-12
0
17
28
28
25
26
32
36
33
28
27
31
35
38
43
54
67
76
83
94
113
131
142
144
147
156
169
181
189
196
205
215
226
236
243
241
231
222
223
237
253
260
254
246
243
243
237
225
215
216
221
215
194
168
151
144
137
123
108
100
98
96
88
77
66
53
35
15
0
-6
-10
-20
-37
-58
-75
-88
-98
-106
-111
-113
-112
-112
-116
-123
-129
-131
-129
-127
-126
-124
-116
-101
-87
-81
-84
-92
-98
-98
-92
-85
-83
-90
-106
-128
-150
-165
-168
-163
-159
-162
-169
-172
-166
-159
-163
-180
-200
-208
-196
-173
-149
-132
-121
-115
-113
-116
-122
-124
-117
-102
-89
-84
-85
-83
-72
-56
-40
-32
-33
-37
-39
-35
-28
-23
-22
-24
-27
-30
-30
-28
-25
-19
-12
-4
