83
90
63
29
19
28
26
2
-20
-12
14
26
7
-25
-43
-37
-22
-18
-37
-67
-80
-55
1
50
59
34
12
21
54
73
55
10
-29
-42
-32
-15
2
22
44
57
51
28
3
-12
-17
-23
-31
-37
-37
-32
-27
-23
-20
-19
-18
-17
-11
-6
-18
-45
-64
-44
18
85
116
100
68
47
37
15
-21
-55
-68
-58
-37
-12
15
32
20
-30
-89
-116
-90
-34
12
31
38
51
64
60
30
-13
-51
-69
-58
-18
33
67
66
37
5
-9
-12
-22
-49
-84
-108
-108
-77
-25
23
42
30
10
13
39
55
35
-12
-46
-39
-2
26
22
-3
-16
1
33
49
33
0
-21
-15
9
32
46
52
51
43
31
22
22
25
25
22
21
25
35
47
58
61
54
38
21
8
-3
-14
-23
-21
-7
13
31
43
48
45
29
5
-19
-36
-48
-60
-68
-65
-57
-53
-61
-74
-79
-71
-58
-51
-49
-44
-32
-13
5
16
17
8
-13
-39
-64
-82
-91
-91
-80
-54
-23
-1
-2
-18
-32
-36
-38
-46
-54
-42
-5
40
63
52
29
18
23
27
18
6
8
22
33
33
30
34
49
68
88
108
120
120
109
102
105
108
98
75
61
69
89
96
80
51
25
6
-10
-18
-9
20
49
59
45
20
-3
-21
-44
-78
-117
-150
-166
-163
-152
-148
-157
-170
-176
-172
-168
-176
-193
-211
-227
-247
-275
-306
-332
-353
-369
-379
-378
-363
-334
-294
-243
-185
-128
-81
-45
-17
12
40
61
68
73
92
138
206
281
356
429
498
555
587
583
549
508
488
502
534
555
551
539
545
580
628
663
672
664
654
652
652
637
596
527
441
357
277
194
96
-11
-107
-179
-229
-269
-303
-329
-348
-363
-373
-376
-374
-382
-415
-473
-542
-613
-680
-749
-826
-914
-1007
-1097
-1171
-1220
-1242
-1237
-1210
-1165
-1101
-1014
-907
-805
-729
-681
-638
-580
-501
-406
-291
-148
8
135
201
211
207
223
252
265
247
223
228
271
331
393
462
559
701
894
1141
1441
1784
2163
2554
2902
3120
3131
2921
2534
2033
1460
851
257
-260
-656
-930
-1104
-1207
-1267
-1306
-1325
-1301
-1206
-1028
-763
-408
42
555
1042
1393
1533
1462
1220
846
361
-185
-693
-1057
-1245
-1301
-1290
-1248
-1206
-1217
-1323
-1502
-1680
-1809
-1902
-1983
-2017
-1944
-1761
-1537
-1339
-1166
-977
-755
-514
-262
-2
243
429
531
566
559
497
337
60
-290
-630
-906
-1109
-1256
-1325
-1261
-1022
-642
-218
180
570
1036
1646
2422
3341
4308
5122
5553
5491
5026
4315
3428
2340
1068
-239
-1365
-2141
-2524
-2599
-2549
-2551
-2679
-2846
-2913
-2815
-2613
-2366
-2027
-1462
-609
455
1576
2621
3482
4021
4144
3900
3483
3030
2519
1874
1156
547
151
-127
-475
-990
-1634
-2305
-2912
-3360
-3570
-3516
-3233
-2758
-2096
-1275
-419
300
768
980
987
840
595
325
91
-98
-266
-416
-536
-641
-788
-1034
-1379
-1779
-2154
-2417
-2524
-2501
-2414
-2259
-1981
-1569
-1133
-794
-569
-378
-165
79
384
802
1340
1953
2681
3671
4983
6333
7184
7146
6277
4939
3425
1792
25
-1741
-3217
-4132
-4407
-4164
-3619
-2969
-2372
-1940
-1686
-1487
-1180
-723
-204
338
1008
1931
3042
4090
4796
4978
4583
3672
2438
1134
-28
-952
-1609
-1986
-2076
-1912
-1561
-1124
-744
-599
-797
-1238
-1634
-1717
-1448
-996
-529
-65
457
1012
1438
1543
1260
679
-1
-586
-967
-1161
-1266
-1361
-1431
-1417
-1334
-1305
-1443
-1723
-2009
-2192
-2244
-2154
-1893
-1471
-983
-517
-87
327
649
738
516
78
-369
-642
-655
-436
-79
334
859
1683
2938
4446
5717
6246
5871
4835
3529
2195
845
-568
-1960
-3072
-3639
-3574
-3024
-2260
-1578
-1198
-1157
-1250
-1171
-787
-250
229
640
1160
1898
2734
3412
3702
3471
2702
1563
381
-544
-1147
-1559
-1849
-1898
-1569
-929
-224
331
656
746
604
303
2
-163
-212
-274
-410
-533
-529
-402
-292
-339
-579
-913
-1186
-1285
-1211
-1055
-906
-788
-696
-639
-650
-759
-985
-1308
-1641
-1846
-1846
-1693
-1489
-1286
-1057
-798
-552
-381
-305
-337
-494
-751
-1007
-1144
-1112
-884
-387
476
1698
3198
4879
6569
7845
8180
7377
5772
3887
1941
-133
-2302
-4222
-5458
-5790
-5311
-4329
-3257
-2453
-2028
-1793
-1422
-755
89
892
1607
2410
3430
4513
5295
5464
4896
3611
1783
-202
-1863
-2946
-3549
-3855
-3827
-3289
-2262
-1066
-47
664
1098
1286
1298
1327
1540
1848
1952
1694
1216
719
209
-434
-1204
-1948
-2496
-2736
-2577
-2011
-1225
-519
-70
153
233
135
-218
-772
-1350
-1809
-2101
-2188
-2028
-1682
-1349
-1190
-1167
-1121
-1006
-913
-939
-1053
-1172
-1246
-1260
-1194
-1029
-787
-467
-17
685
1761
3320
5334
7451
8947
9129
7871
5668
3111
438
-2317
-4928
-6925
-7909
-7754
-6587
-4746
-2799
-1345
-583
-159
466
1443
2448
3144
3584
4097
4812
5470
5663
5143
3861
1884
-545
-2931
-4711
-5608
-5747
-5384
-4616
-3424
-1880
-218
1295
2441
3067
3170
3028
3083
3495
3908
3744
2795
1386
-33
-1292
-2467
-3539
-4316
-4593
-4298
-3456
-2183
-746
471
1175
1343
1146
729
113
-679
-1509
-2165
-2506
-2521
-2268
-1831
-1336
-938
-725
-642
-585
-520
-531
-670
-904
-1132
-1292
-1389
-1457
-1526
-1495
-1117
-88
1700
4084
6712
9101
10621
10665
9032
6150
2783
-492
-3469
-6064
-8007
-8881
-8383
-6590
-4028
-1502
277
1099
1332
1565
2103
2783
3293
3561
3820
4267
4796
5025
4567
3210
988
-1752
-4371
-6190
-6865
-6511
-5462
-3976
-2210
-329
1441
2884
3815
4129
3932
3602
3573
3932
4318
4211
3347
1809
-181
-2395
-4579
-6370
-7410
-7486
-6587
-4838
-2478
122
2490
4146
4740
4186
2714
760
-1238
-2956
-4165
-4731
-4686
-4224
-3549
-2722
-1764
-812
-123
129
13
-268
-524
-734
-981
-1348
-1836
-2359
-2779
-2820
-2169
-663
1559
4280
7394
10605
13022
13457
11427
7617
3184
-1216
-5436
-9115
-11417
-11645
-9827
-6614
-2839
651
3041
3940
3738
3314
3199
3234
3112
2924
3009
3384
3711
3670
3111
1868
-240
-2966
-5478
-6862
-6821
-5755
-4205
-2410
-424
1563
3170
4094
4269
3871
3251
2862
3044
3707
4307
4168
2953
835
-1714
-4209
-6303
-7706
-8156
-7473
-5697
-3110
-155
2645
4752
5695
5262
3641
1363
-976
-2980
-4505
-5506
-5888
-5561
-4596
-3286
-1957
-809
67
578
643
371
-20
-396
-841
-1439
-2091
-2606
-2890
-2944
-2610
-1552
551
3709
7515
11194
13783
14471
12959
9600
5124
262
-4407
-8328
-10931
-11801
-10863
-8377
-4863
-1104
1956
3613
3919
3612
3426
3473
3390
3030
2687
2692
2929
2969
2481
1375
-317
-2467
-4645
-6178
-6548
-5732
-4106
-2087
7
1862
3157
3723
3655
3152
2360
1478
936
1251
2495
4035
4874
4340
2436
-366
-3425
-6117
-7874
-8340
-7466
-5455
-2653
459
3247
5071
5495
4445
2258
-389
-2733
-4289
-5012
-5112
-4774
-4077
-3095
-1987
-990
-372
-295
-639
-1032
-1113
-891
-653
-660
-904
-1239
-1584
-1876
-1985
-1685
-842
638
2932
6207
10092
13318
14303
12373
8358
3739
-654
-4851
-8754
-11487
-12028
-10249
-6973
-3172
507
3493
5110
5097
4076
3130
2846
2961
2990
2847
2792
2904
2898
2359
1016
-1079
-3505
-5551
-6590
-6414
-5193
-3215
-775
1673
3547
4482
4561
4109
3294
2124
823
-27
125
1246
2674
3567
3380
2039
-157
-2663
-4860
-6226
-6497
-5683
-4000
-1759
668
2809
4109
4118
2790
600
-1703
-3505
-4539
-4798
-4368
-3429
-2332
-1462
-996
-809
-716
-723
-951
-1403
-1835
-2013
-1887
-1592
-1290
-1139
-1315
-1808
-2254
-2013
-619
1968
5439
9246
12555
14292
13645
10596
5949
782
-4040
-7958
-10548
-11480
-10609
-8100
-4479
-591
2611
4491
5014
4662
4003
3380
2951
2778
2837
2946
2917
2669
2143
1127
-634
-3012
-5329
-6697
-6635
-5329
-3307
-1003
1357
3481
4880
5157
4362
2972
1490
218
-627
-775
-52
1350
2868
3824
3690
2289
-109
-2786
-4904
-5938
-5851
-4870
-3202
-1068
1096
2661
3140
2490
1053
-708
-2373
-3577
-4039
-3712
-2832
-1802
-975
-521
-445
-635
-948
-1292
-1625
-1910
-2014
-1835
-1417
-968
-719
-810
-1284
-1948
-2344
-1899
-324
2283
5651
9392
12721
14379
13303
9510
4192
-1179
-5711
-9098
-11078
-11267
-9524
-6284
-2422
1117
3544
4436
3952
2877
2121
2082
2535
3075
3571
3994
4119
3565
2151
39
-2480
-5060
-7151
-7990
-7081
-4670
-1594
1308
3575
5003
5421
4769
3272
1419
-266
-1360
-1558
-748
853
2667
3986
4275
3307
1212
-1530
-4147
-5869
-6295
-5506
-3871
-1797
297
1914
2597
2183
940
-627
-2035
-2958
-3235
-2888
-2162
-1420
-933
-771
-867
-1143
-1504
-1810
-1960
-1944
-1809
-1508
-1016
-498
-275
-556
-1258
-2124
-2779
-2781
-1773
283
3191
6756
10574
13540
14090
11442
6499
1156
-3260
-6575
-8982
-10179
-9611
-7257
-3869
-479
2110
3423
3379
2418
1435
1228
1930
3088
4146
4826
5003
4505
3171
1015
-1704
-4544
-6876
-7980
-7355
-5090
-1921
1189
3518
4747
4836
3922
2364
685
-638
-1339
-1330
-570
862
2612
4064
4600
3910
2066
-486
-3046
-4851
-5406
-4713
-3181
-1360
276
1376
1724
1309
339
-831
-1839
-2433
-2521
-2162
-1521
-850
-427
-448
-902
-1549
-2104
-2419
-2492
-2361
-2000
-1443
-847
-432
-319
-520
-1043
-1802
-2498
-2613
-1703
411
3624
7508
11185
13442
13305
10666
6317
1415
-3068
-6540
-8679
-9324
-8432
-6185
-3111
-47
2113
2848
2273
1137
439
820
2205
3920
5276
5902
5688
4545
2421
-460
-3572
-6256
-7920
-8085
-6527
-3573
-146
2659
4204
4486
3816
2508
887
-603
-1524
-1635
-888
603
2461
3981
4458
3733
2279
704
-768
-2191
-3429
-4041
-3685
-2529
-1152
-135
221
-57
-705
-1357
-1729
-1727
-1395
-853
-307
-4
-71
-426
-940
-1574
-2298
-2907
-3075
-2630
-1717
-768
-208
-238
-698
-1215
-1516
-1615
-1709
-1871
-1946
-1637
-653
1267
4230
7872
11141
12643
11508
8080
3681
-360
-3462
-5699
-7136
-7529
-6628
-4633
-2230
-231
771
655
-142
-730
-264
1410
3622
5405
6218
6061
5104
3410
1058
-1654
-4259
-6213
-6934
-5994
-3543
-503
1931
3084
3067
2371
1369
262
-707
-1224
-1071
-275
951
2270
3236
3383
2509
964
-499
-1252
-1259
-965
-779
-746
-685
-545
-524
-852
-1535
-2282
-2683
-2466
-1695
-737
-30
181
-81
-632
-1262
-1775
-2031
-2021
-1871
-1692
-1437
-1025
-565
-409
-785
-1515
-2119
-2251
-1977
-1624
-1442
-1386
-1217
-692
369
2197
4954
8279
10992
11649
9680
5951
2024
-1128
-3530
-5506
-6878
-7085
-5911
-3840
-1744
-344
45
-387
-952
-737
765
3169
5477
6818
6956
6077
4385
2044
-634
-3158
-5070
-6032
-5778
-4229
-1811
508
1787
1789
1025
171
-431
-730
-657
-101
893
2044
2999
3474
3277
2387
1090
-52
-586
-507
-212
-136
-474
-1162
-1964
-2584
-2832
-2757
-2558
-2301
-1806
-899
232
1038
1037
256
-787
-1491
-1617
-1382
-1198
-1295
-1544
-1636
-1434
-1152
-1125
-1482
-2007
-2328
-2203
-1666
-990
-494
-355
-458
-407
359
2266
5256
8533
10781
10893
8772
5411
2071
-630
-2815
-4644
-5833
-5938
-4934
-3342
-1846
-957
-846
-1272
-1567
-959
844
3369
5655
6914
6914
5880
4135
1902
-609
-3026
-4806
-5438
-4709
-2904
-802
655
933
257
-634
-1143
-1181
-928
-415
495
1754
2986
3752
3855
3315
2195
668
-806
-1617
-1510
-862
-370
-454
-1033
-1750
-2326
-2664
-2778
-2660
-2225
-1386
-237
849
1375
1048
-7
-1302
-2278
-2596
-2288
-1674
-1120
-805
-681
-640
-691
-984
-1590
-2327
-2799
-2682
-2000
-1123
-501
-318
-404
-367
219
1717
4220
7226
9554
9977
8199
5161
2237
76
-1603
-3213
-4542
-4979
-4315
-3087
-2119
-1861
-2166
-2457
-2026
-424
2159
4855
6654
7057
6278
4844
3138
1288
-629
-2373
-3512
-3627
-2664
-1150
13
121
-814
-2081
-2821
-2621
-1664
-407
789
1756
2411
2717
2715
2479
2033
1419
865
734
1153
1742
1818
935
-787
-2753
-4277
-4918
-4646
-3779
-2724
-1709
-756
100
638
593
-31
-852
-1372
-1341
-906
-444
-300
-595
-1181
-1771
-2144
-2308
-2391
-2442
-2323
-1895
-1240
-666
-442
-580
-864
-1001
-710
307
2268
5047
7898
9620
9248
6863
3679
1123
-235
-868
-1445
-2079
-2469
-2552
-2690
-3220
-4043
-4698
-4671
-3567
-1237
1958
5031
6802
6711
5204
3291
1738
713
25
-470
-732
-681
-401
-232
-622
-1766
-3293
-4384
-4332
-3067
-1165
602
1737
2145
2031
1736
1569
1638
1821
1962
2095
2341
2592
2391
1282
-683
-2805
-4208
-4465
-3847
-2984
-2333
-1928
-1565
-1131
-716
-463
-396
-419
-431
-380
-256
-138
-229
-704
-1449
-2044
-2106
-1679
-1202
-1123
-1513
-2044
-2279
-2030
-1482
-989
-737
-601
-267
603
2247
4607
7040
8431
7929
5801
3393
1997
1776
1838
1333
229
-974
-2007
-3042
-4267
-5469
-6132
-5772
-4168
-1493
1610
4154
5310
4975
3814
2727
2215
2218
2391
2434
2215
1723
986
1
-1266
-2720
-3969
-4450
-3856
-2494
-1122
-378
-352
-660
-820
-521
316
1552
2861
3852
4267
4094
3457
2468
1201
-192
-1403
-2122
-2292
-2233
-2414
-3060
-3923
-4454
-4216
-3189
-1756
-449
334
477
145
-352
-774
-1064
-1249
-1267
-980
-394
165
249
-356
-1428
-2468
-3014
-2861
-2132
-1235
-649
-571
-693
-378
839
2883
5133
6754
7108
6147
4536
3248
2828
2968
2900
2180
994
-269
-1524
-2936
-4461
-5680
-6083
-5411
-3733
-1404
949
2571
3030
2581
1991
1904
2387
3065
3554
3682
3421
2754
1707
419
-870
-1903
-2488
-2559
-2246
-1870
-1760
-1994
-2315
-2344
-1866
-925
275
1479
2403
2825
2739
2394
2076
1857
1595
1194
729
280
-278
-1172
-2401
-3596
-4260
-4123
-3289
-2138
-1152
-710
-890
-1413
-1844
-1929
-1726
-1412
-1049
-574
-2
448
512
134
-446
-895
-1045
-956
-777
-633
-615
-766
-981
-940
-242
1303
3366
5124
5689
4796
3139
1896
1772
2473
3134
3181
2656
1818
704
-800
-2554
-4056
-4768
-4474
-3359
-1874
-570
113
116
-151
-110
501
1461
2365
2988
3311
3329
2994
2361
1629
981
474
108
-113
-295
-723
-1598
-2692
-3392
-3202
-2182
-861
199
719
716
384
30
-22
367
1034
1634
1922
1856
1482
785
-239
-1410
-2351
-2714
-2438
-1816
-1302
-1223
-1612
-2218
-2698
-2837
-2646
-2300
-1979
-1755
-1592
-1396
-1095
-668
-179
240
465
462
300
87
-130
-356
-544
-510
12
1178
2825
4390
5116
4516
2854
1139
456
1113
2413
3309
3256
2447
1335
165
-998
-1984
-2502
-2422
-1940
-1392
-1015
-889
-1008
-1222
-1188
-568
630
1938
2752
2796
2264
1609
1221
1262
1638
2048
2135
1694
802
-284
-1336
-2218
-2770
-2752
-2025
-802
362
911
646
-166
-967
-1231
-758
190
1072
1457
1309
896
489
166
-113
-383
-621
-815
-989
-1188
-1442
-1736
-2010
-2183
-2229
-2222
-2274
-2421
-2595
-2688
-2625
-2339
-1767
-925
-26
588
694
387
5
-152
-43
162
315
494
995
2037
3418
4446
4395
3177
1599
753
1075
1985
2521
2248
1469
671
14
-573
-1030
-1166
-990
-816
-953
-1365
-1755
-1866
-1644
-1127
-362
531
1307
1722
1708
1399
1025
825
1004
1616
2418
2924
2739
1865
670
-430
-1223
-1675
-1793
-1602
-1199
-751
-408
-252
-295
-469
-619
-590
-363
-98
15
-40
-86
55
360
611
624
402
80
-257
-619
-999
-1304
-1446
-1473
-1539
-1766
-2137
-2540
-2855
-3027
-3053
-2950
-2696
-2257
-1644
-942
-272
257
590
726
718
647
595
696
1174
2224
3680
4879
5043
3983
2396
1346
1330
1897
2184
1784
991
274
-258
-765
-1210
-1289
-874
-341
-261
-831
-1685
-2259
-2201
-1534
-543
398
995
1173
1069
870
693
625
797
1312
2053
2675
2826
2409
1604
700
-67
-573
-825
-921
-977
-1052
-1156
-1285
-1395
-1363
-1072
-583
-185
-183
-594
-1066
-1167
-772
-172
234
305
225
196
201
64
-272
-641
-829
-820
-822
-1055
-1543
-2096
-2490
-2651
-2696
-2792
-2982
-3113
-2994
-2560
-1904
-1154
-422
181
553
683
676
709
1011
1821
3144
4471
4976
4259
2908
2060
2302
3088
3350
2599
1309
250
-335
-763
-1262
-1576
-1357
-771
-462
-867
-1762
-2491
-2573
-1969
-975
8
646
832
747
691
813
1051
1320
1638
2030
2358
2399
2085
1606
1234
1074
994
793
387
-138
-619
-953
-1169
-1374
-1597
-1702
-1524
-1120
-816
-899
-1274
-1535
-1392
-950
-538
-324
-206
-24
229
418
412
209
-85
-335
-497
-631
-822
-1082
-1350
-1585
-1806
-2067
-2378
-2694
-2929
-3007
-2870
-2502
-1928
-1256
-645
-224
19
285
865
1939
3355
4593
5029
4455
3381
2718
2980
3790
4219
3682
2409
1091
156
-467
-983
-1352
-1399
-1188
-1093
-1449
-2169
-2800
-2901
-2385
-1531
-760
-336
-208
-85
268
809
1288
1550
1697
1894
2117
2162
1934
1609
1477
1623
1835
1783
1309
536
-245
-803
-1101
-1263
-1403
-1510
-1506
-1388
-1291
-1348
-1513
-1574
-1382
-1036
-776
-705
-682
-502
-138
227
405
356
179
-29
-243
-482
-734
-934
-1023
-1047
-1161
-1502
-2047
-2577
-2871
-2878
-2726
-2547
-2356
-2086
-1726
-1345
-1012
-676
-144
821
2279
3888
4947
4868
3802
2712
2606
3570
4669
4861
3973
2672
1619
862
128
-598
-1017
-1003
-892
-1146
-1849
-2612
-2952
-2677
-1985
-1289
-948
-1000
-1129
-915
-240
607
1247
1577
1774
1978
2115
2058
1877
1795
1939
2180
2262
2011
1444
719
41
-448
-724
-863
-969
-1124
-1390
-1784
-2203
-2414
-2213
-1659
-1098
-879
-1036
-1270
-1246
-886
-378
31
227
237
133
-48
-284
-526
-694
-741
-715
-746
-957
-1343
-1769
-2063
-2154
-2115
-2078
-2108
-2169
-2167
-2054
-1844
-1580
-1239
-697
218
1548
3021
4061
4153
3358
2447
2362
3346
4655
5209
4596
3349
2273
1621
1075
376
-288
-602
-639
-826
-1430
-2214
-2705
-2657
-2235
-1801
-1640
-1783
-2006
-1935
-1340
-363
567
1130
1388
1620
1948
2223
2290
2217
2209
2333
2456
2394
2092
1613
1068
553
129
-219
-580
-1017
-1483
-1865
-2107
-2237
-2263
-2133
-1839
-1519
-1358
-1380
-1383
-1159
-727
-312
-99
-67
-77
-65
-76
-159
-284
-405
-524
-684
-895
-1136
-1374
-1574
-1697
-1732
-1737
-1795
-1919
-2013
-1989
-1848
-1646
-1361
-873
-48
1138
2485
3532
3760
3096
2230
2168
3226
4594
5084
4341
3101
2286
2033
1811
1238
517
30
-206
-520
-1127
-1869
-2407
-2529
-2282
-1905
-1706
-1861
-2231
-2398
-2017
-1142
-189
477
848
1170
1594
2015
2251
2277
2246
2292
2411
2490
2436
2224
1874
1406
848
245
-352
-899
-1351
-1677
-1895
-2076
-2268
-2412
-2396
-2190
-1905
-1669
-1493
-1288
-1005
-713
-519
-456
-453
-420
-335
-260
-266
-375
-536
-695
-837
-979
-1129
-1251
-1307
-1292
-1267
-1318
-1494
-1740
-1939
-1976
-1814
-1473
-964
-231
792
2009
3021
3326
2834
2167
2228
3264
4487
4792
3918
2688
2053
2085
2100
1614
873
367
150
-157
-795
-1561
-2080
-2170
-1940
-1644
-1555
-1808
-2261
-2509
-2226
-1485
-678
-88
350
851
1420
1847
2008
2024
2103
2294
2502
2626
2624
2449
2068
1559
1090
732
372
-134
-737
-1236
-1526
-1719
-1985
-2319
-2550
-2533
-2292
-1977
-1712
-1527
-1379
-1221
-1029
-805
-563
-331
-152
-93
-201
-443
-691
-821
-824
-814
-901
-1071
-1207
-1224
-1166
-1160
-1295
-1520
-1697
-1707
-1539
-1251
-876
-333
503
1583
2540
2876
2474
1891
1972
2987
4210
4550
3677
2389
1754
1986
2362
2153
1398
649
237
-14
-412
-1004
-1586
-1925
-1930
-1705
-1539
-1723
-2239
-2651
-2488
-1724
-822
-233
20
237
631
1145
1613
1950
2167
2303
2421
2561
2680
2630
2311
1796
1282
883
542
144
-325
-793
-1217
-1630
-2047
-2395
-2577
-2583
-2506
-2423
-2305
-2060
-1682
-1301
-1063
-957
-834
-603
-356
-275
-415
-645
-775
-733
-608
-546
-622
-785
-926
-984
-985
-993
-1037
-1102
-1173
-1237
-1263
-1180
-898
-329
554
1616
2492
2759
2338
1745
1779
2742
3996
4468
3739
2497
1810
1983
2355
2161
1376
562
128
-47
-293
-716
-1157
-1423
-1464
-1389
-1434
-1796
-2383
-2746
-2471
-1629
-766
-344
-312
-272
47
599
1206
1729
2081
2227
2254
2332
2532
2693
2584
2144
1551
1019
614
268
-94
-496
-955
-1479
-2003
-2380
-2508
-2443
-2335
-2259
-2160
-1975
-1737
-1525
-1343
-1126
-848
-593
-476
-522
-634
-691
-634
-514
-430
-468
-644
-894
-1112
-1206
-1163
-1062
-1020
-1092
-1228
-1316
-1286
-1133
-844
-314
564
1665
2527
2661
2112
1612
1970
3178
4290
4318
3269
2113
1747
2100
2387
2046
1251
531
138
-81
-347
-692
-1031
-1285
-1403
-1386
-1380
-1611
-2092
-2434
-2192
-1389
-586
-296
-465
-597
-320
313
1010
1537
1815
1875
1855
1943
2217
2523
2597
2316
1816
1322
951
655
326
-120
-690
-1294
-1764
-1997
-2057
-2119
-2269
-2415
-2405
-2212
-1948
-1722
-1524
-1276
-971
-713
-617
-677
-773
-784
-677
-525
-444
-525
-756
-998
-1096
-1026
-908
-878
-949
-1039
-1086
-1092
-1074
-1007
-817
-381
413
1514
2557
3001
2602
1811
1527
2269
3558
4282
3805
2611
1757
1736
2075
2018
1388
621
157
2
-107
-349
-709
-1053
-1240
-1209
-1105
-1222
-1693
-2212
-2270
-1704
-932
-517
-573
-700
-473
150
884
1435
1682
1667
1563
1621
1998
2539
2852
2654
2063
1459
1111
942
677
149
-546
-1152
-1487
-1606
-1729
-2021
-2418
-2691
-2678
-2423
-2110
-1867
-1673
-1441
-1169
-967
-929
-1021
-1102
-1066
-921
-750
-637
-634
-737
-875
-959
-964
-949
-973
-1020
-1028
-984
-925
-878
-822
-699
-395
241
1239
2311
2907
2677
1929
1523
2094
3348
4243
3997
2868
1843
1588
1868
1974
1557
864
314
30
-146
-392
-755
-1155
-1438
-1449
-1226
-1067
-1288
-1799
-2121
-1862
-1180
-607
-470
-581
-530
-126
499
1098
1484
1582
1488
1472
1786
2343
2718
2561
1987
1430
1163
1055
819
346
-240
-772
-1173
-1449
-1649
-1853
-2114
-2368
-2460
-2308
-2024
-1806
-1727
-1683
-1549
-1336
-1170
-1137
-1185
-1179
-1024
-757
-511
-415
-507
-714
-911
-989
-932
-817
-741
-731
-758
-787
-809
-808
-736
-522
-71
710
1765
2714
3012
2470
1654
1500
2381
3607
4074
3401
2282
1663
1764
2022
1866
1289
671
263
9
-257
-615
-1032
-1399
-1550
-1406
-1142
-1128
-1532
-2055
-2163
-1674
-961
-548
-546
-624
-423
98
721
1215
1461
1496
1516
1763
2259
2696
2697
2232
1650
1283
1122
941
617
214
-206
-673
-1187
-1638
-1937
-2136
-2316
-2421
-2332
-2083
-1875
-1842
-1888
-1837
-1661
-1499
-1445
-1429
-1316
-1069
-777
-548
-432
-422
-475
-535
-560
-566
-617
-730
-831
-836
-749
-664
-648
-672
-612
-306
384
1427
2482
2994
2663
1875
1506
2107
3266
3959
3575
2531
1752
1680
1922
1854
1339
730
332
101
-160
-535
-978
-1405
-1669
-1610
-1277
-1036
-1232
-1744
-2025
-1686
-923
-287
-102
-216
-256
-8
482
1015
1389
1524
1538
1672
2020
2379
2428
2089
1610
1287
1157
1039
782
396
-43
-505
-976
-1398
-1715
-1959
-2200
-2420
-2498
-2372
-2149
-2001
-1967
-1950
-1869
-1756
-1662
-1552
-1351
-1068
-800
-620
-526
-486
-488
-522
-556
-573
-610
-706
-826
-880
-807
-660
-555
-552
-559
-349
296
1355
2427
2923
2565
1774
1429
2057
3247
3991
3660
2609
1742
1571
1796
1806
1367
745
285
64
-75
-310
-730
-1276
-1703
-1731
-1365
-1035
-1196
-1801
-2254
-2035
-1239
-444
-101
-173
-305
-196
233
848
1380
1605
1582
1633
1966
2369
2404
1956
1409
1230
1430
1565
1216
422
-405
-891
-1017
-1042
-1219
-1596
-2021
-2297
-2328
-2173
-1990
-1910
-1941
-1978
-1920
-1774
-1642
-1583
-1528
-1358
-1062
-772
-628
-626
-636
-554
-405
-306
-342
-495
-665
-755
-720
-594
-466
-423
-445
-341
161
1125
2191
2750
2506
1859
1637
2319
3509
4253
3924
2824
1861
1640
1922
2019
1582
888
386
191
82
-169
-619
-1192
-1705
-1925
-1751
-1414
-1331
-1660
-2064
-2048
-1476
-703
-187
-81
-181
-177
123
685
1268
1586
1567
1461
1579
1924
2159
2013
1599
1273
1199
1205
1024
601
76
-416
-834
-1159
-1373
-1537
-1778
-2125
-2405
-2407
-2147
-1885
-1841
-1966
-2037
-1932
-1743
-1615
-1560
-1475
-1304
-1106
-970
-890
-774
-570
-337
-206
-250
-421
-599
-683
-643
-530
-428
-399
-404
-293
133
958
1987
2744
2785
2165
1564
1747
2775
3848
4058
3291
2269
1738
1763
1864
1649
1163
662
289
22
-223
-540
-1017
-1579
-1933
-1813
-1360
-1089
-1368
-1958
-2238
-1843
-1003
-243
110
110
18
93
470
1064
1575
1730
1592
1539
1841
2302
2449
2065
1440
1039
1022
1123
962
391
-391
-1017
-1236
-1134
-1078
-1371
-1934
-2371
-2375
-2044
-1752
-1746
-1930
-2035
-1926
-1712
-1579
-1591
-1652
-1622
-1432
-1133
-842
-654
-576
-534
-464
-382
-352
-402
-485
-524
-493
-417
-340
-291
-257
-118
341
1242
2333
3008
2800
1950
1351
1740
2926
3915
3885
2957
1969
1571
1687
1803
1594
1141
680
323
40
-253
-660
-1223
-1786
-2014
-1746
-1290
-1198
-1650
-2209
-2262
-1646
-737
-16
306
300
171
168
475
1034
1523
1665
1548
1549
1857
2226
2247
1830
1285
967
919
918
720
254
-377
-951
-1266
-1304
-1303
-1526
-1960
-2295
-2279
-2004
-1777
-1778
-1927
-2045
-2038
-1913
-1719
-1529
-1411
-1363
-1294
-1116
-853
-632
-538
-530
-496
-397
-306
-312
-402
-489
-502
-450
-381
-311
-180
146
806
1761
2663
2998
2544
1723
1363
1948
3089
3850
3630
2694
1806
1465
1537
1592
1384
977
543
187
-71
-308
-671
-1230
-1780
-1962
-1673
-1283
-1294
-1786
-2297
-2296
-1678
-802
-129
119
54
1
265
884
1546
1852
1720
1513
1651
2137
2521
2378
1742
1037
639
583
617
452
-43
-751
-1358
-1592
-1502
-1433
-1664
-2086
-2338
-2230
-1951
-1827
-1962
-2181
-2243
-2074
-1775
-1506
-1370
-1355
-1355
-1254
-1025
-753
-549
-450
-414
-387
-348
-293
-225
-182
-215
-318
-398
-356
-178
104
534
1209
2060
2707
2715
2093
1448
1480
2281
3217
3542
3091
2312
1722
1461
1368
1274
1125
885
533
148
-149
-381
-735
-1267
-1722
-1760
-1405
-1088
-1209
-1693
-2082
-1987
-1408
-653
-62
204
224
257
550
1100
1608
1761
1588
1457
1684
2158
2457
2263
1655
990
587
501
526
351
-170
-866
-1362
-1460
-1356
-1432
-1816
-2249
-2381
-2151
-1817
-1670
-1779
-1992
-2112
-2037
-1796
-1522
-1372
-1407
-1514
-1483
-1205
-796
-478
-360
-365
-360
-303
-238
-203
-188
-178
-165
-144
-94
17
262
754
1531
2386
2904
2776
2160
1654
1792
2531
3257
3381
2862
2140
1632
1392
1240
1047
796
500
182
-91
-286
-527
-989
-1614
-2040
-1962
-1523
-1217
-1360
-1781
-2026
-1827
-1272
-633
-131
151
292
489
888
1392
1720
1760
1753
2009
2441
2594
2157
1364
725
497
512
480
274
-93
-589
-1134
-1556
-1721
-1723
-1798
-2037
-2260
-2242
-2013
-1827
-1864
-2041
-2145
-2065
-1844
-1587
-1368
-1235
-1200
-1200
-1109
-853
-507
-236
-151
-223
-340
-411
-398
-298
-144
-7
48
31
32
177
571
1247
2087
2772
2939
2510
1882
1661
2098
2828
3239
3055
2517
2022
1718
1491
1215
879
528
204
-32
-141
-241
-568
-1206
-1871
-2132
-1869
-1429
-1252
-1437
-1696
-1713
-1403
-890
-354
55
279
418
677
1140
1619
1843
1792
1751
1950
2271
2373
2078
1517
944
503
221
67
-52
-291
-734
-1253
-1606
-1702
-1715
-1872
-2174
-2393
-2346
-2085
-1823
-1724
-1806
-1983
-2122
-2086
-1826
-1461
-1201
-1140
-1155
-1042
-749
-412
-210
-205
-328
-444
-439
-291
-101
-17
-103
-267
-335
-184
218
859
1692
2531
3028
2899
2266
1686
1695
2294
2965
3204
2961
2519
2096
1686
1243
825
518
306
144
47
-1
-178
-710
-1528
-2205
-2337
-1979
-1563
-1434
-1526
-1561
-1400
-1115
-798
-462
-126
167
458
877
1446
1963
2195
2154
2050
2015
1958
1759
1449
1138
838
486
98
-231
-495
-803
-1191
-1507
-1598
-1547
-1600
-1860
-2163
-2295
-2222
-2066
-1923
-1814
-1755
-1772
-1809
-1728
-1459
-1113
-877
-798
-761
-646
-468
-320
-248
-243
-289
-372
-428
-375
-216
-60
-7
-28
2
182
553
1127
1860
2552
2884
2680
2158
1815
1986
2526
2963
2972
2632
2247
1979
1755
1435
994
519
127
-74
-62
11
-147
-701
-1464
-2019
-2124
-1923
-1738
-1696
-1677
-1530
-1260
-952
-663
-409
-198
37
463
1164
1944
2404
2331
1928
1605
1571
1701
1747
1592
1259
817
336
-96
-436
-740
-1092
-1447
-1643
-1603
-1473
-1505
-1800
-2216
-2499
-2500
-2252
-1928
-1718
-1718
-1852
-1924
-1796
-1519
-1275
-1168
-1123
-971
-645
-254
3
-3
-234
-514
-644
-536
-268
-9
119
113
52
26
109
382
904
1637
2384
2868
2912
2600
2241
2113
2231
2390
2412
2325
2240
2154
1926
1471
874
313
-97
-317
-343
-244
-208
-440
-938
-1475
-1824
-1975
-2038
-2033
-1853
-1462
-986
-602
-367
-222
-81
136
516
1092
1727
2174
2288
2175
2037
1935
1750
1389
938
574
365
228
49
-211
-542
-921
-1303
-1601
-1751
-1793
-1836
-1933
-2023
-2026
-1962
-1932
-1984
-2053
-2040
-1906
-1676
-1396
-1114
-889
-758
-682
-582
-423
-257
-158
-136
-142
-132
-107
-84
-70
-60
-59
-68
-58
25
234
615
1197
1922
2576
2862
2658
2199
1900
1969
2242
2413
2376
2251
2156
2046
1801
1366
792
185
-314
-559
-501
-292
-225
-490
-1012
-1528
-1854
-1994
-2037
-1989
-1784
-1411
-966
-572
-295
-140
-64
48
344
866
1468
1925
2143
2199
2178
2032
1680
1164
665
330
170
94
17
-139
-443
-903
-1402
-1774
-1953
-2008
-2033
-2026
-1948
-1828
-1768
-1829
-1967
-2087
-2122
-2035
-1797
-1429
-1032
-743
-611
-569
-522
-447
-385
-355
-326
-253
-138
-22
56
86
56
-38
-155
-201
-84
221
694
1320
2033
2639
2884
2698
2323
2099
2138
2258
2260
2165
2136
2209
2225
2001
1523
908
299
-190
-461
-487
-383
-356
-536
-873
-1238
-1554
-1823
-2021
-2067
-1882
-1486
-975
-461
-30
261
413
510
675
969
1334
1672
1938
2130
2196
2044
1638
1094
596
241
-17
-237
-417
-534
-647
-849
-1152
-1470
-1742
-1999
-2259
-2429
-2389
-2167
-1940
-1858
-1903
-1957
-1946
-1869
-1722
-1478
-1141
-782
-475
-228
-20
120
125
-11
-194
-315
-337
-279
-154
24
181
223
153
82
110
240
461
839
1433
2115
2597
2693
2501
2258
2071
1880
1654
1515
1591
1829
2026
2024
1794
1360
753
76
-472
-725
-715
-641
-666
-797
-957
-1139
-1387
-1694
-1938
-1987
-1799
-1424
-935
-404
80
446
702
929
1171
1379
1482
1515
1589
1748
1882
1832
1548
1113
633
157
-296
-677
-943
-1103
-1211
-1305
-1388
-1477
-1625
-1861
-2128
-2306
-2312
-2171
-1984
-1835
-1735
-1636
-1496
-1320
-1146
-1012
-909
-775
-538
-196
147
351
358
222
43
-113
-215
-244
-190
-82
37
145
245
326
388
479
700
1115
1659
2166
2490
2605
2568
2431
2210
1950
1751
1702
1783
1868
1840
1680
1430
1117
731
283
-149
-469
-639
-718
-804
-950
-1122
-1264
-1362
-1455
-1552
-1595
-1500
-1245
-873
-443
9
457
862
1179
1382
1492
1553
1598
1614
1556
1391
1143
866
601
336
42
-292
-635
-945
-1190
-1370
-1508
-1643
-1804
-1977
-2117
-2189
-2215
-2234
-2251
-2207
-2059
-1831
-1602
-1411
-1226
-1003
-747
-506
-314
-164
-34
73
143
168
155
129
110
104
99
81
62
70
122
206
295
399
567
861
1281
1747
2129
2326
2319
2177
1996
1842
1730
1651
1604
1596
1609
1591
1488
1272
955
569
156
-230
-542
-755
-887
-961
-998
-1013
-1040
-1109
-1210
-1287
-1290
-1196
-1001
-682
-228
316
848
1269
1528
1616
1560
1416
1256
1104
938
745
575
466
387
239
-31
-395
-778
-1127
-1421
-1652
-1826
-1952
-2036
-2073
-2062
-2029
-2022
-2064
-2119
-2114
-1994
-1766
-1481
-1183
-883
-574
-265
-6
150
191
165
136
127
116
87
69
103
174
225
220
194
200
252
328
430
591
829
1112
1379
1588
1732
1815
1834
1773
1643
1491
1384
1356
1403
1488
1565
1566
1427
1141
776
423
129
-105
-286
-400
-452
-474
-519
-615
-756
-910
-1038
-1103
-1079
-956
-739
-439
-77
313
665
902
985
947
876
831
803
739
620
477
357
261
156
3
-203
-444
-694
-928
-1134
-1320
-1490
-1630
-1711
-1728
-1727
-1762
-1837
-1904
-1917
-1875
-1801
-1693
-1523
-1289
-1021
-762
-536
-356
-232
-153
-92
-32
12
31
53
118
223
319
366
378
395
432
471
491
502
550
689
954
1330
1750
2112
2329
2381
2314
2193
2050
1882
1691
1513
1399
1374
1417
1468
1437
1238
844
327
-179
-568
-831
-1029
-1189
-1276
-1238
-1099
-954
-891
-915
-950
-915
-777
-556
-290
1
312
640
963
1242
1426
1467
1358
1131
853
577
331
118
-57
-199
-324
-460
-630
-846
-1105
-1393
-1680
-1925
-2103
-2213
-2270
-2268
-2189
-2030
-1825
-1632
-1490
-1388
-1284
-1148
-977
-789
-590
-368
-119
122
298
372
365
329
292
241
159
75
50
125
278
452
589
664
677
661
669
756
940
1195
1473
1727
1922
2036
2057
1987
1846
1666
1488
1348
1263
1220
1180
1105
971
781
543
266
-45
-371
-674
-905
-1033
-1060
-1027
-984
-958
-928
-846
-683
-461
-238
-51
122
323
548
742
853
887
882
850
765
615
424
229
29
-191
-427
-630
-770
-873
-992
-1147
-1315
-1475
-1645
-1844
-2035
-2146
-2132
-2016
-1852
-1676
-1495
-1315
-1156
-1022
-894
-745
-561
-354
-150
23
150
232
277
297
308
324
340
343
343
369
438
526
592
613
603
591
613
696
850
1059
1290
1514
1708
1850
1916
1891
1776
1600
1417
1285
1218
1182
1124
1026
900
758
590
373
105
-187
-459
-673
-816
-900
-942
-947
-910
-835
-738
-639
-537
-417
-267
-87
111
317
516
692
836
942
994
965
824
579
272
-29
-275
-457
-596
-718
-825
-910
-986
-1085
-1234
-1433
-1653
-1855
-1998
-2063
-2059
-2012
-1920
-1761
-1535
-1294
-1099
-957
-819
-646
-453
-283
-155
-54
33
113
194
282
361
396
376
335
322
348
388
415
429
446
487
564
677
812
954
1111
1304
1535
1761
1913
1954
1900
1799
1678
1532
1357
1179
1039
960
922
878
786
626
405
152
-97
-313
-484
-615
-718
-791
-814
-756
-616
-429
-254
-127
-42
34
125
227
320
384
419
435
442
430
376
266
119
-34
-175
-323
-502
-719
-941
-1126
-1257
-1352
-1445
-1552
-1656
-1725
-1747
-1732
-1692
-1619
-1497
-1338
-1175
-1037
-913
-781
-635
-495
-372
-259
-144
-25
86
182
265
335
389
417
421
411
403
409
428
449
459
456
451
454
465
485
521
598
737
943
1188
1423
1595
1671
1651
1565
1453
1337
1216
1084
945
821
729
657
577
465
320
163
16
-116
-252
-409
-579
-716
-767
-727
-647
-574
-504
-387
-190
63
305
476
555
560
523
453
344
197
42
-88
-179
-254
-340
-448
-574
-709
-845
-978
-1109
-1251
-1407
-1559
-1667
-1699
-1667
-1616
-1579
-1546
-1474
-1333
-1137
-931
-748
-590
-442
-295
-162
-59
12
66
130
216
307
374
404
423
460
509
533
510
460
424
411
406
407
433
494
576
653
730
840
999
1188
1362
1485
1550
1570
1559
1518
1435
1309
1156
1008
884
781
689
609
542
467
358
201
17
-164
-326
-466
-580
-655
-679
-647
-558
-414
-233
-50
91
171
204
214
202
145
31
-115
-245
-329
-375
-409
-449
-498
-557
-630
-731
-870
-1044
-1230
-1391
-1494
-1530
-1528
-1522
-1521
-1495
-1411
-1274
-1133
-1029
-962
-896
-798
-663
-503
-333
-167
-25
87
178
265
338
376
373
367
394
453
501
502
455
385
327
299
312
356
407
435
431
418
438
521
661
824
988
1148
1297
1412
1476
1493
1480
1433
1339
1204
1069
978
942
941
949
941
883
748
543
317
107
-98
-327
-576
-786
-893
-878
-768
-603
-418
-242
-101
-14
16
-9
-88
-217
-370
-509
-595
-615
-588
-547
-514
-495
-492
-525
-616
-769
-945
-1098
-1206
-1282
-1349
-1404
-1425
-1390
-1298
-1166
-1024
-898
-798
-710
-615
-509
-405
-313
-227
-131
-17
110
245
379
496
579
625
639
629
596
544
490
452
439
437
432
419
405
394
395
410
433
453
468
491
542
627
739
862
981
1081
1149
1181
1190
1186
1162
1105
1018
929
854
785
707
622
541
467
390
297
177
28
-141
-303
-432
-521
-586
-644
-689
-702
-669
-599
-520
-464
-451
-477
-528
-593
-668
-745
-814
-870
-912
-934
-926
-881
-817
-764
-749
-768
-807
-853
-905
-957
-989
-981
-930
-848
-752
-652
-548
-447
-367
-320
-297
-262
-189
-84
24
113
187
267
362
452
511
522
498
463
443
445
465
487
503
515
541
588
643
675
669
636
604
590
599
635
705
805
917
1017
1092
1140
1161
1151
1113
1057
998
943
883
805
705
592
480
377
280
179
68
-50
-165
-272
-370
-463
-554
-637
-699
-727
-721
-691
-661
-646
-652
-663
-663
-646
-624
-613
-622
-640
-652
-651
-647
-654
-670
-675
-657
-630
-624
-648
-684
-707
-715
-719
-725
-718
-682
-619
-535
-438
-338
-253
-195
-155
-116
-69
-21
20
60
112
182
264
341
398
426
434
436
447
465
480
491
498
502
491
456
406
362
342
345
359
371
384
413
476
574
691
803
888
933
941
928
913
904
891
860
815
772
740
702
639
551
455
361
256
120
-47
-214
-346
-431
-482
-524
-575
-637
-696
-733
-739
-725
-708
-702
-702
-706
-712
-722
-733
-736
-729
-712
-683
-641
-593
-555
-541
-550
-574
-598
-612
-609
-590
-563
-532
-498
-460
-425
-401
-380
-344
-284
-214
-153
-101
-40
40
134
230
321
401
461
494
502
494
480
464
450
446
457
483
513
533
534
519
493
457
407
343
274
219
196
209
259
341
447
561
661
733
774
789
782
755
715
669
625
583
540
498
467
451
439
407
339
240
128
14
-98
-208
-310
-398
-478
-550
-605
-631
-626
-609
-601
-606
-610
-604
-596
-600
-614
-623
-621
-620
-637
-671
-699
-704
-684
-649
-602
-546
-493
-464
-463
-468
-451
-405
-350
-304
-271
-241
-211
-185
-166
-147
-121
-85
-43
6
64
131
196
248
283
307
326
346
368
394
421
437
437
424
410
401
392
380
373
379
402
433
461
479
483
473
451
432
428
444
468
484
487
482
474
462
442
413
377
337
291
240
191
152
129
116
107
95
77
49
12
-31
-81
-143
-220
-305
-382
-442
-485
-516
-532
-527
-507
-482
-463
-450
-442
-441
-455
-490
-535
-572
-585
-569
-533
-493
-458
-423
-380
-330
-284
-256
-251
-256
-254
-239
-217
-194
-166
-122
-62
-5
33
57
82
116
147
164
166
166
173
184
192
193
191
189
193
205
220
235
243
243
242
250
274
307
336
354
370
394
424
442
435
407
372
340
313
290
280
288
308
325
335
336
325
291
232
170
128
106
85
47
-9
-67
-114
-146
-163
-171
-178
-191
-209
-224
-237
-252
-276
-300
-306
-286
-255
-236
-241
-265
-295
-328
-368
-410
-441
-445
-423
-391
-363
-345
-337
-335
-334
-330
-321
-310
-304
-304
-300
-275
-224
-162
-110
-75
-46
-7
40
84
112
122
120
110
104
109
131
162
192
221
255
294
327
339
332
322
320
323
318
302
287
284
299
322
341
348
344
332
316
294
265
233
204
180
159
138
120
112
114
116
109
90
64
34
4
-26
-51
-67
-75
-78
-79
-81
-82
-84
-91
-107
-128
-145
-152
-150
-146
-145
-150
-166
-192
-225
-253
-270
-275
-275
-272
-269
-267
-264
-252
-228
-199
-182
-179
-183
-177
-160
-139
-122
-106
-86
-65
-47
-36
-33
-37
-45
-51
-44
-21
11
42
64
79
94
109
117
110
90
69
62
72
90
110
134
169
213
253
277
282
273
258
240
225
217
217
220
222
224
224
215
193
158
121
88
60
31
-5
-42
-69
-76
-67
-55
-52
-59
-67
-67
-59
-53
-56
-70
-82
-83
-75
-67
-66
-68
-70
-72
-76
-85
-96
-108
-120
-129
-133
-135
-142
-158
-175
-180
-166
-141
-120
-113
-113
-109
-101
-94
-94
-96
-91
-73
-46
-17
8
29
47
60
64
60
52
46
47
53
58
62
64
63
57
46
40
42
55
75
100
127
156
180
195
196
188
177
167
160
156
156
155
150
143
140
148
155
148
119
80
44
20
0
-24
-57
-92
-121
-134
-127
-105
-78
-65
-72
-96
-122
-138
-141
-137
-138
-147
-158
-163
-161
-154
-149
-150
-152
-150
-139
-123
-108
-104
-111
-126
-145
-167
-189
-206
-207
-188
-157
-127
-106
-95
-85
-71
-55
-40
-27
-16
-9
-8
-8
-4
7
21
37
56
77
94
97
85
74
79
99
125
143
154
165
179
191
197
199
198
193
182
173
170
172
174
173
174
175
170
155
135
119
111
106
97
86
76
65
44
14
-13
-25
-22
-15
-14
-20
-29
-41
-57
-74
-86
-93
-100
-109
-117
-120
-120
-122
-130
-142
-150
-151
