5
8
11
13
13
14
15
15
15
14
14
15
17
20
26
33
37
37
33
28
25
22
18
11
4
-1
-2
2
10
21
32
39
39
34
29
27
28
29
27
21
12
3
-5
-9
-10
-10
-8
-4
3
10
12
7
-1
-8
-12
-17
-20
-22
-21
-18
-17
-19
-20
-20
-20
-22
-27
-32
-32
-27
-20
-16
-18
-22
-21
-15
-9
-6
-8
-13
-18
-25
-35
-43
-48
-47
-42
-36
-33
-30
-23
-13
-1
5
0
-10
-14
-3
16
29
29
22
18
18
17
12
7
6
9
11
12
15
21
30
38
45
52
60
65
67
66
62
56
47
36
29
27
28
29
27
22
19
17
16
13
8
3
1
0
0
-5
-14
-23
-29
-33
-36
-38
-37
-31
-23
-17
-19
-30
-44
-62
-84
-111
-140
-165
-184
-198
-210
-222
-232
-239
-246
-253
-260
-262
-257
-248
-237
-226
-212
-193
-171
-150
-133
-115
-93
-67
-42
-23
-9
3
15
27
37
45
49
51
53
57
66
82
109
142
178
213
247
283
320
353
379
400
419
439
458
477
499
530
570
607
630
633
627
621
612
587
538
474
415
367
318
254
178
111
64
31
4
-22
-46
-68
-90
-111
-127
-138
-150
-170
-195
-219
-236
-251
-267
-284
-297
-307
-321
-343
-372
-406
-444
-489
-542
-597
-649
-698
-742
-784
-821
-846
-856
-851
-838
-817
-777
-712
-631
-553
-489
-432
-371
-306
-243
-190
-144
-100
-58
-22
7
33
58
82
100
113
120
124
126
128
131
139
149
163
184
215
258
308
362
422
493
574
660
746
828
905
972
1027
1072
1112
1147
1177
1201
1216
1213
1186
1134
1063
980
888
785
669
536
392
246
107
-23
-145
-263
-373
-464
-530
-563
-568
-553
-525
-492
-457
-425
-399
-378
-355
-331
-317
-320
-339
-360
-384
-419
-472
-536
-599
-664
-736
-813
-883
-937
-982
-1024
-1060
-1079
-1075
-1051
-1018
-979
-931
-867
-785
-686
-576
-465
-357
-253
-155
-66
11
72
113
136
146
155
163
156
121
65
12
-25
-48
-69
-90
-102
-93
-62
-10
56
139
241
360
486
615
755
917
1102
1304
1508
1703
1878
2020
2117
2162
2153
2077
1922
1685
1389
1061
716
365
19
-302
-582
-809
-973
-1064
-1089
-1070
-1040
-1007
-955
-857
-711
-543
-383
-237
-90
74
249
417
567
697
809
897
949
953
898
768
556
283
-13
-315
-627
-949
-1248
-1483
-1646
-1757
-1824
-1823
-1743
-1615
-1494
-1393
-1276
-1106
-902
-723
-608
-532
-441
-314
-170
-42
66
158
237
294
325
326
291
214
109
-6
-119
-235
-355
-468
-569
-656
-721
-745
-715
-647
-573
-500
-403
-258
-84
85
232
379
545
722
888
1045
1218
1435
1699
1985
2265
2511
2703
2829
2890
2886
2802
2596
2241
1759
1215
665
122
-419
-930
-1352
-1646
-1822
-1909
-1910
-1817
-1651
-1468
-1292
-1105
-877
-624
-384
-184
-13
146
314
503
713
921
1098
1249
1390
1523
1602
1579
1439
1210
914
548
93
-428
-954
-1426
-1831
-2177
-2444
-2586
-2591
-2492
-2325
-2091
-1784
-1439
-1111
-832
-599
-400
-236
-101
19
127
208
257
290
330
369
381
354
303
237
147
19
-138
-310
-490
-672
-840
-972
-1063
-1121
-1153
-1143
-1078
-958
-802
-623
-425
-207
23
258
487
704
900
1074
1238
1408
1595
1803
2046
2332
2645
2924
3119
3222
3267
3255
3128
2811
2302
1684
1048
429
-182
-783
-1339
-1810
-2163
-2364
-2398
-2294
-2131
-1955
-1748
-1466
-1120
-770
-470
-215
15
224
413
596
793
995
1176
1315
1433
1555
1676
1745
1714
1560
1294
932
490
-22
-586
-1174
-1747
-2257
-2656
-2910
-3020
-3008
-2892
-2655
-2289
-1838
-1382
-972
-603
-262
25
221
335
415
493
547
546
485
403
338
310
298
264
172
27
-131
-266
-387
-535
-730
-931
-1072
-1134
-1165
-1218
-1283
-1299
-1221
-1063
-865
-644
-386
-105
160
380
580
796
1026
1229
1389
1550
1769
2064
2408
2768
3111
3401
3603
3710
3720
3606
3306
2787
2089
1305
510
-266
-1012
-1696
-2275
-2714
-2985
-3062
-2943
-2688
-2384
-2083
-1752
-1347
-884
-452
-120
125
340
562
784
1003
1224
1454
1675
1879
2068
2234
2321
2275
2078
1760
1338
799
136
-620
-1418
-2214
-2940
-3505
-3838
-3948
-3900
-3728
-3403
-2895
-2239
-1529
-857
-275
203
576
848
1016
1066
1001
867
743
669
614
509
337
149
4
-103
-218
-374
-550
-707
-838
-964
-1100
-1236
-1357
-1448
-1499
-1493
-1425
-1310
-1164
-975
-719
-404
-89
181
404
606
779
890
939
990
1130
1405
1819
2360
3003
3678
4292
4776
5134
5379
5460
5255
4690
3811
2741
1581
378
-813
-1910
-2842
-3582
-4103
-4346
-4267
-3941
-3516
-3086
-2606
-2013
-1348
-755
-303
66
441
803
1070
1239
1394
1603
1825
2014
2198
2445
2708
2847
2766
2502
2130
1636
957
95
-852
-1790
-2686
-3509
-4163
-4544
-4621
-4446
-4076
-3530
-2818
-2003
-1179
-426
222
746
1123
1343
1421
1378
1222
977
700
454
252
64
-130
-299
-415
-495
-588
-706
-817
-892
-953
-1049
-1197
-1358
-1458
-1469
-1424
-1390
-1382
-1343
-1196
-935
-621
-326
-64
182
422
627
778
883
978
1082
1204
1379
1683
2185
2867
3623
4314
4880
5326
5653
5769
5538
4897
3931
2806
1633
431
-799
-1982
-3003
-3780
-4289
-4511
-4431
-4096
-3640
-3160
-2639
-1986
-1216
-472
101
505
838
1154
1430
1643
1827
2010
2176
2308
2460
2677
2904
2994
2862
2545
2121
1577
849
-62
-1059
-2038
-2960
-3793
-4453
-4838
-4927
-4769
-4391
-3763
-2896
-1922
-1025
-287
337
895
1347
1613
1671
1561
1325
984
607
299
108
-41
-242
-473
-623
-659
-675
-766
-914
-1038
-1123
-1215
-1336
-1455
-1551
-1615
-1620
-1523
-1344
-1166
-1049
-935
-719
-372
9
321
538
704
838
922
952
969
1034
1191
1479
1942
2598
3377
4144
4774
5254
5619
5843
5774
5259
4309
3108
1853
604
-663
-1916
-3019
-3849
-4387
-4684
-4747
-4535
-4049
-3384
-2648
-1910
-1182
-493
123
636
1034
1311
1484
1618
1786
2010
2245
2473
2725
3019
3259
3315
3145
2821
2372
1708
739
-461
-1689
-2811
-3823
-4719
-5367
-5606
-5426
-4982
-4405
-3685
-2760
-1696
-678
148
777
1250
1540
1601
1486
1322
1160
954
682
434
288
205
83
-83
-224
-319
-440
-649
-914
-1164
-1377
-1576
-1762
-1901
-1963
-1961
-1921
-1845
-1698
-1449
-1104
-713
-325
30
362
667
917
1053
1070
1021
989
997
1016
1034
1127
1427
2001
2786
3616
4353
4961
5477
5877
6028
5760
5036
3989
2792
1508
124
-1306
-2638
-3744
-4575
-5079
-5188
-4913
-4412
-3843
-3208
-2407
-1459
-541
161
625
939
1178
1339
1413
1447
1505
1612
1737
1887
2119
2471
2841
3048
2980
2676
2216
1607
786
-271
-1507
-2806
-4015
-4966
-5537
-5735
-5660
-5374
-4823
-3950
-2846
-1725
-747
74
780
1345
1700
1828
1774
1585
1283
914
558
278
64
-116
-273
-390
-479
-570
-675
-771
-850
-953
-1113
-1305
-1458
-1549
-1630
-1750
-1871
-1889
-1735
-1437
-1074
-696
-308
80
439
742
1006
1232
1378
1394
1315
1235
1211
1244
1362
1671
2234
2965
3680
4300
4890
5507
6020
6175
5803
4962
3843
2600
1281
-102
-1484
-2767
-3867
-4704
-5174
-5209
-4865
-4332
-3776
-3209
-2528
-1694
-803
-16
577
973
1211
1332
1393
1468
1590
1749
1928
2182
2551
2969
3243
3249
3036
2715
2238
1435
263
-1080
-2348
-3481
-4531
-5442
-6010
-6098
-5776
-5201
-4437
-3468
-2345
-1224
-245
543
1150
1573
1817
1908
1856
1644
1292
921
663
531
412
221
-17
-219
-368
-521
-737
-1008
-1284
-1536
-1764
-1960
-2078
-2086
-2013
-1933
-1866
-1752
-1529
-1205
-838
-453
-26
437
861
1148
1292
1366
1430
1440
1313
1028
692
481
540
925
1585
2393
3200
3940
4633
5318
5904
6177
5952
5233
4193
2988
1658
200
-1296
-2659
-3766
-4606
-5178
-5405
-5198
-4620
-3883
-3173
-2492
-1735
-874
-39
616
1029
1249
1343
1364
1375
1430
1550
1705
1897
2152
2498
2875
3171
3273
3126
2704
1996
1020
-155
-1420
-2687
-3880
-4910
-5646
-5991
-5942
-5574
-4940
-4057
-2960
-1753
-569
464
1244
1722
1950
2054
2095
2011
1719
1273
834
514
279
63
-134
-267
-356
-484
-691
-921
-1112
-1289
-1527
-1834
-2112
-2258
-2258
-2182
-2085
-1961
-1769
-1493
-1153
-773
-370
30
402
725
993
1182
1256
1203
1081
957
841
709
613
714
1145
1880
2740
3572
4340
5080
5759
6230
6300
5877
5029
3914
2659
1299
-150
-1617
-2972
-4101
-4928
-5407
-5508
-5251
-4722
-4037
-3266
-2423
-1510
-598
196
784
1176
1428
1585
1669
1717
1771
1818
1847
1917
2152
2553
2948
3116
3002
2690
2234
1576
646
-521
-1817
-3130
-4351
-5324
-5900
-6042
-5849
-5438
-4816
-3916
-2750
-1477
-310
636
1361
1900
2251
2394
2333
2101
1751
1347
957
600
254
-98
-401
-593
-689
-799
-997
-1235
-1417
-1531
-1649
-1802
-1932
-1985
-1992
-2004
-1982
-1825
-1513
-1143
-815
-514
-170
233
618
920
1120
1225
1219
1116
975
855
753
644
592
749
1232
1997
2892
3777
4606
5362
5984
6343
6317
5857
5002
3847
2490
1021
-474
-1900
-3173
-4229
-4985
-5335
-5249
-4850
-4339
-3779
-3073
-2147
-1150
-319
251
667
1014
1247
1316
1321
1435
1668
1877
1973
2104
2448
2957
3343
3395
3162
2816
2374
1677
616
-714
-2107
-3432
-4634
-5631
-6273
-6457
-6207
-5619
-4762
-3680
-2458
-1235
-126
827
1609
2163
2416
2372
2137
1841
1534
1213
876
561
287
42
-196
-411
-593
-769
-983
-1243
-1511
-1749
-1949
-2120
-2257
-2348
-2374
-2317
-2148
-1856
-1461
-1018
-574
-149
258
631
941
1174
1349
1463
1470
1314
1025
715
479
341
310
470
932
1718
2684
3643
4491
5260
5969
6504
6638
6220
5326
4181
2955
1650
218
-1276
-2653
-3764
-4565
-5058
-5219
-5033
-4558
-3898
-3105
-2206
-1275
-460
151
588
933
1188
1319
1375
1479
1674
1849
1920
1982
2234
2690
3134
3321
3216
2916
2459
1771
803
-379
-1682
-3041
-4362
-5456
-6131
-6352
-6228
-5842
-5153
-4114
-2821
-1491
-298
709
1528
2123
2464
2582
2532
2319
1927
1407
905
524
245
-29
-330
-611
-828
-1021
-1244
-1492
-1712
-1875
-1992
-2070
-2094
-2057
-1984
-1895
-1772
-1581
-1311
-974
-581
-153
251
574
818
1048
1275
1410
1338
1070
732
448
232
44
-102
-109
144
722
1594
2619
3628
4521
5315
6013
6496
6564
6130
5299
4255
3074
1731
242
-1244
-2542
-3572
-4348
-4858
-5021
-4826
-4395
-3873
-3255
-2459
-1524
-669
-56
355
712
1049
1291
1419
1512
1640
1769
1882
2046
2347
2724
3008
3075
2942
2652
2173
1432
429
-743
-1987
-3223
-4353
-5241
-5781
-5945
-5757
-5238
-4417
-3378
-2248
-1119
-26
994
1839
2387
2624
2651
2569
2369
2005
1522
1060
687
339
-69
-500
-847
-1072
-1249
-1450
-1656
-1818
-1935
-2040
-2105
-2054
-1853
-1579
-1356
-1227
-1123
-950
-683
-355
-1
359
698
974
1172
1298
1346
1266
1040
725
433
225
85
-11
-12
207
741
1573
2563
3536
4374
5084
5718
6244
6471
6199
5406
4284
3052
1786
456
-934
-2290
-3477
-4379
-4921
-5093
-4976
-4677
-4237
-3607
-2772
-1822
-920
-159
453
942
1292
1497
1636
1808
2013
2126
2095
2052
2192
2498
2741
2725
2487
2153
1731
1101
216
-834
-1936
-3046
-4118
-5005
-5543
-5692
-5535
-5130
-4444
-3458
-2282
-1111
-77
807
1563
2166
2552
2693
2623
2408
2107
1746
1336
881
413
-23
-399
-731
-1042
-1324
-1538
-1678
-1793
-1922
-2022
-1999
-1821
-1567
-1354
-1221
-1104
-932
-701
-462
-240
-15
219
421
554
647
747
824
776
568
298
114
60
72
87
133
316
745
1462
2389
3363
4227
4960
5635
6256
6636
6532
5878
4840
3628
2326
937
-494
-1866
-3102
-4138
-4868
-5183
-5115
-4831
-4460
-3937
-3143
-2133
-1155
-383
219
771
1249
1530
1605
1631
1754
1926
2019
2010
2051
2264
2586
2789
2719
2393
1913
1303
511
-463
-1535
-2606
-3620
-4489
-5089
-5340
-5275
-4940
-4328
-3436
-2370
-1290
-292
614
1396
1971
2288
2396
2380
2260
2001
1588
1094
621
222
-130
-471
-803
-1098
-1354
-1581
-1769
-1893
-1963
-2016
-2054
-2028
-1898
-1700
-1493
-1284
-1029
-716
-404
-150
53
245
427
566
655
719
766
754
647
462
258
73
-71
-162
-174
-70
218
779
1634
2669
3681
4550
5297
5975
6496
6666
6353
5611
4594
3404
2061
598
-883
-2265
-3461
-4408
-5023
-5245
-5087
-4662
-4090
-3418
-2616
-1702
-782
-5
566
953
1212
1371
1464
1542
1623
1680
1697
1751
1920
2186
2414
2499
2434
2245
1881
1263
414
-549
-1532
-2540
-3550
-4419
-4956
-5113
-4988
-4661
-4089
-3214
-2109
-962
73
943
1629
2102
2361
2458
2422
2205
1761
1175
620
208
-103
-406
-725
-1003
-1201
-1331
-1415
-1464
-1501
-1565
-1651
-1688
-1608
-1432
-1235
-1074
-946
-842
-761
-679
-541
-317
-55
158
303
446
647
855
940
819
568
323
153
23
-102
-182
-116
192
790
1649
2638
3608
4495
5340
6118
6646
6706
6273
5518
4600
3495
2122
549
-995
-2321
-3430
-4393
-5152
-5514
-5383
-4891
-4273
-3614
-2849
-1938
-1008
-228
336
738
1029
1230
1373
1509
1659
1784
1878
1992
2177
2374
2489
2491
2419
2248
1866
1194
297
-680
-1661
-2632
-3543
-4272
-4733
-4928
-4880
-4550
-3902
-3012
-2058
-1162
-317
512
1259
1788
2043
2103
2056
1904
1621
1262
933
661
366
-9
-393
-685
-882
-1081
-1332
-1571
-1718
-1784
-1841
-1902
-1900
-1778
-1577
-1381
-1222
-1056
-832
-561
-305
-109
49
232
458
668
773
754
674
595
494
318
73
-147
-284
-355
-374
-233
244
1106
2182
3218
4114
4946
5788
6523
6913
6795
6205
5293
4168
2864
1413
-96
-1553
-2884
-4030
-4900
-5389
-5476
-5258
-4858
-4307
-3552
-2616
-1650
-849
-264
189
601
957
1199
1331
1411
1496
1598
1734
1926
2171
2404
2560
2601
2525
2300
1865
1181
285
-724
-1754
-2742
-3627
-4317
-4722
-4817
-4647
-4259
-3663
-2864
-1910
-902
39
807
1350
1685
1878
1971
1941
1742
1399
1013
679
395
101
-243
-591
-877
-1083
-1252
-1415
-1560
-1655
-1701
-1731
-1759
-1760
-1694
-1560
-1389
-1206
-998
-741
-446
-167
42
173
270
389
545
676
697
569
356
144
-15
-134
-219
-264
-273
-244
-94
337
1141
2220
3341
4344
5214
6019
6736
7204
7205
6647
5645
4418
3087
1631
36
-1583
-3048
-4260
-5197
-5816
-6028
-5828
-5338
-4698
-3913
-2943
-1853
-840
-34
584
1085
1442
1610
1662
1743
1873
1908
1782
1656
1763
2076
2327
2299
2055
1784
1526
1146
524
-313
-1265
-2235
-3127
-3820
-4246
-4433
-4433
-4212
-3705
-2938
-2055
-1183
-336
493
1216
1693
1901
1961
1982
1937
1743
1401
1005
612
198
-257
-688
-1031
-1299
-1558
-1807
-1976
-2021
-1993
-1957
-1905
-1783
-1579
-1360
-1190
-1065
-939
-812
-724
-676
-588
-402
-174
-20
33
78
193
340
423
393
274
105
-54
-152
-170
-149
-94
115
644
1537
2634
3712
4652
5481
6225
6805
7038
6793
6086
5041
3769
2317
730
-891
-2419
-3762
-4850
-5578
-5828
-5611
-5110
-4534
-3910
-3113
-2099
-1051
-208
343
710
996
1201
1295
1322
1359
1420
1482
1574
1808
2220
2673
2927
2884
2648
2372
2041
1499
666
-356
-1386
-2330
-3173
-3875
-4331
-4460
-4282
-3878
-3314
-2621
-1838
-1022
-226
506
1122
1566
1817
1903
1852
1676
1392
1057
724
397
29
-386
-787
-1098
-1313
-1468
-1588
-1674
-1742
-1815
-1874
-1870
-1793
-1701
-1641
-1591
-1499
-1352
-1160
-930
-675
-445
-275
-129
64
297
470
503
439
377
363
332
219
38
-119
-189
-166
-45
242
790
1613
2613
3625
4537
5307
5940
6404
6608
6423
5785
4749
3457
2033
532
-1000
-2463
-3726
-4696
-5334
-5615
-5524
-5110
-4484
-3746
-2911
-1995
-1088
-338
200
582
877
1061
1099
1051
1027
1080
1172
1310
1567
1984
2440
2737
2767
2596
2340
2021
1554
859
-59
-1119
-2183
-3090
-3712
-4060
-4253
-4336
-4167
-3580
-2656
-1699
-921
-262
427
1114
1619
1854
1896
1840
1672
1364
966
578
236
-86
-403
-672
-862
-1007
-1177
-1387
-1584
-1716
-1793
-1870
-1967
-2035
-1995
-1826
-1587
-1375
-1231
-1113
-946
-696
-405
-142
57
215
379
554
690
737
710
650
566
422
227
51
-34
-34
25
183
549
1194
2065
3026
3940
4751
5448
6012
6346
6325
5883
5063
3966
2681
1270
-200
-1637
-2919
-3930
-4609
-4979
-5105
-5009
-4670
-4094
-3356
-2535
-1699
-911
-265
197
511
744
913
1017
1090
1180
1306
1459
1682
2010
2393
2666
2709
2546
2285
1961
1512
884
97
-794
-1752
-2700
-3487
-3981
-4191
-4220
-4108
-3777
-3171
-2380
-1570
-815
-84
619
1186
1518
1663
1747
1793
1687
1366
935
571
304
23
-350
-753
-1091
-1360
-1609
-1826
-1954
-2001
-2048
-2120
-2129
-1991
-1752
-1533
-1366
-1177
-919
-654
-465
-340
-199
-9
189
362
511
628
673
628
544
479
433
348
205
30
-140
-290
-378
-302
51
724
1647
2680
3668
4535
5300
6007
6569
6761
6398
5514
4321
3006
1615
146
-1334
-2698
-3845
-4720
-5258
-5393
-5147
-4657
-4055
-3368
-2554
-1662
-841
-217
226
559
800
907
909
932
1059
1247
1394
1521
1750
2144
2579
2885
3000
2971
2782
2346
1619
677
-386
-1528
-2674
-3648
-4277
-4566
-4653
-4608
-4341
-3751
-2885
-1914
-974
-96
718
1403
1847
2004
1942
1774
1560
1296
968
593
189
-223
-625
-990
-1320
-1616
-1853
-1991
-2034
-2027
-1988
-1897
-1761
-1650
-1604
-1570
-1469
-1307
-1137
-970
-758
-485
-206
23
208
385
563
727
868
975
1007
902
648
300
-45
-333
-552
-706
-780
-727
-468
74
911
1963
3090
4162
5099
5876
6474
6831
6822
6341
5413
4181
2774
1250
-334
-1849
-3150
-4166
-4886
-5279
-5304
-5009
-4522
-3937
-3234
-2395
-1509
-752
-208
161
426
595
688
797
1002
1260
1450
1584
1824
2291
2859
3281
3431
3378
3186
2788
2084
1113
24
-1095
-2241
-3364
-4293
-4874
-5097
-5043
-4723
-4100
-3221
-2240
-1264
-290
665
1461
1948
2138
2169
2119
1937
1573
1078
573
126
-260
-609
-927
-1212
-1456
-1646
-1770
-1825
-1825
-1794
-1757
-1733
-1716
-1662
-1533
-1345
-1170
-1042
-913
-706
-415
-125
86
213
322
464
628
758
806
767
656
487
253
-32
-336
-603
-800
-906
-911
-784
-471
88
926
1989
3137
4211
5148
5971
6674
7100
7041
6425
5412
4228
2963
1573
58
-1443
-2759
-3821
-4637
-5160
-5299
-5056
-4586
-4038
-3418
-2639
-1743
-921
-336
50
345
560
633
618
687
912
1175
1354
1537
1894
2431
2932
3213
3260
3138
2819
2240
1429
495
-509
-1600
-2715
-3658
-4256
-4531
-4617
-4550
-4214
-3531
-2601
-1636
-770
-11
664
1217
1572
1709
1679
1537
1288
931
512
115
-222
-523
-815
-1075
-1268
-1392
-1474
-1521
-1519
-1482
-1459
-1477
-1499
-1464
-1354
-1202
-1042
-897
-787
-719
-663
-563
-407
-233
-71
89
244
345
363
348
382
454
469
342
93
-190
-408
-529
-573
-564
-450
-124
491
1382
2445
3550
4568
5431
6142
6702
6997
6841
6152
5065
3800
2465
1037
-477
-1956
-3245
-4253
-4929
-5204
-5061
-4619
-4076
-3519
-2874
-2065
-1187
-430
93
425
631
714
664
561
536
654
876
1140
1463
1883
2372
2801
3051
3090
2958
2669
2186
1472
529
-595
-1804
-2939
-3829
-4384
-4647
-4704
-4555
-4117
-3359
-2398
-1424
-556
193
826
1282
1489
1464
1319
1152
965
708
370
18
-284
-521
-715
-874
-996
-1082
-1153
-1224
-1294
-1355
-1398
-1428
-1461
-1511
-1548
-1512
-1369
-1172
-1013
-924
-839
-680
-459
-240
-49
148
356
530
646
735
817
830
710
472
206
-33
-248
-442
-572
-576
-397
28
744
1722
2823
3888
4837
5681
6401
6859
6870
6370
5475
4364
3119
1737
246
-1245
-2612
-3770
-4631
-5105
-5173
-4941
-4534
-3991
-3277
-2424
-1561
-840
-313
55
322
494
542
483
419
464
626
848
1115
1514
2076
2693
3169
3400
3395
3199
2817
2225
1402
354
-846
-2056
-3124
-3976
-4611
-5010
-5089
-4779
-4127
-3277
-2350
-1387
-412
484
1176
1621
1871
1973
1889
1574
1088
585
169
-175
-506
-806
-1012
-1095
-1104
-1098
-1107
-1136
-1182
-1228
-1250
-1252
-1275
-1362
-1502
-1624
-1648
-1550
-1382
-1210
-1055
-880
-648
-360
-54
233
482
694
880
1028
1090
1003
766
446
139
-122
-352
-560
-694
-656
-339
315
1265
2377
3476
4455
5301
6049
6658
6968
6792
6070
4937
3621
2269
894
-524
-1923
-3162
-4103
-4684
-4920
-4861
-4562
-4062
-3393
-2608
-1802
-1071
-486
-66
175
244
190
121
141
268
446
625
844
1174
1649
2199
2711
3079
3251
3210
2958
2487
1797
910
-128
-1248
-2359
-3334
-4061
-4493
-4652
-4550
-4163
-3489
-2615
-1676
-756
118
897
1472
1758
1782
1655
1452
1172
789
331
-152
-614
-1018
-1291
-1374
-1307
-1222
-1215
-1246
-1210
-1088
-977
-976
-1087
-1237
-1377
-1495
-1586
-1634
-1638
-1605
-1532
-1401
-1200
-939
-628
-280
76
405
690
936
1128
1209
1117
866
538
236
-1
-179
-313
-371
-256
161
949
2016
3151
4172
5052
5849
6553
7013
7043
6565
5642
4406
2973
1429
-132
-1598
-2882
-3938
-4718
-5129
-5105
-4720
-4179
-3632
-3042
-2274
-1361
-533
-2
272
455
592
578
400
240
267
457
686
974
1438
2077
2687
3088
3275
3336
3241
2871
2186
1290
293
-782
-1910
-2960
-3754
-4217
-4399
-4354
-4074
-3545
-2826
-2006
-1147
-292
487
1084
1434
1564
1544
1417
1181
847
461
68
-331
-722
-1041
-1215
-1264
-1293
-1366
-1425
-1388
-1281
-1218
-1260
-1343
-1391
-1414
-1471
-1550
-1585
-1550
-1499
-1456
-1363
-1155
-855
-539
-246
40
326
579
759
853
861
801
691
547
352
112
-127
-275
-267
-61
382
1097
2063
3151
4200
5108
5880
6519
6923
6909
6392
5471
4320
3017
1564
30
-1420
-2672
-3728
-4581
-5091
-5116
-4728
-4176
-3629
-3022
-2246
-1368
-620
-145
105
255
333
312
231
201
272
391
534
793
1280
1933
2552
2986
3268
3465
3515
3258
2631
1747
741
-346
-1508
-2626
-3500
-4029
-4277
-4343
-4220
-3832
-3182
-2379
-1546
-736
30
706
1220
1525
1614
1512
1267
942
589
216
-181
-573
-884
-1072
-1169
-1255
-1359
-1437
-1433
-1368
-1322
-1349
-1435
-1527
-1593
-1642
-1690
-1726
-1719
-1649
-1519
-1353
-1173
-977
-729
-403
-22
331
596
790
966
1123
1172
1049
776
456
163
-72
-240
-318
-278
-72
384
1156
2204
3349
4390
5248
5991
6656
7109
7102
6512
5467
4213
2886
1465
-63
-1589
-2955
-4057
-4829
-5204
-5157
-4793
-4277
-3694
-2998
-2171
-1324
-642
-197
63
224
303
300
249
198
167
177
336
766
1471
2263
2945
3457
3865
4160
4209
3885
3202
2269
1157
-98
-1404
-2591
-3547
-4279
-4817
-5084
-4941
-4368
-3519
-2590
-1662
-717
211
997
1528
1808
1899
1813
1531
1100
649
259
-107
-519
-937
-1236
-1351
-1360
-1365
-1392
-1395
-1362
-1333
-1339
-1376
-1443
-1557
-1699
-1802
-1815
-1763
-1704
-1645
-1539
-1347
-1075
-746
-387
-26
319
649
957
1198
1322
1301
1161
938
667
357
22
-309
-573
-701
-633
-311
321
1278
2449
3641
4699
5611
6409
7023
7269
7009
6271
5196
3895
2409
801
-790
-2217
-3408
-4345
-4970
-5182
-4957
-4433
-3821
-3214
-2553
-1769
-968
-363
-89
-59
-96
-97
-81
-72
-32
86
295
615
1118
1824
2628
3337
3854
4212
4443
4443
4059
3257
2159
910
-414
-1747
-2977
-3982
-4710
-5140
-5222
-4909
-4243
-3361
-2395
-1399
-397
543
1300
1769
1924
1829
1582
1246
843
375
-122
-584
-925
-1101
-1142
-1147
-1178
-1202
-1141
-1004
-901
-916
-1029
-1177
-1347
-1544
-1733
-1851
-1901
-1932
-1951
-1884
-1658
-1288
-856
-433
-35
355
730
1053
1294
1460
1555
1549
1391
1082
672
232
-185
-517
-722
-802
-783
-619
-169
657
1776
2964
4045
4983
5828
6562
7042
7067
6550
5601
4420
3112
1666
103
-1421
-2721
-3718
-4406
-4733
-4644
-4237
-3744
-3316
-2850
-2194
-1401
-743
-398
-300
-275
-292
-408
-584
-651
-487
-130
351
975
1792
2711
3541
4152
4571
4833
4862
4518
3771
2730
1516
187
-1192
-2486
-3565
-4400
-4994
-5257
-5057
-4415
-3561
-2712
-1888
-990
-49
750
1254
1481
1525
1421
1154
766
360
-4
-336
-642
-845
-873
-750
-599
-512
-507
-564
-680
-850
-1043
-1245
-1479
-1764
-2042
-2216
-2254
-2218
-2164
-2059
-1827
-1446
-969
-444
109
650
1106
1422
1624
1772
1872
1849
1640
1257
791
316
-130
-537
-872
-1092
-1157
-1035
-684
-49
888
2055
3282
4406
5368
6199
6883
7268
7156
6503
5466
4263
2987
1605
112
-1359
-2618
-3549
-4151
-4452
-4472
-4258
-3903
-3482
-2972
-2345
-1676
-1160
-901
-827
-769
-665
-572
-526
-457
-255
132
711
1472
2361
3220
3897
4364
4719
4974
4972
4531
3640
2445
1099
-312
-1715
-2999
-4074
-4896
-5428
-5600
-5352
-4715
-3818
-2819
-1828
-891
-44
663
1166
1430
1453
1276
980
660
362
60
-262
-532
-628
-553
-456
-486
-623
-732
-745
-733
-810
-1007
-1286
-1593
-1902
-2173
-2351
-2388
-2292
-2116
-1889
-1571
-1111
-536
59
594
1053
1432
1703
1857
1921
1902
1735
1371
868
374
-25
-360
-706
-1052
-1307
-1363
-1185
-785
-166
696
1801
3052
4274
5324
6174
6854
7325
7432
7038
6170
5008
3717
2348
897
-572
-1927
-3053
-3896
-4419
-4593
-4457
-4138
-3754
-3302
-2717
-2025
-1407
-1024
-871
-802
-722
-642
-581
-457
-170
277
819
1435
2176
3004
3769
4311
4624
4768
4731
4395
3685
2662
1446
116
-1262
-2562
-3642
-4451
-5024
-5357
-5342
-4898
-4119
-3230
-2387
-1578
-742
73
710
1054
1129
1046
897
705
470
205
-42
-226
-322
-368
-432
-555
-701
-809
-880
-988
-1195
-1461
-1688
-1830
-1932
-2043
-2131
-2114
-1969
-1755
-1524
-1245
-863
-399
52
421
727
1008
1256
1438
1546
1597
1574
1435
1152
759
325
-73
-399
-653
-865
-1027
-1066
-868
-368
417
1406
2501
3613
4662
5607
6420
7037
7310
7107
6426
5420
4244
2949
1531
66
-1289
-2419
-3318
-3992
-4384
-4437
-4217
-3883
-3508
-3033
-2395
-1715
-1197
-945
-857
-790
-700
-622
-535
-347
-3
484
1087
1825
2673
3499
4132
4528
4766
4876
4727
4170
3223
2060
806
-527
-1908
-3186
-4190
-4883
-5313
-5459
-5223
-4590
-3725
-2841
-2020
-1210
-380
370
880
1077
1042
922
799
654
422
109
-196
-369
-381
-319
-329
-468
-668
-819
-908
-1015
-1206
-1444
-1638
-1757
-1846
-1950
-2042
-2057
-1968
-1789
-1527
-1167
-721
-250
170
510
795
1051
1265
1392
1400
1304
1163
1026
878
642
282
-156
-563
-862
-1039
-1106
-1044
-803
-326
420
1418
2585
3774
4844
5728
6457
7040
7358
7193
6448
5286
4002
2743
1464
119
-1188
-2302
-3171
-3812
-4194
-4265
-4085
-3811
-3530
-3173
-2695
-2202
-1871
-1689
-1485
-1151
-799
-575
-451
-252
126
632
1213
1893
2698
3515
4175
4597
4833
4906
4730
4187
3285
2148
895
-428
-1776
-3037
-4082
-4849
-5332
-5494
-5279
-4711
-3943
-3137
-2340
-1498
-625
147
684
999
1194
1310
1281
1065
744
444
210
-8
-235
-432
-552
-616
-677
-761
-854
-957
-1096
-1281
-1480
-1647
-1765
-1842
-1889
-1903
-1865
-1744
-1510
-1169
-769
-372
7
379
724
973
1099
1171
1268
1355
1307
1082
783
532
306
8
-382
-745
-970
-1037
-984
-795
-403
247
1149
2230
3376
4447
5353
6095
6711
7145
7221
6794
5908
4761
3508
2169
743
-667
-1896
-2874
-3622
-4132
-4330
-4210
-3929
-3666
-3433
-3084
-2564
-2007
-1617
-1432
-1331
-1177
-950
-686
-381
3
473
998
1601
2342
3204
3992
4507
4747
4878
4952
4774
4111
2979
1627
271
-1054
-2382
-3651
-4700
-5393
-5692
-5630
-5260
-4638
-3835
-2915
-1934
-959
-96
547
938
1152
1270
1284
1135
828
459
121
-146
-331
-423
-471
-549
-665
-729
-702
-675
-758
-939
-1128
-1302
-1500
-1710
-1841
-1853
-1810
-1777
-1707
-1493
-1108
-643
-209
164
502
826
1117
1350
1519
1626
1662
1602
1419
1105
698
260
-151
-513
-797
-965
-988
-876
-632
-188
558
1632
2888
4094
5081
5847
6467
6949
7167
6973
6324
5324
4130
2851
1525
173
-1146
-2330
-3273
-3905
-4219
-4268
-4125
-3869
-3550
-3181
-2742
-2250
-1777
-1420
-1200
-1074
-987
-901
-753
-472
-48
468
1051
1760
2599
3442
4105
4533
4784
4877
4703
4154
3254
2132
880
-473
-1872
-3197
-4324
-5178
-5694
-5797
-5486
-4894
-4195
-3460
-2634
-1688
-718
107
682
1015
1177
1207
1095
843
515
206
-49
-271
-480
-629
-672
-605
-487
-388
-372
-472
-662
-874
-1058
-1239
-1455
-1689
-1875
-1975
-2009
-1989
-1878
-1622
-1225
-749
-252
246
735
1173
1505
1712
1822
1862
1829
1686
1415
1032
594
150
-260
-600
-822
-906
-884
-787
-549
-31
840
1969
3155
4244
5195
6031
6738
7206
7274
6856
6042
5024
3917
2693
1312
-125
-1437
-2511
-3341
-3907
-4156
-4110
-3917
-3724
-3503
-3128
-2584
-2051
-1696
-1514
-1367
-1202
-1062
-953
-767
-395
131
707
1299
1989
2802
3615
4234
4605
4815
4918
4782
4215
3184
1875
508
-819
-2098
-3304
-4362
-5187
-5692
-5792
-5471
-4845
-4093
-3292
-2386
-1347
-317
481
963
1218
1341
1323
1124
789
417
76
-217
-424
-511
-484
-401
-313
-262
-287
-413
-595
-753
-876
-1043
-1325
-1665
-1920
-2004
-1973
-1923
-1868
-1718
-1404
-962
-489
-49
363
754
1098
1358
1524
1615
1637
1575
1402
1108
705
245
-210
-599
-898
-1095
-1181
-1136
-934
-523
158
1118
2269
3449
4517
5423
6191
6819
7218
7236
6780
5903
4785
3590
2365
1065
-299
-1594
-2655
-3417
-3900
-4122
-4094
-3897
-3658
-3400
-3035
-2521
-2003
-1646
-1466
-1326
-1165
-1026
-932
-787
-479
-10
554
1199
1993
2915
3794
4412
4727
4876
4960
4847
4296
3228
1827
362
-1029
-2327
-3516
-4526
-5285
-5728
-5796
-5467
-4812
-3977
-3078
-2147
-1191
-278
469
968
1229
1325
1302
1151
865
492
126
-173
-390
-537
-600
-576
-488
-391
-331
-344
-454
-660
-923
-1191
-1438
-1660
-1856
-2004
-2084
-2083
-1997
-1818
-1546
-1189
-755
-251
288
788
1168
1408
1558
1663
1702
1618
1384
1044
655
255
-157
-566
-932
-1187
-1276
-1174
-896
-457
161
996
2057
3255
4416
5374
6075
6574
6922
7050
6795
6053
4905
3568
2236
968
-265
-1452
-2497
-3285
-3775
-4003
-4020
-3851
-3526
-3112
-2708
-2372
-2110
-1875
-1648
-1429
-1253
-1126
-1017
-844
-533
-70
503
1145
1869
2664
3451
4086
4510
4773
4927
4873
4433
3540
2333
1010
-336
-1686
-2973
-4057
-4842
-5318
-5479
-5277
-4710
-3910
-3067
-2242
-1366
-411
452
985
1109
992
860
790
685
438
77
-255
-423
-419
-337
-279
-265
-251
-205
-158
-173
-294
-512
-792
-1101
-1411
-1693
-1916
-2058
-2102
-2032
-1854
-1596
-1288
-931
-501
13
564
1058
1408
1614
1748
1853
1871
1701
1341
898
479
80
-330
-724
-1002
-1099
-1020
-804
-463
22
700
1611
2707
3824
4765
5450
5957
6377
6648
6580
6038
5081
3903
2684
1506
380
-704
-1724
-2607
-3241
-3555
-3589
-3465
-3312
-3172
-3013
-2763
-2427
-2099
-1900
-1834
-1806
-1716
-1548
-1308
-973
-525
4
577
1237
2028
2887
3622
4107
4374
4539
4591
4376
3758
2785
1631
428
-803
-2046
-3206
-4152
-4828
-5234
-5333
-5059
-4443
-3648
-2822
-1977
-1064
-158
544
889
929
844
762
667
468
156
-165
-365
-421
-384
-297
-151
32
180
237
216
134
-42
-350
-755
-1167
-1525
-1819
-2063
-2249
-2349
-2310
-2080
-1669
-1163
-651
-150
363
858
1248
1480
1606
1703
1764
1695
1442
1074
725
450
201
-102
-447
-729
-823
-702
-434
-100
311
900
1728
2724
3706
4525
5148
5637
6021
6234
6129
5613
4730
3644
2516
1411
305
-801
-1822
-2635
-3169
-3429
-3468
-3367
-3208
-3043
-2842
-2559
-2214
-1937
-1818
-1804
-1739
-1565
-1363
-1216
-1058
-746
-230
429
1166
1984
2836
3590
4123
4458
4681
4766
4546
3896
2882
1695
469
-765
-2004
-3189
-4212
-4952
-5298
-5207
-4765
-4155
-3505
-2803
-1975
-1071
-268
285
593
740
774
690
511
305
98
-123
-339
-430
-313
-59
136
163
95
68
101
75
-122
-492
-944
-1385
-1757
-2040
-2234
-2356
-2394
-2295
-2016
-1584
-1085
-586
-92
408
888
1287
1569
1750
1851
1855
1721
1458
1143
834
516
146
-245
-566
-750
-815
-781
-619
-295
154
682
1318
2136
3104
4028
4708
5127
5429
5705
5847
5650
5041
4159
3216
2303
1376
378
-638
-1544
-2235
-2693
-2956
-3078
-3117
-3126
-3114
-3020
-2798
-2498
-2270
-2202
-2231
-2194
-2001
-1677
-1292
-859
-343
269
966
1724
2525
3305
3977
4474
4786
4899
4759
4291
3479
2391
1141
-173
-1467
-2670
-3717
-4552
-5113
-5337
-5194
-4723
-4029
-3214
-2336
-1431
-594
35
365
451
427
381
304
168
-2
-168
-313
-418
-412
-244
35
272
370
355
314
252
84
-254
-725
-1228
-1689
-2087
-2414
-2634
-2699
-2588
-2307
-1888
-1375
-828
-291
223
717
1167
1524
1751
1847
1826
1704
1499
1234
919
556
175
-162
-403
-559
-654
-678
-585
-365
-58
295
716
1270
1987
2811
3612
4279
4780
5165
5471
5641
5539
5075
4304
3396
2495
1638
785
-79
-913
-1656
-2259
-2689
-2939
-3054
-3109
-3148
-3137
-3030
-2841
-2659
-2532
-2423
-2238
-1943
-1566
-1142
-656
-90
536
1193
1874
2591
3290
3876
4284
4529
4623
4499
4053
3276
2276
1180
23
-1202
-2436
-3533
-4348
-4822
-4972
-4833
-4448
-3878
-3184
-2395
-1548
-764
-209
54
159
274
399
397
227
32
-49
-34
-21
-3
89
248
357
365
332
299
176
-153
-657
-1176
-1601
-1965
-2312
-2576
-2629
-2448
-2154
-1859
-1545
-1127
-586
3
557
1043
1444
1728
1879
1934
1931
1846
1622
1271
892
564
272
-33
-327
-542
-659
-732
-771
-713
-513
-231
65
412
925
1632
2433
3193
3861
4461
4999
5412
5590
5461
5041
4429
3713
2919
2035
1086
145
-718
-1482
-2137
-2649
-2990
-3198
-3355
-3481
-3509
-3370
-3113
-2856
-2666
-2482
-2223
-1876
-1488
-1067
-571
21
673
1332
2009
2728
3454
4066
4486
4716
4777
4588
4042
3150
2063
901
-331
-1635
-2878
-3858
-4478
-4787
-4860
-4700
-4284
-3649
-2900
-2142
-1443
-837
-347
18
249
345
334
275
235
221
198
144
115
180
330
461
489
419
303
138
-136
-537
-979
-1357
-1658
-1945
-2235
-2440
-2467
-2317
-2065
-1741
-1306
-751
-165
343
750
1111
1452
1715
1829
1790
1653
1467
1241
963
631
268
-81
-357
-530
-627
-702
-765
-779
-700
-552
-374
-156
166
648
1287
2036
2836
3624
4338
4948
5448
5822
5986
5837
5332
4552
3622
2632
1600
546
-478
-1395
-2150
-2718
-3106
-3349
-3486
-3540
-3499
-3357
-3137
-2900
-2672
-2440
-2169
-1878
-1593
-1300
-925
-413
202
842
1472
2138
2860
3579
4158
4502
4594
4456
4081
3444
2551
1466
279
-932
-2098
-3141
-3973
-4540
-4834
-4866
-4630
-4132
-3432
-2654
-1907
-1236
-640
-152
168
293
287
246
199
99
-85
-274
-334
-205
21
195
240
210
188
175
83
-151
-486
-825
-1126
-1426
-1749
-2026
-2142
-2061
-1858
-1618
-1330
-921
-381
191
669
1011
1264
1479
1644
1706
1622
1403
1106
793
487
183
-108
-347
-499
-584
-645
-695
-691
-594
-407
-179
68
349
702
1164
1754
2456
3197
3882
4458
4937
5327
5582
5608
5353
4827
4094
3226
2283
1302
309
-663
-1561
-2329
-2912
-3272
-3435
-3501
-3575
-3632
-3553
-3269
-2897
-2604
-2428
-2226
-1884
-1438
-1002
-598
-143
428
1092
1788
2494
3168
3737
4122
4322
4354
4175
3694
2894
1868
734
-453
-1658
-2790
-3712
-4344
-4695
-4788
-4604
-4133
-3466
-2759
-2113
-1519
-950
-459
-138
0
24
-6
-91
-231
-364
-419
-380
-284
-142
50
266
436
516
513
431
226
-132
-586
-1027
-1399
-1716
-1964
-2069
-1982
-1761
-1499
-1211
-849
-407
39
420
731
989
1164
1232
1239
1250
1250
1151
912
607
335
121
-55
-196
-286
-355
-440
-525
-529
-416
-221
-15
180
382
620
920
1317
1852
2530
3275
3954
4491
4912
5273
5528
5536
5188
4534
3712
2811
1836
795
-243
-1188
-2000
-2677
-3191
-3499
-3605
-3594
-3550
-3483
-3324
-3038
-2668
-2318
-2042
-1826
-1605
-1321
-940
-461
89
681
1295
1942
2616
3265
3785
4106
4218
4144
3849
3277
2432
1409
309
-822
-1955
-2989
-3787
-4271
-4469
-4439
-4194
-3732
-3111
-2455
-1868
-1369
-923
-543
-312
-286
-401
-521
-581
-600
-596
-516
-324
-57
209
454
679
843
864
714
449
133
-221
-623
-1045
-1419
-1685
-1838
-1909
-1917
-1834
-1618
-1267
-836
-408
-38
266
522
732
870
905
838
717
611
558
524
440
275
84
-39
-52
-10
8
-19
-30
28
159
309
445
570
715
908
1180
1573
2114
2769
3442
4031
4490
4836
5074
5152
4974
4494
3759
2877
1928
944
-60
-1035
-1906
-2602
-3072
-3305
-3334
-3244
-3110
-2963
-2772
-2538
-2305
-2136
-2020
-1893
-1703
-1451
-1142
-746
-230
397
1084
1799
2516
3196
3756
4116
4230
4097
3740
3179
2416
1450
317
-878
-1988
-2890
-3535
-3935
-4117
-4089
-3861
-3473
-2997
-2510
-2055
-1645
-1285
-983
-752
-619
-615
-721
-830
-798
-570
-238
57
276
479
722
955
1073
1014
804
503
152
-232
-620
-974
-1277
-1544
-1766
-1878
-1826
-1644
-1431
-1238
-1026
-753
-443
-151
106
345
553
708
811
889
936
912
814
703
631
569
446
256
80
2
18
53
48
21
13
59
167
351
616
962
1393
1934
2588
3287
3916
4400
4750
4985
5066
4913
4484
3808
2958
2008
1029
72
-812
-1572
-2162
-2571
-2823
-2937
-2932
-2847
-2765
-2736
-2734
-2688
-2592
-2496
-2434
-2341
-2122
-1737
-1215
-600
101
878
1702
2515
3270
3911
4373
4591
4541
4222
3630
2769
1695
523
-628
-1695
-2647
-3426
-3954
-4198
-4203
-4031
-3706
-3234
-2679
-2165
-1801
-1587
-1445
-1291
-1113
-954
-853
-792
-697
-495
-174
196
530
791
1011
1205
1323
1272
1017
618
174
-257
-675
-1087
-1468
-1780
-1979
-2025
-1905
-1674
-1443
-1282
-1159
-977
-691
-342
-14
248
452
629
795
933
1011
1007
926
797
669
591
562
518
393
214
68
-4
-69
-182
-301
-316
-191
13
231
482
835
1330
1948
2636
3328
3950
4436
4765
4951
4984
4794
4299
3519
2586
1652
767
-95
-928
-1647
-2177
-2516
-2713
-2801
-2789
-2739
-2735
-2814
-2906
-2928
-2863
-2771
-2671
-2502
-2174
-1653
-966
-151
748
1674
2549
3321
3950
4394
4591
4507
4158
3597
2850
1922
835
-324
-1437
-2401
-3158
-3672
-3925
-3941
-3797
-3580
-3315
-2963
-2492
-1975
-1568
-1388
-1398
-1438
-1376
-1206
-998
-778
-488
-73
423
891
1240
1476
1636
1710
1617
1299
791
208
-349
-847
-1280
-1628
-1858
-1971
-2008
-2012
-1982
-1887
-1702
-1441
-1143
-848
-564
-271
42
359
637
842
976
1073
1164
1241
1249
1144
939
695
460
231
0
-205
-318
-321
-259
-214
-202
-177
-75
105
321
540
797
1167
1697
2366
3092
3768
4309
4683
4901
4974
4847
4441
3731
2815
1837
901
30
-762
-1424
-1915
-2250
-2490
-2665
-2775
-2834
-2906
-3032
-3189
-3289
-3285
-3173
-2960
-2605
-2063
-1332
-466
462
1398
2288
3071
3687
4114
4336
4321
4017
3433
2663
1828
974
95
-784
-1574
-2208
-2679
-3008
-3198
-3265
-3270
-3256
-3201
-3061
-2860
-2665
-2496
-2287
-1967
-1544
-1084
-643
-229
172
568
944
1255
1435
1457
1349
1178
973
709
367
-13
-370
-686
-986
-1275
-1513
-1670
-1775
-1870
-1943
-1937
-1825
-1643
-1442
-1228
-974
-660
-285
127
528
854
1076
1222
1333
1399
1373
1231
1001
738
484
272
134
76
74
79
71
57
57
57
46
31
58
163
340
559
836
1255
1892
2713
3555
4247
4718
4999
5100
4954
4479
3687
2701
1677
719
-127
-843
-1411
-1824
-2095
-2267
-2392
-2506
-2639
-2802
-2998
-3190
-3328
-3363
-3270
-3004
-2525
-1838
-1019
-158
711
1580
2403
3074
3513
3725
3776
3697
3461
3029
2423
1708
956
200
-543
-1261
-1932
-2536
-3042
-3402
-3581
-3592
-3507
-3396
-3270
-3062
-2720
-2271
-1815
-1426
-1096
-763
-389
8
386
706
951
1120
1235
1315
1349
1276
1044
670
251
-127
-458
-810
-1220
-1636
-1958
-2132
-2189
-2188
-2151
-2056
-1883
-1629
-1311
-943
-546
-149
220
551
842
1083
1254
1338
1339
1279
1181
1050
889
706
516
330
162
36
-28
-33
-16
0
6
3
-12
-16
21
110
236
413
712
1204
1895
2710
3544
4277
4806
5082
5126
4960
4553
3841
2857
1759
758
-30
-612
-1057
-1411
-1688
-1903
-2083
-2265
-2484
-2776
-3141
-3521
-3783
-3810
-3563
-3088
-2439
-1649
-755
157
991
1701
2292
2756
3032
3090
2995
2877
2783
2638
2325
1830
1239
640
37
-617
-1354
-2141
-2893
-3491
-3833
-3903
-3786
-3593
-3346
-2991
-2501
-1961
-1504
-1181
-934
-690
-438
-205
9
242
511
789
1024
1192
1279
1252
1048
646
117
-407
-841
-1191
-1512
-1814
-2041
-2123
-2044
-1876
-1728
-1658
-1609
-1472
-1200
-868
-588
-383
-174
116
479
838
1120
1303
1386
1375
1285
1143
965
753
511
280
118
43
15
-1
23
120
252
302
208
30
-98
-97
24
220
476
842
1407
2222
3207
4147
4813
5111
5088
4844
4431
3843
3062
2126
1151
301
-304
-660
-865
-1045
-1284
-1609
-1998
-2409
-2797
-3155
-3491
-3779
-3904
-3727
-3187
-2366
-1420
-498
307
946
1415
1756
2005
2164
2215
2199
2217
2348
2537
2633
2486
2058
1401
601
-274
-1167
-2029
-2803
-3416
-3784
-3844
-3603
-3155
-2639
-2172
-1809
-1547
-1374
-1295
-1293
-1289
-1174
-887
-456
51
565
1004
1283
1359
1266
1043
692
209
-329
-788
-1088
-1262
-1379
-1452
-1457
-1415
-1409
-1500
-1653
-1765
-1770
-1674
-1515
-1299
-1004
-614
-151
333
768
1089
1273
1347
1340
1245
1048
796
592
493
459
422
370
327
287
206
54
-143
-336
-475
-539
-529
-476
-393
-257
-16
345
770
1185
1579
2030
2634
3382
4111
4597
4712
4511
4138
3693
3160
2489
1692
877
170
-359
-727
-997
-1243
-1529
-1890
-2312
-2711
-3010
-3186
-3286
-3317
-3211
-2868
-2275
-1530
-784
-139
379
787
1125
1424
1702
1944
2138
2295
2468
2675
2847
2820
2449
1723
783
-203
-1135
-1992
-2734
-3265
-3487
-3393
-3085
-2697
-2332
-2051
-1888
-1838
-1849
-1837
-1731
-1498
-1147
-706
-214
290
764
1145
1370
1392
1215
883
464
33
-331
-585
-740
-841
-924
-995
-1061
-1165
-1353
-1621
-1886
-2043
-2030
-1849
-1538
-1140
-699
-262
130
438
636
710
679
591
524
542
660
822
945
980
937
847
709
492
182
-170
-479
-681
-765
-740
-620
-419
-194
-13
97
180
300
470
669
923
1325
1948
2758
3610
4339
4813
4964
4775
4300
3624
2841
2019
1227
537
22
-291
-452
-574
-788
-1167
-1712
-2356
-2996
-3499
-3769
-3779
-3573
-3181
-2600
-1835
-990
-238
295
605
788
951
1180
1521
1976
2470
2905
3206
3328
3193
2723
1916
897
-182
-1213
-2104
-2739
-3035
-3034
-2874
-2665
-2433
-2200
-2037
-2013
-2103
-2186
-2142
-1925
-1542
-1020
-410
194
673
962
1067
1041
914
697
411
125
-72
-130
-87
-47
-117
-338
-677
-1054
-1404
-1709
-1977
-2187
-2270
-2155
-1844
-1426
-999
-617
-292
-24
185
347
486
615
732
843
957
1079
1182
1217
1136
931
644
345
84
-124
-278
-372
-405
-397
-363
-302
-189
-42
81
115
68
27
111
368
755
1187
1626
2098
2647
3267
3877
4351
4549
4393
3919
3282
2655
2117
1625
1107
562
63
-329
-632
-939
-1334
-1828
-2364
-2847
-3188
-3326
-3272
-3074
-2777
-2370
-1826
-1182
-559
-67
288
585
901
1252
1628
2036
2475
2877
3113
3061
2689
2052
1253
394
-433
-1162
-1750
-2182
-2445
-2528
-2464
-2351
-2304
-2368
-2475
-2503
-2380
-2124
-1804
-1466
-1111
-714
-275
147
461
602
589
511
444
396
341
285
265
270
212
-3
-356
-716
-955
-1069
-1179
-1413
-1770
-2089
-2179
-1982
-1631
-1317
-1105
-894
-563
-115
326
648
836
937
976
961
928
937
998
1027
940
751
553
412
313
214
96
-40
-189
-314
-368
-342
-308
-321
-346
-287
-113
129
390
675
999
1331
1636
1939
2321
2824
3394
3909
4249
4322
4087
3580
2935
2308
1770
1266
733
200
-237
-549
-828
-1190
-1666
-2189
-2665
-3013
-3176
-3125
-2904
-2578
-2195
-1748
-1246
-747
-321
32
395
834
1329
1796
2182
2495
2741
2853
2732
2334
1721
1002
277
-390
-950
-1374
-1676
-1899
-2074
-2208
-2314
-2427
-2557
-2645
-2611
-2433
-2169
-1875
-1550
-1163
-728
-305
49
301
452
526
569
607
630
611
560
506
444
311
51
-310
-686
-1022
-1322
-1601
-1821
-1920
-1894
-1803
-1704
-1576
-1370
-1081
-769
-483
-216
60
336
575
750
870
959
1035
1097
1127
1100
1016
907
805
703
560
357
120
-100
-271
-389
-462
-494
-479
-412
-290
-120
78
285
507
757
1036
1323
1603
1890
2218
2625
3123
3670
4135
4344
4188
3710
3052
2360
1716
1148
659
247
-87
-346
-570
-833
-1205
-1682
-2173
-2582
-2853
-2975
-2929
-2712
-2354
-1922
-1461
-986
-529
-131
211
569
1002
1478
1902
2219
2426
2516
2433
2133
1628
1007
374
-189
-656
-1040
-1366
-1641
-1861
-2033
-2184
-2339
-2488
-2591
-2600
-2485
-2240
-1900
-1525
-1177
-882
-620
-361
-100
135
323
456
548
618
672
682
608
432
192
-54
-274
-484
-710
-950
-1174
-1350
-1463
-1515
-1510
-1451
-1339
-1176
-975
-756
-534
-310
-79
147
347
514
660
796
913
993
1030
1035
1008
942
830
681
505
314
130
-10
-86
-122
-170
-235
-276
-245
-151
-39
62
172
327
540
803
1099
1407
1701
1961
2205
2483
2834
3234
3583
3741
3601
3171
2585
2028
1614
1321
1044
720
367
33
-280
-622
-1032
-1495
-1954
-2344
-2599
-2669
-2540
-2277
-1987
-1750
-1552
-1321
-1003
-614
-200
219
648
1082
1474
1771
1944
1986
1876
1602
1189
729
324
21
-210
-425
-658
-901
-1143
-1386
-1641
-1899
-2125
-2278
-2334
-2290
-2156
-1954
-1722
-1506
-1330
-1174
-996
-766
-490
-199
78
323
514
634
667
617
499
344
179
27
-108
-240
-379
-517
-636
-726
-803
-885
-965
-1016
-1007
-936
-820
-674
-502
-313
-127
40
196
365
548
712
820
871
893
904
886
809
669
505
370
293
265
251
223
182
154
164
217
286
341
382
446
565
721
860
959
1044
1146
1256
1333
1374
1420
1514
1656
1807
1922
1965
1908
1731
1438
1078
725
449
278
187
125
40
-86
-251
-447
-663
-872
-1024
-1072
-1012
-890
-767
-674
-606
-536
-463
-404
-370
-339
-278
-187
-101
-54
-44
-44
-46
-64
-112
-192
-295
-402
-489
-532
-527
-498
-470
-462
-471
-483
-476
-444
-396
-347
-305
-265
-226
-207
-223
-262
-281
-249
-171
-88
-32
-15
-40
-110
-223
-356
-462
-508
-497
-466
-449
-446
-430
-385
-325
-277
-252
-234
-202
-151
-86
-15
60
135
203
262
317
368
400
396
361
313
274
243
212
183
164
156
137
94
40
-1
-23
-44
-82
-120
-120
-61
39
137
202
238
268
306
343
360
352
337
331
334
323
289
243
208
190
173
148
123
113
113
97
53
-1
-26
-5
48
101
139
162
179
194
213
242
286
339
390
425
431
403
355
314
300
311
330
338
321
269
195
129
100
100
93
57
8
-23
-31
-40
-77
-136
-189
-217
-226
-230
-231
-225
-214
-212
-227
-249
-258
-245
-215
-180
-155
-152
-170
-196
-220
-245
-278
-320
-363
-395
-404
-388
-354
-319
-296
-288
-288
-288
-284
-270
-245
-206
-153
-86
-9
68
130
172
197
214
230
250
267
269
251
218
188
167
152
128
91
47
2
-37
-68
-92
-112
-122
-107
-55
18
72
83
70
70
94
113
102
77
74
104
142
159
157
157
165
160
118
47
-23
-62
-69
-58
-46
-39
-39
-40
-32
-9
28
69
107
147
190
232
258
262
250
236
234
242
257
270
278
274
255
224
193
172
157
136
100
61
37
33
34
24
2
-19
-34
-47
-62
-71
-68
-54
-46
-58
-87
-115
-122
-108
-92
-93
-107
-117
-107
-84
-75
-100
-152
-205
-235
-238
-230
-223
-218
-215
-219
-230
-239
-234
-212
-184
-160
-142
-125
-109
-98
-89
-76
-55
-27
3
40
88
141
180
194
189
184
180
158
95
-3
-100
-162
-181
-171
-150
-120
-78
-28
12
29
26
22
28
43
56
68
91
132
190
270
390
569
772
898
830
536
118
-243
-417
-413
-346
-327
-373
-426
-434
-402
-363
-316
-222
-66
93
166
121
29
-4
77
240
417
556
637
655
613
516
377
207
23
-152
-287
-373
-429
-485
-557
-632
-678
-671
-617
-545
-481
-422
-344
-232
-102
25
140
248
349
432
489
521
539
545
539
516
478
432
383
323
237
118
-15
-136
-228
-296
-349
-391
-411
-403
-372
-334
-297
-251
-183
-110
-73
-101
-167
-213
-200
-138
-68
-11
36
77
106
110
93
73
64
64
57
27
-28
-93
-151
-193
-219
-234
-234
-218
-191
-160
-138
-132
-152
-193
-232
-239
-203
-144
-90
-49
-5
57
120
161
170
160
146
120
76
29
7
19
39
34
-3
-49
-77
-79
-69
-59
-52
-47
-40
-34
-34
-33
-17
28
100
178
237
266
270
268
267
263
242
208
184
188
217
254
281
282
250
192
135
100
88
84
76
66
57
48
40
42
61
98
149
209
277
338
380
398
398
383
354
316
287
278
283
288
290
291
281
236
149
36
-70
-146
-191
-215
-229
-235
-239
-252
-282
-321
-351
-365
-371
-378
-383
-374
-350
-324
-314
-328
-353
-366
-350
-310
-268
-241
-234
-242
-260
-283
-306
-323
-338
-363
-399
-433
-455
-458
-447
-426
-401
-381
-368
-364
-365
-367
-366
-352
-317
-260
-198
-146
-111
-89
-76
-78
-98
-135
-172
-195
-193
-165
-122
-74
-34
-9
6
21
47
78
96
95
85
82
93
109
124
135
144
155
174
208
249
279
285
272
258
257
270
287
298
303
309
326
352
379
394
397
401
417
439
449
438
420
416
436
467
490
498
500
509
525
540
545
537
516
482
434
376
315
254
193
133
84
54
39
19
-25
-92
-167
-233
-286
-324
-346
-349
-341
-332
-336
-355
-387
-418
-437
-437
-427
-422
-430
-445
-450
-438
-418
-404
-398
-388
-368
-347
-343
-363
-400
-440
-471
-487
-488
-479
-470
-465
-458
-447
-436
-433
-441
-446
-439
-422
-406
-396
-377
-334
-274
-221
-195
-190
-186
-170
-147
-125
-109
-99
-91
-81
-66
-44
-23
-10
-8
-9
-10
-10
-6
4
24
54
87
122
158
193
223
239
238
219
194
177
179
196
222
252
290
331
368
391
403
412
430
459
494
527
555
577
589
590
578
560
551
559
585
618
645
659
661
654
644
631
608
561
488
405
338
295
263
222
165
102
46
0
-43
-89
-136
-180
-224
-272
-325
-374
-401
-397
-370
-341
-329
-337
-355
-375
-401
-435
-463
-465
-438
-403
-387
-393
-411
-425
-433
-437
-442
-448
-459
-473
-485
-488
-483
-480
-486
-496
-501
-494
-483
-471
-461
-446
-425
-399
-371
-337
-299
-260
-226
-200
-183
-174
-175
-182
-193
-200
-204
-202
-193
-173
-144
-108
-74
-48
-33
-26
-23
-21
-21
-19
-6
23
63
95
106
99
92
102
128
159
187
207
217
213
201
191
191
199
211
230
264
312
361
391
400
399
403
418
439
460
481
506
534
565
593
615
620
604
570
534
513
513
518
510
481
441
403
372
342
307
266
221
173
123
72
26
-12
-46
-83
-124
-154
-156
-139
-132
-160
-216
-268
-291
-292
-294
-308
-326
-338
-345
-356
-368
-374
-375
-380
-391
-399
-391
-369
-347
-339
-346
-363
-385
-407
-422
-423
-409
-386
-367
-355
-346
-336
-328
-323
-323
-322
-318
-311
-300
-285
-269
-255
-247
-242
-234
-219
-197
-170
-147
-135
-136
-142
-144
-141
-141
-149
-153
-138
-102
-64
-39
-24
-5
24
58
85
104
118
123
117
110
115
136
158
163
150
139
150
181
214
230
224
210
205
217
242
266
281
284
283
285
293
306
321
337
355
373
387
396
404
414
429
445
458
463
460
452
438
414
374
322
278
266
287
318
327
302
252
197
148
105
67
39
21
7
-9
-27
-45
-64
-84
-102
-112
-119
-134
-163
-197
-220
-229
-240
-261
-289
-306
-306
-293
-276
-261
-249
-244
-253
-274
-297
-313
-318
-315
-308
-299
-289
-278
-269
-268
-272
-280
-280
-268
-246
-227
-220
-227
-239
-248
-251
-250
-247
-242
-237
-232
-225
-211
-190
-170
-158
-150
-136
-111
-86
-72
-66
-58
-44
-28
-14
-1
16
35
55
76
98
117
123
116
106
102
109
121
136
153
172
189
194
188
176
165
161
164
174
188
201
210
213
216
217
214
204
196
203
227
254
265
253
228
207
200
205
223
253
289
317
325
310
284
259
242
234
228
220
207
194
185
180
171
149
117
88
72
67
58
33
-7
-50
-86
-114
-139
-163
-186
-202
-211
-216
-224
-234
-245
-258
-274
-292
-307
-312
-302
-279
-253
-232
-221
-214
-206
-193
-178
-166
-159
-156
-152
-144
-135
-129
-130
-136
-142
-146
-149
-148
-144
-137
-132
-134
-143
-155
-164
-166
-160
-148
-132
-115
-101
-90
-80
-68
-60
-56
-53
-40
-15
14
35
48
60
76
88
93
94
99
112
126
137
144
145
137
121
105
102
114
128
131
126
124
129
134
127
107
87
81
89
101
106
106
109
124
143
154
155
156
169
192
205
196
174
162
173
197
213
216
214
217
224
228
224
210
188
163
143
134
136
140
136
123
103
81
59
41
29
27
31
31
25
13
-3
-23
