34
69
102
120
115
88
49
12
-18
-42
-63
-75
-64
-25
27
64
67
43
17
7
6
-4
-20
-27
-9
27
60
76
71
45
-2
-58
-102
-113
-94
-64
-43
-36
-40
-50
-59
-61
-51
-32
-14
-1
3
-3
-20
-42
-57
-61
-52
-28
22
101
178
203
155
68
-4
-38
-51
-70
-90
-88
-62
-40
-48
-80
-110
-109
-70
-4
62
107
130
150
177
199
197
177
167
180
198
194
165
132
107
81
54
42
60
89
93
61
19
-3
-3
-5
-25
-54
-68
-58
-34
-14
-5
-5
-12
-20
-29
-35
-39
-45
-53
-61
-74
-105
-164
-249
-341
-417
-462
-474
-462
-443
-427
-412
-393
-375
-377
-407
-442
-442
-394
-325
-271
-232
-185
-124
-76
-65
-75
-70
-40
-16
-25
-54
-67
-45
-8
21
41
72
122
180
232
280
335
401
472
546
623
702
773
828
867
897
918
923
910
879
832
771
705
647
597
541
466
377
289
203
107
-1
-101
-171
-210
-238
-271
-302
-312
-294
-259
-225
-197
-173
-155
-150
-165
-198
-255
-341
-451
-562
-655
-729
-804
-886
-962
-1011
-1032
-1043
-1053
-1050
-1009
-927
-824
-727
-641
-562
-491
-438
-411
-397
-374
-333
-288
-253
-227
-193
-140
-76
-17
23
47
65
84
100
108
112
129
174
247
334
438
572
749
950
1140
1302
1450
1615
1809
2020
2216
2361
2420
2379
2243
2023
1728
1371
993
643
332
37
-245
-472
-596
-631
-642
-668
-685
-655
-594
-555
-565
-603
-636
-659
-678
-682
-655
-597
-526
-453
-384
-340
-358
-452
-598
-756
-915
-1088
-1277
-1448
-1557
-1591
-1573
-1535
-1489
-1425
-1333
-1213
-1068
-898
-714
-538
-388
-265
-151
-40
51
103
129
158
191
192
130
20
-97
-195
-273
-334
-365
-361
-332
-291
-233
-161
-85
-11
108
357
792
1374
1988
2529
2964
3318
3601
3768
3745
3501
3076
2551
1980
1365
703
39
-540
-978
-1284
-1492
-1577
-1493
-1257
-986
-794
-699
-635
-563
-501
-456
-375
-185
123
480
806
1057
1225
1323
1368
1370
1296
1089
717
230
-285
-782
-1266
-1723
-2081
-2274
-2323
-2306
-2267
-2179
-2021
-1843
-1710
-1613
-1469
-1243
-995
-806
-670
-522
-332
-137
29
176
304
370
327
194
21
-169
-392
-636
-844
-978
-1053
-1106
-1134
-1099
-979
-803
-603
-395
-173
37
192
275
351
528
885
1412
2025
2614
3101
3483
3812
4111
4296
4223
3826
3192
2473
1735
951
112
-705
-1389
-1892
-2212
-2337
-2255
-2024
-1764
-1539
-1295
-943
-527
-196
-51
-32
-8
75
189
331
570
934
1343
1675
1909
2100
2259
2271
2017
1497
817
66
-723
-1513
-2212
-2730
-3050
-3198
-3163
-2915
-2496
-2047
-1694
-1436
-1195
-941
-729
-603
-541
-500
-466
-418
-294
-69
178
315
307
244
219
202
102
-109
-357
-564
-734
-916
-1112
-1257
-1309
-1297
-1271
-1215
-1075
-842
-578
-333
-101
140
380
627
958
1469
2148
2840
3373
3704
3942
4191
4411
4417
4059
3358
2482
1583
705
-149
-934
-1583
-2086
-2473
-2712
-2699
-2413
-2016
-1718
-1533
-1269
-789
-225
162
280
290
374
540
701
875
1185
1655
2149
2521
2775
2972
3062
2883
2353
1554
613
-427
-1555
-2663
-3575
-4192
-4524
-4578
-4311
-3727
-2974
-2245
-1630
-1105
-670
-375
-246
-220
-219
-219
-207
-129
62
301
463
511
550
651
715
568
189
-254
-608
-900
-1242
-1628
-1928
-2053
-2065
-2049
-1989
-1788
-1446
-1064
-723
-384
8
403
693
903
1229
1857
2761
3699
4430
4879
5151
5369
5531
5476
5019
4135
2998
1831
731
-336
-1389
-2347
-3097
-3586
-3808
-3736
-3372
-2825
-2293
-1863
-1429
-837
-135
458
799
983
1175
1395
1568
1720
2001
2430
2840
3065
3155
3229
3242
2986
2339
1372
223
-1019
-2268
-3370
-4194
-4750
-5125
-5296
-5110
-4465
-3500
-2505
-1687
-1046
-493
-3
370
579
637
585
479
387
380
467
586
650
625
515
326
46
-313
-710
-1117
-1538
-1965
-2329
-2535
-2550
-2447
-2313
-2160
-1916
-1549
-1114
-698
-313
75
451
738
924
1162
1670
2522
3548
4489
5201
5734
6184
6548
6674
6363
5518
4256
2839
1459
112
-1273
-2612
-3689
-4392
-4785
-4907
-4669
-4036
-3236
-2556
-2025
-1404
-575
271
850
1132
1309
1515
1714
1858
2052
2413
2902
3337
3654
3927
4163
4142
3636
2685
1529
272
-1193
-2888
-4540
-5787
-6505
-6778
-6628
-5971
-4860
-3584
-2419
-1371
-320
670
1350
1599
1579
1505
1402
1188
906
699
597
452
182
-115
-320
-514
-878
-1429
-1983
-2388
-2690
-2999
-3291
-3446
-3433
-3313
-3092
-2663
-2007
-1289
-719
-285
190
788
1366
1757
1986
2261
2813
3759
5058
6457
7611
8320
8723
9056
9280
8997
7856
5942
3713
1564
-451
-2445
-4378
-5997
-7109
-7721
-7883
-7513
-6587
-5369
-4277
-3410
-2491
-1284
-1
967
1514
1878
2270
2684
3113
3671
4429
5186
5716
6063
6494
6985
7071
6268
4616
2601
582
-1514
-3872
-6334
-8443
-9837
-10466
-10416
-9704
-8351
-6538
-4546
-2566
-674
990
2171
2703
2700
2438
2079
1616
1051
505
83
-216
-452
-599
-643
-683
-893
-1300
-1755
-2122
-2434
-2801
-3209
-3537
-3700
-3738
-3676
-3461
-3024
-2437
-1831
-1269
-674
12
734
1368
1865
2301
2837
3659
4864
6357
7803
8866
9474
9883
10289
10472
9899
8297
5973
3503
1181
-1076
-3327
-5380
-7001
-8151
-8828
-8880
-8163
-6909
-5619
-4579
-3568
-2270
-736
616
1507
2032
2439
2819
3147
3515
4053
4707
5200
5449
5703
6203
6697
6621
5695
4177
2427
461
-1862
-4407
-6736
-8533
-9795
-10560
-10652
-9873
-8331
-6417
-4445
-2477
-520
1238
2512
3164
3288
3051
2556
1888
1149
440
-206
-729
-1032
-1046
-903
-842
-1002
-1285
-1515
-1645
-1777
-2013
-2347
-2723
-3066
-3296
-3316
-3117
-2786
-2434
-2044
-1514
-794
0
708
1273
1763
2249
2762
3411
4393
5788
7308
8469
9027
9248
9528
9818
9554
8280
6170
3829
1639
-472
-2635
-4690
-6346
-7536
-8335
-8653
-8240
-7128
-5769
-4626
-3665
-2531
-1103
255
1161
1639
2013
2448
2846
3169
3581
4198
4810
5161
5306
5575
6023
6251
5806
4691
3250
1670
-182
-2410
-4783
-6948
-8733
-10094
-10818
-10602
-9441
-7756
-5972
-4137
-2097
42
1862
3017
3510
3500
3075
2339
1549
932
400
-275
-1038
-1483
-1390
-1029
-836
-899
-1006
-1068
-1234
-1600
-2040
-2427
-2795
-3192
-3454
-3371
-2980
-2583
-2337
-2051
-1429
-510
370
995
1516
2149
2833
3383
3899
4759
6077
7434
8289
8623
8866
9266
9475
8948
7552
5659
3668
1662
-443
-2562
-4435
-5917
-7073
-7929
-8259
-7833
-6780
-5589
-4600
-3700
-2555
-1160
122
984
1527
2006
2443
2704
2855
3206
3845
4481
4795
4914
5180
5653
5955
5714
4871
3557
1838
-245
-2493
-4661
-6660
-8511
-10018
-10726
-10342
-9100
-7533
-5919
-4117
-1986
239
2074
3214
3674
3615
3169
2478
1718
978
221
-574
-1235
-1541
-1463
-1229
-1044
-928
-806
-710
-767
-1036
-1481
-2049
-2712
-3351
-3771
-3852
-3667
-3333
-2843
-2103
-1165
-215
620
1408
2208
2871
3165
3135
3211
3816
4911
6008
6695
7025
7373
7908
8365
8283
7437
5957
4155
2283
446
-1346
-3092
-4718
-6086
-7028
-7404
-7154
-6403
-5449
-4598
-3876
-3037
-1876
-568
477
1023
1232
1428
1757
2172
2614
3111
3634
4099
4480
4913
5458
5918
5955
5443
4524
3327
1767
-235
-2469
-4585
-6431
-8030
-9232
-9662
-9154
-8009
-6633
-5086
-3205
-1106
755
2037
2809
3258
3341
2918
2119
1304
649
29
-644
-1117
-1104
-722
-432
-460
-572
-480
-306
-419
-925
-1601
-2249
-2882
-3463
-3785
-3734
-3512
-3321
-3023
-2306
-1193
-72
757
1385
2008
2572
2869
2918
3068
3627
4523
5393
6029
6556
7220
7988
8505
8379
7511
6093
4377
2491
478
-1573
-3498
-5149
-6451
-7338
-7710
-7513
-6893
-6129
-5404
-4614
-3560
-2244
-969
-24
564
1005
1459
1931
2399
2896
3436
3916
4281
4654
5231
5931
6398
6325
5758
4918
3835
2315
283
-2016
-4245
-6249
-7979
-9238
-9752
-9477
-8648
-7444
-5796
-3671
-1401
498
1794
2658
3280
3584
3406
2810
2054
1294
541
-159
-621
-768
-773
-879
-1071
-1134
-1004
-912
-1110
-1569
-2086
-2560
-3045
-3516
-3825
-3878
-3746
-3481
-2996
-2195
-1193
-220
598
1297
1889
2292
2451
2455
2492
2747
3354
4299
5368
6231
6790
7287
7985
8670
8712
7701
5931
4061
2386
649
-1406
-3551
-5322
-6547
-7373
-7819
-7660
-6835
-5738
-4817
-4060
-3091
-1804
-543
329
892
1416
1923
2232
2376
2667
3230
3811
4153
4454
5058
5903
6455
6355
5762
5001
4027
2535
479
-1806
-3990
-6024
-7874
-9242
-9768
-9444
-8584
-7408
-5845
-3850
-1692
225
1721
2845
3611
3919
3762
3304
2663
1807
755
-200
-745
-903
-1021
-1308
-1617
-1689
-1525
-1372
-1424
-1676
-2035
-2460
-2900
-3235
-3358
-3315
-3236
-3120
-2776
-2085
-1193
-381
253
805
1341
1761
1966
2000
1990
2050
2326
2995
4036
5143
5974
6558
7193
7954
8429
8118
6960
5351
3655
1884
-81
-2123
-3922
-5331
-6460
-7324
-7624
-7124
-6094
-5134
-4456
-3696
-2493
-1095
-61
432
752
1211
1684
1944
2124
2553
3225
3816
4179
4594
5278
5995
6289
6047
5495
4732
3547
1802
-269
-2329
-4287
-6189
-7834
-8853
-9139
-8949
-8451
-7433
-5670
-3429
-1312
353
1704
2892
3743
4011
3772
3298
2653
1723
611
-276
-704
-899
-1211
-1598
-1737
-1532
-1271
-1228
-1366
-1533
-1751
-2129
-2586
-2894
-2960
-2937
-2937
-2840
-2454
-1815
-1146
-582
-50
514
1035
1394
1593
1682
1646
1504
1502
2022
3133
4412
5315
5810
6362
7286
8207
8391
7514
5956
4289
2699
1016
-850
-2716
-4366
-5719
-6708
-7138
-6886
-6160
-5393
-4779
-4104
-3079
-1807
-693
6
454
914
1405
1777
2044
2408
2922
3417
3762
4122
4674
5307
5676
5630
5281
4709
3778
2394
736
-966
-2751
-4765
-6784
-8233
-8765
-8623
-8214
-7525
-6215
-4225
-2001
-65
1427
2573
3396
3804
3799
3500
2949
2094
1006
-12
-703
-1111
-1464
-1789
-1895
-1687
-1371
-1203
-1196
-1212
-1249
-1442
-1785
-2091
-2264
-2453
-2772
-3036
-2947
-2489
-1925
-1428
-892
-203
533
1099
1468
1746
1925
1846
1536
1395
1857
2893
3988
4725
5216
5907
6931
7868
8124
7498
6284
4884
3440
1854
59
-1836
-3628
-5139
-6200
-6639
-6398
-5706
-4973
-4438
-3929
-3137
-2023
-923
-135
350
742
1126
1452
1721
2026
2377
2652
2858
3212
3891
4688
5208
5304
5184
4977
4458
3342
1720
-26
-1714
-3465
-5303
-6868
-7759
-7984
-7849
-7440
-6504
-4913
-2999
-1250
184
1462
2606
3352
3485
3121
2530
1821
970
68
-651
-1074
-1293
-1433
-1456
-1296
-1035
-846
-770
-736
-771
-1025
-1525
-2040
-2344
-2495
-2710
-2984
-3052
-2742
-2208
-1685
-1182
-561
130
676
984
1220
1490
1622
1424
1099
1173
1917
3031
3985
4635
5294
6266
7386
8143
8128
7357
6150
4794
3339
1696
-141
-2035
-3786
-5206
-6102
-6359
-6093
-5644
-5268
-4869
-4132
-2970
-1700
-763
-257
73
505
1042
1519
1874
2193
2553
2911
3244
3629
4147
4676
4993
5000
4816
4518
3982
3009
1589
-75
-1787
-3464
-5047
-6396
-7375
-7927
-8016
-7528
-6408
-4839
-3184
-1669
-256
1123
2305
3008
3140
2872
2409
1822
1141
463
-108
-600
-1083
-1509
-1713
-1639
-1418
-1211
-1046
-900
-830
-924
-1160
-1424
-1679
-1976
-2296
-2477
-2394
-2128
-1862
-1617
-1245
-652
19
566
946
1278
1599
1777
1675
1376
1185
1406
2112
3092
4040
4810
5536
6406
7336
7896
7679
6714
5427
4160
2845
1222
-704
-2570
-4030
-5027
-5662
-5935
-5800
-5373
-4870
-4311
-3532
-2509
-1546
-910
-524
-96
435
881
1144
1368
1701
2071
2412
2865
3613
4488
5090
5236
5177
5160
5029
4391
3109
1414
-423
-2306
-4179
-5847
-7091
-7846
-8152
-7960
-7156
-5790
-4164
-2595
-1150
278
1621
2553
2828
2600
2245
1920
1478
815
107
-408
-686
-846
-912
-839
-667
-543
-516
-494
-438
-483
-767
-1222
-1667
-2032
-2397
-2763
-2985
-2946
-2718
-2421
-2024
-1395
-570
224
775
1098
1310
1451
1448
1280
1052
942
1110
1640
2493
3472
4372
5170
6048
7053
7848
7931
7163
5920
4629
3288
1614
-399
-2326
-3762
-4719
-5433
-5930
-6020
-5672
-5121
-4544
-3814
-2813
-1768
-1095
-842
-630
-131
496
894
1030
1239
1769
2494
3186
3799
4428
5009
5355
5382
5185
4803
4091
2914
1363
-334
-2038
-3706
-5225
-6395
-7116
-7452
-7436
-6951
-5923
-4545
-3141
-1837
-528
799
1901
2538
2750
2734
2560
2162
1591
1044
642
285
-119
-477
-613
-549
-492
-586
-766
-921
-1075
-1326
-1687
-2080
-2456
-2791
-3011
-3007
-2780
-2474
-2195
-1858
-1325
-617
66
576
928
1202
1386
1433
1352
1196
986
772
753
1175
2075
3161
4122
4925
5772
6697
7389
7459
6849
5830
4641
3259
1575
-311
-2122
-3653
-4869
-5725
-6070
-5853
-5323
-4834
-4459
-3907
-2965
-1836
-970
-536
-305
18
452
846
1163
1494
1885
2281
2714
3305
4063
4719
5002
4927
4730
4465
3892
2786
1241
-450
-2105
-3691
-5133
-6248
-6919
-7167
-7036
-6467
-5417
-4015
-2510
-1070
274
1487
2436
2986
3131
2959
2549
1970
1341
780
298
-197
-691
-1023
-1071
-963
-935
-1045
-1123
-1069
-1034
-1221
-1605
-1959
-2161
-2294
-2459
-2588
-2548
-2336
-2052
-1725
-1273
-662
-14
521
910
1210
1398
1387
1165
853
542
214
-89
-105
453
1509
2652
3575
4405
5409
6544
7385
7540
6964
5905
4624
3227
1697
26
-1685
-3254
-4503
-5299
-5550
-5278
-4701
-4141
-3722
-3265
-2534
-1602
-806
-392
-244
-81
226
586
908
1222
1570
1941
2330
2822
3431
3997
4282
4251
4073
3859
3456
2626
1347
-141
-1583
-2891
-4058
-5021
-5660
-5904
-5752
-5230
-4389
-3342
-2220
-1111
-53
882
1591
2024
2223
2227
2001
1525
907
341
-91
-443
-770
-1001
-1049
-943
-803
-687
-582
-511
-564
-783
-1090
-1392
-1691
-2049
-2422
-2648
-2607
-2360
-2071
-1820
-1530
-1092
-508
99
597
904
1020
994
902
765
529
124
-376
-709
-580
114
1203
2414
3567
4663
5750
6793
7592
7864
7413
6303
4831
3286
1717
22
-1774
-3411
-4596
-5219
-5334
-5057
-4557
-4046
-3605
-3073
-2224
-1147
-246
142
117
49
164
382
548
656
793
1021
1377
1941
2699
3443
3898
4027
4037
4044
3836
3107
1852
388
-988
-2235
-3401
-4408
-5107
-5464
-5534
-5287
-4625
-3608
-2514
-1586
-793
32
881
1527
1787
1712
1478
1203
922
666
420
119
-253
-538
-555
-330
-127
-143
-316
-468
-572
-749
-1067
-1464
-1878
-2316
-2724
-2946
-2896
-2712
-2586
-2481
-2155
-1489
-669
24
507
878
1203
1397
1389
1219
969
611
81
-535
-953
-881
-247
803
2040
3297
4489
5621
6695
7580
7957
7539
6368
4808
3202
1602
-86
-1815
-3339
-4425
-4989
-5048
-4663
-3986
-3243
-2588
-1978
-1307
-602
-102
-18
-318
-732
-1007
-1060
-920
-600
-103
515
1217
2045
3033
3996
4632
4826
4770
4649
4331
3514
2134
473
-1132
-2551
-3782
-4764
-5396
-5662
-5607
-5214
-4436
-3371
-2277
-1340
-514
325
1116
1651
1816
1704
1439
1039
540
105
-100
-139
-210
-371
-447
-316
-78
86
131
83
-129
-600
-1247
-1841
-2288
-2700
-3158
-3503
-3513
-3201
-2796
-2435
-1984
-1273
-379
425
956
1259
1429
1458
1282
953
584
202
-270
-825
-1262
-1310
-826
138
1441
2896
4320
5569
6608
7432
7908
7766
6857
5366
3679
2044
449
-1161
-2656
-3809
-4499
-4745
-4571
-3996
-3188
-2456
-1997
-1695
-1332
-909
-688
-830
-1191
-1466
-1478
-1225
-742
-75
678
1410
2150
3007
3968
4769
5131
5011
4605
4062
3330
2284
937
-532
-1929
-3128
-4041
-4603
-4835
-4839
-4671
-4259
-3526
-2572
-1653
-939
-386
145
658
1024
1147
1071
909
743
636
644
768
894
903
795
684
621
523
274
-130
-621
-1181
-1829
-2500
-3037
-3359
-3550
-3707
-3757
-3525
-2989
-2325
-1691
-1072
-391
311
908
1334
1613
1734
1643
1327
878
396
-77
-520
-872
-1053
-1016
-701
-7
1126
2550
3950
5083
5958
6689
7207
7234
6566
5312
3798
2278
805
-625
-1907
-2872
-3451
-3710
-3688
-3327
-2642
-1888
-1419
-1324
-1373
-1321
-1234
-1341
-1696
-2065
-2178
-1958
-1464
-750
145
1114
2050
2936
3821
4618
5104
5125
4760
4182
3425
2400
1106
-283
-1586
-2741
-3724
-4426
-4744
-4737
-4566
-4260
-3697
-2843
-1899
-1099
-477
95
645
1058
1257
1323
1378
1425
1383
1225
1034
896
819
734
595
399
149
-185
-618
-1097
-1556
-1994
-2454
-2909
-3244
-3372
-3340
-3239
-3070
-2741
-2208
-1558
-918
-336
226
790
1308
1690
1859
1787
1490
1049
568
128
-261
-599
-837
-906
-790
-521
-54
745
1925
3263
4404
5179
5729
6213
6510
6302
5463
4222
2924
1721
569
-549
-1503
-2157
-2506
-2638
-2594
-2367
-2030
-1765
-1713
-1822
-1946
-2022
-2123
-2276
-2372
-2257
-1880
-1279
-472
533
1644
2669
3472
4057
4478
4677
4517
3949
3097
2136
1150
147
-831
-1701
-2427
-3030
-3482
-3674
-3548
-3211
-2843
-2490
-2075
-1574
-1099
-727
-393
-1
398
677
833
996
1231
1433
1473
1357
1188
986
675
227
-247
-624
-918
-1246
-1653
-2047
-2330
-2511
-2647
-2722
-2661
-2454
-2183
-1912
-1615
-1250
-841
-451
-102
208
467
654
791
897
916
759
432
77
-180
-347
-533
-762
-935
-946
-824
-646
-346
304
1440
2871
4189
5133
5790
6382
6919
7131
6735
5710
4304
2821
1455
274
-719
-1551
-2240
-2746
-2967
-2841
-2482
-2146
-2051
-2184
-2357
-2397
-2304
-2169
-2051
-1901
-1623
-1136
-415
489
1450
2309
2954
3356
3558
3610
3536
3302
2863
2214
1432
630
-112
-795
-1470
-2151
-2755
-3138
-3233
-3117
-2945
-2778
-2533
-2099
-1491
-850
-321
58
351
639
942
1190
1293
1234
1092
953
834
691
484
201
-139
-501
-825
-1078
-1276
-1468
-1670
-1850
-1974
-2043
-2086
-2102
-2058
-1932
-1744
-1522
-1269
-960
-602
-251
33
245
432
610
726
703
535
310
121
-10
-133
-276
-416
-499
-486
-373
-183
65
435
1088
2140
3459
4684
5500
5903
6106
6212
6060
5434
4336
3003
1678
462
-622
-1499
-2078
-2364
-2467
-2462
-2316
-2030
-1748
-1688
-1894
-2191
-2372
-2400
-2347
-2235
-1977
-1508
-863
-112
700
1531
2270
2790
3053
3154
3187
3127
2846
2274
1508
744
109
-423
-954
-1524
-2057
-2437
-2608
-2599
-2471
-2266
-2002
-1687
-1318
-892
-430
0
328
540
674
766
799
752
657
577
518
432
285
114
-40
-189
-386
-645
-936
-1212
-1448
-1651
-1853
-2064
-2228
-2268
-2183
-2056
-1944
-1793
-1506
-1073
-589
-158
177
422
602
729
789
749
607
401
192
28
-57
-68
-43
-38
-51
-33
47
177
369
702
1257
2038
2954
3868
4629
5138
5402
5492
5392
4966
4116
2958
1748
669
-249
-1016
-1581
-1896
-2009
-2018
-1966
-1852
-1731
-1760
-2025
-2436
-2776
-2913
-2871
-2733
-2500
-2095
-1470
-660
242
1138
1922
2500
2826
2953
2977
2932
2751
2367
1821
1252
766
349
-93
-602
-1132
-1597
-1945
-2165
-2257
-2222
-2081
-1894
-1703
-1487
-1176
-754
-308
43
274
462
656
808
843
772
668
572
444
251
14
-228
-474
-747
-1036
-1288
-1474
-1620
-1774
-1939
-2069
-2114
-2060
-1924
-1735
-1514
-1262
-980
-674
-364
-67
192
379
475
507
532
573
602
592
543
465
347
200
71
12
14
32
36
37
76
225
599
1293
2286
3400
4388
5080
5475
5660
5666
5385
4676
3548
2235
1027
81
-639
-1208
-1618
-1830
-1884
-1905
-1978
-2105
-2280
-2562
-2987
-3464
-3793
-3835
-3573
-3069
-2360
-1476
-477
555
1557
2460
3140
3475
3463
3258
3022
2791
2499
2118
1697
1304
946
579
150
-378
-1012
-1701
-2337
-2823
-3120
-3227
-3130
-2806
-2275
-1630
-964
-318
281
748
979
969
845
737
649
508
310
147
68
19
-74
-195
-304
-429
-653
-991
-1366
-1700
-1979
-2204
-2333
-2311
-2149
-1918
-1671
-1405
-1093
-756
-448
-203
-1
186
350
457
498
508
530
568
591
588
598
645
690
653
507
308
135
5
-102
-185
-197
-72
261
886
1841
2998
4058
4741
4996
4976
4806
4432
3727
2710
1564
516
-293
-798
-999
-989
-941
-1006
-1197
-1436
-1678
-1991
-2439
-2979
-3442
-3664
-3553
-3101
-2348
-1396
-395
526
1322
1994
2499
2760
2753
2577
2367
2204
2105
2067
2062
2018
1842
1483
954
302
-431
-1207
-1973
-2646
-3107
-3245
-3023
-2521
-1883
-1247
-687
-229
123
356
432
325
76
-187
-322
-269
-82
142
329
445
459
347
93
-289
-764
-1285
-1780
-2172
-2412
-2517
-2529
-2455
-2252
-1914
-1532
-1239
-1084
-995
-865
-659
-407
-135
162
483
797
1062
1254
1359
1360
1235
985
649
310
36
-156
-311
-451
-554
-572
-503
-404
-348
-342
-279
19
667
1614
2662
3613
4355
4843
5056
4987
4645
4028
3152
2128
1167
448
7
-229
-331
-358
-410
-609
-1020
-1603
-2277
-2955
-3568
-4025
-4226
-4071
-3517
-2613
-1511
-404
565
1335
1906
2294
2523
2624
2650
2652
2673
2729
2807
2842
2739
2403
1809
1004
89
-833
-1670
-2338
-2770
-2936
-2849
-2542
-2074
-1546
-1097
-820
-703
-651
-586
-507
-447
-410
-351
-228
-30
226
500
703
727
507
96
-375
-785
-1097
-1338
-1536
-1680
-1725
-1652
-1501
-1363
-1316
-1357
-1409
-1392
-1282
-1101
-875
-612
-321
-28
238
463
636
728
702
553
319
63
-163
-325
-399
-389
-332
-283
-255
-225
-172
-143
-193
-315
-407
-373
-188
136
643
1413
2437
3537
4456
5023
5203
5042
4581
3870
2990
2078
1287
720
382
223
195
243
248
28
-531
-1366
-2277
-3075
-3660
-4006
-4086
-3870
-3330
-2504
-1491
-458
423
1029
1328
1399
1395
1478
1736
2170
2710
3247
3645
3792
3651
3243
2560
1566
306
-999
-2068
-2747
-3071
-3135
-2969
-2582
-2071
-1619
-1363
-1320
-1420
-1583
-1723
-1738
-1549
-1154
-613
-6
582
1056
1333
1393
1258
969
560
105
-291
-545
-654
-685
-713
-795
-972
-1271
-1672
-2107
-2488
-2764
-2903
-2863
-2588
-2081
-1428
-751
-140
349
658
749
680
591
587
645
679
671
680
732
759
666
442
148
-149
-415
-604
-676
-641
-569
-487
-328
-10
438
916
1400
2002
2819
3738
4477
4812
4777
4558
4264
3832
3216
2538
2008
1679
1398
1025
587
171
-289
-958
-1863
-2792
-3518
-3998
-4313
-4423
-4186
-3562
-2727
-1872
-1044
-218
538
1098
1457
1757
2126
2563
2998
3372
3634
3696
3494
3045
2423
1658
747
-245
-1150
-1817
-2211
-2393
-2426
-2350
-2236
-2164
-2159
-2171
-2153
-2105
-2039
-1913
-1642
-1176
-550
123
728
1173
1411
1427
1264
999
709
409
84
-268
-600
-874
-1111
-1375
-1701
-2052
-2356
-2562
-2661
-2660
-2551
-2325
-2001
-1623
-1219
-785
-332
68
311
364
317
305
404
584
772
918
1013
1057
1035
922
716
450
165
-114
-384
-608
-736
-742
-674
-596
-507
-341
-65
272
624
1060
1730
2697
3823
4831
5472
5629
5337
4729
3981
3215
2467
1736
1094
659
469
397
247
-85
-590
-1232
-1969
-2692
-3269
-3645
-3873
-3924
-3656
-2986
-2092
-1284
-724
-326
56
459
856
1271
1781
2403
3040
3537
3797
3793
3525
2972
2160
1209
306
-427
-987
-1423
-1733
-1874
-1852
-1774
-1766
-1867
-2029
-2183
-2294
-2333
-2256
-2022
-1636
-1145
-622
-154
177
333
356
327
282
194
51
-92
-158
-158
-192
-350
-615
-910
-1190
-1482
-1797
-2077
-2234
-2218
-2048
-1761
-1402
-1035
-736
-533
-390
-254
-113
20
147
293
471
667
861
1026
1115
1071
887
639
435
333
308
299
264
215
178
174
185
161
63
-73
-134
-29
215
489
757
1141
1808
2751
3727
4406
4594
4323
3787
3194
2661
2175
1696
1258
962
819
688
404
-46
-543
-1010
-1492
-2030
-2522
-2797
-2776
-2553
-2240
-1864
-1400
-917
-571
-443
-424
-305
26
515
1041
1547
2030
2467
2770
2837
2615
2144
1528
896
335
-131
-528
-885
-1215
-1509
-1745
-1906
-2003
-2071
-2128
-2142
-2062
-1890
-1682
-1485
-1281
-1043
-797
-616
-525
-476
-423
-373
-350
-320
-228
-87
3
-27
-128
-197
-207
-223
-295
-378
-377
-260
-94
30
65
35
3
26
120
254
384
497
609
729
830
875
851
775
670
540
377
194
34
-56
-71
-53
-51
-61
-40
40
143
202
192
150
125
117
102
79
85
146
248
347
409
420
381
311
255
258
314
372
383
342
286
243
218
201
181
152
122
111
134
188
256
318
361
384
408
453
513
550
536
497
486
518
540
490
368
238
156
107
40
-52
-112
-84
14
103
127
97
48
-11
-101
-220
-331
-394
-401
-372
-326
-275
-232
-215
-239
-313
-434
-583
-714
-780
-764
-692
-605
-525
-454
-398
-372
-384
-414
-422
-383
-300
-203
-112
-20
92
220
321
350
300
209
120
48
-13
-59
-78
-69
-49
-38
-36
-36
-34
-30
-21
-12
-19
-60
-125
-172
-164
-100
-20
37
55
51
43
27
-12
-74
-127
-128
-72
6
60
73
62
50
44
37
29
30
50
92
154
230
302
341
332
291
247
216
190
165
153
168
203
236
259
279
307
339
364
372
366
360
361
366
352
308
251
219
228
260
276
256
216
182
164
150
131
110
96
90
81
52
-6
-88
-175
-236
-252
-229
-193
-164
-146
-132
-126
-145
-193
-245
-262
-224
-147
-61
15
75
111
110
64
-15
-109
-201
-276
-322
-330
-306
-269
-235
-206
-177
-157
-163
-202
-251
-275
-259
-221
-191
-176
-154
-102
-25
45
81
80
63
51
48
46
38
27
25
43
78
112
117
84
30
-13
-28
-23
-18
-21
-15
18
73
121
144
151
165
199
242
270
271
253
229
205
170
117
60
33
48
83
110
126
153
203
264
306
311
282
245
226
229
238
231
202
162
120
81
47
16
-18
-58
-101
-143
-184
-222
-252
-268
-270
-260
-241
-217
-187
-148
-94
-27
35
75
86
81
69
52
25
-4
-25
-42
-67
-103
-141
-172
-199
-214
-202
-158
-112
-101
-128
-163
-180
-184
-189
-184
-150
-84
-20
12
11
1
1
5
-3
-32
-71
-97
-99
-93
-106
-148
-198
-222
-208
-179
-157
-139
-102
-39
32
88
129
174
232
289
326
343
349
349
332
294
245
197
154
108
59
15
-18
-42
-63
-78
-81
-63
-23
42
122
197
243
252
246
262
313
370
385
341
269
211
180
155
110
44
-19
-61
-83
-98
-118
-142
-166
-185
-204
-220
-219
-174
-82
24
104
159
237
356
458
453
320
142
11
-63
-141
-251
-346
-375
-368
-410
-533
-661
-701
-643
-558
-491
-410
-270
-99
17
38
17
33
103
181
228
253
282
307
296
245
184
133
68
-45
-183
-276
-281
-239
-226
-274
-346
-390
-396
-391
-381
-342
-251
-122
5
106
192
275
340
364
358
363
401
450
471
460
437
408
352
266
182
132
98
31
-77
-164
-170
-109
-57
-74
-150
-252
-359
-460
-502
-418
-196
75
264
309
245
153
95
92
143
227
300
313
261
180
116
89
88
97
88
36
-58
-151
-193
-180
-150
-130
-114
-91
-84
-123
-198
-262
-282
-264
-221
-145
-35
66
95
44
-25
-52
-39
-19
1
47
111
141
109
54
38
61
73
49
22
32
63
64
25
-18
-28
-20
-27
-57
-82
-82
-66
-55
-51
-41
-17
17
58
102
137
148
135
113
101
93
73
40
6
-12
-15
-11
0
23
50
62
53
38
47
89
149
205
245
273
291
289
257
201
144
110
100
95
76
41
0
-44
-97
-164
-234
-287
-311
-312
-306
-304
-308
-309
-302
-286
-257
-205
-125
-28
61
119
147
161
176
192
196
183
159
139
122
104
78
41
-12
-83
-161
-228
-274
-303
-327
-341
-334
-304
-264
-229
-201
-179
-162
-145
-122
-88
-54
-36
-35
-35
-22
1
20
28
26
20
8
-11
-28
-36
-31
-22
-18
-22
-23
-9
14
30
32
27
36
69
117
165
209
252
288
302
285
250
216
197
188
183
182
184
175
137
73
7
-36
-52
-50
-35
-5
36
78
113
144
183
230
281
326
362
381
380
358
320
277
240
213
194
171
130
63
-25
-120
-207
-280
-337
-374
-391
-389
-373
-349
-320
-281
-230
-170
-119
-93
-83
-63
-17
38
71
73
62
52
33
-14
-80
-136
-160
-166
-179
-209
-239
-253
-253
-256
-274
-297
-306
-292
-261
-228
-202
-179
-152
-118
-80
-47
-28
-22
-29
-48
-79
-117
-149
-163
-160
-149
-142
-144
-158
-183
-216
-237
-228
-185
-117
-38
49
136
208
254
276
287
293
290
277
262
253
244
229
209
188
162
116
47
-26
-75
-90
-83
-72
-58
-29
17
64
97
114
128
150
184
227
275
321
354
368
374
386
407
426
429
412
383
348
307
260
206
147
91
44
10
-16
-38
-59
-77
-90
-104
-124
-146
-159
-159
-150
-137
-111
-61
1
47
60
52
44
43
35
6
-38
-77
-100
-116
-139
-170
-191
-190
-172
-156
-154
-168
-193
-225
-259
-279
-278
-261
-250
-257
-275
-284
-274
-258
-247
-246
-243
-227
-193
-152
-120
-107
-112
-125
-134
-135
-127
-114
-99
-86
-77
-70
-61
-48
-29
-4
28
68
111
150
179
200
214
219
213
198
186
183
182
175
157
136
118
97
58
-7
-77
-116
-102
-52
-4
12
4
-6
-4
4
6
-1
-9
-5
21
69
125
176
214
237
243
235
219
204
191
179
162
138
106
73
47
28
3
-34
-74
-101
-111
-114
-122
-141
-161
-171
-161
-130
-82
-30
19
59
94
127
157
177
179
160
124
80
31
-20
-70
-112
-141
-157
-166
-174
-183
-193
-202
-211
-220
-225
-215
-189
-155
-124
-106
-98
-97
-97
-93
-86
-74
-63
-56
-55
-62
-77
-97
-117
-132
-146
-163
-181
-194
-196
-190
-183
