22
17
3
-8
-16
-27
-40
-47
-45
-38
-30
-26
-26
-27
-21
-4
17
29
29
29
40
56
60
47
34
35
50
62
64
63
66
70
67
57
51
54
62
67
68
71
76
78
71
57
42
30
25
29
40
50
55
52
46
36
21
2
-17
-27
-27
-22
-19
-18
-16
-13
-13
-20
-34
-44
-44
-38
-38
-51
-70
-78
-75
-73
-86
-109
-121
-113
-99
-101
-126
-159
-180
-189
-201
-221
-232
-216
-172
-121
-84
-58
-30
3
28
36
35
42
60
72
65
47
37
48
72
94
109
127
153
184
209
225
233
236
235
229
221
218
225
244
269
290
300
301
297
287
265
229
180
125
68
13
-45
-104
-157
-195
-217
-228
-232
-229
-212
-187
-166
-156
-154
-146
-129
-114
-111
-118
-125
-126
-126
-133
-146
-158
-167
-180
-203
-234
-261
-281
-299
-325
-355
-370
-356
-316
-265
-215
-166
-112
-55
-6
24
34
33
31
28
20
6
-5
-11
-11
-11
-6
7
27
43
48
50
62
91
128
168
226
328
486
663
803
885
936
989
1027
993
861
675
501
358
213
37
-150
-302
-405
-476
-529
-550
-525
-469
-409
-360
-316
-271
-235
-209
-179
-124
-49
31
107
189
277
357
418
467
513
545
533
466
358
224
59
-144
-370
-583
-758
-889
-970
-993
-953
-868
-761
-641
-506
-366
-246
-164
-107
-57
-9
21
25
16
11
11
10
6
6
10
9
-7
-40
-88
-151
-231
-322
-406
-469
-499
-498
-470
-426
-369
-288
-151
73
394
768
1112
1369
1550
1703
1828
1854
1707
1409
1064
756
475
168
-167
-472
-692
-826
-886
-869
-786
-695
-655
-655
-613
-493
-357
-303
-341
-378
-327
-193
-38
104
253
438
650
860
1040
1163
1199
1144
1026
883
716
486
168
-202
-555
-836
-1039
-1176
-1248
-1252
-1198
-1103
-974
-810
-622
-452
-336
-270
-204
-104
9
80
92
89
126
206
279
298
263
214
185
179
161
93
-36
-194
-334
-432
-499
-565
-641
-716
-762
-762
-711
-623
-517
-405
-269
-55
295
771
1267
1650
1867
1997
2142
2294
2318
2099
1676
1203
794
431
40
-380
-752
-1013
-1163
-1227
-1216
-1149
-1079
-1049
-1017
-904
-709
-548
-512
-557
-539
-384
-157
48
222
429
700
1006
1300
1554
1725
1757
1640
1444
1241
1005
646
147
-380
-808
-1128
-1413
-1688
-1886
-1950
-1901
-1788
-1610
-1348
-1043
-784
-598
-416
-180
68
234
289
295
313
340
352
357
376
396
385
344
302
251
142
-52
-280
-462
-578
-678
-805
-950
-1061
-1109
-1099
-1046
-952
-826
-676
-495
-245
129
647
1248
1805
2216
2482
2699
2920
3062
2954
2524
1901
1302
833
424
-43
-569
-1042
-1361
-1519
-1567
-1545
-1489
-1440
-1421
-1377
-1237
-1008
-805
-705
-655
-528
-279
14
275
521
817
1157
1488
1787
2072
2297
2352
2183
1878
1555
1208
724
58
-684
-1336
-1823
-2173
-2425
-2573
-2585
-2452
-2185
-1819
-1410
-1034
-731
-471
-186
137
418
555
527
431
391
445
519
521
435
349
347
427
487
419
194
-115
-405
-616
-762
-905
-1081
-1275
-1429
-1497
-1474
-1393
-1273
-1096
-831
-491
-121
277
774
1428
2146
2724
3049
3225
3424
3638
3638
3242
2543
1819
1231
688
28
-729
-1387
-1805
-2032
-2185
-2276
-2250
-2120
-1988
-1882
-1715
-1424
-1117
-929
-837
-653
-276
180
562
884
1287
1816
2375
2868
3304
3671
3853
3734
3374
2926
2407
1660
581
-685
-1869
-2837
-3649
-4371
-4917
-5121
-4929
-4446
-3821
-3122
-2368
-1601
-902
-318
157
533
780
865
810
690
585
517
474
423
361
298
267
263
237
106
-169
-552
-981
-1439
-1951
-2495
-2999
-3382
-3633
-3758
-3735
-3498
-3028
-2339
-1443
-317
1035
2537
4093
5640
7131
8460
9505
10204
10552
10460
9772
8434
6656
4755
2907
1071
-794
-2564
-4020
-5035
-5628
-5876
-5863
-5679
-5449
-5209
-4895
-4416
-3850
-3372
-3049
-2687
-2053
-1139
-164
713
1572
2567
3711
4858
5887
6727
7302
7481
7210
6552
5589
4295
2604
577
-1545
-3495
-5157
-6543
-7613
-8203
-8182
-7610
-6703
-5638
-4484
-3292
-2159
-1154
-287
427
896
1051
958
778
645
586
567
517
404
282
299
511
764
776
424
-151
-714
-1182
-1655
-2225
-2865
-3445
-3890
-4169
-4269
-4139
-3764
-3154
-2330
-1284
-44
1300
2673
4103
5669
7305
8745
9718
10229
10493
10612
10330
9307
7536
5458
3537
1844
131
-1721
-3467
-4760
-5512
-5899
-6079
-6075
-5887
-5601
-5242
-4741
-4071
-3421
-2975
-2654
-2137
-1257
-193
782
1636
2571
3671
4782
5695
6400
6978
7395
7439
6957
5983
4667
3089
1261
-771
-2861
-4821
-6474
-7674
-8337
-8487
-8239
-7678
-6790
-5541
-4052
-2576
-1327
-340
415
910
1112
1113
1054
936
664
291
83
184
423
522
481
516
703
813
590
29
-675
-1362
-2018
-2656
-3257
-3774
-4191
-4445
-4424
-4037
-3350
-2522
-1650
-685
445
1708
3023
4388
5860
7370
8656
9464
9841
10038
10137
9828
8765
7029
5116
3391
1767
-21
-1934
-3627
-4843
-5619
-6104
-6320
-6238
-5939
-5587
-5191
-4629
-3851
-3068
-2522
-2187
-1745
-956
79
1056
1829
2539
3360
4290
5162
5864
6360
6604
6483
5975
5186
4208
2951
1296
-628
-2474
-4008
-5294
-6474
-7470
-8042
-8057
-7578
-6738
-5640
-4419
-3230
-2147
-1105
-56
866
1412
1470
1216
967
899
902
763
414
39
-112
50
361
575
550
329
22
-311
-697
-1196
-1818
-2496
-3091
-3505
-3727
-3816
-3763
-3505
-2984
-2231
-1304
-248
897
2096
3380
4849
6497
8086
9266
9899
10141
10210
10045
9359
7972
6083
4108
2315
647
-1046
-2723
-4159
-5170
-5759
-6019
-6026
-5847
-5580
-5253
-4807
-4187
-3521
-3000
-2660
-2285
-1658
-789
132
982
1826
2771
3831
4898
5877
6668
7149
7172
6697
5806
4609
3120
1306
-777
-2910
-4821
-6338
-7435
-8113
-8320
-8013
-7252
-6196
-4978
-3695
-2459
-1406
-581
70
581
886
934
807
660
567
499
471
559
797
1074
1253
1286
1225
1089
816
351
-288
-1025
-1814
-2615
-3346
-3887
-4194
-4304
-4250
-3962
-3393
-2618
-1792
-944
20
1126
2229
3201
4139
5241
6493
7599
8308
8676
8957
9212
9187
8569
7347
5815
4287
2823
1283
-422
-2180
-3747
-4936
-5708
-6141
-6333
-6360
-6227
-5894
-5310
-4540
-3755
-3111
-2544
-1851
-921
102
985
1681
2339
3102
3926
4698
5342
5826
6033
5867
5387
4768
4027
2966
1421
-447
-2277
-3847
-5191
-6362
-7236
-7628
-7506
-7001
-6220
-5197
-3988
-2760
-1673
-776
-38
537
927
1145
1235
1210
1071
889
792
862
1048
1249
1388
1437
1357
1116
728
252
-278
-886
-1599
-2373
-3091
-3648
-3980
-4083
-3965
-3665
-3214
-2652
-1981
-1182
-239
792
1798
2723
3675
4816
6119
7315
8127
8567
8851
9078
9028
8409
7199
5710
4249
2835
1270
-511
-2282
-3749
-4823
-5607
-6149
-6410
-6397
-6237
-5975
-5515
-4792
-3984
-3321
-2795
-2155
-1279
-344
417
1040
1767
2687
3641
4440
5131
5828
6451
6692
6364
5578
4579
3414
1938
82
-1957
-3858
-5403
-6538
-7272
-7600
-7518
-7030
-6157
-4980
-3703
-2560
-1641
-837
-68
548
818
778
710
819
1009
1053
947
903
1074
1336
1479
1437
1327
1224
1042
620
-75
-895
-1671
-2354
-3015
-3660
-4156
-4322
-4129
-3707
-3221
-2680
-2003
-1159
-255
582
1316
2017
2795
3737
4846
5980
6931
7591
8073
8526
8902
8900
8268
7062
5610
4171
2734
1119
-724
-2593
-4186
-5332
-6065
-6499
-6703
-6681
-6434
-5964
-5296
-4464
-3582
-2772
-2093
-1461
-757
51
886
1658
2363
3042
3746
4477
5197
5772
6056
5981
5632
5111
4383
3297
1800
49
-1716
-3371
-4902
-6243
-7229
-7726
-7735
-7326
-6562
-5510
-4306
-3079
-1894
-788
136
762
1086
1242
1350
1405
1331
1119
906
843
959
1106
1140
1046
920
779
530
97
-472
-1083
-1722
-2405
-3072
-3590
-3889
-3995
-3947
-3703
-3236
-2607
-1937
-1260
-535
246
994
1652
2314
3156
4252
5465
6558
7368
7934
8397
8823
9028
8715
7743
6309
4746
3201
1555
-301
-2229
-3926
-5197
-6044
-6525
-6672
-6546
-6288
-5937
-5378
-4493
-3444
-2552
-1970
-1493
-857
-71
618
1096
1566
2298
3316
4370
5250
5922
6441
6741
6674
6145
5178
3828
2149
242
-1725
-3586
-5237
-6600
-7576
-8074
-8072
-7597
-6693
-5455
-4093
-2835
-1763
-785
133
834
1134
1103
1041
1139
1287
1274
1112
994
1036
1142
1203
1227
1260
1209
915
349
-350
-1054
-1767
-2521
-3261
-3854
-4218
-4328
-4184
-3793
-3231
-2588
-1907
-1162
-373
375
982
1443
1841
2297
2924
3764
4768
5774
6629
7298
7901
8497
8895
8717
7789
6354
4835
3374
1770
-138
-2173
-3978
-5374
-6380
-7018
-7242
-7107
-6775
-6324
-5611
-4551
-3351
-2393
-1773
-1232
-500
347
1035
1480
1874
2446
3212
4051
4829
5479
5944
6202
6232
5972
5282
4052
2353
438
-1445
-3224
-4936
-6531
-7773
-8406
-8349
-7740
-6785
-5632
-4355
-3030
-1736
-551
462
1217
1634
1717
1583
1378
1173
995
896
952
1116
1230
1159
966
810
756
678
395
-155
-878
-1618
-2284
-2870
-3398
-3827
-4067
-4046
-3791
-3366
-2821
-2157
-1407
-642
40
595
1050
1480
1937
2451
3085
3920
4944
5959
6749
7304
7843
8456
8870
8620
7563
6027
4463
2980
1347
-593
-2632
-4369
-5575
-6311
-6724
-6844
-6642
-6136
-5426
-4578
-3649
-2734
-1974
-1389
-858
-255
387
946
1410
1914
2586
3384
4206
4988
5708
6234
6395
6117
5465
4469
3073
1291
-665
-2524
-4177
-5648
-6890
-7720
-7990
-7728
-7045
-6003
-4656
-3176
-1848
-845
-111
530
1115
1511
1605
1466
1272
1111
965
825
759
805
929
1054
1152
1171
1010
593
-11
-645
-1244
-1874
-2590
-3288
-3783
-3978
-3937
-3757
-3469
-3032
-2434
-1714
-960
-251
347
828
1219
1554
1827
2058
2366
2923
3810
4897
5945
6795
7480
8075
8503
8506
7895
6737
5288
3713
1989
73
-1883
-3590
-4870
-5751
-6321
-6570
-6470
-6081
-5503
-4717
-3695
-2598
-1764
-1322
-1031
-562
83
626
944
1252
1829
2658
3521
4271
4956
5588
6031
6107
5780
5083
3995
2471
609
-1329
-3112
-4677
-6033
-7071
-7583
-7463
-6846
-5980
-5017
-3936
-2715
-1470
-414
341
826
1128
1279
1281
1174
1021
868
731
650
656
758
900
1027
1078
1007
769
351
-221
-885
-1567
-2209
-2780
-3277
-3671
-3904
-3906
-3660
-3199
-2586
-1873
-1122
-398
222
703
1049
1298
1469
1591
1752
2109
2783
3717
4702
5547
6262
6970
7704
8247
8278
7636
6478
5109
3694
2142
322
-1656
-3465
-4827
-5706
-6190
-6321
-6094
-5596
-4974
-4317
-3582
-2777
-2017
-1440
-1002
-551
-34
425
734
1017
1510
2308
3245
4095
4752
5263
5655
5862
5725
5108
3963
2386
591
-1185
-2809
-4280
-5603
-6658
-7231
-7214
-6718
-5948
-5008
-3907
-2706
-1571
-631
92
609
879
903
786
656
555
470
437
502
637
755
846
959
1088
1103
881
437
-103
-654
-1230
-1860
-2484
-2972
-3259
-3382
-3389
-3225
-2824
-2228
-1602
-1048
-552
-56
394
729
958
1165
1388
1604
1866
2340
3141
4151
5122
5933
6693
7489
8160
8365
7927
6976
5760
4367
2727
846
-1070
-2767
-4132
-5182
-5908
-6237
-6165
-5822
-5350
-4732
-3884
-2864
-1951
-1378
-1095
-824
-400
74
416
641
973
1573
2404
3292
4103
4745
5180
5407
5458
5256
4602
3361
1678
-97
-1722
-3220
-4674
-5974
-6851
-7145
-6939
-6400
-5609
-4586
-3426
-2282
-1257
-363
358
802
918
819
689
607
532
438
399
469
609
732
833
949
1061
1061
870
504
17
-572
-1246
-1929
-2504
-2901
-3132
-3224
-3173
-2962
-2613
-2159
-1612
-976
-327
217
581
821
1029
1233
1398
1566
1902
2561
3518
4556
5481
6259
6989
7673
8141
8141
7560
6489
5121
3591
1929
152
-1635
-3255
-4570
-5525
-6097
-6253
-6033
-5585
-5053
-4412
-3585
-2670
-1958
-1578
-1335
-943
-401
57
324
582
1086
1872
2791
3677
4466
5102
5533
5727
5692
5365
4592
3265
1513
-349
-2072
-3637
-5100
-6354
-7147
-7330
-7003
-6365
-5509
-4437
-3235
-2091
-1150
-398
231
715
962
963
836
703
603
521
494
578
795
1083
1364
1559
1608
1465
1143
702
180
-437
-1167
-1944
-2636
-3142
-3467
-3663
-3732
-3597
-3199
-2571
-1829
-1077
-385
205
644
932
1111
1248
1366
1480
1677
2107
2867
3864
4882
5752
6509
7254
7927
8226
7866
6845
5441
3920
2334
616
-1202
-2931
-4366
-5391
-5988
-6195
-6106
-5827
-5400
-4757
-3857
-2817
-1928
-1397
-1175
-986
-637
-189
175
416
709
1249
2108
3198
4365
5376
6017
6230
6175
5978
5485
4354
2495
287
-1742
-3398
-4866
-6275
-7405
-7895
-7649
-6904
-5933
-4827
-3601
-2355
-1245
-315
472
1089
1418
1418
1229
1041
922
809
695
663
790
1029
1289
1511
1653
1618
1339
877
359
-209
-958
-1925
-2905
-3618
-3982
-4123
-4146
-3995
-3577
-2908
-2107
-1268
-458
240
733
1034
1236
1411
1526
1548
1559
1719
2149
2850
3749
4725
5665
6493
7202
7742
7939
7571
6609
5281
3844
2320
576
-1364
-3199
-4607
-5503
-5987
-6121
-5894
-5395
-4814
-4249
-3588
-2766
-1958
-1439
-1193
-930
-458
49
333
439
682
1292
2186
3172
4124
4980
5618
5933
5928
5681
5134
4090
2435
346
-1798
-3704
-5294
-6590
-7540
-8019
-7942
-7321
-6245
-4877
-3434
-2109
-943
112
1044
1685
1891
1727
1436
1227
1123
1033
882
721
666
810
1102
1385
1492
1364
1037
580
38
-586
-1310
-2119
-2897
-3495
-3842
-3985
-3977
-3793
-3376
-2736
-1953
-1118
-303
390
888
1196
1422
1613
1709
1629
1441
1350
1539
2065
2869
3841
4819
5684
6430
7133
7723
7909
7402
6232
4735
3220
1709
51
-1772
-3520
-4861
-5632
-5912
-5903
-5735
-5408
-4852
-4051
-3102
-2215
-1572
-1205
-947
-613
-185
195
442
660
1032
1654
2472
3396
4310
5082
5569
5730
5594
5136
4208
2720
836
-1094
-2821
-4332
-5671
-6726
-7287
-7270
-6789
-6012
-5022
-3857
-2591
-1342
-217
675
1218
1362
1220
1011
881
803
693
579
562
673
808
894
967
1094
1191
1084
713
200
-323
-883
-1572
-2357
-3039
-3448
-3578
-3542
-3414
-3180
-2787
-2221
-1511
-743
-33
510
859
1051
1140
1134
1038
892
770
750
910
1347
2114
3152
4270
5297
6177
6955
7597
7909
7639
6711
5308
3719
2107
462
-1238
-2882
-4263
-5221
-5723
-5821
-5591
-5130
-4523
-3806
-2963
-2065
-1309
-895
-784
-736
-555
-279
-38
187
563
1209
2053
2962
3848
4660
5275
5569
5511
5159
4491
3380
1778
-98
-1886
-3392
-4685
-5850
-6742
-7089
-6793
-6014
-4966
-3768
-2514
-1376
-476
218
805
1226
1307
1015
583
290
193
180
186
284
514
799
1034
1214
1353
1374
1156
699
133
-443
-1040
-1686
-2308
-2792
-3100
-3279
-3345
-3242
-2919
-2413
-1805
-1169
-548
-5
423
736
969
1106
1120
1018
870
749
718
873
1338
2174
3257
4360
5324
6179
6993
7669
7918
7506
6476
5117
3687
2224
625
-1120
-2825
-4218
-5127
-5541
-5550
-5275
-4817
-4248
-3566
-2757
-1883
-1147
-734
-643
-641
-500
-212
57
215
406
844
1599
2527
3450
4253
4879
5240
5270
4960
4315
3267
1779
3
-1740
-3222
-4458
-5543
-6395
-6781
-6584
-5934
-5049
-4031
-2900
-1742
-725
58
636
1050
1242
1141
807
426
180
133
249
435
622
784
959
1160
1310
1272
992
557
93
-381
-957
-1678
-2444
-3067
-3413
-3470
-3317
-3051
-2713
-2268
-1677
-986
-327
215
645
989
1195
1209
1067
904
800
727
630
550
653
1119
2016
3212
4445
5480
6279
6942
7515
7807
7506
6475
4933
3279
1736
234
-1350
-2903
-4127
-4838
-5093
-5033
-4704
-4117
-3380
-2639
-1949
-1278
-700
-379
-387
-547
-619
-548
-459
-407
-230
282
1172
2274
3394
4376
5106
5483
5482
5131
4420
3285
1727
-67
-1824
-3381
-4739
-5882
-6651
-6843
-6426
-5582
-4535
-3402
-2247
-1155
-233
477
950
1133
986
633
313
159
79
-70
-244
-254
12
446
876
1196
1387
1421
1266
924
441
-141
-807
-1519
-2197
-2749
-3136
-3358
-3406
-3254
-2909
-2427
-1860
-1220
-550
46
461
717
913
1079
1101
902
569
290
170
181
294
572
1145
2081
3304
4591
5724
6610
7296
7777
7873
7334
6118
4482
2786
1209
-290
-1777
-3151
-4202
-4786
-4915
-4692
-4215
-3578
-2884
-2238
-1691
-1283
-1053
-1032
-1136
-1224
-1198
-1087
-947
-723
-278
483
1498
2631
3732
4687
5392
5789
5853
5535
4714
3319
1497
-406
-2094
-3512
-4753
-5797
-6443
-6487
-5938
-5003
-3921
-2859
-1890
-1048
-330
249
627
710
505
172
-76
-151
-138
-119
-45
214
674
1214
1681
1996
2106
1964
1585
1063
474
-220
-1080
-2035
-2882
-3464
-3780
-3907
-3867
-3613
-3130
-2480
-1764
-1057
-393
201
707
1092
1318
1341
1166
847
478
140
-101
-188
-85
231
783
1624
2761
4074
5320
6291
6945
7371
7575
7385
6588
5197
3501
1828
296
-1150
-2511
-3636
-4365
-4661
-4570
-4145
-3494
-2836
-2352
-2025
-1672
-1263
-1015
-1156
-1573
-1886
-1819
-1448
-1009
-557
68
1014
2212
3455
4535
5332
5772
5836
5539
4877
3781
2226
368
-1490
-3100
-4407
-5440
-6138
-6361
-6059
-5351
-4416
-3370
-2297
-1321
-577
-82
245
462
510
327
4
-232
-216
13
313
605
936
1345
1790
2148
2302
2169
1738
1091
345
-434
-1260
-2116
-2892
-3460
-3796
-3957
-3961
-3746
-3283
-2641
-1925
-1190
-457
209
710
1031
1233
1373
1412
1298
1033
689
345
85
-7
105
393
831
1483
2422
3595
4773
5716
6334
6706
6903
6844
6334
5280
3839
2318
932
-307
-1460
-2484
-3243
-3638
-3690
-3490
-3143
-2762
-2432
-2172
-1905
-1616
-1412
-1451
-1704
-1939
-1924
-1649
-1266
-837
-255
612
1726
2926
4041
4954
5539
5700
5433
4815
3864
2519
800
-1062
-2746
-4083
-5102
-5852
-6259
-6203
-5668
-4786
-3733
-2665
-1694
-904
-312
130
467
649
585
308
36
-1
206
481
684
867
1116
1397
1574
1575
1427
1148
689
20
-784
-1593
-2324
-2968
-3505
-3864
-3966
-3807
-3463
-3000
-2428
-1750
-1031
-361
228
741
1134
1318
1289
1152
1010
848
620
359
167
90
103
179
347
665
1177
1909
2833
3834
4740
5440
5947
6304
6440
6183
5437
4330
3130
2012
951
-139
-1217
-2118
-2717
-3022
-3106
-3034
-2870
-2709
-2591
-2460
-2224
-1924
-1710
-1681
-1727
-1648
-1353
-918
-447
71
713
1513
2397
3266
4015
4532
4692
4465
3947
3248
2347
1142
-347
-1895
-3232
-4239
-4936
-5336
-5388
-5070
-4459
-3675
-2802
-1908
-1086
-434
33
373
629
778
792
702
582
488
434
452
565
750
915
994
980
893
698
337
-175
-738
-1268
-1777
-2308
-2816
-3158
-3239
-3100
-2868
-2608
-2271
-1783
-1167
-548
-43
325
595
786
878
874
801
674
478
252
81
24
38
48
59
165
456
956
1658
2529
3498
4434
5218
5807
6219
6440
6355
5825
4845
3605
2363
1228
131
-1000
-2072
-2882
-3312
-3410
-3297
-3054
-2749
-2478
-2321
-2223
-2074
-1861
-1713
-1699
-1705
-1534
-1148
-683
-237
255
934
1810
2736
3514
4019
4214
4135
3843
3363
2617
1511
90
-1404
-2696
-3664
-4351
-4797
-4960
-4784
-4296
-3580
-2721
-1822
-1029
-460
-89
210
492
653
581
338
122
74
167
306
445
589
710
763
736
676
590
408
54
-443
-957
-1391
-1758
-2114
-2445
-2669
-2734
-2663
-2498
-2241
-1880
-1434
-958
-515
-155
98
267
398
512
578
583
544
475
345
145
-45
-104
16
249
518
840
1324
2055
3002
4007
4889
5548
6001
6282
6354
6099
5435
4416
3213
1995
830
-306
-1408
-2377
-3070
-3420
-3487
-3390
-3220
-2998
-2729
-2418
-2094
-1795
-1590
-1524
-1557
-1543
-1363
-1035
-671
-315
119
719
1466
2238
2918
3416
3681
3695
3482
3042
2304
1220
-99
-1396
-2463
-3286
-3948
-4441
-4639
-4451
-3939
-3252
-2498
-1720
-979
-357
109
447
663
704
541
280
96
60
89
79
61
147
368
610
748
748
658
489
202
-216
-708
-1201
-1678
-2148
-2573
-2856
-2924
-2802
-2578
-2307
-1965
-1505
-944
-378
85
399
592
719
801
823
764
637
471
293
112
-38
-93
3
238
550
921
1418
2131
3035
3969
4751
5310
5684
5918
5975
5745
5133
4157
2963
1737
588
-479
-1466
-2299
-2869
-3138
-3174
-3074
-2882
-2616
-2302
-1999
-1744
-1564
-1491
-1559
-1722
-1847
-1793
-1542
-1188
-799
-327
338
1204
2128
2900
3399
3623
3638
3464
3056
2347
1339
137
-1071
-2107
-2886
-3429
-3786
-3970
-3925
-3593
-2993
-2249
-1535
-966
-556
-245
4
161
161
6
-191
-277
-191
-17
132
235
366
548
715
775
710
535
264
-80
-449
-826
-1249
-1726
-2167
-2453
-2561
-2561
-2506
-2372
-2125
-1781
-1386
-979
-588
-250
6
193
345
472
536
513
431
358
328
316
276
215
193
271
466
754
1131
1636
2314
3132
3966
4669
5185
5554
5810
5877
5599
4896
3875
2756
1684
635
-456
-1529
-2392
-2911
-3135
-3209
-3213
-3125
-2936
-2700
-2496
-2325
-2162
-2002
-1882
-1799
-1692
-1497
-1194
-793
-284
355
1123
1963
2786
3468
3898
4023
3896
3606
3162
2462
1433
172
-1079
-2130
-2950
-3599
-4068
-4262
-4113
-3659
-3025
-2347
-1721
-1193
-764
-406
-105
123
236
223
141
95
152
280
407
503
617
772
922
981
908
707
387
-50
-555
-1045
-1467
-1839
-2183
-2461
-2613
-2636
-2592
-2503
-2319
-2000
-1597
-1203
-864
-561
-277
-22
187
351
468
527
516
451
364
305
307
375
477
588
728
952
1318
1847
2530
3316
4114
4801
5301
5605
5736
5648
5227
4401
3265
2038
890
-167
-1198
-2192
-3016
-3538
-3736
-3673
-3436
-3093
-2728
-2400
-2120
-1848
-1598
-1441
-1418
-1431
-1327
-1049
-674
-280
172
757
1480
2237
2918
3445
3775
3876
3753
3420
2857
2017
911
-328
-1502
-2466
-3199
-3753
-4145
-4313
-4171
-3700
-2993
-2201
-1456
-817
-284
165
521
747
811
737
611
519
481
446
375
289
274
369
519
591
496
241
-98
-459
-833
-1229
-1629
-1996
-2296
-2508
-2632
-2676
-2641
-2509
-2251
-1865
-1399
-919
-478
-106
185
408
589
748
865
903
849
738
627
554
511
466
394
320
307
403
607
898
1291
1825
2497
3207
3821
4276
4601
4817
4851
4575
3940
3043
2054
1093
182
-695
-1508
-2170
-2607
-2813
-2849
-2783
-2646
-2432
-2154
-1854
-1609
-1469
-1429
-1416
-1350
-1196
-989
-770
-519
-160
369
1038
1759
2437
2995
3353
3459
3334
3042
2584
1893
958
-89
-1071
-1909
-2629
-3234
-3637
-3740
-3539
-3121
-2595
-2039
-1497
-991
-525
-132
125
199
147
112
186
333
434
431
358
285
241
227
226
206
109
-107
-421
-761
-1066
-1347
-1651
-1983
-2264
-2402
-2388
-2287
-2154
-1968
-1683
-1305
-898
-526
-208
62
288
472
623
746
824
831
765
665
590
543
471
320
129
8
35
177
346
526
801
1277
1949
2700
3383
3931
4365
4717
4944
4931
4573
3876
2964
1989
1026
75
-856
-1710
-2397
-2837
-2985
-2883
-2675
-2516
-2417
-2247
-1902
-1485
-1201
-1140
-1187
-1177
-1056
-867
-632
-308
142
709
1353
2036
2688
3200
3469
3484
3305
2967
2421
1609
572
-536
-1554
-2400
-3063
-3531
-3760
-3710
-3391
-2863
-2214
-1547
-965
-516
-161
141
354
386
232
20
-101
-94
-35
-3
-23
-62
-69
8
141
219
129
-125
-436
-712
-967
-1260
-1595
-1894
-2077
-2137
-2121
-2059
-1922
-1669
-1310
-910
-538
-213
72
309
464
510
467
394
339
307
280
241
205
188
184
164
123
95
138
270
461
681
971
1408
2010
2687
3314
3834
4265
4619
4832
4800
4465
3870
3112
2267
1359
408
-525
-1356
-2031
-2524
-2796
-2825
-2670
-2484
-2360
-2235
-1963
-1551
-1185
-1051
-1103
-1121
-956
-664
-383
-131
201
712
1360
2021
2585
3008
3273
3369
3270
2941
2342
1484
467
-545
-1425
-2146
-2740
-3206
-3481
-3495
-3244
-2793
-2242
-1685
-1183
-763
-417
-142
38
82
-15
-177
-293
-306
-261
-230
-215
-141
18
180
225
128
-32
-180
-331
-543
-823
-1104
-1322
-1478
-1607
-1705
-1730
-1671
-1587
-1534
-1479
-1337
-1087
-813
-604
-456
-301
-102
114
291
390
415
416
448
515
562
545
474
396
335
306
320
389
509
695
1007
1501
2165
2893
3557
4077
4448
4693
4795
4660
4193
3403
2435
1457
540
-337
-1182
-1927
-2464
-2720
-2701
-2492
-2220
-1978
-1762
-1494
-1151
-839
-724
-837
-1028
-1111
-1045
-920
-785
-564
-136
508
1256
1964
2559
3013
3304
3379
3203
2768
2085
1182
141
-901
-1822
-2584
-3196
-3627
-3792
-3640
-3216
-2628
-1990
-1399
-919
-540
-210
78
241
223
97
-1
-40
-111
-255
-370
-328
-155
18
113
180
248
254
126
-97
-328
-568
-887
-1280
-1631
-1835
-1916
-1966
-2016
-2007
-1872
-1611
-1275
-913
-558
-236
35
264
472
647
745
733
642
538
466
421
385
344
299
249
219
241
332
468
626
831
1140
1585
2132
2711
3251
3710
4062
4301
4415
4363
4071
3497
2705
1837
1006
220
-553
-1274
-1825
-2127
-2231
-2249
-2227
-2134
-1947
-1732
-1568
-1491
-1479
-1516
-1565
-1567
-1454
-1217
-899
-506
12
697
1480
2216
2781
3150
3346
3360
3130
2612
1839
907
-80
-1037
-1899
-2606
-3113
-3387
-3408
-3185
-2780
-2286
-1785
-1315
-892
-559
-356
-278
-264
-246
-206
-171
-166
-164
-117
8
181
345
453
494
464
351
150
-117
-418
-740
-1090
-1447
-1750
-1938
-2016
-2044
-2056
-2013
-1847
-1557
-1215
-897
-608
-322
-37
215
423
597
731
797
801
792
802
800
742
637
541
480
438
392
346
301
260
241
296
481
819
1296
1875
2511
3154
3749
4241
4584
4736
4653
4302
3702
2924
2067
1198
337
-503
-1265
-1862
-2235
-2403
-2435
-2389
-2302
-2193
-2089
-1986
-1886
-1810
-1802
-1839
-1825
-1665
-1348
-931
-440
154
877
1675
2445
3067
3458
3569
3404
3008
2428
1672
744
-297
-1313
-2164
-2777
-3160
-3332
-3297
-3058
-2646
-2126
-1582
-1122
-827
-696
-631
-547
-463
-468
-580
-674
-612
-385
-104
137
341
547
730
814
736
499
145
-273
-702
-1099
-1449
-1761
-2033
-2221
-2276
-2200
-2050
-1868
-1637
-1334
-992
-685
-441
-224
6
231
417
553
647
693
688
669
682
720
727
666
575
500
446
386
332
328
392
482
566
685
932
1361
1938
2579
3200
3754
4212
4550
4712
4634
4281
3683
2919
2067
1167
245
-653
-1447
-2061
-2456
-2649
-2692
-2639
-2527
-2375
-2208
-2049
-1920
-1810
-1707
-1594
-1465
-1285
-1006
-597
-62
570
1275
2013
2722
3314
3711
3848
3701
3282
2632
1791
800
-269
-1303
-2201
-2899
-3364
-3564
-3496
-3210
-2784
-2284
-1756
-1270
-904
-706
-637
-605
-537
-441
-375
-366
-355
-250
-36
224
458
653
803
868
783
534
157
-298
-793
-1281
-1707
-2042
-2290
-2450
-2487
-2377
-2153
-1897
-1652
-1397
-1093
-747
-402
-86
204
465
677
824
926
1015
1084
1093
1013
871
736
657
619
556
421
239
95
42
47
41
29
106
367
823
1411
2073
2771
3470
4119
4657
5005
5083
4845
4324
3598
2734
1770
759
-208
-1037
-1684
-2152
-2454
-2597
-2605
-2532
-2429
-2325
-2221
-2129
-2044
-1963
-1869
-1750
-1574
-1291
-861
-274
441
1248
2087
2887
3568
4061
4297
4224
3824
3138
2232
1184
70
-1020
-2011
-2834
-3417
-3685
-3630
-3335
-2912
-2430
-1917
-1431
-1060
-854
-769
-711
-622
-523
-467
-446
-389
-222
41
326
572
777
936
1000
901
634
253
-194
-698
-1253
-1803
-2258
-2553
-2687
-2689
-2572
-2325
-1962
-1550
-1174
-859
-556
-220
119
383
540
649
785
941
1032
1007
926
894
935
959
860
640
397
225
123
42
-65
-194
-307
-338
-233
23
408
909
1541
2299
3116
3873
4491
4947
5237
5304
5062
4466
3577
2536
1489
507
-404
-1246
-1972
-2503
-2786
-2839
-2753
-2631
-2527
-2416
-2266
-2088
-1946
-1857
-1777
-1627
-1364
-988
-510
54
691
1390
2131
2845
3437
3828
3986
3889
3507
2850
1991
1014
-28
-1088
-2073
-2865
-3378
-3592
-3543
-3310
-2971
-2562
-2091
-1599
-1178
-887
-710
-609
-587
-655
-744
-728
-533
-213
125
410
645
847
996
1022
859
500
18
-485
-938
-1330
-1679
-1992
-2248
-2399
-2403
-2243
-1949
-1589
-1231
-904
-608
-343
-124
53
219
394
563
698
807
919
1031
1089
1048
923
786
696
640
558
402
202
14
-124
-233
-330
-384
-325
-110
257
751
1371
2117
2932
3707
4340
4813
5153
5333
5229
4734
3885
2864
1841
866
-81
-972
-1711
-2220
-2510
-2650
-2689
-2650
-2550
-2427
-2300
-2182
-2079
-2017
-1983
-1907
-1680
-1256
-689
-71
563
1247
2004
2783
3469
3950
4142
4013
3593
2957
2158
1197
75
-1100
-2131
-2861
-3294
-3533
-3630
-3541
-3230
-2756
-2237
-1771
-1398
-1134
-962
-844
-747
-670
-616
-539
-366
-71
273
569
765
873
903
839
654
356
-22
-451
-914
-1374
-1769
-2044
-2193
-2242
-2214
-2102
-1894
-1607
-1287
-976
-682
-408
-164
36
200
352
505
655
795
920
1002
999
903
770
670
612
545
415
230
46
-85
-167
-238
-327
-390
-355
-177
120
501
979
1597
2349
3150
3889
4498
4962
5259
5340
5160
4710
4013
3117
2102
1080
146
-667
-1373
-1975
-2429
-2677
-2707
-2600
-2473
-2410
-2380
-2299
-2115
-1891
-1715
-1601
-1449
-1144
-655
-34
646
1353
2071
2770
3379
3805
3955
3787
3332
2665
1829
840
-257
-1342
-2282
-2990
-3436
-3608
-3527
-3271
-2937
-2578
-2186
-1776
-1414
-1173
-1045
-952
-835
-714
-644
-601
-477
-190
208
582
842
1002
1086
1060
852
456
-47
-545
-978
-1346
-1680
-1991
-2239
-2350
-2285
-2090
-1854
-1629
-1388
-1091
-756
-454
-229
-58
114
311
510
681
820
941
1049
1123
1129
1057
940
824
715
574
385
187
45
-48
-150
-290
-393
-353
-141
180
555
1013
1612
2352
3151
3908
4544
5007
5259
5278
5049
4571
3855
2961
1977
983
23
-860
-1599
-2129
-2444
-2600
-2643
-2599
-2493
-2386
-2306
-2234
-2129
-2015
-1931
-1856
-1666
-1259
-654
36
715
1378
2044
2702
3279
3694
3864
3737
3311
2645
1809
845
-222
-1309
-2270
-2963
-3348
-3493
-3493
-3390
-3164
-2797
-2331
-1874
-1524
-1306
-1168
-1046
-921
-812
-719
-600
-404
-114
236
588
872
1042
1085
1018
847
566
185
-259
-725
-1189
-1629
-2001
-2262
-2388
-2374
-2237
-2020
-1776
-1518
-1220
-884
-572
-335
-151
44
268
481
652
802
960
1108
1205
1231
1211
1171
1095
950
737
520
363
266
167
37
-85
-121
-42
126
353
656
1085
1673
2399
3181
3906
4477
4859
5065
5095
4885
4371
3581
2649
1704
791
-97
-921
-1588
-2039
-2295
-2425
-2474
-2467
-2423
-2380
-2342
-2295
-2207
-2080
-1929
-1749
-1491
-1102
-569
78
800
1573
2356
3073
3618
3903
3883
3566
2985
2188
1224
167
-886
-1826
-2581
-3116
-3414
-3457
-3264
-2920
-2542
-2218
-1964
-1750
-1544
-1348
-1181
-1054
-947
-818
-632
-381
-79
255
588
881
1091
1194
1168
1002
695
275
-202
-672
-1092
-1455
-1779
-2064
-2258
-2292
-2159
-1932
-1699
-1488
-1268
-1009
-721
-443
-204
-4
190
406
638
845
997
1113
1219
1311
1344
1293
1173
1004
782
512
259
91
4
-83
-200
-280
-230
-51
190
460
808
1290
1907
2602
3302
3932
4419
4723
4837
4761
4464
3909
3116
2189
1253
381
-415
-1127
-1710
-2113
-2329
-2408
-2406
-2367
-2305
-2238
-2170
-2109
-2059
-2028
-1993
-1891
-1644
-1223
-667
-30
667
1421
2177
2837
3314
3588
3649
3459
2966
2194
1254
278
-656
-1507
-2221
-2734
-3017
-3092
-2995
-2756
-2419
-2062
-1752
-1508
-1316
-1184
-1132
-1141
-1142
-1068
-904
-672
-392
-63
292
626
887
1054
1111
1025
764
356
-113
-557
-953
-1317
-1638
-1865
-1971
-1986
-1957
-1879
-1706
-1434
-1127
-865
-667
-502
-338
-174
-9
173
383
599
785
942
1096
1241
1315
1264
1119
971
872
773
614
409
248
186
192
190
155
132
202
406
747
1215
1803
2483
3180
3796
4259
4551
4666
4578
4245
3666
2897
2030
1153
327
-418
-1063
-1582
-1948
-2150
-2210
-2175
-2109
-2068
-2092
-2169
-2247
-2270
-2236
-2167
-2054
-1823
-1407
-819
-131
594
1345
2094
2771
3282
3582
3650
3453
2954
2187
1267
322
-599
-1481
-2270
-2860
-3176
-3230
-3092
-2834
-2519
-2214
-1950
-1717
-1495
-1315
-1221
-1215
-1223
-1164
-1009
-772
-473
-118
273
652
956
1152
1224
1164
946
578
115
-359
-795
-1183
-1511
-1750
-1881
-1921
-1890
-1791
-1634
-1457
-1289
-1116
-914
-690
-479
-297
-120
78
306
554
802
1020
1182
1280
1327
1335
1294
1181
989
748
531
398
354
342
308
250
218
251
350
499
715
1039
1496
2063
2681
3286
3818
4220
4431
4415
4166
3712
3095
2365
1565
740
-54
-749
-1293
-1675
-1921
-2067
-2128
-2119
-2070
-2033
-2035
-2067
-2087
-2075
-2035
-1967
-1824
-1532
-1051
-403
339
1102
1827
2479
3024
3417
3590
3492
3115
2506
1717
787
-226
-1209
-2026
-2599
-2942
-3106
-3114
-2949
-2608
-2160
-1727
-1416
-1254
-1203
-1213
-1251
-1287
-1273
-1161
-938
-640
-299
60
424
746
970
1059
1017
854
581
222
-173
-558
-924
-1285
-1609
-1815
-1850
-1765
-1665
-1596
-1513
-1369
-1193
-1045
-930
-796
-609
-394
-183
31
275
544
797
996
1151
1287
1399
1431
1334
1126
873
635
431
274
178
140
124
111
117
175
282
426
622
906
1302
1798
2362
2945
3478
3896
4173
4316
4317
4116
3656
2948
2103
1257
498
-165
-746
-1242
-1621
-1867
-1993
-2034
-2033
-2032
-2066
-2125
-2177
-2189
-2168
-2119
-2016
-1795
-1396
-805
-64
733
1502
2197
2798
3250
3476
3425
3125
2624
1954
1131
226
-651
-1409
-2017
-2470
-2746
-2805
-2647
-2356
-2069
-1883
-1792
-1730
-1662
-1621
-1627
-1626
-1531
-1312
-1010
-669
-297
111
514
858
1110
1268
1305
1166
825
349
-138
-556
-915
-1257
-1567
-1766
-1799
-1711
-1609
-1547
-1478
-1334
-1136
-986
-941
-942
-878
-692
-411
-85
259
607
940
1229
1441
1548
1540
1438
1281
1088
855
586
337
175
124
132
130
100
83
117
200
302
419
568
772
1050
1435
1949
2557
3158
3645
3974
4146
4156
3971
3570
2974
2251
1481
720
-8
-689
-1284
-1730
-1986
-2078
-2078
-2062
-2060
-2080
-2113
-2156
-2195
-2213
-2175
-2040
-1763
-1317
-716
-10
733
1463
2148
2758
3226
3470
3427
3101
2539
1813
990
138
-682
-1406
-1979
-2366
-2575
-2636
-2572
-2403
-2179
-1981
-1848
-1759
-1671
-1597
-1573
-1572
-1497
-1273
-927
-537
-144
263
668
996
1176
1208
1137
977
698
301
-154
-583
-950
-1251
-1474
-1606
-1667
-1697
-1693
-1619
-1476
-1344
-1288
-1269
-1174
-947
-648
-368
-123
137
440
752
1014
1198
1317
1391
1423
1407
1331
1191
992
757
518
312
183
142
146
115
11
-118
-181
-138
-15
136
310
557
940
1485
2150
2841
3454
3926
4230
4364
4319
4069
3584
2874
2012
1120
287
-446
-1065
-1543
-1852
-2005
-2054
-2059
-2055
-2078
-2164
-2322
-2490
-2583
-2544
-2387
-2135
-1781
-1289
-637
152
1015
1860
2585
3111
3406
3466
3288
2857
2192
1367
491
-351
-1101
-1724
-2179
-2439
-2511
-2436
-2283
-2123
-2004
-1926
-1862
-1796
-1745
-1722
-1709
-1655
-1510
-1235
-822
-317
197
643
1003
1282
1460
1477
1297
950
512
54
-386
-787
-1127
-1385
-1547
-1608
-1576
-1489
-1400
-1341
-1292
-1210
-1089
-963
-853
-718
-500
-198
132
443
739
1029
1282
1450
1525
1527
1462
1311
1078
817
586
395
220
57
-65
-114
-104
-69
-45
-44
-60
-58
4
150
370
657
1032
1522
2127
2802
3467
4019
4378
4513
4443
4176
3686
2962
2076
1156
308
-438
-1075
-1570
-1885
-2033
-2086
-2105
-2112
-2110
-2132
-2210
-2340
-2457
-2496
-2415
-2197
-1826
-1286
-591
212
1046
1827
2472
2935
3191
3233
3040
2597
1929
1131
323
-405
-1031
-1556
-1972
-2241
-2337
-2287
-2166
-2054
-1987
-1954
-1935
-1926
-1931
-1935
-1888
-1738
-1461
-1070
-605
-109
363
751
1002
1110
1105
1011
804
459
15
-418
-754
-984
-1147
-1259
-1320
-1339
-1338
-1330
-1311
-1287
-1271
-1262
-1229
-1134
-960
-723
-451
-168
126
438
755
1038
1250
1378
1423
1390
1288
1142
970
770
533
284
78
-54
-137
-225
-316
-358
-306
-185
-57
46
151
301
512
776
1088
1467
1939
2498
3088
3614
3992
4188
4216
4092
3795
3291
2582
1741
880
104
-523
-990
-1331
-1592
-1797
-1938
-2005
-2024
-2045
-2119
-2250
-2397
-2480
-2430
-2225
-1884
-1424
-835
-118
679
1463
2148
2671
3000
3110
2997
2663
2131
1443
681
-54
-680
-1170
-1539
-1808
-1987
-2081
-2097
-2044
-1954
-1887
-1902
-1992
-2079
-2067
-1934
-1726
-1488
-1210
-851
-413
49
462
776
968
1025
947
767
524
244
-75
-416
-725
-944
-1071
-1156
-1240
-1318
-1359
-1361
-1344
-1328
-1310
-1283
-1238
-1139
-939
-627
-260
80
357
609
876
1135
1307
1339
1259
1132
989
810
586
339
105
-97
-248
-327
-329
-290
-237
-172
-75
45
172
291
407
524
662
860
1147
1513
1934
2413
2961
3528
3986
4209
4171
3944
3598
3128
2478
1649
745
-77
-712
-1153
-1457
-1677
-1828
-1906
-1921
-1913
-1930
-2013
-2160
-2329
-2437
-2404
-2200
-1851
-1395
-832
-148
628
1392
2029
2476
2737
2821
2720
2422
1956
1378
755
154
-362
-772
-1095
-1366
-1586
-1735
-1824
-1896
-1986
-2086
-2171
-2235
-2280
-2271
-2148
-1885
-1514
-1092
-659
-239
140
451
677
808
833
749
588
382
149
-111
-374
-592
-733
-817
-894
-1002
-1130
-1235
-1288
-1301
-1303
-1299
-1259
-1154
-982
-756
-493
-206
71
305
489
642
781
879
895
824
707
599
529
489
450
374
250
116
31
18
35
30
8
24
97
181
226
254
332
504
741
997
1256
1546
1893
2302
2737
3126
3392
3500
3474
3338
3068
2611
1966
1216
494
-98
-528
-840
-1098
-1327
-1512
-1627
-1687
-1737
-1820
-1945
-2092
-2212
-2249
-2156
-1914
-1520
-983
-323
409
1134
1761
2211
2438
2434
2224
1847
1352
803
281
-150
-465
-686
-842
-952
-1030
-1108
-1231
-1424
-1671
-1922
-2140
-2307
-2408
-2407
-2269
-2002
-1648
-1239
-775
-273
186
490
597
572
509
433
314
141
-32
-153
-224
-283
-346
-413
-502
-649
-856
-1071
-1234
-1330
-1374
-1363
-1265
-1059
-779
-492
-246
-45
122
260
363
427
460
475
481
487
503
530
552
539
480
402
347
328
307
238
119
18
0
78
200
316
412
503
591
677
775
911
1096
1324
1596
1920
2299
2696
3050
3300
3407
3342
3091
2666
2113
1486
839
227
-292
-682
-957
-1155
-1304
-1406
-1473
-1540
-1656
-1835
-2051
-2245
-2359
-2341
-2156
-1796
-1280
-649
39
715
1303
1735
1977
2026
1902
1624
1223
755
310
-35
-251
-375
-463
-555
-667
-825
-1059
-1381
-1758
-2125
-2432
-2647
-2733
-2637
-2344
-1909
-1435
-985
-561
-160
175
376
427
382
321
283
260
227
188
165
167
151
65
-103
-311
-520
-728
-940
-1130
-1255
-1293
-1249
-1137
-973
-784
-595
-422
-281
-192
-152
-116
-32
107
259
392
516
647
762
814
785
712
632
543
428
297
190
133
119
133
182
270
385
491
570
622
664
708
769
865
1012
1213
1467
1779
2149
2536
2861
3049
3075
2958
2717
2357
1883
1334
770
244
-210
-571
-831
-1006
-1136
-1263
-1409
-1569
-1731
-1893
-2044
-2156
-2174
-2051
-1767
-1338
-801
-205
386
898
1276
1499
1565
1484
1277
991
682
402
180
28
-76
-173
-300
-472
-700
-1000
-1371
-1771
-2127
-2385
-2524
-2540
-2411
-2129
-1728
-1288
-882
-551
-306
-154
-90
-81
-90
-90
-75
-35
41
148
256
326
329
255
104
-115
-388
-690
-977
-1184
-1255
-1194
-1069
-954
-857
-730
-553
-385
-313
-352
-422
-423
-315
-134
67
262
452
632
767
820
787
703
611
531
464
411
379
374
398
441
480
486
454
408
385
399
435
483
559
686
867
1084
1325
1592
1885
2183
2446
2639
2739
2734
2613
2366
2002
1566
1122
715
346
-9
-348
-637
-854
-1025
-1199
-1395
-1593
-1769
-1908
-2005
-2039
-1974
-1776
-1435
-982
-480
8
439
790
1040
1158
1139
1008
816
604
399
226
106
34
-33
-145
-317
-535
-785
-1076
-1405
-1735
-1999
-2156
-2207
-2163
-2023
-1782
-1467
-1140
-856
-633
-460
-327
-231
-159
-83
26
171
319
431
484
478
410
272
49
-246
-574
-876
-1104
-1228
-1253
-1214
-1145
-1062
-953
-821
-696
-625
-614
-613
-562
-446
-286
-108
87
296
493
636
699
688
627
552
494
470
471
476
476
474
467
444
400
345
295
255
231
237
286
372
487
632
805
989
1171
1355
1556
1770
1974
2147
2280
2368
2402
2375
2273
2085
1800
1427
1000
566
158
-211
-537
-818
-1047
-1222
-1347
-1431
-1488
-1535
-1574
-1585
-1530
-1381
-1133
-816
-469
-123
203
487
695
799
793
707
573
425
287
185
124
81
11
-112
-284
-482
-705
-970
-1287
-1616
-1883
-2032
-2060
-2002
-1880
-1695
-1453
-1194
-962
-776
-632
-512
-400
-272
-121
38
179
295
385
436
413
292
91
-141
-363
-564
-746
-892
-977
-989
-952
-905
-870
-846
-828
-815
-798
-749
-647
-500
-338
-184
-32
126
277
400
489
550
581
573
534
497
486
497
517
540
558
549
509
464
447
450
444
417
402
432
510
612
719
830
953
1084
1213
1342
1486
1659
1857
2054
2217
2317
2334
2254
2073
1795
1435
1020
590
187
-163
-447
-662
-808
-902
-976
-1059
-1158
-1260
-1348
-1404
-1411
-1355
-1235
-1054
-817
-537
-239
33
235
336
342
282
199
117
39
-36
-93
-111
-95
-85
-131
-257
-454
-699
-969
-1239
-1475
-1641
-1711
-1680
-1566
-1411
-1256
-1113
-964
-802
-645
-522
-433
-352
-252
-125
5
102
145
145
133
103
21
-135
-333
-522
-674
-790
-864
-877
-824
-733
-636
-550
-480
-438
-429
-436
-428
-394
-343
-281
-192
-54
128
318
472
562
579
541
478
416
361
315
288
295
336
395
448
480
485
472
453
438
430
434
456
509
594
704
831
970
1118
1268
1409
1532
1639
1742
1844
1936
1990
1974
1875
1705
1482
1212
892
531
161
-180
-467
-685
-830
-913
-966
-1021
-1089
-1160
-1222
-1266
-1282
-1254
-1171
-1033
-846
-622
-379
-148
43
170
224
206
134
42
-30
-64
-73
-86
-120
-181
-266
-376
-517
-696
-910
-1124
-1291
-1376
-1386
-1352
-1292
-1203
-1080
-944
-828
-740
-659
-563
-453
-347
-254
-167
-75
10
66
76
38
-47
-172
-317
-449
-542
-591
-602
-579
-521
-445
-382
-356
-366
-396
-431
-460
-472
-451
-387
-283
-154
-17
111
214
281
315
331
346
367
390
413
441
478
520
555
574
580
578
571
559
548
541
540
539
547
579
640
715
784
850
932
1044
1178
1318
1454
1586
1704
1791
1836
1833
1775
1651
1453
1202
936
687
457
235
31
-131
-245
-342
-470
-643
-841
-1028
-1185
-1311
-1401
-1444
-1422
-1328
-1173
-989
-809
-651
-508
-368
-243
-153
-100
-57
-4
45
56
20
-47
-124
-210
-310
-427
-552
-680
-806
-920
-1010
-1069
-1098
-1104
-1088
-1056
-1017
-981
-948
-899
-814
-691
-549
-411
-288
-189
-123
-95
-102
-129
-162
-193
-211
-212
-198
-184
-184
-197
-215
-241
-279
-329
-371
-391
-385
-366
-340
-308
-267
-216
-158
-94
-29
30
80
128
180
238
298
359
424
488
547
596
636
667
684
686
681
676
670
665
667
685
710
730
744
767
816
889
969
1040
1099
1156
1219
1292
1369
1435
1478
1490
1471
1418
1328
1199
1045
875
697
506
301
84
-136
-349
-548
-732
-901
-1046
-1156
-1226
-1264
-1275
-1259
-1219
-1166
-1106
-1024
-904
-759
-625
-525
-446
-355
-241
-129
-52
-14
6
22
22
-17
-110
-240
-383
-518
-639
-747
-844
-927
-994
-1042
-1071
-1079
-1063
-1026
-974
-909
-832
-743
-650
-567
-503
-451
-394
-325
-252
-188
-135
-88
-46
-20
-18
-24
-23
-13
-11
-35
-77
-118
-141
-150
-159
-171
-181
-177
-160
-136
-110
-80
-38
14
70
124
177
234
302
378
454
517
570
617
664
700
712
701
683
674
676
676
670
664
667
679
692
701
706
707
710
720
739
760
775
786
802
829
867
902
922
917
892
851
795
714
607
484
358
236
116
2
-101
-190
-280
-385
-512
-641
-744
-802
-827
-845
-868
-884
-879
-855
-827
-796
-754
-693
-618
-537
-454
-373
-301
-245
-212
-201
-216
-253
-298
-332
-348
-354
-369
-394
-411
-402
-363
-305
-238
-171
-111
-66
-43
-36
-38
-38
-33
-23
-18
-25
-48
-73
-89
-96
-106
-129
-161
-188
-197
-189
-179
-178
-184
-183
-166
-140
-117
-104
-99
-92
-76
-48
-17
5
18
33
53
67
64
52
53
75
106
129
136
126
107
92
93
111
133
146
149
152
163
179
197
211
219
218
213
211
215
215
197
156
101
47
4
-27
-44
-47
-37
-16
8
31
59
99
152
206
246
268
280
292
294
268
214
159
133
138
151
146
126
107
97
84
56
20
1
9
32
48
52
55
65
77
79
69
57
48
42
38
37
33
20
-3
-23
-29
-23
-17
-24
-42
-64
-84
-105
-131
-160
-192
-222
-247
-264
-274
-279
-282
-284
-283
-275
-261
-246
-239
-241
-244
-244
-242
-239
-228
-200
-158
-119
-93
-75
-50
-18
8
14
1
-17
-32
-45
-63
-83
-89
-75
-45
-14
8
20
22
19
13
13
23
44
71
92
100
97
93
98
114
130
143
150
150
141
119
91
64
37
7
-28
-63
-91
-111
-125
-133
-127
-104
-69
-27
20
68
114
145
159
159
154
153
158
163
159
145
127
112
106
107
111
111
106
100
96
96
97
92
81
68
59
53
46
40
40
48
60
70
71
66
58
51
45
37
31
32
40
46
39
18
-9
-32
-51
-65
-77
-88
-103
-121
-137
-144
-139
-123
-105
-92
-85
-78
-63
-42
-27
-31
-47
-61
-62
-58
-63
-73
-80
-78
-71
-60
-38
-1
41
67
72
70
76
88
90
70
37
8
-7
-17
-30
-44
-52
-52
-44
-33
-19
-8
-3
-5
-6
2
18
33
38
30
13
-8
-30
-50
-68
-84
-100
-119
-139
-157
-163
-150
-120
-78
-27
33
93
135
147
133
115
113
126
142
145
133
116
101
90
80
70
59
52
53
59
64
61
50
36
21
7
-11
-28
-40
-43
-41
-37
-32
-23
-12
-9
-20
-36
-42
-28
-3
18
29
34
35
34
30
24
19
19
24
31
35
34
35
42
55
64
65
65
71
82
92
99
110
128
150
162
156
132
101
68
27
-29
-100
-176
-241
-283
-302
-306
-301
-289
-270
-246
-220
-191
-154
-108
-59
-14
26
68
110
