54
51
45
39
36
31
18
-4
-27
-42
-47
-46
-43
-39
-23
11
56
92
102
82
40
-10
-56
-92
-110
-103
-71
-27
10
27
30
35
47
59
60
52
44
40
29
4
-32
-64
-81
-77
-54
-13
37
79
96
79
36
-18
-66
-101
-120
-123
-110
-77
-29
23
56
55
23
-19
-51
-68
-77
-79
-70
-48
-24
-8
-7
-15
-24
-29
-27
-18
-6
1
-4
-23
-47
-66
-70
-59
-39
-17
3
22
38
46
37
15
-5
-4
17
46
67
76
77
73
56
23
-18
-47
-49
-23
16
51
69
66
47
28
25
42
68
82
77
65
62
70
75
70
57
53
60
67
62
46
36
41
56
64
61
53
51
54
54
47
34
18
-5
-36
-64
-73
-55
-22
5
13
4
-12
-29
-50
-73
-96
-110
-110
-98
-82
-72
-75
-88
-104
-116
-123
-130
-134
-131
-115
-98
-94
-111
-136
-147
-134
-102
-70
-49
-40
-37
-32
-27
-28
-38
-51
-60
-57
-40
-10
29
67
97
113
117
112
101
93
96
115
148
182
208
224
236
248
259
269
277
284
291
295
290
274
250
219
183
142
98
58
30
16
13
8
-7
-34
-64
-87
-97
-98
-98
-106
-123
-146
-170
-196
-220
-241
-258
-273
-290
-307
-323
-338
-359
-392
-439
-494
-546
-589
-624
-654
-678
-693
-692
-670
-625
-564
-493
-417
-346
-290
-253
-229
-203
-162
-106
-46
7
49
87
127
167
205
248
310
394
481
553
605
645
675
694
708
731
773
831
898
972
1050
1131
1212
1294
1371
1428
1449
1434
1400
1353
1273
1139
953
737
516
294
69
-152
-348
-505
-624
-715
-788
-849
-895
-926
-941
-935
-905
-853
-793
-736
-685
-636
-586
-545
-520
-515
-530
-566
-630
-719
-816
-909
-993
-1077
-1163
-1241
-1293
-1308
-1285
-1239
-1181
-1109
-1017
-910
-804
-703
-594
-467
-332
-211
-111
-18
76
161
222
259
282
303
318
325
321
311
302
303
318
345
382
443
557
749
1014
1327
1660
1993
2311
2585
2786
2892
2890
2775
2547
2220
1824
1398
974
566
171
-204
-528
-757
-873
-909
-922
-936
-923
-850
-740
-646
-587
-518
-403
-270
-180
-135
-76
34
154
221
240
266
314
330
256
103
-76
-258
-461
-694
-927
-1127
-1299
-1466
-1620
-1722
-1741
-1701
-1642
-1579
-1497
-1389
-1284
-1208
-1159
-1116
-1062
-1003
-944
-876
-788
-689
-598
-526
-468
-414
-363
-319
-284
-248
-213
-188
-176
-154
-104
-29
56
159
304
496
720
1005
1414
1964
2556
3046
3388
3649
3886
4040
3988
3686
3213
2682
2133
1529
853
161
-455
-939
-1296
-1543
-1684
-1725
-1692
-1620
-1529
-1413
-1270
-1110
-962
-843
-756
-679
-574
-398
-129
210
575
933
1287
1643
1972
2195
2248
2113
1819
1382
814
154
-526
-1159
-1715
-2177
-2511
-2685
-2704
-2605
-2419
-2167
-1886
-1638
-1476
-1398
-1359
-1309
-1242
-1186
-1160
-1144
-1092
-990
-861
-745
-658
-587
-519
-454
-399
-354
-314
-275
-239
-208
-188
-168
-143
-113
-100
-104
-97
-32
112
319
583
946
1459
2097
2758
3333
3802
4202
4532
4711
4637
4277
3690
2971
2182
1340
476
-334
-1020
-1567
-1978
-2213
-2224
-2067
-1895
-1799
-1711
-1509
-1205
-923
-760
-681
-622
-565
-511
-408
-176
194
632
1076
1552
2085
2613
2992
3124
3016
2731
2281
1639
808
-127
-1048
-1869
-2558
-3095
-3455
-3601
-3524
-3258
-2886
-2510
-2195
-1950
-1742
-1538
-1331
-1153
-1048
-1032
-1054
-1033
-936
-803
-690
-612
-549
-488
-433
-376
-315
-275
-305
-422
-578
-715
-808
-877
-928
-945
-906
-826
-723
-591
-391
-93
324
903
1699
2694
3729
4600
5208
5631
5965
6153
5996
5370
4379
3264
2182
1131
59
-1002
-1940
-2639
-3029
-3119
-3005
-2825
-2642
-2408
-2052
-1623
-1249
-1026
-923
-854
-755
-618
-437
-180
188
661
1179
1724
2334
3034
3686
4064
4041
3714
3238
2643
1830
745
-527
-1812
-2944
-3796
-4301
-4484
-4443
-4259
-3925
-3398
-2707
-1996
-1428
-1066
-860
-730
-645
-630
-704
-845
-985
-1046
-998
-874
-745
-655
-595
-530
-450
-381
-365
-422
-536
-662
-744
-775
-804
-895
-1028
-1125
-1122
-1035
-903
-737
-497
-96
598
1676
3032
4379
5457
6253
6912
7494
7832
7693
6987
5841
4463
3003
1512
24
-1382
-2595
-3540
-4181
-4484
-4431
-4090
-3638
-3223
-2851
-2417
-1914
-1468
-1216
-1109
-971
-687
-310
68
472
1022
1798
2736
3703
4567
5251
5692
5829
5586
4913
3818
2386
737
-1003
-2709
-4253
-5513
-6384
-6797
-6749
-6315
-5614
-4739
-3753
-2737
-1810
-1051
-449
40
389
504
352
48
-210
-305
-259
-189
-163
-170
-151
-105
-97
-214
-474
-808
-1115
-1344
-1526
-1717
-1964
-2249
-2533
-2737
-2798
-2680
-2424
-2100
-1732
-1217
-353
1026
2893
4976
6919
8491
9720
10728
11492
11733
11164
9774
7873
5798
3674
1457
-821
-2970
-4764
-6081
-6882
-7157
-6988
-6572
-6118
-5616
-4909
-3929
-2922
-2195
-1815
-1532
-1128
-621
-112
484
1376
2590
3949
5298
6680
8067
9179
9636
9369
8592
7448
5783
3431
582
-2283
-4805
-6947
-8769
-10143
-10800
-10623
-9766
-8478
-6929
-5237
-3569
-2103
-891
103
873
1315
1386
1212
998
865
790
723
633
535
447
412
418
366
103
-410
-1040
-1602
-2026
-2390
-2777
-3186
-3543
-3824
-4020
-4116
-4034
-3735
-3234
-2580
-1722
-480
1319
3622
6067
8219
9886
11223
12405
13295
13453
12571
10772
8506
6129
3710
1190
-1340
-3637
-5493
-6834
-7631
-7837
-7522
-6958
-6453
-6007
-5355
-4313
-3140
-2279
-1919
-1782
-1494
-933
-215
583
1519
2619
3862
5257
6863
8513
9798
10357
10233
9661
8629
6803
4027
693
-2532
-5286
-7636
-9667
-11188
-11908
-11765
-10915
-9504
-7621
-5479
-3434
-1780
-530
470
1315
1913
2110
1865
1324
751
362
231
253
281
222
139
137
209
174
-132
-665
-1219
-1669
-2095
-2606
-3195
-3737
-4163
-4432
-4510
-4346
-3965
-3434
-2777
-1910
-662
1114
3389
5859
8106
9897
11334
12587
13565
13879
13210
11584
9346
6856
4297
1697
-899
-3353
-5460
-7042
-7991
-8290
-8069
-7585
-7092
-6598
-5901
-4822
-3559
-2536
-2023
-1809
-1495
-899
-157
592
1424
2463
3725
5130
6662
8207
9481
10146
10159
9704
8850
7349
4975
1927
-1253
-4158
-6744
-9053
-10876
-11854
-11870
-11159
-10025
-8570
-6790
-4802
-2855
-1129
319
1445
2146
2398
2320
2050
1634
1102
606
320
264
280
262
234
237
176
-76
-515
-1001
-1430
-1835
-2263
-2702
-3093
-3453
-3790
-4028
-4007
-3698
-3234
-2762
-2221
-1369
12
1932
4185
6477
8539
10263
11690
12876
13651
13652
12612
10686
8333
5931
3510
936
-1752
-4252
-6223
-7514
-8183
-8363
-8183
-7778
-7222
-6484
-5456
-4224
-3092
-2367
-1980
-1605
-1015
-305
363
1054
1956
3109
4358
5654
7066
8557
9746
10214
9892
9075
7951
6333
3921
786
-2563
-5576
-8010
-9887
-11225
-11935
-11910
-11145
-9725
-7828
-5714
-3680
-1898
-371
944
1941
2433
2404
2119
1874
1695
1400
902
398
117
86
136
161
155
97
-124
-565
-1116
-1615
-2022
-2444
-2932
-3417
-3767
-3944
-3955
-3832
-3581
-3217
-2713
-2003
-1002
381
2221
4497
6942
9141
10814
12055
13073
13803
13813
12748
10713
8203
5637
3085
429
-2283
-4762
-6702
-7990
-8669
-8808
-8513
-7952
-7278
-6448
-5347
-4042
-2901
-2213
-1886
-1524
-902
-144
538
1166
1971
3068
4371
5715
7042
8265
9203
9621
9460
8784
7579
5674
3019
-69
-3091
-5754
-8060
-10017
-11454
-12174
-12130
-11361
-9907
-7925
-5777
-3784
-1968
-178
1476
2578
2842
2505
2099
1897
1732
1348
812
402
233
100
-179
-510
-661
-633
-642
-815
-1055
-1281
-1613
-2163
-2827
-3353
-3645
-3768
-3787
-3649
-3346
-2946
-2489
-1862
-907
438
2161
4233
6554
8823
10676
11977
12911
13614
13842
13107
11237
8618
5847
3205
606
-2041
-4545
-6573
-7942
-8689
-8918
-8701
-8156
-7426
-6576
-5514
-4262
-3081
-2314
-1939
-1590
-950
-100
702
1408
2188
3150
4198
5322
6637
8128
9360
9839
9507
8755
7783
6264
3791
531
-2808
-5646
-7945
-9912
-11502
-12380
-12298
-11338
-9764
-7782
-5529
-3248
-1244
327
1569
2590
3265
3350
2860
2139
1517
1049
628
264
55
26
58
77
91
101
0
-293
-729
-1190
-1636
-2136
-2721
-3338
-3872
-4233
-4331
-4149
-3768
-3345
-2909
-2302
-1338
-1
1604
3446
5548
7791
9823
11316
12219
12732
12929
12560
11272
9081
6458
3910
1532
-868
-3289
-5389
-6847
-7693
-8136
-8236
-7903
-7198
-6350
-5544
-4738
-3895
-3120
-2557
-2103
-1516
-706
152
894
1621
2543
3698
4913
6113
7334
8486
9168
9084
8423
7641
6771
5273
2726
-513
-3583
-5981
-7904
-9711
-11295
-12155
-11946
-10799
-9089
-7099
-4948
-2766
-748
954
2310
3275
3712
3530
2893
2152
1534
1010
468
-29
-322
-357
-278
-218
-185
-141
-157
-355
-744
-1213
-1678
-2204
-2848
-3517
-3991
-4199
-4265
-4327
-4278
-3882
-3053
-1961
-794
483
2065
4058
6296
8443
10179
11394
12183
12667
12740
12099
10541
8274
5763
3329
946
-1490
-3840
-5766
-7064
-7822
-8190
-8168
-7690
-6890
-6048
-5331
-4626
-3824
-3025
-2449
-2055
-1556
-746
237
1134
1927
2818
3942
5197
6484
7796
9060
9926
10049
9429
8323
6757
4439
1280
-2227
-5367
-7845
-9835
-11467
-12508
-12634
-11802
-10236
-8176
-5803
-3368
-1208
466
1688
2604
3201
3309
2868
2101
1373
872
539
220
-120
-410
-518
-368
20
446
621
371
-194
-793
-1291
-1804
-2520
-3391
-4174
-4657
-4851
-4851
-4683
-4253
-3502
-2472
-1275
6
1376
2929
4770
6830
8803
10299
11198
11714
12089
12167
11500
9848
7547
5198
3098
1061
-1143
-3386
-5284
-6612
-7437
-7871
-7907
-7554
-7028
-6545
-6050
-5254
-4121
-3011
-2321
-1946
-1429
-513
591
1563
2401
3323
4458
5718
7001
8196
9124
9540
9387
8811
7906
6486
4294
1396
-1735
-4595
-7035
-9157
-10904
-11925
-11934
-11057
-9678
-7998
-5973
-3664
-1439
341
1635
2610
3247
3340
2859
2119
1500
1077
703
306
17
-73
-31
8
23
36
4
-162
-483
-915
-1461
-2156
-2972
-3745
-4316
-4608
-4655
-4487
-4151
-3672
-3063
-2270
-1236
30
1453
3003
4741
6672
8591
10143
11143
11715
12064
12085
11403
9795
7540
5176
3002
890
-1347
-3582
-5457
-6748
-7509
-7873
-7891
-7597
-7137
-6617
-5981
-5085
-4030
-3119
-2542
-2088
-1420
-467
536
1413
2277
3300
4488
5712
6958
8225
9327
9890
9734
9011
7903
6248
3734
443
-3003
-5930
-8145
-9859
-11219
-12046
-12027
-11012
-9154
-6831
-4488
-2435
-755
637
1791
2619
2950
2715
2086
1414
982
781
626
408
225
184
297
502
758
944
861
410
-258
-896
-1454
-2091
-2922
-3809
-4498
-4826
-4846
-4683
-4395
-3889
-3057
-1916
-651
549
1667
2876
4383
6197
8051
9532
10410
10803
11024
11150
10875
9797
7922
5706
3605
1655
-375
-2531
-4524
-6030
-6996
-7538
-7732
-7591
-7235
-6808
-6312
-5570
-4557
-3505
-2681
-2021
-1262
-297
700
1570
2409
3387
4527
5705
6885
8031
8961
9355
9101
8375
7361
5946
3879
1182
-1745
-4446
-6739
-8650
-10156
-11088
-11293
-10747
-9521
-7744
-5663
-3608
-1822
-327
937
1892
2330
2212
1834
1575
1505
1341
906
418
271
513
806
839
680
560
512
333
-114
-753
-1459
-2205
-3009
-3777
-4378
-4763
-4981
-5007
-4739
-4108
-3195
-2130
-983
230
1465
2706
4049
5605
7271
8699
9623
10132
10537
10897
10858
9991
8315
6284
4330
2473
491
-1669
-3749
-5450
-6687
-7518
-7954
-7947
-7573
-7015
-6404
-5666
-4735
-3716
-2844
-2168
-1499
-633
401
1427
2372
3321
4374
5504
6667
7812
8813
9373
9262
8553
7537
6305
4594
2150
-830
-3758
-6180
-8065
-9560
-10610
-10971
-10524
-9421
-7885
-6064
-4092
-2218
-675
489
1377
2024
2338
2272
1969
1659
1451
1313
1172
1032
904
786
665
589
579
544
309
-197
-860
-1539
-2240
-3066
-3957
-4671
-5003
-5011
-4861
-4607
-4123
-3332
-2301
-1186
-83
980
2025
3118
4363
5819
7356
8682
9547
9994
10270
10477
10323
9419
7737
5701
3722
1853
-82
-2117
-4063
-5716
-6965
-7734
-7963
-7764
-7398
-7045
-6574
-5767
-4629
-3475
-2542
-1757
-873
170
1200
2094
2944
3931
5053
6160
7104
7854
8362
8534
8277
7576
6419
4776
2671
269
-2199
-4556
-6675
-8406
-9588
-10158
-10153
-9628
-8597
-7128
-5396
-3643
-2041
-672
427
1228
1744
2033
2143
2086
1877
1609
1387
1248
1124
972
821
742
708
606
322
-155
-760
-1436
-2164
-2918
-3608
-4139
-4461
-4592
-4544
-4325
-3930
-3378
-2645
-1712
-634
420
1311
2107
3060
4362
5895
7320
8366
9078
9674
10240
10540
10221
9135
7506
5699
3900
2016
-68
-2246
-4250
-5892
-7136
-7938
-8222
-8026
-7591
-7096
-6466
-5491
-4228
-3002
-2060
-1275
-384
648
1615
2413
3218
4219
5355
6375
7169
7796
8277
8418
8006
7025
5654
4018
2088
-181
-2659
-5057
-7098
-8620
-9555
-9869
-9601
-8869
-7797
-6425
-4810
-3128
-1646
-493
400
1144
1708
1974
1906
1618
1310
1147
1196
1361
1473
1422
1261
1080
870
522
-10
-649
-1293
-1926
-2600
-3318
-3969
-4393
-4555
-4551
-4477
-4252
-3734
-2913
-1979
-1083
-220
677
1564
2376
3199
4229
5524
6855
7924
8643
9198
9753
10191
10134
9311
7814
6002
4129
2178
63
-2106
-4060
-5637
-6864
-7774
-8242
-8154
-7612
-6898
-6141
-5258
-4160
-2999
-1982
-1116
-208
811
1782
2574
3295
4154
5118
5978
6634
7228
7808
8135
7880
7029
5825
4403
2613
338
-2202
-4577
-6521
-8047
-9193
-9849
-9877
-9308
-8276
-6886
-5202
-3407
-1770
-472
523
1323
1932
2239
2179
1859
1504
1321
1354
1500
1581
1514
1341
1166
993
713
225
-440
-1162
-1871
-2579
-3294
-3936
-4407
-4666
-4733
-4591
-4207
-3592
-2862
-2108
-1331
-469
457
1339
2113
2881
3842
5074
6433
7634
8511
9111
9597
9977
10014
9388
8036
6231
4326
2424
409
-1756
-3865
-5631
-6905
-7672
-7971
-7892
-7614
-7239
-6682
-5750
-4485
-3191
-2161
-1354
-541
375
1271
2056
2860
3836
4926
5884
6590
7125
7584
7838
7653
6917
5731
4237
2477
426
-1865
-4213
-6365
-8082
-9207
-9703
-9652
-9160
-8262
-6934
-5262
-3509
-1995
-846
55
881
1613
2065
2129
1953
1820
1863
1971
1935
1707
1413
1219
1145
1063
794
272
-418
-1125
-1770
-2392
-3045
-3700
-4244
-4593
-4710
-4589
-4212
-3615
-2878
-2087
-1242
-337
552
1285
1850
2451
3345
4591
5964
7180
8105
8830
9480
10050
10310
9969
8874
7181
5226
3258
1274
-828
-2981
-4923
-6421
-7443
-8047
-8253
-8046
-7514
-6777
-5888
-4809
-3593
-2392
-1346
-424
466
1342
2150
2894
3660
4469
5251
5939
6591
7226
7698
7737
7218
6215
4849
3120
1002
-1370
-3709
-5764
-7442
-8728
-9573
-9899
-9670
-8897
-7653
-6082
-4409
-2820
-1411
-197
795
1533
2002
2209
2214
2140
2122
2160
2134
1958
1714
1503
1315
1035
618
109
-458
-1111
-1864
-2642
-3336
-3874
-4248
-4452
-4487
-4345
-4045
-3595
-3027
-2361
-1621
-799
81
947
1714
2413
3219
4292
5614
6951
8059
8851
9431
9898
10184
10014
9152
7622
5723
3748
1757
-351
-2555
-4595
-6183
-7226
-7831
-8087
-8023
-7667
-7107
-6346
-5307
-3982
-2609
-1481
-666
53
866
1717
2467
3141
3924
4864
5823
6644
7348
7932
8217
7924
7015
5698
4122
2186
-203
-2819
-5230
-7187
-8711
-9782
-10196
-9820
-8854
-7637
-6304
-4786
-3128
-1574
-342
587
1332
1904
2217
2285
2270
2297
2329
2224
1967
1679
1486
1344
1132
778
308
-256
-904
-1582
-2202
-2748
-3300
-3883
-4392
-4671
-4678
-4446
-4014
-3395
-2661
-1875
-1059
-197
640
1338
1899
2516
3412
4594
5863
6996
7931
8706
9353
9797
9893
9463
8418
6838
4958
2986
963
-1148
-3264
-5142
-6593
-7611
-8249
-8433
-8094
-7369
-6548
-5719
-4741
-3522
-2278
-1254
-432
399
1280
2041
2620
3206
4003
4942
5838
6621
7342
7886
8008
7580
6738
5588
3999
1799
-855
-3505
-5777
-7598
-9022
-9991
-10374
-10136
-9355
-8101
-6440
-4548
-2737
-1229
0
1104
2056
2612
2623
2304
2068
2095
2203
2117
1820
1508
1338
1251
1099
781
305
-278
-912
-1563
-2229
-2914
-3592
-4177
-4585
-4764
-4708
-4406
-3866
-3132
-2299
-1439
-592
235
1009
1701
2318
2931
3654
4579
5704
6869
7858
8546
9009
9344
9492
9191
8243
6709
4882
3012
1140
-819
-2849
-4751
-6296
-7374
-7994
-8168
-7933
-7397
-6699
-5841
-4748
-3445
-2192
-1230
-548
89
839
1653
2426
3155
3916
4724
5569
6426
7227
7750
7784
7308
6466
5268
3533
1189
-1460
-3932
-5979
-7659
-9037
-9974
-10278
-9914
-8998
-7638
-5933
-4065
-2315
-865
301
1288
2067
2486
2493
2255
1985
1726
1454
1249
1258
1413
1441
1175
779
474
213
-244
-960
-1718
-2325
-2835
-3404
-4000
-4427
-4547
-4425
-4154
-3729
-3076
-2255
-1423
-685
33
820
1625
2305
2845
3422
4216
5236
6315
7280
8045
8641
9101
9363
9205
8413
7003
5264
3491
1730
-155
-2195
-4183
-5844
-7032
-7742
-7993
-7828
-7341
-6669
-5836
-4791
-3532
-2260
-1206
-412
300
1068
1822
2418
2874
3396
4119
4995
5861
6625
7211
7514
7408
6882
5973
4632
2731
312
-2285
-4668
-6696
-8418
-9726
-10315
-10024
-9077
-7821
-6387
-4715
-2891
-1189
170
1208
2022
2589
2797
2644
2303
1972
1741
1569
1399
1207
1037
924
864
762
482
-34
-686
-1301
-1827
-2365
-3001
-3630
-4058
-4220
-4231
-4159
-3903
-3318
-2474
-1600
-833
-84
736
1518
2070
2413
2804
3458
4361
5344
6281
7098
7761
8278
8709
8976
8805
7917
6375
4555
2775
1013
-906
-2957
-4859
-6324
-7269
-7737
-7771
-7416
-6812
-6077
-5205
-4100
-2844
-1700
-876
-262
397
1180
1908
2435
2892
3513
4364
5260
6050
6714
7247
7472
7196
6399
5219
3696
1732
-667
-3214
-5506
-7327
-8675
-9574
-9940
-9673
-8777
-7379
-5670
-3875
-2191
-722
541
1586
2306
2575
2426
2081
1767
1565
1415
1263
1098
945
821
750
707
587
265
-273
-894
-1454
-1948
-2483
-3099
-3681
-4046
-4138
-4029
-3794
-3390
-2766
-1975
-1158
-365
426
1195
1818
2234
2535
2872
3307
3836
4509
5356
6276
7058
7627
8066
8408
8411
7765
6451
4803
3140
1463
-404
-2443
-4343
-5789
-6716
-7247
-7452
-7317
-6840
-6102
-5144
-3972
-2659
-1460
-607
-79
402
1027
1683
2155
2458
2875
3605
4579
5561
6407
7025
7281
7021
6261
5151
3752
1944
-344
-2877
-5224
-7083
-8420
-9273
-9570
-9216
-8263
-6889
-5259
-3502
-1826
-470
496
1245
1905
2333
2292
1834
1327
1050
952
849
752
774
889
899
716
439
168
-175
-703
-1377
-2041
-2613
-3121
-3556
-3836
-3918
-3863
-3701
-3349
-2719
-1903
-1090
-389
254
875
1411
1764
1950
2095
2350
2833
3587
4563
5587
6484
7195
7811
8355
8638
8336
7325
5826
4194
2565
809
-1179
-3230
-4993
-6243
-6983
-7310
-7251
-6839
-6175
-5387
-4465
-3374
-2212
-1226
-529
6
564
1144
1627
2030
2509
3177
3960
4791
5668
6543
7140
7168
6603
5664
4438
2753
509
-1996
-4256
-6032
-7437
-8570
-9245
-9201
-8443
-7240
-5825
-4266
-2621
-1095
106
954
1564
1961
2041
1784
1378
1071
918
824
742
761
914
1090
1120
963
661
232
-336
-989
-1615
-2178
-2739
-3318
-3778
-3958
-3837
-3528
-3099
-2537
-1864
-1210
-652
-118
507
1134
1532
1612
1585
1721
2075
2550
3146
3979
5013
6009
6773
7389
7975
8370
8195
7285
5871
4301
2690
942
-966
-2876
-4575
-5927
-6822
-7162
-6972
-6497
-5993
-5475
-4706
-3576
-2314
-1308
-668
-168
437
1115
1671
2077
2527
3200
4013
4768
5367
5865
6242
6339
5987
5182
4010
2514
681
-1407
-3524
-5418
-6924
-7949
-8417
-8323
-7779
-6935
-5836
-4468
-2926
-1480
-363
414
997
1450
1699
1688
1501
1283
1095
945
862
911
1063
1187
1160
985
718
366
-119
-710
-1287
-1771
-2211
-2689
-3138
-3380
-3313
-3024
-2666
-2308
-1908
-1440
-917
-391
95
487
758
928
1057
1188
1373
1731
2412
3459
4691
5831
6721
7432
8070
8548
8572
7929
6705
5209
3648
1978
75
-1975
-3858
-5294
-6239
-6813
-7073
-6983
-6548
-5890
-5098
-4159
-3048
-1915
-993
-378
78
564
1111
1636
2115
2648
3308
4091
4927
5738
6365
6617
6405
5833
5003
3825
2122
-38
-2272
-4212
-5793
-7118
-8111
-8509
-8207
-7431
-6464
-5352
-4005
-2530
-1224
-270
427
990
1341
1348
1121
978
1069
1239
1267
1178
1148
1242
1334
1313
1168
889
395
-313
-1044
-1594
-1978
-2380
-2848
-3202
-3283
-3167
-3024
-2859
-2521
-1968
-1345
-822
-402
-13
364
669
899
1108
1346
1623
2001
2622
3554
4677
5739
6611
7337
7999
8493
8565
8007
6850
5296
3548
1693
-228
-2111
-3804
-5201
-6264
-6937
-7141
-6873
-6303
-5632
-4916
-4029
-2927
-1783
-876
-283
157
637
1178
1693
2175
2707
3343
4028
4725
5426
6082
6482
6421
5878
4985
3788
2203
234
-1869
-3776
-5340
-6589
-7523
-8034
-8028
-7517
-6578
-5301
-3840
-2430
-1277
-409
285
891
1370
1626
1627
1435
1174
981
970
1117
1267
1250
1081
919
858
765
435
-149
-781
-1278
-1678
-2129
-2653
-3099
-3339
-3393
-3336
-3143
-2753
-2213
-1689
-1264
-869
-403
83
471
727
945
1198
1469
1753
2151
2809
3736
4781
5746
6547
7198
7743
8123
8158
7623
6452
4842
3104
1393
-353
-2179
-3923
-5319
-6237
-6705
-6785
-6499
-5942
-5268
-4562
-3731
-2705
-1609
-735
-204
137
537
1045
1527
1907
2287
2842
3596
4428
5172
5744
6092
6163
5865
5128
3944
2384
561
-1407
-3393
-5239
-6753
-7768
-8219
-8151
-7644
-6765
-5582
-4215
-2819
-1541
-467
367
975
1373
1558
1515
1298
1061
967
1065
1232
1296
1177
965
806
763
735
569
190
-350
-949
-1541
-2092
-2582
-2991
-3313
-3520
-3554
-3369
-3007
-2553
-2068
-1528
-914
-263
312
747
1061
1331
1576
1745
1824
1947
2356
3179
4282
5341
6147
6750
7331
7879
8127
7771
6750
5268
3609
1936
247
-1513
-3289
-4845
-5917
-6431
-6542
-6431
-6150
-5636
-4863
-3861
-2754
-1732
-999
-567
-234
215
762
1220
1527
1840
2347
3062
3910
4823
5708
6315
6414
6044
5473
4776
3661
1840
-492
-2755
-4549
-5933
-7117
-8037
-8409
-8093
-7254
-6134
-4846
-3437
-2046
-850
101
878
1464
1722
1619
1387
1314
1419
1494
1416
1316
1337
1430
1435
1321
1144
881
416
-254
-957
-1545
-2061
-2633
-3249
-3734
-3934
-3849
-3578
-3192
-2701
-2115
-1449
-732
-7
634
1111
1392
1522
1553
1535
1509
1528
1646
1925
2447
3246
4260
5312
6237
6964
7512
7838
7771
7114
5861
4239
2513
784
-961
-2645
-4088
-5171
-5920
-6351
-6389
-6007
-5374
-4687
-3965
-3079
-2065
-1169
-595
-235
165
691
1191
1541
1844
2290
2946
3726
4567
5417
6129
6435
6211
5605
4818
3782
2232
131
-2148
-4140
-5695
-6937
-7917
-8459
-8377
-7687
-6574
-5210
-3731
-2296
-1079
-140
608
1264
1774
1988
1881
1654
1565
1648
1726
1626
1379
1133
999
950
881
657
203
-439
-1118
-1708
-2208
-2678
-3114
-3424
-3528
-3429
-3184
-2850
-2475
-2080
-1655
-1148
-539
111
656
994
1138
1210
1292
1352
1320
1232
1257
1570
2244
3217
4334
5371
6175
6760
7258
7651
7662
6982
5624
3941
2273
672
-983
-2677
-4200
-5350
-6079
-6419
-6396
-6065
-5549
-4918
-4129
-3123
-2048
-1158
-576
-150
320
858
1351
1749
2137
2581
3070
3586
4224
5013
5766
6133
5956
5371
4558
3442
1828
-227
-2354
-4212
-5763
-7085
-8085
-8520
-8303
-7585
-6548
-5228
-3646
-1977
-500
633
1456
2043
2369
2388
2161
1854
1602
1425
1284
1139
988
843
744
698
649
479
124
-353
-834
-1283
-1766
-2310
-2827
-3183
-3354
-3407
-3376
-3193
-2794
-2232
-1636
-1065
-484
137
693
1049
1191
1274
1410
1540
1525
1367
1253
1377
1817
2552
3522
4567
5473
6118
6605
7061
7362
7145
6201
4730
3135
1624
122
-1450
-2992
-4323
-5352
-6030
-6268
-6021
-5452
-4814
-4191
-3417
-2386
-1277
-432
39
344
734
1206
1567
1760
1963
2379
2970
3558
4038
4449
4772
4876
4634
4059
3195
2014
499
-1213
-2875
-4327
-5543
-6488
-7026
-7056
-6629
-5887
-4909
-3735
-2489
-1381
-514
200
869
1418
1665
1585
1372
1207
1072
898
752
782
937
982
779
475
278
165
-75
-531
-1058
-1492
-1834
-2186
-2547
-2809
-2891
-2826
-2680
-2459
-2132
-1721
-1296
-892
-467
1
451
775
956
1052
1121
1164
1176
1174
1162
1143
1206
1553
2309
3347
4340
5065
5577
6082
6610
6901
6605
5632
4245
2804
1436
10
-1570
-3142
-4400
-5180
-5544
-5619
-5426
-4953
-4259
-3460
-2585
-1633
-698
14
413
624
841
1094
1286
1406
1576
1907
2360
2853
3354
3866
4275
4409
4181
3648
2872
1812
425
-1177
-2748
-4102
-5207
-6063
-6570
-6606
-6174
-5406
-4418
-3270
-2066
-1001
-207
363
854
1283
1530
1506
1298
1080
941
861
778
682
581
496
441
428
396
244
-86
-524
-930
-1241
-1519
-1845
-2191
-2433
-2487
-2402
-2303
-2245
-2153
-1922
-1537
-1089
-666
-291
58
383
674
896
1004
969
844
737
714
770
929
1324
2060
3044
4003
4758
5360
5971
6568
6874
6582
5659
4369
3002
1632
175
-1363
-2808
-3966
-4764
-5197
-5252
-4949
-4434
-3865
-3268
-2534
-1663
-852
-347
-160
-95
32
224
397
566
838
1294
1892
2574
3301
4020
4576
4826
4739
4377
3727
2682
1229
-442
-2066
-3505
-4749
-5755
-6392
-6565
-6304
-5701
-4808
-3685
-2475
-1366
-457
256
778
1049
1055
909
771
686
590
485
475
609
756
774
713
757
912
955
702
249
-189
-571
-1030
-1613
-2171
-2555
-2791
-2984
-3116
-3054
-2734
-2248
-1728
-1213
-679
-145
328
684
924
1038
1028
928
814
722
626
525
523
802
1459
2421
3475
4428
5209
5872
6467
6898
6910
6284
5074
3604
2182
843
-566
-2074
-3448
-4418
-4929
-5103
-5018
-4657
-4048
-3341
-2643
-1933
-1187
-560
-234
-191
-190
-59
144
314
508
893
1495
2192
2879
3571
4221
4643
4670
4342
3784
2977
1779
198
-1497
-2996
-4197
-5167
-5911
-6296
-6210
-5704
-4930
-3995
-2950
-1889
-961
-264
250
666
985
1130
1080
923
766
657
600
631
771
971
1117
1154
1107
1007
797
401
-145
-700
-1152
-1531
-1940
-2415
-2862
-3141
-3177
-3001
-2702
-2351
-1956
-1486
-930
-355
153
548
861
1120
1312
1389
1347
1217
1046
875
786
898
1292
1958
2804
3716
4568
5287
5872
6363
6684
6617
5967
4787
3365
1962
617
-759
-2153
-3391
-4277
-4729
-4771
-4498
-4044
-3551
-3052
-2476
-1769
-1066
-586
-419
-408
-337
-133
122
357
623
1013
1561
2213
2921
3627
4222
4542
4522
4242
3784
3068
1953
490
-1048
-2434
-3658
-4774
-5676
-6159
-6163
-5809
-5203
-4343
-3283
-2238
-1406
-749
-102
533
942
1004
883
838
931
1025
1032
999
1021
1108
1224
1302
1262
1023
587
49
-485
-976
-1450
-1929
-2400
-2818
-3125
-3257
-3178
-2919
-2571
-2200
-1789
-1273
-658
-46
451
822
1110
1321
1387
1285
1097
950
868
775
637
561
717
1187
1935
2865
3862
4775
5487
5995
6364
6526
6257
5396
4078
2630
1276
7
-1250
-2444
-3419
-4055
-4328
-4266
-3932
-3438
-2931
-2468
-2005
-1481
-982
-657
-557
-532
-416
-202
11
219
564
1140
1888
2666
3404
4067
4582
4846
4819
4494
3814
2703
1210
-442
-2010
-3380
-4551
-5488
-6094
-6291
-6091
-5537
-4663
-3548
-2387
-1393
-628
29
665
1179
1387
1291
1126
1105
1208
1244
1141
1011
999
1082
1138
1084
921
641
222
-298
-829
-1329
-1848
-2394
-2863
-3133
-3207
-3174
-3067
-2825
-2403
-1836
-1209
-596
-58
374
715
1025
1312
1506
1527
1404
1240
1087
894
620
345
215
326
674
1243
2023
2962
3920
4747
5374
5827
6101
6079
5599
4642
3398
2117
903
-287
-1467
-2523
-3307
-3771
-3941
-3851
-3549
-3152
-2761
-2377
-1908
-1366
-897
-648
-571
-497
-322
-90
133
396
804
1390
2063
2731
3331
3816
4098
4125
3918
3505
2826
1784
412
-1077
-2433
-3558
-4475
-5184
-5591
-5607
-5250
-4605
-3743
-2743
-1741
-889
-219
353
883
1280
1413
1303
1117
983
872
732
627
666
801
846
694
438
200
-36
-367
-802
-1252
-1653
-2008
-2317
-2535
-2631
-2620
-2516
-2299
-1950
-1497
-1007
-522
-45
424
837
1121
1237
1224
1146
1035
851
570
239
-33
-170
-187
-145
-44
218
768
1638
2699
3741
4602
5276
5844
6311
6506
6202
5351
4172
2959
1827
686
-539
-1738
-2706
-3339
-3665
-3732
-3557
-3198
-2802
-2463
-2150
-1771
-1357
-1029
-870
-818
-760
-626
-404
-100
293
767
1319
1938
2608
3261
3788
4075
4077
3800
3248
2391
1237
-100
-1440
-2657
-3711
-4565
-5125
-5308
-5134
-4693
-4054
-3242
-2318
-1393
-574
100
617
945
1046
958
801
679
611
554
489
426
375
322
277
259
258
197
4
-312
-666
-986
-1276
-1571
-1863
-2080
-2161
-2101
-1947
-1746
-1524
-1281
-995
-635
-216
179
462
625
724
798
824
789
724
656
543
349
126
10
81
312
648
1100
1731
2549
3467
4349
5102
5679
6057
6187
6004
5462
4574
3436
2185
935
-257
-1362
-2339
-3119
-3633
-3831
-3721
-3391
-2996
-2653
-2360
-2026
-1621
-1230
-977
-863
-775
-602
-337
-29
298
653
1057
1519
2049
2600
3064
3312
3311
3113
2754
2179
1322
230
-935
-2011
-2926
-3660
-4183
-4455
-4476
-4270
-3839
-3169
-2319
-1440
-681
-75
427
845
1127
1224
1175
1052
888
667
422
229
146
136
137
130
132
106
-21
-277
-592
-875
-1112
-1340
-1570
-1769
-1922
-2041
-2107
-2046
-1819
-1488
-1148
-824
-470
-75
288
556
732
848
900
880
807
708
565
377
190
75
45
73
183
465
1005
1796
2738
3686
4514
5157
5619
5902
5942
5619
4877
3812
2622
1461
357
-721
-1739
-2582
-3132
-3349
-3275
-2995
-2635
-2317
-2087
-1851
-1510
-1107
-831
-791
-897
-960
-906
-788
-646
-431
-81
379
893
1430
1981
2478
2817
2935
2853
2594
2112
1354
378
-644
-1545
-2281
-2888
-3375
-3679
-3722
-3481
-2998
-2359
-1679
-1077
-608
-231
140
493
697
652
435
235
146
93
-21
-169
-260
-247
-159
-21
139
243
199
5
-239
-449
-650
-919
-1259
-1576
-1779
-1861
-1869
-1819
-1674
-1407
-1058
-704
-391
-121
111
292
412
477
510
514
489
423
308
148
-5
-76
-17
150
387
719
1229
1966
2860
3757
4514
5079
5476
5736
5810
5582
4957
3980
2829
1676
558
-569
-1681
-2623
-3243
-3523
-3561
-3464
-3280
-3037
-2738
-2379
-1962
-1571
-1319
-1248
-1252
-1202
-1070
-924
-775
-527
-94
497
1138
1775
2393
2937
3290
3398
3313
3099
2700
2011
1044
-29
-1030
-1907
-2682
-3322
-3726
-3846
-3724
-3418
-2937
-2314
-1661
-1106
-658
-254
105
310
321
259
289
427
536
526
435
356
312
280
253
244
217
106
-109
-367
-603
-823
-1078
-1375
-1651
-1838
-1909
-1882
-1786
-1651
-1497
-1310
-1057
-734
-401
-140
32
170
318
443
486
438
365
321
299
262
217
212
292
448
658
944
1377
2005
2777
3553
4198
4676
5021
5255
5301
5027
4358
3377
2283
1236
257
-714
-1662
-2463
-3002
-3280
-3379
-3346
-3167
-2860
-2503
-2187
-1928
-1702
-1497
-1333
-1191
-1027
-822
-598
-360
-49
392
949
1536
2087
2565
2943
3164
3201
3058
2739
2207
1441
508
-462
-1370
-2199
-2947
-3550
-3905
-3960
-3741
-3312
-2738
-2095
-1462
-883
-349
145
531
714
685
557
457
417
388
340
291
258
225
188
170
179
153
21
-210
-466
-712
-979
-1279
-1559
-1763
-1903
-2007
-2049
-1975
-1787
-1547
-1291
-991
-633
-264
44
277
473
654
782
814
753
659
574
501
432
397
422
492
574
679
872
1204
1670
2240
2874
3493
3989
4293
4435
4454
4302
3878
3171
2301
1422
584
-249
-1082
-1817
-2327
-2575
-2635
-2608
-2523
-2361
-2119
-1848
-1594
-1391
-1256
-1208
-1215
-1190
-1053
-815
-550
-293
12
441
989
1577
2103
2515
2794
2941
2963
2857
2579
2061
1290
366
-544
-1330
-1986
-2546
-2983
-3225
-3229
-3018
-2647
-2169
-1635
-1113
-653
-268
50
283
397
394
330
269
237
221
201
173
141
120
115
118
92
-3
-182
-425
-705
-999
-1290
-1562
-1807
-2019
-2165
-2192
-2085
-1891
-1675
-1446
-1166
-824
-468
-159
93
316
525
697
812
875
901
887
823
725
634
564
497
425
385
433
593
867
1275
1844
2526
3178
3666
3979
4200
4350
4316
3954
3258
2381
1492
658
-143
-920
-1619
-2160
-2497
-2630
-2592
-2441
-2236
-2014
-1777
-1534
-1324
-1203
-1166
-1154
-1103
-1005
-878
-700
-410
20
542
1100
1684
2295
2848
3210
3318
3238
3036
2674
2061
1214
282
-588
-1357
-2044
-2624
-3031
-3228
-3232
-3049
-2666
-2122
-1553
-1094
-764
-461
-122
191
361
365
300
262
251
192
56
-98
-182
-171
-110
-69
-88
-171
-302
-464
-663
-919
-1236
-1563
-1813
-1932
-1945
-1918
-1873
-1758
-1520
-1181
-811
-456
-118
193
432
590
713
845
933
885
691
467
321
238
115
-79
-257
-306
-204
-5
243
557
994
1590
2312
3040
3636
4041
4304
4468
4473
4193
3591
2787
1955
1174
415
-357
-1104
-1743
-2208
-2470
-2541
-2469
-2330
-2172
-1988
-1755
-1513
-1351
-1329
-1396
-1441
-1367
-1164
-882
-553
-173
279
790
1340
1915
2490
2972
3243
3256
3080
2784
2329
1623
693
-274
-1098
-1764
-2346
-2831
-3087
-3039
-2769
-2411
-2005
-1532
-1034
-614
-322
-111
54
133
68
-109
-288
-397
-452
-503
-543
-517
-393
-216
-61
23
37
-10
-122
-308
-559
-836
-1093
-1305
-1469
-1593
-1672
-1686
-1610
-1437
-1189
-904
-613
-329
-67
146
273
307
276
231
200
182
161
141
128
121
102
78
85
170
341
566
796
1018
1274
1634
2132
2711
3253
3668
3960
4172
4297
4233
3881
3248
2458
1644
853
68
-707
-1402
-1937
-2278
-2441
-2449
-2341
-2179
-2037
-1923
-1779
-1561
-1327
-1183
-1163
-1164
-1066
-854
-605
-357
-57
354
857
1367
1830
2221
2513
2659
2643
2491
2213
1772
1145
402
-334
-995
-1590
-2128
-2548
-2772
-2798
-2684
-2472
-2165
-1793
-1429
-1128
-866
-601
-372
-271
-317
-417
-458
-414
-335
-268
-239
-242
-243
-187
-68
42
59
-16
-120
-222
-370
-604
-887
-1136
-1315
-1450
-1570
-1660
-1681
-1620
-1493
-1312
-1078
-806
-532
-283
-58
150
328
442
488
498
521
570
619
629
587
505
418
371
404
523
701
925
1232
1684
2280
2916
3451
3830
4105
4327
4432
4283
3814
3114
2342
1580
809
11
-755
-1386
-1834
-2108
-2225
-2177
-1990
-1767
-1615
-1549
-1475
-1335
-1193
-1163
-1239
-1304
-1260
-1126
-956
-737
-414
38
595
1231
1892
2477
2867
3028
2999
2813
2430
1806
978
79
-750
-1450
-2043
-2539
-2886
-3010
-2907
-2647
-2303
-1916
-1524
-1172
-871
-613
-423
-367
-453
-586
-667
-689
-706
-709
-638
-466
-249
-41
148
322
437
437
313
105
-159
-487
-883
-1297
-1655
-1918
-2097
-2212
-2252
-2191
-2015
-1735
-1380
-994
-627
-317
-61
172
402
598
701
688
605
520
461
407
351
316
334
398
484
583
702
847
1024
1260
1596
2040
2540
3016
3418
3745
4001
4147
4097
3784
3225
2536
1846
1206
569
-114
-796
-1354
-1703
-1862
-1905
-1901
-1891
-1893
-1877
-1812
-1717
-1690
-1783
-1926
-1974
-1862
-1626
-1319
-927
-406
236
942
1650
2318
2873
3213
3276
3114
2827
2445
1885
1097
186
-650
-1306
-1821
-2258
-2588
-2746
-2715
-2532
-2232
-1864
-1519
-1285
-1160
-1055
-914
-774
-711
-741
-799
-803
-707
-529
-316
-116
71
266
471
620
626
467
212
-62
-348
-693
-1111
-1535
-1868
-2061
-2137
-2154
-2132
-2040
-1834
-1524
-1169
-827
-518
-235
18
230
391
485
491
420
341
335
408
476
466
409
395
452
504
492
463
522
713
995
1329
1737
2257
2850
3408
3833
4110
4264
4278
4067
3580
2879
2118
1395
696
-39
-778
-1399
-1810
-2033
-2151
-2196
-2164
-2080
-2021
-2012
-2010
-1975
-1952
-1987
-2038
-1993
-1800
-1498
-1125
-647
-11
754
1537
2227
2787
3207
3454
3469
3235
2793
2202
1477
636
-248
-1042
-1660
-2104
-2411
-2572
-2542
-2335
-2050
-1796
-1596
-1412
-1220
-1066
-1004
-1018
-1023
-957
-839
-729
-638
-498
-253
69
363
551
636
676
686
614
400
54
-343
-716
-1062
-1413
-1756
-2013
-2126
-2112
-2044
-1961
-1839
-1634
-1339
-996
-661
-380
-159
24
203
380
523
601
625
641
686
756
824
873
910
932
921
857
752
639
561
544
609
779
1078
1510
2042
2600
3091
3470
3746
3931
3964
3743
3233
2541
1827
1172
545
-90
-692
-1178
-1514
-1720
-1820
-1823
-1771
-1764
-1859
-2016
-2134
-2186
-2241
-2353
-2444
-2365
-2035
-1518
-933
-325
340
1097
1894
2621
3162
3460
3513
3348
2990
2453
1754
944
109
-650
-1274
-1747
-2076
-2255
-2276
-2166
-1991
-1827
-1710
-1638
-1591
-1563
-1545
-1530
-1505
-1459
-1366
-1190
-922
-579
-201
174
495
713
811
816
751
599
332
-35
-443
-835
-1191
-1515
-1800
-2020
-2132
-2108
-1967
-1767
-1560
-1362
-1157
-935
-700
-457
-207
42
267
460
634
798
929
993
994
972
952
915
835
722
619
550
505
452
383
322
324
439
691
1077
1593
2217
2875
3445
3841
4070
4175
4142
3882
3342
2588
1769
995
290
-361
-934
-1369
-1628
-1733
-1753
-1762
-1814
-1923
-2075
-2234
-2388
-2526
-2631
-2645
-2497
-2144
-1604
-927
-159
665
1496
2249
2842
3233
3421
3403
3163
2711
2113
1453
780
95
-578
-1169
-1592
-1827
-1926
-1956
-1949
-1915
-1871
-1842
-1844
-1877
-1933
-1982
-1985
-1910
-1762
-1560
-1302
-977
-581
-151
247
540
689
706
638
514
321
39
-315
-688
-1024
-1287
-1461
-1553
-1592
-1617
-1638
-1632
-1560
-1417
-1242
-1086
-967
-858
-711
-507
-266
-30
182
375
560
726
851
926
962
968
938
868
766
662
576
518
474
420
347
293
321
465
704
1018
1438
2013
2702
3347
3781
3961
3974
3896
3697
3283
2632
1847
1085
441
-79
-504
-848
-1106
-1278
-1374
-1427
-1490
-1636
-1899
-2230
-2510
-2656
-2670
-2609
-2471
-2183
-1675
-969
-154
676
1454
2123
2634
2965
3118
3093
2874
2467
1929
1358
819
329
-140
-584
-968
-1256
-1466
-1646
-1822
-1979
-2102
-2210
-2321
-2415
-2442
-2380
-2248
-2067
-1816
-1468
-1048
-625
-260
38
280
457
542
526
433
296
129
-69
-297
-542
-779
-985
-1142
-1246
-1309
-1356
-1399
-1429
-1422
-1380
-1330
-1289
-1216
-1055
-801
-525
-294
-106
84
293
494
645
732
765
773
781
788
766
696
595
513
465
428
370
304
281
343
485
686
949
1317
1827
2455
3098
3623
3946
4072
4039
3849
3464
2860
2091
1271
525
-63
-462
-702
-858
-993
-1125
-1238
-1350
-1518
-1793
-2149
-2507
-2781
-2923
-2899
-2684
-2274
-1692
-970
-143
719
1512
2140
2566
2784
2807
2660
2401
2082
1726
1331
918
522
167
-155
-459
-764
-1092
-1459
-1842
-2174
-2414
-2575
-2702
-2789
-2774
-2609
-2312
-1941
-1540
-1134
-743
-403
-137
42
146
205
262
329
381
379
310
183
20
-158
-337
-528
-757
-1026
-1292
-1499
-1629
-1689
-1681
-1592
-1434
-1259
-1108
-968
-794
-570
-331
-124
40
177
303
421
529
619
686
739
788
826
821
761
675
608
548
448
300
179
178
315
533
787
1101
1535
2095
2715
3299
3759
4020
4037
3833
3493
3089
2600
1974
1255
607
168
-74
-251
-468
-735
-1012
-1280
-1560
-1882
-2268
-2688
-3061
-3264
-3216
-2906
-2400
-1777
-1095
-373
369
1080
1671
2055
2218
2224
2167
2076
1936
1742
1540
1355
1161
900
554
143
-320
-848
-1427
-1995
-2472
-2813
-3006
-3038
-2914
-2676
-2403
-2132
-1846
-1527
-1222
-1004
-881
-771
-594
-360
-133
52
229
428
617
722
698
553
319
15
-335
-685
-987
-1223
-1396
-1509
-1554
-1536
-1489
-1440
-1383
-1287
-1144
-992
-875
-787
-671
-482
-224
54
309
525
716
892
1027
1073
1011
900
825
820
826
779
682
589
521
460
400
386
469
657
936
1318
1838
2487
3164
3712
4016
4057
3892
3586
3164
2617
1963
1280
691
283
44
-112
-272
-475
-727
-1028
-1392
-1815
-2272
-2706
-3053
-3239
-3210
-2943
-2466
-1840
-1141
-436
225
809
1289
1634
1827
1881
1867
1856
1870
1862
1782
1623
1414
1150
784
277
-338
-990
-1616
-2177
-2626
-2898
-2971
-2896
-2767
-2636
-2473
-2229
-1930
-1683
-1561
-1502
-1358
-1065
-690
-334
-11
309
609
815
888
844
711
480
150
-228
-565
-808
-972
-1098
-1205
-1290
-1355
-1416
-1482
-1535
-1561
-1568
-1566
-1522
-1373
-1086
-711
-328
25
361
688
960
1101
1086
975
874
840
843
816
758
727
771
854
895
827
656
452
314
308
425
624
917
1376
2034
2796
3486
3957
4147
4062
3753
3302
2771
2182
1551
961
531
312
229
140
-47
-350
-757
-1261
-1824
-2372
-2833
-3171
-3345
-3295
-2973
-2427
-1775
-1134
-563
-75
329
645
872
1035
1178
1352
1570
1806
2013
2140
2119
1899
1476
912
268
-415
-1094
-1692
-2130
-2383
-2471
-2429
-2305
-2171
-2089
-2075
-2097
-2115
-2105
-2045
-1904
-1658
-1307
-887
-453
-55
274
517
643
634
503
311
112
-68
-228
-354
-444
-521
-622
-766
-938
-1116
-1283
-1429
-1549
-1631
-1648
-1566
-1370
-1095
-805
-545
-318
-108
87
250
369
459
547
652
770
881
968
1012
998
924
815
706
624
559
495
429
396
440
591
841
1152
1488
1850
2279
2791
3306
3654
3697
3445
3058
2699
2395
2044
1584
1095
728
531
405
215
-89
-479
-921
-1392
-1862
-2284
-2615
-2815
-2849
-2698
-2395
-1998
-1562
-1125
-708
-312
71
434
754
1020
1268
1531
1794
1992
2065
1986
1769
1442
1048
613
151
-343
-844
-1291
-1620
-1818
-1941
-2050
-2162
-2239
-2257
-2245
-2266
-2331
-2356
-2218
-1876
-1425
-1004
-669
-365
-53
217
348
330
256
217
211
178
92
-12
-97
-178
-295
-457
-644
-842
-1061
-1295
-1497
-1611
-1626
-1582
-1513
-1414
-1264
-1072
-866
-658
-436
-188
71
311
510
662
770
846
900
928
909
829
722
652
658
708
745
741
714
693
701
747
834
961
1131
1356
1665
2080
2583
3068
3368
3364
3090
2721
2396
2113
1783
1391
1031
798
665
519
260
-122
-583
-1088
-1613
-2108
-2487
-2680
-2675
-2520
-2260
-1928
-1553
-1184
-857
-568
-282
15
304
574
847
1148
1452
1683
1772
1714
1540
1287
963
584
174
-236
-633
-999
-1297
-1501
-1642
-1787
-1975
-2162
-2268
-2266
-2198
-2113
-1994
-1790
-1492
-1161
-871
-634
-422
-224
-67
32
99
176
270
350
391
391
347
236
47
-192
-429
-637
-825
-999
-1137
-1216
-1247
-1262
-1274
-1262
-1202
-1099
-981
-858
-709
-518
-293
-68
138
319
480
611
697
735
739
738
755
790
834
875
915
953
970
936
848
731
625
564
579
690
893
1161
1482
1875
2343
2793
3058
3031
2766
2429
2128
1854
1553
1252
1035
928
848
683
388
-4
-449
-931
-1430
-1895
-2243
-2417
-2404
-2252
-2030
-1805
-1595
-1386
-1159
-912
-646
-356
-42
283
596
883
1128
1302
1379
1356
1245
1058
805
516
226
-45
-305
-564
-817
-1048
-1249
-1420
-1561
-1681
-1800
-1921
-2002
-1985
-1870
-1729
-1622
-1520
-1345
-1081
-801
-585
-429
-265
-60
149
303
396
460
508
500
393
194
-37
-247
-422
-578
-725
-860
-963
-1019
-1019
-981
-935
-904
-879
-829
-725
-564
-374
-190
-35
94
218
343
455
535
593
655
733
812
865
882
872
845
808
770
737
713
689
660
633
628
665
759
912
1118
1369
1664
1998
2330
2578
2639
2474
2141
1774
1479
1283
1143
1017
899
788
655
439
97
-357
-849
-1296
-1640
-1859
-1942
-1902
-1783
-1646
-1529
-1422
-1299
-1154
-997
-827
-631
-402
-152
97
313
467
533
513
430
300
125
-82
-287
-447
-562
-663
-777
-887
-957
-982
-995
-1025
-1058
-1057
-1017
-961
-905
-842
-766
-675
-554
-380
-168
14
106
123
133
176
226
243
220
179
138
88
18
-67
-144
-190
-198
-179
-152
-131
-116
-102
-90
-85
-79
-55
0
83
168
229
242
211
168
154
177
215
244
270
297
311
297
265
238
211
155
70
1
-16
-7
-32
-105
-164
-145
-56
26
50
42
65
134
217
284
338
389
424
418
380
346
347
378
414
440
464
496
527
525
464
361
260
191
144
90
27
-18
-29
-18
-9
-8
-9
-10
-12
-11
-2
6
-12
-60
-112
-128
-108
-87
-86
-84
-45
26
77
64
3
-55
-81
-97
-138
-209
-279
-327
-364
-412
-481
-552
-601
-611
-579
-514
-441
-387
-364
-363
-362
-355
-346
-345
-348
-354
-369
-397
-427
-436
-409
-361
-313
-277
-245
-211
-183
-174
-188
-211
-222
-204
-149
-65
30
110
161
188
211
243
277
297
295
282
278
287
292
272
216
133
36
-60
-139
-183
-187
-161
-134
-122
-117
-96
-54
-8
18
27
45
89
151
204
234
245
253
265
278
282
275
271
283
312
340
341
312
268
232
208
187
159
134
129
147
167
165
142
128
146
195
254
307
352
386
398
378
336
292
256
224
193
174
176
191
197
174
128
74
27
-14
-55
-95
-130
-159
-186
-220
-263
-310
-350
-373
-378
-369
-356
-346
-341
-336
-328
-320
-326
-350
-383
-407
-416
-422
-442
-474
-506
-520
-503
-455
-388
-320
-259
-204
-155
-119
-98
-80
-48
-3
45
89
139
200
262
307
326
330
332
333
318
273
199
118
52
3
-49
-115
-178
-206
-189
-156
-145
-161
-169
-143
-98
-72
-78
-88
-71
-32
5
28
53
85
113
120
117
126
151
171
165
139
116
107
99
74
37
10
8
26
53
76
91
92
81
67
66
88
123
153
167
168
167
172
178
176
159
132
111
114
139
164
162
131
92
66
49
30
7
-2
12
34
43
36
25
20
19
18
18
16
9
-4
-21
-38
-62
-99
-142
-173
-182
-176
-175
-184
-195
-192
-171
-146
-127
-116
-102
-78
-41
-3
16
5
-30
-61
-67
-45
-10
28
69
120
175
219
235
221
188
148
110
79
58
49
56
97
205
391
589
667
512
142
-290
-609
-747
-767
-767
-770
-725
-603
-462
-400
-434
-466
-381
-177
32
136
134
109
126
171
201
208
223
272
342
394
394
326
199
46
-87
-167
-193
-189
-174
-149
-105
-46
7
32
27
12
6
9
13
13
8
2
1
11
18
-4
-63
-114
-91
21
153
215
181
106
58
55
66
63
44
28
29
50
81
114
157
225
302
343
316
241
165
119
106
117
144
170
172
149
126
120
112
70
2
-34
5
93
158
159
130
131
172
192
133
11
-91
-110
-64
-30
-55
-121
-184
-226
-264
-310
-350
-352
-308
-251
-227
-256
-308
-324
-272
-176
-89
-43
-33
-32
-29
-33
-59
-107
-163
-203
-204
-167
-113
-75
-73
-110
-173
-244
-312
-359
-370
-337
-264
-172
-89
-36
-18
-24
-39
-47
-29
18
78
121
124
99
77
82
108
130
128
106
84
81
101
128
137
114
73
41
34
52
87
135
187
235
275
316
365
415
448
455
445
436
436
441
447
451
449
438
410
369
323
283
251
221
191
169
163
169
178
173
144
90
31
-10
-27
-39
-62
-82
-70
-22
29
45
16
-30
-61
-65
-53
-44
-42
-39
-31
-25
-36
-74
-129
-182
-221
-244
-261
-272
-276
-277
-291
-334
-403
-472
-511
-507
-469
-416
-360
-312
-284
-283
-304
-328
-337
-325
-297
-261
-220
-166
-99
-33
5
-1
-39
-77
-93
-89
-79
-67
-47
-23
-8
-13
-33
-56
-72
-76
-73
-65
-52
-33
-3
36
74
93
87
69
64
87
117
122
93
56
49
84
141
193
226
240
245
242
231
216
205
209
234
274
324
379
437
488
520
527
519
516
523
530
527
520
521
531
540
536
512
466
402
330
264
209
163
121
83
50
24
-1
-27
-52
-74
-95
-117
-144
-172
-189
-187
-170
-147
-128
-115
-103
-89
-76
-75
-91
-124
-168
-213
-253
-280
-294
-299
-304
-318
-343
-378
-421
-469
-512
-537
-535
-509
-468
-428
-404
-395
-394
-392
-387
-377
-355
-313
-254
-192
-142
-107
-78
-49
-27
-16
-18
-21
-18
-11
-6
-13
-30
-47
-52
-45
-35
-32
-33
-25
-6
16
25
22
18
29
56
89
110
113
103
95
95
102
107
112
127
165
228
300
358
388
394
391
390
392
397
413
443
483
528
575
621
657
669
652
623
605
604
609
607
595
578
554
519
466
399
324
254
194
148
114
82
47
7
-33
-65
-87
-105
-125
-144
-152
-145
-125
-105
-95
-98
-111
-124
-134
-143
-161
-195
-240
-281
-304
-312
-315
-330
-362
-412
-471
-523
-559
-575
-579
-576
-566
-551
-536
-526
-519
-505
-484
-467
-459
-451
-423
-367
-301
-248
-215
-191
-170
-158
-158
-160
-153
-134
-113
-99
-90
-80
-70
-61
-53
-46
-41
-39
-34
-19
8
43
73
94
108
116
118
109
92
80
90
123
168
203
220
228
251
298
351
384
387
380
388
416
448
474
502
541
590
633
656
660
654
645
635
629
635
654
673
677
659
628
592
552
502
444
385
335
303
294
296
286
248
188
130
88
63
44
23
-3
-28
-50
-70
-94
-126
-160
-186
-199
-202
-207
-221
-240
-259
-279
-305
-336
-365
-380
-378
-365
-353
-351
-360
-376
-393
-406
-410
-408
-407
-411
-414
-410
-400
-393
-396
-407
-415
-413
-408
-407
-405
-392
-363
-329
-307
-303
-306
-303
-289
-271
-258
-250
-244
-237
-228
-219
-209
-195
-174
-150
-131
-119
-108
-88
-59
-36
-32
-45
-59
-55
-33
-3
21
36
51
79
124
172
201
199
177
159
161
177
196
217
247
282
318
354
399
449
489
507
514
535
579
631
673
707
735
749
734
697
666
656
655
638
603
574
567
568
548
500
445
406
381
351
309
268
238
210
173
130
96
76
58
30
-3
-29
-40
-45
-59
-88
-129
-173
-210
-236
-250
-257
-266
-284
-312
-340
-355
-354
-341
-329
-328
-336
-345
-347
-343
-343
-357
-382
-406
-413
-400
-375
-353
-346
-355
-372
-384
-389
-390
-394
-401
-404
-401
-394
-389
-386
-382
-371
-357
-341
-320
-286
-237
-185
-151
-144
-153
-162
-162
-161
-168
-178
-178
-158
-125
-93
-67
-38
-1
37
58
55
48
59
86
101
85
54
45
79
141
200
241
265
283
297
307
315
319
315
309
313
336
368
387
383
369
361
367
381
395
409
424
439
453
464
466
453
430
408
402
407
411
409
409
414
419
412
399
393
392
372
317
240
174
139
129
120
100
67
29
-13
-60
-111
-157
-189
-204
-207
-210
-218
-232
-248
-266
-283
-296
-304
-311
-320
-325
-318
-300
-281
-273
-276
-286
-297
-307
-312
-308
-297
-289
-293
-310
-332
-351
-364
-369
-367
-360
-346
-324
-292
-253
-219
-202
-204
-214
-217
-208
-194
-185
-178
-164
-134
-96
-67
-60
-70
-77
-67
-42
-19
-5
3
17
33
41
32
17
12
23
46
77
110
140
156
154
145
142
146
149
145
138
131
120
98
69
47
43
56
77
99
121
142
157
162
162
162
165
170
176
188
208
233
255
267
274
284
304
332
357
367
359
336
306
274
241
212
187
165
143
125
116
115
113
99
75
53
42
38
34
31
35
43
44
29
5
-14
-19
-15
-15
-29
-53
-71
-77
-73
-70
-79
-100
-128
-155
-179
-200
-216
-227
-229
-228
-231
-237
-237
-223
-201
-184
-174
-168
-161
-155
-158
-173
-200
-229
-248
-245
-219
-180
-145
-128
-127
-130
-127
-118
-106
-90
-72
-55
-51
-59
-69
-68
-59
-51
-48
-40
-20
2
11
4
-9
-14
-13
-13
-21
-31
-39
-40
-36
-26
-8
14
31
28
8
-14
-15
12
55
92
113
121
121
112
95
80
81
99
121
133
135
133
126
113
92
69
54
47
44
43
45
54
68
78
78
74
75
88
104
111
104
89
75
66
60
54
46
37
35
44
66
86
88
67
35
13
11
21
28
28
30
36
37
22
-7
-32
-41
-31
-15
-3
-3
-13
-26
-37
-46
-57
-68
-77
-80
-80
-80
-87
-105
-135
-168
-186
-175
-134
-86
-59
-62
-79
-90
-92
-95
-108
-116
-107
-84
-68
-71
-85
-93
-93
-93
-95
-94
-82
-62
-45
-39
-43
-50
-59
