-18
-28
-38
-47
-48
-40
-25
-12
-6
-11
-27
-50
-73
-82
-73
-47
-14
17
37
37
20
1
-5
0
3
-5
-12
-8
5
9
-3
-18
-22
-14
-7
-4
3
17
28
28
17
6
-3
-19
-45
-75
-91
-88
-70
-45
-15
15
40
52
46
25
-7
-37
-59
-67
-62
-48
-32
-15
4
29
55
73
69
42
3
-30
-44
-39
-24
-10
-1
4
12
21
25
19
5
-5
-1
12
24
31
38
44
41
20
-9
-25
-17
3
21
35
55
83
102
94
59
15
-22
-47
-58
-56
-44
-26
-10
6
22
38
48
49
45
39
25
0
-25
-37
-31
-19
-18
-21
-11
18
47
50
22
-16
-40
-48
-52
-61
-64
-48
-12
25
40
29
8
-6
-11
-14
-23
-28
-21
-1
22
40
47
42
25
2
-9
-1
14
19
8
-6
-8
3
16
20
18
13
10
6
-1
-11
-25
-36
-40
-35
-26
-19
-15
-7
6
14
7
-10
-23
-23
-21
-26
-35
-32
-13
12
22
17
5
-6
-17
-34
-50
-55
-41
-20
-9
-16
-35
-51
-53
-43
-31
-24
-20
-13
0
12
13
-3
-25
-39
-36
-21
-8
-8
-15
-18
-12
0
10
11
6
-1
-7
-12
-19
-29
-36
-37
-33
-30
-28
-23
-5
23
45
48
31
9
-7
-15
-21
-27
-31
-27
-15
6
35
65
83
85
80
75
73
64
46
26
15
12
9
1
-4
0
13
28
41
50
56
58
54
47
36
20
1
-15
-16
2
29
51
58
52
44
39
37
31
17
2
-7
-9
-9
-10
-15
-21
-26
-29
-28
-24
-21
-20
-20
-14
0
18
31
30
19
3
-13
-26
-37
-43
-43
-37
-26
-8
13
32
40
29
6
-21
-42
-54
-61
-64
-64
-57
-43
-27
-13
-6
-7
-12
-17
-21
-26
-31
-34
-36
-37
-40
-42
-41
-37
-32
-29
-26
-20
-13
-8
-4
2
6
1
-18
-43
-59
-57
-41
-25
-15
-13
-17
-21
-22
-16
-4
7
8
-3
-15
-18
-9
2
7
8
14
25
34
33
22
14
13
18
20
18
15
12
10
9
13
23
39
53
62
63
57
46
29
10
-6
-15
-17
-14
-6
5
19
31
40
45
47
48
48
48
46
41
34
25
14
0
-12
-18
-11
4
22
35
42
42
36
23
5
-12
-25
-30
-29
-21
-9
1
6
6
3
-1
-6
-12
-20
-26
-28
-25
-21
-18
-17
-15
-10
-2
3
2
-4
-10
-9
-2
4
7
7
7
10
12
14
17
23
29
28
19
7
3
9
22
36
49
62
69
65
45
16
-15
-38
-45
-28
9
49
72
69
51
36
34
39
40
32
19
5
-9
-24
-39
-51
-62
-70
-73
-69
-60
-53
-53
-58
-63
-68
-74
-84
-95
-108
-125
-148
-175
-197
-209
-210
-206
-200
-191
-175
-150
-120
-97
-89
-93
-98
-96
-87
-74
-56
-30
4
39
67
85
96
107
118
132
146
158
169
175
179
182
184
187
195
211
234
261
285
306
321
329
328
316
298
276
247
212
175
143
116
89
59
24
-14
-48
-75
-93
-108
-124
-145
-167
-182
-191
-196
-200
-205
-206
-204
-205
-214
-235
-267
-307
-353
-400
-442
-478
-506
-528
-539
-535
-513
-477
-430
-370
-298
-224
-167
-135
-122
-113
-99
-83
-66
-36
16
92
181
271
353
433
513
595
676
751
817
870
912
951
992
1025
1043
1041
1027
1004
962
891
795
688
577
448
293
118
-57
-214
-350
-470
-570
-641
-679
-701
-720
-739
-740
-715
-675
-641
-621
-611
-602
-591
-579
-565
-556
-557
-568
-569
-546
-503
-464
-448
-442
-422
-377
-323
-287
-276
-283
-294
-302
-300
-286
-261
-228
-188
-134
-56
46
161
271
361
425
466
498
538
603
703
840
1001
1156
1273
1346
1397
1440
1447
1361
1162
895
628
390
160
-88
-349
-583
-742
-800
-767
-686
-600
-521
-436
-336
-236
-170
-153
-167
-173
-146
-92
-31
35
129
259
416
575
723
841
904
890
802
652
445
176
-139
-457
-736
-958
-1123
-1230
-1270
-1248
-1190
-1121
-1045
-955
-857
-774
-727
-710
-711
-727
-760
-793
-794
-745
-654
-534
-383
-203
-20
130
227
279
297
280
223
151
118
189
390
688
1003
1265
1474
1681
1913
2101
2126
1930
1575
1182
812
451
69
-316
-652
-896
-1022
-1013
-882
-698
-547
-446
-330
-148
50
159
133
36
-41
-59
-21
69
216
394
567
737
951
1218
1453
1534
1427
1208
953
644
214
-342
-924
-1420
-1780
-2010
-2111
-2080
-1942
-1757
-1572
-1393
-1213
-1049
-951
-946
-1009
-1076
-1102
-1093
-1085
-1088
-1060
-945
-726
-446
-168
71
272
442
569
630
613
538
450
415
503
754
1131
1521
1823
2047
2293
2609
2893
2956
2703
2213
1654
1133
652
165
-337
-808
-1175
-1376
-1383
-1242
-1062
-940
-872
-757
-529
-260
-104
-119
-218
-276
-264
-221
-157
-44
132
350
621
992
1445
1831
1982
1881
1671
1470
1231
821
201
-511
-1151
-1638
-1968
-2167
-2251
-2239
-2134
-1911
-1562
-1160
-841
-692
-682
-710
-727
-765
-871
-1036
-1195
-1273
-1227
-1063
-831
-601
-421
-276
-112
106
327
439
371
184
50
123
445
933
1443
1862
2196
2551
3013
3481
3699
3482
2912
2249
1662
1097
423
-366
-1123
-1686
-1985
-2032
-1891
-1667
-1474
-1335
-1159
-853
-483
-226
-197
-316
-421
-426
-365
-276
-128
135
527
1025
1624
2297
2927
3326
3384
3166
2817
2375
1731
782
-396
-1575
-2521
-3132
-3437
-3524
-3456
-3235
-2823
-2232
-1589
-1087
-859
-878
-1014
-1152
-1279
-1442
-1659
-1859
-1915
-1734
-1338
-861
-453
-173
14
171
283
288
130
-177
-540
-790
-735
-251
633
1734
2853
3896
4917
5952
6856
7299
7040
6155
4958
3683
2326
801
-839
-2400
-3674
-4513
-4835
-4698
-4343
-4027
-3797
-3453
-2851
-2116
-1572
-1387
-1457
-1524
-1434
-1164
-719
-84
746
1743
2945
4414
6088
7622
8606
8864
8560
7894
6818
5096
2651
-256
-3161
-5664
-7562
-8817
-9458
-9519
-9003
-7924
-6399
-4679
-3073
-1778
-815
-108
367
539
323
-259
-1027
-1707
-2070
-2062
-1822
-1550
-1360
-1225
-1077
-903
-794
-857
-1125
-1481
-1703
-1545
-843
408
2037
3763
5396
6933
8458
9870
10819
10938
10165
8748
6986
4992
2755
334
-2056
-4150
-5755
-6772
-7181
-7056
-6582
-5962
-5297
-4545
-3708
-2918
-2381
-2113
-1937
-1626
-1127
-524
107
780
1580
2589
3891
5461
7117
8504
9335
9545
9265
8577
7373
5482
2921
-12
-2890
-5398
-7435
-9012
-10083
-10488
-10060
-8813
-7026
-5126
-3460
-2138
-1086
-211
441
718
508
-112
-890
-1540
-1889
-1933
-1777
-1550
-1345
-1182
-1035
-890
-816
-922
-1236
-1600
-1746
-1462
-690
502
2002
3660
5350
7008
8637
10132
11172
11345
10508
8929
7057
5126
3062
747
-1700
-3944
-5657
-6688
-7085
-7027
-6738
-6334
-5790
-5007
-4057
-3173
-2605
-2338
-2145
-1785
-1227
-600
23
736
1725
3078
4755
6584
8300
9545
10052
9813
9051
7900
6232
3850
856
-2281
-5022
-7105
-8565
-9514
-9945
-9737
-8804
-7249
-5388
-3625
-2243
-1268
-571
-58
207
113
-336
-973
-1554
-1898
-1952
-1795
-1572
-1379
-1217
-1038
-870
-822
-1013
-1434
-1947
-2321
-2311
-1718
-467
1299
3257
5095
6768
8446
10195
11655
12234
11616
10061
8095
5997
3682
1063
-1637
-4010
-5799
-6976
-7562
-7556
-7072
-6392
-5715
-4966
-3950
-2794
-1934
-1701
-1884
-1968
-1640
-1013
-325
374
1191
2253
3621
5312
7150
8774
9824
10224
10090
9452
8150
6065
3316
185
-3042
-6075
-8566
-10211
-10971
-11032
-10522
-9337
-7390
-4962
-2646
-904
259
1085
1663
1798
1309
312
-821
-1744
-2331
-2632
-2754
-2763
-2654
-2369
-1854
-1200
-651
-472
-707
-1103
-1247
-840
160
1571
3126
4621
5997
7385
8902
10363
11210
10963
9699
7982
6231
4364
2107
-496
-3058
-5199
-6746
-7637
-7871
-7626
-7210
-6793
-6197
-5170
-3769
-2463
-1678
-1418
-1280
-914
-296
393
1052
1727
2468
3341
4458
5906
7469
8691
9235
9189
8809
8096
6740
4528
1669
-1348
-4118
-6475
-8370
-9730
-10449
-10453
-9726
-8339
-6495
-4521
-2704
-1159
153
1201
1795
1720
1008
-21
-974
-1662
-2128
-2471
-2683
-2688
-2478
-2159
-1840
-1583
-1418
-1409
-1570
-1772
-1720
-1132
70
1713
3497
5217
6858
8520
10156
11448
11935
11397
10029
8241
6258
4026
1481
-1187
-3616
-5539
-6875
-7627
-7826
-7613
-7197
-6677
-5913
-4794
-3506
-2506
-2024
-1834
-1480
-811
-62
516
1000
1698
2769
4127
5571
6968
8174
9054
9529
9619
9267
8262
6441
3964
1239
-1437
-4046
-6604
-8863
-10409
-11009
-10752
-9858
-8480
-6733
-4809
-2933
-1255
142
1136
1596
1498
989
272
-493
-1198
-1771
-2211
-2579
-2874
-2945
-2637
-2007
-1354
-950
-832
-836
-778
-500
161
1302
2821
4435
5921
7272
8616
9898
10766
10772
9797
8176
6380
4561
2532
170
-2280
-4364
-5796
-6607
-6994
-7130
-7107
-6891
-6347
-5366
-4125
-3028
-2383
-2047
-1635
-956
-204
381
864
1521
2517
3764
5119
6458
7646
8457
8765
8634
8224
7521
6324
4472
2076
-526
-2995
-5138
-6898
-8262
-9179
-9538
-9221
-8228
-6764
-5154
-3649
-2303
-1073
7
759
1010
775
266
-300
-848
-1394
-1902
-2279
-2492
-2594
-2598
-2453
-2160
-1882
-1795
-1902
-2009
-1883
-1351
-317
1190
2983
4794
6499
8157
9800
11161
11776
11345
10030
8267
6359
4282
1930
-589
-2967
-4928
-6339
-7128
-7300
-7041
-6667
-6295
-5737
-4764
-3546
-2537
-2055
-1935
-1778
-1328
-636
134
912
1755
2780
4046
5513
6984
8221
9044
9435
9418
8961
7948
6297
4055
1415
-1328
-3867
-6000
-7671
-8903
-9670
-9863
-9377
-8239
-6678
-5027
-3542
-2267
-1129
-134
558
778
503
-114
-839
-1448
-1811
-1959
-2033
-2116
-2130
-1955
-1643
-1398
-1374
-1506
-1630
-1640
-1483
-1021
-42
1495
3329
5084
6639
8149
9710
11016
11529
10952
9504
7650
5652
3448
967
-1594
-3855
-5561
-6673
-7223
-7225
-6772
-6109
-5434
-4726
-3825
-2809
-2018
-1725
-1744
-1631
-1136
-404
325
1033
1866
2937
4232
5689
7132
8301
8969
9137
8900
8224
6912
4901
2457
-10
-2273
-4343
-6234
-7784
-8782
-9157
-8990
-8356
-7271
-5823
-4245
-2809
-1637
-712
-14
389
427
135
-348
-849
-1242
-1490
-1642
-1761
-1837
-1823
-1742
-1711
-1797
-1951
-2095
-2231
-2333
-2208
-1559
-229
1630
3673
5598
7337
8967
10474
11552
11776
10957
9327
7293
5095
2732
209
-2288
-4458
-6063
-6992
-7269
-7073
-6682
-6274
-5735
-4851
-3654
-2554
-1918
-1708
-1537
-1156
-643
-170
306
994
1991
3217
4556
5991
7432
8622
9246
9224
8710
7850
6565
4692
2257
-447
-3057
-5353
-7250
-8681
-9558
-9840
-9551
-8708
-7326
-5555
-3751
-2285
-1240
-419
339
892
953
450
-350
-1072
-1522
-1761
-1944
-2133
-2251
-2187
-1931
-1621
-1426
-1423
-1558
-1713
-1719
-1352
-419
1063
2795
4431
5890
7378
8990
10418
11096
10716
9473
7812
5977
3923
1583
-865
-3079
-4817
-6036
-6751
-6928
-6604
-5989
-5340
-4684
-3869
-2850
-1904
-1340
-1173
-1079
-788
-287
288
895
1618
2508
3560
4748
6053
7308
8252
8686
8637
8190
7274
5695
3436
807
-1758
-4017
-5969
-7628
-8860
-9458
-9326
-8548
-7311
-5828
-4294
-2847
-1540
-379
551
1070
1040
528
-208
-912
-1466
-1874
-2151
-2283
-2242
-2019
-1677
-1368
-1285
-1489
-1844
-2108
-2143
-1936
-1454
-566
843
2678
4674
6592
8367
9965
11192
11696
11251
9952
8115
5987
3637
1102
-1432
-3674
-5400
-6543
-7125
-7196
-6849
-6215
-5402
-4431
-3366
-2377
-1718
-1449
-1395
-1280
-989
-565
-52
596
1453
2515
3762
5161
6646
7990
8919
9261
9047
8348
7151
5396
3128
551
-2061
-4475
-6526
-8120
-9202
-9730
-9643
-8917
-7658
-6098
-4491
-2984
-1636
-504
292
666
646
347
-151
-809
-1511
-2028
-2208
-2156
-2121
-2174
-2163
-1976
-1753
-1703
-1831
-1925
-1786
-1320
-441
917
2656
4461
6072
7501
8904
10180
10894
10634
9437
7731
5897
3963
1787
-604
-2910
-4781
-6031
-6667
-6789
-6537
-6071
-5479
-4741
-3785
-2730
-1860
-1408
-1276
-1166
-881
-472
-22
536
1329
2393
3634
4969
6289
7436
8216
8567
8520
8055
7022
5324
3104
704
-1586
-3676
-5573
-7174
-8253
-8635
-8351
-7598
-6574
-5396
-4133
-2885
-1759
-851
-218
93
67
-250
-730
-1194
-1504
-1643
-1720
-1834
-1939
-1882
-1607
-1330
-1350
-1738
-2223
-2501
-2523
-2412
-2105
-1274
292
2380
4522
6476
8332
10173
11702
12380
11882
10383
8358
6154
3809
1269
-1340
-3711
-5578
-6819
-7394
-7333
-6814
-6115
-5370
-4506
-3453
-2413
-1682
-1365
-1259
-1158
-1022
-896
-691
-196
712
1966
3393
4913
6492
8001
9111
9537
9244
8408
7117
5299
2927
229
-2419
-4721
-6560
-7919
-8807
-9184
-8954
-8063
-6666
-5117
-3717
-2543
-1555
-798
-359
-224
-274
-435
-726
-1144
-1583
-1901
-2020
-1950
-1740
-1463
-1208
-1096
-1199
-1484
-1793
-1969
-1945
-1709
-1163
-118
1478
3413
5351
7144
8850
10439
11541
11688
10754
9097
7176
5134
2822
210
-2396
-4556
-6031
-6842
-7084
-6841
-6247
-5506
-4725
-3881
-2933
-2034
-1404
-1137
-1081
-1023
-823
-457
63
731
1562
2640
4032
5659
7207
8334
8904
9020
8740
7916
6348
4093
1489
-1090
-3446
-5500
-7156
-8299
-8888
-8952
-8503
-7527
-6111
-4516
-3042
-1865
-1005
-444
-178
-182
-381
-702
-1108
-1538
-1871
-1992
-1901
-1699
-1464
-1227
-1037
-1029
-1276
-1695
-2088
-2328
-2383
-2173
-1493
-165
1719
3816
5804
7646
9446
11090
12111
12059
10929
9137
7063
4757
2147
-602
-3109
-5078
-6437
-7178
-7258
-6753
-5976
-5260
-4605
-3777
-2719
-1804
-1429
-1552
-1681
-1440
-910
-411
-28
500
1453
2872
4541
6206
7624
8626
9123
9140
8679
7651
5943
3615
940
-1743
-4182
-6234
-7821
-8901
-9451
-9429
-8771
-7506
-5856
-4173
-2727
-1579
-663
28
404
369
-56
-700
-1306
-1664
-1750
-1731
-1784
-1912
-1936
-1740
-1428
-1264
-1396
-1736
-2045
-2153
-2001
-1536
-640
777
2605
4590
6504
8289
9918
11187
11719
11273
9965
8164
6134
3889
1388
-1206
-3553
-5358
-6521
-7065
-7048
-6604
-5945
-5241
-4463
-3520
-2478
-1637
-1212
-1139
-1127
-963
-612
-121
498
1292
2319
3639
5203
6804
8095
8831
8994
8744
8162
7128
5440
3081
333
-2376
-4733
-6634
-8069
-8989
-9310
-9002
-8140
-6867
-5360
-3844
-2518
-1468
-630
40
423
340
-183
-852
-1357
-1629
-1795
-1949
-2038
-1959
-1695
-1369
-1172
-1233
-1499
-1797
-1982
-2023
-1872
-1356
-299
1272
3105
4966
6789
8594
10234
11361
11640
11018
9719
8002
5955
3569
947
-1629
-3865
-5601
-6777
-7317
-7189
-6573
-5813
-5125
-4394
-3476
-2521
-1925
-1801
-1829
-1604
-1084
-486
67
669
1463
2499
3800
5318
6863
8099
8813
9015
8807
8131
6817
4830
2398
-143
-2565
-4767
-6646
-8071
-8962
-9320
-9124
-8314
-6940
-5286
-3739
-2498
-1510
-675
-49
229
115
-278
-777
-1232
-1544
-1701
-1793
-1911
-2013
-1950
-1684
-1386
-1309
-1509
-1812
-2013
-2068
-1989
-1615
-649
1015
3069
5064
6829
8549
10294
11702
12197
11566
10127
8331
6321
3981
1314
-1376
-3711
-5490
-6681
-7247
-7158
-6563
-5781
-5071
-4408
-3664
-2859
-2229
-1910
-1787
-1594
-1222
-744
-241
350
1180
2332
3791
5419
6997
8243
8991
9251
9101
8471
7174
5154
2659
55
-2422
-4693
-6636
-8038
-8767
-8899
-8595
-7913
-6832
-5437
-3978
-2693
-1664
-855
-276
1
-61
-390
-839
-1260
-1546
-1676
-1728
-1798
-1883
-1872
-1723
-1549
-1524
-1665
-1856
-2019
-2179
-2265
-1985
-1028
625
2642
4643
6467
8194
9881
11340
12131
11874
10563
8603
6446
4247
1890
-652
-3113
-5104
-6415
-7071
-7188
-6909
-6404
-5807
-5049
-4016
-2829
-1935
-1638
-1775
-1842
-1532
-922
-253
385
1106
2081
3422
5045
6679
7964
8716
8984
8909
8452
7416
5686
3420
940
-1515
-3854
-5980
-7683
-8754
-9154
-8987
-8352
-7303
-5955
-4534
-3236
-2125
-1185
-468
-59
28
-115
-394
-776
-1219
-1621
-1862
-1898
-1765
-1520
-1244
-1058
-1078
-1288
-1565
-1803
-2016
-2193
-2159
-1611
-365
1459
3506
5428
7146
8808
10488
11861
12340
11577
9829
7711
5606
3417
925
-1759
-4168
-5873
-6775
-7050
-6927
-6565
-6050
-5362
-4461
-3413
-2504
-2012
-1948
-1984
-1802
-1351
-799
-248
398
1303
2571
4155
5863
7349
8338
8818
8998
8924
8322
6883
4683
2156
-300
-2575
-4694
-6573
-8012
-8853
-9072
-8739
-7963
-6879
-5628
-4313
-3030
-1907
-1087
-605
-383
-333
-457
-766
-1151
-1452
-1617
-1728
-1835
-1845
-1667
-1378
-1195
-1229
-1404
-1595
-1800
-2061
-2289
-2200
-1485
-39
1941
4048
5970
7687
9383
11023
12164
12238
11103
9192
7077
4961
2690
152
-2434
-4659
-6195
-6933
-6992
-6672
-6290
-5899
-5263
-4178
-2896
-1977
-1782
-2058
-2239
-1970
-1363
-708
-105
612
1675
3139
4852
6509
7835
8687
9104
9145
8746
7722
5995
3746
1317
-1046
-3283
-5366
-7136
-8368
-8946
-8933
-8432
-7494
-6204
-4777
-3466
-2371
-1448
-685
-204
-110
-341
-716
-1104
-1459
-1728
-1832
-1746
-1543
-1313
-1096
-940
-921
-1087
-1359
-1640
-1932
-2299
-2616
-2509
-1625
36
2110
4202
6155
8055
9942
11575
12449
12178
10846
8943
6883
4678
2146
-637
-3240
-5204
-6379
-6900
-6961
-6691
-6167
-5467
-4625
-3706
-2864
-2352
-2268
-2430
-2469
-2179
-1635
-1018
-348
555
1831
3449
5208
6893
8296
9274
9740
9684
9079
7858
5974
3509
693
-2158
-4731
-6792
-8268
-9218
-9690
-9605
-8844
-7460
-5757
-4125
-2787
-1732
-857
-166
196
87
-444
-1135
-1661
-1833
-1693
-1433
-1230
-1120
-1018
-859
-694
-640
-734
-953
-1298
-1827
-2466
-2885
-2649
-1554
193
2198
4207
6250
8409
10559
12271
13036
12574
11036
8877
6510
4041
1367
-1484
-4168
-6201
-7284
-7464
-7041
-6372
-5705
-5038
-4210
-3136
-2100
-1560
-1716
-2189
-2395
-2082
-1480
-862
-174
836
2291
4048
5885
7568
8876
9630
9805
9468
8624
7173
5099
2605
-1
-2523
-4875
-6924
-8420
-9165
-9174
-8639
-7753
-6613
-5282
-3860
-2534
-1510
-909
-650
-546
-500
-601
-947
-1422
-1753
-1761
-1533
-1289
-1151
-1061
-908
-722
-668
-902
-1386
-1942
-2419
-2777
-2935
-2623
-1534
359
2670
4932
6985
9012
11076
12781
13442
12689
10785
8363
5865
3336
675
-2019
-4418
-6176
-7117
-7267
-6828
-6120
-5416
-4782
-4065
-3194
-2375
-2013
-2249
-2781
-3065
-2798
-2083
-1188
-213
987
2558
4469
6453
8188
9416
10061
10159
9721
8642
6831
4406
1682
-1054
-3663
-6029
-7923
-9124
-9590
-9441
-8789
-7692
-6264
-4729
-3347
-2277
-1542
-1061
-759
-631
-723
-1032
-1440
-1778
-1918
-1818
-1503
-1062
-617
-267
-63
-30
-226
-686
-1387
-2219
-3027
-3607
-3728
-3180
-1829
275
2860
5489
7853
9930
11810
13267
13734
12793
10661
8019
5393
2810
89
-2701
-5128
-6705
-7215
-6825
-5982
-5173
-4642
-4229
-3630
-2788
-2112
-2054
-2631
-3314
-3558
-3232
-2544
-1626
-379
1287
3271
5326
7281
8982
10228
10790
10602
9746
8315
6317
3803
974
-1880
-4519
-6747
-8363
-9219
-9371
-9033
-8352
-7306
-5890
-4327
-2961
-1970
-1273
-767
-497
-576
-951
-1386
-1660
-1720
-1635
-1439
-1115
-690
-276
4
117
57
-208
-730
-1467
-2315
-3147
-3777
-3869
-3056
-1270
1155
3734
6217
8596
10840
12670
13643
13414
11988
9726
7083
4309
1456
-1374
-3879
-5748
-6840
-7169
-6798
-5909
-4879
-4065
-3550
-3137
-2747
-2557
-2802
-3376
-3893
-3987
-3544
-2606
-1222
531
2538
4675
6875
8962
10583
11346
11129
10112
8547
6532
4083
1316
-1507
-4105
-6236
-7704
-8396
-8399
-7966
-7312
-6454
-5328
-4049
-2916
-2167
-1780
-1620
-1618
-1751
-1886
-1858
-1684
-1509
-1337
-963
-309
382
795
879
786
523
-62
-1024
-2154
-3206
-4069
-4684
-4868
-4343
-2956
-754
2044
5115
8065
10586
12566
13942
14422
13586
11365
8315
5214
2462
-31
-2400
-4497
-5978
-6602
-6361
-5467
-4311
-3344
-2868
-2828
-2984
-3183
-3553
-4223
-5038
-5516
-5220
-4066
-2299
-235
1949
4185
6425
8517
10199
11142
11152
10306
8903
7192
5197
2826
165
-2448
-4610
-6123
-7025
-7479
-7631
-7562
-7258
-6631
-5674
-4575
-3660
-3109
-2823
-2567
-2240
-1916
-1687
-1540
-1390
-1171
-831
-355
194
642
826
721
397
-111
-858
-1806
-2756
-3478
-3935
-4209
-4199
-3515
-1771
944
4030
6798
8989
10781
12338
13389
13357
11893
9278
6243
3423
986
-1177
-3099
-4605
-5515
-5763
-5379
-4508
-3508
-2886
-2882
-3285
-3671
-3939
-4317
-4967
-5601
-5681
-4860
-3208
-1049
1315
3691
5968
8005
9614
10546
10623
9847
8437
6658
4673
2547
396
-1582
-3208
-4433
-5267
-5708
-5776
-5611
-5428
-5324
-5226
-5021
-4741
-4494
-4301
-4037
-3584
-2945
-2202
-1418
-629
89
631
937
1043
1010
830
440
-201
-1033
-1932
-2747
-3358
-3702
-3829
-3835
-3689
-3129
-1819
304
2921
5534
7790
9587
10984
11995
12436
11939
10280
7723
4986
2676
876
-727
-2305
-3671
-4496
-4642
-4259
-3686
-3356
-3570
-4292
-5091
-5552
-5652
-5732
-5945
-5961
-5228
-3545
-1218
1267
3594
5660
7391
8693
9465
9645
9190
8150
6712
5150
3632
2161
668
-832
-2252
-3512
-4574
-5393
-5946
-6327
-6697
-7076
-7219
-6857
-6016
-5022
-4126
-3266
-2251
-1117
-167
328
381
244
161
200
251
155
-147
-567
-954
-1268
-1589
-2002
-2469
-2898
-3248
-3489
-3455
-2875
-1588
332
2643
5082
7386
9352
10905
12020
12481
11903
10109
7489
4756
2387
381
-1394
-2877
-3873
-4338
-4385
-4111
-3634
-3257
-3396
-4116
-4992
-5505
-5643
-5772
-6021
-5937
-4950
-2981
-470
2087
4449
6492
8085
9155
9733
9765
9074
7601
5651
3679
1938
402
-967
-2118
-3003
-3673
-4178
-4518
-4743
-5016
-5481
-6054
-6437
-6363
-5855
-5159
-4481
-3781
-2876
-1698
-419
658
1323
1551
1480
1269
992
599
-9
-817
-1668
-2349
-2776
-3003
-3124
-3161
-3080
-2854
-2444
-1699
-349
1761
4373
6837
8608
9693
10504
11189
11301
10248
8053
5445
3218
1582
255
-1030
-2228
-3143
-3657
-3754
-3547
-3344
-3601
-4511
-5744
-6642
-6834
-6489
-6002
-5451
-4525
-2877
-517
2159
4637
6546
7776
8394
8556
8355
7796
6832
5537
4147
2958
2092
1415
638
-442
-1804
-3233
-4504
-5541
-6436
-7300
-8063
-8443
-8144
-7124
-5649
-4100
-2698
-1445
-295
664
1224
1248
812
165
-443
-871
-1074
-1074
-930
-760
-678
-755
-998
-1405
-1978
-2698
-3441
-3944
-3857
-2891
-984
1641
4552
7275
9480
11074
12077
12367
11604
9596
6693
3704
1273
-503
-1858
-2889
-3480
-3568
-3264
-2765
-2289
-2209
-2908
-4407
-6110
-7268
-7591
-7360
-6851
-5928
-4246
-1732
1296
4341
6899
8565
9184
8983
8369
7565
6454
4889
3015
1310
233
-113
-78
-174
-702
-1583
-2548
-3455
-4392
-5500
-6714
-7740
-8213
-7928
-6909
-5382
-3676
-2097
-801
226
1020
1514
1552
1096
341
-375
-820
-1014
-1125
-1283
-1470
-1636
-1775
-1935
-2125
-2352
-2686
-3152
-3480
-3053
-1335
1571
4840
7536
9316
10516
11533
12221
11955
10292
7476
4345
1727
-17
-1036
-1674
-2179
-2599
-2837
-2827
-2684
-2770
-3474
-4899
-6641
-8022
-8511
-8047
-6891
-5301
-3315
-884
1898
4701
7064
8587
9057
8559
7432
6116
4904
3885
3048
2453
2197
2292
2527
2513
1835
313
-1852
-4193
-6291
-7991
-9275
-10029
-9983
-8944
-7021
-4639
-2325
-467
794
1486
1667
1382
707
-199
-1113
-1759
-1876
-1395
-558
197
578
550
192
-490
-1489
-2698
-3928
-4941
-5391
-4875
-3171
-414
2988
6513
9585
11703
12662
12586
11584
9579
6587
3172
291
-1335
-1683
-1244
-576
-64
72
-247
-969
-2054
-3586
-5655
-7977
-9824
-10409
-9490
-7443
-4865
-2111
717
3515
6005
7797
8562
8161
6799
5036
3603
2964
3079
3512
3851
3949
3894
3716
3211
2006
-106
-2870
-5634
-7757
-8966
-9337
-9049
-8197
-6835
-5073
-3173
-1509
-421
-26
-185
-646
-1179
-1606
-1772
-1582
-1043
-242
670
1463
1863
1686
898
-412
-2073
-3760
-5060
-5693
-5670
-5108
-3922
-1806
1380
5221
8786
11113
11806
11219
10094
8905
7572
5780
3604
1665
667
774
1508
2149
2160
1327
-272
-2306
-4363
-6215
-7909
-9421
-10360
-10107
-8422
-5714
-2759
-121
2017
3658
4775
5336
5402
5076
4466
3758
3332
3553
4430
5481
6134
6157
5711
4936
3682
1679
-1045
-4040
-6700
-8594
-9546
-9541
-8706
-7314
-5706
-4138
-2764
-1739
-1232
-1254
-1555
-1782
-1730
-1397
-848
-131
674
1424
1961
2179
1987
1308
157
-1272
-2695
-3891
-4749
-5164
-5022
-4274
-2956
-1059
1490
4559
7546
9581
10172
9592
8572
7589
6590
5339
3930
2793
2289
2375
2665
2701
2139
835
-1097
-3284
-5289
-6858
-7989
-8683
-8750
-7896
-6127
-3871
-1711
37
1372
2365
2993
3259
3309
3332
3444
3726
4324
5283
6348
6992
6810
5793
4255
2474
540
-1521
-3519
-5089
-5944
-6097
-5831
-5440
-5054
-4679
-4349
-4145
-4098
-4106
-3991
-3611
-2936
-2026
-980
82
1030
1729
2085
2045
1606
830
-127
-1032
-1711
-2149
-2476
-2785
-3047
-3177
-3151
-2987
-2589
-1675
50
2572
5392
7727
9013
9280
9033
8689
8195
7183
5544
3691
2271
1611
1515
1498
1140
240
-1161
-2817
-4396
-5702
-6792
-7747
-8375
-8204
-6948
-4843
-2529
-523
1040
2255
3155
3675
3830
3779
3755
3921
4347
4981
5680
6230
6436
6133
5240
3756
1807
-401
-2591
-4468
-5799
-6524
-6770
-6701
-6394
-5840
-5109
-4402
-3940
-3768
-3708
-3485
-2939
-2110
-1172
-274
534
1230
1732
1893
1637
1063
375
-269
-850
-1402
-1915
-2326
-2610
-2813
-2977
-3042
-2821
-2033
-407
2088
5001
7468
8756
8836
8341
7831
7266
6232
4676
3145
2307
2297
2634
2667
2027
731
-968
-2756
-4395
-5797
-6975
-7835
-8081
-7367
-5692
-3521
-1521
-95
781
1354
1808
2163
2412
2642
3046
3799
4903
6086
6915
7014
6306
4991
3392
1722
44
-1643
-3225
-4422
-4992
-4985
-4779
-4759
-5001
-5278
-5361
-5222
-4970
-4645
-4198
-3558
-2697
-1621
-437
595
1202
1338
1227
1075
868
492
-13
-440
-667
-780
-949
-1250
-1682
-2231
-2839
-3330
-3455
-3026
-1949
-160
2317
5134
7550
8828
8837
8099
7180
6119
4692
3089
2025
2014
2735
3307
3069
1954
240
-1774
-3807
-5570
-6894
-7754
-8072
-7556
-6017
-3759
-1546
-1
800
1164
1339
1393
1414
1606
2160
3104
4315
5561
6548
6949
6573
5436
3803
2045
497
-713
-1657
-2466
-3162
-3666
-3977
-4267
-4742
-5401
-5996
-6239
-6030
-5456
-4642
-3654
-2553
-1455
-502
200
597
671
491
222
40
4
42
83
103
60
-154
-617
-1274
-1986
-2641
-3142
-3297
-2802
-1414
865
3712
6506
8482
9076
8350
7009
5831
4992
4130
3043
2163
2109
2878
3684
3632
2424
414
-1829
-3879
-5502
-6610
-7174
-7150
-6388
-4833
-2790
-942
112
312
107
-8
159
563
1164
2030
3215
4617
5934
6794
6910
6243
5003
3580
2312
1294
339
-788
-2075
-3227
-3969
-4357
-4728
-5305
-5917
-6152
-5792
-5049
-4333
-3862
-3496
-2970
-2197
-1337
-622
-160
84
234
413
678
950
1038
819
372
-74
-380
-627
-991
-1510
-2038
-2409
-2561
-2446
-1892
-617
1496
4122
6499
7809
7736
6717
5611
4970
4648
4137
3316
2692
2807
3495
3891
3232
1527
-595
-2540
-4089
-5216
-5816
-5810
-5274
-4401
-3297
-2087
-1097
-734
-1007
-1374
-1220
-454
540
1471
2467
3746
5138
6135
6340
5790
4781
3595
2415
1443
831
500
121
-565
-1486
-2380
-3165
-4004
-4970
-5801
-6100
-5765
-5076
-4402
-3863
-3357
-2778
-2154
-1582
-1140
-853
-699
-595
-418
-97
295
591
678
619
552
518
384
4
-566
-1056
-1232
-1143
-1026
-940
-558
592
2594
4875
6504
6864
6115
5022
4291
3995
3669
2959
2130
1819
2257
2860
2727
1514
-272
-1854
-2891
-3545
-4035
-4313
-4219
-3724
-2973
-2147
-1445
-1083
-1141
-1370
-1312
-724
187
1034
1716
2457
3416
4363
4882
4784
4267
3638
3009
2273
1337
268
-756
-1603
-2255
-2767
-3197
-3586
-3956
-4299
-4573
-4712
-4682
-4496
-4191
-3766
-3198
-2507
-1805
-1237
-892
-746
-696
-627
-457
-168
194
542
789
905
910
847
729
529
209
-206
-605
-822
-722
-234
665
1933
3384
4624
5214
4969
4159
3307
2769
2493
2216
1858
1654
1850
2318
2564
2157
1124
-102
-1107
-1795
-2296
-2688
-2877
-2743
-2300
-1736
-1287
-1098
-1143
-1264
-1288
-1142
-851
-448
85
770
1530
2175
2499
2432
2072
1606
1192
925
825
819
725
347
-353
-1197
-1938
-2461
-2819
-3075
-3155
-2911
-2319
-1599
-1087
-965
-1090
-1144
-942
-602
-374
-357
-407
-334
-122
85
170
163
175
265
401
506
508
374
159
7
53
292
556
659
564
410
371
500
697
837
902
968
1086
1207
1221
1052
723
358
129
126
265
361
335
292
364
509
553
402
158
-3
-12
43
52
3
-20
53
195
315
349
306
224
114
-34
-212
-373
-460
-430
-285
-86
67
91
-12
-170
-310
-420
-524
-622
-681
-678
-617
-514
-374
-212
-70
5
-6
-98
-238
-388
-520
-647
-785
-891
-877
-718
-500
-335
-259
-241
-267
-355
-492
-612
-651
-605
-512
-387
-217
-4
186
257
169
-7
-131
-112
20
160
240
287
361
465
524
472
328
178
90
69
90
154
272
413
502
497
426
355
314
284
247
219
241
339
493
643
720
700
617
528
463
412
363
319
285
252
213
183
178
177
121
-18
-193
-319
-348
-292
-193
-74
51
161
227
238
199
117
-9
-173
-335
-436
-444
-388
-328
-295
-267
-224
-184
-203
-305
-450
-576
-659
-718
-775
-811
-785
-681
-526
-371
-261
-208
-192
-182
-160
-131
-116
-115
-102
-42
72
201
287
292
223
125
35
-43
-118
-182
-197
-138
-33
54
80
55
30
53
136
255
367
434
457
468
488
493
437
315
187
129
169
274
378
430
414
337
221
90
-28
-112
-149
-141
-91
-9
86
175
243
288
307
298
264
221
188
172
160
137
106
93
118
175
223
214
125
-27
-192
-324
-412
-479
-554
-628
-647
-568
-407
-248
-175
-206
-282
-330
-321
-277
-225
-162
-68
54
165
221
218
187
161
141
107
38
-63
-172
-251
-268
-234
-194
-193
-227
-258
-251
-216
-182
-162
-147
-126
-108
-101
-99
-76
-27
27
59
80
122
196
256
244
151
29
-56
-80
-59
-19
34
103
177
228
247
253
274
311
345
384
463
592
718
767
724
644
589
555
491
371
228
112
40
-7
-49
-86
-116
-146
-192
-263
-346
-410
-425
-389
-341
-326
-336
-285
-75
323
831
1287
1494
1278
588
-400
-1317
-1804
-1723
-1193
-445
308
872
1025
609
-277
-1208
-1660
-1398
-672
-12
212
36
-251
-474
-717
-1101
-1495
-1552
-1069
-262
388
567
361
58
-191
-450
-782
-1072
-1111
-833
-363
115
501
768
873
759
453
126
-8
134
453
792
1094
1398
1693
1853
1748
1403
998
706
579
578
672
851
1059
1168
1060
746
376
113
11
30
119
238
314
245
0
-333
-630
-837
-959
-983
-868
-633
-378
-207
-133
-111
-126
-206
-359
-526
-644
-702
-725
-717
-663
-575
-512
-521
-596
-697
-790
-864
-904
-887
-805
-689
-599
-574
-608
-672
-746
-810
-820
-723
-524
-301
-141
-69
-54
-78
-161
-316
-489
-582
-520
-306
-23
220
351
366
327
305
335
398
466
547
683
893
1135
1325
1403
1372
1299
1257
1278
1341
1399
1425
1428
1430
1429
1395
1297
1149
997
879
787
684
542
372
202
59
-42
-97
-107
-89
-60
-43
-58
-109
-170
-202
-193
-166
-141
-114
-93
-117
-230
-425
-639
-803
-890
-912
-901
-876
-852
-838
-852
-914
-1018
-1128
-1192
-1189
-1134
-1055
-961
-854
-756
-710
-741
-814
-851
-790
-641
-474
-368
-349
-379
-401
-384
-339
-291
-251
-221
-200
-183
-158
-108
-37
40
114
199
309
440
561
640
673
697
756
864
997
1114
1194
1235
1235
1176
1059
925
832
811
835
853
832
768
666
540
417
336
317
351
411
473
521
540
517
454
362
253
134
18
-69
-97
-58
26
114
165
146
40
-149
-398
-664
-890
-1028
-1068
-1038
-983
-936
-912
-916
-941
-965
-968
-951
-922
-880
-812
-715
-613
-544
-531
-566
-628
-697
-754
-774
-735
-641
-529
-439
-386
-351
-311
-268
-237
-217
-187
-121
-21
82
153
178
173
168
185
228
292
368
441
493
513
508
503
527
587
667
739
785
802
791
754
704
679
724
851
1012
1143
1205
1199
1139
1029
874
706
579
533
568
647
723
756
722
612
445
261
99
-28
-134
-229
-296
-319
-306
-292
-310
-357
-409
-455
-508
-589
-695
-809
-913
-992
-1035
-1029
-967
-865
-755
-680
-670
-726
-815
-895
-931
-910
-831
-704
-548
-399
-303
-289
-345
-418
-450
-422
-355
-276
-191
-98
-2
75
113
115
100
86
80
71
56
45
53
79
102
113
125
158
206
246
269
297
351
423
481
506
516
539
584
629
653
659
676
721
785
841
873
886
888
869
812
714
596
481
376
275
193
162
201
287
363
384
340
251
137
15
-96
-174
-213
-224
-226
-235
-262
-317
-398
-488
-569
-647
-748
-879
-1006
-1067
-1030
-921
-795
-690
-616
-569
-549
-551
-557
-546
-518
-488
-464
-437
-391
-321
-231
-132
-33
51
105
115
86
36
-5
-23
-20
-3
20
48
73
81
64
29
-4
-10
18
68
128
204
304
413
493
522
514
501
503
515
528
532
514
464
397
352
360
415
478
518
534
539
522
463
356
237
146
99
78
67
68
84
102
105
100
109
142
170
151
70
-46
-163
-266
-355
-426
-461
-450
-403
-343
-295
-273
-292
-358
-466
-584
-672
-704
-681
-618
-526
-401
-254
-116
-19
23
16
-23
-80
-141
-196
-242
-278
-289
-262
-201
-134
-87
-66
-57
-51
-56
-85
-135
-184
-206
-189
-138
-66
10
82
145
193
215
207
180
150
133
130
140
165
212
274
337
377
384
355
295
214
134
94
115
182
249
274
250
204
172
173
201
225
216
169
115
87
84
78
47
8
-4
23
69
100
102
82
48
3
-45
-78
-78
-54
-27
-16
-15
-15
-21
-48
-93
-132
-143
-130
-120
-129
-146
-154
-158
-177
-217
-251
-246
-196
-134
-96
-88
-89
-78
-58
-52
-80
-134
-181
-189
-151
-95
-55
-43
-44
-37
-12
27
60
64
29
-22
-42
-8
54
91
79
43
17
10
8
13
48
116
181
194
150
90
59
62
78
90
97
97
87
71
68
87
108
99
56
6
-24
-29
-23
-15
-5
8
20
28
35
43
47
49
54
63
74
79
79
80
86
92
88
71
46
22
3
-11
-19
-20
-16
-12
-15
-33
-73
-141
-231
-320
-379
-392
-368
-327
-281
-226
-155
-75
-10
20
17
-2
-25
-53
-90
-123
-130
-101
-50
1
37
58
67
64
45
13
-28
-72
-110
-123
-99
-45
10
39
37
17
-7
-29
-45
-40
-2
64
132
172
161
98
11
-53
-60
-13
54
106
133
150
168
179
172
148
122
108
110
115
115
113
123
154
201
249
286
309
316
306
284
256
225
177
102
14
-52
-68
-47
-25
-34
-69
-108
-138
-167
-205
-246
-267
-252
-205
-148
-101
-76
-73
-87
-108
-132
-152
-163
-149
-100
-25
46
78
62
14
-39
-84
-123
-164
-205
-236
-247
-237
-219
-208
-204
-187
-141
-71
-4
36
41
22
-7
-35
-55
-64
-62
-52
-37
-14
22
68
117
154
171
166
141
108
83
70
60
38
6
-16
-7
33
90
150
211
272
324
348
331
278
202
119
38
-32
-84
-108
-101
-71
-33
-5
0
-22
-69
-125
-163
-166
-134
-94
-76
-87
-103
-93
-60
-35
-52
-98
-129
-108
-38
46
110
150
170
172
147
94
29
-27
-69
-104
-141
-173
-182
-161
-122
-85
-59
-36
-9
12
4
-47
-121
-183
-201
-176
-123
-64
-5
49
95
127
138
130
117
111
117
126
129
126
123
121
115
101
84
74
76
98
140
197
250
276
258
204
141
97
74
58
40
30
40
67
90
92
72
38
0
-35
-64
-92
-133
-190
-253
-297
-303
-270
-212
-151
-101
-65
-45
-37
-37
-37
-30
-14
4
15
15
10
2
-18
-66
-139
-210
-247
-246
-228
-220
-227
-232
-217
-186
-155
-141
-141
-143
-136
-124
-112
-94
-57
2
65
112
139
158
179
201
217
220
210
186
152
116
85
56
27
1
-10
-3
15
40
73
117
155
170
160
147
151
165
165
146
132
144
179
208
210
184
141
88
31
-17
-44
-54
-60
-71
-74
-59
-34
-21
-35
-64
-89
-105
-112
-112
-101
-80
-58
-39
-21
-7
-7
-30
-68
-102
-118
-121
-122
-131
-145
-160
-174
-188
-203
-208
-195
-162
-120
-84
-62
-55
-62
-79
-98
-110
-110
-98
-73
-31
31
104
169
206
211
194
164
128
89
54
33
30
41
60
89
126
165
195
211
215
202
171
130
100
92
98
94
73
57
65
91
105
85
43
7
-8
-7
4
26
58
81
74
33
-14
-35
-31
-25
-35
-50
-48
-31
-20
-36
-69
-97
-108
-114
-131
-165
-204
-235
-246
-233
-202
-165
-133
-111
-97
-94
-105
-126
-144
-147
-140
-140
-153
-166
-159
-131
-101
-83
-76
-64
-43
-25
-19
-21
-17
-3
12
15
5
-12
-23
-18
5
46
101
156
199
222
224
211
190
167
143
124
114
115
117
110
95
82
81
91
100
104
108
117
126
126
112
96
90
96
105
108
103
93
81
70
61
54
49
44
35
19
4
-4
-4
-4
-12
-32
-55
-73
-76
-67
-59
