3
6
6
6
4
1
-2
-5
-6
-5
-4
-4
-4
-3
-3
-3
-3
-3
-2
-1
-1
-2
-2
-1
-1
-2
-2
-1
0
0
-1
-1
0
0
0
-1
-1
0
0
0
0
0
0
0
0
0
0
0
0
0
0
0
0
0
-1
-1
0
0
-1
-1
0
0
-1
-1
1
4
6
7
7
4
0
-4
-5
-5
-4
-4
-3
-3
-3
-3
-3
-2
-1
-1
-2
-2
-1
-1
-2
-2
-1
0
-1
-5
-8
-8
-5
-3
-5
-7
-5
0
4
4
1
1
3
6
9
9
6
2
-1
-4
-8
-10
-8
-4
0
1
0
-1
-1
0
-1
-1
1
5
8
8
7
3
-2
-5
-5
-4
-3
-2
-3
-4
-3
0
4
5
2
-2
-5
-5
-4
-2
-2
-3
-5
-9
-10
-10
-9
-8
-6
-2
1
3
2
1
0
1
1
-1
-6
-11
-13
-11
-7
-3
-2
-3
-4
-3
-1
-1
-2
-3
-1
3
6
5
0
-6
-11
-12
-10
-9
-9
-8
-3
3
8
10
10
8
6
3
-1
-3
-3
-3
-2
-3
-2
-1
-1
-2
-1
2
6
7
5
3
5
9
9
3
-4
-7
-3
1
1
-4
-8
-5
0
3
2
1
3
6
6
3
0
-3
-5
-8
-9
-9
-9
-10
-14
-14
-11
-6
-1
1
-1
-4
-10
-15
-17
-15
-13
-13
-16
-18
-17
-14
-12
-12
-11
-10
-9
-8
-7
-6
-5
-5
-5
-3
-1
0
-4
-9
-9
-3
5
9
8
5
6
11
16
18
16
15
16
17
18
17
16
18
19
20
22
26
31
35
35
34
33
34
35
33
29
24
21
19
18
16
13
10
9
11
14
14
11
5
1
1
1
0
-4
-10
-16
-21
-25
-25
-25
-26
-29
-34
-36
-36
-37
-40
-45
-48
-49
-49
-49
-49
-50
-52
-56
-60
-61
-60
-59
-59
-56
-50
-43
-39
-41
-44
-44
-39
-33
-29
-27
-25
-21
-16
-11
-8
-4
1
6
9
10
13
22
34
44
49
49
49
49
49
50
54
60
65
67
68
69
70
70
72
76
83
90
94
96
96
97
98
99
97
93
86
79
74
70
67
63
56
47
38
30
24
21
18
13
5
-3
-10
-17
-23
-30
-40
-51
-62
-69
-74
-77
-81
-85
-87
-88
-90
-94
-102
-111
-119
-124
-126
-130
-140
-153
-164
-171
-174
-178
-186
-194
-198
-199
-197
-194
-187
-178
-167
-155
-141
-122
-99
-76
-55
-37
-21
-7
3
12
23
38
53
65
76
90
108
123
133
144
161
182
198
204
208
221
242
265
279
286
290
298
307
316
323
330
340
348
351
348
339
325
307
287
267
242
209
172
137
108
82
53
22
-6
-30
-51
-74
-96
-115
-131
-143
-155
-164
-174
-186
-198
-207
-212
-217
-225
-236
-247
-254
-263
-275
-290
-303
-313
-325
-342
-365
-386
-401
-414
-429
-445
-453
-449
-436
-423
-409
-389
-356
-315
-275
-240
-208
-171
-127
-82
-41
-5
26
59
94
125
146
158
170
183
197
209
219
234
253
269
280
292
314
346
379
407
433
465
504
546
586
618
643
662
683
707
732
747
746
735
723
708
678
625
560
496
432
356
259
150
43
-55
-148
-242
-335
-419
-486
-532
-562
-582
-592
-591
-578
-558
-539
-524
-512
-502
-491
-481
-471
-463
-457
-455
-457
-465
-478
-497
-517
-535
-548
-559
-569
-579
-587
-591
-587
-576
-556
-529
-495
-451
-395
-323
-236
-143
-56
23
98
173
245
308
354
385
404
411
406
389
362
333
309
290
271
249
230
220
218
219
224
237
261
294
336
389
453
531
620
720
831
947
1058
1150
1215
1254
1270
1260
1208
1108
967
796
604
394
175
-41
-240
-411
-551
-661
-740
-784
-792
-770
-732
-688
-639
-584
-521
-453
-390
-346
-325
-320
-311
-294
-277
-272
-271
-267
-262
-265
-280
-304
-339
-390
-454
-516
-569
-619
-679
-748
-808
-843
-854
-846
-822
-776
-709
-627
-532
-423
-297
-165
-39
79
192
295
376
425
447
453
447
424
385
334
274
208
141
90
61
45
21
-13
-37
-33
-5
29
53
73
97
132
178
238
314
409
526
668
834
1008
1169
1299
1400
1476
1522
1513
1436
1302
1137
949
727
464
179
-90
-325
-525
-692
-816
-885
-900
-879
-842
-797
-741
-663
-556
-437
-342
-292
-269
-230
-161
-90
-55
-56
-54
-20
32
69
67
34
-12
-65
-131
-216
-314
-416
-521
-631
-738
-826
-886
-923
-946
-946
-908
-831
-738
-650
-563
-463
-345
-222
-106
-2
89
164
223
277
324
351
342
306
266
235
201
149
82
13
-47
-98
-147
-193
-233
-264
-284
-292
-287
-271
-245
-212
-165
-104
-26
62
161
280
436
642
899
1181
1443
1651
1801
1926
2046
2138
2137
1998
1745
1457
1186
922
612
237
-159
-501
-744
-896
-998
-1082
-1150
-1178
-1141
-1042
-910
-789
-699
-629
-552
-453
-341
-226
-114
-10
65
108
145
210
284
311
257
153
50
-34
-123
-235
-368
-505
-637
-758
-862
-954
-1043
-1119
-1150
-1123
-1062
-1003
-947
-855
-704
-518
-339
-181
-29
126
267
378
464
532
570
560
505
438
385
343
289
209
107
0
-104
-198
-274
-330
-372
-413
-455
-485
-483
-447
-390
-336
-295
-266
-236
-188
-113
-12
106
237
400
629
937
1287
1606
1844
2018
2186
2364
2492
2479
2299
2015
1715
1421
1087
669
188
-281
-675
-970
-1177
-1312
-1387
-1412
-1401
-1355
-1261
-1105
-901
-702
-566
-504
-463
-377
-234
-83
21
71
114
193
307
409
461
448
386
293
182
58
-80
-240
-432
-651
-865
-1039
-1160
-1248
-1331
-1401
-1419
-1353
-1220
-1077
-959
-842
-682
-478
-265
-72
110
287
441
557
646
714
737
690
598
517
466
406
299
155
22
-83
-177
-280
-379
-447
-486
-520
-553
-560
-523
-464
-434
-442
-451
-417
-334
-222
-101
22
147
295
504
807
1187
1580
1925
2201
2432
2636
2802
2881
2823
2613
2290
1909
1506
1070
570
8
-548
-1001
-1302
-1482
-1609
-1710
-1746
-1677
-1525
-1350
-1191
-1030
-849
-666
-524
-423
-326
-201
-62
55
136
201
291
423
572
663
636
505
357
254
173
31
-213
-527
-839
-1087
-1257
-1383
-1517
-1665
-1774
-1783
-1689
-1548
-1408
-1260
-1069
-823
-555
-297
-56
180
410
612
764
865
928
951
928
858
766
669
565
437
282
116
-41
-178
-297
-405
-505
-591
-650
-677
-681
-668
-633
-567
-485
-417
-380
-347
-281
-167
-29
117
291
537
881
1298
1727
2109
2425
2697
2957
3187
3325
3300
3096
2754
2330
1853
1322
730
97
-525
-1062
-1463
-1723
-1878
-1977
-2034
-2027
-1914
-1698
-1425
-1167
-957
-786
-635
-496
-358
-202
-24
143
267
366
494
666
812
852
783
682
599
513
363
134
-145
-441
-735
-1008
-1243
-1442
-1623
-1785
-1886
-1890
-1811
-1700
-1585
-1444
-1241
-974
-675
-381
-109
137
362
570
755
908
1010
1058
1052
1002
916
804
672
521
349
162
-25
-191
-320
-414
-492
-576
-664
-729
-749
-732
-704
-693
-691
-677
-623
-524
-390
-243
-91
71
277
566
965
1450
1944
2369
2718
3048
3390
3677
3781
3638
3301
2879
2427
1925
1332
658
-42
-707
-1289
-1749
-2052
-2206
-2270
-2302
-2287
-2156
-1878
-1528
-1225
-1030
-895
-745
-550
-341
-151
21
183
343
508
695
898
1080
1181
1181
1104
987
835
627
344
-6
-391
-774
-1128
-1438
-1698
-1904
-2053
-2140
-2156
-2103
-1988
-1828
-1626
-1383
-1096
-777
-444
-117
186
442
645
813
972
1121
1211
1204
1113
996
878
736
544
328
130
-42
-215
-398
-571
-705
-789
-837
-869
-903
-928
-915
-842
-734
-636
-571
-505
-401
-260
-109
55
276
606
1053
1580
2123
2615
3031
3405
3781
4109
4250
4097
3696
3191
2677
2116
1426
601
-262
-1041
-1671
-2150
-2499
-2730
-2844
-2837
-2707
-2451
-2104
-1733
-1413
-1159
-937
-707
-470
-248
-46
140
311
477
678
945
1245
1477
1580
1587
1575
1542
1409
1109
674
181
-325
-837
-1327
-1740
-2053
-2287
-2466
-2564
-2540
-2394
-2178
-1941
-1690
-1404
-1083
-747
-418
-103
201
487
748
976
1156
1260
1288
1268
1235
1165
1007
747
444
164
-80
-308
-515
-672
-782
-886
-1002
-1089
-1097
-1035
-970
-935
-907
-842
-741
-623
-499
-361
-210
-45
143
380
704
1164
1787
2501
3143
3574
3835
4090
4415
4643
4513
3953
3171
2429
1783
1076
184
-818
-1735
-2431
-2887
-3131
-3190
-3114
-2979
-2799
-2505
-2039
-1479
-989
-677
-502
-369
-231
-88
75
274
468
606
737
1006
1457
1940
2221
2243
2135
2025
1865
1529
982
316
-375
-1063
-1722
-2284
-2687
-2959
-3157
-3267
-3193
-2903
-2489
-2076
-1690
-1272
-802
-345
40
370
679
946
1117
1212
1306
1422
1466
1346
1089
814
583
356
77
-235
-521
-753
-940
-1081
-1173
-1248
-1345
-1432
-1419
-1283
-1117
-1037
-1027
-974
-811
-600
-425
-288
-128
63
240
386
568
883
1374
2019
2729
3387
3892
4260
4611
5005
5285
5178
4577
3676
2760
1914
1007
-73
-1250
-2339
-3210
-3818
-4136
-4173
-4017
-3790
-3493
-3016
-2301
-1493
-813
-366
-81
129
284
393
516
685
827
878
922
1143
1568
2009
2265
2344
2362
2322
2078
1561
888
209
-483
-1280
-2146
-2893
-3382
-3660
-3830
-3871
-3662
-3189
-2591
-2003
-1413
-761
-105
421
779
1074
1386
1650
1761
1736
1672
1599
1441
1158
814
483
141
-262
-686
-1025
-1258
-1475
-1723
-1912
-1932
-1828
-1749
-1748
-1706
-1512
-1218
-975
-827
-700
-528
-346
-188
-28
171
360
476
530
604
766
1057
1532
2222
3047
3813
4390
4817
5219
5594
5754
5480
4728
3653
2454
1229
-27
-1312
-2566
-3684
-4562
-5100
-5229
-4962
-4428
-3787
-3103
-2313
-1373
-387
424
923
1150
1251
1311
1323
1265
1164
1088
1089
1211
1469
1828
2172
2371
2356
2147
1777
1247
549
-282
-1176
-2081
-2956
-3716
-4220
-4385
-4258
-3956
-3526
-2932
-2177
-1359
-580
149
844
1437
1819
1987
2060
2128
2134
1968
1635
1267
952
637
206
-347
-913
-1379
-1727
-1987
-2173
-2284
-2339
-2353
-2284
-2069
-1718
-1346
-1057
-844
-618
-345
-88
62
97
76
63
63
54
38
48
113
256
548
1116
2032
3157
4190
4906
5379
5835
6319
6543
6148
5074
3605
2067
551
-1007
-2585
-4008
-5105
-5821
-6141
-5989
-5316
-4251
-3085
-2022
-1043
-28
976
1734
2040
1945
1684
1451
1288
1148
1015
907
876
985
1296
1759
2199
2407
2318
2000
1506
796
-164
-1272
-2364
-3341
-4182
-4797
-5028
-4805
-4261
-3586
-2821
-1899
-844
168
990
1632
2153
2494
2544
2332
2047
1812
1557
1150
613
81
-384
-851
-1358
-1819
-2125
-2291
-2400
-2465
-2416
-2227
-1977
-1730
-1439
-1042
-614
-318
-204
-129
41
243
285
111
-127
-239
-203
-123
-82
-84
-107
-107
59
593
1594
2897
4174
5156
5822
6311
6705
6875
6560
5587
4035
2189
330
-1409
-3015
-4449
-5594
-6323
-6552
-6240
-5398
-4159
-2783
-1507
-412
561
1434
2121
2481
2457
2115
1616
1148
850
771
846
988
1154
1416
1844
2363
2690
2545
1893
946
-70
-1103
-2180
-3254
-4182
-4846
-5170
-5087
-4560
-3675
-2633
-1590
-575
425
1327
1996
2396
2595
2628
2437
2010
1475
981
539
45
-526
-1066
-1466
-1744
-1981
-2212
-2394
-2473
-2418
-2216
-1884
-1486
-1114
-811
-539
-253
16
200
276
281
235
125
-48
-203
-274
-285
-340
-466
-572
-561
-440
-268
30
674
1830
3367
4903
6077
6832
7339
7692
7687
6982
5458
3348
1048
-1160
-3144
-4819
-6097
-6920
-7252
-7028
-6173
-4758
-3056
-1410
-10
1132
2046
2653
2851
2648
2198
1689
1232
898
756
867
1196
1634
2058
2414
2656
2694
2395
1668
538
-867
-2339
-3665
-4674
-5295
-5538
-5423
-4923
-3993
-2677
-1169
247
1363
2134
2625
2876
2860
2567
2070
1478
880
319
-160
-537
-838
-1135
-1463
-1782
-2015
-2126
-2154
-2162
-2175
-2143
-1967
-1591
-1094
-654
-387
-226
-24
230
378
302
77
-117
-228
-328
-461
-547
-536
-501
-552
-675
-758
-734
-555
-58
1014
2694
4620
6250
7320
7961
8407
8621
8245
6919
4646
1871
-836
-3144
-5038
-6565
-7626
-8055
-7771
-6806
-5248
-3266
-1190
594
1849
2597
2958
3008
2773
2334
1818
1317
909
711
872
1375
1999
2471
2701
2743
2589
2084
1097
-295
-1857
-3356
-4609
-5434
-5687
-5384
-4689
-3739
-2541
-1110
364
1592
2399
2790
2831
2550
2010
1366
778
281
-189
-641
-975
-1110
-1105
-1127
-1273
-1504
-1730
-1911
-2046
-2114
-2076
-1926
-1684
-1340
-883
-388
-16
129
111
76
81
55
-91
-327
-549
-684
-771
-888
-1047
-1135
-1055
-873
-764
-767
-590
209
1860
4110
6374
8101
9101
9527
9571
9157
7944
5679
2552
-814
-3770
-6001
-7527
-8427
-8678
-8218
-7062
-5305
-3120
-804
1191
2488
3039
3136
3076
2904
2504
1886
1285
956
1013
1413
2044
2701
3119
3092
2608
1789
718
-590
-2080
-3580
-4869
-5749
-6051
-5650
-4571
-3066
-1481
-47
1192
2220
2928
3171
2913
2254
1357
417
-345
-765
-842
-735
-608
-518
-450
-434
-564
-903
-1385
-1857
-2213
-2443
-2544
-2437
-2057
-1488
-905
-402
59
475
733
732
511
185
-170
-500
-747
-881
-973
-1065
-1126
-1101
-1047
-1056
-1134
-1205
-1179
-977
-465
505
2031
4067
6392
8597
10243
11047
10917
9805
7642
4515
806
-2913
-6118
-8424
-9605
-9661
-8856
-7519
-5784
-3597
-1061
1365
3062
3731
3581
3108
2679
2367
2094
1843
1705
1768
2085
2633
3264
3635
3364
2312
716
-1025
-2665
-4145
-5383
-6153
-6254
-5679
-4565
-3031
-1194
674
2177
3057
3362
3273
2848
2037
918
-218
-1051
-1451
-1469
-1222
-819
-400
-107
-27
-149
-430
-850
-1388
-1963
-2449
-2735
-2762
-2504
-1976
-1260
-520
62
385
482
467
414
275
-33
-478
-875
-1025
-915
-714
-636
-746
-975
-1200
-1360
-1476
-1598
-1729
-1709
-1253
-83
1837
4285
6902
9331
11205
12116
11725
9952
7048
3442
-458
-4311
-7728
-10196
-11212
-10621
-8794
-6427
-4052
-1775
494
2577
3960
4244
3592
2618
1883
1605
1783
2349
3102
3725
4024
4092
4045
3671
2520
416
-2238
-4689
-6341
-7028
-6911
-6208
-5018
-3367
-1359
739
2561
3773
4182
3795
2819
1563
325
-670
-1282
-1489
-1428
-1257
-998
-535
116
659
722
219
-577
-1309
-1813
-2146
-2392
-2527
-2441
-2074
-1490
-833
-246
159
287
126
-190
-449
-571
-656
-821
-1028
-1118
-1021
-808
-667
-744
-1083
-1550
-1917
-2054
-2032
-1974
-1733
-911
814
3345
6291
9249
11831
13478
13583
11968
9075
5552
1732
-2321
-6345
-9677
-11567
-11621
-10022
-7407
-4575
-2096
-112
1501
2758
3420
3273
2477
1578
1155
1507
2591
4081
5454
6152
5869
4707
2993
968
-1329
-3845
-6316
-8256
-9140
-8619
-6719
-3938
-1067
1234
2795
3838
4535
4714
4076
2633
834
-759
-1830
-2334
-2313
-1848
-1178
-654
-480
-519
-499
-361
-332
-622
-1140
-1593
-1770
-1684
-1449
-1175
-988
-1009
-1232
-1462
-1491
-1312
-1110
-1005
-906
-637
-191
227
356
87
-477
-1129
-1670
-2040
-2280
-2480
-2640
-2655
-2409
-1903
-1276
-624
134
1264
3030
5551
8635
11640
13576
13624
11776
8847
5732
2648
-774
-4690
-8498
-11153
-11904
-10724
-8189
-5169
-2482
-564
713
1779
2810
3517
3563
3098
2717
2917
3734
4857
5879
6349
5811
4109
1599
-1088
-3569
-5812
-7745
-8969
-9030
-7811
-5551
-2635
440
3028
4588
5085
4958
4582
3880
2569
725
-1084
-2245
-2588
-2408
-2084
-1808
-1597
-1446
-1321
-1119
-728
-204
190
192
-200
-674
-875
-730
-515
-607
-1115
-1769
-2107
-1877
-1252
-678
-430
-366
-150
279
583
370
-420
-1485
-2431
-2976
-3051
-2781
-2423
-2149
-1911
-1562
-1086
-650
-324
82
928
2458
4742
7660
10757
13133
13782
12275
9059
4995
685
-3633
-7665
-10790
-12337
-12008
-10036
-7019
-3723
-862
1151
2321
2898
3071
2934
2674
2602
2935
3643
4607
5707
6642
6780
5508
2819
-593
-3835
-6390
-8159
-9134
-9162
-8038
-5744
-2593
769
3536
5065
5221
4470
3516
2741
2029
1113
29
-906
-1467
-1705
-1797
-1858
-2009
-2351
-2801
-2994
-2577
-1571
-351
678
1315
1509
1282
726
-7
-791
-1583
-2332
-2886
-3001
-2514
-1511
-348
556
973
949
645
151
-527
-1362
-2205
-2859
-3149
-3033
-2578
-1947
-1326
-872
-675
-694
-742
-457
569
2611
5621
9151
12391
14349
14287
12194
8830
5089
1296
-2721
-6841
-10212
-11768
-11123
-8789
-5710
-2732
-415
1002
1671
1994
2282
2551
2735
2997
3654
4821
6205
7295
7564
6586
4198
748
-2916
-5950
-7995
-9116
-9341
-8489
-6483
-3647
-580
2156
4154
5095
4880
3860
2760
2166
2034
1836
1140
15
-1137
-2014
-2607
-3093
-3585
-4031
-4182
-3719
-2468
-625
1256
2574
3020
2655
1721
465
-872
-2032
-2823
-3194
-3145
-2614
-1581
-306
697
1033
738
121
-597
-1397
-2236
-2893
-3172
-3068
-2705
-2101
-1280
-464
-10
-58
-385
-707
-884
-820
-215
1320
3961
7463
11086
13682
14111
11953
7864
3088
-1421
-5330
-8520
-10622
-11134
-9842
-7082
-3643
-546
1288
1554
828
191
336
1160
2210
3320
4666
6267
7722
8376
7661
5346
1705
-2448
-6063
-8346
-9093
-8597
-7301
-5516
-3378
-998
1348
3223
4205
4147
3306
2245
1563
1534
1958
2275
1958
853
-786
-2510
-3955
-4906
-5277
-5046
-4233
-2864
-993
1138
2998
3928
3577
2182
390
-1190
-2282
-2892
-3105
-2955
-2432
-1551
-461
508
946
640
-248
-1267
-2011
-2346
-2355
-2179
-1906
-1638
-1442
-1305
-1131
-903
-796
-1027
-1564
-1964
-1688
-514
1398
3918
7117
10737
13627
14241
11957
7724
3173
-772
-4148
-7093
-9159
-9677
-8485
-6147
-3560
-1534
-585
-709
-1295
-1424
-535
1209
3238
5132
6792
8128
8838
8527
6947
4114
350
-3644
-6894
-8575
-8513
-7267
-5656
-4168
-2828
-1507
-242
830
1640
2209
2527
2621
2736
3186
3950
4462
4014
2369
-84
-2663
-4798
-6131
-6501
-5967
-4801
-3291
-1567
309
2070
3187
3212
2184
686
-536
-1057
-1010
-881
-1018
-1329
-1480
-1372
-1237
-1301
-1500
-1662
-1762
-1872
-1950
-1854
-1589
-1342
-1349
-1653
-2061
-2237
-1964
-1379
-880
-715
-648
-247
644
1897
3618
6221
9622
12532
13153
10828
6755
2801
-205
-2720
-5284
-7524
-8522
-7809
-5820
-3504
-1754
-1075
-1388
-1988
-1871
-458
1907
4281
5945
6900
7489
7750
7276
5659
2904
-531
-3896
-6348
-7282
-6725
-5405
-4207
-3492
-3008
-2362
-1456
-387
782
1997
3071
3811
4287
4698
4933
4441
2766
121
-2688
-4833
-5907
-5950
-5281
-4282
-3208
-2067
-782
559
1643
2143
1982
1402
801
444
287
77
-376
-1052
-1804
-2441
-2759
-2589
-1997
-1315
-893
-769
-713
-600
-589
-916
-1528
-2138
-2472
-2456
-2132
-1602
-1057
-700
-544
-335
200
1215
2865
5391
8684
11744
12970
11413
7726
3634
422
-1931
-4081
-6148
-7433
-7229
-5630
-3527
-1971
-1542
-2090
-2805
-2682
-1161
1461
4261
6396
7596
8050
7915
7063
5290
2645
-475
-3443
-5578
-6369
-5814
-4557
-3514
-3196
-3377
-3458
-3014
-2007
-586
1085
2799
4287
5307
5721
5441
4418
2730
667
-1362
-3039
-4228
-4880
-4947
-4471
-3682
-2902
-2244
-1543
-625
383
1170
1612
1842
1964
1849
1340
509
-418
-1284
-2045
-2628
-2919
-2862
-2495
-1904
-1249
-795
-778
-1165
-1622
-1835
-1783
-1733
-1861
-2014
-1867
-1341
-752
-452
-428
-314
207
1283
3092
5830
9129
11668
11847
9224
5097
1402
-950
-2494
-4028
-5464
-5986
-5135
-3405
-1826
-1211
-1714
-2807
-3459
-2644
-85
3379
6307
7732
7731
7014
6075
4834
2984
520
-2091
-4133
-5025
-4680
-3682
-2982
-3207
-4145
-4933
-4827
-3714
-1954
88
2199
4114
5452
5933
5569
4549
3031
1153
-789
-2343
-3210
-3474
-3475
-3451
-3396
-3208
-2873
-2386
-1645
-567
667
1657
2123
2108
1815
1326
607
-297
-1189
-1854
-2199
-2243
-2083
-1846
-1635
-1446
-1227
-1022
-1007
-1306
-1758
-2047
-1979
-1680
-1399
-1231
-1097
-953
-875
-844
-637
12
1250
3240
6126
9484
11886
11691
8626
4314
857
-985
-1947
-2888
-3754
-3987
-3465
-2710
-2331
-2511
-3040
-3510
-3413
-2212
293
3547
6369
7737
7522
6387
5005
3538
1870
99
-1384
-2267
-2582
-2618
-2721
-3181
-4119
-5289
-6058
-5779
-4290
-2014
434
2631
4343
5306
5249
4191
2601
1140
222
-184
-402
-766
-1432
-2319
-3178
-3740
-3883
-3629
-3017
-2008
-615
892
2014
2339
1867
982
138
-407
-638
-675
-693
-860
-1246
-1742
-2125
-2235
-2084
-1794
-1491
-1292
-1302
-1552
-1882
-2059
-1981
-1757
-1533
-1328
-1074
-733
-324
169
925
2350
4817
8059
10766
11266
8962
5092
1752
88
-424
-989
-2053
-3033
-3233
-2752
-2380
-2760
-3745
-4506
-4164
-2369
486
3455
5563
6385
6211
5598
4770
3590
2065
643
-155
-300
-298
-690
-1654
-3043
-4571
-5840
-6376
-5871
-4444
-2545
-591
1225
2752
3701
3811
3184
2317
1735
1598
1630
1368
501
-892
-2360
-3373
-3689
-3475
-3035
-2476
-1677
-602
465
1074
1022
535
48
-159
-96
47
61
-190
-705
-1331
-1853
-2159
-2284
-2283
-2122
-1769
-1339
-1044
-1038
-1282
-1647
-1995
-2208
-2183
-1895
-1433
-924
-434
70
743
1925
3988
6838
9458
10323
8654
5338
2323
906
724
474
-509
-1685
-2212
-2095
-2151
-2978
-4217
-4891
-4280
-2395
184
2689
4453
5145
4937
4345
3778
3247
2560
1722
1018
670
523
134
-850
-2395
-4088
-5364
-5806
-5347
-4256
-2910
-1570
-326
777
1665
2260
2529
2495
2254
1989
1837
1672
1120
-59
-1574
-2751
-3108
-2768
-2220
-1787
-1384
-807
-108
401
495
270
16
-79
-30
55
78
-58
-445
-1058
-1696
-2103
-2164
-1962
-1667
-1406
-1258
-1253
-1394
-1625
-1896
-2171
-2384
-2395
-2092
-1534
-927
-427
45
816
2306
4683
7460
9421
9358
7155
4102
1852
1002
842
444
-265
-690
-611
-650
-1574
-3302
-4815
-5029
-3682
-1415
850
2534
3568
4127
4308
4053
3354
2484
1903
1847
2037
1888
1049
-320
-1788
-3059
-4052
-4692
-4823
-4370
-3499
-2514
-1622
-847
-159
399
787
1100
1532
2133
2637
2619
1870
588
-768
-1780
-2259
-2241
-1910
-1458
-1004
-577
-233
-90
-220
-500
-659
-519
-162
150
208
-8
-390
-833
-1275
-1626
-1774
-1671
-1432
-1254
-1242
-1363
-1522
-1679
-1811
-1868
-1819
-1732
-1711
-1757
-1724
-1454
-853
198
1899
4313
6929
8638
8438
6392
3771
2014
1502
1480
1160
598
335
395
52
-1303
-3268
-4631
-4449
-2838
-767
824
1663
2074
2448
2806
2864
2477
1955
1860
2391
3030
2911
1625
-363
-2153
-3200
-3617
-3786
-3835
-3594
-2961
-2136
-1474
-1167
-1119
-1047
-671
120
1160
2040
2334
1894
948
-90
-897
-1363
-1491
-1319
-938
-533
-278
-211
-230
-230
-199
-172
-146
-106
-105
-239
-533
-877
-1145
-1323
-1471
-1603
-1638
-1535
-1385
-1332
-1445
-1661
-1876
-1997
-1967
-1777
-1511
-1317
-1295
-1401
-1460
-1248
-532
900
3071
5551
7447
7864
6622
4522
2784
2075
2082
2041
1622
1181
1111
1144
533
-1022
-2795
-3543
-2639
-668
1119
1888
1797
1589
1714
1910
1669
997
552
951
1980
2666
2168
556
-1322
-2652
-3259
-3470
-3558
-3454
-2965
-2130
-1293
-840
-887
-1176
-1269
-852
41
1038
1676
1708
1227
532
-110
-587
-864
-903
-697
-361
-72
69
92
54
-15
-63
17
241
443
392
33
-478
-954
-1337
-1634
-1797
-1744
-1511
-1279
-1220
-1353
-1547
-1700
-1806
-1909
-1997
-1993
-1835
-1571
-1333
-1204
-1063
-579
592
2500
4693
6330
6643
5534
3766
2445
2130
2424
2510
2082
1608
1621
1899
1587
203
-1645
-2689
-2167
-521
1050
1668
1432
1097
1193
1492
1378
670
-44
8
904
1844
1894
861
-588
-1634
-2029
-2140
-2381
-2729
-2835
-2480
-1850
-1356
-1255
-1452
-1614
-1432
-838
-63
520
669
438
101
-112
-167
-154
-121
-25
162
370
473
407
209
-22
-203
-281
-256
-176
-118
-136
-231
-393
-639
-974
-1321
-1534
-1536
-1428
-1398
-1525
-1678
-1677
-1495
-1305
-1281
-1431
-1597
-1620
-1467
-1209
-891
-416
432
1757
3282
4370
4450
3551
2385
1780
1957
2392
2434
2041
1784
2098
2624
2504
1364
-118
-792
-183
1030
1730
1463
762
441
692
973
703
-60
-671
-595
37
566
465
-175
-819
-1058
-974
-953
-1220
-1608
-1775
-1553
-1115
-807
-853
-1173
-1463
-1446
-1095
-650
-409
-472
-668
-720
-512
-191
-1
-14
-60
69
381
672
764
680
573
512
424
236
11
-119
-103
-27
-7
-87
-232
-397
-558
-712
-859
-998
-1126
-1233
-1312
-1375
-1446
-1539
-1639
-1698
-1687
-1620
-1532
-1417
-1206
-816
-255
318
653
612
342
229
565
1232
1778
1873
1682
1693
2156
2755
2930
2504
1924
1820
2346
3001
3150
2674
2064
1870
2111
2276
1903
1095
418
294
560
668
276
-406
-895
-957
-807
-806
-1055
-1340
-1412
-1241
-1012
-935
-1099
-1434
-1759
-1882
-1725
-1401
-1129
-1047
-1113
-1185
-1175
-1112
-1078
-1116
-1180
-1160
-967
-637
-329
-209
-293
-438
-479
-387
-278
-280
-385
-455
-380
-220
-150
-257
-433
-490
-368
-196
-143
-258
-456
-621
-719
-786
-872
-981
-1064
-1019
-749
-248
319
674
627
313
154
506
1265
1912
2037
1821
1867
2489
3272
3462
2808
1908
1625
2185
2944
3067
2398
1579
1326
1652
1895
1474
539
-204
-255
178
429
75
-683
-1280
-1386
-1196
-1152
-1450
-1857
-2001
-1771
-1400
-1210
-1316
-1552
-1653
-1512
-1248
-1053
-989
-969
-914
-853
-842
-859
-830
-730
-588
-418
-214
3
162
195
89
-82
-191
-153
-5
123
148
116
110
112
7
-245
-525
-671
-644
-555
-523
-567
-646
-735
-836
-948
-1046
-1116
-1157
-1175
-1147
-1023
-729
-272
175
336
111
-215
-146
531
1453
1983
1878
1580
1748
2485
3149
3057
2308
1756
2086
3030
3617
3204
2130
1323
1315
1753
1855
1275
436
31
271
665
552
-205
-1087
-1475
-1268
-918
-899
-1221
-1501
-1442
-1153
-1007
-1240
-1720
-2081
-2068
-1734
-1334
-1067
-946
-888
-849
-846
-882
-924
-940
-919
-837
-654
-371
-91
44
-22
-187
-282
-212
-36
114
159
128
95
95
93
34
-100
-265
-388
-429
-409
-402
-472
-625
-818
-1001
-1146
-1234
-1253
-1217
-1165
-1090
-876
-415
185
575
471
3
-287
68
978
1825
2059
1772
1617
2085
2895
3241
2694
1773
1473
2197
3282
3666
2983
1897
1334
1502
1764
1431
553
-159
-134
448
843
520
-346
-1118
-1353
-1179
-1051
-1225
-1527
-1608
-1344
-973
-848
-1090
-1487
-1708
-1606
-1304
-1037
-936
-961
-1017
-1051
-1053
-1017
-935
-834
-741
-634
-442
-169
51
54
-159
-395
-440
-267
-46
47
3
-39
20
112
80
-141
-420
-553
-468
-299
-253
-399
-629
-794
-869
-945
-1090
-1260
-1357
-1346
-1286
-1194
-964
-475
172
616
558
163
3
499
1406
2026
1964
1608
1706
2483
3305
3338
2498
1607
1547
2332
3119
3112
2364
1639
1545
1914
2044
1486
527
-110
-27
440
573
21
-858
-1395
-1319
-981
-904
-1199
-1500
-1441
-1085
-842
-990
-1400
-1712
-1723
-1522
-1299
-1131
-992
-897
-909
-1018
-1108
-1083
-995
-966
-984
-882
-554
-136
94
9
-233
-359
-267
-82
17
-8
-64
-53
9
20
-99
-314
-502
-558
-505
-456
-497
-599
-689
-754
-844
-982
-1106
-1141
-1083
-1003
-918
-737
-353
155
497
420
53
-101
370
1298
2019
2045
1638
1566
2214
3074
3254
2513
1617
1540
2378
3235
3208
2329
1450
1259
1588
1709
1189
348
-124
80
570
678
140
-675
-1184
-1193
-1026
-1091
-1416
-1669
-1577
-1232
-958
-959
-1170
-1398
-1517
-1509
-1399
-1215
-1024
-917
-933
-991
-965
-828
-704
-719
-815
-785
-514
-143
62
-15
-230
-340
-239
-28
114
119
74
84
118
50
-172
-425
-538
-487
-401
-411
-515
-623
-687
-755
-896
-1099
-1266
-1313
-1254
-1171
-1070
-834
-348
271
670
566
119
-124
272
1139
1834
1906
1604
1605
2216
2964
3081
2392
1582
1502
2253
3068
3121
2378
1567
1349
1633
1760
1279
450
-70
48
472
582
116
-605
-1052
-1032
-822
-802
-1043
-1293
-1311
-1135
-998
-1061
-1281
-1513
-1640
-1598
-1377
-1041
-750
-656
-769
-936
-1002
-953
-904
-928
-955
-836
-519
-137
81
8
-262
-487
-499
-339
-177
-110
-81
15
159
219
93
-163
-401
-525
-556
-564
-580
-602
-648
-760
-940
-1123
-1233
-1265
-1263
-1234
-1082
-693
-93
473
692
469
104
103
711
1597
2115
1974
1603
1699
2389
3006
2827
1964
1317
1601
2538
3157
2835
1907
1226
1224
1528
1477
885
199
-33
248
585
500
-54
-710
-1081
-1104
-1020
-1066
-1235
-1336
-1242
-1041
-935
-1022
-1221
-1389
-1456
-1439
-1359
-1217
-1045
-926
-911
-949
-935
-833
-706
-626
-575
-473
-287
-97
-33
-137
-309
-379
-270
-70
44
-12
-158
-241
-212
-167
-228
-396
-553
-597
-533
-454
-439
-507
-641
-821
-1008
-1144
-1176
-1119
-1027
-913
-689
-275
232
545
453
108
-23
400
1201
1815
1886
1671
1759
2365
3003
2998
2277
1530
1497
2183
2859
2848
2190
1515
1323
1492
1495
1030
355
-14
127
450
452
-20
-639
-983
-959
-831
-864
-1037
-1131
-1032
-869
-843
-1004
-1229
-1377
-1412
-1366
-1238
-1014
-767
-656
-774
-1008
-1128
-1039
-874
-811
-833
-744
-427
-23
191
88
-185
-365
-323
-155
-36
-35
-77
-68
-22
-47
-209
-448
-633
-685
-642
-602
-615
-659
-706
-772
-888
-1025
-1106
-1088
-1016
-934
-776
-417
118
554
574
207
-89
171
961
1708
1873
1556
1407
1874
2631
2902
2361
1568
1395
2058
2875
3001
2315
1467
1127
1308
1463
1147
493
33
105
489
651
299
-349
-839
-968
-918
-954
-1098
-1167
-1060
-889
-826
-891
-985
-1057
-1153
-1278
-1317
-1151
-852
-650
-702
-914
-1042
-953
-756
-661
-733
-816
-701
-381
-93
-79
-318
-531
-476
-190
88
195
167
128
104
14
-202
-467
-633
-634
-550
-512
-563
-652
-732
-838
-1000
-1161
-1210
-1121
-984
-878
-730
-385
160
634
709
371
42
203
890
1618
1878
1678
1527
1846
2476
2816
2476
1752
1362
1704
2409
2724
2305
1558
1138
1228
1412
1221
670
185
98
301
408
176
-291
-706
-899
-920
-902
-904
-899
-869
-853
-894
-991
-1105
-1216
-1323
-1398
-1357
-1139
-814
-578
-580
-764
-914
-890
-760
-687
-713
-711
-549
-256
-16
4
-193
-434
-529
-432
-249
-122
-86
-82
-67
-77
-169
-326
-464
-526
-536
-550
-584
-619
-662
-754
-916
-1088
-1175
-1138
-1024
-893
-728
-447
-28
391
574
432
193
262
820
1578
2019
1943
1695
1776
2242
2606
2401
1761
1334
1589
2286
2712
2430
1705
1166
1109
1239
1096
610
145
52
275
438
255
-199
-618
-800
-808
-823
-907
-963
-900
-775
-724
-811
-978
-1130
-1210
-1209
-1131
-988
-825
-721
-733
-838
-934
-928
-828
-717
-641
-550
-391
-207
-113
-163
-284
-356
-333
-267
-226
-213
-192
-152
-146
-237
-424
-616
-704
-660
-566
-521
-542
-572
-580
-616
-739
-916
-1047
-1063
-973
-811
-555
-171
279
598
610
371
210
450
1067
1662
1856
1712
1675
2050
2593
2747
2288
1646
1475
1935
2503
2546
1983
1318
1043
1131
1158
842
346
57
139
362
358
-7
-524
-876
-944
-874
-866
-953
-1011
-942
-805
-747
-842
-1024
-1175
-1227
-1189
-1086
-933
-777
-705
-771
-905
-959
-868
-723
-663
-686
-644
-425
-120
54
-19
-230
-361
-311
-176
-109
-151
-206
-190
-145
-194
-380
-600
-702
-647
-544
-527
-620
-732
-773
-744
-730
-788
-879
-897
-784
-574
-329
-51
264
524
573
403
264
466
1024
1595
1820
1717
1645
1881
2280
2429
2129
1651
1478
1788
2256
2386
2021
1465
1123
1070
1033
758
319
19
24
188
213
-36
-432
-749
-880
-891
-888
-893
-852
-749
-669
-713
-880
-1049
-1108
-1065
-1011
-994
-959
-849
-717
-695
-838
-1032
-1084
-920
-659
-498
-503
-553
-491
-321
-206
-279
-465
-559
-434
-181
2
-1
-134
-268
-334
-373
-448
-564
-655
-666
-614
-578
-618
-714
-799
-837
-851
-870
-878
-817
-645
-356
23
422
723
817
717
612
731
1121
1571
1805
1770
1699
1841
2157
2333
2129
1693
1441
1617
2015
2185
1909
1409
1069
1015
1027
843
464
129
32
106
109
-117
-485
-783
-893
-879
-868
-893
-897
-853
-819
-860
-951
-1003
-986
-975
-1038
-1124
-1099
-928
-748
-738
-902
-1052
-1014
-814
-636
-609
-674
-670
-520
-318
-231
-321
-476
-525
-411
-245
-179
-239
-321
-325
-265
-237
-297
-410
-497
-526
-518
-510
-522
-556
-609
-674
-729
-750
-724
-659
-549
-363
-62
324
669
824
773
691
813
1195
1641
1885
1864
1789
1894
2156
2297
2104
1704
1458
1573
1879
2015
1804
1404
1094
973
900
698
373
100
24
93
119
-28
-300
-542
-661
-694
-732
-813
-894
-916
-873
-814
-807
-886
-1021
-1136
-1152
-1062
-937
-868
-873
-896
-877
-826
-797
-814
-834
-807
-723
-620
-534
-476
-433
-387
-327
-273
-254
-285
-332
-345
-306
-257
-252
-302
-367
-406
-412
-415
-440
-476
-498
-495
-489
-500
-527
-543
-535
-504
-453
-343
-126
202
559
815
904
889
911
1064
1310
1533
1663
1747
1876
2063
2195
2140
1894
1622
1512
1598
1724
1706
1507
1246
1044
892
699
424
152
-2
-19
1
-55
-211
-395
-528
-601
-668
-770
-881
-929
-871
-755
-686
-728
-852
-970
-1034
-1065
-1096
-1108
-1045
-908
-786
-772
-854
-919
-880
-765
-669
-634
-610
-531
-405
-311
-311
-380
-436
-416
-329
-233
-174
-161
-181
-223
-277
-329
-368
-396
-416
-422
-402
-360
-318
-306
-342
-413
-476
-482
-416
-313
-200
-50
189
504
785
909
887
875
1018
1280
1477
1493
1435
1517
1783
1998
1897
1519
1216
1289
1630
1827
1625
1208
970
1038
1132
919
425
19
-11
219
332
120
-254
-471
-430
-332
-416
-673
-868
-832
-654
-576
-709
-922
-1020
-977
-943
-1030
-1172
-1202
-1068
-903
-872
-988
-1108
-1107
-1008
-931
-929
-933
-847
-675
-514
-437
-427
-409
-342
-259
-220
-225
-213
-137
-42
-27
-120
-231
-246
-170
-117
-166
-257
-273
-187
-93
-90
-159
-206
-181
-130
-119
-134
-84
99
375
619
728
715
686
734
860
994
1092
1174
1284
1409
1473
1421
1291
1192
1198
1279
1341
1332
1277
1214
1122
946
697
468
359
364
380
315
173
32
-58
-126
-236
-403
-568
-645
-607
-516
-471
-520
-624
-704
-728
-737
-784
-857
-888
-833
-734
-683
-728
-832
-912
-912
-845
-769
-729
-718
-696
-642
-579
-539
-522
-496
-444
-382
-334
-300
-263
-222
-198
-206
-227
-232
-214
-195
-194
-208
-217
-217
-216
-219
-226
-235
-247
-250
-224
-161
-90
-49
-48
-42
20
147
294
401
452
488
566
707
867
978
1013
1017
1060
1164
1271
1306
1257
1192
1189
1251
1302
1263
1144
1026
975
966
913
776
609
506
493
490
407
242
77
-23
-76
-148
-260
-374
-453
-502
-556
-627
-696
-748
-789
-835
-883
-917
-931
-944
-975
-1021
-1058
-1063
-1044
-1022
-1012
-1001
-970
-917
-859
-811
-767
-709
-634
-553
-480
-423
-381
-341
-290
-223
-157
-113
-100
-103
-96
-65
-18
18
26
15
15
44
84
100
76
39
31
74
145
210
252
295
368
470
557
585
570
580
672
821
942
979
965
982
1059
1137
1136
1051
969
974
1058
1126
1093
973
850
784
751
687
570
454
399
399
386
298
145
-13
-123
-184
-227
-285
-366
-454
-532
-593
-645
-703
-769
-834
-880
-894
-885
-882
-906
-956
-1005
-1030
-1033
-1031
-1026
-1002
-948
-874
-805
-750
-700
-651
-608
-572
-529
-462
-373
-284
-213
-167
-136
-101
-57
-17
-1
-10
-13
21
84
133
136
112
100
119
143
144
125
118
149
210
268
300
310
328
376
451
523
569
596
631
686
752
804
828
834
847
882
929
958
948
908
870
856
855
838
791
729
680
654
630
580
499
406
316
227
130
36
-41
-104
-178
-281
-392
-468
-498
-518
-573
-662
-741
-779
-793
-826
-889
-951
-977
-969
-965
-989
-1029
-1047
-1026
-979
-925
-871
-815
-758
-705
-655
-600
-537
-472
-415
-364
-311
-248
-180
-124
-90
-69
-37
17
82
128
140
133
135
161
196
217
218
210
209
221
235
242
243
250
272
308
349
394
442
494
541
576
607
647
700
748
771
775
783
807
833
836
817
797
792
793
777
733
681
649
643
631
583
498
410
345
293
223
131
36
-41
-107
-184
-279
-375
-454
-516
-575
-635
-684
-711
-730
-765
-825
-893
-938
-952
-955
-970
-996
-1004
-977
-929
-896
-887
-874
-826
-751
-678
-625
-571
-496
-408
-338
-297
-268
-225
-163
-94
-31
23
74
123
164
189
197
201
217
248
281
305
319
330
343
348
337
313
296
303
328
347
349
347
367
411
456
478
485
504
552
610
643
637
617
618
642
663
655
626
605
605
606
586
545
512
498
486
451
393
337
302
273
222
141
56
-5
-44
-93
-175
-276
-361
-412
-445
-487
-544
-599
-636
-661
-694
-743
-795
-826
-831
-823
-824
-840
-855
-848
-821
-793
-779
-767
-730
-665
-599
-553
-516
-463
-387
-311
-256
-218
-179
-124
-58
5
53
83
105
131
168
209
236
242
241
255
285
310
312
301
301
321
340
339
325
325
352
387
402
400
406
439
488
522
532
535
553
589
625
644
643
636
633
633
628
606
570
534
509
491
465
420
367
331
318
306
264
186
98
33
-9
-54
-125
-214
-291
-344
-389
-453
-532
-599
-635
-656
-691
-744
-788
-802
-799
-810
-839
-859
-848
-812
-780
-767
-760
-733
-680
-617
-570
-541
-507
-444
-354
-269
-216
-189
-157
-98
-24
39
79
111
152
198
231
242
245
260
292
328
351
353
343
336
340
349
348
337
326
330
343
352
344
327
315
319
337
364
395
424
440
444
447
460
479
491
487
473
465
467
469
460
435
401
365
335
313
300
290
273
246
212
171
119
55
-10
-64
-108
-156
-216
-282
-338
-385
-433
-491
-553
-603
-637
-658
-679
-708
-741
-764
-769
-762
-755
-750
-734
-700
-656
-618
-590
-558
-511
-452
-396
-350
-305
-254
-199
-150
-109
-69
-20
36
91
137
169
189
205
224
247
270
291
311
335
358
371
368
354
340
336
344
355
357
347
337
335
340
338
319
298
298
327
366
387
379
358
350
357
367
365
356
352
358
362
355
337
315
295
271
240
207
182
166
148
116
72
35
14
-4
-41
-96
-150
-182
-199
-224
-272
-330
-378
-408
-434
-466
-507
-546
-572
-584
-584
-582
-585
-595
-604
-601
-581
-549
-516
-492
-474
-448
-404
-351
-308
-286
-271
-240
-188
-133
-100
-89
-75
-37
26
87
124
133
133
145
176
212
239
254
265
284
310
330
330
310
288
283
300
323
332
321
306
301
305
303
292
281
281
293
306
311
313
319
324
317
294
266
254
263
275
268
242
218
212
214
196
152
104
83
92
103
86
37
-15
-45
-56
-72
-111
-159
-191
-197
-193
-208
-251
-307
-352
-377
-392
-409
-433
-456
-468
-469
-465
-463
-466
-467
-464
-452
-433
-412
-392
-373
-353
-327
-293
-253
-220
-201
-193
-181
-148
-98
-48
-13
9
31
58
87
111
130
151
176
205
232
256
272
278
276
274
280
296
312
316
308
298
294
293
283
267
254
254
260
258
244
228
221
223
225
218
204
192
187
187
181
165
144
130
125
124
117
103
90
79
66
48
31
17
6
-6
-18
-31
-46
-70
-101
-128
-139
-136
-135
-149
-176
-200
-211
-221
-247
-288
-324
-336
-324
-310
-309
-322
-338
-348
-350
-348
-343
-336
-325
-307
-283
-258
-238
-223
-207
-184
-161
-143
-127
-104
-69
-26
11
32
42
55
79
111
140
158
172
194
226
255
266
259
250
253
269
286
293
291
285
279
268
253
238
231
231
227
215
201
195
193
180
151
121
109
116
126
122
105
86
76
73
66
50
30
18
15
10
-7
-29
-42
-41
-37
-40
-47
-48
-45
-52
-77
-110
-130
-127
-112
-105
-116
-136
-150
-158
-175
-205
-238
-254
-245
-223
-211
-219
-240
-261
-273
-272
-262
-250
-238
-227
-213
-200
-193
-193
-192
-184
-165
-138
-106
-70
-37
-16
-5
8
36
72
102
118
128
146
172
195
202
195
189
202
230
255
263
252
240
237
238
229
204
177
169
184
202
195
157
114
92
98
113
112
89
61
45
48
59
61
48
28
15
13
16
13
0
-17
-29
-35
-37
