0
1
1
0
-1
-1
0
0
-1
-2
0
4
6
7
7
7
6
4
3
2
0
-3
-7
-9
-7
-2
2
2
-1
-2
0
3
4
2
1
1
2
1
-2
-6
-8
-8
-6
-5
-5
-5
-5
-4
-4
-3
-2
-2
-5
-8
-10
-10
-9
-7
-6
-6
-6
-5
-4
-4
-5
-5
-1
3
5
5
5
4
2
-1
-5
-7
-6
-5
-5
-5
-4
-3
-4
-4
-2
1
4
5
5
7
10
10
6
1
-1
-1
-1
-2
-1
2
6
8
7
5
5
5
4
0
-5
-7
-6
-4
-4
-5
-4
-1
3
6
6
4
3
2
-1
-3
-7
-11
-13
-13
-12
-11
-10
-9
-6
-3
-1
-3
-5
-6
-7
-9
-12
-13
-11
-9
-8
-8
-7
-6
-4
-4
-5
-5
-3
1
4
5
5
4
4
2
-2
-6
-8
-6
-1
6
11
14
16
15
14
13
11
7
2
0
2
5
6
6
8
11
12
10
8
8
11
13
13
12
10
6
1
-2
-3
-3
-2
-1
1
4
6
3
-1
-5
-9
-11
-12
-11
-9
-8
-7
-7
-6
-5
-5
-7
-10
-14
-17
-19
-21
-21
-21
-21
-22
-22
-21
-18
-15
-14
-13
-12
-11
-10
-9
-8
-9
-11
-14
-17
-18
-15
-10
-3
3
7
10
11
9
7
6
6
5
4
3
4
8
9
9
10
13
18
24
28
31
33
33
31
30
29
28
26
22
18
18
20
22
23
24
25
26
25
22
18
15
14
13
11
7
3
0
-1
-1
0
0
-1
-5
-8
-10
-12
-17
-23
-28
-32
-35
-39
-43
-45
-45
-44
-43
-42
-41
-41
-41
-42
-43
-43
-43
-43
-44
-46
-48
-48
-45
-44
-42
-39
-33
-25
-19
-16
-14
-13
-11
-10
-10
-9
-6
-1
6
12
17
20
22
25
29
33
37
40
42
44
46
48
50
51
49
47
47
50
53
56
59
62
66
69
70
66
58
50
45
43
42
39
34
29
24
22
21
18
13
7
3
2
2
0
-7
-16
-24
-30
-36
-41
-46
-50
-52
-52
-52
-53
-56
-62
-70
-77
-82
-86
-90
-95
-99
-100
-98
-98
-100
-103
-105
-105
-105
-105
-103
-99
-93
-87
-84
-81
-77
-70
-62
-55
-47
-37
-24
-11
-1
6
12
20
29
40
51
61
69
75
82
89
97
106
115
124
136
149
161
168
168
167
168
170
169
163
156
150
147
144
141
138
134
130
124
114
100
87
77
69
60
47
30
12
-4
-20
-35
-49
-62
-73
-82
-90
-96
-102
-111
-122
-135
-149
-163
-175
-185
-194
-205
-216
-227
-237
-246
-254
-264
-277
-291
-302
-309
-312
-314
-316
-314
-305
-291
-274
-255
-235
-213
-186
-156
-124
-94
-66
-41
-18
5
27
48
68
87
107
133
163
193
219
244
271
304
339
372
399
420
436
451
463
473
481
485
486
485
485
487
488
482
469
449
425
395
359
318
273
224
172
118
66
14
-38
-89
-135
-172
-199
-222
-242
-259
-274
-287
-304
-324
-344
-362
-380
-399
-416
-429
-437
-444
-451
-458
-467
-477
-490
-503
-516
-532
-549
-562
-567
-564
-559
-551
-533
-498
-448
-394
-340
-288
-235
-181
-130
-83
-42
-6
23
45
62
81
107
139
171
199
227
265
316
373
422
462
498
539
582
624
666
712
763
815
864
910
960
1012
1059
1088
1094
1077
1041
987
909
802
666
513
360
217
82
-46
-161
-255
-329
-389
-437
-470
-490
-504
-517
-531
-540
-546
-555
-575
-604
-631
-647
-649
-643
-631
-616
-601
-589
-584
-587
-597
-612
-633
-658
-684
-708
-730
-745
-749
-735
-705
-658
-593
-509
-410
-306
-203
-104
-9
79
156
221
278
325
358
377
387
396
406
417
424
425
420
410
401
393
392
397
407
422
450
504
594
712
835
938
1015
1079
1147
1218
1265
1246
1146
993
831
685
533
343
118
-102
-274
-388
-461
-516
-565
-609
-639
-641
-609
-564
-532
-525
-526
-507
-461
-393
-321
-252
-186
-117
-36
54
134
181
183
155
119
86
39
-41
-156
-281
-386
-459
-512
-562
-615
-657
-671
-651
-610
-568
-539
-517
-490
-448
-397
-344
-299
-264
-241
-218
-182
-129
-79
-54
-55
-50
-18
24
39
14
-24
-43
-43
-49
-70
-88
-88
-77
-65
-44
2
70
147
237
368
559
785
990
1145
1268
1394
1526
1625
1646
1580
1455
1305
1142
961
751
519
283
65
-115
-250
-350
-434
-514
-579
-607
-594
-568
-567
-605
-652
-674
-661
-634
-608
-582
-539
-468
-358
-208
-37
118
227
299
359
412
424
360
224
59
-97
-233
-364
-498
-624
-723
-778
-788
-763
-722
-681
-640
-584
-499
-393
-298
-242
-221
-203
-160
-98
-48
-26
-14
8
44
81
109
119
103
64
20
-14
-45
-94
-162
-226
-269
-296
-320
-341
-345
-326
-296
-259
-197
-80
108
354
618
862
1074
1282
1516
1755
1929
1971
1884
1735
1588
1446
1263
1000
676
359
107
-75
-223
-365
-495
-585
-622
-616
-589
-567
-576
-616
-660
-676
-664
-657
-678
-710
-703
-623
-478
-305
-136
19
167
317
459
566
605
560
447
301
149
-17
-211
-429
-641
-817
-942
-1013
-1034
-1023
-997
-954
-873
-744
-599
-480
-399
-328
-239
-130
-28
45
85
108
135
170
197
196
170
139
122
116
105
73
20
-43
-106
-160
-207
-254
-307
-350
-364
-346
-315
-281
-216
-75
155
439
719
971
1219
1498
1799
2047
2162
2125
1995
1842
1680
1472
1184
827
458
130
-129
-323
-481
-634
-777
-864
-854
-767
-686
-679
-736
-789
-793
-764
-750
-776
-823
-846
-806
-693
-517
-301
-70
154
366
565
750
891
949
899
759
566
348
109
-156
-443
-728
-974
-1148
-1237
-1263
-1260
-1240
-1179
-1052
-874
-699
-564
-464
-367
-254
-130
-17
58
78
66
68
108
161
183
163
127
103
99
101
88
45
-26
-108
-178
-237
-290
-343
-392
-434
-461
-449
-357
-156
146
497
837
1146
1460
1823
2214
2533
2677
2635
2491
2328
2144
1870
1456
945
438
18
-297
-542
-756
-959
-1136
-1244
-1247
-1153
-1022
-928
-886
-862
-819
-775
-769
-817
-894
-958
-972
-909
-759
-532
-257
50
385
742
1082
1349
1495
1513
1425
1256
1012
680
254
-240
-742
-1186
-1537
-1802
-1998
-2119
-2129
-2006
-1769
-1482
-1211
-978
-760
-535
-320
-151
-38
43
107
146
150
131
105
80
64
84
147
213
234
205
169
152
135
86
4
-92
-192
-303
-424
-536
-612
-627
-541
-317
41
466
883
1288
1741
2270
2783
3128
3223
3128
2959
2754
2455
2007
1441
856
315
-168
-589
-919
-1139
-1283
-1391
-1449
-1399
-1241
-1064
-966
-947
-932
-880
-845
-884
-984
-1072
-1100
-1059
-946
-749
-471
-141
219
606
1006
1365
1618
1736
1726
1594
1334
950
486
-4
-490
-965
-1405
-1754
-1973
-2072
-2094
-2051
-1923
-1705
-1435
-1158
-898
-661
-462
-305
-176
-55
39
72
53
48
110
203
248
217
176
195
269
330
329
269
177
74
-34
-137
-236
-343
-469
-606
-719
-748
-642
-379
9
454
902
1344
1823
2366
2908
3293
3411
3306
3124
2935
2659
2182
1523
823
205
-304
-722
-1059
-1325
-1547
-1711
-1738
-1572
-1295
-1080
-1007
-993
-926
-827
-800
-885
-1006
-1083
-1105
-1079
-966
-723
-383
-16
356
773
1236
1656
1927
2028
1999
1859
1580
1164
674
165
-379
-971
-1537
-1949
-2165
-2278
-2383
-2446
-2357
-2081
-1716
-1381
-1105
-846
-577
-323
-111
52
156
180
145
127
184
284
334
294
226
218
282
359
387
354
271
149
5
-134
-255
-384
-551
-741
-876
-882
-732
-439
-26
463
965
1453
1977
2596
3247
3732
3878
3718
3435
3155
2811
2265
1505
677
-50
-613
-1036
-1362
-1625
-1844
-1994
-1994
-1791
-1466
-1194
-1086
-1076
-1032
-927
-864
-916
-1042
-1139
-1156
-1090
-926
-640
-254
175
633
1150
1717
2221
2530
2609
2527
2334
2006
1499
842
120
-599
-1292
-1931
-2458
-2819
-2998
-3000
-2829
-2513
-2132
-1778
-1473
-1164
-810
-459
-196
-41
69
179
253
255
230
262
353
414
391
345
364
443
497
470
380
254
94
-105
-305
-481
-648
-843
-1042
-1164
-1126
-888
-457
122
758
1367
1948
2588
3311
3969
4333
4316
4053
3724
3341
2777
1970
1034
147
-600
-1215
-1695
-2002
-2144
-2189
-2173
-2043
-1760
-1416
-1184
-1108
-1083
-1006
-925
-938
-1049
-1158
-1205
-1189
-1071
-757
-228
379
912
1375
1890
2465
2923
3074
2916
2579
2144
1585
878
79
-730
-1502
-2198
-2743
-3073
-3205
-3212
-3132
-2928
-2570
-2112
-1651
-1241
-870
-534
-260
-56
120
303
452
501
464
443
502
586
593
507
406
359
348
310
218
86
-65
-237
-423
-612
-800
-1007
-1219
-1367
-1331
-1030
-483
201
902
1580
2281
3070
3900
4590
4930
4857
4507
4065
3565
2888
1934
787
-336
-1239
-1856
-2224
-2428
-2566
-2682
-2701
-2474
-1985
-1444
-1127
-1078
-1105
-1035
-917
-877
-920
-940
-884
-774
-568
-154
501
1244
1890
2391
2833
3246
3530
3547
3254
2688
1903
965
-13
-920
-1747
-2551
-3301
-3819
-3947
-3747
-3449
-3190
-2898
-2438
-1832
-1241
-790
-466
-201
35
237
409
537
574
498
386
376
501
634
602
391
151
37
44
57
-13
-167
-372
-609
-846
-1058
-1247
-1446
-1619
-1626
-1312
-645
262
1242
2174
3047
3927
4859
5709
6187
6066
5420
4559
3714
2824
1701
329
-1061
-2209
-2999
-3451
-3629
-3625
-3525
-3324
-2934
-2338
-1710
-1261
-1043
-931
-845
-816
-881
-960
-939
-785
-510
-71
635
1593
2615
3464
4062
4459
4689
4658
4255
3470
2388
1101
-314
-1729
-2969
-3919
-4591
-5036
-5205
-4981
-4363
-3557
-2809
-2171
-1523
-803
-143
294
511
652
798
882
844
740
660
580
420
192
14
-66
-121
-228
-357
-455
-553
-700
-866
-978
-1075
-1255
-1528
-1753
-1836
-1823
-1762
-1509
-812
371
1772
3064
4185
5289
6452
7462
7974
7783
6955
5715
4271
2710
1039
-713
-2438
-3951
-5048
-5592
-5607
-5278
-4818
-4292
-3609
-2712
-1768
-1053
-721
-647
-624
-555
-488
-435
-290
49
579
1226
1996
2928
3979
4940
5593
5839
5695
5168
4217
2850
1181
-619
-2411
-4075
-5461
-6401
-6814
-6731
-6224
-5344
-4174
-2877
-1649
-583
341
1142
1746
2059
2082
1913
1645
1320
971
638
340
32
-312
-654
-912
-1078
-1219
-1389
-1554
-1640
-1649
-1644
-1686
-1751
-1810
-1858
-1921
-1992
-2037
-1967
-1601
-700
830
2729
4540
5987
7206
8437
9599
10228
9890
8560
6590
4372
2102
-185
-2456
-4597
-6422
-7718
-8287
-8043
-7134
-5898
-4653
-3470
-2260
-1011
65
741
964
890
707
571
629
985
1597
2279
2931
3647
4567
5563
6272
6386
5884
4894
3500
1738
-276
-2349
-4315
-6029
-7277
-7819
-7602
-6845
-5838
-4680
-3290
-1660
3
1408
2387
2946
3160
3101
2844
2457
1967
1368
712
106
-372
-777
-1200
-1651
-2035
-2296
-2482
-2646
-2739
-2675
-2524
-2450
-2484
-2388
-1974
-1398
-1053
-1073
-1167
-970
-419
348
1375
2867
4837
6878
8514
9601
10328
10767
10590
9323
6880
3749
607
-2188
-4682
-6962
-8855
-10021
-10242
-9537
-8095
-6180
-4127
-2247
-713
525
1580
2466
3039
3164
2875
2418
2142
2279
2807
3454
3956
4256
4500
4737
4762
4255
3102
1498
-281
-2072
-3790
-5267
-6289
-6768
-6777
-6375
-5500
-4126
-2456
-846
483
1552
2415
2973
3093
2844
2458
2073
1643
1106
534
9
-503
-1068
-1618
-2023
-2277
-2534
-2899
-3285
-3513
-3485
-3258
-2930
-2581
-2199
-1745
-1194
-634
-217
-50
-73
-96
57
510
1385
2839
4837
7017
8815
9917
10426
10569
10238
8987
6510
3045
-737
-4196
-6994
-9029
-10274
-10759
-10527
-9523
-7612
-4916
-2029
293
1777
2719
3487
4054
4192
3879
3328
2760
2334
2291
2789
3623
4244
4290
3893
3388
2763
1638
-207
-2461
-4504
-5910
-6611
-6705
-6263
-5359
-4102
-2577
-839
947
2432
3269
3387
3003
2377
1633
847
162
-307
-598
-852
-1066
-1098
-912
-760
-943
-1482
-2104
-2578
-2916
-3213
-3432
-3446
-3235
-2879
-2427
-1827
-1104
-406
117
486
797
1027
1020
682
186
-50
502
2155
4704
7344
9208
10025
10207
10146
9583
7867
4734
693
-3355
-6697
-9025
-10317
-10680
-10243
-9076
-7151
-4483
-1361
1573
3609
4402
4197
3583
3053
2740
2503
2187
1810
1623
1949
2897
4092
4806
4457
3077
1213
-617
-2312
-4003
-5615
-6747
-6970
-6148
-4467
-2292
-61
1807
3078
3781
4040
3827
2994
1559
-124
-1574
-2500
-2852
-2683
-2081
-1276
-590
-214
-67
-9
-113
-603
-1524
-2565
-3309
-3580
-3521
-3340
-3072
-2579
-1786
-831
-30
393
464
405
368
292
23
-460
-928
-1031
-386
1265
3883
6927
9533
11026
11304
10675
9362
7272
4208
267
-3994
-7699
-10037
-10660
-9868
-8327
-6552
-4584
-2239
376
2649
3868
3813
2942
1979
1398
1264
1448
1857
2450
3156
3875
4515
4914
4724
3531
1253
-1606
-4233
-6077
-7086
-7414
-7052
-5837
-3719
-949
1926
4228
5425
5431
4615
3442
2091
524
-1172
-2642
-3506
-3640
-3169
-2301
-1235
-237
406
535
241
-254
-823
-1477
-2217
-2870
-3173
-3016
-2579
-2181
-1985
-1856
-1570
-1081
-583
-273
-170
-151
-160
-259
-501
-819
-972
-614
659
3043
6224
9301
11274
11724
11000
9669
7838
5138
1369
-2969
-6849
-9366
-10206
-9611
-8110
-6231
-4307
-2387
-409
1483
2831
3200
2637
1715
1103
1154
1850
2962
4133
4948
5161
4885
4383
3612
2153
-269
-3280
-6015
-7738
-8235
-7665
-6257
-4190
-1659
1103
3782
5915
6961
6602
5053
2965
956
-748
-2200
-3380
-4084
-4141
-3616
-2717
-1664
-673
-23
104
-184
-559
-808
-1004
-1301
-1705
-2072
-2267
-2239
-2027
-1797
-1763
-1954
-2113
-1917
-1343
-654
-112
239
455
506
300
-155
-568
-426
812
3324
6628
9647
11329
11336
10162
8500
6540
3916
328
-3862
-7644
-9930
-10216
-8818
-6591
-4339
-2416
-756
784
2110
2887
2829
2050
1136
792
1370
2677
4191
5346
5744
5283
4185
2763
1070
-1116
-3833
-6541
-8367
-8725
-7657
-5613
-3068
-362
2240
4488
6128
6896
6587
5202
3076
780
-1164
-2519
-3334
-3766
-3934
-3854
-3488
-2808
-1915
-1049
-467
-256
-272
-299
-232
-166
-272
-649
-1255
-1949
-2572
-3006
-3190
-3160
-2987
-2701
-2200
-1382
-331
604
1029
788
48
-763
-1130
-527
1377
4478
8091
11167
12799
12668
11083
8570
5415
1589
-2855
-7341
-10774
-12125
-11107
-8418
-5266
-2600
-657
845
2129
3042
3228
2596
1580
955
1389
3003
5246
7136
7808
6990
5062
2633
46
-2713
-5647
-8350
-10060
-10130
-8470
-5582
-2248
827
3215
4847
5906
6556
6696
6023
4452
2366
427
-941
-1791
-2456
-3197
-4025
-4776
-5195
-5051
-4233
-2882
-1354
-11
974
1627
1991
1975
1369
58
-1734
-3443
-4481
-4638
-4162
-3418
-2582
-1606
-493
582
1355
1602
1180
96
-1318
-2433
-2614
-1590
585
3738
7530
11135
13337
13260
11042
7558
3527
-898
-5562
-9622
-11802
-11359
-8753
-5259
-2121
20
1143
1536
1502
1168
589
6
-75
827
2778
5360
7849
9408
9271
7100
3373
-768
-4249
-6717
-8405
-9408
-9323
-7688
-4664
-1130
1899
3828
4612
4566
4198
3993
4074
4072
3454
2119
530
-788
-1768
-2760
-3986
-5252
-6084
-6093
-5136
-3337
-1087
1041
2503
3069
2858
2124
989
-556
-2432
-4280
-5541
-5759
-4886
-3313
-1684
-510
49
182
168
54
-408
-1439
-2705
-3318
-2472
-82
3374
7398
11431
14392
14979
12780
8762
4293
-51
-4353
-8344
-11043
-11536
-9725
-6423
-2902
-400
380
-305
-1423
-1916
-1419
-261
1135
2695
4624
6959
9280
10725
10331
7600
2973
-2182
-6313
-8590
-9193
-8795
-7830
-6307
-4182
-1717
518
1989
2449
2090
1497
1441
2462
4413
6453
7504
6943
4906
2018
-1100
-4136
-6903
-9047
-9973
-9186
-6697
-3149
436
3124
4418
4340
3268
1674
-52
-1636
-2889
-3669
-3891
-3540
-2744
-1775
-1014
-755
-1048
-1646
-2151
-2259
-1976
-1602
-1442
-1474
-1234
-67
2497
6355
10637
13886
14796
13057
9579
5741
2333
-730
-3797
-6707
-8749
-9204
-7932
-5508
-3008
-1533
-1550
-2513
-3183
-2587
-699
1751
3991
5726
7077
8225
9044
8966
7286
3826
-598
-4523
-6817
-7367
-6874
-6069
-5204
-4194
-2972
-1662
-453
506
1168
1666
2356
3635
5508
7333
8040
6849
3893
165
-3181
-5572
-7055
-7804
-7717
-6593
-4501
-1902
559
2297
2973
2607
1574
379
-610
-1284
-1747
-2163
-2579
-2846
-2789
-2463
-2188
-2193
-2368
-2411
-2183
-1819
-1529
-1404
-1342
-1126
-492
849
3229
6759
10794
13760
14073
11475
7312
3268
-32
-2975
-5859
-8213
-9248
-8596
-6584
-4040
-2023
-1397
-2167
-3258
-3210
-1395
1526
4369
6461
7868
8786
9078
8404
6554
3562
-278
-4247
-7210
-8215
-7253
-5375
-3848
-3191
-3029
-2693
-1897
-817
204
1018
1846
3135
5151
7471
8989
8569
5904
1780
-2487
-5852
-7899
-8638
-8230
-6910
-5019
-2899
-817
965
2077
2209
1457
397
-309
-414
-188
-150
-645
-1620
-2651
-3293
-3438
-3376
-3387
-3392
-3064
-2259
-1234
-410
-42
-61
-160
140
1432
4190
8208
12175
14115
12802
8843
4179
384
-2400
-4815
-7033
-8401
-8245
-6609
-4275
-2292
-1492
-2070
-3293
-3797
-2517
469
4020
6908
8623
9354
9376
8625
6799
3756
-157
-4029
-6709
-7414
-6289
-4347
-2819
-2380
-2826
-3406
-3402
-2580
-1173
443
2082
3836
5828
7882
9322
9192
6830
2492
-2517
-6490
-8319
-8105
-6813
-5386
-4119
-2806
-1275
237
1219
1312
677
-16
-76
607
1397
1447
413
-1296
-2942
-4022
-4475
-4467
-4160
-3606
-2795
-1778
-802
-260
-321
-674
-710
55
1914
5066
9240
13079
14521
12392
7649
2612
-1078
-3486
-5486
-7276
-8135
-7392
-5347
-3154
-1985
-2309
-3646
-4821
-4540
-2170
1762
5859
8792
10085
10041
9076
7295
4658
1356
-2053
-4797
-6160
-5876
-4448
-3004
-2567
-3283
-4414
-4973
-4439
-2903
-805
1407
3477
5339
6972
8149
8352
7024
4073
207
-3351
-5610
-6407
-6291
-5894
-5438
-4800
-3830
-2577
-1257
-147
576
950
1196
1488
1734
1644
971
-269
-1796
-3165
-3980
-4073
-3649
-3107
-2712
-2432
-2116
-1791
-1620
-1611
-1417
-505
1552
4863
9026
12919
14886
13635
9380
3952
-507
-3082
-4320
-5103
-5678
-5746
-5143
-4162
-3403
-3477
-4529
-5803
-5819
-3480
865
5581
8974
10352
10023
8628
6634
4281
1765
-634
-2589
-3804
-4132
-3701
-3035
-2892
-3732
-5231
-6374
-6211
-4510
-1787
1153
3655
5382
6325
6692
6651
6084
4682
2354
-462
-2951
-4477
-5018
-5081
-5169
-5340
-5224
-4468
-3073
-1365
269
1540
2241
2283
1807
1160
578
-47
-983
-2183
-3199
-3584
-3349
-2859
-2417
-2079
-1838
-1788
-1962
-2163
-2038
-1323
153
2583
6043
9974
12967
13429
10840
6338
1921
-1020
-2433
-3055
-3463
-3721
-3728
-3579
-3538
-3818
-4445
-5184
-5447
-4461
-1817
2009
5756
8164
8714
7731
5941
3990
2238
792
-370
-1245
-1784
-2016
-2180
-2622
-3499
-4612
-5480
-5599
-4653
-2680
-116
2349
4116
4997
5217
5097
4743
4037
2842
1211
-581
-2171
-3318
-4040
-4533
-4923
-5076
-4715
-3681
-2119
-396
1069
1942
2082
1610
862
161
-394
-935
-1561
-2198
-2662
-2902
-3011
-3045
-2936
-2640
-2295
-2064
-1892
-1498
-616
936
3347
6655
10206
12541
12248
9234
4988
1409
-626
-1557
-2212
-2913
-3467
-3731
-3894
-4253
-4869
-5462
-5524
-4565
-2423
533
3544
5858
7086
7221
6470
5148
3649
2362
1484
909
330
-529
-1737
-3139
-4445
-5377
-5788
-5618
-4810
-3302
-1225
977
2713
3614
3776
3639
3639
3901
4156
3906
2770
787
-1549
-3585
-4917
-5502
-5491
-4980
-4030
-2782
-1507
-453
280
737
995
1081
992
742
377
-87
-663
-1353
-2056
-2626
-2994
-3210
-3333
-3326
-3113
-2681
-2109
-1414
-411
1291
3969
7343
10360
11673
10579
7661
4388
1978
605
-343
-1365
-2395
-3119
-3525
-3926
-4544
-5210
-5478
-4954
-3487
-1225
1387
3717
5207
5682
5414
4849
4247
3595
2836
2073
1453
897
67
-1306
-3116
-4894
-6060
-6226
-5360
-3818
-2120
-629
601
1652
2513
3104
3432
3639
3827
3899
3558
2499
677
-1525
-3433
-4504
-4660
-4245
-3637
-3003
-2339
-1671
-1091
-651
-302
14
274
399
341
98
-334
-906
-1492
-1898
-2041
-2016
-1976
-1972
-1969
-1975
-2030
-2035
-1666
-534
1576
4482
7520
9625
9841
8035
5150
2567
1055
378
-128
-757
-1328
-1703
-2131
-2947
-4066
-4928
-4944
-3908
-2023
265
2369
3705
4009
3590
3090
2907
2930
2851
2584
2260
1898
1283
175
-1418
-3189
-4655
-5347
-5040
-3914
-2477
-1229
-360
247
777
1299
1797
2283
2775
3170
3217
2667
1477
-128
-1755
-2988
-3565
-3501
-3088
-2676
-2410
-2158
-1754
-1246
-854
-681
-579
-364
-97
-34
-294
-736
-1104
-1281
-1295
-1235
-1208
-1314
-1541
-1754
-1820
-1706
-1351
-489
1203
3696
6316
7997
7947
6278
4005
2285
1555
1363
1045
406
-290
-854
-1447
-2314
-3351
-4077
-3993
-2967
-1313
436
1818
2601
2781
2531
2137
1903
1990
2311
2592
2550
2058
1165
21
-1194
-2296
-3113
-3510
-3420
-2887
-2108
-1388
-958
-776
-551
-20
796
1626
2214
2493
2479
2108
1260
-8
-1313
-2152
-2289
-1966
-1647
-1598
-1707
-1725
-1573
-1368
-1203
-1020
-722
-355
-120
-184
-544
-1016
-1388
-1526
-1427
-1202
-1027
-1036
-1214
-1403
-1440
-1261
-798
158
1836
4054
6026
6783
5979
4240
2642
1819
1599
1434
1036
518
38
-494
-1286
-2307
-3153
-3313
-2556
-1133
395
1520
2062
2156
2016
1767
1479
1297
1388
1725
1982
1760
952
-158
-1171
-1895
-2370
-2636
-2606
-2204
-1561
-988
-722
-726
-736
-488
98
880
1584
1948
1831
1250
353
-647
-1508
-2010
-2032
-1654
-1143
-819
-842
-1114
-1361
-1348
-1028
-550
-145
13
-128
-493
-951
-1357
-1619
-1722
-1723
-1711
-1753
-1853
-1927
-1857
-1575
-1074
-286
983
2844
4936
6392
6411
5014
3141
1884
1590
1752
1710
1291
748
237
-409
-1368
-2421
-3009
-2687
-1511
-4
1234
1902
2064
1957
1751
1506
1285
1239
1480
1876
2013
1488
303
-1066
-2052
-2457
-2495
-2444
-2345
-2079
-1627
-1165
-912
-921
-1017
-896
-329
634
1640
2231
2143
1441
427
-559
-1277
-1632
-1655
-1464
-1213
-1044
-1019
-1101
-1179
-1149
-957
-621
-217
112
195
-52
-561
-1119
-1520
-1670
-1627
-1534
-1541
-1709
-1965
-2123
-1998
-1512
-679
490
1986
3619
4914
5316
4650
3366
2246
1788
1861
1956
1729
1255
781
339
-278
-1163
-1998
-2226
-1547
-269
907
1445
1368
1118
1064
1188
1241
1129
1050
1224
1558
1649
1145
99
-1037
-1767
-1932
-1777
-1650
-1656
-1636
-1454
-1207
-1098
-1167
-1204
-952
-359
356
870
984
749
356
-39
-382
-640
-754
-715
-618
-594
-688
-853
-1005
-1065
-963
-702
-402
-234
-284
-495
-751
-963
-1124
-1249
-1345
-1404
-1453
-1535
-1645
-1681
-1522
-1127
-507
397
1653
3082
4148
4305
3520
2395
1662
1577
1819
1934
1780
1524
1317
1065
562
-218
-973
-1251
-834
29
784
1031
836
598
607
782
842
680
505
597
954
1232
1068
433
-341
-892
-1119
-1185
-1266
-1368
-1377
-1229
-1009
-879
-919
-1036
-1041
-814
-421
-54
128
109
-23
-174
-306
-422
-516
-562
-534
-443
-343
-311
-378
-494
-566
-549
-471
-385
-323
-305
-361
-499
-682
-853
-997
-1130
-1249
-1307
-1268
-1144
-970
-747
-407
123
804
1430
1729
1595
1204
892
877
1100
1333
1418
1385
1360
1404
1443
1339
1039
674
495
650
1004
1227
1119
820
651
746
906
842
511
169
90
272
446
368
62
-229
-311
-228
-193
-352
-645
-873
-891
-747
-626
-670
-839
-965
-934
-787
-652
-613
-657
-731
-790
-803
-760
-673
-579
-507
-456
-404
-343
-304
-330
-425
-533
-582
-566
-544
-563
-595
-584
-538
-543
-670
-889
-1099
-1226
-1264
-1231
-1117
-886
-524
-73
355
601
563
329
173
349
839
1354
1602
1582
1555
1738
2032
2122
1842
1410
1244
1518
1959
2107
1783
1256
949
1001
1164
1105
771
418
317
451
531
289
-235
-721
-881
-736
-564
-590
-770
-896
-861
-770
-803
-1016
-1280
-1397
-1280
-1016
-783
-689
-707
-745
-760
-783
-841
-908
-921
-842
-686
-510
-364
-281
-272
-335
-437
-516
-518
-451
-385
-378
-415
-436
-423
-427
-517
-693
-871
-963
-947
-856
-708
-469
-123
231
406
316
117
123
506
1095
1523
1602
1516
1596
1921
2202
2114
1704
1396
1549
2050
2403
2226
1633
1085
899
949
867
497
78
-26
243
554
514
55
-529
-890
-943
-872
-890
-1007
-1055
-915
-678
-579
-745
-1059
-1271
-1246
-1073
-927
-879
-869
-832
-780
-749
-730
-690
-641
-620
-621
-582
-462
-301
-198
-218
-317
-377
-311
-163
-69
-113
-243
-350
-392
-427
-518
-639
-720
-726
-706
-726
-787
-789
-620
-281
65
214
120
-9
115
581
1144
1453
1409
1293
1456
1907
2250
2109
1582
1186
1335
1885
2283
2133
1579
1102
992
1094
1046
693
234
-12
60
253
269
-1
-398
-661
-688
-613
-641
-811
-974
-988
-891
-845
-939
-1092
-1157
-1075
-916
-780
-714
-707
-744
-826
-922
-956
-859
-659
-466
-366
-334
-297
-242
-249
-365
-517
-552
-405
-180
-54
-100
-232
-315
-332
-381
-543
-763
-897
-863
-729
-642
-666
-708
-594
-265
119
291
144
-117
-122
309
955
1380
1368
1148
1160
1564
2038
2125
1749
1338
1359
1806
2198
2089
1527
969
791
933
1026
821
435
188
238
411
386
31
-457
-758
-738
-558
-479
-590
-759
-818
-771
-763
-905
-1146
-1339
-1373
-1241
-1005
-760
-604
-593
-703
-838
-900
-865
-773
-671
-559
-403
-199
-21
19
-132
-393
-583
-572
-398
-227
-189
-260
-314
-294
-280
-391
-623
-833
-877
-755
-609
-576
-647
-671
-498
-133
232
363
218
24
105
560
1134
1431
1327
1112
1184
1593
1958
1883
1439
1126
1331
1889
2231
1990
1357
854
772
916
886
538
121
-20
171
403
350
-25
-452
-648
-579
-451
-461
-601
-712
-697
-633
-675
-870
-1110
-1246
-1230
-1124
-997
-867
-741
-664
-684
-775
-836
-796
-693
-608
-549
-437
-222
4
80
-51
-259
-365
-332
-290
-362
-499
-546
-437
-299
-316
-526
-774
-874
-784
-631
-568
-621
-654
-498
-120
298
489
348
80
47
424
1004
1374
1329
1089
1067
1422
1863
1956
1599
1168
1129
1536
1964
1957
1493
983
806
924
976
711
266
-3
73
299
336
59
-336
-568
-563
-479
-492
-599
-668
-627
-554
-573
-711
-888
-1017
-1072
-1066
-1000
-882
-768
-733
-794
-873
-870
-765
-635
-562
-539
-476
-310
-94
34
-15
-184
-317
-319
-239
-201
-253
-328
-341
-300
-304
-428
-635
-800
-826
-732
-617
-549
-505
-396
-169
130
365
420
311
216
347
743
1181
1365
1228
1040
1125
1489
1772
1646
1222
974
1219
1736
1983
1675
1081
707
754
946
894
528
145
47
215
340
170
-240
-601
-700
-583
-459
-465
-563
-638
-641
-621
-646
-726
-821
-890
-919
-900
-824
-709
-626
-649
-773
-898
-916
-819
-696
-620
-570
-471
-314
-189
-193
-315
-443
-472
-408
-341
-345
-403
-447
-441
-434
-497
-638
-773
-806
-724
-607
-533
-485
-349
-44
357
639
633
414
276
470
940
1361
1458
1292
1186
1354
1642
1698
1388
989
915
1260
1685
1770
1442
1013
814
853
872
676
353
153
194
332
318
55
-324
-605
-701
-700
-727
-804
-852
-813
-737
-724
-807
-928
-1007
-1027
-1009
-963
-870
-743
-650
-656
-732
-778
-723
-618
-563
-577
-563
-431
-222
-75
-77
-174
-243
-225
-171
-164
-220
-275
-272
-234
-245
-350
-505
-617
-643
-619
-607
-613
-581
-439
-172
156
424
528
464
364
417
704
1089
1323
1288
1146
1168
1420
1651
1566
1182
848
885
1237
1529
1462
1105
783
719
827
843
629
309
124
167
290
267
38
-255
-443
-505
-542
-626
-717
-743
-702
-665
-689
-757
-804
-798
-769
-763
-776
-759
-690
-619
-617
-681
-724
-675
-575
-523
-540
-540
-445
-305
-246
-319
-437
-481
-424
-345
-320
-348
-376
-372
-364
-400
-491
-598
-659
-652
-600
-538
-453
-289
-10
325
579
645
561
497
618
929
1256
1404
1349
1270
1352
1567
1675
1495
1147
961
1113
1424
1539
1315
939
698
675
714
634
424
218
132
153
167
68
-151
-397
-560
-613
-615
-641
-699
-750
-773
-789
-832
-902
-969
-992
-953
-863
-754
-661
-613
-620
-669
-718
-724
-676
-601
-531
-462
-367
-247
-157
-149
-224
-319
-369
-356
-310
-263
-224
-196
-194
-235
-312
-401
-481
-550
-596
-592
-519
-393
-232
-35
200
426
545
506
398
409
653
1031
1297
1313
1199
1202
1397
1574
1479
1131
839
880
1193
1434
1338
974
643
544
593
566
374
151
72
146
213
122
-117
-369
-524
-578
-593
-611
-630
-632
-626
-637
-684
-760
-836
-887
-898
-865
-785
-672
-565
-518
-545
-603
-635
-628
-622
-634
-615
-505
-323
-176
-153
-238
-335
-372
-361
-358
-392
-435
-436
-386
-330
-336
-420
-526
-571
-526
-441
-384
-361
-305
-143
120
395
570
600
545
539
686
965
1224
1317
1253
1200
1305
1506
1579
1396
1093
952
1094
1338
1393
1164
832
637
631
658
559
340
146
87
129
134
4
-228
-441
-548
-571
-593
-651
-703
-695
-640
-605
-635
-716
-814
-903
-950
-911
-775
-610
-514
-520
-572
-597
-585
-580
-603
-607
-535
-394
-267
-234
-294
-369
-397
-382
-369
-377
-377
-341
-285
-261
-302
-390
-465
-479
-434
-371
-331
-308
-250
-105
124
375
562
634
608
572
641
860
1143
1328
1336
1260
1269
1410
1535
1463
1205
977
981
1182
1336
1243
946
664
558
576
538
348
108
-11
42
133
87
-130
-396
-569
-619
-622
-653
-706
-726
-686
-634
-639
-718
-823
-892
-904
-868
-799
-708
-617
-558
-545
-563
-577
-573
-560
-546
-516
-442
-331
-242
-236
-316
-407
-438
-406
-368
-366
-378
-363
-319
-297
-336
-417
-477
-474
-419
-358
-318
-290
-229
-93
122
363
543
605
582
587
716
958
1188
1283
1245
1201
1265
1404
1459
1326
1082
925
970
1123
1183
1042
780
568
489
475
408
258
102
32
45
46
-51
-233
-412
-519
-567
-607
-657
-688
-671
-633
-634
-703
-807
-887
-914
-895
-847
-773
-678
-590
-541
-542
-574
-599
-592
-553
-497
-436
-378
-327
-300
-315
-374
-438
-462
-429
-371
-331
-327
-341
-358
-375
-393
-399
-377
-330
-279
-246
-226
-198
-133
-12
163
359
515
586
593
616
731
929
1117
1203
1193
1189
1279
1422
1472
1341
1118
992
1047
1167
1163
980
735
580
536
503
383
192
39
3
49
60
-44
-231
-403
-501
-542
-573
-604
-613
-591
-570
-593
-664
-749
-808
-829
-824
-801
-752
-669
-572
-504
-499
-548
-599
-597
-533
-448
-392
-380
-382
-367
-342
-343
-385
-439
-458
-425
-369
-333
-337
-372
-411
-429
-411
-366
-318
-282
-250
-204
-137
-54
44
169
327
489
601
640
645
700
849
1039
1167
1187
1165
1200
1308
1385
1326
1153
1006
1000
1100
1160
1067
855
653
546
498
414
258
94
5
-5
-15
-98
-246
-388
-474
-521
-572
-625
-635
-586
-531
-539
-617
-705
-745
-743
-744
-767
-781
-745
-669
-604
-593
-623
-642
-608
-532
-463
-432
-428
-412
-372
-341
-358
-422
-489
-509
-471
-408
-367
-366
-384
-389
-381
-381
-397
-399
-351
-260
-167
-103
-49
40
185
365
531
644
696
722
785
932
1143
1325
1379
1296
1181
1152
1225
1294
1249
1098
962
945
1016
1033
883
604
354
259
291
299
168
-59
-243
-305
-304
-359
-509
-673
-747
-715
-653
-638
-680
-733
-759
-759
-750
-730
-688
-634
-599
-598
-603
-581
-541
-527
-557
-580
-524
-382
-234
-167
-190
-234
-233
-191
-160
-175
-212
-223
-193
-154
-152
-198
-262
-305
-315
-311
-314
-321
-311
-276
-233
-207
-195
-164
-82
45
180
297
395
485
557
595
609
639
709
798
865
896
913
939
954
924
850
784
782
833
866
819
714
623
582
552
471
333
197
117
89
68
20
-52
-123
-175
-214
-257
-316
-384
-434
-445
-422
-406
-431
-488
-537
-550
-544
-560
-608
-654
-658
-624
-597
-615
-664
-690
-663
-608
-583
-605
-633
-614
-550
-496
-491
-515
-517
-478
-433
-417
-425
-420
-380
-323
-278
-253
-228
-180
-109
-34
36
113
220
364
522
650
719
741
766
837
945
1040
1083
1082
1084
1111
1139
1121
1045
954
902
901
912
886
812
718
636
563
470
340
199
90
31
-6
-64
-158
-258
-324
-351
-370
-409
-468
-523
-558
-574
-584
-598
-617
-641
-659
-661
-648
-631
-626
-633
-633
-614
-582
-558
-554
-559
-547
-511
-472
-457
-466
-474
-453
-405
-359
-337
-331
-315
-282
-250
-239
-244
-239
-213
-182
-160
-142
-108
-50
17
77
133
209
336
520
724
871
895
801
679
648
760
947
1070
1055
959
902
929
948
844
633
465
477
636
770
733
539
325
201
157
110
11
-99
-156
-148
-129
-157
-235
-318
-370
-396
-423
-453
-451
-403
-350
-356
-435
-520
-541
-506
-488
-523
-563
-532
-432
-351
-365
-454
-526
-521
-460
-406
-396
-409
-410
-393
-380
-387
-401
-397
-375
-354
-344
-327
-290
-248
-228
-235
-247
-241
-207
-155
-106
-71
-44
-5
53
114
169
229
315
421
510
559
588
637
719
804
850
848
832
839
867
881
854
798
755
747
748
714
632
540
482
464
444
385
292
203
148
118
83
28
-37
-99
-164
-237
-305
-341
-347
-365
-428
-516
-578
-593
-595
-632
-702
-749
-728
-664
-632
-677
-764
-810
-771
-690
-645
-662
-691
-670
-595
-519
-489
-493
-486
-442
-378
-326
-296
-269
-225
-170
-123
-95
-68
-16
59
126
163
182
220
293
377
440
479
522
586
655
698
708
711
741
799
853
874
862
846
841
836
805
744
682
644
630
615
575
513
446
382
316
238
155
84
40
13
-22
-80
-150
-214
-263
-309
-355
-392
-404
-401
-412
-450
-500
-540
-565
-596
-636
-661
-646
-604
-579
-595
-629
-638
-604
-559
-541
-559
-578
-564
-513
-455
-420
-409
-401
-376
-333
-291
-260
-232
-193
-147
-109
-85
-60
-11
58
123
160
180
208
258
316
359
384
415
472
545
602
623
620
627
665
719
757
761
745
739
752
766
746
689
624
585
575
565
527
462
399
354
316
259
180
104
55
32
8
-41
-111
-181
-239
-285
-324
-359
-390
-423
-459
-492
-515
-536
-567
-611
-652
-674
-676
-672
-675
-682
-681
-666
-641
-619
-610
-607
-597
-574
-543
-506
-462
-410
-364
-337
-323
-297
-244
-172
-107
-66
-38
-3
51
114
169
210
247
294
346
387
408
425
462
523
587
628
640
638
642
663
693
712
706
682
665
674
695
689
638
565
511
490
478
447
396
343
299
258
206
138
66
2
-48
-86
-120
-157
-201
-256
-316
-376
-428
-470
-504
-533
-557
-579
-603
-632
-664
-692
-709
-716
-712
-701
-686
-674
-668
-662
-642
-598
-543
-496
-469
-451
-421
-372
-320
-283
-257
-220
-153
-70
-6
22
28
45
89
148
201
238
272
315
365
414
451
476
493
512
538
566
586
595
602
618
643
665
667
645
611
584
576
580
574
541
490
446
424
407
371
312
256
220
193
151
88
22
-29
-67
-109
-161
-214
-254
-286
-323
-375
-433
-478
-507
-533
-570
-610
-635
-638
-632
-634
-647
-659
-660
-652
-643
-632
-612
-578
-535
-495
-464
-441
-418
-381
-327
-267
-214
-176
-144
-106
-59
-11
30
66
105
155
208
250
276
292
314
347
385
419
447
475
504
526
534
532
531
539
550
556
561
574
593
597
575
537
508
494
483
459
423
394
380
365
332
277
220
181
155
122
67
2
-50
-87
-129
-193
-267
-323
-354
-381
-428
-489
-538
-565
-583
-612
-647
-668
-670
-668
-679
-699
-703
-675
-630
-594
-579
-565
-532
-481
-436
-407
-381
-334
-262
-183
-121
-82
-54
-21
21
66
105
137
170
215
267
312
340
359
378
400
422
443
467
492
513
524
527
527
529
535
542
541
529
511
493
479
466
454
439
419
395
371
352
334
306
263
213
170
138
108
70
28
-10
-47
-93
-151
-210
-253
-280
-310
-357
-416
-466
-496
-518
-545
-579
-603
-604
-594
-595
-616
-643
-649
-627
-592
-565
-546
-521
-480
-432
-398
-382
-370
-340
-286
-221
-163
-116
-72
-27
17
53
81
109
143
184
225
262
292
317
339
360
380
396
404
412
428
450
466
466
458
456
468
485
491
481
466
455
450
443
428
404
377
356
344
336
321
290
247
202
164
134
104
67
24
-23
-65
-99
-132
-171
-220
-272
-315
-347
-375
-408
-450
-493
-528
-548
-555
-557
-561
-571
-583
-591
-591
-582
-565
-546
-527
-504
-469
-423
-379
-347
-324
-291
-239
-176
-121
-84
-56
-22
26
80
127
159
182
207
239
271
294
306
312
326
353
389
419
436
441
443
444
440
428
418
424
447
470
472
451
422
397
380
363
343
327
321
318
302
267
219
175
145
127
109
80
43
8
-22
-55
-100
-149
-188
-211
-229
-256
-298
-344
-384
-415
-446
-480
-508
-513
-499
-486
-498
-529
-553
-551
-528
-508
-498
-485
-452
-403
-362
-343
-336
-313
-262
-199
-143
-101
-65
-26
13
48
80
112
145
180
216
253
286
310
322
326
333
348
371
393
408
412
411
410
412
410
401
386
373
368
370
368
352
327
305
293
289
282
263
234
204
179
158
139
121
107
95
77
47
5
-39
-75
-101
-118
-135
-158
-186
-216
-246
-278
-313
-348
-379
-402
-415
-419
-418
-419
-431
-453
-473
-478
-467
-452
-441
-430
-408
-375
-344
-326
-311
-286
-248
-207
-173
-137
-90
-37
3
23
35
60
103
150
183
203
224
254
283
295
289
285
302
332
354
354
344
341
349
354
348
336
326
320
310
295
281
276
273
260
234
212
205
205
193
160
124
106
106
105
86
54
27
12
-3
-29
-64
-95
-116
-133
-157
-185
-211
-230
-250
-278
-311
-337
-352
-357
-362
-369
-381
-396
-407
-409
-402
-393
-385
-376
-360
-338
-318
-303
-290
-269
-234
-192
-153
-119
-87
-56
-26
0
25
56
95
134
163
180
194
212
231
243
248
255
273
297
313
316
311
308
308
305
300
295
294
293
283
266
248
236
226
209
185
166
165
177
184
165
125
85
63
58
53
37
17
6
7
5
-17
-56
-93
-110
-109
-109
-124
-151
-178
-196
-212
-233
-259
-282
-295
-297
-297
-301
-309
-316
-316
-314
-313
-312
-306
-295
-281
-269
-255
-235
-209
-182
-158
-133
-103
-66
-29
-2
11
21
42
79
122
154
169
176
189
212
234
243
239
237
249
271
284
277
255
240
242
253
256
246
231
223
221
212
192
170
154
144
133
121
113
108
98
79
59
47
46
42
25
-3
-25
-31
-28
-36
-58
-80
-90
-93
-107
-138
-172
-190
-190
-187
-197
-217
-231
-233
-234
-245
-266
-278
-267
-243
-228
-233
-243
-236
-210
-183
-174
-179
-175
-147
-107
-74
-60
-51
-34
-3
27
48
60
72
93
118
138
147
150
156
169
180
185
185
186
191
196
195
187
174
163
157
153
150
145
134
118
101
87
80
79
79
75
66
56
48
44
41
37
26
11
2
2
4
-3
-20
-35
-38
-32
-33
-50
-74
-86
-83
-81
-98
-129
-152
-153
-137
-129
-138
-155
-163
-157
-149
-150
-160
-166
-161
-152
-145
-142
-135
-118
-102
-96
-97
-91
-67
-33
-10
-7
-8
5
33
57
60
50
51
72
102
119
117
111
114
126
136
139
136
133
130
125
122
122
123
117
104
92
89
93
93
81
62
48
41
37
28
17
9
7
4
-1
-9
-13
-15
-18
-28
-38
-42
-39
-37
-46
-61
-70
-64
-51
-47
-59
-72
-71
-58
-49
-57
-77
-90
-85
-66
-50
-48
-56
-61
-58
-51
-48
-52
-55
-50
-35
-21
-15
-14
-10
-2
2
3
4
13
27
34
33
32
38
50
57
55
49
49
56
63
61
50
40
39
47
53
48
35
26
25
28
24
12
1
-1
5
9
5
-2
-6
-4
-3
-9
-18
-26
-25
-15
-5
-3
-10
-18
-18
-8
0
-3
