0
0
0
0
0
0
0
0
0
0
0
0
0
0
0
0
0
-1
-1
0
0
-1
-2
1
5
8
6
0
-5
-5
-1
3
5
5
5
4
1
-3
-6
-4
0
4
3
2
1
1
0
-4
-8
-9
-7
-6
-5
-5
-4
-3
-3
-3
-3
-3
-3
-2
-1
-1
-2
-2
-1
-1
-2
-2
-2
-1
0
0
0
-1
-2
-2
-2
-1
-1
-2
-1
2
5
6
6
5
4
3
3
3
2
1
1
1
1
0
0
1
1
0
0
2
5
7
7
6
6
5
3
-1
-4
-6
-7
-9
-11
-12
-11
-10
-9
-7
-6
-5
-6
-7
-7
-4
-3
-2
-3
-2
-1
-3
-7
-11
-13
-12
-9
-6
-5
-5
-5
-4
-3
-3
-3
-3
-2
-2
-2
-2
0
3
6
6
5
4
3
3
5
8
8
9
10
12
13
13
11
9
8
7
6
5
5
4
3
2
2
5
8
9
8
6
5
5
5
4
2
-2
-5
-7
-6
-4
-4
-6
-9
-12
-12
-10
-8
-7
-8
-11
-13
-13
-12
-10
-8
-7
-8
-12
-15
-15
-12
-9
-9
-12
-14
-15
-15
-16
-17
-18
-17
-15
-13
-9
-4
0
1
1
-1
-2
-1
2
6
8
10
13
17
20
21
22
22
22
24
28
31
31
28
26
26
26
26
25
24
24
26
28
30
30
27
23
20
17
13
8
3
-2
-5
-6
-8
-11
-16
-21
-25
-28
-30
-32
-35
-39
-43
-47
-50
-53
-55
-57
-60
-62
-63
-61
-57
-54
-52
-51
-51
-50
-46
-40
-34
-31
-28
-23
-16
-9
-4
-1
2
5
10
15
21
26
30
34
37
40
44
47
50
52
55
61
69
76
79
79
77
74
74
74
71
66
60
58
60
61
57
50
44
42
41
39
34
28
22
14
5
-6
-16
-25
-33
-40
-46
-50
-54
-58
-62
-67
-72
-76
-81
-87
-95
-103
-111
-117
-121
-122
-124
-129
-133
-133
-129
-124
-120
-114
-105
-92
-80
-71
-63
-55
-44
-31
-18
-5
8
20
33
48
64
79
92
102
113
126
139
150
158
165
171
174
175
175
175
176
176
176
175
175
175
174
170
164
159
154
147
135
121
107
92
76
58
38
19
1
-18
-37
-52
-63
-71
-81
-95
-109
-121
-133
-149
-168
-187
-204
-222
-244
-268
-290
-310
-330
-350
-364
-368
-366
-363
-359
-346
-321
-287
-253
-222
-191
-153
-111
-71
-38
-11
15
44
74
100
119
136
157
183
211
235
258
284
314
341
365
388
412
434
450
459
466
471
473
466
454
438
420
395
362
322
282
248
219
190
155
116
76
38
1
-36
-73
-107
-139
-170
-201
-230
-254
-274
-292
-310
-328
-341
-350
-359
-374
-396
-424
-454
-487
-528
-576
-626
-673
-715
-745
-752
-731
-694
-650
-597
-525
-437
-350
-273
-205
-139
-78
-29
4
25
45
70
102
139
180
229
289
358
433
508
581
651
716
776
830
879
924
961
989
1006
1019
1034
1041
1029
991
936
875
809
725
616
487
351
218
94
-23
-133
-237
-329
-406
-466
-512
-545
-566
-577
-584
-591
-600
-606
-607
-608
-620
-648
-689
-733
-775
-816
-859
-902
-941
-967
-976
-965
-939
-905
-864
-810
-736
-652
-573
-508
-446
-368
-273
-178
-98
-33
33
108
189
265
331
382
420
446
464
475
483
494
517
554
605
672
765
899
1077
1279
1470
1622
1727
1796
1837
1834
1747
1549
1260
935
616
301
-24
-349
-632
-842
-976
-1049
-1076
-1060
-1007
-921
-809
-675
-527
-376
-235
-124
-59
-40
-43
-38
-22
-30
-93
-196
-290
-338
-357
-388
-444
-503
-540
-557
-578
-615
-664
-714
-754
-779
-790
-797
-808
-820
-815
-772
-687
-569
-442
-320
-200
-70
65
178
251
290
317
328
302
229
134
44
-32
-108
-178
-216
-197
-122
-2
170
414
739
1115
1485
1791
2015
2178
2313
2404
2385
2195
1854
1447
1054
686
307
-97
-473
-755
-917
-989
-1009
-992
-932
-834
-721
-616
-543
-517
-545
-596
-620
-588
-521
-456
-390
-279
-94
133
346
515
650
748
775
691
508
282
52
-192
-474
-782
-1062
-1262
-1372
-1410
-1401
-1356
-1278
-1155
-980
-774
-582
-435
-323
-225
-138
-84
-68
-71
-71
-60
-45
-38
-39
-40
-33
-19
-13
-30
-71
-122
-173
-213
-237
-234
-194
-96
85
366
733
1132
1503
1827
2130
2428
2679
2794
2718
2474
2150
1805
1428
965
414
-149
-619
-949
-1166
-1321
-1430
-1477
-1442
-1318
-1121
-889
-692
-573
-517
-455
-342
-203
-105
-82
-101
-102
-46
58
183
297
380
421
421
382
305
192
45
-136
-342
-555
-754
-934
-1100
-1249
-1356
-1398
-1380
-1326
-1246
-1129
-968
-772
-563
-358
-168
-8
110
189
249
301
333
321
258
161
57
-38
-122
-201
-276
-334
-363
-357
-329
-287
-209
-38
274
716
1208
1656
2014
2308
2583
2837
3001
2984
2759
2386
1958
1516
1042
510
-52
-580
-1016
-1326
-1501
-1561
-1563
-1556
-1529
-1424
-1215
-966
-779
-690
-643
-559
-424
-282
-160
-53
60
175
289
411
545
655
697
660
583
490
362
163
-100
-379
-631
-847
-1033
-1188
-1307
-1394
-1448
-1456
-1407
-1323
-1244
-1169
-1049
-847
-594
-363
-193
-58
74
191
254
253
223
199
174
118
19
-96
-202
-293
-372
-426
-443
-426
-383
-281
-52
346
876
1441
1963
2424
2848
3244
3570
3739
3674
3365
2899
2388
1869
1279
565
-211
-896
-1383
-1686
-1881
-2007
-2061
-2036
-1929
-1731
-1451
-1153
-916
-776
-694
-623
-553
-495
-428
-308
-114
132
397
675
963
1231
1412
1467
1405
1263
1050
748
346
-120
-590
-1016
-1382
-1682
-1902
-2029
-2072
-2052
-1981
-1857
-1683
-1476
-1254
-1015
-760
-510
-294
-126
13
142
253
322
334
306
268
235
195
124
16
-110
-218
-290
-334
-381
-441
-477
-407
-152
300
875
1454
1966
2426
2897
3381
3787
3984
3905
3589
3143
2644
2091
1436
661
-161
-902
-1469
-1853
-2102
-2258
-2328
-2298
-2155
-1900
-1569
-1244
-1004
-869
-774
-645
-473
-298
-140
28
229
452
671
886
1083
1230
1298
1303
1264
1157
923
554
126
-269
-603
-912
-1227
-1537
-1799
-1975
-2051
-2042
-1987
-1924
-1849
-1723
-1508
-1219
-906
-618
-372
-160
27
195
333
422
453
433
377
292
187
64
-75
-231
-378
-489
-553
-596
-637
-650
-571
-332
99
689
1335
1924
2426
2915
3450
3949
4211
4114
3741
3285
2841
2332
1642
789
-89
-858
-1476
-1948
-2269
-2440
-2504
-2498
-2393
-2138
-1763
-1404
-1168
-1045
-948
-837
-732
-648
-551
-397
-182
88
409
778
1149
1473
1729
1935
2079
2106
1957
1628
1166
622
27
-579
-1141
-1613
-1991
-2295
-2533
-2672
-2668
-2520
-2284
-2026
-1766
-1486
-1174
-854
-569
-339
-152
12
158
274
336
333
283
234
217
209
154
25
-140
-281
-369
-429
-492
-562
-608
-576
-390
12
617
1311
1944
2464
2942
3462
3973
4307
4329
4065
3637
3124
2501
1722
816
-108
-937
-1603
-2083
-2396
-2588
-2705
-2731
-2607
-2298
-1886
-1513
-1267
-1102
-919
-673
-413
-197
-34
107
258
443
694
1019
1355
1593
1679
1662
1623
1554
1372
1029
577
97
-377
-847
-1283
-1637
-1914
-2163
-2391
-2524
-2495
-2345
-2184
-2054
-1889
-1610
-1242
-875
-568
-307
-62
161
333
439
485
483
452
406
341
235
73
-123
-311
-455
-566
-658
-732
-755
-703
-552
-257
244
947
1725
2414
2964
3478
4037
4547
4791
4653
4222
3666
3042
2284
1348
316
-666
-1501
-2156
-2606
-2837
-2892
-2861
-2791
-2618
-2280
-1837
-1458
-1232
-1090
-906
-668
-462
-337
-229
-49
220
542
901
1311
1742
2105
2308
2341
2244
2050
1737
1279
686
13
-669
-1288
-1790
-2176
-2490
-2752
-2913
-2903
-2742
-2538
-2362
-2168
-1860
-1442
-1021
-681
-406
-140
111
300
422
528
638
692
621
448
276
160
53
-117
-339
-541
-685
-800
-898
-938
-856
-610
-166
489
1292
2100
2803
3435
4079
4708
5135
5177
4823
4219
3506
2717
1802
744
-374
-1413
-2251
-2822
-3120
-3209
-3199
-3155
-3014
-2668
-2126
-1575
-1203
-1038
-955
-858
-751
-663
-567
-408
-161
187
670
1308
2010
2611
2995
3202
3310
3289
2990
2330
1416
450
-454
-1303
-2102
-2788
-3289
-3601
-3747
-3713
-3484
-3126
-2754
-2409
-2022
-1538
-1025
-610
-334
-126
78
264
400
501
581
616
578
505
453
405
286
59
-210
-443
-622
-799
-1001
-1194
-1294
-1218
-896
-296
536
1462
2321
3074
3818
4634
5394
5814
5703
5145
4376
3548
2630
1546
320
-923
-2039
-2925
-3515
-3789
-3794
-3635
-3390
-3057
-2582
-1981
-1382
-948
-737
-681
-655
-571
-386
-100
243
590
942
1384
1971
2631
3173
3448
3430
3188
2776
2208
1480
617
-335
-1302
-2177
-2868
-3353
-3679
-3868
-3874
-3651
-3263
-2850
-2491
-2128
-1672
-1134
-619
-201
131
405
607
713
762
811
849
794
604
336
80
-137
-357
-599
-844
-1060
-1254
-1423
-1539
-1564
-1485
-1269
-827
-67
988
2155
3237
4161
5000
5791
6416
6644
6340
5580
4566
3439
2212
861
-554
-1902
-3059
-3945
-4485
-4616
-4389
-3978
-3543
-3068
-2469
-1794
-1262
-988
-856
-665
-396
-175
-61
46
287
716
1337
2128
3021
3845
4435
4728
4754
4496
3867
2817
1454
-27
-1487
-2874
-4112
-5040
-5540
-5651
-5500
-5126
-4475
-3569
-2594
-1741
-1046
-417
185
689
1010
1138
1113
986
833
732
697
619
391
43
-269
-443
-547
-713
-982
-1263
-1488
-1679
-1895
-2112
-2221
-2080
-1584
-694
524
1896
3242
4488
5691
6863
7831
8285
8037
7175
5945
4516
2901
1100
-769
-2511
-3977
-5087
-5765
-5946
-5682
-5156
-4543
-3839
-2963
-1947
-1032
-443
-201
-111
5
198
441
729
1095
1555
2143
2902
3832
4752
5368
5470
5078
4345
3368
2119
561
-1221
-3018
-4577
-5715
-6370
-6586
-6434
-5942
-5119
-4026
-2799
-1597
-532
332
959
1347
1554
1663
1701
1622
1378
1013
628
303
21
-268
-579
-876
-1114
-1306
-1503
-1751
-2024
-2274
-2458
-2601
-2722
-2770
-2599
-2053
-1057
373
2129
4023
5807
7334
8607
9644
10247
10086
9025
7289
5214
2954
528
-1934
-4156
-5917
-7164
-7891
-8022
-7517
-6508
-5274
-4029
-2841
-1686
-623
227
741
917
869
793
875
1183
1675
2268
2981
3879
4973
6066
6835
6999
6479
5367
3772
1744
-638
-3144
-5458
-7331
-8638
-9275
-9127
-8199
-6698
-4911
-3024
-1128
629
2018
2877
3235
3237
2998
2568
1992
1345
680
13
-642
-1195
-1554
-1726
-1837
-1972
-2077
-2086
-2059
-2169
-2439
-2731
-2911
-3036
-3196
-3304
-3086
-2287
-824
1248
3744
6362
8731
10604
11927
12703
12772
11830
9718
6678
3265
-28
-3018
-5718
-8050
-9764
-10606
-10488
-9494
-7864
-5950
-4126
-2552
-1150
212
1426
2227
2449
2222
1875
1714
1906
2445
3252
4216
5258
6267
7084
7477
7215
6134
4236
1725
-1078
-3865
-6404
-8477
-9860
-10378
-9978
-8719
-6761
-4385
-1948
252
2079
3483
4379
4671
4366
3622
2653
1623
629
-275
-1025
-1574
-1880
-1976
-1962
-1974
-2071
-2219
-2389
-2612
-2937
-3283
-3525
-3619
-3684
-3789
-3800
-3467
-2638
-1324
496
2893
5824
8890
11500
13245
14136
14338
13762
12016
8870
4687
283
-3637
-6844
-9402
-11275
-12238
-12139
-11069
-9274
-6988
-4487
-2135
-267
1070
2031
2716
3043
2990
2772
2674
2850
3304
4058
5056
6053
6673
6735
6326
5571
4383
2561
92
-2737
-5465
-7682
-9114
-9651
-9347
-8363
-6841
-4854
-2520
-124
1954
3431
4244
4461
4186
3542
2679
1729
750
-218
-1071
-1644
-1890
-1929
-1952
-2029
-2118
-2215
-2427
-2865
-3442
-3940
-4169
-4167
-4076
-3977
-3776
-3346
-2678
-1820
-690
1010
3516
6687
9890
12375
13758
14245
14233
13681
11987
8655
4053
-721
-4741
-7855
-10312
-12094
-12868
-12469
-11117
-9138
-6692
-3947
-1276
835
2186
2957
3475
3871
4079
4087
4059
4211
4592
5137
5762
6306
6411
5734
4286
2427
438
-1706
-4032
-6253
-7909
-8740
-8724
-7877
-6240
-4067
-1797
236
1963
3369
4269
4413
3782
2679
1482
407
-500
-1184
-1554
-1584
-1401
-1166
-963
-828
-865
-1192
-1807
-2573
-3345
-4056
-4612
-4878
-4752
-4298
-3617
-2742
-1658
-481
536
1205
1569
1930
2678
4137
6303
8737
10712
11717
11777
11235
10237
8569
6007
2614
-1301
-5329
-8908
-11377
-12342
-11997
-10850
-9161
-6789
-3672
-264
2591
4274
4818
4790
4759
4885
4949
4706
4174
3615
3345
3504
3920
4111
3567
2142
204
-1686
-3227
-4480
-5562
-6354
-6573
-6029
-4764
-2988
-1040
677
1857
2479
2720
2665
2222
1382
407
-385
-923
-1323
-1555
-1426
-912
-378
-255
-608
-1142
-1623
-2113
-2749
-3447
-3947
-4158
-4207
-4209
-4033
-3486
-2582
-1579
-721
-61
447
844
1213
1833
3046
4974
7302
9466
10979
11633
11422
10413
8688
6329
3386
-100
-3941
-7639
-10451
-11771
-11499
-10068
-8040
-5724
-3150
-416
2071
3754
4369
4165
3695
3391
3354
3481
3671
3886
4082
4201
4179
3890
3093
1588
-520
-2772
-4668
-5971
-6664
-6685
-5898
-4347
-2387
-447
1278
2765
3854
4200
3616
2358
944
-275
-1265
-2088
-2667
-2818
-2470
-1748
-918
-250
60
-59
-540
-1222
-1932
-2563
-3062
-3412
-3601
-3665
-3621
-3427
-2964
-2230
-1419
-791
-414
-148
123
387
672
1299
2722
5134
8165
11019
12885
13335
12426
10492
7806
4444
460
-3856
-7911
-10986
-12495
-12205
-10353
-7593
-4686
-2121
43
1931
3487
4367
4275
3371
2326
1892
2373
3449
4489
5039
5054
4726
4135
3106
1379
-1036
-3704
-5936
-7172
-7240
-6324
-4743
-2779
-683
1282
2875
3931
4316
3881
2596
776
-944
-2006
-2314
-2175
-1888
-1519
-1032
-533
-201
-130
-308
-763
-1501
-2320
-2857
-2941
-2783
-2669
-2589
-2287
-1723
-1216
-1148
-1521
-1988
-2200
-2105
-1877
-1622
-1263
-611
440
1967
4106
6978
10300
13175
14461
13557
10839
7223
3338
-778
-5143
-9210
-11955
-12630
-11334
-8895
-6240
-3915
-2005
-385
1002
2021
2466
2334
1987
1963
2617
3914
5511
6903
7547
7064
5477
3236
824
-1585
-4043
-6391
-8108
-8618
-7712
-5639
-2901
-71
2291
3763
4251
4018
3413
2551
1345
-148
-1520
-2280
-2315
-1963
-1640
-1464
-1319
-1129
-1007
-1073
-1305
-1588
-1835
-1989
-1975
-1770
-1498
-1373
-1496
-1818
-2247
-2765
-3264
-3489
-3191
-2422
-1515
-776
-265
151
565
1075
1943
3632
6390
9753
12551
13659
12822
10685
7992
4883
1071
-3393
-7726
-10847
-12089
-11499
-9584
-6990
-4322
-2039
-297
1060
2216
3091
3414
3153
2772
2928
3905
5343
6529
6850
6075
4351
2052
-408
-2772
-4941
-6785
-7948
-7979
-6694
-4371
-1579
1139
3343
4658
4876
4146
2888
1474
69
-1191
-2070
-2390
-2207
-1716
-1074
-481
-248
-604
-1342
-1919
-1955
-1597
-1320
-1412
-1725
-1881
-1703
-1386
-1281
-1549
-2092
-2693
-3197
-3464
-3360
-2839
-2036
-1188
-463
77
498
1012
2063
4122
7238
10698
13257
13903
12524
9864
6782
3546
-136
-4393
-8566
-11414
-12028
-10515
-7863
-5154
-2970
-1378
-207
728
1551
2258
2754
3054
3415
4202
5503
6924
7713
7199
5223
2262
-854
-3485
-5439
-6772
-7399
-7064
-5671
-3518
-1111
1125
2848
3676
3404
2363
1305
748
548
280
-141
-433
-436
-379
-571
-1057
-1650
-2210
-2674
-2916
-2715
-1997
-1046
-348
-217
-568
-1079
-1526
-1905
-2277
-2641
-2911
-3033
-2959
-2635
-2021
-1206
-449
-71
-223
-615
-586
522
2900
6216
9827
12925
14563
13981
11211
7237
3232
-408
-4051
-7810
-10800
-11749
-10238
-7207
-4154
-2063
-1044
-663
-410
68
850
1784
2761
3888
5368
7095
8529
8935
7793
5062
1226
-2798
-6013
-7777
-8073
-7343
-6040
-4345
-2265
66
2239
3729
4167
3547
2258
925
99
-97
8
-36
-393
-910
-1430
-1937
-2451
-2852
-3005
-2892
-2535
-1846
-758
461
1205
979
-131
-1522
-2603
-3211
-3506
-3629
-3496
-3026
-2321
-1642
-1159
-852
-686
-731
-1071
-1479
-1408
-304
2037
5437
9380
12921
14747
13914
10652
6236
1852
-2167
-5879
-8913
-10464
-10064
-8031
-5254
-2752
-1338
-1290
-2069
-2599
-2042
-396
1698
3686
5471
7207
8808
9776
9408
7212
3331
-1312
-5343
-7686
-8118
-7178
-5597
-3864
-2195
-708
515
1401
1847
1738
1149
503
338
856
1667
2100
1715
556
-975
-2411
-3409
-3863
-3868
-3579
-3027
-2145
-957
248
991
902
6
-1286
-2480
-3280
-3618
-3462
-2831
-1940
-1270
-1176
-1499
-1710
-1555
-1378
-1598
-2035
-1924
-652
1831
5253
9251
13033
15201
14506
11039
6352
2152
-1021
-3703
-6281
-8247
-8687
-7336
-4946
-2783
-1849
-2351
-3635
-4511
-3958
-1784
1309
4286
6507
7916
8712
8907
8196
6197
2884
-1102
-4595
-6521
-6596
-5479
-4173
-3249
-2637
-2026
-1313
-585
107
770
1330
1676
1914
2332
2979
3326
2642
768
-1597
-3438
-4232
-4140
-3619
-2977
-2328
-1696
-1073
-457
21
82
-456
-1398
-2247
-2610
-2456
-2050
-1646
-1436
-1533
-1934
-2415
-2629
-2433
-2038
-1779
-1662
-1311
-274
1674
4575
8272
12070
14546
14296
11165
6622
2566
-240
-2384
-4616
-6727
-7803
-7293
-5633
-3863
-2878
-2973
-3750
-4292
-3623
-1371
1866
4934
6950
7819
7959
7699
6960
5427
2951
-142
-3045
-4848
-5120
-4245
-3146
-2579
-2633
-2873
-2802
-2190
-1060
395
1841
2911
3405
3411
3128
2575
1528
-160
-2157
-3704
-4166
-3589
-2626
-1929
-1661
-1598
-1481
-1253
-1003
-878
-982
-1260
-1490
-1462
-1222
-1014
-1055
-1345
-1813
-2410
-2996
-3246
-2886
-2054
-1241
-794
-505
217
1914
4781
8524
12180
14228
13418
9912
5410
1780
-487
-2278
-4375
-6401
-7322
-6701
-5149
-3733
-3230
-3735
-4603
-4675
-3011
278
3974
6678
7858
7923
7490
6753
5541
3708
1349
-1187
-3313
-4364
-4085
-3049
-2357
-2684
-3668
-4296
-3889
-2542
-781
939
2339
3206
3470
3283
2828
2044
739
-973
-2535
-3356
-3319
-2801
-2275
-1985
-1948
-2064
-2187
-2158
-1934
-1638
-1422
-1295
-1141
-947
-848
-988
-1325
-1749
-2206
-2660
-2935
-2776
-2141
-1322
-702
-359
-1
854
2651
5601
9289
12390
13177
10890
6633
2558
-6
-1474
-2972
-4788
-6142
-6292
-5417
-4373
-3898
-4177
-4856
-5157
-4165
-1446
2397
5933
7932
8202
7459
6465
5396
3996
2117
35
-1693
-2587
-2593
-2170
-2029
-2619
-3760
-4730
-4795
-3699
-1778
307
1951
2853
3073
2870
2453
1819
871
-344
-1533
-2316
-2516
-2287
-1995
-1944
-2197
-2577
-2824
-2720
-2208
-1488
-955
-886
-1155
-1368
-1313
-1197
-1317
-1700
-2111
-2393
-2547
-2521
-2139
-1368
-540
-51
138
630
2161
5029
8709
11850
12813
10802
6724
2689
279
-715
-1633
-3226
-4870
-5517
-5015
-4232
-4077
-4686
-5473
-5628
-4488
-1795
1986
5626
7784
7939
6724
5261
4199
3382
2346
963
-415
-1332
-1677
-1756
-2041
-2817
-3981
-4998
-5160
-4034
-1863
527
2256
2901
2619
1898
1234
863
673
359
-236
-919
-1370
-1508
-1608
-1982
-2642
-3257
-3441
-3025
-2161
-1211
-553
-409
-747
-1346
-1911
-2230
-2220
-1992
-1788
-1815
-2053
-2250
-2142
-1672
-1005
-336
322
1297
3146
6190
9835
12449
12305
9114
4550
986
-466
-614
-945
-2048
-3355
-4139
-4359
-4530
-5036
-5709
-5945
-5092
-2876
372
3789
6364
7435
6988
5592
4042
2940
2434
2261
1998
1348
304
-928
-2126
-3208
-4166
-4903
-5124
-4509
-2990
-913
1079
2361
2604
1936
902
187
157
579
849
557
-213
-1104
-1861
-2420
-2763
-2876
-2780
-2532
-2129
-1575
-1031
-789
-1004
-1487
-1856
-1871
-1616
-1318
-1154
-1176
-1387
-1761
-2205
-2528
-2484
-1930
-954
234
1710
3939
7152
10443
11946
10341
6295
2127
-124
-264
304
173
-929
-2331
-3406
-4141
-4888
-5751
-6321
-5942
-4220
-1367
1845
4461
5795
5744
4785
3660
2940
2746
2825
2841
2557
1809
511
-1218
-2968
-4215
-4630
-4260
-3411
-2409
-1418
-453
409
916
830
284
-173
-28
684
1377
1428
672
-542
-1684
-2395
-2618
-2491
-2194
-1866
-1619
-1523
-1583
-1737
-1904
-2020
-2027
-1905
-1690
-1472
-1276
-1081
-940
-1058
-1584
-2319
-2741
-2420
-1403
-28
1598
3799
6733
9671
11089
9865
6452
2747
600
361
893
879
-24
-1294
-2457
-3567
-4794
-5869
-6154
-5212
-3183
-648
1725
3449
4329
4431
4011
3401
2927
2826
3108
3473
3446
2676
1168
-723
-2502
-3730
-4174
-3851
-3029
-2074
-1260
-665
-257
-32
-12
-131
-174
82
646
1236
1428
951
-99
-1293
-2154
-2454
-2306
-1976
-1661
-1443
-1381
-1525
-1818
-2064
-2078
-1876
-1606
-1397
-1228
-1061
-940
-983
-1262
-1746
-2288
-2626
-2430
-1442
398
2959
5934
8737
10413
10053
7603
4259
1747
962
1341
1605
1035
-114
-1298
-2424
-3746
-5204
-6151
-5835
-4079
-1461
1077
2786
3434
3271
2787
2409
2341
2574
2964
3274
3215
2558
1266
-464
-2256
-3620
-4095
-3508
-2226
-982
-329
-248
-335
-317
-251
-256
-227
67
651
1199
1262
638
-459
-1555
-2243
-2400
-2184
-1843
-1556
-1397
-1388
-1516
-1719
-1885
-1916
-1796
-1572
-1326
-1133
-1068
-1161
-1384
-1661
-1912
-2066
-2064
-1885
-1531
-914
257
2302
5114
7801
9042
8068
5449
2780
1419
1444
1835
1615
693
-367
-1180
-1925
-2919
-3985
-4401
-3519
-1435
971
2685
3280
3050
2565
2179
1945
1820
1806
1896
1978
1816
1164
-33
-1497
-2721
-3305
-3197
-2632
-1865
-1048
-308
185
295
52
-335
-595
-544
-193
245
452
212
-430
-1200
-1800
-2080
-2037
-1725
-1244
-785
-584
-743
-1119
-1425
-1475
-1317
-1112
-965
-863
-812
-896
-1200
-1659
-2083
-2311
-2317
-2128
-1687
-797
784
3102
5766
7884
8471
7169
4684
2400
1365
1554
2056
2000
1246
250
-624
-1491
-2601
-3732
-4130
-3181
-1096
1141
2551
2875
2549
2138
1868
1673
1504
1451
1588
1765
1617
846
-454
-1766
-2535
-2612
-2271
-1843
-1404
-894
-371
-12
89
15
-80
-72
105
409
643
553
54
-661
-1301
-1724
-1947
-1973
-1740
-1297
-915
-891
-1231
-1603
-1639
-1271
-774
-489
-535
-735
-873
-939
-1119
-1523
-2014
-2326
-2323
-2082
-1740
-1270
-409
1180
3525
6005
7527
7255
5378
3109
1745
1641
2078
2128
1570
880
430
-52
-1075
-2535
-3553
-3275
-1739
153
1473
1973
1996
1930
1846
1646
1355
1181
1284
1545
1586
1055
-60
-1360
-2288
-2517
-2149
-1573
-1122
-877
-734
-613
-570
-691
-924
-1033
-788
-210
372
554
185
-515
-1158
-1498
-1556
-1483
-1358
-1170
-954
-866
-1023
-1337
-1563
-1551
-1369
-1168
-1015
-877
-773
-786
-968
-1270
-1611
-1934
-2181
-2243
-2013
-1423
-376
1269
3454
5602
6762
6314
4607
2779
1813
1796
2061
1989
1543
1062
696
184
-763
-1966
-2755
-2526
-1301
237
1291
1556
1334
1141
1203
1352
1345
1206
1196
1436
1639
1301
226
-1172
-2162
-2320
-1834
-1244
-916
-826
-776
-682
-639
-745
-948
-1046
-832
-287
316
551
198
-510
-1063
-1171
-1002
-919
-1030
-1138
-1072
-946
-995
-1259
-1517
-1537
-1321
-1058
-924
-926
-981
-1025
-1080
-1196
-1399
-1653
-1880
-1987
-1885
-1448
-484
1150
3290
5281
6248
5725
4134
2551
1855
2069
2496
2499
2046
1524
1128
607
-349
-1562
-2335
-2050
-787
668
1475
1416
950
676
760
923
891
765
871
1294
1648
1396
400
-878
-1755
-1896
-1504
-1028
-748
-654
-638
-672
-804
-1030
-1247
-1307
-1100
-640
-105
209
89
-395
-921
-1188
-1149
-971
-815
-714
-640
-619
-730
-1005
-1337
-1517
-1398
-1049
-730
-659
-845
-1114
-1320
-1452
-1592
-1764
-1878
-1817
-1537
-1041
-232
1081
2873
4598
5403
4842
3383
2070
1629
1922
2270
2219
1906
1696
1598
1179
132
-1176
-1900
-1512
-336
771
1201
1037
758
686
727
612
299
99
356
1010
1512
1289
316
-809
-1404
-1296
-854
-526
-440
-460
-483
-569
-825
-1241
-1650
-1810
-1564
-993
-413
-160
-316
-670
-934
-982
-881
-755
-653
-567
-501
-499
-594
-776
-991
-1173
-1257
-1201
-1044
-896
-868
-970
-1113
-1226
-1335
-1497
-1696
-1813
-1702
-1239
-320
1079
2731
4083
4533
3913
2722
1787
1597
1959
2292
2241
1969
1831
1849
1604
745
-466
-1244
-1006
31
1030
1324
973
537
409
443
257
-225
-610
-458
214
882
976
392
-444
-983
-1005
-705
-417
-297
-276
-252
-259
-431
-815
-1269
-1544
-1491
-1173
-796
-551
-517
-667
-905
-1094
-1098
-887
-578
-346
-262
-248
-205
-169
-260
-508
-763
-841
-726
-591
-618
-812
-1031
-1151
-1197
-1278
-1442
-1603
-1622
-1407
-917
-124
920
1942
2513
2370
1700
1055
898
1237
1693
1913
1893
1903
2107
2287
2037
1245
351
21
497
1318
1759
1546
1053
807
874
844
378
-331
-731
-483
172
640
539
29
-402
-441
-208
-58
-181
-423
-498
-314
-93
-159
-605
-1171
-1464
-1314
-914
-612
-597
-776
-938
-975
-937
-924
-954
-948
-819
-581
-339
-214
-254
-415
-604
-746
-834
-914
-1015
-1092
-1086
-1028
-1034
-1166
-1337
-1406
-1326
-1159
-949
-630
-120
530
1075
1235
951
502
313
592
1129
1530
1635
1675
1961
2455
2743
2475
1797
1258
1281
1754
2169
2157
1823
1564
1585
1658
1406
764
106
-132
100
422
419
43
-387
-547
-428
-308
-434
-754
-977
-890
-592
-406
-571
-1009
-1414
-1533
-1366
-1119
-978
-957
-952
-896
-837
-879
-1040
-1212
-1250
-1100
-844
-630
-558
-625
-750
-860
-946
-1045
-1162
-1232
-1182
-1031
-905
-913
-1042
-1170
-1193
-1093
-905
-624
-204
335
820
1017
855
568
522
854
1326
1604
1655
1789
2250
2840
3064
2673
1995
1648
1909
2431
2618
2256
1706
1471
1627
1739
1374
616
3
-47
310
510
186
-476
-974
-1031
-840
-789
-1009
-1268
-1270
-1002
-729
-699
-911
-1172
-1330
-1375
-1348
-1250
-1060
-838
-713
-761
-907
-999
-973
-911
-903
-918
-825
-589
-363
-346
-563
-825
-931
-864
-784
-817
-915
-936
-834
-730
-783
-1008
-1248
-1316
-1146
-805
-391
29
378
556
519
402
457
811
1294
1603
1644
1667
1976
2518
2855
2630
2008
1575
1758
2361
2764
2550
1918
1429
1390
1542
1396
814
172
-50
205
515
417
-126
-732
-1011
-956
-884
-1035
-1275
-1278
-950
-583
-543
-867
-1247
-1391
-1298
-1168
-1118
-1066
-895
-648
-510
-604
-847
-1026
-1015
-879
-761
-700
-604
-411
-232
-262
-545
-883
-1016
-894
-718
-693
-815
-909
-869
-785
-819
-1000
-1189
-1222
-1042
-703
-285
132
441
523
372
183
248
686
1297
1724
1828
1832
2052
2485
2752
2510
1899
1478
1665
2282
2711
2535
1942
1469
1383
1418
1149
537
0
-61
283
556
375
-178
-694
-887
-851
-871
-1059
-1235
-1168
-871
-606
-623
-919
-1269
-1448
-1415
-1278
-1134
-982
-793
-627
-599
-733
-896
-935
-841
-745
-730
-732
-628
-430
-301
-391
-668
-944
-1045
-965
-831
-762
-771
-793
-794
-819
-927
-1092
-1201
-1145
-921
-592
-216
173
489
592
433
199
222
654
1275
1693
1757
1726
1950
2417
2706
2453
1827
1423
1650
2267
2623
2345
1717
1319
1363
1487
1217
543
-54
-127
247
552
367
-229
-796
-1005
-929
-866
-970
-1102
-1042
-780
-544
-572
-868
-1209
-1370
-1310
-1146
-996
-877
-768
-687
-691
-786
-903
-958
-935
-874
-799
-676
-483
-292
-244
-415
-714
-943
-973
-851
-725
-683
-702
-726
-763
-858
-1007
-1127
-1130
-1008
-811
-559
-215
206
559
651
464
245
320
761
1302
1603
1622
1647
1940
2387
2581
2288
1762
1525
1812
2317
2509
2192
1669
1366
1355
1327
987
420
8
13
293
452
228
-271
-716
-895
-880
-884
-985
-1053
-937
-684
-519
-606
-866
-1084
-1140
-1107
-1096
-1085
-968
-746
-590
-659
-892
-1043
-947
-696
-524
-541
-618
-560
-351
-189
-279
-580
-836
-836
-642
-506
-583
-773
-868
-815
-762
-862
-1074
-1210
-1127
-861
-536
-222
92
384
539
469
291
296
659
1215
1598
1640
1573
1744
2168
2457
2266
1740
1414
1641
2191
2490
2225
1655
1279
1273
1334
1077
515
51
21
314
495
259
-286
-768
-935
-859
-798
-885
-1002
-954
-732
-543
-584
-819
-1036
-1091
-1031
-979
-964
-915
-807
-725
-769
-920
-1045
-1034
-906
-764
-679
-626
-544
-440
-405
-517
-723
-866
-838
-694
-594
-626
-725
-776
-760
-775
-903
-1082
-1154
-1024
-748
-446
-171
96
339
461
414
326
423
785
1234
1514
1586
1661
1910
2209
2254
1935
1524
1426
1752
2188
2314
2028
1606
1370
1339
1251
908
421
91
78
233
262
23
-365
-666
-768
-758
-794
-920
-1037
-1029
-898
-756
-706
-755
-845
-925
-978
-987
-934
-836
-764
-787
-886
-968
-955
-873
-813
-817
-814
-708
-512
-372
-417
-604
-748
-723
-600
-544
-616
-708
-702
-627
-625
-763
-951
-1038
-971
-813
-633
-414
-110
240
487
516
391
352
585
1028
1414
1554
1542
1634
1926
2213
2200
1855
1493
1462
1786
2126
2136
1797
1406
1222
1199
1080
732
319
114
180
296
202
-128
-491
-694
-739
-763
-846
-924
-896
-766
-659
-682
-808
-914
-914
-852
-827
-866
-888
-815
-688
-635
-728
-883
-947
-860
-718
-650
-675
-685
-596
-465
-439
-581
-776
-838
-710
-520
-444
-521
-642
-690
-672
-694
-812
-954
-982
-829
-549
-241
45
291
451
458
351
320
556
1020
1447
1611
1577
1616
1865
2131
2103
1738
1365
1354
1720
2101
2129
1794
1397
1210
1193
1091
749
302
33
66
225
212
-83
-483
-720
-724
-668
-736
-896
-956
-817
-613
-565
-734
-963
-1055
-971
-835
-778
-808
-837
-800
-736
-729
-812
-916
-950
-882
-763
-653
-575
-518
-493
-526
-621
-722
-751
-682
-567
-495
-514
-591
-657
-681
-693
-726
-761
-737
-611
-393
-119
169
413
535
515
451
507
765
1130
1412
1520
1548
1654
1860
1997
1890
1589
1360
1420
1700
1907
1828
1520
1222
1077
1005
830
516
222
115
174
206
58
-227
-481
-597
-614
-640
-731
-848
-900
-837
-706
-629
-700
-890
-1059
-1087
-987
-879
-858
-895
-893
-807
-707
-690
-768
-853
-857
-772
-657
-562
-504
-481
-492
-531
-574
-597
-593
-576
-561
-556
-562
-583
-616
-652
-680
-695
-678
-589
-376
-33
347
609
661
569
521
656
940
1212
1361
1433
1561
1784
1978
1974
1756
1496
1398
1505
1667
1697
1539
1301
1123
1035
936
725
426
181
104
158
187
68
-176
-426
-594
-693
-777
-860
-905
-885
-832
-815
-873
-980
-1079
-1136
-1170
-1199
-1202
-1137
-1013
-906
-883
-922
-940
-893
-824
-790
-774
-705
-555
-401
-345
-404
-487
-500
-441
-385
-387
-416
-406
-343
-281
-286
-358
-431
-423
-298
-72
202
464
658
748
754
755
843
1047
1291
1470
1547
1589
1673
1776
1782
1624
1390
1256
1314
1465
1519
1380
1127
910
788
677
479
208
-14
-96
-75
-75
-174
-348
-526
-665
-777
-876
-947
-962
-927
-884
-866
-875
-893
-922
-979
-1055
-1094
-1042
-917
-811
-796
-849
-878
-827
-740
-700
-724
-743
-676
-523
-375
-328
-398
-506
-556
-516
-445
-424
-460
-481
-426
-329
-285
-330
-388
-344
-158
113
376
569
671
700
711
785
961
1194
1387
1485
1534
1624
1768
1857
1768
1519
1282
1219
1323
1428
1381
1177
944
791
708
592
376
118
-59
-101
-91
-150
-307
-482
-599
-666
-742
-847
-931
-942
-898
-863
-878
-931
-980
-1013
-1039
-1059
-1049
-990
-905
-849
-849
-878
-882
-841
-781
-743
-725
-692
-618
-520
-448
-442
-485
-517
-496
-438
-397
-397
-402
-372
-318
-293
-317
-343
-299
-148
88
361
616
800
876
866
853
937
1131
1341
1461
1496
1548
1679
1805
1777
1563
1313
1219
1313
1437
1414
1220
985
830
741
608
374
115
-44
-61
-26
-71
-239
-458
-623
-702
-751
-827
-923
-983
-970
-912
-868
-871
-916
-974
-1024
-1046
-1030
-977
-913
-865
-843
-829
-803
-763
-725
-699
-674
-630
-560
-479
-416
-391
-402
-423
-426
-406
-386
-386
-388
-365
-315
-274
-266
-266
-229
-135
12
205
438
664
804
822
790
834
1009
1234
1377
1408
1425
1529
1688
1748
1601
1322
1113
1111
1251
1340
1249
1033
838
731
638
461
209
-2
-80
-60
-56
-149
-315
-479
-600
-697
-800
-898
-952
-939
-886
-842
-842
-880
-936
-987
-1019
-1018
-982
-925
-874
-842
-819
-793
-765
-748
-741
-720
-661
-574
-502
-473
-469
-452
-413
-385
-395
-428
-441
-411
-353
-297
-264
-247
-222
-168
-83
23
151
317
525
718
823
824
810
891
1080
1276
1381
1408
1449
1546
1629
1592
1417
1214
1120
1167
1246
1220
1059
859
721
638
515
300
63
-81
-96
-66
-105
-242
-412
-536
-604
-665
-756
-859
-921
-920
-884
-862
-876
-913
-951
-978
-989
-979
-948
-905
-867
-837
-807
-772
-737
-711
-691
-667
-640
-610
-572
-524
-476
-447
-438
-424
-386
-331
-283
-251
-225
-197
-173
-155
-134
-94
-20
94
257
458
652
783
826
822
855
971
1137
1267
1325
1355
1427
1541
1610
1548
1368
1185
1105
1129
1155
1093
951
810
712
615
453
230
24
-97
-139
-165
-225
-316
-411
-495
-581
-678
-772
-836
-852
-839
-832
-852
-887
-910
-908
-898
-904
-923
-929
-898
-835
-776
-754
-765
-768
-730
-663
-609
-593
-592
-571
-531
-496
-476
-452
-410
-354
-306
-270
-240
-210
-184
-166
-147
-106
-31
80
223
393
576
740
840
861
846
876
996
1168
1306
1371
1404
1462
1529
1523
1396
1210
1083
1073
1123
1132
1053
920
785
667
536
366
171
2
-98
-144
-191
-272
-369
-450
-520
-613
-735
-836
-866
-832
-797
-811
-864
-910
-923
-925
-948
-986
-999
-957
-874
-807
-800
-840
-866
-828
-733
-648
-625
-645
-640
-570
-477
-439
-475
-516
-484
-381
-285
-256
-270
-253
-174
-74
-15
-5
9
88
244
438
612
735
805
840
863
903
985
1101
1212
1285
1328
1372
1422
1434
1364
1227
1098
1045
1060
1067
997
853
697
576
476
353
190
21
-106
-174
-207
-244
-306
-394
-502
-621
-733
-809
-827
-808
-796
-818
-854
-869
-866
-887
-957
-1036
-1049
-965
-838
-767
-799
-876
-897
-827
-726
-683
-706
-720
-658
-535
-436
-414
-442
-453
-415
-352
-303
-277
-245
-184
-105
-38
-4
15
51
131
253
409
588
768
905
962
953
947
1010
1138
1261
1324
1344
1380
1446
1479
1410
1249
1090
1017
1021
1023
962
850
733
627
505
340
152
-9
-109
-151
-168
-194
-248
-337
-453
-574
-675
-748
-799
-835
-852
-840
-811
-799
-831
-906
-985
-1025
-1010
-963
-920
-902
-894
-872
-827
-781
-761
-768
-768
-726
-641
-548
-483
-454
-440
-419
-384
-337
-281
-219
-157
-103
-57
-12
34
78
120
176
268
408
579
741
856
915
939
965
1020
1106
1198
1266
1302
1334
1381
1414
1377
1256
1107
1010
983
972
920
822
712
613
509
371
202
39
-74
-126
-148
-185
-266
-381
-497
-585
-645
-700
-766
-830
-865
-858
-838
-851
-910
-984
-1026
-1021
-993
-970
-961
-953
-939
-925
-919
-913
-890
-838
-766
-696
-644
-601
-545
-479
-428
-410
-405
-368
-280
-169
-79
-25
10
54
113
172
225
293
404
550
675
723
704
701
792
960
1102
1135
1095
1103
1214
1339
1336
1185
1026
1003
1099
1161
1078
900
761
720
710
630
472
319
248
238
199
69
-115
-262
-324
-340
-385
-488
-601
-671
-701
-742
-826
-923
-972
-957
-922
-921
-964
-1006
-1010
-986
-973
-991
-1010
-988
-920
-846
-807
-802
-790
-742
-661
-575
-504
-446
-394
-347
-308
-272
-227
-169
-103
-37
29
98
170
240
302
360
425
507
603
701
788
864
930
983
1018
1046
1090
1161
1237
1279
1276
1251
1235
1223
1184
1105
1013
948
916
887
823
716
586
465
364
268
154
19
-109
-202
-265
-333
-434
-558
-676
-761
-817
-867
-925
-984
-1025
-1043
-1051
-1074
-1112
-1147
-1161
-1150
-1122
-1082
-1032
-981
-944
-922
-894
-842
-772
-706
-651
-594
-515
-415
-314
-234
-179
-134
-84
-22
52
132
211
277
327
370
423
493
563
617
658
717
810
919
1001
1031
1026
1028
1060
1114
1165
1193
1196
1184
1167
1149
1112
1040
934
833
774
753
721
634
501
372
278
196
89
-49
-185
-286
-354
-416
-495
-591
-689
-777
-847
-900
-941
-978
-1013
-1044
-1067
-1085
-1100
-1111
-1112
-1098
-1074
-1047
-1016
-978
-937
-898
-860
-809
-737
-652
-572
-506
-441
-366
-286
-217
-162
-99
-8
107
216
292
335
368
408
456
505
553
603
658
715
769
818
856
883
900
908
912
915
925
944
968
984
978
950
910
864
810
747
681
627
587
546
483
391
288
194
110
18
-89
-196
-276
-330
-380
-449
-537
-628
-705
-768
-819
-861
-893
-918
-941
-962
-977
-978
-965
-945
-930
-923
-917
-900
-866
-821
-775
-730
-680
-617
-544
-475
-418
-371
-323
-261
-183
-99
-23
35
78
119
171
235
299
345
375
409
464
533
587
609
616
642
705
779
828
842
848
870
904
922
912
892
888
904
916
904
865
810
751
695
648
610
570
508
419
315
219
136
57
-32
-131
-227
-306
-372
-437
-515
-607
-694
-759
-799
-832
-879
-938
-984
-994
-976
-960
-969
-991
-999
-981
-950
-921
-884
-826
-749
-676
-623
-579
-525
-452
-369
-292
-222
-151
-73
1
63
110
155
211
279
347
405
453
497
538
566
581
594
617
652
695
738
778
811
831
836
828
814
806
809
819
822
811
788
761
729
679
610
538
487
454
417
357
277
193
109
24
-63
-147
-222
-296
-373
-450
-520
-580
-636
-693
-752
-808
-856
-894
-919
-931
-931
-923
-916
-914
-913
-903
-880
-842
-796
-744
-687
-622
-550
-479
-419
-375
-336
-286
-215
-131
-53
8
55
104
160
216
262
299
338
386
436
476
499
514
533
561
589
612
629
645
666
691
713
726
726
719
709
699
690
687
687
679
651
606
561
528
501
460
397
323
254
198
146
80
-4
-90
-161
-219
-284
-367
-452
-517
-560
-605
-667
-733
-779
-799
-811
-831
-851
-858
-855
-856
-865
-868
-846
-798
-741
-690
-645
-592
-526
-456
-399
-360
-324
-268
-188
-104
-40
2
43
97
152
189
207
233
287
353
400
414
417
437
478
512
522
518
527
560
596
613
610
608
626
652
663
649
625
617
627
636
624
591
559
540
523
481
409
330
274
242
209
153
84
23
-26
-83
-163
-253
-328
-379
-419
-466
-526
-588
-643
-687
-725
-756
-776
-785
-783
-777
-772
-774
-778
-772
-742
-691
-634
-584
-542
-495
-441
-388
-341
-298
-247
-182
-109
-38
19
60
92
129
177
229
269
291
309
340
384
422
437
438
449
478
511
526
521
514
525
551
573
576
569
570
584
595
583
554
528
520
516
496
457
414
380
354
322
278
224
171
126
84
36
-24
-91
-155
-208
-256
-306
-362
-419
-467
-506
-544
-587
-629
-659
-669
-668
-669
-677
-689
-699
-701
-691
-672
-645
-607
-555
-495
-442
-410
-393
-367
-319
-253
-189
-137
-91
-41
13
61
94
114
140
184
240
289
315
323
331
350
376
393
396
396
409
440
471
484
479
469
470
481
492
495
492
489
486
478
465
448
426
402
378
355
333
305
268
225
178
133
93
58
23
-22
-78
-137
-190
-233
-275
-323
-373
-417
-448
-472
-502
-542
-580
-601
-602
-594
-592
-599
-608
-607
-590
-566
-544
-524
-492
-441
-383
-341
-324
-314
-286
-232
-167
-112
-74
-41
3
55
103
134
150
169
200
241
278
302
319
338
357
371
375
376
385
400
410
408
399
395
397
399
396
394
397
401
395
375
350
334
328
325
316
300
278
255
230
202
170
134
96
63
36
7
-33
-82
-130
-164
-191
-223
-265
-310
-343
-366
-388
-417
-447
-466
-471
-474
-485
-501
-507
-495
-472
-454
-445
-438
-419
-388
-353
-324
-302
-280
-249
-210
-170
-135
-103
-63
-13
36
67
75
79
102
145
189
216
228
244
271
296
304
294
286
293
312
328
336
341
347
350
343
328
313
307
313
321
319
305
289
277
270
258
237
213
195
184
173
156
134
111
90
67
37
4
-26
-49
-66
-89
-123
-163
-198
-227
-254
-283
-312
-334
-348
-355
-363
-376
-393
-406
-410
-404
-395
-386
-378
-367
-351
-329
-305
-287
-272
-254
-228
-191
-151
-111
-74
-38
-5
24
47
67
87
111
140
168
192
211
227
243
255
262
265
267
269
272
275
274
269
261
253
251
253
254
246
229
211
198
189
180
168
157
153
155
154
141
116
89
70
62
58
51
39
22
2
-19
-43
-68
-92
-111
-124
-131
-139
-154
-178
-206
-230
-245
-250
-253
-258
-265
-270
-269
-265
-264
-269
-275
-273
-257
-232
-207
-195
-194
-192
-175
-141
-102
-74
-60
-50
-31
-7
15
28
38
56
84
113
134
142
141
140
145
159
177
192
200
201
195
187
181
179
179
176
168
161
162
168
171
