6
4
-2
-7
-10
-7
-2
4
6
5
4
7
11
13
11
8
8
12
15
13
9
7
10
15
15
9
3
2
7
15
19
17
11
5
5
9
12
10
2
-3
-1
5
9
5
-5
-12
-11
-3
6
9
6
3
4
7
8
5
-4
-14
-22
-24
-21
-17
-13
-14
-18
-20
-15
-9
-9
-20
-29
-26
-10
2
-1
-15
-27
-26
-19
-15
-17
-19
-19
-17
-15
-12
-5
2
3
-5
-15
-18
-12
-2
1
-3
-8
-8
1
12
14
6
-5
-7
2
15
18
12
6
9
20
27
23
11
2
4
15
24
25
19
12
9
12
18
21
18
14
13
15
17
17
15
10
4
1
2
7
11
9
3
-2
1
7
9
3
-8
-13
-9
-2
-2
-9
-17
-20
-17
-17
-20
-25
-26
-24
-22
-23
-24
-23
-20
-18
-21
-27
-33
-37
-37
-34
-31
-30
-30
-29
-28
-26
-26
-27
-25
-21
-17
-17
-19
-21
-19
-17
-18
-20
-20
-16
-10
-4
0
5
11
18
22
23
22
21
23
26
30
32
31
26
21
19
24
32
36
34
31
34
45
56
57
49
41
39
42
44
40
33
29
33
39
40
31
17
9
12
20
23
17
5
-3
-4
-1
-2
-10
-22
-32
-33
-28
-24
-27
-34
-40
-39
-36
-38
-47
-56
-59
-55
-49
-50
-56
-62
-65
-63
-61
-64
-69
-71
-68
-63
-60
-60
-62
-61
-58
-54
-52
-51
-50
-48
-44
-37
-31
-28
-26
-23
-16
-8
0
4
10
19
30
40
46
48
49
53
62
71
75
75
76
84
93
97
94
89
91
100
107
107
104
105
113
121
118
105
90
83
84
85
79
65
51
42
37
32
23
13
5
-2
-11
-22
-32
-38
-45
-54
-65
-75
-82
-88
-98
-109
-117
-122
-125
-128
-134
-140
-146
-150
-153
-155
-157
-160
-168
-176
-181
-182
-182
-187
-195
-200
-196
-187
-178
-175
-172
-165
-151
-134
-118
-104
-89
-70
-47
-22
1
19
35
50
67
88
112
133
148
161
177
202
231
255
270
280
293
311
330
342
346
344
342
343
345
344
336
324
309
292
272
251
231
216
200
179
151
120
92
65
37
9
-15
-36
-58
-84
-112
-139
-160
-177
-191
-207
-226
-244
-257
-263
-266
-269
-276
-285
-294
-300
-303
-308
-319
-333
-343
-349
-355
-367
-384
-400
-408
-407
-405
-404
-400
-389
-371
-347
-320
-289
-257
-227
-200
-174
-145
-116
-91
-67
-40
-6
28
55
78
108
156
216
274
315
345
378
426
481
530
565
590
613
637
663
690
714
727
730
729
736
747
748
728
698
670
645
610
556
491
428
369
307
234
155
76
3
-65
-133
-200
-264
-320
-371
-421
-472
-520
-559
-588
-606
-623
-641
-659
-670
-670
-665
-661
-659
-654
-644
-630
-617
-606
-598
-592
-585
-573
-552
-522
-485
-445
-402
-358
-313
-269
-226
-183
-138
-90
-44
-7
16
32
51
78
108
128
140
153
175
208
241
269
292
316
343
374
404
428
445
461
480
504
528
552
582
624
674
730
789
852
911
948
955
943
929
911
865
772
645
522
425
341
241
119
-3
-97
-154
-189
-220
-253
-285
-306
-315
-318
-327
-349
-379
-409
-434
-460
-491
-519
-536
-538
-533
-531
-530
-525
-510
-493
-483
-479
-477
-471
-465
-463
-466
-470
-474
-478
-478
-466
-443
-417
-391
-361
-318
-264
-213
-173
-137
-100
-72
-61
-61
-56
-43
-35
-46
-67
-80
-75
-64
-56
-48
-33
-8
20
49
82
119
154
178
196
221
263
319
380
435
501
605
758
928
1052
1099
1112
1162
1266
1349
1325
1190
1025
909
836
735
561
343
152
36
-22
-71
-148
-248
-333
-369
-356
-336
-357
-427
-500
-536
-541
-558
-600
-631
-617
-572
-535
-504
-444
-339
-234
-189
-204
-221
-198
-158
-154
-208
-287
-343
-358
-354
-362
-391
-413
-391
-321
-239
-185
-162
-134
-76
-2
49
63
56
48
40
22
-9
-44
-75
-105
-138
-174
-210
-247
-290
-338
-387
-436
-483
-521
-545
-555
-562
-569
-567
-536
-477
-412
-365
-328
-272
-172
-46
71
163
257
401
621
898
1162
1351
1458
1555
1714
1926
2077
2056
1879
1683
1579
1538
1428
1174
833
533
338
214
99
-36
-180
-309
-396
-426
-421
-436
-502
-595
-672
-730
-800
-891
-971
-1010
-1014
-1009
-993
-939
-832
-682
-517
-367
-266
-223
-200
-137
-36
19
-51
-213
-342
-358
-323
-350
-461
-551
-507
-338
-155
-47
-2
49
146
267
362
405
393
350
305
279
256
203
108
7
-63
-101
-145
-213
-290
-366
-453
-562
-667
-729
-748
-768
-820
-881
-903
-873
-825
-799
-795
-780
-720
-604
-449
-295
-172
-68
86
357
729
1099
1374
1555
1727
1962
2238
2457
2526
2436
2264
2115
2028
1934
1721
1353
931
605
431
326
175
-46
-265
-402
-443
-443
-467
-547
-667
-785
-873
-936
-997
-1070
-1151
-1225
-1269
-1261
-1191
-1075
-941
-801
-648
-482
-329
-222
-168
-142
-125
-125
-162
-237
-325
-411
-501
-593
-652
-634
-541
-418
-309
-208
-83
65
204
301
354
387
420
455
478
470
426
363
311
286
264
204
89
-54
-175
-252
-309
-391
-520
-673
-806
-890
-928
-955
-1000
-1061
-1098
-1084
-1028
-969
-916
-841
-712
-544
-369
-194
27
338
735
1154
1522
1812
2067
2351
2666
2929
3034
2960
2793
2635
2501
2313
1999
1580
1150
797
533
311
77
-182
-432
-618
-709
-730
-754
-843
-982
-1106
-1168
-1191
-1227
-1299
-1387
-1451
-1453
-1371
-1221
-1058
-939
-851
-729
-533
-311
-155
-98
-93
-86
-87
-142
-259
-400
-528
-645
-751
-816
-810
-744
-665
-598
-520
-395
-234
-80
36
128
231
354
469
533
531
491
461
467
489
481
413
294
162
51
-34
-131
-271
-447
-617
-749
-844
-918
-984
-1047
-1114
-1176
-1205
-1186
-1139
-1086
-1026
-932
-799
-637
-450
-208
124
555
1041
1504
1886
2201
2517
2879
3223
3412
3368
3170
2974
2843
2677
2342
1831
1283
846
544
303
42
-248
-514
-697
-779
-799
-826
-907
-1022
-1112
-1142
-1147
-1189
-1283
-1376
-1423
-1433
-1433
-1399
-1274
-1063
-840
-669
-525
-349
-135
58
175
203
170
107
36
-56
-205
-414
-620
-748
-788
-803
-843
-877
-834
-692
-512
-375
-298
-229
-121
21
157
263
337
382
407
432
476
511
484
376
244
149
87
0
-140
-302
-440
-544
-633
-716
-788
-850
-912
-969
-998
-983
-946
-925
-930
-921
-851
-709
-520
-294
-2
393
881
1387
1826
2180
2510
2877
3237
3453
3432
3237
3028
2869
2667
2294
1767
1234
815
497
190
-154
-498
-773
-932
-974
-952
-944
-1002
-1095
-1150
-1132
-1091
-1098
-1171
-1268
-1350
-1401
-1410
-1361
-1259
-1122
-945
-697
-371
-43
188
300
377
499
629
643
481
221
-3
-147
-286
-496
-757
-973
-1070
-1046
-949
-827
-718
-643
-586
-503
-362
-191
-47
42
104
171
247
311
356
379
372
322
250
191
158
114
19
-118
-256
-371
-468
-555
-629
-688
-745
-808
-859
-876
-873
-875
-894
-899
-861
-784
-689
-558
-333
37
533
1054
1502
1868
2241
2699
3201
3583
3704
3582
3383
3241
3117
2841
2318
1645
1035
608
318
46
-278
-641
-978
-1202
-1254
-1174
-1093
-1113
-1194
-1207
-1108
-994
-999
-1131
-1292
-1383
-1386
-1330
-1243
-1137
-1018
-869
-652
-356
-34
236
432
584
717
805
812
730
584
387
147
-116
-370
-601
-820
-1021
-1153
-1163
-1076
-986
-952
-923
-806
-586
-353
-196
-109
-29
75
177
249
302
351
378
365
328
295
251
156
4
-149
-251
-313
-382
-478
-577
-659
-724
-772
-793
-792
-793
-823
-863
-871
-824
-742
-653
-561
-421
-173
212
699
1194
1619
1981
2377
2875
3399
3757
3823
3663
3461
3314
3142
2802
2264
1624
1010
482
46
-325
-672
-1020
-1323
-1476
-1435
-1304
-1249
-1306
-1350
-1259
-1091
-1005
-1072
-1197
-1263
-1258
-1249
-1260
-1255
-1204
-1110
-963
-713
-344
66
396
606
756
923
1093
1188
1148
969
689
375
93
-141
-397
-750
-1143
-1396
-1397
-1241
-1133
-1155
-1194
-1092
-832
-531
-312
-196
-123
-30
100
235
326
347
307
253
220
210
189
129
36
-62
-144
-209
-271
-345
-437
-539
-628
-679
-688
-685
-706
-763
-819
-839
-819
-792
-777
-760
-687
-493
-127
397
985
1507
1915
2304
2808
3414
3911
4087
3953
3735
3612
3518
3238
2667
1925
1219
652
192
-234
-662
-1092
-1484
-1750
-1812
-1693
-1542
-1496
-1542
-1540
-1410
-1229
-1140
-1179
-1269
-1326
-1339
-1324
-1281
-1200
-1089
-939
-692
-320
115
489
749
949
1159
1357
1460
1410
1223
948
625
287
-41
-367
-733
-1142
-1500
-1681
-1654
-1526
-1428
-1380
-1293
-1091
-805
-539
-359
-247
-140
1
170
325
414
406
335
289
331
405
394
251
60
-74
-142
-212
-324
-451
-565
-671
-774
-840
-849
-838
-868
-936
-980
-955
-893
-850
-833
-792
-677
-451
-79
454
1075
1640
2070
2459
2980
3637
4199
4405
4252
3992
3840
3720
3386
2711
1831
990
321
-202
-659
-1109
-1571
-1995
-2251
-2229
-1989
-1757
-1711
-1770
-1711
-1449
-1148
-1010
-1055
-1146
-1184
-1167
-1121
-1041
-935
-832
-705
-458
-23
517
980
1250
1384
1519
1705
1844
1798
1509
1041
514
25
-393
-786
-1217
-1673
-2022
-2123
-1987
-1784
-1661
-1591
-1431
-1121
-750
-442
-230
-71
72
202
333
480
614
671
626
550
518
523
474
318
93
-115
-267
-384
-503
-642
-798
-951
-1062
-1096
-1060
-1023
-1045
-1116
-1144
-1076
-950
-863
-843
-822
-692
-385
120
780
1476
2063
2519
2998
3648
4385
4895
4950
4651
4306
4069
3791
3225
2335
1317
390
-375
-1017
-1582
-2090
-2545
-2898
-3032
-2874
-2534
-2244
-2115
-2015
-1743
-1307
-924
-775
-802
-829
-764
-655
-557
-460
-345
-211
-35
262
695
1153
1487
1678
1821
1959
2004
1854
1514
1063
529
-99
-765
-1344
-1771
-2106
-2417
-2642
-2654
-2445
-2150
-1886
-1617
-1249
-791
-356
-15
260
504
686
764
788
847
941
956
820
600
422
308
180
-29
-297
-578
-849
-1091
-1264
-1356
-1422
-1512
-1593
-1576
-1453
-1313
-1237
-1192
-1106
-966
-837
-745
-651
-491
-239
136
686
1411
2186
2837
3354
3913
4638
5347
5694
5530
5072
4608
4175
3562
2617
1425
187
-938
-1869
-2560
-3048
-3454
-3846
-4087
-3957
-3440
-2815
-2358
-2054
-1670
-1113
-547
-173
8
122
213
231
189
209
356
542
654
756
999
1406
1787
1976
1986
1936
1831
1568
1102
516
-107
-788
-1544
-2268
-2794
-3088
-3253
-3343
-3248
-2854
-2226
-1573
-1027
-550
-61
438
887
1256
1522
1627
1543
1374
1285
1297
1227
921
465
84
-150
-378
-734
-1150
-1481
-1700
-1892
-2084
-2197
-2178
-2074
-1958
-1824
-1643
-1438
-1269
-1129
-954
-721
-503
-369
-288
-145
141
589
1212
2011
2903
3704
4320
4859
5487
6118
6416
6129
5395
4564
3795
2911
1688
165
-1390
-2741
-3797
-4540
-4969
-5136
-5127
-4924
-4393
-3477
-2381
-1422
-711
-74
637
1310
1719
1832
1810
1735
1516
1127
778
694
824
901
823
768
927
1209
1359
1245
960
624
231
-296
-973
-1732
-2478
-3098
-3474
-3556
-3442
-3272
-3031
-2538
-1693
-673
218
853
1350
1835
2256
2475
2464
2300
2036
1666
1222
787
390
-42
-562
-1096
-1516
-1797
-2029
-2272
-2478
-2564
-2512
-2366
-2164
-1935
-1725
-1549
-1344
-1019
-606
-264
-129
-141
-123
29
226
306
236
176
358
913
1803
2834
3775
4490
5068
5697
6376
6756
6457
5500
4296
3159
1975
477
-1312
-3049
-4426
-5367
-5898
-6006
-5715
-5158
-4445
-3514
-2245
-727
698
1727
2349
2766
3084
3205
3010
2532
1897
1190
502
-7
-203
-196
-251
-458
-569
-332
149
487
443
142
-171
-433
-764
-1235
-1792
-2338
-2792
-3038
-2951
-2539
-1987
-1475
-973
-322
521
1375
2014
2353
2439
2335
2100
1815
1530
1167
595
-167
-885
-1342
-1589
-1864
-2255
-2576
-2622
-2444
-2253
-2121
-1924
-1598
-1257
-1009
-778
-441
-63
159
157
81
72
102
54
-85
-242
-378
-516
-628
-585
-252
428
1411
2590
3778
4792
5571
6205
6727
6935
6517
5399
3856
2238
664
-944
-2595
-4112
-5271
-5940
-6057
-5615
-4740
-3702
-2691
-1614
-262
1298
2630
3320
3383
3149
2851
2454
1877
1183
480
-194
-787
-1111
-1035
-692
-393
-279
-204
-1
262
355
157
-262
-762
-1278
-1767
-2140
-2306
-2301
-2251
-2171
-1899
-1296
-484
247
748
1129
1532
1912
2101
2033
1773
1393
916
412
-6
-326
-695
-1211
-1739
-2038
-2071
-2049
-2131
-2216
-2099
-1761
-1372
-1062
-807
-568
-387
-290
-198
-40
107
97
-58
-197
-224
-225
-297
-420
-522
-614
-722
-757
-558
-37
789
1883
3153
4402
5390
6066
6566
6937
6930
6213
4774
2983
1226
-424
-2087
-3754
-5186
-6118
-6447
-6187
-5394
-4185
-2767
-1343
25
1349
2551
3417
3789
3700
3300
2695
1938
1139
454
-54
-472
-841
-1047
-937
-584
-263
-179
-286
-435
-603
-876
-1271
-1672
-1969
-2128
-2118
-1856
-1322
-669
-103
342
803
1346
1803
1926
1672
1234
833
521
223
-125
-512
-866
-1094
-1125
-990
-843
-830
-932
-1001
-960
-917
-1012
-1220
-1363
-1324
-1159
-991
-870
-774
-686
-617
-552
-464
-373
-355
-439
-559
-622
-633
-663
-751
-850
-946
-1082
-1231
-1201
-759
145
1399
2879
4494
6047
7301
8174
8722
8809
8023
6135
3511
876
-1353
-3285
-5161
-6899
-8129
-8512
-7904
-6364
-4184
-1881
66
1566
2888
4218
5287
5609
5014
3836
2564
1455
541
-174
-665
-998
-1248
-1349
-1141
-671
-293
-354
-866
-1548
-2158
-2627
-2945
-3058
-2928
-2565
-1936
-954
362
1751
2868
3547
3854
3869
3518
2697
1478
111
-1143
-2124
-2732
-2927
-2782
-2474
-2103
-1592
-835
49
724
926
701
311
-52
-380
-721
-1050
-1294
-1424
-1442
-1339
-1119
-866
-684
-594
-529
-463
-463
-578
-772
-956
-1117
-1255
-1335
-1309
-1235
-1234
-1321
-1343
-1086
-410
779
2505
4617
6671
8174
8971
9313
9421
9042
7624
4948
1512
-1820
-4455
-6369
-7800
-8816
-9185
-8597
-6950
-4459
-1605
1036
3056
4416
5363
6036
6233
5627
4236
2519
990
-115
-808
-1133
-1191
-1177
-1246
-1321
-1229
-1036
-1085
-1643
-2578
-3490
-4065
-4219
-3955
-3254
-2147
-758
773
2363
3884
5064
5597
5359
4463
3108
1467
-300
-1995
-3420
-4425
-4895
-4748
-3989
-2792
-1449
-221
788
1580
2119
2284
1990
1321
477
-354
-1068
-1599
-1896
-1977
-1925
-1795
-1543
-1149
-749
-562
-645
-802
-839
-797
-882
-1134
-1400
-1534
-1581
-1614
-1602
-1486
-1316
-1177
-1004
-597
283
1780
3877
6250
8321
9567
9877
9531
8789
7585
5623
2774
-665
-4060
-6782
-8504
-9237
-9123
-8214
-6454
-3850
-692
2397
4722
5931
6236
6135
5904
5362
4195
2443
602
-756
-1390
-1427
-1174
-943
-978
-1323
-1778
-2112
-2367
-2830
-3617
-4422
-4753
-4339
-3238
-1647
208
2057
3649
4890
5795
6250
5943
4657
2593
275
-1839
-3559
-4814
-5467
-5425
-4771
-3697
-2293
-613
1078
2293
2728
2565
2222
1863
1294
371
-707
-1594
-2133
-2383
-2400
-2204
-1903
-1680
-1552
-1326
-888
-458
-384
-719
-1148
-1355
-1361
-1374
-1479
-1531
-1413
-1183
-992
-884
-797
-694
-607
-527
-210
757
2640
5191
7685
9358
9891
9506
8617
7435
5821
3490
351
-3224
-6463
-8575
-9208
-8608
-7285
-5537
-3291
-451
2676
5350
6846
6967
6132
5003
3973
2994
1836
470
-824
-1672
-1856
-1443
-802
-490
-924
-2018
-3219
-4001
-4324
-4497
-4678
-4632
-3968
-2518
-408
2060
4465
6300
7152
6975
6080
4780
3063
758
-2002
-4600
-6313
-6848
-6422
-5424
-4060
-2393
-542
1256
2761
3791
4168
3769
2699
1374
228
-619
-1338
-2034
-2549
-2682
-2449
-2072
-1748
-1556
-1464
-1359
-1096
-661
-272
-202
-520
-1031
-1496
-1781
-1865
-1742
-1483
-1235
-1125
-1083
-898
-490
-63
92
52
375
1707
4130
6968
9214
10210
9981
8986
7608
5797
3218
-263
-4181
-7575
-9541
-9759
-8566
-6611
-4419
-2158
277
2934
5479
7212
7527
6446
4651
2958
1765
985
382
-168
-684
-1130
-1399
-1408
-1339
-1660
-2708
-4243
-5543
-5997
-5552
-4566
-3365
-1971
-227
1949
4373
6543
7793
7626
6077
3729
1306
-819
-2713
-4515
-6060
-6889
-6615
-5237
-3182
-1046
690
1869
2629
3177
3532
3485
2840
1675
363
-685
-1293
-1576
-1788
-2092
-2456
-2680
-2566
-2070
-1360
-709
-315
-170
-120
-76
-125
-410
-919
-1488
-1966
-2301
-2420
-2236
-1773
-1239
-813
-485
-161
132
236
127
64
572
2126
4742
7723
9933
10564
9674
7982
6065
3873
973
-2736
-6590
-9425
-10315
-9172
-6701
-3818
-1095
1357
3605
5565
6893
7145
6137
4221
2185
786
272
327
406
163
-371
-919
-1296
-1661
-2397
-3716
-5317
-6530
-6756
-5840
-4051
-1815
516
2728
4695
6284
7261
7305
6165
3919
1071
-1651
-3682
-4861
-5345
-5340
-4907
-4018
-2703
-1161
329
1515
2248
2498
2377
2109
1869
1635
1223
540
-276
-1005
-1570
-2071
-2555
-2902
-2920
-2553
-1891
-1083
-278
350
633
526
136
-400
-1024
-1702
-2319
-2690
-2717
-2421
-1903
-1235
-495
189
653
763
469
-166
-864
-1153
-520
1285
4084
7300
10107
11662
11437
9575
6820
3923
1019
-2252
-5920
-9098
-10470
-9387
-6437
-2894
248
2694
4564
5910
6547
6215
4884
2949
1135
118
125
857
1692
2029
1558
386
-1093
-2547
-3949
-5453
-6993
-8056
-7911
-6157
-3115
306
3188
5101
6111
6412
6084
5170
3798
2148
330
-1519
-3116
-4100
-4330
-4026
-3560
-3156
-2746
-2142
-1213
-1
1303
2431
3153
3415
3336
3058
2532
1544
-1
-1826
-3364
-4164
-4173
-3672
-2945
-2089
-1094
-49
796
1148
866
50
-1007
-1962
-2571
-2762
-2632
-2334
-1987
-1596
-1114
-534
11
315
266
-66
-525
-1027
-1475
-1656
-1248
-34
2054
4948
8259
11053
12146
10988
8184
4907
1789
-1375
-4790
-7851
-9423
-8836
-6452
-3254
-166
2231
3644
4057
3810
3372
2952
2413
1660
1025
1039
1852
2936
3457
2853
1129
-1273
-3764
-5833
-7196
-7800
-7676
-6770
-4953
-2270
844
3642
5412
5850
5158
3864
2503
1406
673
212
-147
-561
-1083
-1660
-2234
-2781
-3283
-3600
-3505
-2797
-1460
306
2152
3679
4552
4607
3905
2670
1135
-537
-2181
-3502
-4131
-3864
-2878
-1660
-688
-161
6
-24
-189
-527
-1043
-1608
-2000
-2073
-1872
-1583
-1359
-1219
-1096
-966
-841
-740
-641
-549
-489
-450
-377
-271
-251
-357
-305
490
2465
5440
8557
10680
11018
9551
6993
4209
1588
-1047
-3853
-6409
-7830
-7462
-5419
-2528
172
1969
2722
2813
2767
2876
3046
3009
2695
2355
2358
2787
3274
3164
1948
-362
-3189
-5670
-7147
-7495
-7045
-6154
-4852
-2942
-437
2170
4126
4903
4499
3353
2052
1043
517
389
440
448
255
-234
-1055
-2104
-3139
-3846
-3986
-3410
-2083
-159
1928
3582
4371
4253
3473
2298
899
-554
-1809
-2601
-2804
-2483
-1865
-1232
-818
-700
-808
-1003
-1202
-1393
-1560
-1634
-1544
-1318
-1079
-950
-972
-1131
-1411
-1790
-2149
-2272
-1969
-1309
-609
-169
-13
32
19
-165
-552
-823
-475
853
3185
6205
9227
11225
11265
9184
5826
2375
-583
-3235
-5769
-7657
-7917
-6115
-2946
206
2207
2804
2485
1982
1764
1872
2079
2219
2409
2868
3587
4144
3925
2509
-71
-3283
-6272
-8181
-8570
-7611
-5864
-3831
-1713
437
2416
3795
4161
3462
2136
884
251
307
699
980
947
692
375
-9
-641
-1626
-2736
-3417
-3148
-1886
-160
1341
2271
2703
2779
2495
1818
884
-66
-824
-1228
-1168
-731
-289
-258
-730
-1427
-1991
-2276
-2338
-2270
-2098
-1788
-1326
-793
-391
-352
-757
-1437
-2056
-2326
-2184
-1762
-1280
-871
-556
-257
91
396
397
-129
-1026
-1738
-1677
-632
1284
3924
7048
9930
11373
10506
7608
3934
665
-1858
-3903
-5521
-6213
-5398
-3155
-416
1615
2247
1703
796
336
645
1494
2412
3079
3556
4030
4391
4080
2493
-381
-3771
-6559
-7973
-7907
-6758
-5069
-3260
-1547
3
1300
2109
2196
1628
865
457
619
1162
1732
2054
1949
1328
297
-835
-1772
-2456
-2921
-3010
-2416
-1102
496
1778
2425
2462
2078
1509
1018
748
584
313
-58
-292
-288
-312
-723
-1537
-2360
-2788
-2731
-2357
-1848
-1315
-873
-641
-657
-855
-1167
-1570
-1990
-2236
-2117
-1644
-1066
-660
-523
-519
-489
-393
-316
-368
-604
-988
-1331
-1341
-816
206
1617
3494
5946
8574
10301
10060
7761
4463
1485
-581
-1999
-3173
-4022
-4068
-3062
-1397
109
785
553
-103
-462
-25
1180
2635
3712
4138
4043
3626
2825
1409
-689
-3149
-5361
-6694
-6782
-5734
-4106
-2582
-1552
-961
-519
-43
425
773
1004
1268
1699
2257
2683
2641
1952
758
-528
-1500
-1988
-2103
-2029
-1804
-1269
-292
936
1882
2087
1636
1106
992
1245
1428
1224
707
163
-233
-544
-959
-1574
-2251
-2683
-2642
-2169
-1538
-1043
-828
-869
-1045
-1236
-1401
-1559
-1712
-1800
-1754
-1577
-1355
-1171
-1040
-934
-822
-716
-625
-553
-485
-411
-343
-305
-302
-274
-115
300
1119
2524
4614
7106
9159
9715
8257
5329
2203
-88
-1415
-2281
-3007
-3311
-2713
-1232
397
1245
909
-162
-1004
-853
325
1873
3024
3451
3345
2971
2296
1067
-799
-2987
-4906
-5979
-5903
-4817
-3309
-2100
-1539
-1374
-1103
-517
156
621
883
1173
1640
2170
2507
2421
1795
669
-681
-1781
-2226
-1961
-1311
-666
-187
226
682
1132
1408
1434
1326
1279
1379
1517
1488
1142
464
-425
-1325
-2031
-2435
-2555
-2489
-2313
-2061
-1770
-1514
-1362
-1316
-1342
-1423
-1546
-1634
-1588
-1417
-1271
-1278
-1387
-1426
-1300
-1080
-910
-840
-801
-668
-397
-79
129
145
50
7
124
398
829
1545
2809
4756
7039
8737
8849
7083
4235
1649
159
-443
-901
-1547
-2007
-1781
-932
-115
25
-619
-1522
-1897
-1226
349
2097
3229
3434
2938
2096
1045
-254
-1756
-3210
-4268
-4653
-4271
-3309
-2218
-1491
-1322
-1481
-1559
-1307
-726
50
876
1609
2126
2346
2234
1784
1069
283
-311
-535
-409
-99
195
349
339
242
168
186
285
443
688
1030
1342
1402
1082
459
-268
-902
-1302
-1418
-1361
-1352
-1523
-1788
-1979
-2043
-2051
-2047
-1989
-1837
-1613
-1373
-1166
-1040
-1035
-1120
-1191
-1156
-1020
-863
-738
-653
-593
-554
-485
-328
-84
143
246
214
127
81
147
405
967
1966
3497
5466
7401
8498
8066
6133
3560
1431
248
-289
-698
-1091
-1185
-853
-458
-517
-1137
-1870
-2125
-1634
-561
715
1836
2558
2770
2453
1650
473
-848
-1995
-2700
-2895
-2718
-2392
-2122
-2054
-2229
-2531
-2724
-2587
-2047
-1184
-144
906
1769
2236
2204
1768
1167
644
338
305
530
907
1207
1189
778
141
-435
-736
-715
-438
2
510
961
1209
1141
769
251
-185
-406
-460
-519
-720
-1072
-1488
-1884
-2212
-2434
-2502
-2401
-2180
-1918
-1664
-1435
-1265
-1219
-1298
-1373
-1264
-932
-559
-390
-482
-649
-693
-605
-516
-466
-366
-162
53
163
168
166
250
457
781
1197
1753
2654
4087
5804
6993
6824
5254
3176
1643
963
634
107
-550
-819
-471
25
-76
-1022
-2254
-2857
-2313
-892
624
1558
1785
1659
1527
1348
811
-187
-1282
-1923
-1907
-1567
-1441
-1774
-2365
-2826
-2932
-2741
-2420
-2034
-1518
-808
35
841
1413
1629
1541
1375
1361
1511
1624
1518
1210
841
509
225
-22
-244
-441
-553
-459
-116
339
674
767
677
516
329
97
-178
-450
-664
-816
-961
-1169
-1467
-1806
-2089
-2222
-2178
-2000
-1766
-1537
-1329
-1157
-1055
-1052
-1106
-1114
-1011
-847
-725
-675
-618
-470
-246
-50
41
28
-27
-48
19
173
344
463
551
696
935
1243
1678
2438
3614
4894
5616
5294
4092
2743
1922
1692
1570
1134
502
154
304
565
323
-586
-1624
-2012
-1440
-332
535
681
265
-169
-242
-67
-53
-401
-864
-1027
-785
-465
-475
-909
-1516
-1976
-2132
-2022
-1788
-1569
-1397
-1185
-819
-309
189
506
613
626
691
865
1086
1241
1248
1110
917
791
767
731
515
116
-220
-217
104
405
375
43
-287
-376
-267
-187
-298
-549
-740
-735
-624
-632
-870
-1188
-1342
-1260
-1101
-1053
-1135
-1214
-1185
-1081
-1013
-1024
-1040
-975
-843
-728
-661
-586
-449
-282
-145
-47
47
140
204
238
280
343
395
414
437
513
630
738
856
1090
1509
2014
2366
2378
2082
1723
1569
1689
1882
1886
1663
1449
1484
1698
1738
1337
622
21
-144
52
241
139
-191
-452
-453
-306
-286
-530
-897
-1125
-1092
-924
-844
-955
-1151
-1252
-1179
-1019
-908
-912
-983
-1022
-954
-783
-590
-450
-366
-283
-168
-33
110
267
396
403
261
94
70
219
401
479
472
512
666
840
869
701
457
329
379
484
463
269
32
-92
-86
-84
-220
-473
-697
-775
-739
-719
-806
-963
-1082
-1094
-1032
-968
-945
-947
-946
-931
-904
-872
-847
-848
-875
-893
-844
-709
-530
-378
-291
-253
-228
-205
-187
-168
-123
-27
134
370
693
1099
1518
1812
1862
1706
1565
1653
1949
2189
2155
1943
1874
2127
2499
2601
2277
1787
1535
1655
1880
1837
1428
909
604
574
578
346
-136
-613
-832
-794
-739
-886
-1215
-1509
-1590
-1498
-1425
-1500
-1665
-1752
-1671
-1497
-1378
-1380
-1435
-1431
-1321
-1146
-975
-851
-781
-746
-693
-569
-376
-178
-37
64
190
374
570
698
723
677
627
626
677
745
787
780
718
601
436
256
111
48
73
149
213
217
144
4
-185
-402
-613
-774
-853
-860
-835
-810
-793
-793
-837
-940
-1061
-1136
-1134
-1090
-1043
-985
-878
-726
-570
-446
-348
-246
-124
26
229
513
855
1148
1260
1177
1072
1181
1559
1989
2183
2098
2001
2174
2564
2803
2606
2112
1764
1845
2170
2293
1969
1388
935
785
760
584
194
-209
-396
-353
-280
-398
-740
-1141
-1393
-1431
-1376
-1387
-1502
-1621
-1642
-1584
-1546
-1590
-1688
-1770
-1776
-1656
-1391
-1043
-769
-696
-777
-820
-689
-442
-233
-122
-16
189
472
691
723
574
374
278
343
495
609
636
635
683
765
779
662
478
353
341
370
331
192
11
-151
-280
-389
-476
-530
-561
-605
-691
-808
-926
-1025
-1103
-1156
-1170
-1115
-981
-793
-616
-519
-524
-584
-620
-587
-509
-438
-394
-341
-233
-49
201
497
800
1035
1124
1084
1072
1276
1707
2142
2323
2240
2160
2331
2665
2801
2499
1944
1582
1660
1964
2050
1710
1169
816
795
877
737
307
-171
-412
-387
-332
-491
-874
-1264
-1458
-1451
-1417
-1504
-1699
-1854
-1857
-1735
-1601
-1540
-1543
-1544
-1479
-1318
-1075
-819
-660
-657
-748
-777
-640
-398
-218
-190
-216
-116
164
457
550
420
276
334
586
818
858
740
636
640
680
628
467
310
268
332
387
327
152
-53
-216
-335
-452
-577
-672
-700
-671
-641
-645
-676
-704
-724
-758
-820
-883
-902
-864
-808
-787
-803
-806
-753
-656
-566
-507
-454
-373
-266
-170
-92
17
230
579
1003
1366
1535
1498
1403
1452
1706
1999
2099
1970
1844
1976
2329
2569
2407
1934
1547
1542
1793
1900
1620
1110
734
662
719
607
230
-234
-539
-626
-646
-778
-1057
-1359
-1531
-1537
-1468
-1442
-1489
-1550
-1558
-1509
-1453
-1433
-1453
-1486
-1482
-1386
-1179
-920
-726
-678
-725
-716
-551
-293
-111
-83
-97
27
312
571
610
448
302
362
591
787
801
677
571
568
592
514
321
138
87
161
245
242
152
32
-81
-192
-312
-424
-502
-545
-582
-647
-733
-809
-862
-911
-973
-1025
-1016
-926
-804
-725
-720
-749
-749
-695
-612
-535
-467
-383
-260
-111
24
108
144
173
252
417
673
983
1267
1423
1410
1330
1372
1629
1963
2124
2033
1893
1965
2236
2398
2188
1709
1349
1366
1611
1696
1404
905
543
468
508
389
38
-361
-583
-603
-602
-766
-1091
-1407
-1559
-1548
-1499
-1512
-1560
-1551
-1458
-1366
-1370
-1454
-1500
-1419
-1240
-1058
-930
-839
-747
-646
-558
-501
-461
-398
-273
-83
120
262
316
317
319
342
376
419
491
597
694
728
683
591
501
438
396
359
316
256
180
94
1
-103
-217
-326
-410
-468
-512
-554
-593
-625
-659
-711
-782
-849
-883
-869
-828
-797
-796
-794
-746
-651
-564
-530
-530
-499
-409
-297
-224
-199
-178
-107
21
172
313
465
680
978
1284
1458
1425
1283
1248
1453
1799
2037
2022
1875
1849
2039
2255
2217
1870
1470
1325
1462
1597
1435
980
529
341
370
353
119
-240
-514
-616
-650
-770
-1018
-1304
-1501
-1550
-1493
-1421
-1387
-1374
-1352
-1331
-1359
-1441
-1513
-1494
-1365
-1185
-1027
-915
-820
-714
-612
-546
-512
-444
-278
-32
188
287
281
271
318
388
415
403
422
508
609
643
586
491
417
377
345
301
253
220
207
190
129
9
-146
-282
-367
-412
-452
-507
-576
-647
-709
-755
-788
-814
-831
-830
-810
-781
-755
-734
-722
-715
-690
-615
-492
-371
-298
-263
-222
-153
-74
-10
40
100
188
302
435
590
789
1036
1274
1406
1386
1296
1297
1482
1768
1959
1939
1795
1734
1851
2002
1945
1623
1257
1126
1259
1392
1259
868
478
300
283
206
-59
-410
-656
-729
-744
-855
-1097
-1358
-1506
-1504
-1426
-1371
-1369
-1381
-1365
-1333
-1318
-1312
-1266
-1156
-1031
-945
-884
-786
-645
-535
-522
-560
-520
-336
-89
74
98
71
123
266
399
432
392
382
457
566
621
585
496
417
375
353
314
240
147
79
56
48
-1
-113
-252
-367
-442
-499
-554
-597
-618
-632
-660
-696
-715
-702
-687
-710
-768
-806
-769
-670
-578
-547
-553
-524
-427
-304
-226
-212
-212
-165
-62
54
144
215
305
429
559
669
766
895
1074
1260
1365
1354
1301
1346
1549
1805
1925
1835
1663
1607
1703
1780
1658
1361
1111
1079
1201
1237
1032
664
342
173
78
-83
-343
-601
-753
-803
-848
-968
-1156
-1333
-1426
-1423
-1372
-1334
-1338
-1365
-1372
-1326
-1229
-1118
-1039
-1008
-987
-914
-768
-599
-492
-478
-497
-455
-321
-161
-60
-38
-24
62
222
370
422
381
335
356
424
460
423
355
325
344
359
314
210
99
27
0
-10
-38
-95
-169
-236
-292
-349
-415
-481
-532
-563
-588
-615
-642
-669
-701
-740
-766
-751
-691
-615
-557
-530
-513
-481
-425
-355
-284
-214
-137
-45
51
129
184
233
298
373
435
470
498
557
673
847
1050
1233
1342
1356
1324
1341
1462
1631
1723
1668
1540
1478
1531
1588
1498
1248
991
894
947
972
805
470
144
-33
-92
-173
-359
-587
-741
-786
-803
-887
-1044
-1195
-1266
-1259
-1237
-1247
-1275
-1270
-1207
-1118
-1065
-1071
-1086
-1039
-910
-748
-621
-548
-498
-440
-378
-334
-307
-265
-177
-50
72
152
194
222
248
255
237
223
249
323
407
452
436
372
291
219
161
108
54
5
-33
-64
-100
-150
-219
-307
-408
-500
-554
-559
-539
-529
-550
-588
-611
-597
-554
-512
-498
-507
-505
-467
-401
-347
-334
-343
-330
-269
-177
-92
-27
32
100
173
231
264
285
317
374
454
546
640
741
863
1014
1160
1242
1224
1152
1136
1245
1425
1543
1515
1396
1321
1351
1406
1350
1149
922
817
843
861
729
453
165
-20
-105
-181
-316
-492
-644
-735
-791
-862
-960
-1053
-1098
-1099
-1096
-1107
-1105
-1052
-971
-930
-960
-1004
-979
-874
-758
-698
-676
-622
-504
-368
-284
-271
-283
-253
-162
-50
22
35
31
69
146
204
200
166
167
225
288
298
256
210
190
177
139
78
28
10
8
-17
-82
-171
-254
-316
-360
-396
-418
-415
-391
-373
-389
-442
-507
-546
-536
-488
-437
-413
-407
-388
-343
-298
-281
-282
-262
-201
-119
-49
-3
34
77
126
170
210
258
323
400
474
535
583
636
717
834
969
1081
1132
1126
1114
1155
1260
1372
1411
1354
1263
1226
1254
1264
1168
979
813
758
781
756
599
350
120
-23
-111
-221
-385
-558
-678
-729
-753
-794
-854
-904
-935
-965
-1004
-1024
-991
-916
-855
-856
-895
-903
-841
-741
-667
-638
-609
-530
-406
-301
-271
-299
-314
-257
-147
-53
-20
-19
14
89
157
165
129
110
145
207
243
230
191
161
150
138
104
48
-9
-47
-67
-87
-127
-183
-234
-267
-290
-315
-340
-354
-354
-360
-392
-437
-464
-450
-412
-386
-386
-395
-386
-350
-302
-260
-230
-207
-187
-162
-129
-89
-45
5
64
132
197
249
286
324
373
431
485
527
565
623
720
854
993
1092
1129
1120
1112
1146
1216
1275
1277
1232
1198
1217
1261
1245
1123
944
809
762
744
657
471
248
68
-47
-139
-255
-398
-529
-614
-650
-670
-707
-775
-863
-944
-992
-987
-935
-864
-813
-800
-809
-806
-774
-733
-714
-719
-708
-637
-514
-402
-363
-393
-425
-391
-291
-183
-116
-84
-46
20
89
123
111
86
92
138
195
225
220
198
171
132
84
44
28
25
8
-26
-59
-78
-100
-149
-222
-291
-330
-339
-338
-342
-350
-357
-360
-360
-357
-348
-335
-326
-319
-307
-281
-247
-215
-191
-169
-140
-100
-53
-5
38
71
92
113
154
219
290
346
389
440
507
572
612
635
679
769
890
996
1056
1076
1093
1132
1190
1237
1247
1223
1195
1182
1177
1145
1064
943
816
714
642
573
475
336
174
23
-98
-196
-294
-400
-501
-572
-614
-653
-720
-810
-888
-918
-899
-854
-808
-777
-770
-785
-804
-807
-786
-761
-743
-716
-649
-544
-449
-415
-441
-474
-457
-381
-282
-202
-151
-111
-63
-10
32
54
70
95
133
169
189
186
170
148
127
110
97
90
84
67
30
-20
-69
-110
-148
-185
-214
-222
-213
-205
-217
-249
-285
-307
-312
-309
-310
-317
-320
-308
-279
-243
-210
-185
-167
-150
-127
-96
-59
-19
20
62
113
174
241
298
336
359
385
427
484
538
579
612
654
722
812
909
989
1038
1058
1064
1076
1104
1145
1178
1185
1163
1124
1084
1039
973
875
762
661
589
532
453
335
190
54
-57
-159
-271
-391
-489
-544
-571
-605
-675
-775
-869
-921
-926
-912
-909
-922
-931
-918
-885
-856
-849
-853
-836
-777
-688
-609
-569
-560
-542
-487
-402
-315
-246
-192
-137
-79
-22
26
65
100
134
174
219
261
281
269
241
220
218
222
215
190
154
114
76
47
23
-7
-51
-100
-137
-155
-164
-180
-209
-241
-267
-283
-289
-289
-291
-295
-294
-277
-248
-223
-218
-225
-218
-180
-116
-50
0
34
64
99
142
186
227
264
304
357
423
490
542
575
601
636
684
734
776
813
857
914
975
1021
1040
1037
1033
1042
1057
1057
1025
970
921
888
848
768
650
532
450
398
330
214
68
-67
-165
-239
-316
-406
-494
-562
-613
-660
-717
-778
-827
-858
-880
-905
-924
-923
-904
-887
-887
-889
-868
-817
-759
-712
-672
-617
-547
-484
-449
-429
-394
-326
-239
-157
-94
-45
3
51
92
121
145
177
216
251
272
280
281
274
254
224
191
166
150
136
115
82
43
10
-14
-36
-65
-102
-138
-161
-170
-176
-194
-226
-258
-271
-264
-249
-238
-228
-209
-181
-156
-140
-126
-102
-66
-25
16
56
96
135
173
213
256
301
346
390
439
493
547
589
619
646
679
716
748
774
803
842
885
915
922
915
913
929
950
954
927
881
836
801
761
696
602
500
419
362
303
211
83
-49
-152
-226
-298
-385
-476
-549
-603
-657
-727
-801
-857
-882
-889
-898
-911
-918
-910
-896
-890
-888
-875
-839
-785
-726
-676
-632
-586
-529
-466
-410
-361
-309
-243
-166
-93
-37
7
55
114
172
215
236
247
261
281
296
295
276
252
237
232
227
210
179
141
104
71
38
5
-25
-48
-67
-91
-124
-161
-189
-204
-211
-222
-236
-241
-233
-218
-210
-209
-203
-181
-143
-100
-64
-35
-13
7
31
62
102
151
205
258
306
344
375
407
444
486
525
559
589
622
661
699
731
758
785
815
843
862
872
879
886
890
887
874
848
809
762
714
671
625
564
482
391
303
219
131
35
-60
-150
-233
-317
-403
-490
-572
-643
-703
-756
-808
-858
-901
-930
-946
-956
-965
-967
-954
-923
-879
-830
-785
-745
-704
-654
-590
-521
-459
-406
-357
-298
-230
-160
-99
-47
3
58
111
159
198
235
269
299
318
324
319
308
295
284
274
265
252
233
205
169
130
94
60
22
-20
-59
-89
-113
-137
-161
-183
-203
-219
-229
-234
-235
-233
-225
-208
-183
-157
-138
-124
-112
-96
-72
-37
6
47
82
115
155
202
250
293
332
374
419
462
499
534
573
612
643
665
685
708
731
749
766
786
810
829
835
825
809
794
778
751
708
652
598
549
500
439
363
280
198
118
36
-49
-134
-216
-291
-362
-428
-494
-561
-624
-678
-723
-761
-796
-826
-846
-856
-857
-851
-840
-823
-799
-768
-732
-697
-664
-624
-572
-507
-441
-387
-345
-307
-262
-204
-141
-83
-38
1
42
88
132
168
192
210
226
245
260
263
251
234
222
217
208
189
163
142
127
110
81
41
2
-28
-50
-73
-102
-132
-155
-167
-173
-181
-192
-199
-193
-180
-168
-163
-161
-152
-136
-117
-97
-70
-34
2
29
47
71
113
166
210
235
251
278
323
372
404
419
433
460
497
530
552
570
595
624
649
661
663
666
677
694
706
705
693
679
667
646
609
557
506
466
433
389
327
255
189
132
75
7
-73
-150
-214
-268
-322
-386
-454
-515
-565
-606
-646
-682
-710
-727
-736
-743
-747
-743
-732
-717
-703
-688
-664
-630
-591
-555
-517
-473
-419
-366
-323
-289
-252
-205
-152
-103
-62
-29
3
36
67
93
113
130
147
164
177
183
185
186
185
178
161
139
120
107
97
81
59
31
3
-23
-43
-57
-72
-89
-105
-111
-105
-97
-98
-111
-122
-121
-112
-107
-112
-115
-102
-74
-47
-30
-17
4
33
60
84
109
138
166
188
211
242
279
309
327
342
367
402
432
450
463
483
512
539
551
549
548
557
574
588
588
578
568
564
560
546
516
479
448
424
398
357
303
250
204
155
99
39
-17
-67
-119
-178
-237
-292
-339
-381
-423
-468
-511
-545
-569
-585
-604
-626
-645
-654
-648
-635
-624
-620
-613
-593
-559
-524
-497
-470
-433
-388
-349
-326
-308
-279
-234
-184
-142
-111
-83
-53
-20
7
27
43
59
78
94
106
116
125
129
121
106
98
100
105
103
93
81
68
50
30
13
2
-7
-19
-31
-41
-48
-54
-61
-68
-73
-72
-63
-53
-46
-42
-37
-31
-28
-28
-25
-12
10
32
48
59
71
91
120
152
178
196
211
230
256
284
307
323
339
361
384
403
415
427
443
461
475
483
486
488
493
498
504
503
493
476
457
438
416
391
363
332
296
255
211
169
128
83
29
-28
-80
-126
-168
-212
-258
-302
-343
-383
-423
-464
-502
-531
-548
-560
-573
-589
-599
-598
-589
-582
-577
-569
-552
-527
-500
-473
-445
-416
-384
-349
-310
-271
-238
-212
-188
-160
-126
-90
-56
-27
-2
19
37
53
70
89
105
116
120
121
123
123
117
104
90
78
70
61
52
46
43
37
24
6
-13
-30
-47
-60
-67
-65
-61
-62
-70
-75
-70
-59
-48
-43
-41
-37
-29
-18
-2
17
36
52
62
71
83
102
127
155
176
188
195
210
236
264
283
295
308
329
352
366
373
377
386
400
413
420
420
419
422
424
418
402
383
369
360
348
324
289
252
223
198
169
131
90
55
22
-15
-60
-107
-148
-182
-215
-252
-291
-328
-359
-386
-410
-434
-460
-481
-494
-501
-506
-510
-510
-502
-489
-478
-474
-469
-454
-428
-400
-378
-358
-333
-298
-260
-225
-199
-180
-160
-131
-95
-62
-41
-29
-18
0
19
36
47
56
67
78
85
87
84
76
66
57
50
45
40
33
29
29
26
16
0
-11
-13
-11
-15
-27
-36
-36
-27
-23
-29
-41
-48
-42
-25
-8
-1
-1
1
9
20
30
36
41
51
67
87
105
117
128
139
153
170
186
202
215
225
233
244
257
271
283
291
298
306
316
323
325
322
321
324
328
326
317
305
292
280
269
258
243
222
197
173
151
127
94
53
13
-19
-43
-70
-105
-146
-180
-203
-224
-253
-288
-319
-338
-350
-364
-382
-400
-411
-419
-428
-435
-436
-427
-411
-396
-385
-375
-363
-346
-325
-305
-287
-270
-250
-224
-196
-171
-152
-136
-119
-98
-73
-50
-32
-18
-7
4
15
28
40
47
47
45
47
52
55
50
42
40
46
51
49
43
37
31
21
8
-2
-3
1
2
-5
-16
-25
-26
-20
-14
-13
-21
-31
-35
-27
-12
-1
1
-1
2
13
28
40
47
54
62
72
84
96
109
122
135
150
166
183
197
206
211
218
228
240
250
255
259
265
273
279
282
280
276
271
268
265
261
254
242
226
208
192
177
161
138
109
80
56
33
8
-21
-50
-76
-101
-128
-158
-185
-206
-221
-236
-255
-275
-292
-306
-317
-328
-338
-345
-347
-343
-338
-334
-332
-329
-324
-315
-303
-291
-278
-262
-242
-216
-189
-170
-160
-153
-142
-122
-97
-76
-62
-52
-39
-20
-3
9
16
21
27
33
38
43
47
49
50
51
53
52
48
41
35
31
27
25
23
20
12
3
-5
-9
-13
-19
-25
-26
-22
-17
-16
-15
-13
-11
-11
-11
-9
-3
5
12
19
26
35
43
50
56
63
71
79
88
98
112
128
143
151
153
155
163
177
192
202
206
209
216
226
233
233
230
227
226
227
223
213
203
198
195
183
159
134
119
114
106
87
61
40
25
11
-11
-39
-67
-89
-105
-120
-140
-161
-177
-188
-197
-207
-218
-229
-237
-242
-247
-254
-259
-260
-257
-252
-248
-243
-235
-225
-217
-210
-201
-188
-171
-156
-146
-141
-135
-125
-112
-99
-88
-78
-63
-45
-32
-27
-26
-22
-13
-2
5
10
16
22
23
18
13
13
19
26
29
26
21
17
16
