-1
2
5
6
5
4
3
3
4
3
1
0
2
6
9
9
6
5
6
6
2
-3
-4
-1
4
6
3
-2
-6
-7
-6
-5
-5
-5
-4
-2
2
5
5
4
3
2
3
5
8
9
9
6
5
5
5
4
3
2
2
2
1
0
2
6
8
8
7
5
4
4
4
3
2
2
2
2
2
1
0
0
0
-1
-1
1
4
8
7
2
-2
-3
-3
-5
-10
-15
-15
-12
-8
-7
-9
-11
-13
-14
-15
-16
-15
-13
-11
-10
-10
-8
-8
-9
-11
-13
-14
-15
-16
-17
-16
-13
-11
-10
-11
-13
-15
-15
-13
-11
-10
-10
-9
-7
-6
-8
-12
-14
-13
-10
-9
-9
-8
-7
-6
-5
-5
-5
-4
-2
1
5
9
11
11
10
8
7
6
6
5
4
3
4
8
13
16
16
14
13
15
16
16
14
15
18
20
18
14
10
8
7
6
6
8
11
15
17
16
14
12
10
9
8
7
7
6
3
-1
-4
-5
-5
-6
-9
-12
-11
-9
-8
-7
-7
-6
-5
-4
-6
-11
-16
-19
-18
-16
-13
-11
-12
-15
-18
-21
-22
-21
-18
-16
-14
-13
-12
-11
-10
-9
-8
-7
-6
-5
-5
-5
-4
-3
-3
-3
-1
3
6
6
4
3
5
11
16
17
16
13
11
10
8
9
11
12
12
10
10
13
15
14
12
13
16
19
19
18
18
20
22
20
14
8
4
3
3
3
4
7
10
9
5
-1
-4
-3
-1
-2
-6
-9
-11
-13
-16
-19
-21
-21
-20
-21
-23
-24
-24
-24
-25
-27
-28
-29
-29
-30
-33
-37
-38
-35
-32
-29
-29
-31
-32
-31
-28
-26
-25
-26
-26
-25
-22
-19
-16
-14
-12
-11
-11
-9
-5
0
5
8
11
14
15
15
16
19
23
25
26
29
32
35
36
37
36
35
34
34
36
39
40
39
36
34
33
33
32
32
33
36
37
34
29
26
23
19
13
7
6
8
9
7
3
-1
-3
-5
-6
-8
-11
-15
-19
-24
-28
-32
-35
-37
-40
-45
-51
-56
-58
-57
-55
-52
-51
-51
-54
-58
-61
-62
-62
-62
-62
-63
-61
-57
-52
-50
-49
-48
-44
-38
-33
-29
-27
-24
-19
-13
-8
-3
0
3
6
10
15
22
30
36
41
46
52
56
59
60
61
63
66
69
73
77
80
81
80
80
79
78
78
80
83
83
78
71
64
61
59
57
55
52
47
42
36
32
29
25
19
12
4
-5
-13
-19
-23
-27
-31
-34
-38
-46
-54
-60
-64
-67
-70
-75
-80
-85
-90
-97
-104
-110
-115
-118
-120
-121
-122
-123
-124
-126
-127
-125
-122
-119
-118
-118
-115
-108
-100
-92
-85
-76
-68
-61
-53
-42
-30
-17
-4
8
20
31
38
46
56
68
80
91
99
109
121
131
140
147
154
160
164
163
162
163
167
171
174
177
178
177
173
169
164
160
157
154
150
143
130
113
98
87
78
67
54
41
31
23
15
6
-4
-15
-27
-38
-50
-63
-75
-86
-98
-111
-124
-136
-147
-158
-166
-170
-174
-179
-186
-192
-195
-198
-203
-212
-222
-231
-236
-239
-241
-244
-246
-243
-238
-233
-226
-216
-204
-190
-176
-162
-145
-125
-104
-84
-64
-44
-22
-1
17
32
48
70
94
116
136
155
174
194
215
235
253
270
288
307
325
341
353
362
370
376
381
384
385
386
385
382
376
369
361
351
337
318
298
278
258
234
205
174
140
104
65
26
-12
-46
-77
-106
-136
-167
-197
-224
-249
-274
-297
-317
-333
-347
-360
-369
-374
-376
-380
-389
-396
-396
-392
-388
-387
-387
-385
-382
-380
-378
-376
-375
-374
-371
-364
-352
-332
-307
-282
-262
-242
-218
-188
-154
-124
-98
-73
-48
-24
-3
17
40
65
90
113
137
165
198
234
271
303
331
356
383
410
433
449
461
478
501
524
542
554
567
585
604
623
639
654
664
661
648
631
614
591
548
488
419
353
288
216
138
59
-16
-87
-154
-217
-275
-327
-372
-408
-435
-456
-476
-499
-522
-542
-556
-568
-580
-593
-601
-599
-585
-566
-550
-537
-522
-503
-483
-466
-453
-442
-432
-418
-403
-393
-391
-391
-384
-368
-346
-320
-293
-260
-223
-183
-142
-101
-61
-21
14
43
69
94
118
138
154
172
198
229
258
281
301
323
349
374
397
414
424
427
428
429
431
434
445
468
506
553
602
650
697
740
777
804
815
806
773
721
656
580
486
371
243
120
17
-66
-140
-211
-276
-324
-351
-360
-366
-378
-394
-408
-411
-402
-388
-375
-367
-361
-351
-329
-296
-256
-222
-198
-179
-157
-133
-118
-122
-145
-171
-186
-193
-207
-241
-288
-334
-371
-398
-421
-447
-472
-489
-492
-483
-474
-471
-467
-449
-410
-360
-311
-273
-246
-221
-190
-151
-112
-84
-70
-65
-60
-53
-43
-38
-38
-37
-26
-3
18
26
22
18
26
45
66
84
97
116
150
208
294
408
545
699
861
1022
1179
1330
1472
1591
1670
1696
1667
1595
1493
1360
1185
956
690
424
194
2
-178
-360
-533
-666
-743
-778
-803
-841
-889
-923
-924
-901
-884
-887
-894
-877
-830
-767
-694
-602
-483
-343
-204
-79
36
146
244
308
327
311
277
231
166
72
-41
-152
-243
-309
-359
-404
-449
-488
-505
-498
-479
-470
-473
-465
-426
-367
-325
-318
-328
-323
-291
-248
-213
-191
-175
-154
-128
-109
-109
-130
-155
-170
-175
-180
-196
-220
-245
-263
-274
-281
-283
-274
-252
-223
-196
-165
-115
-35
72
199
357
558
794
1031
1237
1420
1616
1844
2061
2191
2199
2125
2038
1949
1806
1560
1235
902
607
343
90
-153
-374
-572
-739
-860
-922
-950
-982
-1023
-1041
-1015
-978
-979
-1029
-1086
-1104
-1061
-968
-855
-751
-665
-575
-446
-269
-78
83
193
264
319
365
383
352
269
160
53
-39
-126
-217
-313
-394
-443
-455
-444
-434
-447
-478
-496
-465
-395
-340
-345
-382
-372
-281
-170
-129
-173
-217
-182
-85
-18
-34
-97
-143
-152
-152
-170
-202
-233
-261
-286
-307
-321
-334
-345
-343
-316
-272
-233
-209
-185
-142
-68
49
229
479
765
1030
1244
1443
1682
1967
2223
2356
2341
2251
2174
2123
2010
1751
1364
962
640
397
162
-114
-407
-654
-808
-876
-902
-943
-1017
-1088
-1100
-1048
-993
-1007
-1082
-1137
-1106
-1009
-923
-882
-850
-764
-612
-433
-263
-110
34
167
276
349
385
383
343
272
182
88
-9
-112
-224
-336
-435
-504
-533
-533
-532
-546
-563
-547
-484
-410
-380
-404
-432
-399
-300
-188
-119
-103
-105
-96
-77
-65
-63
-59
-47
-35
-41
-71
-118
-166
-201
-222
-242
-269
-301
-327
-342
-353
-361
-363
-346
-307
-247
-163
-42
130
354
612
876
1121
1352
1598
1878
2160
2364
2433
2390
2315
2254
2161
1955
1621
1233
881
590
318
18
-310
-622
-858
-982
-1013
-1018
-1068
-1158
-1214
-1173
-1068
-1002
-1028
-1088
-1092
-1022
-944
-909
-893
-833
-704
-535
-359
-182
-2
170
316
430
515
564
568
522
434
319
192
62
-68
-206
-351
-481
-564
-591
-594
-618
-662
-679
-628
-536
-471
-464
-481
-470
-424
-371
-324
-272
-203
-131
-67
-3
61
95
68
-8
-71
-79
-59
-71
-134
-210
-252
-254
-244
-247
-266
-295
-324
-336
-321
-282
-246
-220
-189
-122
-4
168
400
689
1005
1298
1547
1785
2053
2327
2520
2570
2510
2429
2359
2236
1978
1586
1153
770
451
148
-176
-510
-805
-1007
-1101
-1132
-1175
-1261
-1335
-1309
-1178
-1047
-1024
-1094
-1143
-1093
-984
-905
-880
-847
-743
-567
-365
-174
-5
152
310
469
606
677
666
600
530
466
371
212
12
-166
-293
-391
-495
-602
-683
-727
-748
-758
-756
-740
-714
-678
-620
-546
-479
-430
-380
-303
-211
-136
-86
-40
16
66
86
73
48
35
38
45
40
16
-29
-86
-142
-182
-201
-209
-228
-266
-312
-338
-331
-298
-259
-219
-164
-68
97
347
659
972
1231
1451
1715
2067
2430
2653
2672
2573
2495
2461
2362
2083
1647
1185
803
490
167
-213
-615
-947
-1139
-1194
-1197
-1244
-1346
-1412
-1354
-1201
-1081
-1069
-1104
-1073
-955
-838
-797
-802
-767
-658
-506
-347
-176
17
204
340
429
520
640
735
727
607
447
317
212
84
-87
-266
-413
-520
-600
-663
-719
-784
-855
-890
-846
-747
-671
-659
-665
-609
-478
-337
-253
-218
-177
-92
21
113
149
126
87
87
142
200
194
112
24
-7
9
8
-44
-117
-166
-190
-219
-261
-293
-293
-275
-266
-274
-268
-211
-72
157
458
785
1079
1329
1594
1941
2337
2650
2766
2713
2623
2575
2501
2278
1873
1389
948
586
250
-113
-501
-867
-1150
-1307
-1346
-1338
-1367
-1445
-1485
-1405
-1241
-1121
-1119
-1167
-1135
-1000
-862
-814
-824
-777
-608
-363
-131
46
186
323
484
664
819
883
832
724
637
576
458
223
-74
-316
-449
-532
-650
-815
-969
-1060
-1083
-1058
-1009
-966
-950
-940
-876
-734
-569
-464
-421
-361
-227
-69
31
64
102
189
282
321
309
300
320
339
323
278
226
163
75
-25
-95
-121
-142
-201
-281
-337
-350
-347
-348
-347
-330
-295
-221
-51
245
606
918
1149
1397
1772
2233
2604
2756
2737
2696
2701
2671
2482
2105
1624
1148
728
343
-53
-484
-911
-1251
-1432
-1473
-1473
-1521
-1611
-1646
-1561
-1387
-1230
-1164
-1169
-1162
-1089
-965
-842
-742
-645
-518
-345
-134
90
286
433
552
689
837
933
916
815
704
610
485
282
21
-229
-427
-584
-719
-835
-928
-1010
-1090
-1144
-1138
-1076
-1005
-957
-907
-811
-666
-520
-407
-312
-202
-76
39
133
213
281
319
328
339
371
392
347
234
122
74
77
66
12
-54
-99
-132
-183
-249
-305
-344
-388
-435
-458
-437
-400
-364
-279
-65
281
663
978
1245
1568
2000
2451
2764
2871
2850
2824
2820
2741
2468
2000
1459
985
613
260
-172
-688
-1187
-1537
-1685
-1693
-1688
-1744
-1819
-1798
-1630
-1393
-1215
-1150
-1132
-1068
-941
-807
-714
-648
-552
-386
-167
54
234
374
508
671
857
1011
1067
1012
893
775
661
504
267
-22
-308
-558
-776
-961
-1100
-1191
-1256
-1309
-1329
-1291
-1215
-1150
-1101
-1020
-873
-694
-542
-428
-306
-154
2
129
229
322
406
464
491
500
495
464
410
359
322
267
159
19
-87
-127
-141
-196
-301
-405
-458
-471
-489
-531
-571
-578
-537
-431
-222
105
490
839
1132
1458
1897
2393
2776
2940
2949
2948
2981
2946
2713
2274
1738
1222
756
300
-186
-696
-1170
-1534
-1745
-1830
-1868
-1925
-1990
-1979
-1823
-1568
-1345
-1244
-1202
-1092
-888
-707
-650
-676
-652
-512
-298
-69
166
418
669
895
1099
1289
1421
1438
1337
1185
1032
844
560
185
-204
-539
-818
-1063
-1271
-1425
-1535
-1616
-1654
-1616
-1510
-1400
-1324
-1242
-1091
-881
-690
-564
-454
-284
-49
172
313
387
454
543
622
648
608
533
460
410
370
309
202
59
-76
-169
-225
-284
-364
-456
-535
-602
-663
-706
-702
-655
-594
-526
-383
-90
331
759
1107
1430
1851
2390
2902
3213
3287
3250
3219
3172
2975
2552
1976
1394
874
378
-151
-705
-1232
-1675
-1986
-2143
-2173
-2157
-2147
-2114
-1992
-1778
-1536
-1339
-1191
-1063
-930
-808
-714
-646
-568
-449
-290
-113
81
316
599
910
1213
1485
1689
1786
1758
1638
1462
1226
903
498
60
-363
-757
-1115
-1418
-1641
-1780
-1852
-1875
-1856
-1788
-1680
-1546
-1397
-1228
-1041
-856
-689
-518
-316
-95
96
241
378
535
677
742
732
704
692
656
559
426
318
239
138
-12
-167
-273
-343
-427
-537
-631
-686
-725
-783
-849
-878
-837
-723
-526
-221
199
670
1106
1492
1913
2437
2984
3382
3537
3529
3485
3423
3234
2835
2260
1622
1005
426
-140
-716
-1287
-1793
-2152
-2329
-2373
-2377
-2385
-2352
-2211
-1967
-1698
-1490
-1345
-1202
-1000
-761
-564
-463
-421
-359
-238
-76
114
358
668
1009
1333
1630
1893
2084
2143
2064
1884
1628
1279
829
322
-188
-687
-1173
-1606
-1917
-2091
-2192
-2282
-2330
-2250
-2031
-1760
-1540
-1376
-1204
-981
-728
-488
-276
-88
87
266
470
676
820
852
811
778
782
762
655
480
315
193
77
-72
-234
-366
-466
-569
-682
-768
-808
-828
-873
-929
-951
-906
-799
-612
-299
151
654
1108
1524
2028
2678
3326
3736
3834
3787
3782
3802
3647
3184
2483
1729
1031
380
-267
-917
-1546
-2113
-2555
-2809
-2873
-2843
-2813
-2768
-2591
-2236
-1818
-1507
-1326
-1163
-931
-691
-536
-455
-353
-191
-20
122
279
520
834
1166
1491
1836
2183
2434
2492
2364
2135
1856
1484
966
328
-336
-953
-1507
-1993
-2388
-2663
-2817
-2850
-2754
-2535
-2254
-1990
-1764
-1517
-1206
-863
-559
-309
-71
182
428
640
823
969
1039
1008
931
887
883
830
655
385
122
-71
-214
-363
-537
-697
-809
-883
-952
-1012
-1039
-1027
-1014
-1017
-1010
-947
-803
-550
-156
374
952
1475
1950
2484
3146
3824
4306
4480
4447
4374
4284
4020
3448
2621
1732
906
120
-684
-1476
-2173
-2737
-3177
-3469
-3554
-3446
-3257
-3076
-2843
-2448
-1917
-1434
-1126
-928
-690
-388
-129
10
87
192
341
506
701
969
1282
1574
1825
2104
2432
2705
2773
2606
2303
1954
1536
980
272
-528
-1336
-2067
-2632
-2983
-3166
-3278
-3341
-3264
-2961
-2496
-2040
-1691
-1378
-980
-491
-27
312
533
707
879
1035
1147
1182
1128
1006
876
783
704
564
324
27
-244
-462
-661
-874
-1082
-1234
-1312
-1337
-1341
-1319
-1276
-1234
-1216
-1189
-1100
-926
-683
-339
174
860
1591
2222
2770
3386
4137
4852
5275
5320
5160
4979
4749
4257
3382
2248
1108
99
-824
-1741
-2639
-3420
-4008
-4366
-4471
-4320
-3990
-3607
-3231
-2789
-2206
-1546
-979
-580
-262
76
400
603
677
727
834
969
1089
1222
1438
1733
2050
2349
2629
2848
2921
2806
2552
2203
1706
980
62
-888
-1746
-2506
-3196
-3750
-4057
-4102
-3980
-3758
-3401
-2857
-2182
-1502
-887
-313
239
715
1048
1248
1390
1518
1610
1618
1545
1420
1246
987
656
324
51
-214
-552
-939
-1260
-1461
-1603
-1737
-1814
-1768
-1647
-1550
-1492
-1397
-1245
-1091
-968
-816
-582
-297
3
395
1014
1848
2690
3353
3917
4609
5467
6173
6375
6069
5581
5124
4556
3604
2251
758
-624
-1850
-2979
-3997
-4834
-5448
-5822
-5879
-5546
-4890
-4126
-3399
-2643
-1717
-682
201
748
1063
1364
1706
1947
1990
1917
1843
1782
1693
1628
1679
1845
2005
2093
2153
2233
2250
2064
1640
1075
464
-220
-1036
-1930
-2730
-3332
-3783
-4153
-4361
-4267
-3868
-3325
-2729
-2011
-1112
-187
531
999
1382
1784
2093
2167
2055
1918
1772
1494
1039
555
176
-149
-551
-1023
-1439
-1743
-1994
-2216
-2323
-2265
-2129
-2034
-1947
-1750
-1420
-1092
-856
-647
-352
-25
174
190
169
286
599
1095
1775
2609
3429
4083
4637
5348
6256
6985
7047
6386
5414
4523
3648
2428
711
-1239
-3015
-4431
-5530
-6372
-6914
-7113
-6961
-6424
-5424
-4039
-2588
-1384
-391
664
1846
2823
3266
3260
3163
3133
3002
2636
2169
1793
1471
1091
753
691
867
945
728
453
424
533
371
-219
-935
-1446
-1782
-2183
-2671
-3040
-3163
-3138
-3052
-2800
-2261
-1538
-869
-307
314
1077
1784
2175
2224
2130
2028
1863
1532
1053
510
-64
-666
-1223
-1637
-1937
-2272
-2681
-2976
-2955
-2670
-2375
-2199
-2008
-1631
-1099
-573
-152
182
426
560
616
696
805
823
645
342
112
113
413
1021
1892
2851
3692
4379
5135
6107
7027
7309
6640
5348
4040
2930
1652
-180
-2429
-4518
-6010
-6895
-7363
-7477
-7185
-6469
-5346
-3779
-1830
146
1660
2582
3252
3997
4639
4715
4094
3165
2363
1723
1049
314
-261
-536
-583
-511
-289
82
390
374
59
-245
-358
-468
-854
-1471
-2016
-2310
-2427
-2427
-2208
-1730
-1187
-772
-364
296
1150
1773
1882
1687
1590
1636
1517
1042
413
-75
-393
-721
-1118
-1474
-1747
-2046
-2413
-2674
-2664
-2473
-2334
-2285
-2113
-1668
-1088
-612
-284
35
411
747
953
1074
1143
1077
782
370
45
-154
-411
-840
-1265
-1349
-889
75
1373
2775
4046
5062
5956
6921
7825
8108
7296
5570
3646
2049
615
-1150
-3357
-5526
-7079
-7805
-7811
-7226
-6161
-4817
-3369
-1769
99
2013
3414
4000
4075
4138
4202
3830
2817
1539
541
-33
-359
-541
-496
-249
-1
150
369
751
989
649
-255
-1189
-1733
-2023
-2435
-2966
-3213
-2918
-2225
-1382
-429
625
1559
2117
2367
2583
2777
2601
1850
828
16
-490
-966
-1550
-2024
-2165
-2073
-1977
-1904
-1754
-1602
-1656
-1903
-2035
-1846
-1511
-1332
-1305
-1149
-723
-209
147
326
450
544
547
482
448
399
154
-336
-821
-1049
-1086
-1206
-1465
-1571
-1202
-257
1166
2882
4573
5916
6882
7781
8736
9250
8584
6625
4101
1774
-313
-2618
-5218
-7527
-8881
-9179
-8761
-7864
-6483
-4703
-2812
-974
947
2969
4622
5310
5056
4504
4117
3681
2783
1529
438
-192
-505
-643
-520
-126
201
134
-191
-387
-425
-760
-1686
-2882
-3737
-4021
-3944
-3658
-3016
-1877
-406
1141
2680
4148
5196
5403
4805
3901
3018
1937
345
-1531
-3069
-3926
-4289
-4416
-4259
-3680
-2816
-1973
-1266
-608
-42
189
-7
-356
-519
-500
-543
-733
-891
-877
-779
-693
-533
-202
140
191
-85
-386
-443
-386
-526
-940
-1380
-1646
-1810
-1981
-1993
-1478
-258
1546
3642
5729
7516
8889
9969
10788
10874
9531
6712
3252
49
-2794
-5644
-8455
-10603
-11590
-11470
-10481
-8654
-6032
-3050
-327
1930
3974
5913
7269
7429
6407
4919
3646
2642
1616
502
-429
-983
-1185
-1073
-619
-20
219
-243
-1142
-1905
-2390
-3003
-4026
-5068
-5418
-4780
-3404
-1639
355
2393
4165
5489
6458
7071
6913
5546
3200
738
-1199
-2718
-4189
-5514
-6187
-5988
-5179
-4053
-2643
-1081
163
721
822
978
1228
1093
311
-701
-1323
-1432
-1381
-1434
-1507
-1459
-1318
-1132
-817
-361
-44
-161
-609
-937
-940
-901
-1209
-1790
-2204
-2185
-1878
-1524
-1027
-17
1808
4335
7063
9336
10766
11430
11622
11291
9870
6897
2729
-1548
-5066
-7772
-10037
-11846
-12682
-12126
-10271
-7503
-4184
-719
2342
4616
6200
7406
8137
7878
6420
4357
2598
1495
716
-114
-895
-1321
-1324
-1104
-832
-620
-736
-1480
-2787
-4110
-4960
-5352
-5554
-5502
-4764
-3099
-740
1888
4495
6777
8275
8695
8264
7417
6128
3936
762
-2623
-5236
-6806
-7737
-8278
-8114
-6925
-4934
-2701
-575
1325
2766
3452
3408
3041
2620
1965
804
-693
-1978
-2679
-2859
-2784
-2600
-2363
-2128
-1879
-1451
-776
-162
-39
-450
-911
-1032
-969
-1172
-1698
-2137
-2173
-1917
-1548
-799
833
3482
6601
9385
11291
12241
12408
11905
10610
8229
4651
238
-4238
-8056
-10884
-12677
-13366
-12798
-10963
-8097
-4541
-646
3096
6034
7723
8268
8146
7636
6593
4865
2745
879
-267
-664
-584
-355
-291
-582
-1142
-1704
-2182
-2865
-4004
-5358
-6295
-6404
-5778
-4667
-3081
-875
1853
4716
7310
9384
10669
10775
9470
6958
3775
382
-2991
-6144
-8715
-10270
-10547
-9543
-7516
-4889
-2169
252
2252
3911
5217
5837
5364
3813
1812
101
-1097
-2094
-3140
-4019
-4335
-3977
-3228
-2443
-1835
-1415
-1060
-625
-113
229
161
-334
-998
-1566
-1904
-2036
-2039
-1963
-1797
-1456
-851
187
1907
4481
7623
10531
12336
12720
12022
10703
8819
6015
2089
-2553
-6975
-10288
-12129
-12624
-12019
-10458
-8033
-4877
-1199
2603
5837
7756
8124
7459
6548
5705
4659
3140
1379
-47
-747
-761
-441
-255
-623
-1659
-2992
-4053
-4650
-5150
-5904
-6647
-6647
-5427
-3176
-436
2340
4882
6960
8407
9226
9457
8912
7223
4343
856
-2337
-4710
-6375
-7656
-8556
-8686
-7702
-5667
-3076
-573
1362
2598
3337
3868
4260
4258
3552
2142
430
-1093
-2212
-3013
-3666
-4180
-4429
-4248
-3573
-2496
-1297
-341
151
274
314
355
182
-438
-1332
-2038
-2245
-2060
-1757
-1440
-1067
-587
81
1261
3327
6252
9329
11567
12368
11840
10525
8853
6848
4185
591
-3715
-7877
-10819
-11925
-11378
-9822
-7753
-5255
-2234
1201
4551
7060
8111
7661
6347
5040
4194
3600
2776
1568
326
-450
-590
-425
-567
-1489
-3172
-5049
-6356
-6695
-6292
-5654
-4961
-3868
-1927
845
3897
6526
8244
8864
8473
7389
5965
4318
2303
-119
-2601
-4582
-5699
-5978
-5700
-5196
-4663
-4060
-3139
-1744
-69
1424
2382
2824
2996
3069
2957
2444
1399
-56
-1579
-2824
-3649
-4173
-4541
-4688
-4343
-3359
-1961
-642
212
566
607
478
160
-379
-1093
-1818
-2365
-2553
-2315
-1749
-1028
-287
437
1110
1832
2942
4853
7476
9962
11245
10931
9545
7813
5866
3222
-454
-4738
-8574
-10977
-11577
-10638
-8724
-6376
-3909
-1338
1456
4327
6633
7613
7100
5750
4477
3697
3193
2574
1690
646
-351
-1095
-1503
-1815
-2541
-3988
-5796
-7102
-7264
-6354
-4891
-3239
-1372
829
3251
5544
7293
8132
7844
6522
4614
2681
1004
-520
-2062
-3492
-4422
-4588
-4153
-3549
-3107
-2823
-2475
-1867
-989
16
953
1657
2058
2192
2152
1957
1497
642
-559
-1841
-2913
-3636
-4028
-4104
-3818
-3148
-2214
-1245
-461
11
136
-47
-425
-862
-1241
-1534
-1728
-1813
-1734
-1437
-908
-237
337
574
437
289
744
2344
5126
8432
11138
12277
11648
9789
7422
4857
1940
-1585
-5633
-9523
-12103
-12371
-10247
-6743
-3200
-281
2229
4705
6912
8058
7558
5690
3498
2056
1755
2162
2500
2230
1353
241
-762
-1677
-2877
-4675
-6866
-8658
-9159
-8000
-5537
-2498
520
3263
5655
7564
8719
8825
7735
5604
2936
441
-1289
-2114
-2374
-2578
-2985
-3429
-3588
-3334
-2882
-2518
-2283
-1901
-1038
398
2141
3645
4343
3976
2787
1316
-49
-1280
-2505
-3682
-4559
-4831
-4333
-3180
-1819
-810
-412
-405
-418
-376
-502
-927
-1443
-1728
-1667
-1429
-1202
-1057
-947
-841
-733
-619
-507
-441
-476
-506
-240
706
2598
5449
8863
11902
13333
12373
9395
5660
2168
-1166
-4987
-9193
-12444
-13173
-10982
-6976
-2798
495
2759
4358
5566
6273
6084
4824
3002
1642
1527
2534
3804
4409
3876
2232
-143
-2694
-4974
-6874
-8509
-9757
-10024
-8626
-5467
-1281
2801
5900
7684
8272
7964
7033
5602
3699
1516
-456
-1633
-1821
-1450
-1257
-1746
-2851
-4091
-4884
-4860
-3996
-2590
-1032
485
1994
3491
4663
5004
4183
2329
-10
-2171
-3674
-4375
-4404
-3980
-3266
-2370
-1389
-487
87
59
-640
-1666
-2391
-2375
-1742
-1012
-604
-510
-506
-469
-496
-705
-1086
-1497
-1751
-1690
-1275
-682
-172
194
812
2323
5077
8638
11814
13268
12335
9467
5859
2507
-514
-3766
-7427
-10612
-11912
-10609
-7332
-3532
-469
1386
2302
2859
3488
4142
4426
4109
3488
3197
3619
4537
5212
4801
2850
-341
-3803
-6538
-8147
-8873
-9039
-8553
-7023
-4287
-759
2723
5343
6648
6665
5807
4644
3618
2826
2102
1281
434
-192
-482
-691
-1326
-2657
-4376
-5712
-5979
-4963
-2935
-447
1874
3523
4321
4402
3919
2824
1057
-1074
-2884
-3768
-3639
-2897
-2048
-1406
-1083
-1054
-1221
-1456
-1719
-2058
-2454
-2676
-2392
-1512
-356
530
768
341
-475
-1334
-1961
-2274
-2340
-2231
-1872
-1145
-161
726
1179
1239
1363
2239
4389
7677
11023
12852
12205
9508
6083
2840
-372
-4061
-7961
-10893
-11713
-10234
-7209
-3717
-675
1367
2340
2718
3129
3790
4344
4397
4106
4024
4460
5081
5200
4230
1942
-1414
-5067
-7968
-9422
-9479
-8642
-7220
-5134
-2318
866
3709
5545
6106
5587
4505
3436
2737
2437
2295
2044
1533
719
-423
-1940
-3754
-5552
-6804
-6997
-5856
-3497
-435
2539
4640
5444
5063
3933
2430
714
-1049
-2465
-3124
-2996
-2490
-2049
-1800
-1682
-1709
-1980
-2412
-2695
-2557
-2013
-1310
-671
-163
230
433
264
-396
-1398
-2363
-2902
-2868
-2332
-1483
-528
322
860
949
571
-43
-441
-82
1425
4164
7763
11219
13082
12292
9077
4816
807
-2722
-6182
-9445
-11426
-10992
-8093
-3977
-358
1656
2047
1654
1413
1749
2473
3190
3786
4475
5468
6558
7055
6111
3271
-1065
-5676
-9130
-10617
-10285
-8818
-6777
-4361
-1662
1022
3222
4525
4788
4195
3214
2445
2322
2875
3671
4109
3769
2578
721
-1556
-3967
-6125
-7517
-7670
-6375
-3833
-631
2443
4669
5651
5400
4220
2504
638
-1009
-2101
-2476
-2261
-1817
-1527
-1582
-1958
-2501
-3024
-3303
-3128
-2442
-1435
-449
271
677
795
566
-91
-1063
-2014
-2621
-2777
-2565
-2061
-1361
-632
-52
330
521
375
-223
-1012
-1341
-661
1200
4201
8070
11858
13913
12940
9223
4434
106
-3455
-6663
-9370
-10598
-9505
-6421
-2748
21
1135
804
-136
-662
-91
1563
3681
5550
6878
7736
8135
7716
5915
2464
-2191
-6858
-10083
-10928
-9524
-6932
-4333
-2285
-691
660
1666
2085
1928
1594
1611
2288
3588
5104
6169
6095
4582
1973
-965
-3538
-5460
-6666
-6996
-6188
-4213
-1518
1111
2940
3604
3248
2409
1669
1267
1028
703
265
-124
-394
-685
-1216
-2088
-3128
-3920
-4043
-3404
-2302
-1192
-404
-60
-98
-298
-450
-575
-880
-1414
-1898
-2014
-1776
-1447
-1234
-1120
-1028
-921
-766
-572
-468
-622
-944
-1025
-406
1133
3646
7027
10629
13003
12677
9495
4944
826
-2245
-4774
-7093
-8582
-8344
-6285
-3389
-1039
-125
-619
-1627
-1936
-777
1643
4331
6332
7375
7774
7737
6952
4887
1434
-2747
-6462
-8582
-8636
-7085
-5028
-3475
-2716
-2357
-1920
-1277
-563
154
986
2095
3572
5293
6798
7351
6395
4022
975
-1836
-3848
-4972
-5383
-5240
-4566
-3351
-1785
-315
584
801
698
818
1417
2257
2837
2785
2090
1023
-97
-1090
-1951
-2724
-3371
-3709
-3539
-2846
-1897
-1102
-753
-845
-1117
-1247
-1071
-703
-445
-528
-879
-1175
-1172
-987
-944
-1203
-1518
-1476
-956
-294
-1
-264
-790
-1059
-744
211
1870
4472
7969
11340
12768
11052
6881
2338
-984
-3135
-4944
-6542
-7126
-6092
-3899
-1773
-787
-1205
-2415
-3245
-2638
-360
2813
5688
7509
8224
8080
7122
5190
2290
-1149
-4354
-6473
-6932
-5813
-4001
-2727
-2671
-3471
-4142
-4013
-3123
-1825
-256
1659
3820
5810
7090
7236
6034
3636
729
-1653
-2791
-2811
-2458
-2337
-2466
-2541
-2374
-2014
-1557
-1048
-482
213
1153
2292
3256
3521
2823
1401
-150
-1266
-1742
-1810
-1883
-2169
-2507
-2595
-2321
-1878
-1582
-1615
-1862
-1998
-1789
-1349
-1022
-998
-1119
-1122
-958
-775
-679
-618
-552
-498
-448
-341
-213
-294
-745
-1349
-1561
-1011
184
1752
3820
6702
9952
11951
11088
7449
2954
-363
-2033
-2904
-3690
-4184
-3880
-2866
-1902
-1780
-2696
-4065
-4766
-3799
-1029
2590
5655
7296
7548
6904
5703
4029
1980
-176
-2088
-3381
-3744
-3205
-2391
-2255
-3274
-4923
-6061
-5896
-4488
-2420
-192
1953
3784
4979
5316
4828
3707
2202
700
-266
-367
104
391
-46
-1056
-2083
-2742
-3029
-3014
-2616
-1733
-487
777
1706
2101
1939
1339
538
-146
-466
-416
-254
-299
-663
-1200
-1697
-2056
-2319
-2538
-2696
-2721
-2565
-2277
-1982
-1772
-1595
-1297
-823
-349
-142
-299
-629
-867
-886
-762
-610
-480
-417
-518
-823
-1119
-1051
-458
553
2024
4334
7517
10401
11076
8667
4472
910
-694
-969
-1273
-2050
-2669
-2559
-2020
-1888
-2653
-4026
-5124
-4965
-3014
351
3862
6106
6499
5570
4284
3184
2214
1191
188
-553
-916
-1040
-1241
-1887
-3203
-4975
-6448
-6727
-5476
-3215
-882
866
1892
2325
2308
2023
1730
1642
1800
2138
2559
2827
2531
1380
-402
-2116
-3097
-3183
-2664
-1911
-1127
-395
197
549
640
543
387
301
395
685
1007
1057
620
-228
-1157
-1850
-2193
-2274
-2247
-2252
-2358
-2530
-2640
-2575
-2316
-1921
-1463
-1016
-667
-481
-464
-571
-764
-967
-1052
-886
-474
-37
122
-143
-676
-1125
-1188
-772
119
1620
3989
7070
9761
10384
8122
4121
760
-412
72
553
106
-786
-1253
-1212
-1374
-2321
-3776
-4749
-4287
-2191
810
3497
4894
4774
3630
2227
1125
507
297
334
412
289
-229
-1174
-2427
-3784
-4976
-5631
-5370
-4110
-2275
-607
329
498
287
133
265
711
1402
2203
2893
3209
2955
2095
783
-625
-1656
-1939
-1467
-653
-39
95
-141
-466
-696
-788
-702
-354
263
947
1353
1223
578
-288
-1008
-1378
-1445
-1421
-1490
-1712
-2068
-2516
-2962
-3214
-3072
-2539
-1877
-1404
-1201
-1098
-947
-818
-878
-1092
-1193
-937
-403
70
189
-63
-465
-764
-826
-666
-361
107
997
2682
5221
7904
9415
8733
6116
3106
1347
1280
1990
2299
1831
1009
235
-630
-1911
-3456
-4500
-4252
-2606
-320
1503
2183
1847
1165
700
527
426
320
417
873
1416
1450
561
-1082
-2842
-4062
-4408
-3947
-3039
-2160
-1667
-1582
-1633
-1533
-1219
-784
-238
535
1566
2606
3224
3127
2401
1476
827
666
872
1134
1160
813
166
-533
-1007
-1135
-1003
-752
-420
8
448
671
491
-22
-555
-804
-727
-557
-576
-875
-1350
-1855
-2309
-2665
-2848
-2799
-2545
-2192
-1858
-1641
-1595
-1682
-1741
-1593
-1218
-786
-501
-391
-361
-330
-310
-295
-207
6
246
354
310
280
485
1102
2296
4117
6177
7526
7263
5442
3246
2015
2066
2576
2575
1882
1033
472
22
-811
-2105
-3221
-3289
-2061
-262
934
873
-61
-879
-893
-250
390
590
491
482
645
630
52
-1079
-2317
-3132
-3266
-2815
-2115
-1550
-1369
-1574
-1913
-2064
-1856
-1342
-665
77
844
1551
2035
2151
1912
1549
1401
1694
2308
2784
2624
1713
460
-509
-848
-690
-420
-282
-260
-253
-294
-520
-961
-1415
-1569
-1263
-670
-206
-237
-802
-1592
-2215
-2483
-2465
-2309
-2087
-1822
-1583
-1475
-1530
-1664
-1746
-1690
-1488
-1188
-866
-596
-432
-372
-372
-363
-291
-143
54
258
442
602
740
911
1289
2110
3426
4854
5710
5501
4370
3030
2222
2187
2587
2867
2718
2226
1650
1085
405
-470
-1300
-1642
-1268
-453
209
297
-132
-674
-982
-1026
-1003
-1064
-1145
-1067
-780
-479
-446
-775
-1268
-1613
-1646
-1446
-1200
-1032
-963
-962
-1013
-1091
-1125
-1019
-755
-441
-212
-74
102
413
784
1049
1132
1112
1108
1155
1194
1158
1029
846
700
677
759
794
636
319
35
-90
-125
-203
-333
-409
-388
-351
-397
-529
-685
-814
-911
-980
-1015
-1012
-1002
-1031
-1121
-1235
-1309
-1321
-1308
-1312
-1344
-1389
-1427
-1436
-1396
-1309
-1197
-1067
-898
-681
-461
-304
-236
-225
-227
-209
-152
-25
206
560
989
1359
1505
1384
1167
1137
1425
1860
2124
2100
2013
2187
2665
3115
3160
2785
2370
2307
2591
2814
2585
1926
1260
976
1038
1041
663
24
-451
-514
-365
-429
-890
-1511
-1904
-1929
-1797
-1808
-2030
-2262
-2278
-2074
-1872
-1882
-2080
-2240
-2152
-1817
-1418
-1140
-1017
-951
-836
-655
-458
-293
-160
-26
146
359
574
711
716
622
548
601
783
988
1101
1090
1029
1006
1027
997
833
582
407
408
504
493
264
-98
-412
-594
-720
-913
-1185
-1412
-1480
-1410
-1337
-1354
-1424
-1445
-1375
-1274
-1226
-1250
-1286
-1254
-1140
-1010
-945
-941
-911
-763
-466
-50
402
756
873
768
675
879
1419
2004
2305
2322
2388
2765
3293
3529
3233
2670
2360
2532
2891
2930
2465
1805
1413
1409
1473
1214
603
10
-189
-16
121
-154
-791
-1371
-1552
-1410
-1316
-1502
-1838
-2031
-1967
-1803
-1766
-1924
-2141
-2216
-2056
-1753
-1490
-1365
-1328
-1270
-1140
-960
-766
-587
-441
-322
-181
20
242
384
401
370
431
648
946
1163
1198
1096
1016
1081
1246
1322
1182
912
727
720
744
580
192
-236
-495
-557
-568
-670
-863
-1025
-1049
-961
-899
-983
-1192
-1383
-1437
-1378
-1326
-1348
-1393
-1361
-1232
-1086
-1025
-1074
-1156
-1150
-993
-727
-430
-118
239
607
865
970
1077
1403
1956
2471
2672
2581
2501
2680
3019
3163
2908
2469
2277
2500
2833
2799
2266
1585
1218
1263
1380
1180
659
187
88
254
256
-188
-897
-1429
-1536
-1395
-1366
-1609
-1945
-2082
-1943
-1739
-1731
-1950
-2181
-2196
-1974
-1670
-1436
-1309
-1246
-1195
-1127
-1025
-888
-728
-562
-394
-211
-6
205
373
452
463
513
706
1020
1288
1352
1233
1107
1098
1145
1093
896
663
537
529
515
359
63
-223
-341
-291
-234
-313
-505
-665
-712
-721
-816
-1018
-1224
-1318
-1281
-1191
-1140
-1163
-1236
-1310
-1346
-1342
-1316
-1275
-1205
-1079
-897
-688
-476
-241
73
488
934
1268
1390
1367
1403
1653
2046
2336
2354
2212
2209
2488
2836
2884
2523
2069
1961
2272
2613
2532
2006
1462
1297
1445
1470
1066
399
-94
-186
-95
-217
-688
-1254
-1549
-1481
-1301
-1319
-1588
-1885
-1978
-1869
-1762
-1809
-1946
-1983
-1819
-1547
-1344
-1294
-1331
-1344
-1268
-1106
-887
-647
-435
-280
-151
24
261
478
586
606
662
844
1096
1263
1240
1076
917
862
879
862
760
637
581
591
564
410
156
-76
-196
-227
-267
-371
-503
-600
-659
-737
-872
-1032
-1155
-1222
-1271
-1339
-1419
-1470
-1465
-1422
-1373
-1321
-1232
-1075
-865
-672
-551
-493
-425
-291
-81
189
521
891
1201
1321
1253
1199
1394
1833
2231
2313
2143
2089
2397
2882
3090
2807
2322
2129
2378
2699
2603
2017
1358
1065
1134
1162
823
228
-224
-296
-161
-203
-613
-1214
-1650
-1736
-1597
-1503
-1592
-1773
-1866
-1819
-1745
-1783
-1942
-2097
-2117
-1976
-1742
-1503
-1310
-1168
-1058
-938
-764
-528
-284
-105
-2
105
294
532
688
683
602
626
827
1077
1179
1087
937
892
951
974
851
643
512
540
629
601
382
82
-133
-211
-260
-398
-618
-797
-851
-829
-858
-1002
-1204
-1355
-1395
-1353
-1299
-1272
-1256
-1216
-1141
-1052
-980
-937
-916
-901
-860
-762
-603
-424
-267
-130
55
355
758
1135
1329
1305
1237
1378
1805
2301
2541
2442
2272
2366
2729
2988
2795
2247
1829
1903
2291
2459
2091
1424
960
915
1019
866
369
-163
-389
-302
-222
-447
-944
-1408
-1589
-1534
-1498
-1651
-1910
-2068
-2027
-1888
-1813
-1858
-1943
-1948
-1821
-1598
-1368
-1209
-1142
-1117
-1047
-880
-635
-378
-163
-2
126
242
350
440
512
580
666
783
912
1010
1033
984
913
873
855
813
725
630
560
496
381
203
13
-129
-224
-312
-423
-548
-658
-742
-811
-886
-979
-1082
-1168
-1207
-1202
-1182
-1179
-1196
-1216
-1227
-1216
-1173
-1086
-969
-851
-753
-652
-518
-347
-181
-54
53
215
496
873
1224
1409
1397
1328
1416
1742
2150
2374
2316
2161
2188
2445
2662
2543
2124
1767
1780
2053
2177
1881
1326
908
826
891
765
333
-193
-515
-563
-549
-720
-1097
-1465
-1610
-1544
-1470
-1550
-1745
-1893
-1904
-1841
-1816
-1850
-1859
-1757
-1549
-1317
-1144
-1059
-1029
-993
-904
-761
-592
-416
-222
5
239
418
497
509
526
597
692
760
787
816
875
936
938
857
735
635
576
522
432
313
205
132
69
-31
-185
-356
-497
-595
-678
-774
-880
-974
-1048
-1119
-1198
-1273
-1315
-1306
-1257
-1205
-1172
-1146
-1086
-975
-850
-772
-752
-730
-635
-473
-312
-208
-146
-66
79
289
550
847
1148
1378
1463
1421
1400
1556
1878
2170
2247
2149
2107
2281
2545
2604
2316
1879
1641
1731
1917
1849
1430
909
595
539
508
277
-126
-470
-598
-595
-686
-985
-1377
-1647
-1689
-1589
-1516
-1553
-1656
-1737
-1762
-1763
-1762
-1728
-1616
-1435
-1248
-1102
-982
-854
-731
-669
-676
-665
-527
-250
41
204
227
237
354
559
710
716
644
640
755
884
890
765
626
579
613
623
526
345
175
88
56
-4
-141
-310
-434
-493
-539
-622
-733
-825
-877
-920
-983
-1059
-1113
-1125
-1113
-1105
-1111
-1107
-1062
-977
-891
-846
-826
-767
-634
-470
-357
-316
-280
-177
-16
120
192
265
457
799
1179
1425
1462
1390
1400
1596
1893
2098
2104
2009
2012
2191
2383
2347
2032
1662
1511
1611
1716
1571
1181
791
601
569
481
203
-177
-469
-585
-616
-724
-968
-1262
-1476
-1551
-1543
-1543
-1588
-1642
-1659
-1637
-1610
-1594
-1572
-1526
-1457
-1356
-1196
-967
-725
-564
-523
-537
-501
-364
-170
-2
110
209
350
525
651
660
579
516
554
668
755
742
651
560
514
488
428
314
190
114
99
85
-1
-163
-335
-459
-539
-616
-697
-755
-779
-801
-859
-952
-1037
-1077
-1073
-1048
-1018
-976
-921
-872
-855
-864
-855
-781
-648
-514
-432
-397
-348
-238
-90
31
93
144
266
497
799
1093
1310
1412
1410
1377
1415
1571
1780
1922
1944
1916
1957
2082
2170
2076
1803
1524
1425
1502
1564
1425
1091
739
519
405
255
-21
-361
-627
-750
-805
-920
-1145
-1402
-1572
-1614
-1584
-1568
-1587
-1598
-1562
-1489
-1427
-1403
-1396
-1362
-1268
-1109
-909
-717
-591
-554
-556
-514
-393
-243
-132
-63
26
182
362
481
499
470
478
552
641
686
682
670
664
629
534
402
296
248
228
183
90
-27
-132
-211
-288
-391
-521
-637
-694
-696
-697
-749
-849
-944
-985
-981
-976
-995
-1009
-973
-882
-784
-724
-696
-659
-587
-484
-380
-294
-229
-165
-90
-5
66
109
141
203
320
493
701
929
1152
1328
1411
1409
1408
1508
1715
1916
1984
1922
1860
1901
1983
1942
1714
1427
1275
1306
1360
1241
914
537
283
175
90
-95
-368
-612
-738
-784
-867
-1050
-1282
-1452
-1504
-1486
-1475
-1492
-1489
-1423
-1327
-1279
-1312
-1368
-1349
-1213
-1014
-842
-742
-682
-605
-495
-380
-287
-205
-99
45
199
316
371
385
399
437
487
525
551
586
629
647
595
480
360
290
266
244
189
109
27
-52
-146
-262
-388
-500
-583
-636
-668
-693
-716
-736
-754
-782
-830
-888
-928
-925
-884
-830
-786
-755
-719
-663
-583
-500
-436
-396
-361
-296
-185
-54
49
105
142
203
293
383
457
546
701
921
1144
1291
1339
1334
1357
1453
1597
1714
1747
1717
1699
1744
1808
1790
1642
1434
1289
1254
1236
1107
836
521
280
136
18
-151
-374
-593
-755
-861
-957
-1081
-1225
-1349
-1420
-1439
-1420
-1373
-1312
-1263
-1248
-1258
-1254
-1198
-1083
-940
-814
-731
-666
-575
-448
-335
-294
-311
-298
-175
35
222
297
285
281
347
441
480
437
378
379
445
502
483
394
303
259
250
220
141
38
-41
-86
-129
-212
-333
-458
-550
-607
-647
-684
-715
-733
-742
-759
-787
-813
-821
-807
-780
-746
-698
-632
-554
-480
-419
-375
-340
-296
-231
-148
-72
-14
35
92
160
224
278
332
396
470
556
676
850
1059
1237
1321
1307
1267
1291
1410
1563
1647
1622
1557
1550
1603
1607
1467
1226
1023
950
957
921
771
540
303
103
-76
-260
-446
-605
-715
-790
-863
-960
-1083
-1204
-1286
-1312
-1288
-1236
-1175
-1124
-1098
-1096
-1083
-1018
-901
-791
-740
-724
-666
-526
-367
-290
-318
-363
-309
-140
48
149
159
165
233
334
383
350
291
281
328
376
375
332
284
249
207
137
48
-32
-83
-115
-155
-221
-305
-382
-438
-484
-539
-596
-630
-631
-623
-642
-686
-719
-713
-682
-663
-669
-672
-640
-571
-492
-431
-388
-345
-287
-218
-155
-104
-53
7
74
140
201
262
321
370
406
440
483
544
623
727
860
1008
1126
1175
1160
1146
1195
1304
1401
1417
1361
1304
1297
1310
1273
1160
1020
918
867
810
685
493
284
102
-51
-200
-349
-480
-574
-641
-714
-813
-933
-1045
-1118
-1135
-1102
-1043
-995
-977
-975
-948
-872
-771
-705
-702
-724
-692
-574
-426
-336
-331
-347
-302
-189
-80
-37
-48
-44
21
122
195
206
183
175
195
210
192
155
142
166
195
180
109
9
-76
-131
-173
-226
-290
-342
-364
-369
-388
-439
-510
-569
-596
-596
-589
-587
-585
-574
-556
-538
-522
-497
-455
-400
-346
-303
-270
-243
-215
-178
-135
-90
-39
22
89
145
183
211
250
296
335
357
381
432
517
617
712
801
894
990
1061
1082
1069
1077
1139
1225
1266
1234
1179
1165
1191
1180
1077
916
784
727
696
609
441
246
91
-8
-98
-223
-374
-503
-578
-619
-676
-773
-875
-930
-916
-867
-841
-863
-897
-881
-799
-703
-665
-701
-744
-714
-603
-485
-434
-443
-438
-366
-260
-194
-195
-217
-196
-123
-42
3
17
31
58
78
72
49
39
60
95
113
89
34
-25
-66
-95
-127
-165
-197
-214
-226
-256
-310
-370
-412
-437
-455
-476
-490
-482
-455
-428
-419
-427
-433
-425
-406
-384
-357
-321
-277
-239
-214
-196
-166
-114
-48
10
44
60
83
126
179
215
223
226
255
321
397
450
476
507
578
691
815
908
951
963
980
1022
1087
1150
1188
1193
1177
1160
1144
1107
1023
902
790
724
689
630
511
353
205
87
-21
-143
-273
-385
-462
-512
-553
-598
-657
-730
-811
-872
-886
-847
-790
-762
-779
-813
-813
-765
-704
-683
-702
-707
-644
-529
-442
-444
-505
-537
-481
-366
-264
-212
-185
-145
-90
-50
-46
-59
-55
-17
39
85
105
103
88
58
7
-52
-87
-84
-62
-61
-100
-156
-196
-212
-223
-250
-290
-322
-329
-310
-282
-270
-286
-321
-349
-353
-343
-333
-324
-305
-272
-236
-205
-181
-161
-143
-128
-111
-81
-39
6
46
82
119
159
196
224
247
274
313
362
415
463
511
578
685
819
940
999
996
983
1014
1093
1164
1173
1127
1090
1106
1144
1120
995
830
724
707
704
622
455
276
151
70
-25
-160
-299
-388
-419
-442
-509
-625
-746
-830
-871
-898
-927
-948
-938
-900
-866
-863
-888
-909
-898
-858
-806
-759
-712
-654
-592
-543
-518
-507
-481
-422
-337
-251
-183
-136
-96
-56
-13
29
67
100
132
165
193
203
191
166
146
132
114
83
47
15
-17
-59
-109
-153
-183
-206
-236
-269
-295
-308
-314
-325
-343
-363
-375
-375
-364
-348
-340
-340
-340
-324
-287
-245
-217
-200
-175
-124
-60
-11
8
14
40
100
172
225
248
262
298
363
435
487
513
542
606
709
823
914
964
982
993
1028
1097
1177
1223
1210
1164
1130
1118
1089
1006
878
760
694
667
625
522
364
199
67
-29
-123
-237
-361
-463
-531
-584
-656
-751
-846
-914
-956
-993
-1031
-1052
-1040
-1013
-1001
-1012
-1023
-1004
-953
-896
-857
-831
-792
-724
-637
-558
-496
-438
-369
-293
-227
-176
-122
-51
31
99
141
165
186
209
227
240
249
252
243
221
194
170
148
119
78
30
-14
-51
-78
-103
-129
-163
-203
-240
-269
-292
-313
-334
-351
-358
-357
-354
-350
-345
-343
-343
-334
-302
-249
-199
-169
-145
-103
-41
18
51
65
89
144
221
289
326
340
360
407
471
522
547
564
601
663
732
791
842
898
953
988
992
987
1001
1039
1071
1062
1015
963
931
902
834
717
589
497
443
384
285
154
28
-69
-154
-254
-377
-496
-583
-636
-681
-742
-818
-885
-923
-936
-947
-969
-992
-997
-981
-962
-955
-948
-918
-858
-787
-730
-688
-640
-574
-499
-434
-388
-350
-299
-227
-147
-79
-30
11
56
105
147
176
200
226
251
269
272
263
250
234
210
170
122
85
65
48
15
-34
-80
-110
-129
-152
-187
-224
-248
-254
-250
-256
-274
-296
-304
-299
-291
-286
-278
-258
-227
-195
-173
-155
-130
-89
-33
24
69
98
122
155
209
275
333
373
399
428
469
515
553
576
593
619
658
702
740
770
799
832
864
885
892
886
878
876
878
873
849
807
754
699
637
561
471
378
295
223
144
46
-65
-168
-250
-321
-400
-487
-570
-637
-691
-742
-795
-845
-886
-914
-930
-940
-946
-946
-936
-914
-885
-853
-820
-783
-744
-704
-657
-599
-533
-470
-414
-359
-296
-230
-170
-116
-63
-6
49
98
140
177
208
230
240
246
254
264
268
258
232
198
170
154
143
122
82
33
-6
-27
-41
-66
-108
-150
-174
-179
-190
-221
-260
-276
-258
-225
-212
-227
-246
-243
-212
-178
-161
-151
-122
-62
7
50
64
75
118
187
248
278
287
307
354
414
461
487
505
528
556
582
606
631
659
680
691
701
726
768
807
822
811
793
789
795
789
755
700
649
615
584
533
451
354
265
190
119
36
-59
-154
-239
-317
-398
-480
-555
-617
-671
-725
-777
-820
-849
-870
-890
-908
-917
-914
-901
-884
-863
-836
-800
-751
-690
-625
-571
-530
-492
-439
-370
-298
-236
-182
-126
-63
-1
53
97
137
174
206
228
241
253
269
287
300
300
285
259
227
195
171
154
139
117
88
55
20
-20
-64
-104
-132
-148
-162
-182
-202
-217
-224
-225
-221
-212
-201
-195
-194
-189
-166
-129
-92
-63
-35
1
45
85
116
148
189
233
269
292
315
351
397
438
463
471
479
500
537
576
603
612
617
627
646
664
675
677
679
685
691
688
672
645
616
586
555
521
481
434
374
304
230
162
98
32
-42
-119
-190
-249
-304
-364
-428
-490
-542
-584
-620
-653
-684
-712
-732
-742
-744
-745
-748
-747
-729
-693
-652
-622
-601
-575
-530
-469
-408
-358
-321
-285
-244
-196
-146
-99
-57
-19
18
56
95
132
158
170
173
180
191
199
196
189
183
175
160
140
122
109
93
69
38
10
-11
-26
-43
-65
-88
-108
-122
-132
-141
-149
-153
-156
-159
-156
-145
-127
-111
-99
-87
-69
-45
-20
3
30
63
99
131
158
185
213
240
265
290
319
351
380
404
424
448
473
490
498
502
512
529
540
539
535
539
550
557
554
543
537
536
532
514
485
454
429
408
380
336
282
230
185
142
90
29
-32
-85
-131
-175
-222
-271
-318
-361
-400
-435
-466
-491
-513
-533
-551
-566
-575
-579
-584
-588
-585
-569
-543
-516
-491
-468
-441
-408
-374
-343
-314
-281
-239
-196
-160
-136
-114
-86
-50
-18
6
23
43
66
88
102
107
107
106
105
106
108
109
103
92
79
70
64
53
32
6
-14
-21
-22
-26
-36
-48
-58
-67
-75
-77
-69
-61
-61
-69
-72
-61
-41
-21
-6
4
13
22
38
61
90
111
121
129
150
189
228
244
234
225
245
289
329
339
329
331
357
389
400
388
378
391
421
443
443
429
420
421
422
414
399
390
390
394
385
357
319
288
269
253
224
180
133
98
70
38
-7
-56
-96
-124
-154
-197
-248
-290
-315
-333
-358
-388
-414
-429
-438
-449
-461
-466
-464
-460
-460
-461
-453
-436
-414
-397
-383
-364
-339
-313
-290
-266
-239
-212
-187
-159
-128
-99
-79
-65
-47
-23
-1
12
20
33
51
65
68
63
63
70
74
66
52
46
52
60
56
40
21
11
10
13
15
11
3
-10
-20
-24
-21
-17
-15
-14
-12
-11
-11
-9
0
16
33
45
53
61
72
83
90
95
104
119
139
158
173
184
193
204
217
232
245
253
260
270
287
306
320
325
322
318
320
328
335
338
335
330
329
328
323
311
295
280
269
261
252
237
217
192
164
134
102
74
51
27
-3
-35
-66
-93
-122
-155
-188
-217
-240
-264
-288
-309
-323
-332
-343
-356
-367
-370
-368
-367
-369
-371
-368
-357
-340
-324
-313
-302
-288
-270
-252
-237
-223
-204
-179
-154
-136
-123
-109
-89
-65
-48
-39
-32
-21
-3
15
25
26
22
21
27
39
52
58
53
44
41
46
51
45
30
14
9
15
26
34
34
24
9
-2
-6
-5
-3
-3
-3
3
15
29
37
38
36
38
46
55
62
67
72
82
95
107
118
127
132
136
143
156
173
187
193
194
197
207
221
234
239
241
243
246
248
249
250
251
253
254
250
244
237
230
221
207
192
182
176
168
150
126
102
83
66
46
22
-3
-27
-49
-69
-90
-111
-136
-162
-185
-202
-213
-225
-242
-258
-268
-271
-273
-282
-295
-304
-302
-293
-284
-280
-279
-275
-265
-253
-240
-230
-223
-214
-199
-178
-156
-137
-121
-108
-95
-82
-73
-67
-61
-48
-31
-18
-13
-12
-5
6
15
15
11
12
20
29
30
25
20
17
16
15
12
11
10
