-15
-14
-12
-10
-10
-10
-8
-4
2
3
2
1
2
6
8
8
8
9
12
12
11
11
12
13
14
16
18
20
21
21
21
22
22
20
19
18
18
19
20
20
20
19
16
13
12
11
10
8
7
6
5
3
-1
-6
-10
-14
-17
-19
-20
-20
-20
-21
-21
-23
-26
-28
-30
-33
-35
-37
-38
-38
-38
-40
-43
-45
-47
-46
-43
-40
-39
-38
-35
-31
-28
-27
-28
-28
-25
-21
-19
-17
-14
-9
-2
4
9
12
16
20
24
29
35
42
48
52
53
56
60
65
68
70
72
77
82
87
90
90
88
85
81
80
82
83
79
72
66
62
58
51
39
26
18
14
10
3
-6
-15
-23
-31
-41
-51
-60
-68
-77
-87
-95
-102
-109
-116
-124
-130
-135
-138
-141
-147
-155
-161
-166
-170
-176
-183
-190
-194
-193
-187
-179
-169
-157
-143
-125
-103
-78
-52
-29
-11
4
20
41
65
87
104
119
138
162
188
211
230
250
274
298
317
328
334
339
343
343
339
331
322
311
296
278
258
237
215
191
163
130
96
66
39
12
-19
-56
-93
-126
-152
-174
-193
-212
-232
-252
-269
-282
-295
-309
-325
-339
-350
-358
-365
-375
-385
-393
-396
-392
-385
-378
-372
-362
-345
-320
-290
-258
-230
-201
-170
-136
-103
-72
-42
-9
26
60
87
111
136
164
189
211
233
258
285
310
336
366
400
439
485
534
576
601
613
624
635
632
602
546
479
416
355
288
212
133
57
-9
-64
-105
-136
-163
-190
-214
-231
-241
-250
-259
-269
-272
-265
-256
-250
-243
-226
-201
-180
-172
-170
-162
-149
-143
-153
-177
-202
-222
-238
-254
-272
-290
-303
-308
-307
-299
-284
-268
-257
-248
-233
-203
-168
-142
-128
-117
-97
-75
-60
-53
-44
-23
7
34
52
65
78
91
99
100
94
88
86
89
93
97
113
153
219
301
382
447
501
560
633
699
722
685
613
547
497
440
349
229
109
18
-43
-86
-124
-158
-187
-210
-221
-213
-191
-170
-171
-193
-220
-237
-248
-264
-289
-309
-313
-296
-262
-218
-169
-116
-59
-1
53
94
119
124
104
60
0
-65
-129
-197
-269
-337
-385
-404
-397
-380
-362
-340
-300
-240
-175
-127
-104
-96
-90
-78
-63
-54
-60
-77
-89
-80
-50
-13
16
35
52
72
91
101
98
84
63
40
20
8
4
16
61
151
273
394
491
578
684
805
897
919
873
805
748
687
586
433
258
105
-3
-73
-121
-159
-193
-225
-242
-234
-202
-172
-169
-196
-232
-262
-287
-314
-341
-364
-383
-394
-379
-319
-217
-108
-28
22
70
130
187
206
170
91
-3
-92
-173
-256
-348
-444
-523
-564
-561
-530
-494
-465
-433
-384
-316
-245
-192
-162
-148
-134
-118
-101
-87
-79
-74
-63
-39
1
45
81
106
126
144
154
150
132
113
100
90
79
69
75
117
210
347
496
626
740
864
1006
1128
1176
1134
1048
963
876
748
564
354
160
-5
-145
-257
-333
-384
-429
-466
-459
-395
-310
-266
-279
-313
-329
-335
-354
-391
-429
-458
-475
-464
-403
-289
-155
-35
69
179
302
410
466
454
391
299
187
54
-105
-284
-465
-619
-724
-775
-794
-803
-803
-767
-675
-542
-412
-321
-274
-249
-226
-200
-170
-141
-127
-135
-152
-146
-102
-39
8
32
61
111
162
180
163
136
123
111
80
34
6
30
122
280
482
691
882
1059
1254
1475
1674
1780
1755
1630
1461
1276
1057
781
458
130
-159
-386
-555
-690
-807
-902
-943
-903
-801
-703
-663
-678
-697
-691
-676
-689
-731
-771
-775
-737
-664
-550
-384
-164
87
345
593
820
1002
1114
1137
1067
910
681
402
92
-243
-599
-948
-1241
-1445
-1573
-1657
-1708
-1700
-1619
-1481
-1320
-1153
-979
-799
-629
-473
-324
-182
-65
16
73
126
172
187
167
137
121
114
91
37
-47
-152
-266
-359
-404
-396
-357
-280
-101
252
758
1304
1790
2230
2713
3251
3720
3962
3935
3737
3469
3124
2631
1978
1245
524
-142
-731
-1214
-1575
-1842
-2043
-2143
-2083
-1883
-1664
-1532
-1466
-1378
-1233
-1097
-1028
-1015
-1015
-1019
-1005
-898
-630
-230
180
526
842
1205
1615
1987
2222
2284
2183
1958
1637
1234
731
121
-548
-1172
-1670
-2049
-2369
-2651
-2837
-2865
-2742
-2538
-2313
-2077
-1810
-1506
-1179
-853
-553
-308
-132
-6
113
249
372
435
418
354
292
260
247
226
168
58
-95
-264
-418
-554
-672
-745
-692
-433
44
648
1255
1814
2380
3027
3715
4280
4551
4506
4262
3948
3574
3048
2302
1380
421
-430
-1097
-1586
-1956
-2270
-2530
-2652
-2536
-2203
-1824
-1580
-1483
-1407
-1266
-1124
-1075
-1125
-1197
-1245
-1252
-1169
-927
-520
-33
469
998
1591
2186
2663
2946
3058
3036
2864
2495
1939
1257
492
-353
-1225
-1998
-2565
-2945
-3240
-3477
-3563
-3411
-3069
-2680
-2340
-2034
-1719
-1377
-1022
-667
-346
-106
52
195
389
589
679
615
503
480
552
594
507
322
133
-15
-161
-337
-544
-772
-1015
-1208
-1210
-888
-255
510
1226
1867
2560
3401
4313
5061
5427
5362
5006
4543
4040
3400
2504
1373
194
-827
-1609
-2195
-2651
-2997
-3202
-3217
-3000
-2569
-2065
-1684
-1540
-1545
-1514
-1350
-1144
-1039
-1089
-1213
-1276
-1162
-822
-294
332
985
1670
2388
3067
3569
3822
3844
3672
3271
2606
1730
767
-211
-1204
-2179
-3010
-3575
-3882
-4028
-4061
-3939
-3636
-3214
-2772
-2334
-1874
-1386
-919
-519
-188
98
351
568
750
885
937
876
745
634
585
541
417
204
-32
-243
-452
-688
-939
-1170
-1398
-1628
-1761
-1594
-1010
-128
790
1600
2398
3357
4484
5547
6240
6395
6087
5542
4950
4297
3422
2218
790
-607
-1753
-2585
-3161
-3569
-3855
-3989
-3892
-3515
-2942
-2361
-1951
-1727
-1579
-1395
-1185
-1032
-1006
-1082
-1162
-1123
-865
-365
320
1081
1872
2705
3564
4305
4763
4890
4773
4443
3789
2713
1332
-84
-1361
-2527
-3634
-4581
-5186
-5403
-5357
-5149
-4748
-4108
-3330
-2601
-2001
-1443
-842
-253
192
460
653
872
1093
1199
1139
988
859
769
644
432
159
-122
-406
-702
-1014
-1310
-1574
-1801
-2019
-2237
-2368
-2195
-1524
-415
825
1942
3002
4244
5705
7047
7842
7923
7488
6838
6090
5128
3815
2171
375
-1367
-2874
-3989
-4658
-5009
-5233
-5333
-5103
-4421
-3498
-2692
-2164
-1774
-1381
-1020
-805
-717
-650
-572
-537
-505
-277
306
1182
2136
3073
4039
5039
5856
6217
6043
5476
4644
3521
2038
270
-1563
-3262
-4733
-5909
-6692
-7015
-6916
-6488
-5781
-4813
-3667
-2511
-1477
-591
177
809
1264
1553
1741
1869
1909
1835
1650
1374
1001
550
100
-259
-526
-803
-1174
-1600
-1952
-2181
-2356
-2559
-2747
-2830
-2743
-2417
-1691
-442
1160
2721
4020
5268
6770
8414
9627
9934
9382
8386
7217
5816
4018
1846
-483
-2686
-4514
-5794
-6521
-6878
-7043
-6967
-6415
-5318
-3957
-2765
-1935
-1378
-932
-569
-282
-16
257
439
459
494
850
1635
2591
3444
4214
5127
6164
6945
7059
6463
5404
4068
2417
378
-1929
-4233
-6266
-7831
-8778
-9069
-8821
-8194
-7194
-5726
-3850
-1906
-270
940
1847
2570
3106
3412
3464
3243
2724
1984
1201
547
22
-500
-1111
-1742
-2237
-2526
-2677
-2814
-2960
-3083
-3166
-3266
-3389
-3441
-3231
-2558
-1291
530
2611
4561
6187
7696
9384
11165
12433
12575
11516
9718
7645
5394
2825
-77
-3086
-5871
-8110
-9533
-10047
-9870
-9366
-8674
-7555
-5814
-3707
-1839
-551
311
1079
1786
2253
2417
2417
2377
2313
2354
2751
3607
4600
5310
5652
5910
6208
6240
5575
4146
2249
154
-2074
-4387
-6558
-8314
-9513
-10133
-10109
-9348
-7898
-5999
-3923
-1807
290
2238
3804
4782
5124
4959
4501
3914
3210
2310
1184
-51
-1232
-2244
-3059
-3678
-4122
-4419
-4542
-4438
-4096
-3662
-3310
-3140
-3104
-3108
-3018
-2617
-1626
128
2481
4994
7243
9198
11109
13078
14645
15061
13930
11603
8795
5912
2818
-751
-4683
-8443
-11418
-13229
-13813
-13382
-12294
-10825
-8946
-6494
-3544
-620
1701
3236
4244
4948
5306
5232
4888
4566
4336
4094
3862
3921
4398
5015
5300
5114
4656
4020
2952
1207
-1038
-3347
-5459
-7366
-8922
-9765
-9697
-8965
-7915
-6524
-4531
-1984
587
2641
4076
5120
5885
6211
5888
4917
3502
1924
420
-866
-1968
-3045
-4190
-5226
-5816
-5819
-5452
-5071
-4790
-4493
-4046
-3523
-3038
-2646
-2337
-2104
-1769
-844
1156
4182
7467
10192
12178
13892
15599
16826
16676
14669
11116
6747
2168
-2354
-6703
-10724
-14128
-16530
-17525
-16887
-14751
-11655
-8251
-4937
-1707
1527
4570
6889
8049
8047
7308
6361
5551
4961
4444
3860
3249
2913
3076
3581
3884
3506
2412
914
-706
-2400
-4178
-5934
-7438
-8471
-8835
-8370
-7080
-5247
-3270
-1338
615
2592
4252
5146
5163
4635
3953
3232
2382
1368
240
-967
-2219
-3338
-4099
-4486
-4782
-5259
-5823
-6114
-5889
-5304
-4660
-4088
-3435
-2589
-1667
-921
-440
-53
540
1647
3476
6061
9058
11851
13892
15099
15673
15551
14184
11082
6521
1447
-3303
-7542
-11393
-14710
-16987
-17752
-16816
-14263
-10448
-6077
-1965
1455
4331
6876
8864
9778
9477
8372
6960
5482
4089
3098
2678
2557
2270
1766
1393
1288
1006
-38
-1899
-4067
-5955
-7294
-8036
-8153
-7602
-6391
-4553
-2147
583
3134
4975
5905
6089
5748
4909
3523
1708
-202
-1833
-2918
-3377
-3333
-3092
-2947
-2952
-2937
-2817
-2791
-3126
-3817
-4514
-4924
-5021
-4963
-4739
-4198
-3263
-2100
-979
-39
808
1902
3670
6363
9634
12588
14360
14844
14624
14170
13204
11010
7318
2639
-2200
-6686
-10607
-13697
-15557
-15973
-15033
-12883
-9562
-5324
-923
2679
5074
6618
7848
8747
8840
7909
6400
5033
4169
3703
3392
3092
2665
1946
898
-311
-1528
-2835
-4385
-6064
-7429
-8012
-7615
-6343
-4452
-2253
-29
2040
3865
5305
6051
5783
4494
2622
753
-799
-2094
-3220
-4025
-4215
-3744
-2910
-2112
-1549
-1251
-1272
-1720
-2596
-3668
-4649
-5348
-5738
-5786
-5437
-4637
-3438
-2001
-585
526
1274
2041
3566
6271
9693
12642
14239
14629
14558
14259
13055
10179
5735
661
-4152
-8373
-11922
-14499
-15693
-15400
-13867
-11293
-7683
-3218
1343
4958
7036
7851
8108
8237
8124
7451
6146
4521
3128
2438
2497
2776
2500
1279
-575
-2438
-4017
-5508
-7101
-8520
-9128
-8443
-6462
-3587
-344
2794
5475
7477
8651
8832
7828
5589
2397
-1138
-4268
-6412
-7345
-7244
-6456
-5233
-3629
-1738
88
1317
1574
894
-388
-1900
-3455
-4941
-6199
-6916
-6834
-5928
-4460
-2750
-1000
633
1883
2475
2609
3091
4783
7662
10667
12588
13146
12994
12697
11979
10091
6743
2377
-2329
-6919
-10989
-13970
-15338
-14985
-13129
-9959
-5641
-719
3785
6903
8394
8762
8654
8278
7433
5996
4257
2726
1739
1316
1292
1378
1133
156
-1556
-3515
-5196
-6457
-7418
-7959
-7578
-5827
-2810
797
4171
6717
8185
8536
7817
6099
3507
305
-3044
-5900
-7660
-8002
-7058
-5309
-3320
-1461
139
1426
2203
2137
1053
-810
-2849
-4515
-5595
-6187
-6338
-5941
-4890
-3331
-1603
-21
1198
1887
1938
1587
1548
2755
5568
9266
12440
14154
14564
14204
12940
10078
5516
191
-4823
-9188
-12904
-15490
-16160
-14726
-11770
-7877
-3198
1960
6554
9315
9836
8864
7497
6316
5319
4343
3335
2351
1611
1438
1887
2344
1795
-267
-3329
-6291
-8378
-9408
-9396
-8203
-5738
-2296
1543
5244
8368
10347
10558
8804
5633
2002
-1379
-4278
-6626
-8156
-8501
-7513
-5469
-2949
-629
971
1639
1488
776
-301
-1632
-3121
-4549
-5607
-5957
-5506
-4485
-3296
-2161
-1075
-96
529
604
344
296
1064
3009
6121
9882
13356
15588
16067
14819
12102
8222
3580
-1325
-6121
-10574
-14179
-15934
-14996
-11637
-7223
-3013
738
4262
7226
8705
8245
6530
4801
3842
3690
4063
4625
5001
4858
4173
3097
1485
-1120
-4809
-8763
-11704
-12749
-11750
-8963
-4781
211
5205
9367
12094
13092
12336
9949
6160
1435
-3361
-7146
-9193
-9509
-8626
-7035
-4977
-2618
-337
1344
2019
1646
569
-707
-1813
-2693
-3428
-4023
-4303
-4155
-3680
-3158
-2772
-2472
-2134
-1805
-1673
-1663
-1273
121
2703
6187
10123
13974
16878
17766
16112
12436
7872
3242
-1326
-5994
-10549
-14123
-15498
-13972
-10097
-5490
-1646
1064
3142
4919
6022
5958
4915
3794
3527
4431
6129
7789
8523
7755
5540
2465
-882
-4318
-7898
-11299
-13622
-13869
-11666
-7468
-2212
3089
7536
10480
11700
11404
9917
7356
3780
-379
-4171
-6601
-7310
-6776
-5869
-5152
-4618
-3919
-2899
-1772
-928
-571
-562
-590
-453
-265
-346
-969
-2083
-3403
-4582
-5363
-5546
-5034
-3981
-2780
-1795
-1012
-92
1368
3601
6687
10455
14234
16829
17119
14884
10932
6389
1838
-2768
-7485
-11768
-14536
-14817
-12552
-8811
-5153
-2529
-718
1074
3142
4880
5545
5214
4827
5316
6759
8424
9370
8960
6960
3559
-585
-4568
-7770
-10176
-11947
-12754
-11775
-8562
-3736
1315
5403
8096
9480
9709
8899
7276
5121
2635
-54
-2650
-4657
-5713
-5927
-5836
-5884
-6051
-5874
-4931
-3239
-1294
270
1121
1358
1277
962
225
-1133
-2933
-4664
-5779
-6043
-5546
-4535
-3293
-2078
-1094
-309
552
1944
4243
7533
11406
14898
16765
16099
12958
8346
3453
-1212
-5823
-10371
-13938
-15187
-13575
-10011
-6171
-3246
-1352
127
1745
3518
4971
5683
5826
6113
7161
8817
10168
10078
7869
3736
-1266
-5765
-8903
-10679
-11541
-11640
-10621
-8056
-4032
680
4921
7735
8839
8643
7789
6601
5003
2840
284
-2155
-3951
-4930
-5368
-5668
-6007
-6183
-5872
-4898
-3353
-1532
167
1341
1763
1474
705
-398
-1797
-3409
-4858
-5658
-5554
-4706
-3533
-2455
-1750
-1378
-958
79
2095
5099
8829
12736
15813
16804
15007
10909
5804
722
-4090
-8628
-12335
-14165
-13421
-10512
-6798
-3718
-1965
-1225
-649
443
2072
3788
5271
6686
8420
10407
11895
11854
9678
5550
318
-4866
-8958
-11358
-12062
-11433
-9777
-7132
-3567
422
3876
5912
6319
5734
5162
5170
5476
5256
3964
1769
-712
-2978
-4905
-6525
-7792
-8471
-8260
-6940
-4595
-1714
933
2621
3007
2245
819
-825
-2453
-3984
-5183
-5702
-5303
-4083
-2448
-982
-273
-497
-1163
-1311
-226
2218
5772
10000
14008
16342
15774
12381
7529
2599
-2043
-6638
-10822
-13340
-13063
-10185
-6215
-2943
-1379
-1321
-1712
-1394
74
2229
4336
6163
8055
10164
11868
12008
9776
5368
-107
-5223
-8872
-10578
-10502
-9207
-7287
-5051
-2557
73
2363
3713
3942
3588
3548
4309
5509
6160
5408
3147
57
-2916
-5213
-6790
-7814
-8253
-7850
-6387
-3995
-1258
969
2008
1766
715
-532
-1656
-2607
-3432
-4049
-4296
-3989
-3108
-2030
-1436
-1776
-2591
-2716
-1226
1804
5678
9808
13684
16266
16222
13113
7991
2453
-2621
-7047
-10460
-12040
-11290
-8693
-5557
-3289
-2687
-3548
-4689
-4680
-2808
481
4111
7283
9795
11683
12694
12269
9925
5689
309
-4857
-8360
-9441
-8498
-6725
-5154
-4022
-2929
-1549
19
1432
2504
3367
4296
5437
6526
6884
5769
3020
-625
-3963
-6147
-7155
-7419
-7205
-6407
-4921
-3017
-1283
-221
45
-239
-672
-981
-1117
-1255
-1545
-2019
-2527
-2835
-2814
-2650
-2776
-3312
-3718
-3149
-1248
1742
5531
9918
14093
16367
15293
11155
5891
1356
-2018
-4795
-7149
-8429
-7980
-6090
-3957
-2878
-3439
-5085
-6367
-5815
-3013
1100
5094
8135
10209
11437
11564
10165
7168
3055
-1278
-4771
-6547
-6406
-5112
-3955
-3796
-4397
-4800
-4236
-2699
-673
1424
3454
5359
6928
7788
7497
5749
2643
-1102
-4341
-6177
-6517
-6012
-5366
-4809
-4166
-3332
-2473
-1854
-1552
-1440
-1364
-1222
-1005
-777
-774
-1203
-1962
-2617
-2862
-2909
-3169
-3611
-3600
-2498
-145
3279
7508
11841
14791
14751
11483
6662
2480
-234
-2273
-4451
-6361
-6917
-5881
-4338
-3702
-4515
-6158
-7392
-7028
-4504
-289
4246
7644
9308
9625
9207
8170
6229
3340
94
-2552
-3851
-3742
-2958
-2613
-3427
-5105
-6523
-6573
-5012
-2492
89
2280
4185
5966
7336
7546
5977
2800
-890
-3679
-4773
-4500
-3946
-4011
-4714
-5318
-5137
-4183
-3102
-2467
-2235
-1897
-1080
-21
648
385
-778
-2214
-3112
-3100
-2554
-2189
-2305
-2436
-1769
256
3673
8006
12155
14523
13834
10316
5852
2490
737
-527
-2375
-4492
-5635
-5213
-4047
-3603
-4634
-6505
-7637
-6629
-3283
1221
5149
7391
8017
7831
7483
6962
5823
3824
1357
-743
-1809
-1857
-1607
-1998
-3489
-5581
-7054
-6810
-4757
-1834
788
2535
3551
4214
4691
4818
4274
2875
883
-1005
-2140
-2488
-2698
-3455
-4772
-5901
-6028
-4998
-3463
-2273
-1762
-1603
-1269
-672
-230
-449
-1328
-2299
-2701
-2377
-1790
-1551
-1834
-2194
-1878
-242
2919
7181
11320
13638
12931
9580
5479
2505
974
-230
-2013
-3957
-4952
-4613
-3733
-3492
-4429
-6041
-7085
-6313
-3363
823
4558
6603
6946
6461
5943
5486
4714
3409
1869
656
74
-114
-526
-1701
-3657
-5725
-6871
-6326
-4173
-1304
1170
2600
3021
2876
2586
2284
1863
1217
456
-164
-573
-1053
-2001
-3468
-4973
-5792
-5516
-4359
-3001
-2048
-1622
-1468
-1360
-1356
-1588
-2016
-2383
-2405
-1953
-1187
-551
-491
-1052
-1711
-1668
-235
2814
6958
10769
12471
11153
7636
3902
1440
238
-677
-1894
-3085
-3644
-3566
-3499
-4084
-5311
-6431
-6390
-4505
-1033
2831
5657
6705
6300
5350
4578
4123
3742
3217
2550
1853
1138
267
-955
-2605
-4459
-5903
-6172
-4883
-2483
-38
1516
1994
1845
1556
1297
1087
1042
1254
1519
1378
513
-973
-2692
-4241
-5300
-5606
-5073
-3937
-2697
-1797
-1373
-1335
-1532
-1875
-2227
-2381
-2157
-1578
-910
-503
-549
-932
-1282
-1100
100
2641
6277
9860
11640
10496
7044
3298
1003
314
193
-198
-804
-1284
-1789
-2847
-4584
-6342
-7120
-6321
-4089
-1110
1786
3947
5080
5278
4886
4261
3637
3174
3006
3128
3245
2854
1567
-582
-3087
-5160
-6069
-5490
-3750
-1679
-109
620
687
408
-25
-455
-569
-41
1076
2198
2577
1843
234
-1637
-3186
-4076
-4257
-3878
-3215
-2556
-2112
-1986
-2152
-2490
-2776
-2784
-2409
-1756
-1108
-802
-1000
-1537
-1978
-1915
-1158
401
2909
6243
9448
10952
9749
6466
3002
951
471
639
643
358
-101
-942
-2513
-4658
-6501
-7012
-5762
-3169
-180
2238
3480
3506
2828
2198
2138
2673
3456
4113
4432
4302
3580
2110
-66
-2513
-4459
-5178
-4481
-2864
-1182
-115
133
-236
-866
-1420
-1646
-1392
-658
338
1179
1437
924
-182
-1446
-2408
-2786
-2558
-1975
-1441
-1309
-1690
-2381
-3040
-3385
-3380
-3168
-2883
-2531
-2119
-1800
-1776
-1992
-2048
-1412
307
3157
6660
9670
10813
9473
6473
3552
1984
1724
1852
1659
1133
508
-332
-1787
-3913
-6008
-6961
-6048
-3497
-360
2148
3339
3276
2538
1768
1411
1657
2453
3487
4237
4213
3247
1600
-255
-1931
-3208
-3872
-3683
-2646
-1276
-365
-368
-1039
-1709
-1850
-1355
-426
619
1461
1844
1650
926
-142
-1262
-2075
-2336
-2081
-1662
-1485
-1716
-2200
-2624
-2785
-2670
-2384
-2037
-1731
-1594
-1747
-2192
-2749
-3099
-2913
-1923
23
2828
5974
8467
9249
7906
5164
2529
1206
1248
1774
1981
1796
1519
1087
21
-1865
-3921
-5036
-4541
-2678
-317
1642
2673
2733
2205
1639
1411
1606
2164
2985
3753
3872
2855
888
-1175
-2499
-2905
-2768
-2428
-1881
-1072
-298
-92
-677
-1638
-2224
-1974
-1043
5
656
730
357
-220
-821
-1356
-1718
-1753
-1394
-876
-651
-1027
-1862
-2653
-2962
-2699
-2112
-1523
-1105
-870
-845
-1141
-1786
-2496
-2767
-2221
-791
1357
3885
6126
7182
6524
4600
2619
1576
1517
1787
1853
1710
1538
1234
455
-895
-2350
-3117
-2691
-1284
299
1270
1432
1173
954
865
752
631
802
1483
2402
2886
2416
1114
-320
-1182
-1304
-1055
-866
-819
-731
-555
-555
-1020
-1843
-2499
-2475
-1731
-727
-26
125
-120
-464
-763
-1062
-1371
-1500
-1208
-548
56
150
-320
-966
-1369
-1442
-1400
-1433
-1489
-1398
-1133
-892
-916
-1231
-1574
-1549
-911
257
1580
2599
2996
2740
2084
1436
1117
1171
1391
1566
1683
1868
2121
2199
1817
993
134
-262
-37
503
884
893
698
581
590
524
230
-131
-221
92
533
674
370
-98
-342
-278
-171
-285
-560
-683
-451
-38
132
-214
-915
-1487
-1563
-1220
-843
-691
-658
-494
-169
59
-56
-460
-827
-864
-568
-219
-93
-220
-410
-515
-597
-799
-1112
-1348
-1372
-1268
-1231
-1335
-1469
-1490
-1375
-1186
-961
-697
-434
-266
-258
-327
-288
-12
422
774
894
922
1175
1759
2363
2526
2158
1705
1711
2221
2716
2674
2142
1665
1655
1925
1939
1456
825
583
850
1188
1092
516
-102
-319
-134
50
-117
-558
-869
-760
-386
-200
-479
-1039
-1441
-1447
-1227
-1116
-1240
-1416
-1407
-1196
-988
-994
-1223
-1502
-1641
-1602
-1489
-1428
-1444
-1474
-1464
-1442
-1467
-1542
-1597
-1571
-1480
-1398
-1365
-1332
-1187
-853
-380
41
211
126
37
262
868
1554
1910
1836
1680
1901
2541
3114
3102
2559
2123
2340
3041
3498
3209
2428
1857
1856
2077
1899
1160
347
51
326
648
501
-93
-657
-802
-624
-553
-860
-1359
-1607
-1384
-947
-776
-1068
-1522
-1667
-1370
-971
-892
-1180
-1475
-1425
-1091
-871
-1038
-1418
-1579
-1312
-851
-605
-710
-940
-1002
-873
-771
-878
-1125
-1280
-1207
-996
-861
-919
-1087
-1162
-1005
-641
-230
51
121
58
48
260
697
1173
1470
1563
1676
2049
2621
3005
2874
2360
1980
2103
2544
2758
2442
1863
1546
1677
1896
1697
996
249
-27
200
444
229
-394
-918
-938
-588
-375
-606
-1063
-1272
-1041
-668
-596
-936
-1375
-1526
-1320
-1021
-904
-979
-1033
-894
-624
-457
-555
-857
-1127
-1168
-981
-743
-632
-674
-761
-794
-784
-810
-908
-1023
-1085
-1080
-1054
-1055
-1098
-1169
-1229
-1190
-950
-502
-16
259
226
87
156
536
987
1205
1179
1240
1686
2396
2879
2759
2208
1819
2010
2564
2853
2519
1865
1494
1615
1824
1588
868
173
6
323
599
402
-157
-587
-573
-305
-236
-561
-1003
-1127
-814
-388
-282
-607
-1079
-1327
-1251
-1059
-999
-1093
-1152
-1020
-766
-612
-690
-912
-1071
-1048
-903
-768
-716
-730
-775
-858
-1002
-1179
-1312
-1340
-1278
-1191
-1124
-1077
-1045
-1047
-1075
-1053
-868
-481
-11
329
408
308
277
486
847
1102
1147
1196
1562
2237
2794
2805
2331
1923
2044
2576
2952
2775
2228
1836
1853
1987
1728
949
89
-281
-55
303
262
-219
-685
-732
-451
-292
-522
-923
-1043
-719
-267
-145
-492
-1017
-1316
-1259
-1052
-967
-1064
-1176
-1132
-956
-839
-918
-1130
-1273
-1218
-1023
-857
-821
-873
-918
-933
-976
-1086
-1206
-1237
-1147
-1003
-906
-909
-993
-1087
-1110
-991
-698
-271
164
456
538
504
529
705
943
1094
1161
1337
1782
2361
2689
2507
2002
1677
1861
2360
2667
2502
2095
1884
1991
2071
1706
903
131
-152
44
272
130
-334
-731
-794
-653
-637
-861
-1093
-1034
-667
-296
-242
-545
-961
-1203
-1189
-1050
-959
-955
-946
-865
-782
-825
-1028
-1259
-1349
-1233
-985
-725
-552
-521
-634
-830
-1008
-1097
-1100
-1067
-1036
-1000
-941
-876
-866
-962
-1114
-1164
-949
-464
91
450
521
462
520
769
1050
1171
1157
1248
1629
2178
2538
2456
2053
1727
1762
2063
2274
2170
1886
1724
1776
1801
1505
903
337
122
220
304
116
-276
-591
-659
-593
-627
-829
-1019
-972
-679
-371
-297
-494
-790
-990
-1042
-1018
-985
-928
-817
-702
-697
-859
-1101
-1260
-1250
-1140
-1052
-1024
-978
-852
-720
-722
-896
-1101
-1151
-1012
-828
-752
-794
-854
-863
-853
-877
-888
-757
-406
60
412
509
462
527
825
1195
1383
1347
1324
1553
1984
2300
2264
1988
1829
2009
2365
2525
2298
1873
1586
1542
1509
1213
682
239
145
314
400
169
-277
-650
-783
-765
-776
-863
-912
-805
-571
-372
-361
-563
-856
-1070
-1107
-997
-854
-766
-749
-771
-820
-907
-1034
-1161
-1227
-1188
-1038
-824
-644
-598
-709
-887
-1008
-1023
-983
-958
-944
-893
-791
-702
-698
-772
-830
-771
-568
-284
-14
172
277
373
547
809
1082
1271
1385
1532
1786
2065
2186
2062
1823
1712
1845
2092
2205
2069
1801
1607
1540
1445
1148
682
284
160
263
340
183
-172
-508
-665
-686
-724
-843
-939
-869
-633
-396
-336
-485
-720
-894
-949
-923
-872
-830
-805
-807
-848
-933
-1049
-1158
-1213
-1188
-1085
-941
-810
-742
-760
-839
-923
-965
-958
-925
-890
-857
-829
-811
-820
-861
-905
-879
-703
-364
31
308
363
283
288
537
957
1300
1402
1377
1505
1889
2292
2357
2021
1628
1593
1951
2311
2273
1859
1459
1379
1492
1405
935
336
28
139
381
367
2
-460
-716
-724
-688
-789
-968
-1010
-808
-498
-323
-395
-623
-847
-983
-1038
-1031
-958
-839
-750
-762
-857
-952
-990
-1008
-1060
-1110
-1053
-858
-644
-580
-701
-869
-923
-846
-760
-763
-821
-823
-733
-643
-672
-825
-957
-894
-588
-156
211
403
452
488
616
836
1059
1203
1275
1378
1605
1914
2131
2097
1844
1606
1605
1832
2045
2015
1752
1473
1345
1300
1143
797
412
210
244
347
306
66
-242
-449
-505
-498
-540
-639
-708
-666
-538
-444
-491
-673
-881
-992
-965
-874
-838
-922
-1073
-1170
-1139
-1040
-1006
-1097
-1221
-1228
-1082
-907
-856
-944
-1038
-1013
-886
-793
-827
-935
-982
-896
-744
-650
-667
-719
-659
-397
15
399
582
556
500
635
1004
1418
1646
1658
1650
1814
2107
2288
2172
1841
1587
1632
1912
2127
2037
1689
1351
1212
1181
1019
641
246
91
198
321
206
-151
-527
-726
-756
-770
-864
-977
-980
-834
-645
-562
-651
-845
-1018
-1080
-1027
-916
-829
-812
-857
-917
-963
-998
-1031
-1050
-1032
-961
-839
-694
-596
-611
-727
-838
-841
-752
-679
-694
-749
-750
-682
-631
-673
-776
-805
-642
-295
102
391
505
512
552
718
982
1231
1384
1475
1607
1821
2015
2036
1841
1573
1446
1541
1740
1835
1729
1498
1289
1162
1045
835
534
267
157
190
221
115
-119
-349
-468
-494
-527
-628
-746
-787
-727
-646
-652
-769
-921
-1006
-995
-945
-928
-969
-1036
-1088
-1112
-1120
-1134
-1164
-1196
-1191
-1121
-1007
-917
-901
-932
-939
-887
-814
-784
-810
-847
-834
-755
-644
-555
-506
-463
-349
-110
221
520
665
646
601
706
1016
1403
1672
1742
1723
1794
1989
2145
2070
1781
1522
1530
1776
1975
1871
1500
1137
991
991
901
612
273
109
160
240
138
-167
-514
-732
-797
-814
-868
-940
-948
-872
-791
-797
-901
-1032
-1115
-1127
-1084
-1013
-937
-872
-834
-830
-854
-885
-898
-885
-852
-803
-731
-641
-563
-535
-570
-633
-674
-665
-631
-617
-639
-660
-632
-555
-487
-466
-457
-369
-149
166
463
639
684
693
794
1025
1292
1463
1508
1532
1653
1854
1977
1887
1632
1424
1430
1592
1684
1556
1277
1042
945
896
751
495
260
183
247
299
205
-17
-241
-377
-454
-552
-680
-773
-779
-725
-684
-697
-753
-828
-918
-1020
-1107
-1141
-1111
-1058
-1034
-1057
-1090
-1092
-1058
-1024
-1011
-996
-940
-842
-755
-731
-768
-814
-827
-805
-774
-746
-705
-635
-545
-468
-427
-392
-289
-66
249
555
747
815
845
951
1166
1408
1563
1607
1635
1756
1954
2081
2003
1752
1513
1450
1556
1670
1647
1478
1273
1123
1015
855
591
279
47
-24
16
25
-102
-341
-574
-717
-790
-863
-962
-1043
-1056
-1014
-978
-999
-1077
-1172
-1241
-1264
-1246
-1211
-1182
-1174
-1179
-1183
-1167
-1125
-1057
-967
-859
-749
-651
-584
-556
-569
-609
-645
-644
-594
-515
-442
-393
-356
-309
-247
-169
-62
105
343
613
843
980
1041
1090
1185
1322
1450
1531
1585
1665
1786
1883
1863
1707
1500
1358
1320
1322
1273
1146
992
869
778
671
511
314
126
-18
-120
-203
-294
-401
-521
-641
-754
-857
-945
-1014
-1061
-1094
-1115
-1120
-1110
-1106
-1130
-1180
-1219
-1214
-1173
-1144
-1154
-1174
-1145
-1049
-935
-868
-856
-844
-780
-676
-587
-557
-572
-585
-560
-500
-432
-378
-340
-304
-259
-200
-119
17
241
544
844
1028
1063
1043
1122
1347
1603
1724
1687
1643
1746
1953
2043
1859
1498
1228
1218
1369
1440
1299
1030
813
722
666
515
255
8
-105
-95
-90
-189
-367
-523
-603
-650
-738
-881
-1016
-1067
-1025
-959
-949
-1016
-1108
-1168
-1193
-1219
-1253
-1256
-1199
-1112
-1059
-1056
-1055
-1006
-919
-842
-796
-753
-679
-579
-494
-462
-486
-523
-531
-495
-441
-391
-339
-263
-163
-57
46
180
383
640
866
979
991
1013
1154
1396
1604
1669
1633
1643
1770
1909
1897
1700
1466
1356
1378
1406
1328
1157
985
873
796
685
505
284
86
-49
-135
-216
-310
-402
-473
-535
-622
-743
-867
-955
-1003
-1038
-1081
-1119
-1129
-1124
-1147
-1225
-1322
-1370
-1334
-1250
-1183
-1159
-1143
-1089
-1004
-943
-936
-942
-890
-763
-618
-516
-460
-410
-354
-317
-320
-334
-306
-222
-117
-32
37
143
331
593
861
1051
1124
1127
1158
1285
1478
1638
1699
1697
1721
1804
1874
1826
1642
1420
1282
1266
1290
1240
1081
876
714
620
532
387
180
-32
-199
-311
-384
-435
-484
-562
-689
-840
-955
-1003
-1016
-1046
-1105
-1149
-1142
-1107
-1104
-1163
-1251
-1313
-1329
-1317
-1297
-1263
-1192
-1085
-977
-906
-874
-848
-793
-705
-609
-531
-473
-423
-371
-320
-280
-254
-230
-191
-130
-51
34
124
243
416
637
855
1005
1066
1086
1151
1299
1482
1610
1642
1629
1652
1731
1790
1737
1561
1355
1232
1215
1218
1134
949
743
595
494
368
177
-39
-211
-300
-328
-336
-353
-397
-482
-616
-783
-933
-1020
-1040
-1036
-1053
-1094
-1124
-1119
-1103
-1129
-1218
-1323
-1366
-1304
-1175
-1065
-1027
-1036
-1032
-988
-930
-890
-859
-799
-689
-552
-437
-371
-353
-356
-345
-302
-233
-166
-113
-63
6
113
269
483
740
978
1118
1136
1111
1167
1358
1598
1741
1732
1677
1727
1895
2012
1903
1597
1319
1265
1391
1463
1310
999
752
686
692
576
286
-35
-226
-272
-286
-353
-459
-545
-604
-683
-822
-992
-1125
-1176
-1169
-1159
-1166
-1163
-1134
-1117
-1167
-1282
-1389
-1412
-1348
-1259
-1204
-1177
-1128
-1038
-946
-906
-912
-889
-781
-615
-477
-414
-390
-341
-251
-164
-113
-84
-36
39
115
166
202
258
365
534
756
993
1189
1291
1298
1269
1286
1385
1523
1621
1646
1645
1675
1724
1699
1533
1275
1065
998
1032
1035
931
756
600
491
375
190
-50
-264
-378
-390
-367
-382
-464
-592
-732
-862
-980
-1078
-1142
-1154
-1117
-1062
-1029
-1042
-1094
-1164
-1231
-1271
-1264
-1205
-1115
-1035
-988
-972
-963
-939
-898
-849
-795
-723
-615
-485
-379
-335
-347
-362
-328
-239
-132
-51
-3
38
99
181
270
379
550
800
1065
1228
1235
1165
1171
1325
1540
1658
1625
1558
1599
1739
1799
1630
1298
1036
1001
1117
1165
1023
781
607
544
479
294
13
-221
-305
-273
-246
-303
-427
-557
-665
-772
-897
-1016
-1085
-1083
-1044
-1019
-1036
-1084
-1134
-1173
-1211
-1247
-1254
-1205
-1113
-1032
-1007
-1023
-1027
-984
-910
-840
-785
-725
-646
-559
-485
-429
-382
-341
-301
-253
-188
-114
-48
-3
31
69
124
201
324
521
786
1051
1218
1237
1163
1129
1222
1408
1563
1609
1594
1631
1748
1828
1728
1447
1160
1053
1134
1232
1173
957
729
604
531
378
107
-165
-293
-262
-198
-227
-365
-536
-668
-759
-852
-966
-1071
-1116
-1091
-1041
-1030
-1078
-1158
-1225
-1257
-1258
-1236
-1193
-1134
-1081
-1054
-1054
-1050
-1008
-921
-815
-723
-645
-553
-436
-331
-289
-311
-334
-291
-178
-47
54
119
169
215
252
274
293
337
436
609
844
1087
1256
1300
1241
1177
1204
1340
1502
1586
1564
1509
1506
1548
1529
1361
1095
885
846
932
988
898
687
468
316
200
56
-123
-269
-319
-290
-273
-344
-507
-700
-856
-945
-980
-991
-1005
-1033
-1074
-1114
-1148
-1178
-1217
-1255
-1257
-1193
-1084
-994
-975
-1015
-1057
-1056
-1009
-932
-841
-743
-650
-571
-506
-446
-389
-343
-310
-277
-220
-131
-27
59
113
142
170
214
282
386
541
756
1002
1203
1283
1234
1152
1167
1321
1520
1628
1604
1540
1544
1604
1593
1414
1136
935
918
1006
1020
870
640
464
377
293
136
-64
-211
-256
-248
-278
-389
-555
-719
-843
-920
-961
-983
-1004
-1038
-1092
-1146
-1175
-1175
-1178
-1209
-1249
-1238
-1151
-1035
-973
-999
-1062
-1079
-1013
-904
-818
-774
-725
-620
-483
-388
-375
-396
-374
-291
-193
-119
-66
-8
57
108
138
166
221
310
424
566
761
1003
1217
1302
1237
1135
1144
1301
1497
1589
1549
1485
1515
1622
1653
1485
1176
930
893
997
1038
894
646
457
384
324
163
-72
-235
-228
-119
-83
-228
-498
-739
-848
-850
-846
-902
-988
-1031
-1012
-1000
-1074
-1225
-1348
-1340
-1208
-1063
-1004
-1031
-1071
-1072
-1041
-1005
-964
-894
-791
-683
-597
-533
-473
-413
-361
-324
-292
-240
-161
-66
17
75
115
154
194
233
277
347
457
604
771
944
1105
1220
1254
1219
1192
1254
1403
1541
1573
1510
1457
1477
1508
1430
1216
978
857
879
933
887
710
483
304
196
113
13
-90
-150
-169
-214
-343
-534
-696
-771
-799
-857
-958
-1033
-1030
-988
-998
-1100
-1225
-1273
-1221
-1138
-1103
-1117
-1121
-1082
-1031
-1018
-1042
-1049
-996
-889
-770
-675
-602
-535
-466
-404
-362
-331
-284
-206
-111
-31
17
51
93
146
195
237
292
381
509
666
840
1013
1145
1199
1182
1168
1232
1375
1513
1561
1518
1457
1443
1455
1416
1280
1092
957
928
945
895
729
512
343
247
174
80
-22
-91
-130
-187
-306
-477
-644
-757
-818
-863
-917
-971
-1012
-1050
-1113
-1203
-1284
-1310
-1277
-1220
-1179
-1156
-1127
-1083
-1043
-1035
-1051
-1052
-1002
-903
-790
-692
-613
-543
-474
-414
-373
-337
-282
-195
-94
-8
56
111
167
217
256
299
360
435
515
610
742
909
1070
1175
1210
1204
1213
1268
1356
1433
1460
1444
1421
1415
1405
1342
1210
1051
928
863
818
741
617
472
336
220
125
59
20
-19
-107
-260
-432
-554
-606
-645
-734
-866
-967
-987
-971
-1010
-1133
-1262
-1299
-1230
-1139
-1108
-1133
-1143
-1098
-1031
-1004
-1031
-1057
-1021
-918
-803
-730
-697
-652
-559
-442
-351
-305
-270
-210
-131
-58
2
66
139
207
260
306
363
435
507
575
655
772
928
1081
1178
1208
1219
1267
1359
1445
1477
1460
1439
1438
1427
1358
1228
1090
999
954
906
812
681
559
472
398
308
199
95
5
-100
-243
-403
-527
-594
-643
-726
-846
-952
-1008
-1039
-1099
-1198
-1287
-1308
-1267
-1223
-1220
-1242
-1241
-1197
-1139
-1111
-1120
-1133
-1106
-1029
-919
-803
-703
-622
-555
-491
-420
-340
-254
-171
-95
-28
32
92
159
234
305
361
406
458
527
599
665
733
828
949
1068
1151
1198
1240
1308
1395
1456
1455
1401
1343
1321
1326
1306
1224
1096
975
894
837
763
652
524
412
327
247
140
-7
-180
-340
-456
-528
-597
-705
-848
-977
-1045
-1063
-1086
-1154
-1246
-1308
-1311
-1284
-1277
-1305
-1337
-1327
-1272
-1206
-1165
-1147
-1126
-1081
-1013
-936
-854
-764
-661
-549
-446
-360
-282
-196
-102
-18
42
95
171
270
362
420
467
541
641
718
741
750
814
949
1097
1189
1211
1212
1240
1302
1366
1397
1388
1358
1339
1340
1329
1263
1135
993
890
834
783
694
567
440
341
261
168
37
-121
-269
-382
-472
-572
-696
-822
-917
-971
-1017
-1091
-1189
-1272
-1307
-1305
-1303
-1320
-1334
-1315
-1267
-1221
-1200
-1191
-1157
-1088
-1007
-946
-902
-840
-732
-597
-484
-417
-371
-299
-190
-78
0
51
108
195
293
375
432
481
540
608
669
709
736
777
853
955
1051
1115
1151
1176
1203
1232
1258
1277
1281
1266
1241
1219
1204
1172
1100
989
876
796
746
688
589
452
311
200
117
28
-97
-251
-395
-504
-587
-679
-796
-917
-1008
-1056
-1085
-1123
-1181
-1241
-1283
-1300
-1304
-1304
-1294
-1265
-1217
-1169
-1135
-1110
-1069
-1005
-930
-863
-799
-713
-597
-479
-394
-341
-284
-190
-69
40
116
172
234
308
381
440
491
546
612
684
748
795
832
874
936
1015
1097
1173
1235
1274
1274
1233
1174
1141
1153
1185
1189
1139
1057
981
924
855
739
582
435
346
314
285
201
51
-126
-285
-405
-503
-599
-699
-793
-873
-945
-1020
-1102
-1175
-1224
-1244
-1246
-1242
-1242
-1247
-1253
-1247
-1216
-1162
-1100
-1048
-998
-927
-827
-722
-649
-610
-572
-501
-397
-285
-179
-79
15
103
180
245
298
344
388
438
490
542
591
643
698
746
775
788
797
814
844
883
924
963
995
1010
1006
991
977
968
954
926
891
863
842
809
746
659
574
506
445
369
275
173
76
-18
-113
-214
-317
-418
-516
-611
-698
-776
-847
-916
-984
-1043
-1086
-1111
-1123
-1130
-1136
-1144
-1148
-1137
-1104
-1053
-1002
-954
-898
-826
-747
-680
-630
-582
-520
-435
-334
-231
-139
-60
16
94
170
237
297
360
423
478
521
565
618
671
709
725
733
753
792
841
881
902
912
928
959
989
988
954
914
899
910
919
899
846
774
699
628
555
477
396
320
252
180
93
-12
-121
-220
-315
-414
-516
-612
-692
-764
-837
-910
-974
-1028
-1074
-1112
-1129
-1116
-1084
-1060
-1058
-1063
-1048
-1004
-942
-885
-839
-793
-733
-655
-574
-506
-451
-388
-300
-192
-85
3
71
137
214
293
357
394
421
460
518
578
621
645
662
676
688
702
725
753
774
779
778
789
810
822
808
779
758
757
765
761
730
676
618
573
544
509
444
354
268
212
175
124
39
-64
-158
-234
-306
-386
-471
-543
-601
-653
-711
-773
-829
-872
-904
-928
-941
-936
-919
-907
-909
-915
-902
-866
-817
-773
-734
-685
-617
-539
-468
-415
-373
-327
-264
-188
-108
-33
33
96
161
227
290
340
375
401
434
482
532
565
580
594
626
669
695
690
673
684
737
809
856
849
794
724
677
666
677
675
641
594
561
546
512
423
292
178
131
140
144
97
3
-97
-177
-247
-331
-424
-500
-544
-569
-603
-660
-723
-769
-792
-803
-809
-802
-779
-752
-745
-765
-786
-778
-735
-675
-617
-562
-502
-437
-377
-336
-312
-283
-228
-147
-63
1
50
105
171
225
246
250
273
329
388
413
404
402
431
474
489
467
437
435
459
478
467
440
432
456
484
483
452
421
415
427
428
406
379
366
362
345
304
256
227
221
219
200
160
113
73
37
-2
-51
-105
-153
-185
-206
-226
-260
-308
-359
-403
-439
-471
-502
-527
-540
-540
-536
-540
-554
-568
-570
-559
-543
-526
-507
-478
-441
-405
-379
-361
-334
-289
-229
-171
-125
-88
-52
-11
34
80
125
168
207
243
273
292
304
315
329
345
361
378
399
422
435
432
415
395
382
380
386
395
403
406
403
392
371
342
310
282
265
254
242
225
198
165
132
103
77
48
9
-33
-70
-96
-120
-153
-193
-231
-259
-281
-306
-338
-377
-414
-442
-456
-452
-437
-425
-429
-447
-460
-457
-443
-434
-429
-414
-377
-328
-288
-269
-261
-242
-204
-154
-111
-78
-47
-7
40
81
109
130
157
190
217
225
223
231
257
287
300
294
285
288
301
305
291
271
264
268
270
259
246
244
251
250
230
195
167
158
166
173
168
149
125
109
100
92
74
51
31
21
16
8
-6
-28
-55
-87
-112
-125
-128
-133
-148
-171
-198
-228
-255
-274
-280
-280
-287
-304
-318
-313
-292
-276
-283
-303
-309
-289
-252
-221
-205
-197
-183
-157
-123
-87
-60
-46
-41
-28
1
42
78
99
110
123
143
159
161
153
148
161
190
219
235
232
221
215
217
219
212
198
190
196
207
206
187
162
143
134
129
124
122
123
119
104
82
66
64
69
65
49
31
19
8
-10
-33
-47
-45
-39
-47
-72
-98
-111
-114
-123
-145
-170
-183
-181
-177
-183
-197
-206
-202
-193
-191
-194
-192
-178
-157
-142
-138
-138
-133
-121
-106
-90
-72
-50
-30
-20
-17
-15
-9
1
13
29
50
72
85
88
88
91
100
106
107
107
110
117
122
126
130
134
132
120
104
94
91
91
88
84
85
93
102
101
87
67
50
41
40
43
45
43
39
34
26
14
-3
-20
-33
-38
-38
-38
-41
-51
-69
-91
-107
-110
-100
-85
-83
-99
-122
-134
-129
-114
-107
-115
-127
-128
-111
-88
-76
-84
-99
-103
-87
-61
-45
-46
-56
-59
-50
-37
-26
-19
-9
5
19
28
30
30
32
36
42
51
62
75
83
83
77
69
65
67
70
70
71
76
83
86
81
69
56
50
51
54
55
52
47
41
34
30
29
30
31
30
27
22
16
8
-1
-9
-17
-25
-29
-27
-24
-29
-43
-60
-69
-65
-54
-46
-47
-55
-66
-74
-74
-68
-60
-58
-61
-61
-53
-42
-39
-47
-55
-52
-40
-30
-29
-30
-24
-13
-9
-16
-24
-20
-4
12
20
23
28
36
42
40
34
30
33
41
52
62
69
69
63
54
47
44
41
38
