3
-1
-2
-2
-2
-1
1
4
6
7
5
2
-1
-4
-6
-6
-2
5
11
11
5
-3
-9
-9
-5
-2
2
8
14
18
19
15
9
4
3
2
0
-4
-7
-4
0
1
-3
-8
-8
0
7
11
11
9
8
5
-2
-10
-14
-11
-5
-1
0
1
4
6
3
-4
-10
-11
-10
-8
-6
-3
1
4
3
1
1
2
0
-5
-9
-7
-2
2
0
-4
-6
-5
-5
-9
-13
-14
-9
-3
-1
-4
-8
-9
-7
-5
-4
-5
-5
-2
5
14
20
18
10
0
-6
-5
0
4
5
2
-3
-8
-11
-12
-12
-9
-3
2
4
2
-3
-7
-9
-11
-16
-21
-21
-15
-5
1
2
1
2
6
7
4
-1
-4
-3
0
0
-5
-12
-17
-18
-16
-12
-6
-1
3
8
12
13
9
2
1
11
25
32
27
18
14
15
11
6
28
96
175
183
72
-97
-189
-126
21
95
26
-95
-125
-37
55
44
-42
-89
-46
22
31
-14
-41
-17
16
11
-20
-29
-1
32
40
30
21
18
10
1
3
13
15
3
-11
-11
-6
-13
-32
-47
-46
-35
-27
-26
-26
-24
-20
-16
-14
-13
-13
-11
-8
-6
-8
-12
-10
7
30
47
48
39
31
28
25
21
19
21
17
1
-23
-40
-42
-34
-26
-23
-23
-21
-17
-14
-14
-14
-11
-7
-8
-11
-9
5
26
40
40
30
27
48
105
199
296
326
225
-1
-238
-342
-265
-108
-31
-87
-185
-203
-131
-68
-86
-135
-110
7
126
163
137
124
143
130
32
-95
-129
-6
196
324
306
215
179
219
219
75
-148
-255
-141
65
119
-72
-348
-474
-396
-273
-267
-345
-335
-149
96
196
73
-160
-314
-296
-156
-7
71
75
61
87
164
232
221
125
26
11
90
191
236
197
98
-25
-138
-221
-273
-307
-319
-277
-146
49
207
215
70
-101
-149
-52
78
131
118
138
246
392
479
466
390
319
291
300
311
291
233
160
109
94
95
82
40
-15
-48
-23
63
177
263
287
259
218
186
166
154
157
183
229
274
288
254
177
83
2
-36
-9
80
185
234
185
53
-113
-276
-410
-484
-452
-311
-123
14
44
-4
-54
-51
1
71
136
195
244
266
242
177
101
37
-18
-88
-189
-309
-418
-485
-489
-424
-308
-174
-65
-6
-1
-33
-79
-120
-137
-118
-53
56
178
262
272
218
151
122
133
151
148
116
59
-27
-131
-217
-252
-237
-203
-175
-152
-128
-120
-144
-182
-186
-134
-64
-27
-35
-48
-34
-9
-15
-61
-109
-113
-64
3
43
31
-16
-62
-79
-78
-89
-119
-144
-143
-141
-180
-262
-325
-307
-219
-135
-118
-157
-192
-187
-160
-141
-129
-93
-32
14
1
-73
-163
-222
-223
-160
-49
73
156
168
119
49
0
-12
7
42
74
93
96
92
81
62
47
64
136
242
321
332
289
248
241
261
285
306
330
343
325
276
235
243
304
380
428
434
409
367
308
231
155
116
133
193
253
273
236
157
72
13
-10
-5
2
-4
-30
-69
-116
-168
-228
-301
-385
-464
-515
-525
-509
-496
-504
-527
-551
-575
-607
-641
-665
-682
-723
-821
-960
-1071
-1084
-992
-853
-748
-720
-752
-786
-771
-687
-555
-409
-271
-138
1
142
257
316
318
314
366
498
663
792
846
839
808
785
783
812
870
947
1027
1096
1141
1151
1123
1080
1075
1146
1281
1432
1560
1666
1770
1858
1885
1813
1667
1509
1381
1254
1065
784
449
137
-110
-317
-535
-787
-1039
-1241
-1371
-1458
-1547
-1661
-1788
-1903
-1996
-2076
-2142
-2169
-2132
-2035
-1909
-1784
-1662
-1537
-1413
-1292
-1153
-976
-775
-613
-543
-563
-624
-689
-752
-814
-845
-809
-709
-603
-547
-549
-581
-614
-635
-620
-522
-320
-64
142
212
155
55
16
72
195
335
476
615
732
794
824
917
1159
1537
2000
2592
3398
4303
4901
4858
4349
3956
4036
4331
4323
3860
3228
2683
2088
1158
-81
-1189
-1695
-1526
-1090
-977
-1523
-2586
-3651
-4224
-4175
-3775
-3389
-3151
-2941
-2644
-2336
-2177
-2160
-2048
-1595
-811
16
550
639
374
-31
-380
-581
-655
-700
-795
-961
-1185
-1484
-1876
-2298
-2598
-2643
-2437
-2109
-1801
-1605
-1556
-1620
-1672
-1547
-1161
-594
-25
405
662
776
771
686
595
604
755
979
1131
1091
817
392
-3
-148
104
802
1953
3487
5074
6065
5907
4740
3455
2955
3369
4063
4380
4202
3823
3419
2825
1799
416
-870
-1553
-1481
-966
-552
-665
-1390
-2489
-3529
-4110
-4047
-3439
-2558
-1678
-982
-574
-485
-640
-837
-846
-544
36
750
1402
1759
1632
1013
144
-622
-1052
-1157
-1102
-1074
-1197
-1524
-2014
-2525
-2892
-3014
-2882
-2525
-1993
-1408
-977
-852
-961
-1038
-867
-480
-72
229
449
631
740
733
659
586
503
341
124
-29
-52
-37
-125
-312
-433
-343
-89
133
158
-1
-206
-321
-296
-122
230
809
1594
2396
2884
2795
2202
1547
1297
1524
1889
2049
2016
2037
2201
2295
2071
1543
953
526
337
366
523
626
468
33
-423
-593
-442
-220
-189
-376
-631
-829
-952
-1016
-1009
-923
-795
-687
-613
-542
-461
-415
-456
-562
-632
-563
-355
-135
-59
-191
-450
-695
-842
-907
-937
-954
-946
-921
-905
-911
-914
-880
-796
-681
-570
-506
-528
-637
-766
-820
-766
-663
-586
-534
-442
-284
-121
-34
-29
-50
-50
-39
-34
-29
-14
-11
-64
-179
-307
-391
-431
-473
-545
-630
-711
-796
-875
-823
-442
346
1316
2016
2112
1697
1232
1148
1490
1947
2236
2384
2623
3046
3438
3474
3034
2302
1605
1181
1081
1174
1214
977
426
-235
-740
-996
-1118
-1245
-1392
-1502
-1546
-1517
-1387
-1154
-929
-846
-870
-786
-446
9
263
162
-138
-358
-371
-261
-186
-246
-440
-693
-894
-980
-992
-1024
-1101
-1145
-1070
-905
-787
-828
-979
-1066
-951
-687
-467
-428
-516
-565
-500
-412
-414
-483
-488
-371
-218
-136
-123
-111
-92
-132
-234
-295
-242
-144
-145
-266
-380
-393
-393
-532
-816
-1074
-1150
-1036
-776
-269
667
1962
3080
3351
2673
1772
1560
2210
3044
3368
3245
3255
3666
4061
3840
2860
1553
531
184
510
1098
1296
635
-736
-2106
-2814
-2830
-2650
-2646
-2654
-2276
-1468
-688
-451
-844
-1459
-1754
-1434
-608
304
835
793
396
63
38
203
302
261
239
359
502
395
-106
-858
-1536
-1869
-1815
-1582
-1442
-1502
-1636
-1648
-1482
-1257
-1099
-1007
-888
-678
-420
-225
-186
-307
-481
-544
-409
-166
0
-20
-160
-285
-330
-311
-244
-120
11
38
-112
-379
-643
-847
-1026
-1183
-1264
-1236
-1149
-1002
-618
290
1787
3452
4508
4395
3345
2358
2395
3472
4631
4898
4278
3629
3611
3912
3653
2428
781
-344
-469
99
612
426
-637
-2174
-3425
-3796
-3358
-2763
-2582
-2721
-2627
-1994
-1164
-729
-873
-1168
-992
-101
1176
2173
2375
1802
1011
624
803
1145
1159
771
326
111
6
-360
-1160
-2146
-2839
-2938
-2583
-2247
-2320
-2760
-3165
-3176
-2773
-2188
-1639
-1222
-955
-791
-631
-414
-201
-88
-33
123
445
745
745
372
-125
-396
-302
-14
185
164
-34
-318
-623
-884
-1050
-1125
-1176
-1213
-1150
-837
-104
1224
3102
4949
5779
5037
3405
2457
3202
5014
6257
5979
4789
3945
3871
3819
2941
1310
-193
-820
-561
-39
-52
-1126
-3124
-5114
-5946
-5253
-3870
-3048
-3250
-3801
-3744
-2806
-1513
-528
-63
196
755
1848
3156
3924
3620
2540
1670
1727
2433
2823
2297
1137
40
-667
-1159
-1700
-2317
-2916
-3442
-3857
-4116
-4297
-4615
-5097
-5363
-4922
-3784
-2576
-1950
-1943
-2044
-1793
-1190
-513
79
609
1076
1329
1266
995
734
582
505
493
585
716
665
265
-395
-1021
-1406
-1544
-1541
-1413
-1007
-21
1775
4142
6133
6580
5195
3212
2557
4054
6548
7981
7402
5696
4398
4035
3872
3029
1552
248
-230
7
255
-232
-1789
-4058
-6070
-6781
-5926
-4371
-3430
-3683
-4551
-4976
-4429
-3182
-1802
-578
579
1857
3238
4365
4732
4156
3141
2588
2991
3871
4222
3469
1967
484
-570
-1333
-2031
-2645
-3033
-3221
-3432
-3894
-4687
-5688
-6556
-6807
-6142
-4805
-3525
-2935
-3037
-3252
-3018
-2241
-1194
-149
784
1519
1905
1843
1442
955
598
467
566
814
1004
841
146
-912
-1859
-2240
-1983
-1366
-574
636
2596
4978
6591
6301
4299
2295
2156
4194
6859
8147
7384
5576
4162
3623
3386
2786
1837
1014
615
464
68
-1043
-2981
-5184
-6578
-6359
-4842
-3357
-3135
-4210
-5518
-5911
-5032
-3290
-1307
477
1845
2747
3298
3705
4109
4490
4790
5018
5236
5347
5054
4040
2337
466
-843
-1254
-1152
-1341
-2286
-3700
-4908
-5564
-5897
-6245
-6570
-6533
-5992
-5223
-4659
-4470
-4466
-4282
-3662
-2613
-1390
-336
346
696
904
1106
1271
1300
1164
967
847
820
729
367
-309
-1076
-1609
-1732
-1409
-512
1197
3630
5936
6822
5642
3305
1865
2832
5681
8141
8260
6200
3893
2961
3255
3439
2682
1381
424
135
78
-422
-1757
-3734
-5533
-6076
-4953
-3083
-2163
-3088
-5041
-6244
-5637
-3647
-1486
10
792
1265
1831
2680
3739
4725
5393
5768
6052
6188
5749
4393
2468
882
290
392
242
-834
-2595
-4193
-4998
-5097
-5028
-5177
-5517
-5801
-5880
-5763
-5541
-5274
-4929
-4363
-3486
-2467
-1685
-1358
-1266
-962
-237
677
1365
1591
1397
973
513
143
-104
-286
-525
-899
-1364
-1742
-1746
-1005
785
3495
6212
7496
6460
3876
1973
2654
5645
8541
8981
6794
3965
2534
2769
3367
3131
2050
897
192
-186
-671
-1642
-3192
-4895
-5778
-5084
-3291
-2080
-2762
-4850
-6400
-5906
-3616
-1059
442
677
351
369
1265
2981
4898
6218
6507
6027
5418
5070
4764
4033
2773
1465
666
372
-100
-1434
-3515
-5371
-6036
-5467
-4591
-4398
-5048
-5884
-6175
-5762
-5000
-4298
-3799
-3434
-3079
-2654
-2155
-1629
-1112
-564
72
731
1190
1220
832
320
37
92
240
82
-558
-1470
-2214
-2419
-1884
-469
1857
4606
6548
6398
4150
1665
1402
4141
7947
9736
8063
4437
1775
1637
3042
3924
3282
1769
478
-254
-803
-1575
-2650
-3844
-4691
-4606
-3512
-2380
-2567
-4357
-6288
-6438
-4347
-1471
315
385
-410
-823
-197
1385
3418
5304
6545
6928
6504
5491
4209
3154
2791
3097
3318
2540
560
-1840
-3614
-4313
-4237
-3917
-3737
-3931
-4602
-5543
-6192
-6070
-5239
-4249
-3604
-3409
-3491
-3619
-3527
-2938
-1822
-564
305
588
529
430
367
292
260
368
506
354
-278
-1208
-2024
-2383
-2091
-948
1183
3932
6140
6419
4396
1524
312
2262
6257
9182
8536
4770
948
-54
1888
4390
5041
3451
1004
-805
-1523
-1635
-1852
-2540
-3445
-3885
-3445
-2663
-2704
-4106
-5858
-6204
-4411
-1591
352
428
-744
-1712
-1364
414
2780
4579
5201
5056
5075
5652
6144
5647
4162
2767
2444
2909
2795
1118
-1613
-3805
-4293
-3384
-2492
-2807
-4290
-5830
-6270
-5388
-3996
-3175
-3368
-4124
-4621
-4400
-3612
-2695
-1929
-1345
-910
-647
-575
-597
-536
-294
71
422
595
434
-109
-873
-1518
-1801
-1729
-1287
-140
2020
4661
6273
5527
2786
287
462
3704
7670
9052
6562
2268
-260
672
3503
5256
4392
1727
-850
-2027
-1718
-830
-572
-1524
-3041
-3811
-3311
-2517
-2824
-4264
-5312
-4535
-2213
-35
580
-325
-1549
-1790
-493
1840
3955
4687
3931
2833
2823
4244
5998
6561
5421
3449
1977
1511
1427
777
-661
-2173
-2908
-2806
-2642
-3168
-4308
-5219
-5130
-4078
-2896
-2510
-3181
-4275
-4817
-4298
-3057
-1908
-1429
-1590
-1913
-1937
-1544
-963
-529
-366
-323
-226
-135
-289
-771
-1302
-1518
-1387
-1175
-925
-155
1654
4121
5782
5255
2837
765
1407
4827
8304
8696
5495
1426
-165
1561
4408
5528
3960
986
-1426
-2170
-1437
-321
-83
-1248
-3026
-3939
-3372
-2353
-2394
-3679
-4754
-4208
-2250
-451
-56
-874
-1666
-1368
135
2103
3512
3735
3028
2491
3227
5229
7062
7013
4764
1900
543
1365
2899
2940
678
-2491
-4327
-3911
-2465
-1971
-3100
-4664
-5075
-4066
-2847
-2713
-3755
-4923
-5102
-4065
-2556
-1602
-1691
-2427
-2904
-2495
-1397
-411
-152
-479
-730
-505
-92
-72
-575
-1156
-1370
-1233
-994
-552
613
2703
4910
5721
4262
1543
67
1725
5715
8816
8202
4284
472
-97
2457
5192
5427
3063
39
-1756
-1786
-744
152
-125
-1666
-3385
-3924
-3103
-2202
-2517
-3764
-4413
-3484
-1660
-435
-522
-1296
-1617
-837
830
2536
3368
3050
2324
2418
3874
5826
6687
5629
3438
1792
1712
2628
3002
1824
-451
-2388
-2953
-2446
-2080
-2684
-3877
-4551
-4113
-3124
-2682
-3256
-4266
-4728
-4226
-3185
-2349
-2108
-2293
-2461
-2306
-1856
-1369
-1049
-893
-744
-496
-244
-222
-552
-1093
-1497
-1506
-1171
-674
65
1386
3303
4963
5060
3175
725
145
2577
6257
7764
5426
1309
-714
1055
4534
6256
4809
1603
-1030
-1817
-956
426
947
-182
-2405
-4075
-4005
-2741
-1969
-2584
-3768
-4055
-3047
-1708
-1166
-1530
-1953
-1530
-114
1590
2592
2429
1621
1303
2294
4345
6261
6760
5441
3129
1329
1108
2245
3325
2883
686
-1971
-3411
-3103
-2089
-1827
-2709
-3852
-4240
-3799
-3268
-3267
-3722
-4138
-4143
-3718
-3123
-2689
-2602
-2727
-2679
-2214
-1525
-1063
-992
-980
-632
-56
200
-203
-939
-1384
-1300
-905
-335
656
2280
4089
4995
4133
1874
42
661
3904
7298
7693
4490
595
-391
2150
5349
5949
3398
-129
-2150
-1853
-195
1157
943
-900
-3080
-3950
-3093
-1799
-1624
-2672
-3610
-3359
-2268
-1510
-1648
-2125
-1985
-871
708
1878
2111
1608
1167
1615
3140
5024
6083
5598
3920
2228
1588
2175
3155
3324
2004
-335
-2357
-2960
-2297
-1603
-1919
-3061
-3988
-4004
-3416
-3020
-3206
-3706
-4018
-3888
-3415
-2889
-2566
-2514
-2573
-2516
-2285
-2019
-1805
-1526
-1047
-503
-234
-410
-795
-1009
-927
-711
-439
168
1494
3384
4828
4594
2514
219
102
3007
6873
8267
5735
1540
-405
1533
5094
6571
4492
686
-1921
-1941
-166
1542
1658
-110
-2600
-4013
-3494
-1994
-1253
-1974
-3216
-3634
-2920
-1891
-1405
-1526
-1614
-1057
148
1360
1819
1358
682
827
2186
4113
5478
5606
4620
3170
2016
1755
2449
3344
3217
1472
-1074
-2740
-2586
-1386
-838
-1813
-3536
-4523
-4122
-2997
-2273
-2496
-3360
-4165
-4355
-3813
-2897
-2179
-1975
-2112
-2188
-2033
-1779
-1538
-1204
-679
-175
-94
-555
-1179
-1429
-1150
-636
-123
636
2015
3694
4500
3484
1308
178
1855
5541
8105
6920
2671
-978
-832
2699
6073
6100
2832
-913
-2392
-1154
1095
2207
1189
-1268
-3425
-3848
-2607
-1217
-1180
-2465
-3678
-3656
-2650
-1780
-1681
-1919
-1672
-646
671
1468
1336
710
588
1627
3445
4906
5176
4411
3440
2928
2946
3141
3113
2564
1416
-30
-1138
-1447
-1194
-1170
-1900
-3062
-3821
-3718
-3079
-2584
-2642
-3187
-3880
-4323
-4201
-3487
-2591
-2097
-2220
-2590
-2677
-2338
-1825
-1342
-854
-377
-200
-559
-1215
-1570
-1316
-763
-380
-101
641
2110
3610
3910
2547
717
545
3027
6563
7992
5680
1543
-535
1389
5269
7153
5135
953
-2025
-1953
279
2277
2212
58
-2614
-3944
-3285
-1703
-940
-1713
-3156
-3876
-3409
-2454
-1901
-1881
-1856
-1334
-396
418
668
491
546
1391
2881
4223
4728
4432
3941
3704
3636
3439
3100
2794
2424
1585
200
-1085
-1482
-1056
-798
-1542
-2957
-3896
-3677
-2772
-2213
-2523
-3374
-4076
-4170
-3611
-2726
-2060
-2055
-2627
-3157
-3041
-2258
-1313
-701
-547
-696
-943
-1134
-1162
-1024
-851
-764
-632
-75
1198
2898
4052
3667
1851
255
859
3815
6657
6436
2941
-612
-697
2784
6307
6364
2903
-959
-2216
-589
1793
2622
1195
-1434
-3470
-3711
-2410
-1058
-1048
-2381
-3712
-3834
-2906
-2062
-1961
-2164
-1869
-958
-60
238
11
-90
594
2124
3766
4523
4066
3132
2793
3351
4079
4101
3256
2088
1153
607
303
56
-332
-1057
-2095
-3025
-3332
-2965
-2472
-2468
-3030
-3721
-4117
-4139
-3896
-3471
-2970
-2648
-2719
-3031
-3104
-2614
-1722
-909
-527
-598
-923
-1235
-1252
-857
-297
-48
-307
-629
-213
1292
3229
4251
3453
1492
420
1879
5134
7292
6041
2284
-453
448
3947
6431
5412
1850
-1139
-1413
485
2306
2252
284
-2128
-3291
-2641
-1175
-529
-1431
-2990
-3720
-3137
-2141
-1793
-2100
-2185
-1499
-446
189
149
-75
216
1285
2760
3930
4275
3863
3274
3082
3359
3697
3630
3009
1999
925
128
-167
-93
-161
-844
-2019
-2982
-3116
-2530
-1965
-2060
-2792
-3603
-3958
-3734
-3176
-2636
-2384
-2502
-2812
-2957
-2695
-2118
-1534
-1149
-966
-954
-1126
-1338
-1282
-830
-318
-240
-584
-629
383
2317
3959
3974
2289
559
902
3745
6907
7370
4414
734
-109
2549
5742
6036
3049
-489
-1750
-382
1715
2433
1097
-1342
-3220
-3402
-2146
-878
-914
-2174
-3368
-3438
-2651
-2077
-2217
-2466
-2024
-934
-19
112
-270
-308
581
2172
3600
4039
3420
2545
2392
3163
4078
4155
3183
1813
855
589
717
727
244
-761
-1890
-2551
-2452
-1943
-1732
-2178
-2972
-3559
-3722
-3639
-3467
-3153
-2724
-2488
-2697
-3104
-3110
-2411
-1373
-645
-539
-856
-1189
-1238
-940
-467
-171
-353
-908
-1220
-584
1138
3178
4237
3498
1548
257
1274
4256
6720
6249
3079
196
410
3377
5901
5287
2060
-838
-1208
470
2016
1849
128
-1853
-2886
-2632
-1717
-1182
-1581
-2512
-3081
-2907
-2460
-2355
-2523
-2365
-1576
-581
-44
-128
-342
-37
1027
2488
3622
3900
3455
3004
3135
3691
3985
3634
2934
2342
1832
1082
139
-497
-600
-660
-1302
-2385
-3079
-2863
-2167
-1887
-2425
-3376
-4042
-4034
-3437
-2656
-2182
-2307
-2843
-3182
-2824
-1908
-1080
-827
-1031
-1231
-1180
-995
-833
-700
-597
-652
-895
-950
-207
1493
3362
4075
2967
966
139
1844
5103
7091
5768
2187
-247
789
4011
5865
4316
854
-1370
-857
1102
2193
1336
-731
-2468
-2861
-2072
-1151
-1088
-1959
-2914
-3142
-2705
-2317
-2358
-2424
-1901
-823
94
235
-248
-564
35
1586
3276
4021
3431
2322
2069
3206
4720
4999
3521
1456
443
927
1824
1777
499
-1130
-2083
-2115
-1769
-1676
-1993
-2462
-2838
-3105
-3328
-3442
-3288
-2859
-2392
-2204
-2420
-2804
-2893
-2384
-1458
-711
-640
-1153
-1615
-1452
-691
63
191
-384
-1148
-1397
-700
839
2576
3586
3203
1701
455
1031
3610
6307
6600
3942
717
42
2460
5296
5496
2783
-351
-1407
-172
1615
2191
1126
-742
-2187
-2475
-1821
-1152
-1286
-2136
-2872
-2882
-2438
-2230
-2414
-2391
-1689
-679
-178
-432
-792
-407
896
2481
3464
3369
2490
1752
2025
3275
4446
4387
3000
1336
561
871
1460
1375
365
-1029
-2031
-2280
-2027
-1804
-1948
-2388
-2852
-3181
-3392
-3491
-3376
-2991
-2539
-2376
-2630
-2978
-2906
-2194
-1188
-523
-583
-1153
-1597
-1404
-654
53
146
-396
-1013
-1003
-37
1617
3165
3649
2636
858
17
1378
4252
6181
5198
2027
-336
396
3397
5547
4653
1551
-989
-1131
517
1931
1706
68
-1691
-2436
-2019
-1245
-1080
-1732
-2539
-2762
-2409
-2101
-2200
-2314
-1867
-897
-103
-69
-590
-825
-107
1440
2959
3533
2964
2012
1797
2747
4106
4575
3589
1874
719
715
1307
1481
765
-491
-1586
-2094
-2064
-1841
-1765
-1971
-2381
-2835
-3211
-3431
-3402
-3062
-2544
-2197
-2313
-2779
-3078
-2716
-1743
-769
-437
-834
-1423
-1548
-1031
-281
94
-184
-827
-1196
-771
493
2114
3285
3268
1974
396
182
2156
5055
6261
4369
981
-633
1077
4217
5447
3486
240
-1456
-671
1153
2030
1237
-483
-1872
-2181
-1594
-969
-1054
-1816
-2524
-2593
-2213
-2008
-2161
-2186
-1590
-601
24
-139
-670
-707
247
1856
3191
3468
2720
1854
1910
3064
4338
4463
3110
1269
300
653
1510
1664
649
-935
-2084
-2290
-1874
-1555
-1767
-2369
-2928
-3195
-3249
-3235
-3111
-2767
-2313
-2096
-2316
-2715
-2745
-2126
-1155
-476
-512
-1088
-1582
-1464
-744
20
212
-288
-983
-1160
-412
1078
2630
3403
2876
1343
42
429
2768
5377
5808
3369
248
-467
1899
4772
5076
2465
-569
-1506
-180
1580
2018
864
-881
-2020
-2046
-1367
-883
-1187
-2013
-2579
-2479
-2092
-2002
-2197
-2082
-1328
-373
42
-276
-735
-528
604
2134
3175
3161
2334
1620
1888
3114
4262
4144
2579
672
-142
538
1688
1811
384
-1651
-2800
-2451
-1367
-828
-1384
-2489
-3227
-3244
-2899
-2676
-2649
-2566
-2336
-2218
-2438
-2772
-2698
-1966
-966
-394
-603
-1280
-1711
-1371
-411
424
410
-472
-1451
-1579
-499
1330
2955
3460
2511
777
-198
883
3638
5866
5446
2620
55
220
2796
5001
4524
1798
-706
-1111
274
1709
1832
629
-942
-1879
-1822
-1210
-871
-1249
-2008
-2424
-2238
-1904
-1923
-2118
-1865
-956
0
224
-315
-794
-366
1014
2561
3333
2999
2063
1471
1856
2989
3903
3703
2373
838
160
611
1444
1584
562
-1088
-2324
-2492
-1848
-1248
-1340
-2058
-2829
-3155
-2963
-2519
-2121
-1940
-2002
-2225
-2439
-2427
-2039
-1360
-718
-486
-761
-1226
-1383
-984
-250
268
133
-584
-1313
-1388
-515
1028
2518
3124
2379
722
-443
277
2768
5023
4812
2090
-601
-581
2130
4784
4785
2268
-348
-990
247
1694
1931
839
-687
-1625
-1561
-910
-549
-1007
-1890
-2337
-2032
-1582
-1676
-2139
-2111
-1201
-78
268
-319
-956
-628
812
2511
3367
2925
1777
1117
1723
3180
4184
3732
2098
550
151
840
1606
1440
170
-1461
-2444
-2350
-1632
-1166
-1461
-2275
-2953
-3080
-2772
-2425
-2285
-2297
-2311
-2290
-2266
-2184
-1905
-1395
-869
-640
-817
-1149
-1192
-713
14
389
44
-760
-1333
-1175
-348
756
1773
2385
2230
1241
162
273
2076
4326
4925
3107
516
-332
1347
3779
4515
2886
445
-795
-234
1093
1757
1174
-166
-1299
-1581
-1127
-634
-721
-1341
-1869
-1851
-1532
-1489
-1814
-1953
-1419
-493
22
-266
-839
-770
351
1976
3031
2838
1730
835
1122
2501
3819
3869
2480
692
-184
309
1420
1885
1002
-786
-2272
-2516
-1660
-762
-782
-1727
-2780
-3163
-2811
-2249
-1972
-2052
-2242
-2325
-2274
-2128
-1852
-1412
-925
-649
-727
-995
-1097
-816
-285
99
18
-473
-977
-1069
-613
203
1098
1840
2162
1808
906
258
830
2626
4241
4047
1997
-21
-8
2018
3982
3919
1928
-126
-627
364
1530
1716
811
-462
-1285
-1330
-910
-660
-932
-1503
-1861
-1827
-1704
-1795
-1912
-1606
-818
-104
-64
-594
-859
-136
1396
2733
2943
2036
978
854
1894
3243
3675
2700
1034
-28
202
1187
1695
967
-615
-1941
-2208
-1576
-911
-948
-1678
-2485
-2790
-2528
-2078
-1845
-1927
-2130
-2206
-2080
-1869
-1688
-1489
-1155
-735
-478
-560
-828
-923
-658
-221
11
-160
-571
-865
-804
-412
169
859
1565
1986
1762
1005
530
1193
2805
3980
3441
1510
14
454
2390
3858
3401
1472
-186
-353
679
1685
1733
817
-398
-1183
-1232
-809
-505
-699
-1239
-1674
-1776
-1711
-1676
-1552
-1131
-542
-234
-430
-760
-576
341
1502
2141
1894
1131
653
1022
2022
2777
2503
1293
87
-193
460
1172
1068
87
-1065
-1649
-1523
-1125
-993
-1311
-1819
-2107
-1995
-1679
-1508
-1624
-1838
-1873
-1691
-1499
-1467
-1514
-1412
-1080
-704
-550
-694
-936
-982
-732
-382
-239
-420
-742
-930
-867
-615
-244
262
868
1333
1348
928
604
1025
2193
3227
3138
1941
810
926
2206
3355
3215
1918
641
360
993
1683
1688
948
-26
-633
-629
-268
-77
-384
-1031
-1549
-1650
-1455
-1254
-1128
-959
-696
-454
-303
-114
265
749
1065
1062
881
804
986
1342
1628
1622
1263
720
274
116
189
240
43
-399
-874
-1155
-1211
-1201
-1292
-1498
-1684
-1737
-1680
-1617
-1586
-1520
-1350
-1126
-984
-1000
-1099
-1122
-971
-692
-438
-353
-468
-682
-824
-801
-680
-637
-774
-999
-1109
-984
-662
-227
301
873
1268
1215
781
536
1076
2276
3184
2921
1703
772
1141
2489
3448
3040
1655
570
616
1442
2029
1716
701
-301
-721
-527
-164
-145
-624
-1280
-1629
-1497
-1153
-971
-1010
-1024
-812
-446
-133
44
178
379
653
918
1057
1015
860
766
834
956
889
545
108
-141
-131
-62
-191
-567
-1011
-1302
-1367
-1313
-1300
-1391
-1507
-1536
-1466
-1385
-1352
-1326
-1233
-1072
-908
-792
-720
-657
-574
-471
-398
-421
-533
-627
-592
-462
-410
-552
-800
-946
-881
-708
-603
-594
-510
-165
414
950
1147
999
864
1163
1924
2667
2821
2314
1699
1608
2099
2618
2600
2045
1448
1232
1338
1392
1145
696
322
175
151
25
-320
-770
-1062
-1047
-854
-774
-922
-1089
-956
-485
-7
117
-99
-253
21
634
1082
947
345
-156
-106
376
731
542
-62
-568
-620
-351
-205
-459
-964
-1342
-1378
-1185
-1034
-1075
-1240
-1364
-1346
-1210
-1052
-936
-843
-729
-606
-552
-601
-667
-615
-430
-253
-234
-369
-523
-591
-583
-569
-579
-599
-598
-522
-338
-117
-49
-234
-464
-304
434
1352
1732
1255
434
192
937
2107
2697
2255
1313
827
1232
2076
2530
2191
1385
774
721
1026
1206
977
466
11
-187
-210
-254
-381
-483
-455
-347
-320
-441
-586
-552
-276
73
219
41
-297
-473
-300
81
330
230
-108
-363
-334
-119
17
-83
-342
-571
-669
-678
-689
-736
-797
-862
-959
-1086
-1161
-1069
-785
-453
-299
-433
-735
-928
-814
-452
-125
-109
-435
-846
-1002
-773
-361
-124
-254
-612
-877
-854
-626
-421
-371
-437
-509
-531
-501
-400
-179
155
501
734
826
872
1010
1298
1673
1989
2124
2073
1959
1932
2026
2134
2119
1948
1696
1463
1290
1160
1037
881
665
403
156
-6
-67
-92
-175
-364
-607
-790
-825
-730
-609
-560
-588
-621
-597
-527
-455
-398
-346
-302
-300
-352
-411
-409
-334
-257
-280
-431
-632
-757
-734
-598
-472
-480
-661
-909
-1029
-889
-572
-337
-395
-694
-956
-943
-672
-383
-303
-455
-672
-761
-650
-421
-232
-208
-353
-550
-647
-573
-381
-202
-136
-198
-330
-428
-397
-211
47
227
252
196
229
456
829
1193
1408
1446
1391
1384
1522
1770
1973
1980
1786
1546
1425
1450
1503
1452
1265
1023
824
699
599
454
253
54
-87
-177
-270
-400
-544
-659
-733
-782
-817
-817
-764
-679
-618
-620
-670
-710
-688
-590
-446
-322
-290
-372
-502
-562
-491
-345
-252
-291
-435
-575
-609
-509
-345
-239
-277
-438
-615
-701
-667
-564
-476
-468
-556
-690
-778
-743
-592
-433
-385
-467
-572
-567
-421
-227
-97
-65
-81
-86
-59
-5
75
176
268
312
307
316
420
634
873
1018
1025
969
977
1110
1311
1456
1471
1380
1271
1208
1195
1204
1202
1157
1039
857
678
576
550
508
367
153
-28
-114
-149
-220
-352
-493
-592
-661
-735
-805
-815
-738
-627
-586
-659
-778
-808
-669
-424
-235
-230
-379
-518
-495
-319
-147
-125
-249
-385
-419
-361
-305
-316
-372
-420
-444
-474
-531
-589
-598
-548
-488
-485
-555
-633
-625
-510
-371
-331
-421
-539
-534
-361
-135
-33
-116
-265
-287
-112
133
260
207
97
105
275
493
608
587
521
520
612
750
881
982
1031
1001
896
782
746
807
896
928
877
789
717
681
674
671
639
548
416
297
221
156
54
-65
-134
-125
-103
-145
-238
-289
-250
-194
-228
-359
-463
-414
-232
-76
-99
-303
-526
-586
-434
-196
-63
-122
-282
-375
-326
-216
-172
-224
-293
-301
-267
-268
-349
-473
-579
-641
-674
-688
-670
-609
-539
-516
-569
-660
-706
-650
-506
-355
-276
-292
-355
-384
-323
-180
-19
84
103
80
89
168
296
416
497
550
601
653
688
694
682
667
653
627
583
540
524
540
558
546
500
453
432
433
432
426
425
422
378
265
114
17
44
167
261
214
36
-144
-187
-81
56
80
-47
-223
-297
-198
-7
109
53
-110
-224
-196
-91
-41
-88
-151
-141
-82
-79
-171
-271
-266
-160
-78
-130
-293
-440
-476
-425
-384
-428
-545
-655
-690
-640
-563
-527
-556
-615
-635
-572
-448
-340
-322
-386
-440
-389
-233
-77
-27
-72
-91
16
208
350
351
272
256
380
571
681
631
485
380
399
510
617
649
600
517
452
427
424
408
363
311
284
291
306
289
222
122
33
-9
7
55
95
96
53
-10
-46
-23
39
72
26
-66
-112
-61
39
85
30
-70
-123
-93
-24
19
8
-33
-68
-80
-74
-63
-53
-44
-50
-99
-205
-337
-426
-421
-334
-240
-218
-292
-422
-536
-583
-553
-478
-414
-398
-425
-451
-446
-426
-431
-463
-468
-402
-286
-194
-165
-161
-115
-3
127
207
222
213
235
301
372
402
379
340
332
373
440
489
493
458
412
385
386
391
373
329
283
254
228
175
93
34
51
138
224
223
124
0
-52
4
112
174
130
8
-97
-102
-15
71
65
-22
-94
-76
0
38
-3
-67
-70
-3
62
58
-8
-69
-70
-18
33
25
-48
-141
-196
-200
-186
-200
-239
-270
-275
-283
-327
-392
-423
-389
-328
-314
-374
-448
-458
-388
-297
-252
-268
-312
-339
-322
-250
-138
-34
12
-2
-19
26
136
245
286
257
217
223
275
326
334
301
257
233
243
281
324
343
312
245
193
207
274
323
286
174
74
68
150
237
237
138
9
-62
-37
40
93
74
3
-55
-53
-3
38
28
-18
-51
-52
-47
-65
-87
-73
-18
25
3
-62
-95
-51
28
58
4
-88
-143
-138
-109
-108
-145
-193
-221
-229
-241
-271
-297
-284
-223
-160
-161
-238
-329
-345
-263
-151
-101
-138
-201
-216
-164
-88
-40
-35
-45
-29
32
117
174
163
102
54
68
134
196
217
211
214
237
249
223
177
158
191
250
284
265
215
175
173
200
230
235
207
162
129
127
141
137
102
62
56
86
107
77
3
-61
-73
-42
-15
-21
-43
-51
-42
-43
-70
-102
-104
-65
-14
14
6
-26
-59
-76
-69
-45
-28
-46
-96
-137
-136
-107
-98
-137
-203
-248
-254
-236
-215
-204
-214
-258
-316
-334
-269
-155
-91
-139
-246
-287
-196
-41
49
14
-89
-154
-125
-32
62
120
146
156
154
139
115
104
125
172
208
199
150
107
114
166
211
206
158
113
109
147
197
223
205
143
66
21
36
90
124
94
14
-56
-72
-40
-1
10
-11
-44
-70
-79
-75
-71
-76
-89
-97
-90
-75
-67
-64
-52
-25
2
9
-4
-10
14
61
98
92
38
-37
-93
-104
-74
-40
-43
-88
-140
-157
-132
-106
-124
-187
-240
-225
-142
-61
-59
-142
-232
-236
-135
-5
58
21
-58
-88
-28
83
169
183
139
89
74
96
127
138
121
100
105
142
185
201
180
143
124
134
161
174
161
137
130
142
145
110
51
21
53
129
180
149
41
-75
-122
-74
28
105
104
27
-75
-140
-138
-85
-27
-4
-23
-58
-85
-93
-88
-77
-64
-54
-58
-81
-113
-129
-114
-73
-36
-36
-83
-148
-183
-157
-93
-56
-92
-185
-261
-260
-192
-129
-131
-190
-239
-221
-144
-70
-56
-99
-138
-119
-43
34
59
28
-13
-14
29
78
96
78
59
70
114
162
182
164
127
107
127
172
206
202
171
152
162
178
163
111
67
80
148
212
207
130
43
18
70
138
143
54
-74
-146
-109
4
97
97
10
-87
-121
-82
-18
22
26
3
-35
-79
-109
-97
-40
26
51
17
-42
-70
-38
33
92
95
41
-35
-86
-83
-37
5
-4
-72
-159
-206
-187
-136
-109
-129
-163
-166
-134
-106
-123
-169
-194
-162
-100
-62
-77
-113
-112
-52
27
67
44
-2
-11
46
135
193
183
127
81
84
132
186
213
201
159
109
77
84
128
182
206
182
119
52
15
20
52
76
66
27
-8
