-2
-3
0
3
6
7
6
5
3
0
-3
-6
-6
-5
-4
-3
-3
-3
-3
-3
-3
-2
-1
0
-1
-2
0
3
4
0
-7
-11
-11
-9
-8
-9
-6
-2
2
2
-3
-7
-7
-6
-4
-4
-4
-3
-4
-4
-2
1
4
6
6
4
3
3
4
4
0
-5
-8
-6
0
3
3
2
5
9
8
1
-7
-10
-9
-10
-13
-14
-8
7
34
70
99
90
27
-64
-122
-106
-43
-3
-23
-66
-70
-26
12
0
-43
-60
-29
15
26
4
-20
-24
-17
-12
-7
5
21
29
28
22
18
14
10
15
34
57
75
92
129
180
208
166
61
-42
-77
-49
-17
-30
-73
-92
-65
-19
14
35
55
60
18
-68
-143
-151
-106
-72
-95
-148
-174
-157
-127
-115
-112
-94
-60
-39
-44
-59
-65
-62
-65
-70
-60
-30
2
20
32
63
116
166
180
144
84
43
46
75
81
34
-40
-90
-94
-84
-97
-125
-126
-74
1
50
55
43
48
80
121
154
167
156
132
120
142
198
277
370
468
537
524
410
242
96
6
-57
-125
-184
-201
-186
-190
-240
-297
-291
-202
-70
60
178
289
369
368
274
145
79
125
246
351
372
304
181
42
-89
-187
-237
-244
-249
-299
-408
-554
-699
-811
-864
-850
-785
-701
-617
-527
-430
-347
-297
-264
-204
-101
7
69
73
49
33
32
35
35
28
18
11
18
31
17
-47
-138
-192
-174
-114
-70
-61
-49
6
91
157
166
125
70
28
14
33
87
168
261
355
437
476
432
292
109
-15
-17
74
166
207
217
237
264
256
194
109
48
22
4
-31
-78
-107
-88
-14
89
177
220
219
191
148
98
73
115
235
374
437
374
222
77
15
43
113
174
198
187
145
87
41
40
82
130
148
141
142
153
133
48
-76
-166
-183
-162
-173
-236
-307
-325
-274
-186
-98
-23
33
55
22
-71
-197
-315
-395
-428
-424
-395
-350
-294
-227
-153
-76
-1
58
80
48
-26
-105
-149
-143
-106
-69
-42
-21
2
22
29
21
10
11
18
13
-15
-45
-45
-11
19
3
-57
-113
-121
-84
-38
-6
19
47
62
31
-49
-138
-188
-186
-160
-137
-123
-106
-89
-95
-131
-173
-183
-149
-103
-84
-97
-108
-87
-43
-13
-19
-40
-41
-22
-26
-86
-179
-233
-198
-98
-7
27
19
22
58
96
96
59
20
16
47
83
96
84
66
63
83
117
154
185
204
206
188
159
134
112
86
57
53
100
179
226
198
120
60
54
73
73
46
30
44
56
17
-77
-167
-193
-154
-107
-95
-103
-85
-34
4
-19
-86
-131
-103
-25
35
35
-14
-79
-139
-190
-220
-208
-165
-137
-158
-215
-259
-262
-238
-216
-204
-193
-179
-172
-179
-190
-185
-149
-81
9
92
136
123
69
14
-10
2
37
88
153
219
252
225
156
107
127
213
314
385
417
418
388
319
224
153
146
199
259
278
256
229
225
236
238
227
226
251
283
273
187
43
-92
-155
-131
-62
-16
-31
-91
-136
-123
-69
-39
-81
-175
-254
-268
-235
-214
-243
-302
-339
-320
-267
-231
-248
-310
-381
-435
-465
-474
-449
-375
-269
-176
-135
-139
-144
-117
-73
-47
-54
-62
-24
69
173
226
211
163
134
147
185
219
230
217
200
204
246
302
325
285
208
157
163
204
238
249
248
252
258
257
247
227
198
170
152
142
119
70
15
0
47
121
160
141
99
79
75
45
-19
-67
-56
-9
9
-23
-67
-75
-54
-42
-59
-87
-109
-124
-135
-129
-101
-71
-67
-92
-122
-137
-147
-167
-200
-237
-263
-269
-244
-194
-143
-122
-142
-183
-208
-196
-165
-148
-164
-197
-215
-201
-169
-150
-162
-192
-209
-195
-158
-126
-113
-118
-136
-157
-164
-138
-83
-37
-35
-70
-93
-72
-25
5
-1
-24
-39
-40
-34
-23
-4
13
14
6
19
72
143
185
180
151
135
140
149
152
160
180
199
203
200
213
248
286
302
294
284
287
300
305
295
273
251
243
258
290
314
307
268
218
180
156
139
131
134
134
115
73
26
-9
-32
-55
-81
-93
-81
-51
-25
-24
-50
-91
-130
-159
-182
-205
-230
-248
-250
-238
-225
-229
-254
-285
-304
-300
-277
-245
-215
-194
-187
-201
-229
-252
-246
-207
-161
-137
-138
-136
-102
-41
14
34
13
-26
-50
-38
1
34
33
2
-24
-11
34
76
87
74
62
67
83
98
108
117
123
119
104
89
98
139
192
225
219
194
189
218
259
269
244
217
223
259
288
279
242
206
195
204
212
198
158
106
67
57
67
69
38
-18
-76
-114
-130
-134
-131
-125
-124
-138
-173
-221
-259
-272
-261
-241
-229
-231
-243
-254
-258
-258
-264
-286
-321
-346
-335
-277
-194
-132
-123
-159
-195
-189
-129
-50
-4
-16
-62
-93
-78
-32
6
13
-2
-21
-29
-21
6
53
107
142
137
97
54
35
42
53
46
25
10
27
81
152
208
222
195
150
122
140
209
294
337
305
228
187
229
318
369
341
281
261
304
376
433
453
422
345
283
345
571
813
806
416
-163
-515
-352
210
737
825
387
-353
-1059
-1434
-1312
-766
-157
66
-258
-832
-1181
-1092
-738
-403
-203
-96
-67
-159
-338
-459
-405
-233
-102
-79
-67
62
316
560
614
363
-142
-638
-777
-417
172
480
225
-365
-793
-783
-490
-221
-89
1
102
115
-44
-288
-428
-373
-187
21
187
265
212
39
-142
-205
-133
-5
122
267
435
549
513
350
213
242
451
737
976
1096
1082
967
824
729
718
762
800
791
729
629
493
330
166
41
-19
-15
23
45
4
-88
-145
-110
-79
-251
-700
-1218
-1472
-1341
-1059
-991
-1267
-1681
-1907
-1787
-1414
-992
-669
-488
-432
-460
-506
-502
-414
-251
-54
127
236
253
216
193
212
253
298
363
436
433
285
62
-66
-21
80
76
-30
-92
-26
73
78
-6
-79
-108
-149
-218
-222
-86
137
335
499
733
1085
1436
1594
1498
1288
1190
1336
1668
1968
2011
1735
1306
995
940
1033
1049
874
598
392
324
287
109
-288
-786
-1135
-1151
-905
-692
-779
-1172
-1618
-1842
-1752
-1459
-1149
-962
-946
-1057
-1185
-1231
-1173
-1060
-940
-812
-676
-598
-661
-832
-947
-861
-611
-367
-245
-220
-215
-211
-233
-275
-306
-311
-282
-199
-54
94
151
76
-75
-209
-252
-169
15
187
191
-39
-364
-532
-390
9
536
1146
1828
2386
2467
1920
1127
780
1264
2280
3113
3238
2659
1784
1074
758
747
776
665
472
357
314
116
-437
-1235
-1889
-2040
-1647
-995
-458
-264
-397
-657
-808
-711
-396
-5
316
490
509
379
123
-185
-407
-426
-260
-99
-158
-497
-965
-1343
-1533
-1594
-1631
-1678
-1718
-1759
-1853
-2017
-2172
-2194
-2011
-1644
-1185
-750
-460
-394
-509
-616
-515
-170
241
494
507
367
185
2
-173
-287
-286
-152
167
841
1977
3288
4066
3729
2481
1331
1315
2579
4227
5055
4520
3088
1743
1170
1326
1648
1606
1091
395
-123
-399
-723
-1418
-2406
-3170
-3196
-2522
-1764
-1584
-2082
-2750
-2903
-2200
-829
648
1632
1844
1502
1137
1152
1539
1993
2262
2287
2107
1707
1082
337
-312
-711
-890
-1051
-1397
-1981
-2675
-3287
-3705
-3947
-4088
-4144
-4053
-3765
-3355
-2999
-2809
-2694
-2427
-1866
-1131
-492
-135
-13
59
194
342
396
324
211
178
357
935
2104
3805
5471
6193
5382
3444
1726
1603
3314
5623
6711
5679
3297
1278
745
1402
2055
1821
762
-440
-1229
-1643
-2137
-3047
-4117
-4667
-4262
-3258
-2555
-2784
-3695
-4408
-4158
-2812
-807
1236
2786
3496
3313
2614
2103
2374
3417
4591
5077
4510
3172
1743
770
329
75
-357
-1027
-1730
-2344
-3008
-3914
-4985
-5854
-6178
-5930
-5403
-4972
-4852
-4960
-5004
-4676
-3878
-2775
-1703
-935
-522
-298
-68
224
483
635
699
762
964
1557
2850
4856
6946
7976
7109
4710
2466
2207
4285
7003
7966
6176
2886
330
-241
636
1511
1348
155
-1340
-2411
-2875
-3169
-3824
-4823
-5457
-5041
-3768
-2739
-2911
-4123
-5162
-4849
-2985
-323
2138
3722
4208
3783
3032
2796
3641
5330
6807
6962
5504
3255
1475
879
1133
1300
709
-542
-1879
-2897
-3666
-4488
-5453
-6290
-6628
-6369
-5830
-5508
-5642
-5981
-5959
-5199
-3853
-2504
-1651
-1351
-1258
-989
-420
287
899
1286
1452
1469
1473
1793
2919
5052
7507
8789
7713
4774
2203
2229
4936
7938
8402
5649
1708
-665
-465
1021
1784
926
-957
-2691
-3569
-3744
-3908
-4631
-5720
-6292
-5634
-4123
-3051
-3404
-4772
-5688
-4967
-2668
181
2544
3993
4631
4725
4548
4389
4598
5395
6577
7369
6890
4940
2427
712
443
952
960
-207
-2066
-3620
-4400
-4792
-5414
-6346
-7090
-7173
-6677
-6114
-5931
-6129
-6304
-5937
-4806
-3184
-1719
-924
-775
-769
-448
220
897
1280
1350
1347
1666
2735
4744
7224
8977
8755
6427
3517
2347
4096
7486
9539
8145
4050
226
-897
489
2130
2052
140
-2244
-3740
-4047
-3852
-4068
-4973
-5972
-6130
-5176
-3911
-3538
-4401
-5575
-5681
-4144
-1584
863
2462
3202
3548
4038
4938
6082
6937
7056
6463
5623
4921
4342
3630
2703
1688
678
-423
-1668
-2869
-3766
-4356
-4924
-5704
-6586
-7223
-7397
-7186
-6846
-6550
-6291
-5919
-5292
-4370
-3321
-2397
-1729
-1203
-630
9
529
792
863
942
1300
2301
4263
6950
9227
9564
7383
4004
2048
3323
6995
9937
9376
5425
1014
-841
363
2537
3202
1557
-1282
-3577
-4390
-4065
-3702
-4097
-5095
-5815
-5616
-4792
-4308
-4738
-5626
-5845
-4684
-2459
-144
1529
2509
3183
3848
4493
4995
5369
5798
6357
6759
6453
5192
3449
2141
1725
1701
1100
-445
-2321
-3601
-4006
-4105
-4638
-5772
-7004
-7680
-7546
-6896
-6263
-5992
-5964
-5764
-5061
-3951
-2835
-2046
-1555
-1085
-429
304
808
908
818
1104
2344
4672
7445
9362
9177
6786
3759
2523
4355
7936
10111
8644
4370
510
-333
1578
3699
3761
1559
-1378
-3398
-3928
-3573
-3438
-4182
-5477
-6267
-5876
-4818
-4346
-5013
-5995
-5924
-4338
-2052
-228
693
1136
1792
3010
4565
5837
6261
5838
5192
5008
5300
5425
4811
3599
2388
1515
737
-295
-1524
-2562
-3193
-3632
-4277
-5299
-6482
-7394
-7663
-7249
-6490
-5895
-5712
-5749
-5545
-4819
-3683
-2516
-1642
-1131
-792
-448
-116
99
342
1123
2930
5620
8182
9242
8075
5466
3505
4118
7237
10436
10762
7453
2812
219
1064
3678
5097
3769
563
-2387
-3592
-3184
-2477
-2716
-4018
-5406
-5839
-5294
-4728
-5007
-5916
-6392
-5610
-3789
-1910
-782
-384
-24
998
2789
4741
5983
6064
5350
4689
4686
5188
5553
5263
4322
3060
1815
748
-92
-764
-1420
-2232
-3243
-4347
-5383
-6219
-6753
-6918
-6757
-6445
-6205
-6123
-6106
-5928
-5408
-4516
-3420
-2402
-1723
-1427
-1354
-1265
-953
-196
1293
3649
6403
8344
8240
6032
3411
2781
5179
8981
10986
9189
4795
1282
1229
3940
6280
5702
2405
-1295
-3231
-3002
-1859
-1456
-2562
-4538
-5995
-6104
-5380
-5015
-5568
-6376
-6387
-5280
-3690
-2449
-1822
-1389
-537
1000
2903
4452
5071
4836
4461
4616
5305
5901
5839
5109
4138
3256
2478
1655
771
-72
-836
-1655
-2678
-3874
-5008
-5812
-6184
-6232
-6203
-6286
-6475
-6524
-6212
-5574
-4875
-4300
-3791
-3177
-2462
-1843
-1495
-1325
-897
398
2814
5712
7641
7367
5202
3195
3620
6823
10525
11570
8842
4463
1956
2991
5985
7744
6383
2684
-897
-2356
-1563
-136
-10
-1800
-4366
-5964
-5918
-5086
-4788
-5414
-6268
-6479
-5862
-4841
-3867
-3018
-2118
-976
394
1682
2462
2629
2666
3243
4452
5536
5653
4802
3846
3523
3675
3527
2679
1498
618
163
-316
-1284
-2677
-3978
-4730
-4938
-4991
-5257
-5788
-6319
-6538
-6304
-5762
-5212
-4846
-4543
-4065
-3371
-2706
-2254
-1784
-740
1199
3640
5530
5834
4474
2764
2661
5036
8487
10209
8620
5107
2853
3693
6388
8018
6856
3673
637
-663
-201
807
928
-462
-2757
-4640
-5241
-4867
-4563
-4950
-5682
-5984
-5576
-4870
-4381
-4091
-3546
-2396
-828
535
1161
1112
1044
1645
2960
4260
4722
4209
3411
3112
3433
3766
3503
2639
1684
1036
602
-5
-977
-2110
-3015
-3477
-3617
-3768
-4211
-4915
-5537
-5689
-5316
-4768
-4473
-4475
-4465
-4186
-3727
-3265
-2624
-1292
909
3257
4454
3797
2140
1478
3225
6670
9306
9020
6188
3442
3214
5425
7698
7717
5305
2269
582
790
1874
2275
1145
-1058
-3021
-3729
-3338
-2920
-3376
-4577
-5626
-5796
-5194
-4502
-4238
-4254
-3982
-3029
-1576
-232
465
484
337
668
1707
3013
3828
3744
3083
2573
2666
3117
3304
2842
1936
1088
573
196
-418
-1371
-2342
-2927
-3073
-3142
-3522
-4190
-4754
-4881
-4638
-4352
-4258
-4290
-4249
-4032
-3692
-3215
-2368
-862
1116
2678
2870
1794
945
1968
4833
7493
7773
5634
3353
3258
5446
7787
8095
6057
3261
1589
1723
2836
3459
2642
604
-1538
-2708
-2722
-2335
-2444
-3274
-4284
-4833
-4788
-4491
-4265
-4152
-3999
-3662
-3046
-2137
-1106
-294
79
162
362
949
1805
2568
2926
2833
2494
2221
2190
2313
2307
1960
1322
656
169
-168
-567
-1158
-1851
-2443
-2830
-3092
-3350
-3635
-3885
-4039
-4075
-4016
-3905
-3814
-3781
-3721
-3358
-2392
-792
974
2091
1991
1043
564
1791
4491
6780
6784
4653
2657
2947
5345
7542
7494
5319
2912
1970
2624
3680
3832
2627
649
-1019
-1657
-1477
-1378
-2006
-3129
-3978
-4156
-3977
-3954
-4142
-4207
-3927
-3441
-2956
-2444
-1734
-860
-121
214
221
299
805
1673
2393
2462
1906
1341
1377
1987
2509
2321
1439
452
-96
-170
-169
-471
-1124
-1891
-2509
-2881
-3070
-3200
-3341
-3493
-3615
-3702
-3775
-3840
-3829
-3624
-3088
-2141
-851
431
1150
961
287
260
1751
4243
5954
5489
3444
2051
2941
5428
7184
6630
4410
2551
2389
3507
4414
4004
2360
485
-590
-600
-194
-329
-1360
-2724
-3550
-3549
-3198
-3112
-3378
-3628
-3557
-3230
-2858
-2472
-1924
-1202
-564
-292
-340
-297
222
1162
1985
2135
1576
917
880
1580
2329
2297
1348
201
-318
-73
326
195
-623
-1720
-2554
-2858
-2755
-2598
-2687
-3052
-3453
-3628
-3527
-3323
-3204
-3187
-3076
-2600
-1579
-160
1077
1416
748
11
542
2622
4824
5293
3811
2250
2630
4887
6901
6764
4698
2639
2175
3168
4210
4104
2792
1152
118
-31
213
99
-694
-1816
-2642
-2886
-2796
-2792
-3011
-3270
-3336
-3180
-2930
-2664
-2302
-1748
-1079
-547
-333
-314
-132
455
1267
1798
1680
1114
751
1073
1853
2335
1959
936
29
-169
242
614
330
-682
-1906
-2658
-2646
-2216
-2040
-2501
-3338
-3924
-3871
-3375
-2964
-2971
-3216
-3181
-2435
-1054
330
933
555
-56
286
2036
4229
5204
4246
2479
1870
3241
5378
6293
5251
3411
2474
2989
4038
4347
3457
1918
637
140
253
348
-86
-1013
-1943
-2457
-2595
-2674
-2839
-2967
-2950
-2902
-2965
-3033
-2822
-2221
-1435
-819
-581
-647
-707
-423
288
1106
1514
1294
799
673
1181
1883
2026
1345
370
-85
219
730
682
-143
-1270
-2032
-2139
-1854
-1698
-2026
-2748
-3420
-3617
-3324
-2938
-2869
-3113
-3261
-2857
-1792
-405
665
879
287
-267
276
2083
3956
4358
3110
1802
2186
4205
6005
5936
4264
2699
2533
3492
4326
4089
2834
1347
444
374
683
631
-115
-1181
-1923
-2122
-2121
-2291
-2591
-2745
-2714
-2739
-2918
-2988
-2651
-1963
-1300
-957
-907
-909
-727
-230
520
1203
1418
1078
625
647
1244
1848
1808
1058
174
-220
-15
353
352
-212
-1078
-1772
-1985
-1836
-1762
-2111
-2794
-3361
-3465
-3199
-2960
-3014
-3222
-3153
-2468
-1225
63
709
382
-420
-567
744
3000
4561
4176
2392
1211
2086
4363
5907
5354
3472
2218
2623
3916
4570
3867
2331
991
475
677
968
717
-193
-1277
-1931
-2028
-1955
-2093
-2413
-2669
-2776
-2847
-2898
-2753
-2292
-1698
-1287
-1164
-1138
-963
-560
-23
495
842
903
713
515
607
1025
1434
1393
824
140
-130
112
441
335
-329
-1200
-1800
-1919
-1748
-1693
-2015
-2581
-2996
-2995
-2723
-2587
-2811
-3153
-3074
-2201
-742
521
777
-11
-838
-385
1650
3974
4745
3437
1564
1275
3129
5458
6099
4620
2642
2016
2997
4255
4423
3333
1877
991
905
1155
1103
465
-526
-1380
-1811
-1938
-2049
-2234
-2378
-2434
-2542
-2765
-2862
-2524
-1842
-1316
-1313
-1585
-1503
-765
219
740
541
60
-38
447
1112
1409
1177
708
397
361
427
370
158
-90
-298
-558
-979
-1482
-1828
-1900
-1890
-2110
-2614
-3088
-3180
-2899
-2646
-2785
-3192
-3256
-2448
-919
468
812
10
-994
-907
739
2971
4078
3242
1525
960
2460
4745
5621
4342
2394
1836
3085
4649
4859
3523
1795
838
858
1250
1307
751
-178
-1021
-1519
-1774
-1998
-2208
-2274
-2251
-2397
-2766
-2958
-2512
-1537
-772
-846
-1527
-1894
-1285
8
1028
1095
416
-202
-109
655
1482
1733
1251
434
-120
-109
275
568
430
-142
-867
-1405
-1568
-1444
-1341
-1556
-2119
-2736
-3023
-2836
-2424
-2234
-2505
-2966
-3003
-2173
-708
521
677
-205
-1032
-521
1477
3559
3993
2545
931
1141
3301
5453
5620
3870
2128
2032
3352
4508
4338
3064
1741
1122
1165
1327
1123
455
-413
-1127
-1549
-1807
-2054
-2241
-2269
-2240
-2400
-2728
-2804
-2268
-1372
-837
-1067
-1636
-1692
-861
334
991
720
-4
-334
129
1009
1563
1373
657
12
-139
152
478
470
54
-567
-1126
-1455
-1526
-1443
-1411
-1648
-2190
-2790
-3054
-2823
-2372
-2186
-2471
-2909
-2882
-2029
-629
486
566
-320
-1091
-501
1554
3619
3950
2404
820
1182
3421
5430
5339
3497
1935
2122
3560
4589
4171
2722
1411
982
1235
1471
1213
525
-228
-810
-1258
-1673
-1994
-2078
-1961
-1945
-2278
-2770
-2875
-2284
-1352
-816
-1012
-1492
-1493
-759
196
653
416
-33
-77
448
1143
1484
1277
762
331
226
403
621
601
225
-383
-960
-1311
-1423
-1417
-1465
-1729
-2257
-2852
-3165
-3012
-2610
-2384
-2539
-2797
-2624
-1717
-405
485
318
-576
-969
144
2327
3867
3457
1715
731
1880
4279
5656
4778
2714
1603
2363
3938
4632
3853
2395
1356
1102
1236
1221
855
275
-301
-803
-1314
-1877
-2317
-2362
-2037
-1791
-2053
-2644
-2869
-2296
-1358
-926
-1316
-1891
-1746
-697
519
991
527
-217
-391
262
1230
1738
1450
698
134
127
497
752
566
15
-574
-959
-1134
-1234
-1378
-1615
-1951
-2345
-2675
-2769
-2588
-2329
-2297
-2578
-2873
-2663
-1692
-323
580
374
-610
-1097
-19
2216
3832
3420
1571
466
1604
4114
5625
4784
2652
1454
2207
3845
4592
3807
2327
1290
1050
1186
1178
834
235
-458
-1094
-1573
-1843
-1874
-1719
-1613
-1892
-2591
-3200
-3022
-1963
-801
-504
-1222
-2057
-1922
-642
835
1341
608
-463
-672
335
1712
2250
1549
369
-197
187
864
996
411
-370
-825
-914
-941
-1110
-1388
-1699
-2057
-2457
-2742
-2723
-2419
-2127
-2178
-2596
-2953
-2650
-1472
22
804
312
-788
-1022
467
2839
4181
3381
1387
367
1532
3853
5117
4244
2364
1501
2379
3822
4223
3217
1759
911
880
1168
1238
907
290
-407
-1028
-1496
-1766
-1808
-1684
-1652
-1990
-2620
-2991
-2575
-1521
-672
-745
-1544
-2100
-1630
-311
880
1068
274
-595
-561
512
1757
2103
1314
196
-227
269
982
1084
449
-374
-823
-838
-749
-851
-1205
-1726
-2289
-2719
-2830
-2576
-2184
-2021
-2280
-2749
-2916
-2330
-1018
361
880
168
-987
-1093
586
2996
4081
2926
949
548
2491
4986
5612
3937
1873
1463
2783
4166
4167
2882
1474
852
1010
1353
1349
853
58
-727
-1290
-1587
-1686
-1656
-1611
-1750
-2220
-2830
-3036
-2423
-1275
-468
-642
-1480
-1961
-1370
-31
1006
985
140
-554
-299
797
1818
1893
1004
-11
-291
259
956
1069
462
-407
-995
-1106
-946
-870
-1119
-1674
-2288
-2660
-2647
-2376
-2126
-2130
-2409
-2756
-2795
-2202
-1017
171
568
-56
-875
-598
1210
3406
4195
2953
1038
534
2114
4311
5036
3763
1992
1563
2718
4033
4067
2776
1281
598
796
1226
1239
663
-211
-969
-1406
-1594
-1674
-1698
-1702
-1855
-2292
-2802
-2858
-2161
-1096
-492
-798
-1563
-1842
-1139
95
918
805
104
-361
-59
808
1563
1651
1077
324
-61
99
509
665
298
-401
-973
-1125
-970
-872
-1096
-1622
-2203
-2560
-2560
-2292
-2025
-2019
-2324
-2682
-2668
-1975
-741
387
651
-78
-917
-595
1233
3334
3927
2576
869
868
2872
5020
5279
3603
1857
1708
2979
4112
3923
2606
1229
613
778
1170
1197
647
-238
-1020
-1460
-1650
-1768
-1812
-1737
-1710
-1998
-2515
-2724
-2213
-1303
-786
-1034
-1564
-1595
-910
-11
493
472
232
121
280
650
1038
1188
948
454
73
86
404
655
505
-61
-756
-1227
-1321
-1193
-1176
-1511
-2127
-2689
-2868
-2628
-2260
-2124
-2313
-2546
-2360
-1521
-334
458
300
-527
-928
31
2033
3547
3283
1676
639
1572
3759
5080
4308
2411
1379
2067
3471
4022
3185
1732
729
581
912
1100
792
81
-679
-1212
-1515
-1728
-1871
-1862
-1760
-1841
-2238
-2617
-2448
-1672
-886
-753
-1248
-1655
-1322
-339
588
868
542
133
97
490
1031
1374
1307
868
334
67
205
516
579
192
-445
-929
-1047
-936
-920
-1210
-1752
-2294
-2567
-2482
-2190
-1977
-2039
-2325
-2514
-2219
-1296
-111
597
332
-490
-693
538
2592
3793
3106
1412
740
2102
4326
5277
4139
2214
1438
2359
3778
4168
3163
1648
695
625
958
1027
550
-246
-953
-1379
-1627
-1836
-1956
-1875
-1720
-1805
-2205
-2504
-2199
-1326
-557
-506
-1043
-1410
-1034
-102
685
827
433
6
-34
367
944
1310
1213
707
141
-98
106
485
599
191
-597
-1319
-1591
-1416
-1181
-1306
-1865
-2532
-2887
-2765
-2380
-2127
-2225
-2483
-2439
-1771
-656
270
401
-216
-735
-175
1508
3113
3302
2136
1192
1885
3818
5143
4598
2846
1662
1999
3159
3756
3168
1926
949
659
797
852
527
-96
-730
-1172
-1453
-1697
-1910
-1964
-1846
-1776
-1958
-2241
-2186
-1581
-806
-506
-863
-1319
-1142
-233
735
1023
574
5
-55
443
1037
1260
1038
626
319
218
245
264
185
-26
-358
-760
-1133
-1363
-1422
-1432
-1592
-1988
-2462
-2709
-2569
-2216
-2028
-2194
-2455
-2259
-1320
-35
722
442
-361
-460
849
2831
3861
3099
1515
1002
2367
4412
5192
4067
2300
1609
2395
3531
3731
2794
1536
786
679
791
683
245
-354
-880
-1237
-1496
-1744
-1930
-1948
-1861
-1905
-2152
-2301
-1963
-1212
-626
-691
-1212
-1456
-913
144
928
948
481
233
578
1225
1590
1416
949
601
523
566
520
330
55
-256
-610
-998
-1342
-1547
-1605
-1646
-1849
-2267
-2706
-2860
-2604
-2179
-1993
-2192
-2398
-2022
-903
352
824
226
-600
-373
1289
3248
3852
2684
1149
1082
2770
4610
4822
3334
1745
1547
2638
3666
3545
2415
1221
669
704
803
551
-65
-757
-1247
-1491
-1648
-1851
-2055
-2141
-2125
-2133
-2187
-2088
-1668
-1094
-814
-1070
-1506
-1418
-493
740
1350
951
154
-67
607
1512
1763
1193
460
243
539
790
582
41
-419
-609
-688
-893
-1229
-1511
-1637
-1739
-2016
-2442
-2740
-2652
-2254
-1923
-1982
-2316
-2391
-1716
-404
747
907
113
-556
60
1908
3550
3546
2052
825
1428
3514
5135
4800
3021
1658
1892
3119
3811
3187
1808
766
555
809
862
411
-332
-968
-1313
-1507
-1768
-2090
-2257
-2175
-2058
-2177
-2426
-2360
-1734
-927
-597
-929
-1355
-1146
-222
736
1005
577
126
268
921
1464
1436
979
571
471
523
461
230
-25
-235
-501
-921
-1388
-1661
-1650
-1559
-1695
-2146
-2674
-2924
-2759
-2364
-2071
-2044
-2125
-1936
-1236
-224
502
481
-51
-195
761
2465
3641
3345
2064
1344
2172
3867
4774
4047
2519
1729
2277
3321
3622
2796
1498
580
335
444
439
85
-519
-1087
-1411
-1550
-1731
-2032
-2263
-2218
-1981
-1826
-1852
-1841
-1573
-1120
-762
-639
-610
-449
-87
354
703
852
805
686
685
899
1207
1330
1090
581
99
-112
-50
41
-111
-568
-1121
-1467
-1493
-1386
-1457
-1833
-2336
-2640
-2574
-2252
-1950
-1851
-1904
-1850
-1442
-675
118
489
316
70
459
1658
2929
3246
2441
1544
1762
3095
4269
4109
2832
1749
1818
2697
3282
2903
1867
950
616
711
750
380
-356
-1096
-1503
-1571
-1590
-1778
-2036
-2118
-1987
-1843
-1820
-1781
-1542
-1170
-925
-893
-842
-514
19
428
518
440
474
691
923
989
898
770
680
585
424
201
-15
-177
-315
-523
-860
-1265
-1572
-1662
-1615
-1672
-1996
-2458
-2738
-2629
-2254
-1938
-1883
-1947
-1779
-1150
-219
521
631
212
-37
591
1989
3134
3069
2030
1357
2074
3689
4645
4010
2464
1521
1904
2911
3304
2594
1360
492
328
518
509
63
-628
-1210
-1490
-1566
-1656
-1834
-1948
-1863
-1674
-1622
-1765
-1861
-1636
-1116
-610
-379
-392
-407
-210
214
685
962
922
701
604
815
1164
1261
889
260
-193
-228
-9
97
-147
-675
-1224
-1547
-1580
-1473
-1465
-1695
-2077
-2375
-2397
-2161
-1866
-1716
-1726
-1713
-1436
-828
-102
376
426
288
483
1310
2433
3085
2811
2041
1758
2476
3606
4036
3334
2213
1723
2138
2763
2771
2023
1080
551
534
631
399
-225
-922
-1352
-1489
-1570
-1763
-1953
-1926
-1677
-1454
-1474
-1660
-1715
-1448
-949
-493
-286
-326
-409
-285
138
671
958
818
476
370
681
1111
1186
751
107
-312
-348
-188
-138
-364
-809
-1268
-1537
-1561
-1482
-1529
-1813
-2212
-2463
-2417
-2160
-1908
-1788
-1755
-1645
-1304
-685
49
560
593
343
422
1276
2575
3372
3065
2143
1756
2490
3691
4148
3389
2143
1525
1893
2590
2722
2029
1014
346
236
363
269
-218
-888
-1403
-1604
-1622
-1680
-1829
-1884
-1704
-1443
-1421
-1699
-1883
-1499
-597
159
138
-525
-962
-438
821
1764
1572
524
-254
55
1128
1851
1473
314
-626
-687
-115
302
46
-714
-1407
-1637
-1484
-1310
-1380
-1665
-1971
-2151
-2181
-2083
-1881
-1640
-1482
-1473
-1505
-1329
-769
62
757
930
619
397
884
2056
3109
3204
2390
1647
1896
2994
3859
3606
2470
1516
1507
2165
2567
2129
1115
245
-49
63
113
-186
-748
-1284
-1596
-1695
-1690
-1623
-1493
-1360
-1365
-1539
-1678
-1494
-943
-341
-103
-328
-655
-586
19
759
1058
737
198
12
362
893
1098
783
190
-283
-423
-324
-249
-400
-775
-1209
-1510
-1596
-1516
-1410
-1432
-1661
-2014
-2245
-2148
-1766
-1403
-1333
-1529
-1669
-1429
-747
119
758
878
578
368
809
1937
3071
3361
2647
1729
1627
2537
3596
3763
2873
1747
1300
1668
2197
2181
1489
557
-83
-245
-152
-186
-549
-1126
-1602
-1750
-1609
-1413
-1359
-1459
-1565
-1537
-1369
-1176
-1050
-956
-765
-428
-76
96
70
74
333
775
1055
935
576
383
548
834
823
373
-252
-642
-633
-429
-399
-737
-1280
-1652
-1622
-1333
-1169
-1376
-1811
-2092
-1982
-1613
-1321
-1298
-1422
-1431
-1187
-756
-253
255
705
971
986
930
1167
1863
2690
3042
2660
2010
1876
2526
3343
3433
2590
1554
1227
1713
2231
1971
933
-124
-498
-227
28
-291
-1071
-1702
-1732
-1329
-1073
-1341
-1898
-2138
-1712
-931
-489
-757
-1340
-1436
-690
367
825
381
-295
-276
584
1480
1539
766
-13
-69
477
889
634
-104
-717
-816
-566
-437
-713
-1240
-1610
-1579
-1310
-1197
-1441
-1832
-1973
-1723
-1345
-1200
-1342
-1492
-1377
-1027
-705
-584
-553
-344
179
847
1306
1339
1112
1071
1520
2283
2815
2729
2202
1825
2006
2552
2857
2527
1780
1209
1168
1437
1485
1029
282
-307
-493
-402
-333
-470
-781
-1125
-1380
-1480
-1403
-1181
-942
-870
-1039
-1263
-1201
-706
-67
220
-16
-397
-390
110
674
822
514
135
40
219
383
297
-11
-323
-469
-470
-491
-646
-875
-1012
-988
-929
-1014
-1257
-1468
-1460
-1259
-1081
-1097
-1242
-1288
-1092
-747
-484
-421
-467
-431
-207
171
599
978
1227
1309
1286
1316
1543
1944
2305
2383
2139
1799
1681
1892
2199
2212
1762
1090
641
625
823
826
446
-113
-488
-515
-366
-364
-656
-1060
-1250
-1096
-821
-757
-968
-1168
-1069
-727
-482
-529
-677
-594
-235
86
81
-167
-307
-139
166
267
39
-320
-504
-410
-210
-169
-381
-704
-901
-870
-728
-681
-818
-1038
-1166
-1121
-967
-825
-774
-810
-872
-877
-778
-599
-429
-336
-308
-267
-149
44
277
524
759
937
1014
1029
1111
1364
1723
1969
1929
1666
1438
1446
1633
1751
1621
1301
1012
903
923
907
756
522
318
169
12
-185
-341
-356
-274
-287
-536
-913
-1116
-950
-566
-346
-517
-893
-1045
-753
-243
45
-98
-446
-602
-394
-25
159
9
-314
-520
-473
-296
-220
-349
-565
-674
-618
-526
-552
-697
-819
-807
-715
-683
-769
-883
-896
-788
-660
-613
-640
-646
-562
-415
-286
-218
-181
-106
45
265
520
770
966
1065
1070
1063
1159
1400
1684
1822
1714
1461
1299
1378
1593
1677
1460
1052
734
676
775
786
573
220
-95
-273
-339
-356
-352
-362
-459
-685
-943
-1034
-852
-542
-399
-575
-899
-1025
-776
-329
-43
-120
-425
-632
-539
-232
18
16
-201
-424
-481
-372
-249
-251
-397
-586
-703
-709
-640
-566
-545
-601
-716
-824
-836
-717
-528
-406
-441
-589
-691
-612
-368
-114
-9
-65
-145
-95
113
360
502
500
452
502
703
967
1135
1121
998
936
1035
1225
1337
1272
1093
957
962
1068
1132
1044
817
580
458
470
514
464
280
41
-134
-187
-171
-182
-269
-398
-511
-580
-610
-607
-571
-524
-516
-575
-655
-665
-562
-412
-334
-389
-517
-588
-519
-343
-184
-147
-244
-379
-437
-377
-259
-188
-214
-305
-387
-408
-368
-301
-251
-250
-302
-362
-367
-283
-143
-33
-21
-88
-140
-92
52
193
227
143
38
24
134
286
368
336
252
220
292
426
538
581
573
572
611
681
746
784
805
826
842
826
776
729
727
755
742
637
472
339
291
280
210
42
-162
-295
-314
-284
-321
-473
-673
-802
-808
-753
-742
-815
-902
-912
-825
-707
-636
-630
-646
-632
-568
-470
-369
-287
-235
-207
-193
-176
-144
-91
-32
4
-1
-26
-18
52
140
161
77
-46
-100
-40
61
83
-13
-148
-195
-121
-15
4
-77
-153
-126
-22
54
50
30
83
206
307
325
306
351
489
641
713
697
676
726
830
907
892
801
712
678
684
659
557
409
291
237
203
119
-26
-163
-226
-224
-235
-320
-457
-557
-566
-523
-518
-589
-680
-702
-630
-528
-477
-499
-541
-538
-472
-379
-304
-265
-246
-226
-193
-144
-84
-23
21
36
28
15
19
50
100
142
146
104
44
11
26
60
60
-4
-108
-184
-184
-128
-92
-126
-203
-248
-218
-146
-99
-98
-99
-48
49
126
138
116
137
231
336
374
341
320
381
495
559
511
400
341
387
474
491
397
266
206
244
297
262
124
-29
-99
-82
-66
-125
-239
-326
-337
-312
-317
-366
-412
-411
-375
-346
-344
-348
-328
-282
-236
-212
-202
-176
-108
-18
44
41
-7
-33
13
104
151
101
0
-45
21
132
166
77
-55
-109
-43
55
70
-22
-135
-166
-106
-38
-40
-109
-172
-169
-107
-41
-11
-14
-18
-3
25
50
72
101
134
150
135
119
149
228
296
291
221
167
194
275
323
288
214
181
218
271
276
220
144
93
70
52
26
-1
-19
-39
-83
-152
-214
-228
-190
-145
-147
-202
-258
-258
-193
-110
-66
-84
-136
-164
-130
-43
43
69
25
-39
-60
-22
31
45
7
-46
-75
-66
-35
-6
4
-8
-37
-67
-80
-72
-57
-51
-59
-71
-76
-78
-85
-103
-120
