-8
-7
-11
-17
-21
-20
-15
-8
-2
3
9
12
11
8
7
9
12
13
12
10
8
6
2
-2
-3
-3
-2
-2
-2
-1
-1
-3
-8
-10
-10
-9
-7
-7
-6
-5
-4
-4
-4
-4
-5
-4
-1
3
7
5
1
-3
-4
-5
-7
-11
-12
-10
-9
-11
-17
-22
-22
-19
-16
-15
-14
-10
-4
3
7
7
6
5
4
3
3
3
3
7
20
51
93
121
109
60
13
7
28
19
-53
-143
-169
-108
-27
-6
-43
-62
-21
38
46
1
-36
-25
1
-6
-40
-52
-19
29
55
65
80
98
90
50
15
16
36
29
-22
-80
-100
-77
-50
-51
-72
-80
-60
-31
-20
-31
-43
-35
-12
5
5
-2
1
15
29
37
45
60
77
81
65
40
21
12
7
-4
-24
-49
-67
-70
-64
-64
-71
-68
-46
-17
-4
-15
-29
-26
-5
18
32
41
49
54
54
50
50
56
63
71
80
95
106
96
59
8
-30
-38
-27
-27
-61
-124
-183
-207
-192
-156
-116
-75
-27
17
35
20
-8
-14
24
92
159
200
210
203
190
172
139
86
27
-12
-23
-31
-73
-156
-244
-284
-258
-185
-99
-20
39
62
38
-15
-51
-35
30
106
163
191
194
171
120
56
0
-29
-29
-7
22
39
25
-17
-64
-93
-103
-107
-110
-108
-99
-92
-82
-43
50
179
289
337
330
299
254
162
4
-178
-306
-335
-290
-228
-172
-106
-34
0
-48
-149
-209
-156
-12
131
199
189
149
123
122
136
152
157
135
81
4
-72
-128
-157
-159
-139
-108
-82
-85
-126
-186
-224
-208
-139
-49
24
64
76
73
63
51
49
64
90
104
87
37
-26
-74
-87
-61
-5
52
83
72
24
-34
-70
-63
-15
46
77
49
-27
-110
-154
-145
-98
-41
10
47
64
51
7
-44
-66
-38
26
81
93
62
16
-14
-15
4
26
46
62
72
64
29
-22
-58
-56
-25
-1
-9
-47
-85
-96
-73
-28
18
45
43
18
-14
-42
-64
-75
-59
-5
72
128
125
66
-8
-61
-88
-102
-111
-104
-76
-43
-23
-18
-18
-17
-25
-49
-78
-92
-80
-52
-23
0
19
37
61
91
118
124
106
87
96
131
157
140
83
22
-15
-28
-37
-51
-60
-50
-24
0
8
2
-2
11
45
88
121
132
123
112
110
118
129
140
158
183
208
223
216
185
136
87
56
52
68
92
114
131
135
123
97
70
56
60
73
84
87
80
63
34
-7
-50
-85
-109
-128
-146
-167
-193
-226
-260
-287
-299
-296
-291
-299
-328
-371
-408
-425
-420
-400
-373
-350
-342
-354
-371
-371
-343
-304
-287
-308
-350
-379
-379
-357
-325
-278
-213
-148
-119
-138
-175
-179
-131
-61
-6
21
40
74
122
173
218
263
325
416
527
631
689
685
643
614
637
709
794
858
885
878
844
795
756
748
773
814
847
846
799
708
592
486
417
388
381
370
332
259
161
64
-10
-62
-109
-162
-212
-246
-272
-315
-384
-460
-520
-561
-604
-671
-755
-832
-883
-914
-950
-1006
-1075
-1134
-1164
-1157
-1109
-1024
-917
-819
-763
-757
-779
-792
-775
-729
-669
-601
-529
-457
-403
-384
-395
-401
-363
-275
-175
-112
-111
-154
-204
-224
-185
-80
67
205
290
312
289
248
210
209
285
448
640
756
729
602
496
516
661
857
1025
1132
1173
1153
1106
1116
1279
1621
2076
2538
2923
3169
3236
3123
2910
2714
2595
2502
2332
2028
1610
1113
549
-54
-607
-992
-1173
-1253
-1390
-1657
-2004
-2334
-2584
-2726
-2735
-2599
-2367
-2135
-1965
-1831
-1658
-1407
-1102
-783
-464
-160
88
211
183
43
-124
-259
-353
-447
-585
-797
-1060
-1307
-1468
-1528
-1534
-1555
-1612
-1675
-1700
-1666
-1578
-1440
-1241
-966
-634
-314
-94
-6
9
59
212
439
650
769
785
730
637
530
456
477
605
753
785
644
409
219
143
159
223
306
345
267
94
8
201
698
1389
2228
3246
4283
4873
4613
3693
2888
2893
3664
4497
4702
4147
3166
2102
1077
164
-452
-604
-417
-299
-622
-1459
-2579
-3620
-4211
-4126
-3442
-2559
-1938
-1773
-1912
-2075
-2082
-1865
-1396
-679
162
871
1186
1033
584
144
-60
25
274
467
376
-94
-819
-1521
-1968
-2135
-2161
-2197
-2303
-2453
-2593
-2674
-2664
-2552
-2324
-1971
-1515
-1052
-707
-546
-500
-409
-139
315
813
1162
1240
1094
903
828
880
940
905
794
685
607
493
280
-3
-231
-280
-135
85
198
114
-86
-213
-144
81
309
433
440
378
307
358
737
1616
2922
4239
4963
4692
3590
2363
1772
2048
2802
3443
3645
3389
2747
1794
715
-178
-632
-644
-438
-301
-457
-1010
-1900
-2857
-3496
-3545
-3043
-2308
-1685
-1333
-1222
-1254
-1321
-1287
-1024
-511
130
710
1069
1095
759
198
-293
-470
-351
-200
-256
-541
-920
-1264
-1519
-1656
-1644
-1497
-1287
-1093
-949
-868
-874
-947
-981
-848
-530
-160
91
155
99
43
61
158
299
447
569
631
603
475
284
98
-17
-23
76
234
361
361
201
-18
-132
-62
112
239
246
186
140
134
134
112
83
76
87
77
2
-132
-279
-395
-482
-563
-647
-720
-770
-784
-705
-424
141
924
1669
2059
1944
1486
1073
1052
1475
2093
2587
2809
2807
2658
2362
1902
1381
994
868
935
999
874
481
-151
-898
-1570
-1987
-2090
-1963
-1746
-1540
-1390
-1321
-1339
-1393
-1389
-1257
-998
-668
-356
-155
-135
-283
-494
-630
-634
-553
-473
-423
-370
-303
-279
-373
-583
-798
-881
-782
-575
-387
-290
-278
-290
-267
-170
-19
99
90
-46
-187
-202
-80
73
149
137
95
74
76
80
70
46
24
33
91
180
254
274
235
154
51
-51
-112
-115
-76
-44
-54
-116
-222
-353
-479
-557
-574
-554
-552
-601
-699
-806
-879
-892
-865
-848
-864
-844
-652
-156
664
1661
2507
2831
2487
1779
1322
1556
2361
3193
3602
3549
3263
2887
2400
1817
1317
1087
1114
1175
1023
534
-278
-1264
-2163
-2683
-2707
-2394
-2056
-1896
-1908
-1970
-2006
-1984
-1838
-1465
-841
-113
474
736
671
433
229
203
383
653
818
709
323
-165
-524
-662
-668
-690
-783
-906
-1005
-1075
-1136
-1178
-1154
-1018
-775
-509
-342
-345
-467
-565
-516
-311
-49
152
233
213
160
135
143
141
96
46
75
193
276
181
-75
-298
-311
-151
-17
-35
-133
-180
-168
-215
-374
-548
-606
-544
-481
-509
-602
-682
-716
-719
-721
-728
-731
-720
-703
-703
-735
-753
-695
-521
-203
356
1248
2341
3199
3378
2840
2070
1718
2101
3003
3875
4243
3982
3292
2479
1776
1302
1091
1076
1102
988
606
-80
-1004
-1954
-2614
-2738
-2370
-1853
-1579
-1687
-2040
-2390
-2559
-2438
-1959
-1144
-170
683
1194
1298
1072
689
401
446
876
1425
1665
1344
607
-155
-636
-818
-853
-868
-888
-927
-1065
-1382
-1845
-2277
-2454
-2256
-1757
-1204
-890
-963
-1304
-1580
-1494
-1017
-395
75
273
271
186
64
-83
-200
-178
28
325
510
433
120
-251
-505
-572
-478
-282
-71
22
-129
-507
-909
-1084
-954
-670
-456
-409
-469
-551
-627
-709
-747
-660
-437
-208
-130
-245
-409
-432
-237
113
589
1322
2437
3693
4439
4145
3054
2154
2322
3513
4826
5370
4936
3929
2838
1944
1364
1158
1242
1332
1105
442
-529
-1608
-2607
-3316
-3494
-3097
-2454
-2099
-2327
-2976
-3597
-3816
-3503
-2734
-1702
-646
267
1011
1595
1916
1817
1394
1098
1395
2232
2971
2943
2079
934
133
-163
-215
-329
-582
-919
-1316
-1800
-2360
-2903
-3295
-3400
-3157
-2680
-2266
-2194
-2465
-2744
-2640
-2036
-1159
-350
187
445
500
423
315
326
555
917
1194
1216
978
563
61
-414
-685
-627
-345
-158
-339
-871
-1474
-1837
-1832
-1538
-1149
-860
-775
-844
-917
-856
-650
-376
-106
140
330
411
368
303
384
760
1525
2695
4066
5113
5227
4272
2920
2250
2882
4406
5714
5864
4746
3017
1533
798
811
1204
1486
1249
344
-1036
-2479
-3588
-4146
-4108
-3604
-2966
-2662
-2992
-3811
-4562
-4701
-4055
-2856
-1488
-279
559
933
947
922
1228
2017
3061
3906
4151
3700
2776
1807
1192
1097
1332
1477
1141
209
-1097
-2345
-3124
-3277
-2996
-2678
-2647
-2973
-3492
-3951
-4109
-3844
-3217
-2446
-1746
-1217
-875
-717
-669
-507
2
834
1627
1980
1807
1375
1000
808
741
718
674
520
165
-367
-924
-1338
-1552
-1621
-1634
-1663
-1758
-1936
-2131
-2210
-2044
-1661
-1241
-968
-866
-814
-690
-496
-290
-95
150
578
1397
2772
4541
6024
6357
5290
3679
2965
3903
5824
7188
6944
5309
3359
2012
1503
1551
1760
1749
1194
-16
-1603
-3039
-3933
-4254
-4196
-3945
-3698
-3715
-4174
-4868
-5256
-4897
-3832
-2471
-1240
-378
30
81
149
751
2121
3835
5012
4978
3874
2573
1973
2282
2986
3383
3133
2292
1079
-267
-1433
-2079
-2071
-1689
-1504
-1970
-3061
-4269
-4979
-4882
-4151
-3258
-2654
-2513
-2677
-2786
-2534
-1874
-1004
-177
477
927
1147
1111
903
734
807
1112
1414
1413
974
229
-498
-910
-929
-758
-715
-1002
-1571
-2195
-2635
-2757
-2582
-2239
-1911
-1728
-1701
-1724
-1668
-1446
-1073
-638
-266
10
345
1077
2472
4377
6079
6682
5866
4341
3458
4118
5956
7593
7796
6422
4388
2804
2206
2391
2754
2666
1778
208
-1504
-2762
-3352
-3508
-3589
-3741
-3958
-4283
-4796
-5347
-5553
-5113
-4138
-3031
-2131
-1502
-1043
-634
-143
583
1635
2912
4127
4911
4974
4274
3191
2399
2418
3095
3660
3352
2063
353
-1044
-1723
-1745
-1514
-1517
-2043
-3004
-4008
-4648
-4739
-4377
-3812
-3314
-3057
-3045
-3090
-2927
-2383
-1515
-580
138
504
596
612
710
895
1076
1169
1161
1043
789
387
-90
-518
-804
-941
-993
-1068
-1267
-1616
-2001
-2220
-2164
-1922
-1709
-1648
-1682
-1655
-1479
-1172
-837
-579
-442
-322
26
868
2269
3946
5282
5624
4795
3457
2854
3824
5905
7522
7340
5489
3408
2457
2819
3639
3982
3441
2111
363
-1264
-2259
-2498
-2367
-2404
-2826
-3499
-4239
-4962
-5485
-5505
-4896
-3972
-3222
-2839
-2599
-2219
-1636
-935
-130
845
1966
3033
3740
3859
3415
2781
2498
2861
3557
3870
3295
2024
726
-54
-281
-283
-410
-837
-1560
-2423
-3165
-3562
-3581
-3401
-3251
-3252
-3365
-3467
-3403
-3063
-2454
-1737
-1126
-718
-440
-147
225
629
968
1181
1259
1234
1134
965
713
397
90
-124
-256
-401
-643
-958
-1260
-1500
-1672
-1754
-1696
-1528
-1397
-1445
-1619
-1691
-1473
-1056
-728
-668
-667
-215
1070
2979
4670
5197
4313
2862
2254
3311
5465
7146
7095
5440
3503
2617
3068
4110
4714
4269
2789
832
-771
-1410
-1193
-888
-1207
-2179
-3293
-4122
-4616
-4872
-4856
-4543
-4114
-3841
-3785
-3745
-3476
-2890
-2018
-978
4
691
1103
1563
2297
3022
3179
2681
2192
2457
3383
4039
3609
2258
908
325
478
769
632
-76
-1114
-2076
-2636
-2752
-2676
-2712
-2925
-3143
-3214
-3177
-3111
-2945
-2528
-1899
-1324
-1015
-886
-678
-278
171
481
654
810
977
1016
824
498
246
150
104
-23
-228
-429
-584
-729
-919
-1159
-1395
-1521
-1458
-1246
-1050
-996
-1055
-1096
-1072
-1016
-855
-297
914
2585
3953
4185
3138
1706
1275
2574
4900
6547
6270
4405
2547
2051
2947
4177
4670
4051
2628
1042
-29
-233
155
367
-193
-1396
-2595
-3303
-3548
-3560
-3441
-3219
-3087
-3261
-3653
-3856
-3583
-2950
-2291
-1765
-1267
-658
48
742
1338
1786
2039
2088
2043
2086
2342
2734
3003
2851
2209
1373
849
890
1201
1171
485
-551
-1337
-1594
-1564
-1646
-1973
-2375
-2654
-2757
-2738
-2658
-2559
-2439
-2236
-1885
-1437
-1063
-876
-778
-564
-184
198
390
375
276
201
179
202
226
159
-72
-401
-650
-698
-616
-581
-687
-869
-1005
-1030
-954
-827
-696
-620
-645
-759
-840
-649
95
1432
2914
3698
3205
1851
976
1730
3871
5781
5903
4248
2365
1839
2858
4292
4892
4238
2725
1097
79
57
736
1217
751
-543
-1850
-2540
-2674
-2658
-2666
-2642
-2638
-2837
-3204
-3415
-3214
-2742
-2324
-2078
-1864
-1548
-1111
-534
216
1001
1507
1587
1483
1569
1897
2205
2302
2260
2160
1936
1578
1332
1408
1598
1415
697
-163
-661
-721
-680
-855
-1269
-1781
-2256
-2574
-2611
-2358
-2011
-1807
-1782
-1763
-1620
-1408
-1235
-1083
-858
-566
-322
-210
-198
-212
-214
-191
-126
-57
-85
-247
-409
-407
-274
-231
-410
-663
-747
-640
-570
-713
-972
-1100
-1029
-937
-964
-916
-370
878
2431
3417
3139
1794
578
827
2728
4899
5533
4145
2101
1273
2243
3913
4744
4120
2588
1121
406
559
1152
1448
917
-278
-1386
-1814
-1683
-1560
-1784
-2212
-2574
-2817
-3004
-3078
-2927
-2589
-2272
-2134
-2141
-2121
-1873
-1239
-266
677
1093
866
505
663
1412
2140
2253
1820
1420
1428
1673
1759
1574
1313
1143
998
745
393
71
-154
-341
-582
-900
-1265
-1637
-1962
-2156
-2156
-2003
-1836
-1764
-1751
-1676
-1493
-1274
-1108
-995
-884
-766
-683
-630
-541
-363
-159
-80
-216
-473
-627
-531
-277
-109
-163
-344
-467
-481
-491
-591
-714
-719
-568
-418
-451
-617
-521
266
1698
3019
3242
2095
539
151
1668
4076
5361
4441
2304
1045
1754
3561
4714
4313
2839
1372
648
779
1378
1772
1386
248
-943
-1444
-1219
-896
-1012
-1515
-2025
-2360
-2601
-2772
-2726
-2430
-2106
-2018
-2183
-2397
-2411
-2042
-1220
-173
512
334
-460
-852
-15
1687
2872
2500
985
-161
192
1704
2935
2756
1371
32
-204
605
1468
1473
570
-529
-1110
-1041
-747
-730
-1145
-1754
-2180
-2231
-2027
-1841
-1810
-1839
-1764
-1555
-1318
-1148
-1035
-929
-813
-707
-621
-549
-488
-435
-385
-330
-283
-260
-247
-212
-151
-124
-202
-371
-521
-552
-465
-363
-354
-469
-650
-743
-490
324
1590
2697
2857
1847
513
287
1870
4283
5522
4486
2213
941
1834
3864
5012
4336
2618
1250
902
1322
1899
2090
1542
320
-947
-1497
-1223
-801
-889
-1453
-2016
-2356
-2608
-2802
-2708
-2279
-1912
-2025
-2515
-2834
-2581
-1852
-1041
-514
-456
-781
-1062
-746
298
1479
1952
1454
566
150
593
1562
2346
2392
1677
758
356
751
1463
1676
1024
-58
-817
-907
-614
-456
-700
-1242
-1787
-2069
-2005
-1737
-1537
-1579
-1790
-1937
-1864
-1628
-1384
-1219
-1103
-980
-850
-737
-655
-590
-524
-452
-390
-350
-325
-285
-224
-182
-219
-346
-502
-588
-538
-394
-303
-413
-727
-1018
-909
-140
1154
2365
2730
1958
708
288
1524
3731
5058
4243
2055
686
1523
3713
5119
4540
2702
1200
885
1444
2106
2299
1763
576
-722
-1375
-1121
-534
-433
-1024
-1823
-2336
-2519
-2530
-2374
-2069
-1895
-2164
-2743
-3086
-2818
-2096
-1326
-772
-524
-599
-827
-800
-212
720
1393
1405
915
447
461
1063
1903
2339
1907
871
153
482
1551
2250
1797
546
-478
-661
-284
-25
-241
-799
-1377
-1726
-1755
-1540
-1314
-1311
-1538
-1759
-1759
-1555
-1320
-1148
-1004
-886
-880
-1008
-1114
-1010
-714
-449
-396
-507
-604
-576
-459
-346
-308
-371
-509
-634
-645
-537
-420
-417
-545
-690
-668
-317
440
1452
2254
2267
1365
303
310
1882
3973
4744
3412
1268
501
1927
4120
4960
3811
1937
926
1180
1941
2338
2032
1145
50
-734
-841
-451
-197
-526
-1264
-1935
-2331
-2551
-2611
-2410
-2079
-2054
-2542
-3135
-3210
-2622
-1792
-1189
-960
-1029
-1250
-1356
-978
-19
1059
1542
1141
333
-40
497
1657
2607
2591
1586
429
182
1111
2322
2568
1492
-31
-801
-459
301
541
-58
-1068
-1835
-2014
-1706
-1270
-1062
-1232
-1663
-2060
-2166
-1921
-1472
-1058
-875
-983
-1262
-1456
-1339
-910
-436
-250
-446
-789
-932
-738
-369
-97
-81
-279
-517
-597
-434
-133
56
-54
-392
-653
-524
121
1127
2065
2368
1743
656
244
1333
3381
4670
3942
1865
541
1355
3508
4903
4351
2603
1272
1178
1889
2512
2480
1709
470
-660
-1077
-686
-97
-69
-743
-1625
-2227
-2477
-2468
-2206
-1783
-1596
-2006
-2802
-3273
-2942
-2043
-1249
-1026
-1328
-1735
-1746
-1090
-12
814
896
482
305
704
1270
1479
1393
1436
1673
1717
1397
1111
1287
1725
1782
1176
343
-95
-16
161
6
-524
-1152
-1569
-1630
-1413
-1189
-1241
-1602
-1993
-2089
-1857
-1567
-1465
-1528
-1553
-1421
-1205
-1026
-917
-833
-742
-646
-552
-475
-435
-420
-366
-256
-194
-297
-502
-573
-383
-129
-126
-413
-675
-596
-148
491
1173
1741
1893
1417
692
631
1770
3413
4090
3103
1444
858
1984
3665
4212
3172
1635
934
1339
2108
2437
2070
1182
134
-609
-686
-253
34
-321
-1133
-1832
-2130
-2165
-2096
-1902
-1680
-1763
-2315
-2953
-3064
-2481
-1667
-1184
-1188
-1454
-1670
-1575
-1018
-116
679
925
647
323
391
855
1407
1764
1814
1575
1221
1064
1332
1844
2058
1589
663
-72
-182
151
372
91
-616
-1342
-1710
-1639
-1365
-1219
-1357
-1655
-1855
-1814
-1606
-1400
-1301
-1300
-1344
-1384
-1350
-1172
-871
-597
-512
-624
-756
-722
-498
-231
-95
-159
-348
-505
-494
-305
-95
-60
-255
-525
-636
-441
49
740
1461
1913
1759
1026
402
804
2327
3793
3804
2353
1043
1381
3064
4317
3897
2344
1160
1128
1787
2277
2202
1628
733
-216
-771
-647
-159
-12
-553
-1420
-2040
-2239
-2178
-1943
-1579
-1394
-1787
-2622
-3148
-2791
-1847
-1126
-1081
-1474
-1777
-1617
-940
-34
564
500
62
-38
512
1214
1390
1072
918
1260
1658
1569
1170
1103
1519
1796
1368
484
-84
24
402
434
-49
-732
-1226
-1367
-1233
-1062
-1111
-1438
-1786
-1817
-1488
-1122
-1044
-1235
-1405
-1351
-1136
-943
-846
-780
-688
-592
-523
-462
-387
-339
-374
-476
-563
-582
-534
-426
-285
-201
-269
-452
-556
-397
37
644
1306
1821
1861
1302
657
859
2235
3803
4036
2561
817
650
2265
3965
4038
2562
1085
793
1455
2094
2131
1609
777
-96
-621
-534
-116
-37
-613
-1447
-1961
-2067
-2044
-1976
-1750
-1517
-1721
-2440
-3054
-2886
-2035
-1253
-1102
-1475
-1887
-1926
-1420
-465
504
914
587
23
-52
563
1381
1801
1686
1318
1029
995
1253
1647
1819
1476
763
195
136
414
535
208
-419
-1006
-1341
-1419
-1333
-1215
-1231
-1471
-1799
-1909
-1643
-1198
-952
-1059
-1313
-1415
-1284
-1067
-915
-834
-758
-660
-565
-495
-446
-401
-354
-306
-262
-230
-211
-183
-142
-127
-192
-340
-462
-351
160
1019
1862
2145
1569
534
75
989
2819
3958
3204
1230
88
1032
3101
4189
3359
1666
744
1058
1815
2149
1866
1162
254
-537
-782
-416
0
-152
-835
-1496
-1795
-1868
-1875
-1715
-1401
-1350
-1908
-2723
-2983
-2343
-1353
-831
-1044
-1612
-1976
-1757
-901
223
919
726
-11
-379
170
1228
1899
1738
1107
673
769
1231
1687
1832
1552
970
428
246
432
632
464
-114
-782
-1179
-1198
-1011
-886
-990
-1318
-1708
-1929
-1823
-1463
-1129
-1089
-1332
-1575
-1527
-1173
-767
-581
-675
-873
-942
-779
-480
-248
-210
-324
-440
-455
-388
-317
-269
-227
-222
-315
-468
-480
-88
752
1692
2113
1606
504
-127
653
2569
4056
3666
1723
238
846
2972
4428
3814
1925
633
819
1773
2339
2071
1247
298
-419
-613
-270
141
33
-646
-1370
-1696
-1687
-1604
-1487
-1301
-1280
-1710
-2400
-2718
-2294
-1458
-887
-917
-1336
-1703
-1691
-1187
-330
512
935
813
394
90
219
864
1757
2272
1868
786
91
632
1968
2673
1886
297
-615
-200
781
1140
501
-538
-1208
-1261
-973
-753
-849
-1239
-1687
-1915
-1820
-1532
-1273
-1169
-1201
-1275
-1288
-1185
-982
-767
-641
-636
-676
-655
-547
-415
-333
-300
-273
-239
-216
-192
-146
-112
-158
-298
-433
-373
63
901
1812
2155
1521
408
88
1361
3395
4264
2997
857
130
1612
3741
4379
3104
1372
700
1206
1969
2228
1865
1066
102
-593
-628
-155
134
-236
-1013
-1615
-1828
-1827
-1702
-1378
-1040
-1163
-1896
-2678
-2778
-2111
-1297
-940
-1091
-1408
-1538
-1244
-470
444
807
251
-634
-732
353
1720
2120
1339
365
206
866
1573
1728
1365
861
514
447
629
844
771
279
-393
-845
-909
-770
-708
-836
-1090
-1369
-1586
-1622
-1376
-944
-631
-696
-1056
-1334
-1222
-773
-350
-287
-607
-994
-1058
-680
-147
73
-203
-683
-890
-659
-260
-68
-163
-352
-467
-499
-413
-16
814
1762
2145
1558
499
150
1292
3316
4544
3781
1644
143
730
2791
4273
3825
2086
777
816
1653
2244
2118
1428
486
-359
-696
-391
105
120
-519
-1354
-1874
-1973
-1801
-1462
-1111
-1082
-1593
-2332
-2629
-2152
-1299
-768
-872
-1358
-1721
-1555
-774
258
866
608
-203
-682
-217
896
1748
1703
964
302
339
1035
1796
1991
1469
647
148
253
689
914
621
-51
-710
-1063
-1071
-896
-759
-821
-1103
-1465
-1670
-1552
-1182
-840
-788
-1030
-1314
-1360
-1088
-665
-373
-412
-737
-1057
-1032
-595
-75
95
-198
-622
-758
-515
-175
-41
-147
-333
-475
-507
-283
388
1390
2105
1848
711
-175
400
2322
3946
3680
1780
246
720
2708
4173
3765
2108
852
861
1646
2260
2237
1644
719
-206
-689
-501
16
211
-214
-954
-1542
-1818
-1835
-1587
-1142
-875
-1198
-1975
-2493
-2208
-1371
-715
-681
-1117
-1577
-1667
-1174
-192
754
971
265
-692
-863
156
1668
2451
1868
469
-450
3
1477
2623
2339
852
-483
-538
497
1416
1278
231
-828
-1207
-931
-512
-406
-695
-1160
-1519
-1631
-1529
-1324
-1100
-933
-931
-1159
-1469
-1517
-1080
-381
21
-243
-949
-1434
-1212
-440
224
227
-384
-1028
-1149
-717
-180
14
-203
-551
-714
-519
94
1026
1862
1961
1085
-33
-92
1426
3415
4045
2708
823
392
1844
3634
3997
2762
1245
646
1014
1642
1960
1801
1194
327
-367
-504
-191
30
-223
-805
-1330
-1629
-1737
-1629
-1289
-984
-1140
-1806
-2426
-2385
-1696
-959
-714
-987
-1421
-1638
-1415
-722
190
835
817
216
-398
-394
424
1612
2328
1931
649
-384
-68
1451
2706
2338
593
-892
-824
441
1419
1109
-142
-1242
-1489
-1033
-485
-329
-658
-1225
-1654
-1706
-1435
-1100
-902
-862
-939
-1124
-1328
-1294
-833
-159
178
-158
-864
-1250
-941
-239
210
47
-517
-966
-951
-538
-93
38
-222
-635
-807
-420
518
1558
1992
1434
360
-78
897
2728
3845
3217
1530
551
1279
2917
3817
3234
1898
988
940
1342
1638
1584
1166
476
-213
-528
-365
-70
-104
-555
-1131
-1545
-1712
-1618
-1280
-913
-911
-1425
-2054
-2183
-1653
-913
-530
-693
-1177
-1604
-1629
-1053
-33
844
936
179
-706
-800
162
1489
2111
1513
243
-510
23
1401
2310
1835
394
-680
-489
583
1366
1094
33
-960
-1278
-974
-520
-340
-554
-1003
-1420
-1598
-1466
-1091
-668
-460
-639
-1099
-1468
-1393
-884
-325
-138
-414
-865
-1094
-928
-529
-236
-286
-618
-930
-952
-669
-330
-202
-341
-569
-639
-367
279
1096
1624
1434
643
93
673
2290
3666
3506
1951
600
882
2528
3889
3709
2327
1068
799
1299
1848
1984
1648
955
153
-375
-376
-58
61
-293
-900
-1386
-1607
-1600
-1389
-1044
-858
-1148
-1804
-2264
-2067
-1354
-731
-669
-1121
-1647
-1787
-1334
-432
488
944
730
93
-416
-303
514
1558
2031
1441
203
-537
39
1464
2314
1674
137
-820
-426
663
1204
677
-379
-1102
-1122
-691
-304
-305
-711
-1256
-1598
-1564
-1249
-887
-658
-628
-791
-1065
-1265
-1193
-835
-451
-375
-674
-1057
-1150
-855
-436
-256
-447
-813
-1033
-935
-621
-339
-271
-415
-616
-646
-316
392
1186
1552
1175
403
143
1039
2636
3603
3038
1522
633
1303
2847
3740
3220
1915
982
940
1437
1852
1831
1336
543
-203
-533
-388
-127
-170
-580
-1091
-1449
-1592
-1520
-1227
-873
-810
-1224
-1813
-2008
-1574
-876
-493
-661
-1139
-1487
-1377
-767
46
571
484
-44
-451
-281
413
1147
1418
1077
409
-47
124
848
1521
1490
700
-167
-329
295
991
992
236
-647
-1021
-812
-430
-295
-502
-877
-1194
-1301
-1157
-844
-555
-483
-667
-938
-1045
-873
-543
-310
-349
-607
-859
-891
-672
-374
-233
-344
-597
-780
-775
-638
-506
-473
-536
-638
-682
-550
-136
510
1108
1275
887
353
396
1352
2671
3269
2601
1334
773
1525
2845
3436
2793
1612
927
1090
1649
1970
1761
1112
315
-274
-415
-200
-21
-206
-702
-1186
-1440
-1491
-1428
-1288
-1158
-1231
-1580
-1955
-1969
-1536
-992
-754
-925
-1250
-1371
-1091
-490
111
345
106
-293
-364
74
701
1023
858
453
204
315
692
1052
1122
830
373
71
95
319
447
286
-103
-488
-668
-614
-463
-400
-514
-737
-910
-920
-787
-622
-538
-596
-775
-954
-964
-740
-424
-272
-409
-691
-839
-726
-494
-389
-504
-704
-793
-707
-554
-469
-491
-563
-616
-610
-518
-273
171
727
1109
1038
585
288
715
1802
2731
2678
1749
979
1278
2430
3315
3103
2066
1166
1023
1442
1824
1781
1329
698
165
-60
37
189
62
-406
-939
-1247
-1300
-1246
-1180
-1107
-1097
-1260
-1549
-1706
-1538
-1155
-867
-862
-1046
-1205
-1186
-934
-482
14
287
160
-236
-483
-201
578
1344
1456
739
-215
-465
347
1496
1801
879
-371
-709
89
1032
1068
185
-752
-1020
-663
-215
-92
-334
-731
-1031
-1080
-893
-631
-467
-453
-545
-697
-858
-918
-769
-469
-273
-391
-724
-939
-818
-476
-231
-274
-524
-753
-814
-722
-589
-503
-501
-579
-685
-681
-399
200
864
1167
879
304
137
845
2093
2913
2616
1548
825
1217
2363
3156
2891
1902
1101
1043
1520
1934
1862
1287
498
-117
-286
-68
165
52
-419
-935
-1212
-1245
-1190
-1134
-1085
-1106
-1283
-1548
-1666
-1469
-1070
-755
-716
-925
-1180
-1216
-859
-203
356
407
-49
-515
-430
271
1049
1242
707
-25
-226
334
1163
1499
1035
195
-286
-67
519
836
564
-68
-576
-671
-446
-208
-205
-460
-805
-1022
-990
-763
-513
-399
-466
-639
-788
-803
-657
-441
-323
-420
-670
-862
-821
-580
-357
-344
-535
-753
-829
-740
-595
-513
-542
-656
-783
-826
-696
-350
154
638
858
687
322
249
828
1832
2517
2322
1511
987
1376
2371
3050
2815
1937
1190
1078
1459
1843
1856
1435
754
120
-159
-3
285
253
-240
-871
-1218
-1189
-1014
-922
-959
-1088
-1291
-1495
-1544
-1343
-1005
-770
-773
-938
-1082
-1064
-832
-426
9
260
194
-102
-334
-199
367
1055
1347
953
195
-172
308
1236
1674
1127
101
-431
-62
673
947
495
-240
-674
-613
-294
-68
-133
-447
-787
-915
-764
-499
-349
-384
-488
-544
-561
-603
-644
-595
-464
-399
-511
-710
-782
-637
-424
-366
-530
-781
-942
-945
-851
-737
-641
-567
-512
-451
-325
-55
369
810
1019
862
553
577
1212
2118
2552
2129
1324
1041
1660
2613
2986
2453
1535
980
1059
1459
1707
1553
1044
411
-48
-139
49
168
-68
-578
-1001
-1087
-929
-784
-795
-924
-1093
-1263
-1384
-1386
-1252
-1061
-932
-941
-1065
-1175
-1091
-723
-198
167
118
-256
-534
-315
359
971
994
434
-128
-98
536
1191
1278
773
195
56
387
782
839
510
62
-223
-269
-192
-140
-188
-336
-549
-753
-849
-777
-592
-436
-421
-530
-650
-676
-588
-458
-402
-488
-670
-794
-728
-501
-297
-298
-516
-786
-906
-801
-563
-369
-343
-476
-639
-680
-514
-173
233
571
734
682
507
453
781
1498
2217
2406
1903
1198
1042
1692
2571
2831
2226
1346
959
1245
1723
1827
1404
716
133
-109
-5
222
243
-104
-641
-1011
-1038
-875
-782
-855
-1013
-1175
-1321
-1421
-1402
-1250
-1066
-991
-1071
-1206
-1217
-979
-538
-123
9
-185
-449
-434
-37
488
765
643
319
145
323
747
1095
1094
753
367
241
425
674
695
404
-14
-293
-304
-155
-61
-151
-372
-567
-624
-551
-442
-400
-467
-600
-705
-706
-606
-488
-444
-507
-627
-718
-718
-625
-505
-447
-511
-674
-826
-844
-701
-507
-422
-499
-632
-659
-518
-277
-32
205
474
747
883
797
658
818
1418
2102
2282
1786
1144
1088
1753
2498
2592
1968
1236
995
1273
1624
1626
1209
604
127
-18
136
308
180
-294
-810
-1018
-885
-691
-685
-861
-1060
-1192
-1257
-1255
-1176
-1060
-984
-964
-945
-883
-785
-667
-521
-351
-213
-157
-161
-138
-14
207
440
574
556
445
394
523
773
921
795
481
264
324
540
624
439
126
-80
-93
-22
-25
-169
-398
-582
-617
-506
-375
-368
-507
-676
-742
-678
-570
-516
-546
-616
-663
-659
-619
-581
-581
-632
-715
-786
-799
-741
-647
-581
-581
-619
-622
-531
-366
-202
-94
4
206
557
917
1048
881
679
833
1418
2027
2143
1705
1219
1225
1720
2176
2122
1621
1129
984
1119
1234
1127
813
425
103
-54
-36
27
-48
-322
-659
-877
-939
-945
-981
-1037
-1074
-1108
-1182
-1285
-1333
-1251
-1062
-886
-840
-922
-993
-887
-586
-258
-106
-164
-263
-204
37
303
436
420
356
338
390
500
637
735
703
528
335
285
407
551
541
350
115
-16
-12
47
53
-41
-198
-327
-356
-311
-288
-352
-465
-548
-579
-600
-644
-685
-692
-683
-705
-770
-843
-884
-890
-869
-828
-782
-771
-807
-838
-780
-622
-454
-373
-364
-320
-172
23
181
329
586
982
1334
1392
1161
988
1244
1875
2363
2261
1715
1346
1573
2144
2423
2091
1429
967
939
1149
1249
1047
601
122
-170
-206
-134
-204
-519
-921
-1159
-1164
-1088
-1107
-1229
-1355
-1423
-1448
-1442
-1376
-1247
-1112
-1035
-1011
-979
-888
-729
-537
-373
-294
-282
-235
-66
186
383
432
383
362
435
563
670
715
696
623
521
446
446
497
507
416
266
160
134
133
87
-6
-114
-219
-314
-378
-393
-389
-427
-529
-646
-712
-702
-657
-640
-693
-797
-889
-911
-867
-814
-813
-864
-915
-912
-841
-732
-629
-552
-499
-450
-380
-273
-136
8
141
268
402
544
689
858
1082
1345
1551
1599
1511
1465
1643
2017
2314
2253
1848
1443
1388
1673
1933
1824
1375
916
720
746
752
568
226
-138
-416
-576
-646
-704
-836
-1061
-1302
-1458
-1501
-1483
-1456
-1429
-1395
-1362
-1334
-1288
-1194
-1056
-915
-802
-714
-618
-485
-308
-106
74
183
216
236
316
458
575
587
509
441
457
535
594
579
507
424
364
332
314
276
185
47
-82
-136
-119
-103
-160
-281
-397
-453
-461
-472
-513
-571
-621
-650
-671
-696
-728
-753
-757
-743
-732
-746
-779
-788
-738
-650
-583
-573
-580
-535
-417
-287
-213
-188
-135
9
218
394
461
437
433
540
743
927
990
951
919
985
1137
1285
1347
1314
1239
1193
1210
1271
1316
1291
1188
1045
911
809
722
619
488
335
174
19
-115
-220
-313
-428
-582
-751
-889
-970
-1001
-1011
-1017
-1031
-1053
-1074
-1063
-996
-880
-759
-671
-606
-518
-381
-221
-90
-14
22
51
104
197
319
417
423
338
247
239
305
344
285
164
81
81
112
96
14
-89
-155
-176
-182
-199
-232
-272
-305
-324
-331
-334
-342
-356
-374
-399
-430
-455
-454
-426
-396
-395
-427
-466
-479
-441
-354
-253
-190
-189
-221
-225
-165
-58
51
126
155
153
155
209
330
468
533
487
393
358
432
559
643
632
552
477
468
532
618
658
618
525
448
441
492
535
506
408
302
254
266
283
252
170
79
13
-29
-69
-120
-174
-217
-255
-294
-328
-340
-326
-312
-321
-352
-375
-366
-330
-286
-248
-218
-195
-178
-155
-114
-53
8
43
42
22
9
24
61
87
66
-2
-65
-74
-33
-3
-41
-133
-217
-238
-203
-165
-172
-233
-314
-365
-364
-330
-308
-326
-376
-426
-443
-409
-333
-258
-234
-270
-319
-324
-273
-204
-155
-134
-126
-118
-105
-77
-30
21
50
48
33
40
81
141
191
210
195
167
157
190
250
292
286
252
234
250
268
256
220
200
211
229
226
215
220
241
237
179
97
52
75
130
148
100
23
-13
20
84
106
55
-27
-63
-16
76
137
128
76
46
72
133
181
187
166
154
175
219
260
277
268
242
210
180
161
159
163
152
118
69
30
13
12
3
-28
-77
-125
-159
-178
-190
-204
-234
-284
-342
-379
-374
-341
-321
-349
-414
-466
-467
-427
-389
-388
-415
-430
-405
-349
-297
-276
-284
-295
-278
-224
-153
-98
-77
-78
-69
-31
17
44
41
32
46
79
104
103
88
82
92
103
98
79
63
67
89
113
117
93
55
34
44
68
73
46
13
6
27
44
31
-1
-18
-11
1
-8
-33
-44
-25
4
13
-9
-34
-26
22
80
117
122
118
134
175
220
241
232
217
225
265
317
348
347
330
316
308
301
294
295
302
294
255
201
169
176
196
177
106
23
-10
22
69
66
-4
-91
-134
-124
-106
-127
-185
-237
-252
-234
-213
-211
-234
-272
-305
-307
-274
-232
-219
-240
-261
-247
-208
-182
-181
-182
-165
-138
-121
-110
-85
-38
3
12
-7
-25
-19
8
38
56
52
33
11
0
0
0
-13
-37
-65
-91
-116
-137
-152
-165
-188
-221
-244
-237
-209
-194
-214
-249
-256
-217
-163
-140
-159
-186
-179
-128
-61
-16
-8
-26
-42
-31
15
78
132
158
155
141
135
154
198
247
274
266
239
228
254
304
344
348
315
274
252
252
261
261
248
223
186
136
86
62
72
88
65
-4
-73
-85
-39
11
3
-67
-146
-175
-142
-80
-35
-31
-66
-115
-143
-126
-71
-23
-21
-60
-95
-84
-34
11
20
-1
-26
-34
-26
-6
22
48
59
54
43
39
44
54
69
87
93
71
27
-12
-17
5
21
1
-45
-89
-107
-102
-97
-108
-141
-183
-217
-231
-230
-228
-236
-251
-259
-255
-246
-239
-233
-217
-195
-179
-175
-169
-139
-89
-49
-42
-59
-60
-21
43
95
109
101
107
146
200
232
222
190
175
190
211
208
190
188
208
212
168
102
80
125
184
181
110
42
37
76
90
41
-36
-79
-66
-30
-18
-45
-88
-111
-97
-61
-38
-52
-90
-112
-95
-55
-31
-42
-71
-84
-61
-14
36
71
86
83
76
82
110
150
170
158
131
125
150
176
166
116
67
56
83
108
98
59
21
6
9
7
-10
-35
-56
-70
-82
-99
-118
-132
-139
-144
-157
-179
-193
-186
-163
-149
-158
-177
-180
-164
-146
-145
-154
-154
-140
-117
-94
-66
-31
-1
7
-1
-7
7
36
66
86
95
100
106
121
143
157
150
127
111
119
142
152
133
91
51
30
26
26
20
8
-4
-10
-11
-14
-20
-30
-45
-65
-84
-86
-67
-42
-35
-50
-67
-64
-47
-37
-42
-46
-31
-6
5
-3
-12
-1
30
62
77
73
56
41
46
76
110
117
90
64
79
124
151
129
84
66
79
84
55
15
4
17
15
-21
-63
-76
-63
-61
-88
-125
-145
-143
-136
-139
-154
-172
-184
-186
-182
-182
-193
-203
-187
-140
-90
-75
-98
-122
-110
-63
-18
-7
-25
-39
-24
14
47
55
41
27
37
69
