7
8
7
5
4
4
5
3
-2
-6
-6
0
8
12
10
5
0
-2
-3
-5
-9
-11
-9
-7
-7
-7
-5
1
8
13
16
17
19
19
16
10
5
1
-3
-7
-10
-10
-6
0
3
1
-3
-7
-9
-8
-6
-5
-5
-5
-4
-3
-3
-5
-9
-12
-12
-10
-7
-4
0
3
3
1
1
1
1
0
-1
1
5
8
7
4
0
-4
-8
-10
-10
-10
-9
-8
-6
-5
-6
-9
-11
-9
-5
-2
-2
-2
0
5
7
4
-3
-10
-12
-11
-9
-8
-8
-7
-6
-5
-5
-4
-2
1
3
5
4
1
-2
-2
1
3
2
-3
-7
-7
-5
-4
-5
-5
-1
4
5
2
-3
-6
-6
-5
-4
-3
-3
-3
-3
-2
0
4
5
5
6
9
12
12
8
2
-3
-8
-10
-8
-4
1
7
12
15
15
13
10
8
8
8
7
6
5
4
4
3
3
3
1
1
3
7
10
8
3
-1
-3
-4
-7
-11
-11
-3
9
17
17
13
12
17
23
23
16
9
9
16
20
17
9
1
-2
-1
0
0
1
2
0
-4
-3
9
24
32
35
60
130
213
225
107
-89
-220
-187
-46
39
-28
-168
-213
-106
33
54
-39
-109
-61
41
69
-3
-84
-92
-50
-29
-49
-67
-47
-7
13
6
-4
-4
-1
-1
2
13
18
12
9
28
69
117
173
242
290
262
151
46
41
95
48
-195
-497
-597
-393
-69
91
1
-151
-145
34
198
180
-7
-212
-299
-238
-88
65
174
251
344
455
500
382
134
-57
-26
169
289
156
-166
-476
-647
-689
-635
-465
-188
86
221
188
46
-163
-427
-653
-671
-420
-72
121
84
-46
-129
-161
-193
-188
-57
191
414
478
391
260
161
91
34
13
50
115
141
101
15
-81
-167
-227
-239
-212
-194
-233
-332
-443
-516
-521
-457
-340
-208
-100
-45
-53
-115
-198
-247
-210
-78
109
277
359
328
226
137
131
222
382
566
730
836
860
796
661
483
307
180
118
89
46
-38
-149
-234
-235
-127
52
223
333
385
398
346
182
-72
-290
-336
-187
55
269
407
480
490
415
262
93
-11
-23
21
67
94
108
104
54
-63
-210
-310
-320
-273
-235
-222
-183
-72
78
182
196
152
103
48
-51
-198
-331
-384
-340
-234
-102
32
128
126
5
-170
-297
-328
-305
-271
-204
-58
124
209
114
-80
-195
-136
25
161
234
289
341
330
214
51
-49
-45
3
25
12
4
11
-2
-57
-126
-155
-121
-58
-16
-13
-27
-19
28
95
140
125
51
-31
-69
-60
-46
-64
-100
-112
-80
-29
6
11
-1
-14
-9
26
78
91
13
-144
-295
-367
-361
-335
-325
-313
-274
-230
-226
-277
-338
-359
-328
-285
-266
-271
-271
-254
-246
-282
-359
-433
-456
-420
-359
-315
-298
-291
-287
-304
-369
-472
-564
-587
-525
-409
-289
-195
-134
-113
-145
-232
-345
-424
-417
-320
-178
-50
28
54
53
78
179
375
622
834
946
957
911
858
822
809
812
817
802
755
686
626
604
631
697
793
913
1043
1138
1134
1011
837
731
759
882
1001
1056
1047
987
863
670
439
237
103
26
-46
-156
-321
-526
-743
-940
-1100
-1219
-1304
-1373
-1443
-1527
-1626
-1722
-1794
-1831
-1832
-1795
-1727
-1651
-1600
-1581
-1556
-1463
-1276
-1034
-815
-672
-611
-605
-627
-651
-647
-602
-536
-489
-472
-457
-428
-411
-437
-483
-468
-329
-90
159
337
421
435
409
368
339
358
453
613
765
818
725
539
383
358
465
635
790
906
975
1001
1009
1077
1288
1657
2126
2657
3295
4086
4922
5539
5713
5463
5028
4611
4226
3739
3054
2190
1225
221
-755
-1602
-2210
-2556
-2734
-2903
-3183
-3586
-4033
-4414
-4647
-4691
-4553
-4285
-3973
-3683
-3416
-3100
-2655
-2079
-1448
-846
-291
224
667
933
948
746
459
197
-34
-308
-665
-1071
-1451
-1765
-2018
-2226
-2375
-2436
-2395
-2270
-2115
-1982
-1882
-1754
-1506
-1094
-586
-124
179
322
417
594
897
1239
1474
1519
1429
1346
1369
1475
1551
1489
1250
871
413
-17
-252
-103
495
1469
2728
4209
5662
6512
6268
5175
4221
4258
5176
6084
6242
5611
4595
3476
2292
1071
10
-651
-845
-773
-806
-1278
-2281
-3558
-4633
-5092
-4859
-4218
-3615
-3361
-3460
-3639
-3583
-3163
-2482
-1711
-949
-243
341
719
860
790
577
314
113
20
-42
-237
-667
-1279
-1888
-2310
-2488
-2516
-2550
-2673
-2851
-3011
-3135
-3235
-3259
-3078
-2615
-1964
-1349
-951
-793
-770
-747
-605
-258
292
901
1313
1324
933
355
-115
-268
-76
298
602
657
459
114
-285
-704
-1033
-1056
-572
430
1832
3537
5417
7071
7839
7350
6092
5230
5599
6907
7973
7834
6503
4725
3129
1775
431
-897
-1871
-2215
-2103
-2096
-2684
-3905
-5282
-6131
-5969
-4881
-3513
-2638
-2539
-2822
-2820
-2203
-1192
-235
431
929
1508
2224
2823
2970
2584
1961
1504
1361
1288
907
35
-1153
-2276
-3032
-3404
-3619
-3926
-4377
-4801
-4989
-4883
-4611
-4331
-4069
-3694
-3080
-2270
-1486
-961
-752
-701
-560
-174
434
1070
1500
1570
1303
874
495
258
95
-113
-389
-638
-782
-866
-1021
-1277
-1513
-1539
-1281
-853
-513
-454
-590
-527
112
1366
2988
4790
6710
8481
9506
9321
8209
7099
6817
7408
8212
8430
7684
6129
4225
2375
748
-633
-1700
-2329
-2549
-2682
-3179
-4223
-5555
-6623
-6948
-6373
-5158
-3854
-3001
-2745
-2774
-2623
-2079
-1244
-292
715
1763
2716
3344
3471
3122
2499
1892
1501
1332
1161
711
-133
-1234
-2342
-3269
-3951
-4385
-4610
-4706
-4759
-4811
-4842
-4817
-4687
-4373
-3789
-2939
-1981
-1158
-625
-355
-189
46
426
919
1404
1749
1857
1709
1341
852
394
116
45
50
-55
-356
-775
-1164
-1403
-1482
-1439
-1289
-987
-565
-192
-78
-202
-289
-20
730
1942
3569
5473
7239
8249
8121
7098
5973
5519
5937
6740
7191
6843
5789
4424
3039
1667
296
-890
-1588
-1719
-1593
-1707
-2396
-3625
-5037
-6095
-6355
-5730
-4580
-3445
-2682
-2328
-2255
-2312
-2313
-2011
-1246
-159
868
1492
1678
1606
1407
1054
538
23
-232
-176
-63
-260
-925
-1896
-2839
-3495
-3793
-3803
-3624
-3320
-2951
-2611
-2412
-2373
-2342
-2074
-1447
-582
245
823
1111
1193
1179
1181
1304
1567
1842
1944
1826
1615
1439
1265
1003
718
633
835
1087
1042
632
144
-123
-157
-133
-111
0
212
339
231
-7
-145
-135
-149
-300
-456
-425
-205
51
297
640
1113
1502
1538
1230
897
851
1100
1413
1604
1683
1756
1862
1931
1862
1604
1190
735
401
306
431
618
683
535
225
-127
-437
-715
-1014
-1331
-1560
-1558
-1285
-879
-602
-657
-1018
-1412
-1517
-1226
-738
-380
-322
-471
-629
-726
-848
-1076
-1338
-1470
-1385
-1162
-974
-957
-1110
-1321
-1450
-1435
-1305
-1132
-971
-851
-777
-715
-601
-410
-204
-86
-78
-90
-15
146
278
283
195
140
202
325
403
403
386
412
485
580
670
705
627
454
303
279
358
420
385
274
143
29
-66
-147
-237
-369
-570
-823
-1058
-1159
-1020
-594
63
791
1353
1533
1301
898
694
878
1313
1720
1977
2178
2419
2602
2532
2140
1571
1053
743
698
891
1191
1361
1184
656
-5
-564
-976
-1338
-1671
-1825
-1637
-1151
-638
-398
-548
-965
-1376
-1522
-1297
-813
-326
-52
-25
-130
-273
-459
-720
-991
-1121
-1017
-750
-501
-428
-573
-869
-1175
-1331
-1252
-1013
-795
-717
-723
-664
-483
-285
-209
-284
-392
-390
-226
29
254
361
347
274
225
244
318
380
372
302
245
268
358
420
356
157
-74
-196
-144
7
112
88
-8
-53
-16
23
-22
-130
-232
-321
-451
-611
-727
-778
-840
-909
-766
-168
775
1547
1652
1102
415
145
438
1034
1598
1964
2151
2226
2225
2133
1905
1516
1056
734
752
1091
1442
1406
810
-142
-1031
-1550
-1687
-1638
-1591
-1584
-1544
-1406
-1195
-1012
-928
-886
-707
-257
360
799
744
227
-340
-515
-224
195
361
222
48
82
277
366
168
-222
-531
-555
-342
-145
-193
-489
-828
-992
-919
-698
-443
-238
-160
-255
-452
-562
-427
-89
232
339
216
-29
-324
-671
-1010
-1172
-1038
-712
-437
-328
-281
-184
-78
-50
-20
183
544
788
662
236
-191
-416
-490
-533
-534
-412
-200
-76
-186
-512
-928
-1306
-1553
-1581
-1327
-788
-10
916
1780
2215
1924
1050
249
231
1135
2393
3255
3397
3057
2642
2334
2050
1706
1373
1205
1257
1428
1512
1288
612
-442
-1499
-2072
-1934
-1344
-843
-805
-1179
-1638
-1883
-1822
-1523
-1106
-662
-178
450
1253
1985
2176
1551
429
-398
-303
586
1466
1549
748
-318
-946
-959
-713
-606
-685
-755
-716
-694
-857
-1215
-1619
-1872
-1839
-1509
-1052
-772
-893
-1331
-1736
-1814
-1590
-1330
-1206
-1113
-850
-418
-61
-8
-204
-357
-246
58
314
380
321
258
220
178
156
203
290
308
206
75
19
9
-106
-393
-707
-827
-714
-572
-650
-961
-1254
-1188
-540
713
2319
3732
4275
3635
2300
1393
1804
3369
4975
5550
4968
3963
3262
2945
2637
2116
1583
1346
1439
1562
1309
429
-1004
-2514
-3418
-3302
-2439
-1650
-1652
-2464
-3474
-3993
-3753
-2948
-1996
-1264
-897
-749
-508
15
712
1321
1727
2024
2299
2444
2286
1843
1360
1064
964
892
697
322
-232
-921
-1588
-2012
-2087
-1969
-1935
-2119
-2434
-2729
-2943
-3062
-3047
-2867
-2563
-2215
-1892
-1654
-1569
-1605
-1559
-1198
-501
266
781
921
819
679
601
549
476
402
372
362
288
120
-66
-175
-189
-159
-122
-78
-58
-138
-353
-609
-759
-728
-596
-488
-456
-362
114
1287
3080
4791
5442
4636
3110
2273
3007
4871
6512
6831
5827
4373
3359
3033
3051
2942
2505
1846
1188
633
30
-903
-2239
-3586
-4298
-4069
-3318
-2888
-3339
-4463
-5511
-5786
-5101
-3813
-2549
-1817
-1701
-1813
-1609
-824
355
1541
2514
3284
3881
4189
4080
3629
3128
2832
2756
2664
2304
1578
565
-560
-1564
-2222
-2434
-2361
-2346
-2640
-3214
-3830
-4265
-4413
-4260
-3854
-3329
-2878
-2628
-2543
-2462
-2227
-1764
-1084
-265
548
1173
1480
1484
1333
1202
1177
1233
1269
1192
957
597
195
-162
-422
-591
-693
-752
-791
-857
-995
-1214
-1421
-1503
-1420
-1221
-854
-47
1476
3481
5053
5202
3881
2306
2043
3621
6021
7592
7420
5923
4261
3345
3290
3600
3641
3087
2072
1036
307
-234
-995
-2133
-3220
-3633
-3282
-2831
-3063
-4128
-5395
-6051
-5712
-4593
-3264
-2335
-2136
-2499
-2800
-2413
-1202
420
1927
3093
3916
4330
4177
3564
3011
3084
3786
4468
4353
3234
1624
285
-382
-522
-570
-837
-1353
-1978
-2598
-3196
-3778
-4285
-4575
-4539
-4203
-3777
-3526
-3557
-3673
-3515
-2877
-1911
-997
-408
-112
133
518
1042
1553
1881
1919
1676
1265
876
650
578
511
285
-119
-578
-946
-1184
-1342
-1472
-1551
-1558
-1549
-1627
-1734
-1506
-462
1467
3600
4816
4436
2901
1566
1705
3492
5790
7000
6386
4677
3334
3173
3802
4257
3982
3079
1979
1063
478
28
-684
-1783
-2823
-3190
-2861
-2556
-3021
-4211
-5337
-5597
-4848
-3606
-2601
-2283
-2591
-2982
-2802
-1790
-306
1006
1806
2279
2798
3423
3850
3797
3398
3128
3336
3832
4005
3356
1998
580
-254
-412
-346
-587
-1261
-2072
-2670
-2976
-3156
-3377
-3667
-3942
-4101
-4060
-3817
-3494
-3251
-3089
-2825
-2322
-1677
-1114
-719
-372
61
563
1021
1333
1448
1337
1042
711
521
500
492
331
6
-359
-655
-869
-1035
-1141
-1150
-1075
-1028
-1098
-1104
-546
938
2981
4447
4326
2791
1319
1523
3682
6338
7462
6237
3777
2064
2149
3405
4374
4147
2894
1423
457
186
217
-105
-1094
-2358
-3136
-3100
-2720
-2766
-3461
-4295
-4564
-4042
-3093
-2316
-2100
-2407
-2781
-2648
-1785
-562
365
718
902
1552
2791
4019
4444
3843
2796
2226
2607
3519
3923
3076
1280
-314
-790
-341
-11
-550
-1691
-2559
-2671
-2375
-2370
-2971
-3866
-4490
-4501
-3998
-3396
-3119
-3257
-3485
-3345
-2689
-1828
-1192
-884
-643
-209
380
847
986
823
577
488
642
880
913
604
115
-255
-368
-349
-399
-585
-832
-1033
-1169
-1258
-1207
-725
457
2191
3727
4127
3081
1429
718
1945
4507
6499
6380
4427
2460
2075
3254
4641
4929
3822
1986
408
-230
35
460
193
-932
-2225
-2887
-2859
-2781
-3152
-3775
-4065
-3758
-3122
-2620
-2493
-2696
-2953
-2876
-2196
-1092
-153
165
67
240
1113
2414
3470
3842
3565
2982
2505
2466
2874
3283
3064
2033
696
-216
-488
-532
-836
-1423
-1957
-2215
-2320
-2531
-2937
-3418
-3768
-3834
-3607
-3275
-3109
-3221
-3394
-3269
-2721
-1992
-1416
-1070
-768
-340
151
502
596
522
480
596
800
881
674
219
-238
-454
-395
-266
-310
-573
-856
-966
-955
-1038
-1214
-1061
-49
1794
3588
4134
3005
1192
500
1959
4714
6623
6175
3905
1862
1714
3332
5133
5557
4252
2091
377
-93
477
1085
761
-569
-2025
-2661
-2391
-1972
-2146
-2907
-3656
-3859
-3498
-2951
-2642
-2717
-2968
-2967
-2449
-1601
-924
-697
-656
-275
642
1746
2524
2775
2712
2664
2787
2991
3083
2909
2471
1904
1387
973
579
97
-434
-863
-1093
-1227
-1475
-1949
-2544
-3030
-3251
-3240
-3167
-3177
-3295
-3422
-3438
-3281
-2970
-2560
-2103
-1628
-1161
-745
-412
-157
65
283
470
558
541
485
441
367
194
-39
-198
-233
-248
-356
-543
-700
-797
-913
-1070
-1063
-526
768
2504
3772
3635
2093
500
622
2873
5582
6396
4620
1995
977
2360
4706
5921
5097
2948
901
27
480
1499
1895
945
-929
-2471
-2772
-2120
-1578
-1843
-2665
-3340
-3494
-3278
-3005
-2855
-2827
-2818
-2652
-2219
-1636
-1194
-1003
-802
-228
731
1666
2178
2265
2252
2401
2673
2824
2699
2374
2067
1889
1713
1289
556
-221
-656
-651
-529
-724
-1341
-2075
-2559
-2715
-2729
-2789
-2939
-3132
-3320
-3424
-3355
-3106
-2778
-2459
-2113
-1679
-1224
-917
-803
-717
-462
-46
347
544
543
443
346
305
315
314
222
25
-193
-318
-332
-294
-296
-419
-664
-804
-401
845
2558
3667
3247
1582
263
880
3389
5872
6192
4034
1313
423
2046
4614
5867
4844
2477
524
112
1054
2193
2308
1027
-870
-2120
-2135
-1489
-1216
-1761
-2702
-3359
-3435
-3107
-2727
-2541
-2540
-2532
-2336
-1992
-1705
-1584
-1457
-1047
-285
587
1238
1541
1642
1795
2139
2599
2914
2820
2305
1727
1540
1804
2012
1586
532
-491
-862
-626
-383
-620
-1291
-2002
-2443
-2577
-2549
-2529
-2625
-2851
-3105
-3224
-3114
-2838
-2543
-2279
-1959
-1523
-1089
-832
-727
-551
-164
300
585
600
465
346
312
333
334
237
27
-202
-319
-303
-256
-301
-472
-702
-835
-627
184
1561
2919
3335
2355
697
-58
1167
3723
5554
5050
2717
827
1246
3592
5660
5593
3513
1127
69
666
1967
2624
1890
143
-1433
-1893
-1368
-858
-1160
-2121
-2984
-3264
-3103
-2866
-2720
-2628
-2575
-2560
-2495
-2285
-1982
-1700
-1422
-1008
-432
145
593
993
1486
2028
2421
2573
2610
2664
2694
2573
2315
2048
1812
1467
927
347
-2
-59
-69
-336
-917
-1594
-2089
-2277
-2235
-2159
-2238
-2535
-2935
-3220
-3227
-2966
-2586
-2241
-1989
-1789
-1576
-1310
-978
-585
-194
70
130
67
69
234
461
558
414
82
-276
-491
-512
-449
-470
-592
-688
-697
-706
-712
-415
553
2050
3220
3109
1697
272
489
2703
5296
6009
4196
1634
827
2505
4961
5861
4467
2057
464
503
1617
2582
2436
1091
-619
-1586
-1418
-786
-682
-1396
-2347
-2883
-2955
-2920
-2942
-2879
-2638
-2405
-2398
-2565
-2624
-2372
-1827
-1165
-593
-240
-38
293
982
1871
2438
2345
1876
1713
2182
2857
2984
2303
1319
777
911
1269
1214
555
-320
-865
-904
-737
-790
-1204
-1756
-2140
-2264
-2299
-2453
-2717
-2854
-2681
-2307
-2033
-2006
-2048
-1880
-1456
-1012
-777
-723
-623
-319
99
375
340
76
-145
-114
117
299
219
-113
-481
-655
-565
-336
-213
-405
-893
-1319
-1126
38
1858
3330
3383
1871
22
-323
1638
4636
6195
4929
2069
445
1710
4648
6430
5439
2685
519
365
1727
3031
3032
1624
-269
-1451
-1411
-715
-408
-976
-1951
-2601
-2766
-2816
-2966
-3004
-2715
-2309
-2168
-2352
-2531
-2396
-1923
-1324
-855
-672
-668
-465
271
1368
2182
2244
1806
1591
1980
2624
2878
2498
1788
1209
969
976
984
780
328
-179
-504
-635
-817
-1236
-1737
-1999
-1954
-1916
-2204
-2749
-3153
-3110
-2687
-2216
-1981
-2010
-2083
-1933
-1477
-878
-389
-143
-102
-147
-172
-105
77
319
499
495
285
-18
-235
-269
-192
-185
-342
-583
-760
-832
-890
-952
-786
-63
1222
2466
2780
1812
382
58
1737
4450
5919
4740
2031
521
1781
4577
6177
5161
2622
783
796
2016
2992
2789
1498
-75
-1064
-1127
-683
-527
-1062
-1946
-2553
-2689
-2686
-2834
-2969
-2801
-2418
-2237
-2461
-2793
-2761
-2238
-1536
-1071
-984
-1032
-768
59
1195
2001
2039
1550
1224
1499
2128
2518
2368
1924
1602
1517
1432
1142
740
448
276
14
-465
-1007
-1355
-1432
-1377
-1382
-1573
-1970
-2453
-2787
-2774
-2469
-2154
-2058
-2117
-2071
-1758
-1275
-857
-652
-627
-637
-550
-323
-39
161
197
131
88
112
125
43
-127
-318
-502
-676
-779
-741
-618
-611
-850
-1165
-1104
-303
1122
2469
2842
1894
392
-126
1299
3823
5262
4254
1919
873
2410
5047
6139
4687
2162
741
1159
2411
3039
2412
972
-356
-922
-775
-541
-792
-1471
-2030
-2140
-2097
-2377
-2933
-3180
-2761
-2059
-1796
-2212
-2837
-3006
-2488
-1589
-816
-484
-511
-488
-47
724
1327
1401
1186
1237
1735
2254
2314
1958
1626
1552
1515
1222
742
399
353
412
293
-92
-592
-990
-1162
-1152
-1162
-1411
-1914
-2417
-2597
-2373
-1995
-1794
-1860
-2000
-1982
-1745
-1371
-961
-611
-459
-567
-767
-735
-334
190
447
313
6
-189
-186
-85
-8
-30
-204
-521
-842
-975
-859
-681
-717
-1018
-1273
-1024
-36
1438
2687
2916
1900
470
118
1632
4032
5229
4132
1969
1122
2584
4886
5702
4285
2053
904
1370
2449
2882
2252
998
-205
-920
-1085
-950
-880
-1099
-1556
-2097
-2660
-3177
-3383
-3022
-2277
-1804
-2088
-2858
-3315
-2956
-2028
-1195
-901
-1063
-1225
-920
-16
1110
1783
1615
950
632
1176
2216
2834
2474
1453
615
515
993
1417
1284
611
-155
-582
-610
-531
-632
-919
-1208
-1428
-1707
-2132
-2508
-2512
-2099
-1640
-1566
-1899
-2211
-2065
-1456
-807
-547
-724
-991
-949
-498
78
378
234
-146
-379
-266
34
180
-2
-366
-623
-633
-519
-510
-680
-900
-1007
-1003
-1033
-1122
-970
-185
1217
2561
2919
1962
506
66
1511
3946
5239
4135
1814
861
2467
5051
5993
4462
2073
914
1450
2533
2894
2224
1028
-40
-599
-663
-610
-857
-1411
-1890
-2072
-2237
-2726
-3312
-3347
-2646
-1875
-1858
-2608
-3299
-3146
-2202
-1213
-848
-1119
-1436
-1152
-132
1105
1816
1718
1260
1124
1511
2000
2128
1896
1609
1396
1143
822
639
696
764
545
73
-351
-556
-664
-838
-1074
-1299
-1530
-1818
-2075
-2124
-1939
-1737
-1761
-1991
-2155
-2013
-1598
-1134
-807
-648
-606
-607
-555
-365
-76
137
117
-105
-338
-416
-335
-216
-181
-285
-491
-696
-810
-850
-902
-1000
-1053
-987
-878
-817
-612
130
1451
2642
2740
1622
490
874
2984
5187
5460
3499
1217
907
2903
5237
5670
3893
1620
701
1410
2577
2972
2294
1046
-112
-781
-933
-867
-973
-1346
-1750
-2012
-2284
-2738
-3141
-3026
-2389
-1882
-2134
-2977
-3571
-3270
-2253
-1252
-844
-1018
-1304
-1178
-449
616
1498
1833
1645
1248
1018
1215
1845
2510
2595
1831
743
257
756
1592
1747
905
-249
-834
-669
-306
-307
-711
-1199
-1553
-1790
-1944
-1935
-1717
-1456
-1422
-1699
-2057
-2147
-1804
-1188
-656
-487
-686
-964
-955
-526
81
421
237
-298
-732
-726
-351
8
1
-391
-881
-1151
-1113
-918
-761
-733
-810
-953
-1134
-1277
-1223
-804
55
1201
2203
2507
1904
971
871
2306
4531
5700
4618
2197
802
1875
4362
5802
4882
2642
1114
1228
2225
2818
2430
1356
198
-577
-807
-678
-606
-896
-1466
-2044
-2556
-3093
-3524
-3465
-2815
-2167
-2287
-3186
-3966
-3762
-2645
-1490
-1032
-1251
-1572
-1431
-641
541
1536
1807
1357
826
917
1682
2465
2598
2046
1361
1071
1233
1483
1457
1114
707
468
373
204
-154
-552
-762
-798
-937
-1381
-1957
-2266
-2126
-1784
-1648
-1855
-2152
-2172
-1793
-1232
-837
-792
-979
-1099
-954
-611
-301
-173
-179
-197
-181
-153
-121
-78
-67
-157
-335
-482
-501
-434
-424
-553
-773
-954
-1007
-930
-798
-670
-513
-143
621
1653
2398
2272
1381
745
1452
3422
5150
5079
3319
1743
2096
4097
5718
5342
3385
1644
1356
2166
2863
2667
1683
473
-455
-872
-869
-832
-1141
-1792
-2420
-2778
-3009
-3321
-3578
-3459
-3028
-2812
-3181
-3796
-3926
-3239
-2170
-1445
-1366
-1595
-1545
-888
214
1261
1782
1687
1342
1265
1709
2457
3011
2970
2343
1570
1231
1548
2122
2225
1512
407
-304
-298
-5
-55
-583
-1205
-1577
-1742
-1917
-2124
-2213
-2139
-2056
-2092
-2179
-2151
-1956
-1679
-1423
-1238
-1137
-1076
-926
-572
-109
159
23
-366
-612
-491
-159
49
-37
-327
-626
-787
-767
-638
-566
-685
-948
-1139
-1114
-945
-843
-907
-1014
-943
-547
208
1239
2256
2750
2354
1402
972
1965
3977
5364
4796
2822
1519
2355
4547
5866
5000
2817
1239
1258
2237
2898
2542
1374
56
-829
-1099
-1018
-1062
-1498
-2168
-2746
-3134
-3464
-3751
-3763
-3353
-2828
-2721
-3168
-3653
-3525
-2678
-1627
-967
-843
-928
-746
-39
1033
1935
2166
1766
1392
1686
2572
3286
3174
2361
1580
1389
1678
1899
1681
1134
612
298
84
-215
-621
-999
-1234
-1365
-1533
-1830
-2190
-2430
-2433
-2277
-2176
-2254
-2386
-2307
-1904
-1373
-1037
-1029
-1169
-1169
-917
-556
-305
-251
-298
-299
-211
-124
-155
-310
-473
-526
-471
-415
-445
-546
-656
-742
-798
-806
-766
-735
-793
-901
-906
-705
-362
39
578
1394
2317
2806
2471
1724
1632
2842
4647
5453
4435
2599
1869
3030
4834
5342
3976
1993
1018
1418
2239
2400
1660
522
-436
-984
-1206
-1344
-1624
-2087
-2550
-2832
-3010
-3307
-3699
-3796
-3328
-2608
-2305
-2668
-3192
-3160
-2433
-1528
-977
-806
-652
-239
412
1120
1729
2126
2232
2088
1922
1999
2375
2771
2772
2207
1390
895
1032
1489
1620
1104
269
-330
-517
-576
-790
-1098
-1314
-1479
-1803
-2288
-2632
-2586
-2275
-2043
-2062
-2194
-2201
-1968
-1549
-1104
-828
-823
-980
-1024
-763
-296
76
130
-82
-318
-373
-220
26
202
192
-17
-313
-530
-579
-511
-461
-500
-600
-698
-776
-827
-828
-743
-609
-520
-508
-426
-35
788
1849
2658
2720
2015
1240
1404
2848
4621
5154
3831
1843
1130
2371
4223
4755
3466
1657
875
1372
2152
2215
1410
253
-705
-1211
-1325
-1336
-1562
-2060
-2561
-2819
-2938
-3172
-3433
-3333
-2779
-2284
-2405
-3000
-3306
-2805
-1768
-906
-606
-673
-656
-287
383
1102
1632
1919
2101
2299
2409
2242
1880
1738
2067
2538
2499
1764
885
556
828
1094
812
57
-683
-1069
-1160
-1216
-1422
-1813
-2287
-2648
-2711
-2485
-2202
-2100
-2178
-2234
-2120
-1877
-1613
-1348
-1040
-734
-547
-515
-517
-410
-191
20
121
115
67
32
34
70
86
15
-148
-306
-357
-305
-258
-312
-459
-630
-757
-795
-723
-582
-481
-520
-657
-721
-562
-173
394
1122
1955
2614
2680
2048
1320
1466
2826
4458
4841
3513
1809
1584
3158
4887
4958
3313
1499
867
1322
1846
1725
1008
61
-839
-1507
-1805
-1809
-1831
-2099
-2539
-2963
-3338
-3676
-3795
-3451
-2791
-2369
-2545
-2997
-3045
-2395
-1425
-707
-433
-374
-232
129
696
1346
1853
2014
1882
1767
1926
2260
2439
2272
1912
1622
1485
1352
1086
730
433
250
65
-281
-796
-1286
-1524
-1489
-1409
-1549
-1962
-2434
-2667
-2524
-2144
-1833
-1794
-1934
-1974
-1749
-1371
-1064
-922
-860
-779
-676
-585
-485
-296
12
328
452
291
-8
-163
-39
194
244
11
-329
-532
-519
-396
-299
-298
-400
-593
-802
-882
-726
-428
-220
-241
-350
-288
32
461
894
1436
2162
2776
2773
2088
1466
1875
3381
4783
4688
3100
1643
1904
3626
4913
4298
2282
627
420
1170
1689
1365
440
-551
-1249
-1527
-1473
-1409
-1680
-2271
-2809
-3034
-3117
-3314
-3492
-3265
-2633
-2134
-2219
-2632
-2691
-2084
-1175
-501
-190
10
317
697
1016
1240
1469
1816
2249
2508
2314
1743
1329
1553
2209
2471
1782
541
-258
-93
559
780
166
-898
-1739
-2004
-1802
-1484
-1408
-1743
-2338
-2785
-2755
-2315
-1843
-1624
-1624
-1658
-1654
-1629
-1513
-1177
-685
-349
-409
-726
-874
-578
12
475
514
183
-198
-313
-92
258
422
252
-112
-388
-424
-305
-225
-283
-426
-536
-548
-472
-369
-300
-295
-312
-270
-134
33
146
234
514
1206
2219
3028
3031
2194
1350
1584
3087
4692
4848
3272
1438
1149
2609
4201
4233
2681
1000
444
907
1415
1292
602
-269
-1038
-1550
-1733
-1725
-1841
-2209
-2593
-2726
-2714
-2856
-3125
-3113
-2623
-2046
-1931
-2278
-2516
-2175
-1374
-556
44
473
777
872
785
804
1232
2007
2648
2645
1963
1166
996
1662
2516
2576
1528
142
-455
45
828
866
-37
-1191
-1832
-1794
-1438
-1204
-1304
-1708
-2220
-2590
-2655
-2428
-2060
-1720
-1536
-1576
-1780
-1907
-1663
-1002
-267
66
-158
-620
-810
-487
127
558
500
67
-313
-294
96
504
594
320
-85
-358
-416
-358
-303
-268
-221
-184
-243
-408
-555
-520
-302
-90
-77
-244
-373
-269
50
408
681
964
1452
2129
2604
2443
1767
1389
2068
3512
4407
3730
2011
943
1588
3179
3964
3098
1427
381
484
1093
1336
921
96
-765
-1384
-1628
-1608
-1646
-1966
-2412
-2664
-2689
-2755
-2961
-3026
-2668
-2075
-1723
-1804
-2020
-1961
-1473
-676
182
763
753
231
-156
312
1594
2733
2751
1703
652
587
1449
2308
2328
1497
473
-77
18
425
632
332
-394
-1168
-1631
-1698
-1555
-1442
-1482
-1696
-2058
-2446
-2612
-2355
-1769
-1264
-1218
-1606
-1992
-1922
-1314
-521
-29
-75
-468
-744
-559
11
539
648
351
-4
-114
29
229
340
348
272
83
-196
-417
-415
-205
-7
-43
-324
-647
-781
-645
-353
-119
-105
-286
-466
-432
-155
186
379
415
506
906
1647
2414
2704
2263
1491
1271
2125
3488
4088
3279
1874
1361
2278
3597
3873
2775
1294
545
701
1105
1132
670
-55
-779
-1295
-1496
-1492
-1565
-1867
-2232
-2437
-2538
-2754
-3021
-2969
-2415
-1746
-1535
-1866
-2206
-2002
-1209
-240
447
635
392
51
85
766
1803
2459
2194
1267
553
707
1512
2118
1871
909
-37
-331
39
540
595
47
-785
-1417
-1604
-1468
-1310
-1328
-1524
-1814
-2136
-2395
-2413
-2061
-1475
-1041
-1060
-1429
-1710
-1535
-931
-276
39
-91
-439
-636
-459
-4
402
490
277
24
-36
106
291
373
308
120
-140
-364
-422
-283
-95
-67
-253
-507
-641
-597
-429
-225
-69
-45
-176
-351
-364
-118
266
554
644
672
913
1504
2248
2670
2421
1731
1385
1999
3242
3985
3437
2106
1357
1954
3196
3696
2875
1490
674
749
1100
1045
510
-139
-632
-975
-1249
-1483
-1714
-1998
-2286
-2433
-2427
-2468
-2683
-2870
-2680
-2120
-1652
-1688
-2056
-2142
-1549
-531
258
379
-12
-319
-18
874
1751
1935
1336
600
486
1104
1819
1937
1370
636
264
344
553
542
210
-279
-687
-902
-1007
-1153
-1355
-1484
-1469
-1454
-1649
-2005
-2180
-1914
-1375
-1029
-1144
-1501
-1642
-1343
-794
-366
-274
-442
-623
-596
-319
54
296
283
86
-95
-95
96
345
487
432
208
-78
-281
-296
-134
47
54
-165
-443
-547
-400
-146
-4
-57
-216
-333
-327
-199
-5
187
319
370
376
451
740
1329
2082
2607
2515
1868
1342
1701
2945
4092
4044
2759
1428
1291
2343
3361
3232
2056
857
396
535
683
530
163
-297
-856
-1444
-1836
-1925
-1903
-2026
-2280
-2471
-2556
-2668
-2787
-2664
-2195
-1699
-1569
-1734
-1697
-1173
-456
-54
-82
-187
-1
493
1019
1303
1258
1022
872
1030
1407
1626
1394
865
494
518
689
617
229
-206
-463
-589
-745
-964
-1175
-1347
-1504
-1620
-1651
-1646
-1719
-1872
-1948
-1825
-1594
-1451
-1437
-1396
-1189
-883
-654
-565
-520
-409
-235
-66
63
158
217
240
266
337
427
459
405
332
307
295
213
60
-61
-70
-10
13
-43
-120
-140
-90
-24
-20
-105
-232
-283
-172
64
261
303
247
258
417
674
980
1395
1931
2350
2300
1786
1396
1803
2937
3835
3562
2272
1175
1287
2351
3132
2756
1540
493
211
444
604
402
-72
-648
-1213
-1637
-1807
-1797
-1846
-2068
-2299
-2354
-2315
-2401
-2561
-2478
-2014
-1484
-1292
-1418
-1443
-1084
-499
-30
191
282
382
549
805
1108
1293
1217
982
879
1013
1148
1028
739
561
552
473
167
-215
-431
-489
-596
-864
-1185
-1405
-1496
-1508
-1470
-1413
-1419
-1537
-1682
-1700
-1546
-1325
-1147
-1018
-897
-792
-723
-645
-467
-185
78
191
164
133
198
320
392
365
290
234
216
210
190
151
114
109
133
128
39
-104
-194
-183
-155
-216
-338
-371
-241
-64
-26
-160
-298
-259
-42
194
300
287
274
368
587
920
1361
1853
2198
2151
1719
1341
1583
2507
3395
3349
2282
1166
1079
2024
2910
2747
1654
574
186
343
504
376
6
-498
-1063
-1540
-1748
-1712
-1677
-1804
-1985
-2069
-2134
-2338
-2555
-2412
-1794
-1114
-907
-1199
-1474
-1263
-620
23
340
328
179
97
231
613
1076
1325
1204
856
585
547
660
751
725
553
248
-119
-397
-475
-428
-460
-689
-1036
-1319
-1432
-1384
-1243
-1105
-1080
-1224
-1437
-1510
-1313
-942
-625
-502
-531
-577
-545
-408
-185
59
225
255
196
167
235
347
398
360
292
254
236
205
165
155
166
123
-40
-270
-421
-390
-236
-142
-223
-412
-521
-435
-219
-57
-69
-205
-300
-235
-40
153
254
286
334
442
589
752
971
1314
1753
2093
2088
1717
1337
1457
2216
3091
3275
2484
1348
866
1406
2311
2572
1854
757
112
141
403
385
-19
-583
-1076
-1403
-1547
-1551
-1557
-1704
-1960
-2142
-2156
-2113
-2121
-2055
-1732
-1262
-1023
-1191
-1450
-1319
-714
-25
324
266
55
-22
170
579
984
1109
864
473
301
463
706
705
440
167
74
75
-9
-194
-361
-473
-625
-876
-1114
-1182
-1070
-918
-859
-921
-1054
-1174
-1187
-1028
-753
-528
-481
-564
-605
-498
-309
-176
-152
-177
-173
-122
-42
65
189
278
273
179
74
24
23
31
34
40
35
-15
-109
-196
-225
-193
-147
-124
-122
-117
-97
-72
-63
-73
-77
-44
33
122
180
201
222
287
403
542
665
756
839
972
1211
1539
1815
1863
1653
1412
1467
1909
2420
2512
2017
1299
939
1156
1591
1678
1210
497
-1
-123
-59
-77
-282
-624
-1005
-1322
-1486
-1501
-1497
-1602
-1784
-1882
-1815
-1672
-1579
-1523
-1402
-1197
-1006
-876
-722
-457
-153
25
36
19
120
322
501
584
591
556
488
416
401
448
471
377
188
3
-118
-202
-296
-400
-504
-623
-765
-887
-934
-917
-910
-951
-995
-982
-921
-872
-850
-799
-672
-495
-348
-285
-287
-288
-237
-139
-42
12
31
56
115
180
205
174
124
107
143
208
258
263
216
130
37
-27
-44
-32
-19
-19
-21
-14
-9
-16
-26
-3
62
136
167
143
103
103
170
292
425
522
562
582
642
777
952
1125
1308
1541
1783
1884
1742
1482
1402
1671
2090
2233
1886
1295
939
1042
1354
1431
1087
531
108
-43
-44
-96
-297
-613
-950
-1219
-1377
-1448
-1498
-1566
-1625
-1638
-1624
-1628
-1631
-1530
-1265
-932
-725
-737
-842
-803
-515
-113
154
166
25
-55
54
298
516
576
469
298
193
207
283
303
194
-12
-212
-337
-401
-459
-538
-627
-709
-788
-869
-929
-933
-873
-792
-751
-769
-798
-765
-642
-477
-347
-293
-289
-267
-180
-41
87
141
121
90
114
198
286
321
303
269
239
203
161
149
193
254
243
121
-39
-115
-58
53
102
44
-59
-116
-86
-7
56
73
68
86
147
224
288
333
371
407
441
485
563
679
798
870
888
918
1056
1329
1630
1785
1708
1498
1362
1441
1684
1884
1846
1542
1138
871
850
963
976
743
331
-53
-266
-327
-360
-472
-683
-940
-1158
-1278
-1309
-1328
-1387
-1450
-1440
-1356
-1298
-1325
-1347
-1220
-946
-695
-607
-619
-556
-352
-118
10
27
24
61
128
205
287
337
299
173
54
24
49
26
-85
-222
-319
-387
-462
-533
-565
-575
-621
-721
-811
-830
-792
-759
-747
-723
-671
-621
-592
-544
-434
-286
-176
-138
-128
-80
19
129
208
238
221
178
157
193
270
330
331
284
234
204
188
171
148
126
109
98
91
84
69
50
44
66
103
129
134
140
169
221
266
286
291
323
404
516
610
655
665
686
754
867
995
1109
1198
1264
1305
1328
1357
1412
1480
1514
1486
1426
1387
1368
1303
1150
961
828
757
653
441
167
-49
-165
-262
-433
-666
-875
-1009
-1094
-1175
-1250
-1306
-1353
-1401
-1417
-1356
-1236
-1138
-1094
-1044
-909
-707
-532
-435
-373
-287
-178
-86
-21
46
120
165
161
136
120
102
57
4
-18
-20
-67
-187
-324
-396
-406
-427
-503
-593
-643
-654
-661
-675
-672
-643
-606
-565
-506
-437
-397
-401
-399
-321
-169
-28
26
11
7
65
158
232
267
275
267
247
237
260
302
316
277
222
198
201
189
157
146
180
207
159
45
-38
-6
112
203
188
109
73
139
261
347
351
308
293
353
477
614
709
743
737
742
800
911
1032
1121
1170
1202
1237
1267
1284
1301
1337
1377
1375
1296
1170
1061
1000
955
868
712
506
295
119
-3
-87
-193
-373
-612
-822
-932
-962
-997
-1089
-1208
-1292
-1318
-1311
-1295
-1266
-1211
-1141
-1072
-998
-894
-762
-632
-533
-454
-359
-238
-110
4
97
161
178
142
91
74
101
127
104
23
-78
-158
-198
-211
-226
-274
-361
-463
-539
-565
-552
-534
-538
-560
-577
-568
-522
-445
-353
-269
-211
-187
-180
-157
-90
13
110
157
144
109
104
152
231
292
303
268
219
187
187
205
215
201
173
149
137
124
100
79
85
114
134
126
112
131
182
225
222
189
177
225
321
419
474
472
439
430
487
604
724
791
803
808
850
925
999
1052
1086
1103
1091
1054
1027
1041
1084
1104
1058
952
827
717
636
573
503
394
231
42
-118
-225
-307
-417
-567
-720
-834
-905
-960
-1010
-1047
-1062
-1064
-1064
-1056
-1031
-988
-938
-885
-824
-750
-670
-586
-491
-377
-257
-161
-106
-79
-48
6
68
111
117
93
55
21
-4
-33
-81
-150
-224
-273
-291
-302
-340
-412
-482
-509
-491
-461
-457
-483
-503
-486
-430
-364
-317
-292
-266
-220
-161
-113
-84
-56
-4
68
126
143
128
119
143
194
242
257
236
195
168
174
206
233
234
210
181
157
135
119
117
131
145
141
117
99
112
156
201
220
218
220
243
277
312
343
377
407
425
438
470
535
617
683
712
717
734
785
860
928
963
959
927
888
864
867
879
867
809
719
629
553
471
364
237
110
-7
-124
-249
-365
-455
-522
-599
-705
-823
-917
-963
-971
-960
-944
-934
-939
-953
-941
-873
-759
-652
-594
-574
-539
-457
-345
-244
-174
-122
-77
-49
-42
-38
-13
24
36
4
-51
-98
-126
-146
-169
-201
-249
-313
-367
-384
-368
-361
-394
-448
-471
-444
-393
-355
-330
-297
-250
-204
-174
-147
-105
-49
3
41
68
95
125
158
189
208
208
196
197
219
244
243
217
194
194
205
200
164
107
59
47
79
125
140
98
28
-8
27
105
156
136
73
35
73
169
256
278
239
200
222
308
400
444
443
445
482
542
592
623
650
678
698
705
716
743
766
753
703
656
639
633
595
511
415
349
309
255
157
36
-67
-136
-192
-268
-368
-468
-542
-591
-634
-687
-741
-777
-788
-783
-775
-764
-741
-703
-658
-611
-555
-487
-421
-377
-360
-348
-312
-253
-195
-157
-139
-124
-112
-112
-123
-128
-118
-106
-114
-149
-195
-232
-250
-253
-252
-265
-299
-341
-363
-342
-293
-256
-263
-300
-323
-299
-241
-184
-151
-131
-107
-76
-47
-21
11
52
89
104
94
78
80
110
152
175
156
103
55
47
78
112
113
81
40
12
5
18
45
71
75
48
15
15
65
139
184
173
130
104
124
177
232
270
292
304
311
318
333
362
398
431
453
467
482
503
523
530
523
513
516
537
562
568
545
499
452
426
430
447
442
391
296
196
132
113
109
77
2
-94
-177
-232
-265
-290
-319
-356
-401
-447
-482
-501
-504
-502
-502
-510
-527
-541
-538
-511
-469
-437
-433
-451
-463
-445
-399
-348
-321
-320
-329
-322
-294
-254
-226
-221
-243
-278
-301
-289
-240
-183
-158
-182
-227
-245
-212
-152
-110
-113
-145
-173
-172
-140
-99
-70
-67
-87
-112
-116
-84
-28
19
26
-4
-39
-50
-32
-8
4
2
-2
-3
-2
-1
5
17
28
31
26
25
30
44
65
91
113
121
108
88
83
101
133
162
178
182
180
177
180
199
228
253
258
243
224
224
250
291
327
335
315
284
273
300
351
398
416
404
380
363
365
383
406
420
414
386
352
329
324
328
325
298
246
185
141
128
128
110
53
-29
-102
-146
-170
-197
-236
-278
-308
-324
-335
-356
-390
-425
-444
-444
-436
-442
-466
-492
-498
-477
-444
-421
-417
-427
-433
-423
-390
-344
-305
-289
-294
-300
-287
-257
-228
-219
-226
-233
-224
-204
-186
-175
-169
-160
-146
-127
-108
-94
-88
-82
-67
-43
-25
-25
-38
-44
-30
-9
4
4
10
35
69
86
72
44
34
56
92
111
97
58
19
5
21
53
72
62
33
14
27
60
83
75
45
26
37
67
86
77
54
43
62
106
151
171
161
140
136
158
186
196
188
189
217
260
283
268
236
225
254
301
331
329
315
317
341
365
364
333
295
279
297
331
350
334
292
257
245
248
237
202
158
129
118
106
72
19
-35
-72
-96
-123
-159
-198
-229
-247
-261
-280
-306
-331
-345
-351
-352
-354
-356
-357
-355
-348
-336
-323
-313
-313
-316
-313
-298
-278
-262
-257
-256
-253
-244
-235
-225
-213
-199
-189
-182
-177
-170
-163
-162
-168
-176
-178
-174
-160
-136
-105
-81
-73
-77
-77
-62
-36
-14
-1
11
30
50
64
63
53
43
42
51
65
73
67
54
51
70
97
103
73
25
1
22
69
102
98
73
60
73
100
113
99
70
53
65
102
141
159
153
139
137
155
179
192
187
170
157
155
164
183
204
219
217
199
178
173
187
205
212
206
199
198
200
201
200
203
214
227
233
226
209
193
184
182
182
178
169
155
140
124
107
85
57
25
-5
-27
-41
-53
-69
-91
-120
-152
-180
-198
-206
-212
-221
-235
-248
-256
-256
-251
-246
-241
-240
-246
-255
-260
-249
-225
-200
-194
-208
-229
-240
-231
-206
-177
-156
-151
-159
-167
-162
-144
-122
-113
-116
-123
-120
-108
-94
-84
-73
-58
-41
-27
-22
-22
-23
-20
-11
1
9
10
8
6
6
4
2
2
9
18
23
20
16
18
27
34
31
20
10
10
18
29
34
32
28
34
55
86
109
113
105
102
111
124
128
121
116
121
135
147
154
155
152
144
133
125
125
131
137
139
138
134
128
127
136
155
172
173
158
144
144
157
171
177
181
193
207
210
193
165
146
145
156
163
156
138
118
103
93
85
71
50
26
10
4
-2
-18
-41
-59
-64
-67
-84
-116
-146
-156
-147
-134
-132
-144
-166
-189
-204
-205
-193
-179
-177
-190
-204
-206
-198
-194
-201
-210
-207
-190
-171
-163
-166
-167
-157
-138
-122
-118
-128
-136
-126
-94
-56
-32
-31
-41
-44
-37
-29
-26
-25
-20
-10
5
17
20
12
1
-6
-5
-2
-5
-16
-24
-20
-7
3
-3
-22
-36
-33
-18
-6
-9
-19
-17
3
28
38
33
25
30
48
69
84
95
103
103
92
78
77
94
118
131
129
126
132
141
139
122
106
104
114
123
122
115
114
122
134
140
138
130
118
108
106
112
124
134
137
133
125
116
110
108
106
