0
3
1
-6
-10
-10
-8
-8
-7
-5
-2
1
4
9
14
15
11
6
3
1
0
1
3
6
5
2
0
2
5
1
-6
-9
-5
3
3
-4
-11
-12
-8
-2
1
5
8
9
7
1
-3
-4
-3
-1
0
-1
-2
-2
-1
0
-2
-5
-7
-3
5
12
15
15
17
19
16
8
-1
-5
-6
-7
-11
-13
-11
-9
-10
-13
-14
-10
-5
-5
-10
-12
-9
-3
2
2
1
0
0
0
0
1
1
0
-3
-5
-3
-1
-3
-10
-16
-17
-12
-5
-2
-3
-7
-11
-15
-17
-16
-14
-13
-12
-11
-8
-3
1
2
1
0
1
5
8
8
6
5
5
4
-1
-8
-14
-14
-11
-5
2
7
10
12
13
13
11
5
-3
-8
-5
-1
0
-4
-9
-8
-2
2
0
-5
-6
-3
1
5
8
11
10
4
-4
-8
-6
-3
-3
-7
-7
-4
1
2
1
-1
-1
-1
1
3
2
-1
-5
-8
-8
-10
-13
-14
-10
-3
4
8
11
15
18
16
7
-1
-4
-3
-3
-7
-10
-12
-11
-8
-6
-2
2
3
2
1
2
3
0
-7
-13
-12
-6
2
5
5
4
1
-1
3
20
41
47
23
-18
-44
-33
-3
11
2
8
62
143
178
119
10
-36
61
256
394
341
103
-170
-306
-262
-146
-92
-131
-178
-151
-73
-36
-88
-176
-210
-163
-86
-39
-29
-33
-44
-73
-114
-127
-88
-22
23
60
168
399
669
781
593
185
-182
-288
-158
-8
-7
-103
-121
2
139
130
-38
-237
-340
-310
-175
7
143
135
-30
-233
-334
-314
-275
-281
-267
-143
60
210
219
120
-1
-101
-173
-198
-148
-41
61
111
112
77
-11
-168
-360
-504
-541
-466
-307
-102
71
105
-45
-281
-421
-367
-188
-15
104
209
322
385
335
195
67
42
139
320
521
672
709
613
440
302
283
373
500
604
683
751
798
783
690
556
445
404
423
456
448
382
282
205
193
249
327
374
357
281
184
122
133
216
323
401
425
408
368
313
246
194
192
249
327
367
333
221
53
-131
-274
-321
-262
-151
-73
-79
-162
-284
-414
-528
-592
-571
-466
-326
-224
-212
-290
-414
-513
-524
-430
-274
-133
-70
-93
-161
-228
-263
-252
-193
-96
9
79
81
15
-92
-197
-268
-290
-262
-198
-125
-86
-115
-207
-307
-356
-332
-264
-192
-129
-75
-39
-41
-86
-146
-175
-141
-41
90
192
220
171
91
39
38
77
129
173
192
174
112
17
-90
-190
-266
-300
-281
-224
-161
-119
-103
-96
-88
-77
-66
-59
-53
-40
-7
62
158
234
224
109
-55
-165
-165
-84
12
83
130
151
112
-10
-186
-334
-382
-326
-226
-167
-207
-350
-543
-702
-767
-738
-670
-618
-597
-581
-544
-488
-430
-380
-330
-283
-265
-305
-390
-458
-440
-316
-126
57
173
189
108
-36
-174
-225
-147
36
245
400
466
451
389
319
290
346
496
708
922
1085
1172
1193
1186
1187
1200
1209
1220
1274
1397
1538
1598
1527
1371
1220
1126
1076
1036
994
940
851
717
567
454
395
354
285
183
80
5
-49
-101
-160
-217
-267
-308
-340
-363
-386
-430
-505
-602
-699
-788
-885
-1016
-1179
-1343
-1468
-1548
-1609
-1684
-1788
-1916
-2055
-2178
-2240
-2201
-2062
-1879
-1731
-1669
-1692
-1757
-1809
-1797
-1689
-1480
-1196
-883
-597
-390
-298
-310
-358
-347
-215
21
284
490
595
602
523
380
227
163
271
546
872
1104
1163
1087
977
938
1019
1221
1501
1804
2055
2194
2201
2160
2218
2483
2931
3433
3859
4164
4387
4589
4809
5041
5229
5266
5062
4597
3944
3201
2435
1667
918
214
-422
-1002
-1576
-2193
-2843
-3430
-3835
-4011
-4027
-3988
-3961
-3960
-3997
-4069
-4116
-4029
-3733
-3268
-2758
-2308
-1935
-1603
-1297
-1056
-904
-815
-727
-638
-612
-738
-1039
-1453
-1866
-2193
-2392
-2471
-2453
-2383
-2338
-2397
-2566
-2713
-2642
-2269
-1704
-1168
-822
-690
-705
-769
-766
-581
-139
515
1192
1637
1697
1438
1083
830
729
744
826
935
976
860
590
280
26
-148
-242
-118
428
1432
2632
3719
4739
6012
7518
8565
8458
7503
6960
7712
9195
9866
8716
6075
3119
828
-492
-1058
-1222
-1262
-1343
-1592
-2194
-3340
-5032
-6844
-8010
-7872
-6466
-4643
-3509
-3570
-4407
-5076
-4827
-3530
-1599
312
1671
2266
2195
1683
959
231
-300
-552
-608
-685
-988
-1664
-2727
-3969
-4956
-5287
-4911
-4208
-3695
-3645
-3950
-4276
-4350
-4100
-3592
-2889
-2038
-1147
-406
49
247
331
441
645
977
1404
1777
1834
1366
425
-615
-1263
-1269
-823
-416
-429
-877
-1436
-1759
-1672
-1252
-744
-443
-441
-467
17
1344
3309
5372
7250
9148
11230
13002
13489
12266
10166
8743
8871
9977
10566
9513
6797
3298
80
-2190
-3421
-3929
-4161
-4481
-5101
-6116
-7459
-8882
-9914
-9989
-8653
-5935
-2595
61
968
118
-1294
-1700
-331
2270
4750
6022
5885
4878
3628
2457
1423
586
17
-326
-716
-1514
-2955
-4993
-7232
-8999
-9625
-8900
-7365
-6041
-5678
-6204
-6833
-6748
-5655
-3858
-1912
-248
955
1697
2008
1945
1668
1454
1522
1874
2254
2342
1918
955
-394
-1820
-2925
-3381
-3152
-2600
-2311
-2700
-3656
-4597
-4864
-4236
-2994
-1664
-599
119
594
947
1336
1932
2882
4235
6011
8249
10834
13263
14753
14877
13989
12916
12122
11438
10522
9358
8053
6437
4168
1283
-1630
-3905
-5312
-6070
-6503
-6860
-7322
-8013
-8822
-9407
-9364
-8531
-7022
-5118
-3126
-1336
72
1151
2152
3294
4520
5573
6229
6482
6402
5999
5192
3999
2586
1193
-55
-1174
-2282
-3503
-4886
-6325
-7569
-8387
-8748
-8840
-8846
-8770
-8450
-7773
-6762
-5535
-4194
-2839
-1581
-485
478
1376
2189
2844
3291
3529
3484
3059
2284
1385
559
-175
-920
-1713
-2552
-3468
-4453
-5310
-5699
-5450
-4749
-4047
-3702
-3756
-3887
-3670
-2818
-1390
272
1705
2599
2933
3018
3304
4127
5533
7363
9473
11702
13654
14664
14344
13078
11756
10874
10163
9138
7813
6511
5211
3426
860
-2073
-4534
-5973
-6467
-6455
-6399
-6590
-7150
-7930
-8566
-8627
-7929
-6579
-4859
-3041
-1337
136
1420
2678
4008
5268
6221
6782
7119
7336
7242
6452
4879
2909
1146
-120
-1041
-1987
-3207
-4693
-6197
-7371
-8029
-8316
-8563
-8866
-8960
-8536
-7653
-6663
-5821
-5051
-4126
-2920
-1477
41
1420
2442
3019
3245
3343
3436
3448
3168
2495
1516
446
-561
-1469
-2330
-3196
-4073
-4885
-5465
-5628
-5320
-4713
-4098
-3715
-3574
-3502
-3206
-2465
-1193
494
2284
3669
4220
3975
3587
3813
4890
6554
8581
10953
13284
14581
14021
12047
10168
9546
9885
9970
8951
6930
4397
1598
-1362
-4120
-6123
-7091
-7224
-6978
-6784
-7060
-8056
-9558
-10715
-10598
-8950
-6423
-3972
-2207
-1176
-534
281
1847
4367
7380
9894
11012
10447
8698
6712
5326
4698
4288
3358
1672
-401
-2350
-4031
-5625
-7213
-8539
-9218
-9130
-8554
-8013
-7946
-8467
-9198
-9427
-8536
-6494
-3931
-1690
-238
529
1021
1589
2344
3208
3991
4534
4751
4630
4102
3065
1545
-136
-1526
-2361
-2765
-3087
-3591
-4283
-4959
-5396
-5486
-5279
-4896
-4450
-3944
-3345
-2623
-1852
-1096
-305
702
1959
3210
4105
4591
4999
5806
7392
9833
12623
14568
14564
12737
10637
9837
10427
11034
10338
8196
5440
2885
766
-1140
-3126
-5234
-7085
-8055
-7887
-7179
-7116
-8365
-10372
-11741
-11456
-9602
-7123
-4987
-3635
-2883
-2190
-1006
908
3371
5965
8236
9808
10365
9844
8581
7185
6030
5056
4004
2848
1690
427
-1297
-3613
-6092
-8014
-8961
-9054
-8689
-8256
-8052
-8286
-8846
-9241
-8883
-7596
-5720
-3764
-2011
-518
661
1414
1763
2013
2555
3532
4663
5485
5645
5052
3801
2157
527
-662
-1272
-1549
-1899
-2524
-3327
-4125
-4795
-5220
-5204
-4654
-3759
-2950
-2491
-2296
-2054
-1585
-903
-112
747
1622
2437
3181
4090
5595
7971
10888
13339
14218
13176
11033
9209
8649
9149
9726
9509
8352
6664
4936
3360
1795
-45
-2221
-4313
-5609
-5742
-5188
-4965
-5819
-7579
-9378
-10297
-9950
-8575
-6841
-5427
-4616
-4091
-3285
-1948
-345
1160
2614
4346
6369
7999
8315
6983
4726
2849
2271
2800
3415
3132
1732
-294
-2277
-3835
-4959
-5822
-6514
-6904
-6784
-6199
-5632
-5658
-6359
-7055
-6808
-5212
-2771
-501
807
1051
721
476
734
1486
2387
3034
3270
3215
3046
2755
2201
1341
388
-338
-626
-513
-248
-188
-593
-1402
-2203
-2529
-2242
-1630
-1140
-990
-1071
-1101
-921
-574
-214
55
191
162
-67
-414
-669
-548
203
1735
3919
6165
7562
7478
6166
4687
4094
4633
5727
6596
6858
6573
5994
5311
4546
3546
2175
603
-623
-988
-553
-26
-243
-1492
-3319
-4895
-5628
-5510
-5019
-4670
-4629
-4646
-4365
-3676
-2837
-2233
-1973
-1718
-942
524
2194
3206
3007
1850
635
178
594
1253
1392
746
-283
-1083
-1395
-1499
-1854
-2590
-3359
-3669
-3368
-2803
-2523
-2786
-3330
-3582
-3136
-2104
-1018
-385
-280
-343
-167
313
797
962
800
614
709
1086
1460
1517
1166
574
46
-166
-1
342
516
292
-219
-661
-773
-647
-572
-685
-855
-900
-839
-817
-924
-1128
-1373
-1613
-1794
-1855
-1840
-1864
-1909
-1627
-534
1516
3973
5811
6233
5315
4014
3483
4225
5768
7098
7475
6967
6241
5859
5733
5288
4096
2382
883
271
617
1316
1462
439
-1615
-3852
-5284
-5518
-4991
-4518
-4532
-4798
-4787
-4301
-3650
-3285
-3278
-3208
-2541
-1098
740
2247
2794
2246
1066
62
-143
491
1384
1797
1372
376
-608
-1209
-1540
-1951
-2570
-3122
-3244
-2911
-2515
-2512
-3007
-3673
-4013
-3731
-2908
-1915
-1153
-799
-723
-636
-348
81
433
584
650
873
1334
1812
1944
1567
902
370
231
405
598
586
330
-59
-430
-643
-643
-518
-438
-506
-648
-746
-820
-1015
-1356
-1658
-1709
-1577
-1540
-1734
-1872
-1416
8
2276
4739
6465
6720
5509
3785
2917
3683
5638
7487
8179
7628
6545
5667
5188
4763
3947
2647
1333
708
1022
1609
1281
-603
-3435
-5778
-6542
-5775
-4482
-3763
-4102
-5163
-6129
-6292
-5574
-4522
-3782
-3440
-2949
-1721
203
2076
3046
2820
1877
1094
1157
2088
3253
3791
3265
1949
575
-303
-697
-1032
-1604
-2298
-2764
-2874
-2896
-3244
-4078
-5111
-5798
-5702
-4810
-3559
-2558
-2162
-2251
-2376
-2140
-1478
-625
129
668
1067
1453
1837
2092
2073
1804
1500
1404
1543
1679
1504
928
168
-432
-678
-616
-441
-354
-458
-755
-1133
-1470
-1706
-1845
-1857
-1695
-1397
-1178
-1247
-1554
-1680
-1055
670
3268
5854
7256
6798
4992
3408
3553
5596
8167
9459
8734
6806
5195
4757
5062
4935
3678
1758
395
340
1051
1076
-657
-3797
-6744
-7895
-6912
-4953
-3740
-4220
-5972
-7647
-8052
-6934
-5022
-3369
-2562
-2344
-1953
-857
749
2165
2891
3091
3388
4155
5102
5495
4855
3416
2006
1352
1496
1757
1355
77
-1594
-2976
-3733
-4016
-4177
-4451
-4848
-5212
-5405
-5437
-5454
-5507
-5397
-4800
-3648
-2306
-1326
-963
-974
-842
-202
905
2113
2986
3301
3145
2796
2458
2146
1765
1292
798
362
-27
-433
-904
-1435
-1949
-2336
-2510
-2528
-2549
-2672
-2796
-2749
-2499
-2243
-2154
-2186
-2039
-1326
292
2874
5907
8230
8626
6884
4371
3288
4927
8450
11369
11574
9039
5767
3989
4367
5659
6008
4528
1963
-128
-860
-864
-1647
-3984
-6956
-8671
-8059
-5957
-4486
-5215
-7856
-10430
-10820
-8399
-4559
-1632
-1075
-2327
-3422
-2742
-308
2525
4486
5380
5850
6388
6822
6606
5544
4117
3211
3356
4181
4480
3150
227
-2930
-4685
-4472
-3245
-2582
-3361
-5163
-6808
-7442
-7142
-6624
-6419
-6414
-6095
-5197
-4011
-3110
-2767
-2665
-2141
-788
1097
2688
3268
2814
1987
1593
1933
2639
2998
2552
1421
172
-677
-1015
-1111
-1289
-1652
-2104
-2515
-2879
-3260
-3659
-3936
-3943
-3648
-3219
-2887
-2766
-2599
-1694
700
4485
8191
9733
8207
5049
3138
4483
8496
12419
13454
10947
6869
4265
4770
7296
8981
7745
4061
391
-1223
-1025
-1053
-2864
-5858
-7973
-7868
-6284
-5244
-6172
-8667
-10935
-11162
-8878
-5338
-2676
-2268
-3649
-4893
-4227
-1417
2220
4991
6070
5848
5365
5400
6003
6621
6711
6187
5440
4804
4152
2990
1100
-1030
-2481
-2770
-2383
-2410
-3555
-5494
-7201
-7836
-7364
-6431
-5834
-5975
-6639
-7112
-6713
-5349
-3623
-2274
-1559
-1183
-725
-35
778
1573
2309
2958
3398
3405
2856
1913
1004
481
338
224
-176
-856
-1580
-2167
-2652
-3127
-3551
-3765
-3694
-3423
-3178
-3159
-3428
-3700
-3228
-1121
2750
7099
9702
9047
5770
2517
2133
5464
10466
13522
12315
7871
3822
3276
6230
9728
10487
7439
2400
-1519
-2417
-1108
-190
-1459
-4241
-6390
-6753
-6254
-6587
-8190
-9854
-10016
-8262
-5594
-3649
-3515
-4918
-6207
-5536
-2449
1570
4297
4654
3469
2591
3341
5612
8014
8910
7641
5143
3210
2958
3809
4161
2994
771
-1263
-2384
-2887
-3449
-4309
-5155
-5579
-5540
-5406
-5662
-6448
-7343
-7576
-6691
-5035
-3547
-2953
-3164
-3408
-2918
-1526
267
1682
2265
2189
2017
2091
2275
2250
1980
1688
1499
1215
574
-424
-1435
-2032
-2104
-1986
-2206
-2984
-3960
-4455
-4135
-3298
-2628
-2577
-3020
-3240
-2234
663
4861
8291
8735
5997
2677
2230
5854
11199
14248
12713
8043
4205
4273
7739
11081
10954
7020
1889
-1309
-1397
243
1063
-467
-3628
-6308
-7125
-6652
-6480
-7397
-8656
-8987
-7911
-6120
-4780
-4606
-5277
-5650
-4621
-2105
757
2496
2604
1982
2105
3721
6187
8023
8107
6604
4803
4007
4348
4771
4152
2439
567
-594
-1084
-1589
-2572
-3789
-4637
-4857
-4809
-5068
-5805
-6639
-6994
-6617
-5736
-4850
-4349
-4254
-4197
-3729
-2717
-1457
-381
342
878
1441
1999
2321
2243
1891
1559
1434
1388
1152
604
-95
-693
-1087
-1356
-1655
-2085
-2622
-3119
-3422
-3455
-3276
-2998
-2799
-2814
-2817
-2016
355
3989
7136
7815
5701
2815
2121
5008
9793
12823
11607
7208
3488
3626
7315
11157
11714
8203
2856
-1012
-1526
407
1990
1017
-2259
-5605
-7105
-6830
-6296
-6607
-7486
-7940
-7507
-6592
-5873
-5607
-5540
-5158
-4054
-2259
-413
616
551
155
646
2557
5255
7473
8239
7341
5392
3597
3173
4349
5887
5905
3618
164
-2384
-2896
-2013
-1297
-1778
-3307
-4998
-6042
-6204
-5804
-5424
-5427
-5706
-5837
-5559
-4998
-4427
-3863
-3113
-2131
-1176
-501
-11
618
1497
2338
2757
2644
2238
1851
1647
1567
1430
1046
381
-386
-994
-1331
-1536
-1829
-2273
-2734
-3049
-3147
-3113
-3120
-3352
-3690
-3451
-1665
1853
5759
7817
6767
3631
1165
1828
5828
10658
12739
10400
5677
2829
4389
8735
11656
10303
5497
668
-1180
278
2680
3085
486
-3463
-6195
-6656
-5928
-5653
-6258
-6990
-7177
-6999
-6930
-6965
-6619
-5618
-4205
-2883
-2005
-1606
-1405
-967
22
1504
3092
4427
5395
6057
6413
6382
5915
5152
4375
3855
3588
3201
2170
388
-1506
-2546
-2409
-1864
-2097
-3505
-5274
-6222
-5954
-5152
-4759
-5070
-5592
-5682
-5170
-4406
-3809
-3471
-3126
-2435
-1323
-75
862
1282
1397
1600
2013
2407
2489
2218
1759
1278
838
441
39
-448
-1014
-1539
-1922
-2237
-2633
-3089
-3332
-3151
-2710
-2538
-2974
-3556
-3057
-598
3239
6464
7155
5053
1980
736
3062
7909
11726
11375
7332
3644
4023
8095
11816
11546
7293
2245
-364
263
2340
3260
1659
-1693
-4745
-6026
-5786
-5357
-5573
-6164
-6523
-6603
-6734
-6921
-6741
-5949
-4758
-3550
-2568
-1933
-1667
-1518
-958
358
2132
3641
4440
4755
5043
5375
5396
4943
4355
4069
3992
3588
2517
1052
-236
-1001
-1315
-1482
-1840
-2585
-3595
-4444
-4743
-4565
-4387
-4573
-4962
-5095
-4750
-4211
-3915
-3932
-3850
-3215
-2034
-779
55
367
433
635
1149
1845
2345
2331
1824
1192
771
568
323
-128
-670
-1098
-1367
-1635
-2077
-2675
-3162
-3240
-2879
-2501
-2662
-3387
-3784
-2638
429
4227
6610
6080
3192
528
901
4866
9758
11695
9180
4829
3016
5581
9963
11820
9245
4291
612
174
2052
3771
3380
708
-2760
-5129
-5615
-5011
-4648
-5073
-5835
-6391
-6712
-6951
-6885
-6158
-4880
-3716
-3220
-3269
-3221
-2548
-1215
350
1556
2066
2129
2479
3643
5270
6270
5831
4258
2803
2544
3446
4362
4003
2032
-553
-2201
-2130
-1072
-583
-1534
-3319
-4602
-4723
-4194
-3928
-4226
-4702
-4909
-4825
-4662
-4474
-4070
-3299
-2269
-1293
-666
-449
-394
-92
675
1656
2261
2115
1452
904
867
1150
1223
786
3
-719
-1104
-1205
-1316
-1699
-2332
-2912
-3084
-2792
-2379
-2355
-2882
-3390
-2732
-197
3460
6109
5891
3091
364
664
4470
8927
10198
7256
3224
2432
5912
10283
11259
7916
3157
508
983
2916
3948
2889
212
-2586
-4164
-4284
-3846
-3889
-4562
-5283
-5709
-6114
-6693
-6974
-6282
-4743
-3301
-2755
-3001
-3280
-2909
-1744
-166
1172
1750
1648
1601
2380
3947
5345
5553
4496
3115
2519
2985
3773
3765
2452
394
-1224
-1641
-1178
-854
-1369
-2524
-3597
-4128
-4203
-4127
-4058
-4020
-4088
-4329
-4612
-4620
-4144
-3294
-2432
-1869
-1627
-1458
-1082
-416
412
1209
1825
2100
1922
1361
743
402
404
497
369
-101
-778
-1378
-1682
-1711
-1717
-1955
-2449
-2920
-3059
-2852
-2679
-2863
-3054
-2189
389
3769
5770
4938
2255
626
2332
6774
10661
10769
7029
2907
2300
5692
9667
10376
7288
3247
1283
1870
3232
3509
2245
164
-1800
-3176
-3989
-4475
-4769
-4818
-4712
-4919
-5849
-7113
-7600
-6567
-4632
-3251
-3242
-4015
-4300
-3379
-1619
41
902
959
832
1262
2537
4216
5455
5634
4784
3507
2629
2702
3567
4235
3592
1496
-827
-1857
-1265
-231
-214
-1552
-3321
-4394
-4453
-4000
-3669
-3671
-3879
-4145
-4407
-4538
-4314
-3599
-2554
-1570
-1004
-915
-977
-693
159
1235
1871
1705
1048
550
574
928
1172
1025
493
-249
-953
-1385
-1481
-1432
-1561
-2029
-2689
-3208
-3337
-3025
-2519
-2276
-2625
-3243
-3101
-1229
2124
5214
5999
4080
1502
1263
4475
8918
10837
8612
4612
2940
5263
9147
10760
8778
5256
2910
2480
2824
2797
2222
1306
8
-1706
-3445
-4583
-4818
-4451
-4153
-4567
-5851
-7369
-7949
-6887
-4760
-3114
-3043
-4166
-5042
-4555
-2782
-718
632
945
678
680
1538
3117
4648
5327
4903
3833
2897
2689
3212
3867
3808
2590
615
-1026
-1429
-717
6
-321
-1731
-3266
-3969
-3724
-3151
-2928
-3278
-3992
-4679
-4959
-4609
-3703
-2606
-1764
-1408
-1413
-1412
-1044
-223
740
1323
1235
702
305
413
853
1119
898
300
-317
-705
-861
-935
-1090
-1406
-1871
-2410
-2904
-3186
-3119
-2719
-2305
-2322
-2841
-3182
-2304
243
3584
5892
5713
3313
847
887
4161
8479
10337
8200
4305
2674
5037
9002
10630
8500
4747
2280
1935
2520
2784
2425
1510
-66
-2162
-4046
-4921
-4695
-4044
-3794
-4417
-5843
-7375
-7905
-6783
-4640
-3097
-3248
-4532
-5310
-4525
-2566
-677
232
158
-197
39
1321
3295
4936
5342
4489
3223
2475
2629
3428
4221
4216
2954
866
-759
-892
119
788
31
-1730
-3137
-3394
-2909
-2570
-2782
-3319
-3860
-4283
-4510
-4353
-3713
-2804
-2073
-1842
-2024
-2164
-1787
-810
344
1061
1064
618
278
382
806
1126
1016
468
-230
-732
-854
-694
-567
-760
-1318
-2020
-2567
-2766
-2626
-2292
-2027
-2132
-2709
-3340
-3121
-1291
1830
4650
5374
3685
1383
1091
3911
8168
10615
9323
5686
3317
4588
8201
10537
9355
5843
2914
2161
2841
3422
3199
2311
923
-936
-2937
-4368
-4720
-4217
-3671
-3938
-5329
-7257
-8410
-7765
-5661
-3774
-3571
-4829
-5866
-5289
-3272
-1169
-111
-147
-501
-375
500
1843
3148
4031
4394
4365
4099
3754
3531
3622
3922
3921
3065
1435
-131
-722
-266
336
38
-1351
-3030
-3990
-3893
-3245
-2828
-3058
-3774
-4486
-4731
-4334
-3484
-2640
-2228
-2301
-2467
-2221
-1408
-348
457
717
488
95
-84
162
689
1071
934
316
-381
-750
-711
-500
-428
-666
-1174
-1737
-2085
-2070
-1786
-1537
-1564
-1863
-2206
-2315
-1974
-1069
386
2088
3372
3507
2413
1156
1378
3708
6694
7801
5930
2835
1570
3374
6386
7656
6139
3423
1713
1731
2580
3082
2716
1556
-52
-1566
-2452
-2592
-2417
-2489
-3013
-3862
-4831
-5636
-5790
-4973
-3605
-2743
-3046
-3978
-4303
-3413
-1885
-755
-443
-532
-377
306
1327
2269
2809
2975
3103
3427
3672
3351
2519
1962
2288
2983
2787
1215
-675
-1313
-381
797
667
-918
-2662
-3262
-2640
-1782
-1611
-2223
-3058
-3538
-3450
-2916
-2207
-1623
-1373
-1455
-1641
-1624
-1225
-505
273
763
736
299
-102
-22
536
1061
1002
308
-547
-1019
-959
-649
-496
-733
-1273
-1800
-2002
-1837
-1574
-1551
-1808
-2072
-2084
-1859
-1514
-949
148
1795
3320
3728
2751
1516
1798
4171
7007
7803
5807
3079
2486
4678
7395
7911
5790
3012
1644
1947
2699
2795
2064
855
-544
-1870
-2740
-2950
-2797
-2859
-3402
-4238
-5061
-5631
-5644
-4897
-3730
-3040
-3391
-4239
-4380
-3287
-1651
-551
-318
-423
-244
403
1378
2448
3298
3607
3367
3011
2968
3182
3253
2999
2619
2303
1917
1281
550
109
78
112
-236
-1028
-1904
-2450
-2525
-2298
-2081
-2160
-2607
-3178
-3431
-3105
-2387
-1767
-1576
-1709
-1794
-1560
-1025
-391
143
469
575
529
424
347
323
324
280
143
-74
-303
-499
-673
-846
-1013
-1158
-1297
-1451
-1602
-1698
-1736
-1746
-1765
-1776
-1744
-1649
-1440
-929
119
1682
3223
3907
3345
2250
2117
3852
6563
8048
6937
4314
2825
3933
6356
7464
6081
3480
1742
1598
2173
2346
1812
835
-373
-1694
-2790
-3268
-3179
-3043
-3320
-4000
-4796
-5450
-5710
-5257
-4119
-3002
-2787
-3465
-3950
-3218
-1520
-112
143
-368
-595
37
1244
2389
3077
3300
3281
3255
3316
3343
3200
2956
2807
2687
2216
1201
114
-296
78
430
-100
-1430
-2612
-2870
-2355
-1831
-1854
-2376
-3008
-3384
-3329
-2873
-2266
-1844
-1760
-1849
-1819
-1530
-1036
-445
123
475
436
100
-125
94
609
906
672
109
-327
-437
-390
-440
-646
-911
-1129
-1254
-1300
-1323
-1363
-1378
-1299
-1187
-1231
-1470
-1643
-1428
-828
-101
626
1534
2704
3685
3761
2884
2162
2973
5326
7374
7116
4687
2548
2968
5507
7405
6549
3620
1134
708
1728
2499
2079
766
-704
-1865
-2538
-2702
-2580
-2606
-3068
-3820
-4498
-4892
-4954
-4576
-3736
-2815
-2470
-2907
-3480
-3273
-2104
-695
126
207
18
72
602
1582
2762
3639
3736
3080
2329
2179
2674
3198
3148
2463
1530
753
353
347
524
455
-183
-1226
-2077
-2291
-2003
-1715
-1780
-2180
-2721
-3189
-3349
-3021
-2333
-1752
-1691
-2056
-2293
-1940
-1079
-226
167
44
-307
-532
-415
29
552
799
571
16
-455
-525
-245
32
-11
-388
-855
-1155
-1201
-1083
-968
-990
-1161
-1358
-1449
-1388
-1240
-1061
-860
-610
-246
413
1519
2857
3731
3536
2565
2082
3194
5508
7151
6508
4048
2097
2505
4666
6193
5497
3322
1601
1298
1751
1880
1369
546
-355
-1335
-2252
-2782
-2856
-2837
-3090
-3592
-4088
-4449
-4631
-4485
-3867
-3040
-2577
-2737
-3068
-2871
-1950
-773
88
456
525
571
846
1546
2574
3389
3394
2669
2024
2151
2799
3095
2607
1774
1217
1004
803
505
304
213
-104
-854
-1741
-2264
-2287
-2127
-2118
-2311
-2595
-2889
-3091
-3006
-2535
-1916
-1565
-1621
-1764
-1579
-1008
-379
-25
9
-93
-145
-73
113
344
487
417
163
-93
-196
-188
-211
-320
-459
-614
-829
-1068
-1198
-1158
-1064
-1047
-1084
-1077
-1038
-1024
-989
-815
-515
-238
-4
485
1554
3003
3974
3671
2379
1569
2575
4996
6722
6000
3496
1826
2801
5374
6775
5527
2867
1083
1048
1755
1907
1239
243
-730
-1644
-2389
-2743
-2756
-2810
-3147
-3626
-4040
-4408
-4707
-4587
-3731
-2542
-1970
-2443
-3208
-3099
-1846
-327
486
495
310
466
1037
1831
2593
3053
3046
2723
2429
2345
2320
2174
1950
1771
1526
996
261
-239
-222
-11
-242
-1098
-2045
-2414
-2117
-1672
-1593
-1947
-2443
-2761
-2723
-2323
-1756
-1340
-1265
-1399
-1439
-1231
-861
-463
-90
196
247
24
-227
-164
243
621
584
145
-342
-566
-503
-331
-238
-320
-570
-876
-1078
-1085
-924
-741
-690
-833
-1085
-1272
-1240
-974
-598
-319
-286
-406
-257
616
2194
3727
4196
3245
1761
1363
2941
5524
6866
5608
2882
1374
2515
4928
5961
4599
2316
1113
1305
1702
1407
679
62
-528
-1423
-2430
-2997
-2998
-2845
-2911
-3206
-3669
-4285
-4749
-4463
-3305
-2127
-1987
-2838
-3461
-2853
-1372
-174
176
136
335
800
1222
1551
1987
2511
2809
2696
2389
2194
2149
2093
1980
1854
1593
962
76
-493
-340
153
151
-664
-1722
-2258
-2131
-1791
-1657
-1789
-2091
-2461
-2717
-2612
-2123
-1589
-1379
-1483
-1552
-1341
-934
-539
-226
24
146
48
-167
-213
50
407
499
204
-246
-535
-548
-418
-346
-437
-662
-902
-1033
-1017
-938
-917
-994
-1079
-1058
-914
-751
-653
-618
-569
-469
-342
-167
251
1157
2516
3781
4150
3280
1889
1443
2860
5311
6640
5460
2807
1290
2352
4709
5787
4493
2109
599
569
1144
1329
913
160
-768
-1778
-2575
-2835
-2644
-2465
-2675
-3258
-3964
-4507
-4560
-3861
-2656
-1786
-1970
-2897
-3387
-2616
-1013
288
683
530
459
671
1048
1559
2233
2831
2949
2518
2005
1899
2175
2389
2236
1784
1222
618
79
-144
36
230
-124
-1079
-2020
-2312
-1968
-1545
-1510
-1879
-2392
-2781
-2867
-2579
-2056
-1611
-1475
-1571
-1613
-1407
-985
-505
-112
64
-56
-371
-548
-302
258
651
500
-64
-525
-513
-130
211
207
-120
-532
-810
-866
-741
-572
-511
-610
-763
-824
-770
-687
-605
-465
-239
-29
44
17
103
529
1407
2594
3611
3811
2967
1794
1625
3148
5403
6395
5052
2552
1310
2497
4756
5666
4282
1926
505
573
1216
1424
1002
242
-701
-1760
-2639
-2955
-2724
-2426
-2508
-3006
-3660
-4170
-4238
-3660
-2614
-1794
-1841
-2567
-2992
-2369
-990
170
532
383
327
619
1140
1751
2364
2768
2712
2256
1815
1738
1942
2093
2006
1708
1214
530
-127
-373
-121
144
-185
-1135
-2087
-2434
-2167
-1768
-1672
-1949
-2397
-2750
-2797
-2470
-1927
-1489
-1374
-1482
-1510
-1276
-876
-531
-354
-310
-320
-324
-259
-70
197
361
255
-61
-303
-236
59
262
163
-122
-310
-266
-135
-144
-343
-558
-589
-451
-352
-442
-609
-618
-409
-180
-98
-99
-23
124
232
397
969
2104
3332
3807
3158
2072
1841
3140
5178
6214
5155
2782
1181
1737
3682
4889
4088
2076
615
511
1055
1195
684
-47
-705
-1376
-2087
-2583
-2668
-2540
-2551
-2807
-3158
-3464
-3635
-3508
-2946
-2183
-1765
-1931
-2215
-1929
-978
41
578
677
712
871
1115
1469
1977
2439
2485
2076
1648
1623
1895
2027
1806
1393
947
432
-129
-465
-396
-217
-454
-1208
-1995
-2304
-2145
-1927
-1922
-2071
-2229
-2366
-2452
-2350
-1968
-1481
-1205
-1244
-1366
-1268
-890
-421
-69
93
105
43
-4
64
286
546
618
391
26
-171
-58
204
330
202
-78
-338
-500
-564
-548
-466
-368
-325
-371
-484
-597
-645
-575
-385
-140
37
76
32
41
192
481
879
1442
2218
3029
3405
2991
2120
1800
2778
4528
5463
4517
2461
1287
2111
3914
4659
3494
1526
392
528
1051
1048
457
-283
-937
-1544
-2042
-2260
-2232
-2258
-2514
-2856
-3095
-3259
-3382
-3257
-2657
-1822
-1357
-1523
-1831
-1591
-725
188
649
731
793
976
1186
1397
1680
1954
1969
1655
1285
1166
1254
1259
1034
704
402
103
-229
-475
-530
-552
-843
-1447
-2030
-2240
-2089
-1880
-1838
-1937
-2046
-2090
-2022
-1785
-1398
-1030
-869
-907
-949
-831
-562
-241
63
286
329
176
14
80
372
619
593
363
160
98
122
161
179
96
-185
-608
-917
-886
-582
-330
-389
-692
-934
-891
-613
-339
-234
-266
-291
-220
-60
133
326
508
663
786
978
1446
2287
3205
3581
3070
2173
1974
3037
4615
5219
4147
2321
1406
2091
3412
3828
2829
1305
440
495
804
703
162
-472
-1023
-1564
-2104
-2467
-2531
-2407
-2348
-2512
-2889
-3321
-3531
-3236
-2449
-1621
-1293
-1522
-1783
-1535
-784
23
520
689
669
569
547
823
1403
1888
1826
1261
754
745
1074
1232
975
492
58
-265
-516
-662
-682
-716
-954
-1372
-1721
-1810
-1713
-1619
-1604
-1616
-1628
-1657
-1649
-1479
-1136
-809
-703
-802
-888
-787
-510
-181
81
183
96
-75
-113
94
402
541
409
153
-26
-70
-35
23
53
-25
-248
-495
-560
-392
-190
-179
-349
-488
-447
-290
-171
-131
-105
-31
74
174
253
324
399
505
664
858
1051
1304
1772
2480
3087
3086
2409
1758
2039
3319
4521
4425
3021
1628
1536
2629
3567
3257
1947
759
407
595
630
251
-299
-795
-1289
-1842
-2287
-2429
-2354
-2338
-2516
-2767
-2945
-3027
-2992
-2706
-2135
-1550
-1323
-1465
-1561
-1221
-500
222
641
724
624
573
798
1317
1806
1822
1318
785
740
1121
1367
1088
483
12
-148
-191
-312
-494
-678
-923
-1282
-1621
-1738
-1626
-1501
-1534
-1682
-1804
-1849
-1819
-1667
-1347
-982
-811
-909
-1049
-937
-541
-113
110
116
37
-16
0
122
347
568
619
448
189
50
124
320
446
357
63
-253
-373
-230
6
75
-115
-395
-516
-400
-184
-50
-48
-99
-106
-46
52
158
282
439
611
731
767
820
1125
1806
2627
3068
2791
2077
1705
2255
3456
4299
3931
2541
1283
1204
2192
3096
2893
1680
436
-47
137
341
128
-419
-1006
-1479
-1847
-2115
-2253
-2287
-2296
-2347
-2460
-2636
-2811
-2803
-2424
-1747
-1164
-1030
-1256
-1367
-994
-241
466
805
756
518
357
502
985
1517
1665
1292
753
536
713
908
788
426
87
-153
-410
-696
-854
-831
-838
-1114
-1595
-1957
-1966
-1705
-1444
-1373
-1495
-1684
-1772
-1632
-1277
-877
-636
-608
-664
-636
-460
-195
55
210
238
178
134
209
415
636
706
558
294
107
114
260
380
348
168
-50
-203
-267
-277
-258
-206
-146
-140
-224
-325
-324
-190
-33
25
-13
-41
14
131
239
315
378
457
584
823
1226
1760
2264
2510
2364
1955
1696
1997
2819
3525
3400
2422
1433
1323
2079
2767
2539
1493
474
112
264
362
85
-449
-997
-1457
-1821
-2045
-2112
-2113
-2185
-2341
-2485
-2551
-2535
-2388
-2019
-1478
-1043
-963
-1134
-1145
-721
-32
507
666
569
475
535
748
1031
1240
1231
999
742
666
749
753
525
156
-164
-390
-597
-805
-934
-973
-1060
-1318
-1652
-1829
-1743
-1520
-1367
-1360
-1438
-1495
-1452
-1256
-926
-596
-443
-506
-613
-538
-231
134
347
354
268
233
307
452
590
642
575
413
235
119
90
111
116
51
-91
-266
-390
-404
-334
-283
-341
-488
-606
-590
-447
-274
-172
-164
-194
-174
-44
176
388
500
503
494
569
728
911
1120
1444
1920
2383
2537
2245
1767
1625
2122
2947
3341
2808
1692
933
1146
1963
2399
1879
788
-32
-182
19
41
-301
-838
-1367
-1788
-2025
-2036
-1933
-1923
-2081
-2245
-2238
-2089
-1942
-1790
-1491
-1056
-742
-739
-850
-673
-110
464
617
358
124
289
783
1199
1226
909
557
435
556
712
673
385
-2
-294
-437
-533
-681
-850
-956
-1009
-1118
-1325
-1514
-1524
-1349
-1158
-1114
-1209
-1295
-1238
-1029
-760
-546
-445
-431
-409
-293
-83
132
257
267
209
151
136
187
283
364
354
232
65
-42
-45
-1
-20
-153
-343
-470
-462
-366
-296
-321
-396
-437
-416
-375
-338
-275
-162
-44
17
28
65
177
331
453
512
531
560
635
764
918
1048
1135
1247
1496
1880
2192
2167
1788
1417
1514
2133
2746
2683
1840
878
604
1136
1761
1686
861
-37
-380
-210
-48
-251
-712
-1122
-1358
-1499
-1624
-1711
-1752
-1791
-1844
-1852
-1772
-1640
-1499
-1295
-991
-702
-609
-683
-647
-295
210
492
406
196
190
431
704
820
770
630
454
291
205
185
115
-96
-367
-544
-600
-663
-811
-951
-971
-938
-1017
-1223
-1363
-1277
-1047
-893
-913
-1004
-1032
-971
-863
-726
-560
-402
-301
-244
-166
-48
46
60
34
55
145
232
249
208
165
148
138
116
98
100
97
47
-55
-146
-165
-122
-93
-134
-221
-283
-276
-220
-171
-160
-172
-152
-70
40
107
104
82
117
219
332
403
444
502
604
740
880
994
1090
1236
1519
1898
2141
2003
1554
1244
1484
2133
2527
2156
1267
650
786
1342
1569
1133
395
-74
-113
-21
-126
-467
-862
-1163
-1346
-1448
-1506
-1558
-1617
-1645
-1583
-1452
-1352
-1323
-1268
-1072
-785
-593
-594
-652
-547
-237
95
248
206
120
141
306
533
684
641
397
93
-74
-42
52
12
-212
-492
-681
-760
-792
-817
-830
-849
-925
-1055
-1149
-1114
-964
-809
-743
-774
-846
-884
-826
-657
-441
-287
-256
-290
-272
-144
40
180
228
204
153
110
105
158
241
278
219
96
-1
-25
-7
4
2
5
6
-26
-96
-165
-190
-166
-123
-97
-98
-108
-95
-39
43
105
120
115
141
230
352
450
495
516
562
649
753
845
913
972
1043
1162
1361
1614
1794
1753
1494
1244
1280
1617
1911
1771
1203
652
558
878
1132
936
392
-82
-236
-198
-238
-450
-733
-982
-1188
-1355
-1449
-1449
-1393
-1326
-1265
-1242
-1305
-1402
-1339
-980
-495
-261
-446
-757
-743
-298
218
398
221
3
11
205
374
385
263
91
-58
-141
-144
-126
-176
-326
-508
-648
-738
-807
-837
-790
-703
-700
-840
-1017
-1053
-899
-691
-596
-640
-718
-722
-631
-488
-345
-249
-221
-230
-198
-83
64
150
161
171
222
263
218
116
71
126
194
160
36
-49
-5
100
122
11
-135
-183
-113
-15
29
15
-7
-13
-5
18
59
110
150
174
197
241
312
399
475
516
528
552
619
698
734
716
713
794
939
1050
1081
1103
1215
1393
1482
1368
1145
1054
1222
1490
1542
1245
809
580
671
850
806
483
97
-132
-186
-206
-301
-472
-672
-863
-1001
-1049
-1021
-1007
-1071
-1169
-1192
-1109
-1008
-980
-988
-924
-761
-594
-522
-527
-501
-379
-209
-90
-76
-138
-197
-186
-105
-18
-3
-80
-189
-250
-246
-235
-280
-381
-484
-548
-587
-631
-674
-681
-643
-607
-621
-676
-713
-686
-599
-497
-431
-420
-441
-440
-372
-241
-108
-33
-24
-35
-14
47
113
153
168
180
197
214
226
238
252
253
234
202
173
151
133
118
109
99
78
56
64
111
153
131
50
-8
41
174
285
297
242
217
267
345
390
409
457
546
610
591
536
555
694
864
933
871
781
788
930
1140
1317
1380
1306
1152
1039
1073
1231
1355
1282
1018
739
621
663
706
602
345
48
-178
-304
-366
-425
-521
-667
-840
-1000
-1110
-1152
-1136
-1097
-1080
-1107
-1155
-1168
-1103
-972
-838
-758
-733
-711
-629
-477
-311
-202
-170
-170
-143
-79
-16
9
7
3
4
-16
-67
-131
-176
-201
-234
-301
-391
-461
-481
-466
-466
-513
-591
-649
-652
-614
-571
-543
-520
-486
-437
-375
-303
-228
-166
-125
-85
-18
72
142
159
141
143
188
242
256
232
211
217
230
222
203
202
219
213
159
85
50
70
109
110
64
14
19
96
198
253
225
152
117
169
284
385
419
392
358
368
440
544
620
632
610
622
706
822
897
904
885
895
949
1023
1081
1104
1089
1056
1031
1027
1025
989
901
780
672
604
549
456
295
94
-83
-199
-277
-372
-514
-678
-820
-917
-974
-1006
-1022
-1036
-1068
-1115
-1143
-1108
-1009
-895
-822
-793
-762
-684
-566
-444
-346
-270
-206
-153
-107
-54
8
58
69
45
11
-10
-23
-42
-68
-98
-133
-182
-245
-308
-356
-386
-406
-427
-456
-492
-521
-528
-502
-456
-414
-392
-382
-359
-305
-227
-148
-88
-44
-1
47
92
123
149
186
231
255
238
203
202
255
311
299
210
119
107
171
225
194
99
24
29
90
139
139
106
83
96
137
184
220
240
247
254
278
320
368
399
409
418
458
530
595
613
586
572
615
701
768
777
757
759
792
822
821
808
808
817
810
780
744
714
672
601
515
445
396
336
229
82
-59
-151
-197
-241
-323
-445
-568
-651
-686
-702
-734
-790
-844
-867
-854
-820
-783
-748
-711
-673
-626
-561
-478
-394
-329
-289
-263
-238
-204
-157
-96
-35
0
-6
-38
-65
-66
-52
-52
-85
-143
-207
-263
-299
-304
-289
-286
-333
-418
-481
-470
-400
-341
-335
-349
-328
-268
-217
-205
-204
-165
-88
-15
22
36
62
105
144
165
175
187
202
213
219
225
230
226
210
185
157
133
126
146
185
207
180
119
76
94
153
191
171
118
93
128
203
265
279
253
219
211
244
306
363
387
376
359
370
421
486
531
537
516
499
515
565
623
646
618
566
539
555
585
589
554
504
462
430
398
358
317
274
218
151
87
40
0
-58
-138
-217
-267
-293
-321
-371
-436
-496
-537
-556
-557
-548
-542
-546
-555
-556
-538
-503
-463
-427
-397
-370
-342
-314
-286
-264
-253
-255
-262
-260
-242
-214
-193
-187
-201
-225
-246
-255
-252
-255
-275
-304
-319
-303
-267
-238
-237
-260
-286
-287
-250
-188
-133
-110
-115
-115
-88
-43
-4
19
41
74
107
125
130
139
154
158
143
124
127
148
156
133
97
85
102
119
105
65
34
36
62
80
75
64
72
104
136
139
120
113
147
206
251
258
245
245
272
306
324
331
345
373
392
381
348
329
351
401
436
423
375
333
329
352
366
348
307
277
278
302
318
307
269
229
209
209
213
203
174
137
102
71
41
15
-5
-26
-59
-105
-151
-182
-196
-207
-230
-271
-329
-388
-426
-423
-391
-368
-386
-438
-476
-464
-408
-354
-339
-360
-384
-383
-355
-320
-292
-274
-264
-259
-250
-230
-201
-177
-170
-172
-167
-153
-141
-141
-146
-142
-122
-100
-95
-112
-135
-144
-135
-120
-116
-122
-126
-119
-103
-83
-71
-73
-87
-98
-91
-63
-32
-16
-16
-16
-3
15
28
37
49
60
61
49
43
66
116
162
170
137
96
86
120
172
204
198
165
137
138
168
197
200
176
152
151
173
194
200
192
179
173
178
197
218
226
213
191
180
191
208
214
206
196
196
203
206
205
205
212
225
237
239
232
222
216
216
214
201
177
154
144
144
140
120
89
57
33
13
-11
-42
-76
-105
-125
-138
-152
-177
-213
-245
-262
-264
-264
-275
-298
-320
-330
-324
-312
-305
-310
-321
-325
-311
-284
-256
-243
-246
-253
-248
-232
-213
-201
-195
-189
-181
-174
-170
-166
-160
-158
-161
-165
-159
-147
-140
-145
-157
-160
-151
-139
-137
-142
-142
-129
-109
-94
-86
-78
-63
-45
-30
-17
-4
13
31
45
57
71
81
82
71
59
61
79
99
110
112
114
117
118
117
121
131
139
132
115
106
113
122
116
93
73
74
92
105
100
83
71
74
89
103
107
106
107
117
131
141
141
135
134
140
147
144
130
117
119
136
152
155
151
155
171
189
193
180
161
147
144
148
153
149
131
105
82
70
65
59
44
21
-2
-17
-24
-27
-36
-54
-76
-93
-99
-97
-96
-100
-112
-131
-155
-177
-188
-185
-174
-167
-169
-177
-183
-184
-181
-174
-163
-156
-159
-173
-185
-180
-160
-141
-142
-164
-187
-190
-173
-154
-149
-159
-168
-164
-147
-124
-106
-96
-95
-96
-92
-75
-50
-35
-41
-62
-74
-63
-40
-27
-34
-44
-40
-22
