-18
-20
-12
3
16
20
15
3
-10
-21
-27
-28
-23
-14
-4
4
9
7
0
-8
-12
-9
0
10
18
22
21
11
-4
-20
-28
-24
-12
5
20
26
21
5
-15
-31
-36
-28
-11
7
17
15
1
-16
-28
-30
-23
-12
-1
6
9
8
4
-1
-3
-4
-4
-3
-1
3
6
6
1
-4
-6
-5
0
4
7
4
-5
-15
-20
-18
-11
-4
1
3
1
-5
-12
-15
-8
4
15
21
19
10
-4
-18
-23
-18
-9
-4
-6
-11
-14
-14
-9
1
15
28
33
26
11
-5
-13
-12
-5
3
7
4
-8
-24
-38
-41
-30
-11
11
28
36
30
12
-9
-24
-25
-13
5
21
31
29
16
-4
-23
-30
-25
-12
4
18
29
33
26
5
-25
-51
-60
-47
-16
20
47
54
35
-3
-45
-72
-71
-40
7
48
66
53
15
-30
-58
-50
5
100
205
257
198
31
-156
-243
-190
-81
-35
-72
-102
-48
47
72
-9
-111
-128
-51
50
132
216
307
339
233
19
-162
-194
-100
3
40
45
71
103
69
-56
-202
-263
-189
-31
108
145
67
-79
-226
-325
-345
-274
-131
24
113
96
-4
-125
-212
-236
-186
-70
63
139
115
16
-80
-120
-107
-69
-20
34
75
74
28
-32
-75
-92
-85
-50
12
68
70
3
-82
-115
-68
22
104
150
158
138
98
55
34
56
121
204
268
285
252
194
145
126
138
178
234
282
290
243
163
91
52
40
44
62
96
129
136
107
64
35
26
25
24
31
50
69
72
62
50
46
39
29
32
66
122
166
169
134
81
23
-48
-138
-234
-313
-370
-405
-411
-376
-304
-235
-214
-240
-261
-230
-142
-29
84
196
302
374
387
354
322
323
354
391
410
397
342
255
162
96
63
40
4
-50
-107
-159
-209
-255
-284
-286
-276
-281
-309
-341
-350
-327
-280
-213
-132
-44
34
90
118
127
135
156
188
219
232
222
190
139
72
7
-41
-71
-100
-146
-206
-268
-322
-366
-394
-384
-322
-223
-130
-77
-65
-74
-86
-93
-86
-49
18
82
100
55
-27
-108
-169
-212
-241
-251
-243
-234
-235
-238
-219
-169
-113
-86
-97
-122
-134
-130
-128
-137
-145
-141
-133
-149
-199
-260
-292
-271
-209
-143
-106
-105
-119
-117
-78
4
112
210
257
240
191
167
209
298
377
398
366
324
301
292
273
243
227
246
286
316
322
317
327
356
392
423
449
470
479
473
459
449
443
428
401
376
372
379
363
299
197
97
32
5
0
1
2
1
-9
-40
-90
-148
-195
-218
-222
-223
-236
-265
-304
-338
-358
-361
-353
-346
-356
-387
-430
-475
-522
-577
-641
-703
-763
-835
-938
-1060
-1152
-1157
-1063
-918
-794
-738
-742
-769
-785
-776
-737
-662
-552
-431
-328
-255
-200
-139
-52
69
227
415
605
758
844
868
872
893
930
949
930
889
867
874
890
888
869
861
896
968
1040
1074
1077
1095
1167
1285
1400
1481
1539
1596
1647
1661
1617
1523
1394
1235
1050
852
643
408
126
-189
-496
-752
-946
-1094
-1230
-1381
-1549
-1709
-1830
-1906
-1946
-1955
-1920
-1840
-1744
-1673
-1636
-1601
-1530
-1407
-1242
-1054
-867
-711
-611
-569
-573
-606
-658
-707
-738
-750
-764
-802
-868
-935
-971
-963
-928
-886
-827
-728
-588
-456
-378
-353
-329
-258
-125
59
277
503
694
807
833
809
797
834
913
993
1039
1030
975
927
963
1120
1371
1710
2217
2950
3732
4165
3977
3360
2843
2799
3100
3312
3144
2664
2098
1542
935
244
-409
-832
-936
-819
-716
-875
-1402
-2161
-2814
-3058
-2869
-2505
-2248
-2163
-2120
-2012
-1878
-1789
-1700
-1467
-1021
-455
38
306
299
72
-239
-465
-518
-457
-448
-605
-910
-1247
-1525
-1722
-1858
-1940
-1952
-1887
-1774
-1678
-1663
-1740
-1836
-1824
-1610
-1219
-786
-465
-312
-268
-224
-118
40
223
429
656
855
929
826
603
409
377
533
767
911
844
608
396
420
731
1247
1949
2937
4155
5134
5278
4514
3532
3171
3608
4259
4477
4148
3575
2949
2155
1066
-128
-1021
-1343
-1194
-938
-969
-1514
-2495
-3510
-4019
-3753
-2966
-2219
-1869
-1822
-1770
-1591
-1401
-1296
-1154
-753
-32
804
1405
1534
1215
707
302
147
179
224
113
-216
-713
-1265
-1781
-2221
-2570
-2795
-2856
-2759
-2579
-2437
-2422
-2513
-2564
-2402
-1968
-1381
-849
-525
-420
-426
-395
-230
53
360
607
783
906
944
825
558
289
199
324
503
537
372
138
-7
-20
14
17
10
88
289
570
907
1429
2324
3557
4698
5156
4694
3730
3041
3102
3696
4177
4127
3669
3185
2805
2305
1461
397
-500
-938
-955
-850
-963
-1507
-2433
-3415
-4010
-3972
-3443
-2804
-2330
-2031
-1797
-1604
-1502
-1467
-1361
-1045
-499
182
824
1201
1123
619
5
-331
-280
-82
-55
-289
-657
-1022
-1349
-1633
-1823
-1854
-1719
-1472
-1214
-1070
-1116
-1273
-1319
-1088
-657
-253
-3
146
263
319
297
309
464
668
711
583
520
663
812
690
368
209
371
589
547
317
214
310
346
137
-125
-136
104
307
274
91
-68
-179
-294
-379
-332
-131
177
590
1136
1683
1927
1675
1126
751
855
1293
1663
1734
1622
1571
1632
1641
1457
1138
858
724
717
768
817
786
587
209
-223
-547
-726
-866
-1051
-1219
-1224
-1021
-746
-596
-658
-843
-969
-910
-687
-449
-347
-419
-566
-667
-689
-706
-799
-952
-1062
-1036
-892
-744
-699
-767
-859
-886
-838
-768
-731
-742
-787
-822
-782
-639
-454
-327
-284
-255
-174
-64
22
82
145
200
216
221
271
348
346
226
103
128
288
423
432
390
394
401
294
88
-42
10
140
169
85
27
53
41
-127
-372
-498
-434
-286
-135
109
555
1095
1414
1304
909
619
695
1059
1423
1613
1689
1793
1929
1949
1738
1367
1028
857
852
930
1006
981
750
296
-229
-599
-734
-773
-879
-1003
-939
-615
-235
-86
-235
-503
-681
-706
-606
-394
-114
75
1
-313
-624
-723
-665
-659
-760
-797
-644
-459
-510
-817
-1104
-1143
-1015
-947
-986
-972
-821
-655
-609
-609
-494
-287
-191
-285
-375
-244
32
162
22
-175
-164
38
181
131
23
48
200
317
319
289
332
437
505
480
393
309
274
300
357
383
328
211
109
68
49
-25
-166
-302
-371
-397
-448
-529
-555
-416
-79
375
786
988
892
585
312
316
621
1002
1216
1249
1293
1458
1605
1500
1117
689
467
485
603
681
652
474
129
-289
-585
-654
-595
-581
-621
-560
-332
-103
-100
-317
-503
-446
-210
-38
-59
-175
-224
-182
-147
-179
-227
-241
-261
-355
-477
-492
-356
-204
-198
-299
-306
-157
-92
-409
-1041
-1528
-1467
-967
-528
-482
-657
-663
-403
-163
-186
-326
-237
148
499
474
136
-129
-75
157
278
226
194
314
460
421
192
-6
10
185
328
338
266
192
136
86
50
28
-29
-154
-290
-335
-276
-222
-276
-404
-488
-479
-447
-451
-435
-267
111
603
1011
1155
983
629
363
414
783
1231
1496
1512
1416
1339
1262
1085
793
505
363
408
568
696
621
244
-343
-844
-984
-769
-481
-376
-448
-518
-483
-397
-339
-300
-232
-136
-37
65
166
205
102
-113
-270
-230
-48
69
7
-132
-188
-163
-205
-382
-567
-595
-476
-369
-389
-503
-636
-768
-876
-865
-645
-287
11
104
9
-199
-496
-827
-988
-776
-284
84
22
-327
-541
-429
-197
-87
-28
204
579
765
527
32
-344
-418
-296
-156
-63
-22
-50
-138
-228
-295
-389
-518
-570
-460
-313
-356
-630
-895
-922
-756
-628
-602
-454
77
946
1758
2064
1726
1047
578
722
1412
2161
2480
2312
2006
1867
1819
1574
1075
620
521
757
1025
1055
767
212
-469
-1016
-1145
-828
-398
-269
-514
-840
-963
-912
-879
-893
-767
-369
179
609
732
544
167
-217
-406
-261
143
509
543
246
-73
-142
-69
-236
-794
-1359
-1369
-775
-227
-428
-1328
-2149
-2244
-1770
-1374
-1321
-1250
-837
-386
-474
-1107
-1605
-1417
-754
-232
-83
-48
47
-8
-378
-772
-757
-353
15
107
121
243
292
33
-347
-411
-82
233
201
-21
-121
-119
-290
-643
-821
-593
-210
-78
-233
-346
-239
-88
-51
129
889
2218
3444
3762
3008
1878
1375
1957
3163
4042
4026
3379
2789
2566
2372
1769
876
279
328
725
869
435
-480
-1589
-2565
-3030
-2768
-2067
-1617
-1838
-2428
-2730
-2498
-2052
-1749
-1526
-1089
-339
534
1266
1669
1628
1180
655
555
1072
1810
2102
1681
893
251
-96
-350
-670
-959
-1077
-1060
-1099
-1346
-1823
-2416
-2889
-2977
-2619
-2079
-1760
-1852
-2186
-2440
-2405
-2078
-1592
-1099
-700
-406
-171
8
64
-27
-133
-58
243
602
809
787
575
252
-66
-214
-126
45
62
-130
-343
-424
-451
-590
-796
-850
-655
-405
-331
-395
-300
222
1233
2603
3985
4775
4417
3063
1808
1876
3364
5021
5467
4587
3452
2954
2876
2486
1639
898
660
664
447
-93
-836
-1819
-3027
-3988
-4047
-3233
-2455
-2577
-3437
-4109
-3981
-3315
-2682
-2240
-1742
-1048
-260
557
1455
2298
2675
2403
1951
2077
2935
3803
3799
2811
1548
764
554
459
56
-645
-1328
-1739
-1938
-2218
-2794
-3524
-3962
-3777
-3134
-2593
-2571
-2966
-3301
-3210
-2691
-1987
-1338
-857
-534
-279
-6
291
532
669
772
953
1189
1296
1093
610
79
-261
-342
-287
-274
-403
-637
-876
-1048
-1153
-1209
-1226
-1180
-1068
-903
-704
-394
254
1514
3322
4982
5485
4436
2735
2036
3247
5535
7043
6647
4947
3448
2967
3039
2836
2190
1558
1201
859
201
-770
-1886
-3078
-4153
-4614
-4106
-3108
-2708
-3484
-4770
-5373
-4838
-3751
-2837
-2211
-1597
-933
-376
131
895
2011
3130
3851
4141
4249
4290
4161
3784
3287
2835
2468
2090
1599
902
-27
-1048
-1857
-2271
-2466
-2798
-3376
-3942
-4236
-4313
-4405
-4540
-4508
-4170
-3662
-3187
-2771
-2312
-1805
-1331
-865
-259
503
1178
1511
1550
1579
1741
1879
1759
1378
926
552
243
-71
-396
-707
-1000
-1289
-1563
-1799
-1981
-2117
-2201
-2161
-1786
-783
986
3148
4775
4910
3472
1656
1168
2740
5334
7024
6757
5220
3922
3627
3836
3704
3044
2294
1770
1338
727
-161
-1312
-2624
-3702
-3971
-3335
-2612
-2853
-4189
-5552
-5814
-4904
-3670
-2810
-2342
-1972
-1600
-1240
-761
5
1027
2167
3384
4548
5169
4739
3550
2765
3300
4648
5285
4277
2280
711
197
129
-357
-1359
-2306
-2766
-2870
-3022
-3457
-4117
-4769
-5109
-4929
-4332
-3755
-3578
-3711
-3661
-3097
-2215
-1463
-1017
-661
-157
447
927
1200
1361
1509
1612
1607
1477
1215
790
230
-291
-578
-639
-719
-1034
-1535
-1937
-2042
-1910
-1716
-1397
-577
1054
3151
4643
4500
2843
1200
1341
3593
6371
7594
6588
4570
3260
3288
3942
4228
3775
2841
1809
944
342
-171
-986
-2239
-3382
-3627
-2953
-2372
-2870
-4296
-5504
-5594
-4658
-3402
-2384
-1814
-1701
-1854
-1802
-1122
51
1108
1712
2254
3284
4632
5390
4929
3683
2782
2922
3762
4305
3821
2374
693
-458
-865
-980
-1397
-2219
-2986
-3254
-3136
-3159
-3654
-4410
-4915
-4827
-4226
-3520
-3126
-3144
-3276
-3088
-2413
-1501
-749
-321
-57
270
716
1151
1437
1528
1482
1384
1269
1069
691
190
-211
-344
-325
-458
-877
-1343
-1527
-1397
-1230
-1163
-861
224
2119
3975
4582
3507
1732
1022
2365
4942
6776
6526
4697
3017
2720
3531
4269
4107
3140
1953
1031
521
235
-252
-1230
-2407
-3058
-2854
-2389
-2588
-3642
-4764
-5075
-4436
-3386
-2487
-1983
-1860
-1961
-1947
-1464
-522
424
962
1239
1804
2911
4122
4720
4420
3643
3081
3094
3429
3489
2857
1687
552
-107
-413
-842
-1623
-2449
-2862
-2804
-2670
-2867
-3426
-4043
-4369
-4270
-3872
-3447
-3195
-3095
-2940
-2548
-1940
-1314
-842
-511
-151
356
920
1314
1394
1238
1040
927
856
703
416
73
-191
-337
-479
-779
-1229
-1641
-1817
-1761
-1607
-1358
-736
546
2313
3747
3922
2717
1251
1122
2936
5514
6808
5851
3712
2387
2792
4070
4740
4201
2951
1785
1095
803
552
-77
-1196
-2336
-2787
-2423
-2006
-2419
-3622
-4672
-4742
-3933
-2969
-2411
-2301
-2419
-2481
-2185
-1361
-260
555
765
708
1053
2076
3367
4219
4252
3655
3014
2866
3273
3683
3384
2232
890
138
25
-147
-918
-1998
-2642
-2562
-2234
-2308
-2932
-3709
-4173
-4140
-3735
-3255
-3016
-3117
-3305
-3166
-2549
-1748
-1164
-869
-583
-93
466
791
803
714
756
912
989
855
537
152
-192
-437
-590
-738
-970
-1231
-1351
-1254
-1085
-996
-819
-91
1386
3047
3787
2964
1245
296
1320
3790
5773
5708
3932
2301
2291
3598
4693
4477
3163
1700
802
575
686
579
-177
-1410
-2349
-2419
-2011
-2105
-3097
-4257
-4563
-3804
-2689
-2004
-2001
-2430
-2844
-2764
-1954
-755
66
112
-156
60
973
2068
2837
3292
3670
3930
3837
3392
2941
2741
2647
2303
1597
739
-13
-602
-1079
-1443
-1657
-1795
-2024
-2434
-2929
-3324
-3507
-3485
-3335
-3151
-3044
-3062
-3106
-2968
-2561
-2033
-1600
-1270
-858
-283
265
537
530
468
535
691
791
749
566
276
-83
-438
-696
-835
-931
-1069
-1252
-1409
-1503
-1536
-1410
-813
519
2320
3625
3444
1840
276
495
2785
5446
6272
4742
2543
1830
3069
4805
5329
4262
2495
1123
640
876
1198
869
-350
-1809
-2493
-2144
-1654
-2059
-3287
-4261
-4174
-3324
-2573
-2383
-2568
-2768
-2750
-2393
-1717
-1012
-626
-543
-356
216
953
1476
1816
2361
3226
3936
3905
3156
2352
2152
2553
2904
2494
1221
-251
-1038
-867
-359
-400
-1236
-2268
-2765
-2626
-2363
-2459
-2899
-3317
-3433
-3251
-2957
-2740
-2670
-2641
-2420
-1876
-1155
-595
-395
-422
-373
-95
300
599
700
653
550
422
240
-8
-270
-450
-505
-519
-658
-975
-1334
-1539
-1535
-1387
-1042
-215
1233
2804
3450
2530
763
-46
1348
4183
6156
5601
3211
1362
1705
3616
5094
4855
3308
1713
938
1034
1488
1549
669
-918
-2184
-2288
-1576
-1262
-2041
-3303
-3924
-3538
-2758
-2312
-2353
-2579
-2702
-2548
-2031
-1273
-681
-574
-767
-726
-196
523
1012
1281
1705
2472
3294
3651
3309
2540
1935
1926
2384
2623
2013
668
-559
-911
-501
-146
-463
-1307
-2069
-2355
-2252
-2090
-2118
-2381
-2758
-3021
-2990
-2714
-2452
-2380
-2376
-2171
-1705
-1216
-943
-846
-676
-302
139
406
430
347
302
287
200
15
-192
-359
-479
-555
-602
-687
-900
-1220
-1490
-1525
-1188
-337
1043
2505
3134
2307
630
-193
1137
3995
6065
5482
2833
751
1287
3800
5736
5314
3095
979
261
827
1733
2005
1147
-505
-1856
-1953
-1044
-454
-1162
-2701
-3746
-3606
-2804
-2234
-2202
-2400
-2517
-2472
-2236
-1787
-1286
-983
-891
-732
-332
125
410
650
1173
1987
2658
2782
2445
2076
2002
2214
2492
2525
2058
1119
176
-195
84
405
88
-875
-1807
-2096
-1800
-1478
-1557
-1981
-2424
-2642
-2602
-2411
-2240
-2233
-2364
-2409
-2169
-1719
-1332
-1145
-1027
-802
-489
-223
-22
195
395
415
187
-113
-261
-244
-228
-329
-514
-710
-916
-1140
-1316
-1323
-1024
-245
1067
2507
3173
2378
622
-400
738
3546
5700
5200
2561
481
1079
3652
5521
4910
2580
637
355
1368
2445
2512
1230
-765
-2147
-1981
-756
-40
-837
-2490
-3503
-3225
-2353
-1859
-1941
-2152
-2191
-2123
-2007
-1740
-1336
-998
-828
-653
-328
-13
79
117
550
1519
2560
2989
2562
1712
1219
1612
2673
3421
2891
1171
-424
-561
668
1737
1276
-494
-2054
-2212
-1232
-374
-546
-1564
-2579
-2958
-2714
-2278
-2057
-2155
-2395
-2506
-2364
-2080
-1836
-1647
-1363
-927
-523
-386
-460
-398
20
562
743
362
-265
-612
-445
-10
212
-58
-672
-1182
-1240
-912
-532
-195
417
1524
2606
2655
1367
-63
167
2486
5064
5431
3169
611
457
2856
5301
5384
3211
886
164
1030
2266
2709
1911
212
-1385
-1798
-873
230
99
-1370
-2871
-3213
-2559
-1924
-1851
-2028
-2078
-2084
-2220
-2280
-1941
-1267
-676
-419
-394
-432
-488
-439
11
993
2102
2619
2214
1317
787
1188
2303
3206
2963
1499
-121
-548
483
1747
1719
185
-1547
-2087
-1366
-489
-449
-1248
-2200
-2711
-2653
-2244
-1833
-1724
-2004
-2437
-2621
-2356
-1818
-1347
-1105
-1000
-908
-829
-770
-603
-198
315
570
338
-195
-570
-487
-66
266
159
-364
-910
-1058
-761
-349
-66
280
1031
2023
2454
1725
421
101
1703
4169
5156
3538
912
79
1958
4547
5176
3364
1026
176
1019
2277
2690
1902
356
-1090
-1582
-926
27
58
-1106
-2470
-2934
-2503
-2028
-2002
-2112
-1981
-1789
-1902
-2196
-2168
-1594
-811
-300
-242
-514
-836
-832
-200
932
1931
2196
1772
1266
1220
1688
2358
2816
2690
1850
707
83
469
1358
1628
702
-787
-1683
-1491
-767
-407
-786
-1595
-2277
-2481
-2228
-1829
-1650
-1861
-2301
-2608
-2523
-2089
-1562
-1169
-971
-908
-894
-813
-530
-28
464
602
258
-319
-692
-602
-170
201
129
-440
-1115
-1355
-988
-397
-68
13
367
1308
2315
2404
1304
111
384
2342
4249
4087
1876
-78
400
2924
4938
4498
2218
331
260
1512
2636
2656
1539
-78
-1268
-1327
-445
257
-202
-1553
-2574
-2524
-1902
-1618
-1831
-2022
-1934
-1898
-2157
-2350
-1984
-1170
-517
-432
-760
-1078
-1063
-584
273
1160
1644
1627
1444
1463
1688
1911
2104
2361
2491
2073
1090
254
288
983
1307
586
-701
-1467
-1218
-481
-145
-601
-1558
-2437
-2794
-2526
-1919
-1511
-1690
-2312
-2791
-2655
-1979
-1244
-830
-737
-746
-694
-553
-331
-50
173
163
-103
-384
-388
-101
170
118
-270
-708
-893
-758
-507
-428
-567
-546
126
1412
2469
2328
1021
-93
497
2780
4873
4724
2318
-44
2
2389
4658
4550
2309
213
73
1550
2897
2836
1468
-234
-1287
-1225
-345
372
24
-1250
-2364
-2539
-2131
-1954
-2125
-2094
-1691
-1483
-1904
-2497
-2447
-1625
-749
-495
-819
-1183
-1167
-690
92
879
1335
1385
1363
1621
2036
2152
1874
1668
1900
2193
1859
898
179
397
1137
1277
308
-1073
-1745
-1343
-525
-218
-778
-1807
-2589
-2665
-2140
-1570
-1492
-1949
-2468
-2538
-2096
-1510
-1135
-998
-928
-838
-752
-655
-456
-150
98
104
-127
-397
-511
-430
-275
-207
-316
-529
-676
-652
-530
-460
-429
-165
578
1595
2173
1710
534
-42
1108
3515
5139
4271
1524
-457
339
3084
4958
4162
1689
-12
340
1891
2942
2593
1169
-380
-1171
-881
-28
334
-407
-1712
-2476
-2326
-1920
-1914
-2107
-1946
-1531
-1510
-2054
-2484
-2142
-1236
-556
-539
-933
-1247
-1179
-651
217
1033
1349
1160
1004
1318
1885
2174
2095
2024
2103
1933
1238
489
460
1164
1646
1036
-369
-1376
-1204
-305
217
-221
-1227
-2002
-2118
-1747
-1363
-1337
-1714
-2205
-2401
-2130
-1625
-1289
-1270
-1359
-1311
-1150
-1028
-912
-614
-135
194
66
-383
-674
-516
-99
143
-15
-438
-821
-960
-851
-638
-514
-553
-542
-91
937
2054
2379
1508
219
19
1655
4014
4914
3359
881
137
2035
4634
5197
3154
584
-160
1153
2782
3067
1872
233
-808
-890
-334
135
-119
-1058
-1972
-2240
-2001
-1858
-2017
-2089
-1815
-1555
-1781
-2309
-2426
-1768
-810
-337
-620
-1241
-1567
-1242
-366
575
998
714
218
292
1169
2194
2490
1902
1142
979
1443
1899
1806
1236
691
511
581
518
113
-447
-775
-711
-521
-635
-1172
-1772
-1970
-1697
-1379
-1488
-2020
-2479
-2407
-1863
-1314
-1127
-1257
-1407
-1357
-1085
-688
-331
-190
-328
-581
-666
-454
-100
111
32
-229
-446
-490
-405
-331
-361
-493
-667
-762
-546
193
1326
2217
2124
1003
-103
194
2167
4316
4593
2615
389
358
2680
4936
4747
2364
225
210
1818
3094
2787
1280
-219
-858
-591
16
205
-424
-1496
-2173
-2067
-1675
-1699
-2137
-2343
-1994
-1538
-1559
-1972
-2172
-1807
-1174
-804
-903
-1248
-1444
-1189
-476
321
687
496
260
611
1534
2299
2263
1589
1049
1165
1709
2024
1746
1111
646
607
770
685
169
-484
-811
-700
-528
-740
-1330
-1850
-1919
-1638
-1456
-1682
-2170
-2471
-2292
-1779
-1377
-1386
-1660
-1763
-1424
-831
-428
-436
-620
-581
-229
106
82
-241
-474
-365
-76
28
-209
-597
-840
-801
-573
-376
-392
-542
-439
316
1566
2430
2036
634
-270
673
3001
4577
3770
1390
11
1201
3752
4992
3717
1361
217
954
2286
2706
1953
772
-108
-451
-369
-209
-388
-992
-1582
-1715
-1582
-1767
-2337
-2590
-2026
-1182
-1087
-1945
-2809
-2688
-1671
-713
-539
-1022
-1521
-1507
-885
14
654
710
414
350
806
1418
1640
1456
1368
1661
1979
1805
1223
879
1162
1655
1582
698
-394
-852
-452
205
302
-411
-1431
-2018
-1861
-1287
-926
-1166
-1847
-2411
-2396
-1849
-1250
-1041
-1239
-1507
-1520
-1211
-738
-312
-80
-72
-206
-355
-427
-391
-277
-168
-205
-480
-866
-1048
-844
-466
-345
-647
-1070
-1194
-898
-308
478
1372
1996
1803
801
7
662
2753
4584
4338
2164
303
786
3168
4980
4411
2167
454
543
1729
2520
2236
1252
212
-499
-708
-452
-147
-354
-1125
-1876
-2108
-2010
-2063
-2269
-2182
-1705
-1388
-1717
-2382
-2592
-1995
-1071
-573
-777
-1322
-1615
-1293
-456
386
677
338
-51
219
1207
2195
2430
1900
1286
1190
1582
1960
1915
1450
887
570
615
799
746
286
-345
-729
-716
-565
-635
-996
-1400
-1590
-1575
-1559
-1661
-1775
-1745
-1598
-1507
-1542
-1557
-1376
-1018
-671
-495
-481
-501
-447
-321
-236
-297
-474
-613
-606
-530
-538
-657
-756
-732
-647
-646
-756
-856
-825
-648
-309
284
1136
1907
2035
1337
504
661
2174
3928
4211
2591
663
502
2362
4306
4307
2418
525
222
1308
2386
2419
1460
213
-643
-794
-385
26
-136
-891
-1665
-1963
-1908
-1939
-2114
-2071
-1701
-1454
-1747
-2292
-2378
-1756
-956
-642
-931
-1420
-1658
-1415
-724
100
586
516
214
225
699
1288
1644
1779
1829
1724
1359
969
1007
1524
1951
1689
828
56
-93
258
576
490
28
-540
-948
-1056
-899
-700
-753
-1182
-1773
-2116
-1967
-1488
-1088
-1040
-1275
-1513
-1527
-1286
-909
-581
-452
-557
-755
-827
-655
-341
-111
-122
-361
-677
-875
-816
-531
-253
-256
-564
-867
-828
-450
-47
177
423
997
1764
2086
1552
705
731
2143
3901
4251
2649
628
353
2276
4540
4918
3118
924
189
1086
2345
2744
2047
790
-333
-821
-570
-18
118
-477
-1353
-1849
-1878
-1868
-2003
-1988
-1675
-1497
-1906
-2610
-2812
-2203
-1342
-974
-1241
-1695
-1855
-1546
-861
-90
362
273
-77
-61
647
1665
2269
2122
1540
1123
1234
1800
2382
2460
1851
986
601
956
1461
1302
412
-423
-535
-170
-109
-648
-1291
-1466
-1241
-1147
-1460
-1920
-2110
-1917
-1550
-1269
-1201
-1308
-1418
-1325
-987
-625
-521
-672
-779
-611
-302
-170
-309
-494
-500
-385
-366
-510
-665
-675
-557
-445
-406
-394
-341
-264
-216
-165
94
750
1645
2199
1906
1029
640
1618
3510
4647
3794
1677
486
1569
3854
4950
3753
1544
410
1009
2218
2652
1990
842
-118
-571
-494
-131
17
-433
-1276
-1895
-1992
-1884
-1971
-2174
-2170
-2000
-2053
-2456
-2791
-2616
-2012
-1479
-1359
-1549
-1703
-1551
-1030
-296
335
598
553
569
918
1468
1889
2071
2158
2213
2085
1733
1464
1638
2138
2381
1932
1021
309
211
536
764
536
-110
-858
-1342
-1379
-1115
-945
-1185
-1745
-2203
-2233
-1905
-1545
-1374
-1366
-1408
-1450
-1450
-1315
-1002
-649
-490
-598
-784
-791
-543
-198
0
-94
-426
-751
-807
-556
-256
-220
-487
-777
-805
-563
-292
-196
-249
-258
-50
440
1148
1839
2123
1758
1074
950
2012
3740
4648
3734
1760
720
1773
3876
4824
3598
1388
195
756
2062
2670
2060
756
-419
-935
-745
-268
-161
-768
-1704
-2238
-2143
-1913
-2033
-2345
-2381
-2141
-2104
-2482
-2826
-2593
-1849
-1191
-1047
-1285
-1470
-1302
-749
10
668
957
918
940
1339
1940
2259
2151
2020
2253
2625
2563
1957
1403
1485
2004
2174
1559
574
-9
99
470
485
-58
-826
-1331
-1347
-1065
-897
-1136
-1700
-2194
-2270
-1952
-1606
-1561
-1776
-1919
-1745
-1340
-982
-821
-766
-675
-574
-592
-740
-838
-708
-386
-101
-64
-279
-530
-559
-315
-25
15
-238
-524
-571
-379
-158
-67
-98
-150
-97
207
862
1713
2291
2135
1350
757
1244
2748
4040
3832
2227
830
1131
2845
4143
3647
1879
555
646
1540
2024
1611
711
-108
-608
-782
-734
-724
-1027
-1599
-2059
-2169
-2156
-2331
-2551
-2411
-1919
-1637
-1950
-2486
-2523
-1879
-1093
-758
-910
-1149
-1117
-723
-78
573
946
950
864
1114
1771
2416
2591
2319
2023
2016
2182
2214
1993
1665
1423
1313
1208
958
542
130
-64
-28
-42
-398
-1026
-1517
-1567
-1352
-1322
-1674
-2134
-2303
-2094
-1770
-1613
-1669
-1786
-1806
-1665
-1389
-1059
-775
-598
-510
-461
-427
-400
-335
-178
41
178
114
-106
-285
-258
-44
178
223
52
-193
-299
-175
60
178
77
-116
-178
6
424
1019
1669
2084
1932
1263
746
1186
2595
3859
3686
2042
426
435
2046
3583
3483
1907
423
262
1169
1954
1807
877
-184
-846
-934
-627
-381
-611
-1257
-1815
-1935
-1825
-1865
-2028
-1959
-1611
-1415
-1678
-2094
-2103
-1589
-989
-720
-777
-895
-886
-681
-255
283
667
766
837
1225
1832
2146
1920
1599
1811
2495
2861
2306
1234
681
1143
1970
2069
1099
-170
-707
-280
379
384
-449
-1509
-2043
-1837
-1335
-1175
-1600
-2267
-2588
-2325
-1816
-1582
-1738
-1907
-1729
-1302
-1016
-1025
-1053
-798
-345
-69
-177
-449
-492
-165
285
491
321
-4
-126
111
505
674
430
-28
-299
-175
158
312
92
-313
-517
-328
64
313
352
495
1047
1805
2121
1621
818
762
1891
3308
3539
2181
555
412
1983
3656
3713
2149
521
189
1042
1949
2027
1261
174
-690
-1001
-768
-411
-479
-1082
-1754
-2012
-1916
-1862
-1966
-1944
-1664
-1448
-1642
-2052
-2126
-1630
-941
-580
-673
-925
-992
-713
-133
536
993
1092
1024
1123
1468
1823
1994
2071
2200
2232
1898
1288
937
1208
1754
1802
1040
9
-456
-113
483
583
-36
-952
-1551
-1556
-1202
-981
-1233
-1863
-2423
-2514
-2147
-1707
-1540
-1621
-1688
-1594
-1415
-1233
-982
-611
-276
-227
-476
-728
-668
-278
168
362
215
-100
-274
-104
308
595
457
-13
-404
-415
-150
56
26
-131
-234
-226
-155
-55
76
239
439
744
1220
1742
1960
1635
1069
1015
1905
3151
3528
2484
959
551
1763
3340
3601
2268
668
180
855
1670
1762
1091
128
-659
-984
-812
-470
-471
-992
-1627
-1867
-1731
-1647
-1772
-1802
-1533
-1291
-1494
-1970
-2095
-1600
-918
-641
-847
-1127
-1105
-736
-161
452
934
1143
1106
1017
1058
1281
1681
2215
2614
2438
1579
686
674
1656
2592
2329
899
-452
-622
211
911
642
-415
-1468
-1935
-1800
-1424
-1211
-1383
-1857
-2304
-2414
-2183
-1880
-1718
-1673
-1624
-1575
-1586
-1562
-1291
-766
-325
-307
-633
-840
-579
16
493
532
206
-144
-196
115
554
757
536
62
-284
-269
1
226
213
-2
-238
-331
-200
112
443
588
499
381
565
1169
1876
2111
1602
813
685
1669
3046
3468
2408
905
565
1773
3202
3280
1907
448
128
829
1511
1453
769
-34
-585
-737
-535
-283
-414
-1038
-1705
-1879
-1600
-1418
-1645
-1970
-1939
-1610
-1436
-1605
-1797
-1649
-1210
-823
-680
-677
-632
-449
-84
467
1077
1482
1485
1180
917
1053
1681
2486
2851
2322
1164
365
737
1930
2590
1760
8
-1101
-703
480
1018
313
-974
-1822
-1860
-1446
-1099
-1078
-1363
-1792
-2151
-2269
-2132
-1862
-1577
-1341
-1230
-1324
-1533
-1542
-1098
-382
69
-81
-581
-832
-500
183
693
708
339
-21
-26
357
804
893
502
-30
-216
71
462
501
134
-279
-386
-175
106
236
193
90
52
135
305
489
695
1009
1406
1607
1353
858
811
1630
2768
3095
2149
841
585
1713
3039
3143
1897
503
113
716
1408
1457
870
87
-518
-786
-727
-560
-633
-1079
-1586
-1743
-1581
-1524
-1756
-1957
-1791
-1441
-1349
-1560
-1634
-1271
-709
-400
-476
-681
-702
-396
226
984
1469
1300
628
233
804
2075
2906
2434
1063
138
562
1846
2600
1968
477
-561
-401
457
899
354
-738
-1508
-1549
-1187
-1008
-1252
-1683
-1946
-1933
-1820
-1804
-1876
-1855
-1638
-1362
-1253
-1333
-1359
-1082
-555
-114
-42
-280
-481
-335
147
630
762
502
160
99
380
704
727
407
36
-75
97
293
274
56
-157
-216
-156
-95
-85
-97
-96
-75
-52
-44
-56
-63
-10
184
574
1111
1560
1593
1124
596
727
1737
2888
3068
2009
741
611
1813
3134
3233
2034
681
262
784
1426
1501
983
259
-320
-606
-608
-483
-498
-818
-1313
-1683
-1788
-1749
-1703
-1600
-1398
-1289
-1506
-1901
-1993
-1519
-802
-397
-496
-783
-817
-400
333
1000
1184
791
316
491
1468
2451
2436
1363
303
319
1298
2096
1832
781
-70
-129
309
553
263
-348
-859
-1050
-1018
-1026
-1241
-1564
-1738
-1649
-1497
-1573
-1866
-2005
-1707
-1165
-858
-987
-1249
-1209
-788
-294
-46
-79
-184
-135
117
414
532
405
207
168
319
467
444
295
196
226
286
237
64
-121
-209
-187
-117
-69
-93
-197
-341
-427
-374
-191
5
94
75
54
118
279
528
907
1385
1713
1568
1013
672
1194
2410
3253
2816
1455
569
1111
2507
3266
2608
1214
349
507
1141
1474
1239
637
-45
-570
-737
-561
-393
-626
-1223
-1742
-1876
-1791
-1811
-1930
-1892
-1663
-1542
-1715
-1933
-1801
-1297
-790
-580
-573
-473
-149
265
565
683
734
901
1234
1542
1538
1190
849
919
1340
1593
1276
613
207
345
687
698
237
-368
-744
-823
-788
-829
-1010
-1293
-1578
-1736
-1701
-1557
-1461
-1475
-1512
-1485
-1417
-1360
-1249
-985
-631
-410
-444
-570
-517
-218
125
285
232
116
97
227
442
607
607
434
211
104
179
334
398
298
119
-6
-33
-10
16
33
21
-64
-203
-286
-217
-40
103
120
58
34
121
307
559
878
1261
1586
1645
1379
1096
1278
2024
2762
2735
1874
1015
1066
1979
2765
2565
1547
625
435
791
1092
993
544
-69
-671
-1041
-1025
-784
-735
-1092
-1595
-1845
-1782
-1672
-1677
-1677
-1568
-1489
-1603
-1768
-1668
-1222
-703
-384
-259
-171
-73
2
140
499
1028
1390
1314
931
688
887
1375
1677
1466
865
331
227
497
735
577
27
-566
-863
-830
-722
-796
-1077
-1400
-1610
-1683
-1677
-1628
-1542
-1447
-1403
-1421
-1427
-1324
-1090
-814
-608
-526
-520
-475
-288
38
353
465
336
154
166
422
716
796
615
360
237
292
407
449
379
245
109
11
-30
-15
29
34
-64
-248
-394
-366
-167
40
83
-42
-164
-122
83
300
385
334
276
358
636
1040
1406
1548
1391
1098
1031
1438
2116
2494
2177
1427
963
1222
1869
2151
1695
880
378
455
777
840
464
-138
-639
-862
-847
-775
-842
-1112
-1448
-1645
-1649
-1599
-1621
-1665
-1603
-1448
-1343
-1321
-1209
-860
-399
-133
-184
-332
-253
140
625
918
911
722
573
623
848
1059
1049
790
449
237
207
240
172
-41
-314
-529
-642
-701
-783
-921
-1085
-1211
-1261
-1253
-1230
-1205
-1150
-1051
-957
-926
-934
-874
-679
-423
-263
-256
-290
-202
36
290
405
357
263
259
379
533
587
487
308
187
197
286
339
286
147
-14
-139
-195
-174
-121
-118
-218
-373
-458
-390
-223
-105
-125
-229
-288
-229
-96
27
107
171
240
302
348
415
560
795
1064
1281
1380
1341
1226
1180
1348
1709
2008
1941
1497
1053
1027
1409
1737
1570
968
396
217
346
425
226
-171
-543
-755
-815
-816
-858
-1007
-1238
-1438
-1500
-1443
-1380
-1370
-1340
-1199
-981
-809
-736
-688
-572
-387
-186
-7
132
204
208
226
342
522
619
543
377
285
322
388
363
238
82
-54
-168
-265
-336
-396
-491
-636
-781
-857
-850
-805
-770
-765
-793
-847
-880
-824
-663
-483
-394
-421
-471
-434
-293
-120
-3
29
7
-9
17
81
141
161
142
115
101
93
77
62
67
74
32
-78
-200
-245
-189
-103
-78
-140
-236
-292
-265
-165
-50
12
-6
-54
-44
62
216
329
358
341
356
450
608
757
825
800
765
831
1031
1266
1381
1304
1118
1010
1109
1361
1543
1458
1133
815
726
835
905
759
449
164
6
-70
-148
-248
-365
-525
-742
-955
-1060
-1039
-989
-1016
-1122
-1221
-1239
-1157
-991
-795
-663
-660
-723
-683
-452
-152
2
-45
-126
-61
131
288
313
269
255
281
291
267
233
198
132
33
-58
-112
-155
-227
-318
-386
-426
-480
-570
-652
-674
-649
-645
-691
-739
-724
-641
-552
-516
-534
-551
-513
-406
-271
-171
-134
-128
-93
-8
85
130
121
105
123
166
189
161
103
69
97
163
196
146
38
-43
-41
17
54
27
-38
-81
-79
-53
-38
-45
-54
-36
14
65
77
52
42
105
238
378
458
473
473
509
599
734
893
1049
1153
1155
1058
954
975
1158
1370
1402
1164
808
607
688
896
933
659
224
-87
-135
-28
15
-131
-424
-721
-883
-866
-755
-702
-797
-970
-1062
-992
-842
-753
-763
-783
-717
-578
-456
-400
-365
-281
-144
-21
22
-3
-22
33
147
235
217
106
6
11
101
156
78
-103
-268
-330
-308
-282
-311
-388
-478
-555
-612
-643
-642
-615
-585
-581
-611
-648
-641
-560
-428
-315
-281
-314
-334
-266
-115
30
81
35
-32
-39
23
103
153
161
141
111
89
95
130
162
153
101
40
5
1
9
16
18
5
-29
-68
-77
-40
17
49
34
1
1
64
166
249
267
233
214
271
395
521
588
598
602
644
730
833
927
990
1008
978
931
925
986
1064
1066
949
778
665
653
669
602
422
203
47
-26
-77
-180
-342
-509
-634
-714
-775
-830
-872
-894
-908
-924
-937
-923
-868
-794
-738
-715
-693
-622
-493
-356
-276
-260
-259
-212
-114
-10
48
49
24
16
39
72
75
24
-61
-128
-143
-127
-138
-210
-321
-412
-445
-433
-425
-453
-505
-543
-548
-530
-510
-488
-458
-422
-395
-378
-355
-305
-224
-138
-76
-54
-55
-49
-12
52
117
154
149
119
102
126
173
196
169
113
77
82
110
126
114
88
69
69
81
93
102
114
126
129
122
118
139
185
235
266
276
278
291
320
361
401
439
478
525
577
621
651
683
740
821
889
900
858
820
837
898
930
872
737
600
524
506
485
406
263
96
-40
-125
-180
-247
-353
-488
-614
-702
-752
-787
-830
-883
-934
-966
-972
-949
-902
-847
-799
-761
-723
-666
-584
-487
-392
-314
-252
-201
-149
-91
-34
6
20
13
6
8
14
6
-23
-67
-113
-157
-200
-242
-275
-299
-321
-348
-377
-399
-411
-415
-413
-404
-390
-377
-361
-336
-299
-258
-225
-203
-182
-152
-108
-62
-25
5
34
66
94
111
126
152
190
219
219
194
173
172
181
177
155
130
115
106
92
75
72
90
120
139
137
132
145
182
223
246
248
249
267
309
365
425
476
508
520
524
547
603
673
714
700
654
627
646
693
722
701
639
571
535
541
556
532
446
330
237
192
166
111
7
-122
-232
-304
-351
-403
-471
-541
-594
-631
-661
-688
-705
-709
-704
-691
-668
-633
-600
-581
-571
-542
-477
-393
-329
-304
-298
-273
-215
-148
-112
-121
-149
-151
-115
-71
-63
-101
-154
-183
-181
-173
-189
-229
-270
-289
-288
-286
-302
-333
-354
-349
-324
-301
-292
-288
-274
-247
-216
-190
-168
-147
-129
-119
-107
-75
-21
38
72
74
61
58
77
113
151
178
182
168
153
154
172
185
179
157
135
118
102
90
90
101
108
100
83
79
102
145
185
205
208
216
243
289
337
368
379
379
387
411
451
496
532
543
534
523
532
557
574
565
540
523
525
528
513
481
449
424
395
349
288
223
163
106
52
-3
-66
-141
-218
-280
-317
-349
-396
-458
-505
-517
-509
-513
-543
-574
-574
-538
-490
-458
-440
-419
-383
-337
-294
-259
-230
-202
-179
-161
-141
-111
-72
-43
-46
-78
-113
-115
-83
-57
-77
-140
-196
-202
-168
-146
-179
-251
-300
-288
-235
-202
-225
-276
-300
-273
-223
-195
-205
-228
-225
-180
-117
-71
-57
-58
-49
-21
16
46
64
70
68
66
68
74
80
84
87
90
92
94
98
103
109
110
105
92
77
66
72
97
128
143
131
115
130
181
233
243
213
189
213
269
307
299
270
267
310
366
393
379
355
360
401
448
467
450
419
400
406
428
446
441
410
367
330
307
288
262
226
181
129
79
40
20
5
-26
-88
-164
-223
-243
-237
-239
-270
-322
-364
-371
-348
-321
-315
-335
-365
-380
-366
-328
-289
-266
-262
-261
-248
-219
-187
-163
-153
-151
-148
-137
-119
-102
-96
-106
-124
-143
-156
-162
-164
-164
-169
-177
-187
-194
-199
-206
-213
-215
-209
-199
-189
-179
-165
-146
-128
-114
-99
-81
-59
-37
-13
16
50
76
85
83
84
96
117
134
139
131
120
116
122
129
126
110
91
82
85
89
82
61
40
28
26
26
22
19
29
53
85
111
122
121
118
122
139
167
198
220
227
225
232
261
305
341
348
330
310
311
332
351
354
341
323
308
293
277
267
267
266
250
216
177
154
149
142
113
61
13
-9
-8
-9
-32
-73
-112
-139
-156
-169
-178
-182
-187
-202
-224
-233
-217
-189
-176
-190
-216
-231
-225
-203
-178
-162
-166
-191
-217
-216
-182
-139
-122
-141
-171
-179
-158
-132
-123
-134
-149
-153
-147
-139
-133
-125
-113
-104
-109
-127
-143
-140
-117
-97
-99
-119
-132
-117
-82
-54
-49
-59
-63
-46
-11
26
49
50
35
18
13
23
42
58
59
43
23
19
37
62
70
56
40
42
56
62
50
34
31
38
41
35
32
39
52
58
59
67
85
102
108
109
117
130
136
139
152
178
194
181
152
141
162
187
182
148
122
126
150
158
137
105
87
90
100
102
90
76
72
83
103
118
120
110
102
105
119
131
131
113
87
65
60
70
81
73
45
15
2
8
15
8
-14
-44
-78
-114
-143
-151
-137
-120
-124
-149
-171
-170
-149
-128
-121
-126
-136
-146
-150
-141
-121
-107
-115
-139
-148
-125
-84
-62
-73
-100
-109
-91
-64
-59
-85
-125
-150
-148
-130
-119
-122
-129
-125
-104
-77
-59
-55
-61
-67
-64
-48
-25
-12
-20
-44
-58
-42
-4
24
23
8
11
42
82
100
84
55
