2
0
-1
0
2
5
9
13
15
13
6
-2
-8
-9
-8
-6
-5
-5
-5
-4
-3
-3
-3
-3
-4
-3
0
3
5
6
5
4
3
2
3
5
8
10
9
7
7
5
0
-8
-13
-14
-10
-5
-1
1
1
1
1
-2
-7
-11
-11
-8
-5
-5
-9
-13
-12
-10
-10
-11
-12
-11
-8
-4
1
4
5
0
-7
-11
-12
-12
-13
-16
-15
-9
-1
5
6
3
2
3
5
4
-2
-7
-8
-7
-6
-7
-6
-1
6
15
35
73
119
136
93
0
-80
-90
-36
16
12
-29
-49
-20
20
22
-11
-27
-1
39
48
27
14
29
41
20
-20
-33
-5
29
33
12
-6
-9
-14
-33
-54
-56
-39
-22
-17
-19
-17
-15
-18
-29
-42
-50
-44
-22
16
58
93
119
141
158
159
129
69
-4
-68
-110
-130
-136
-137
-140
-151
-167
-179
-178
-155
-110
-46
24
75
84
53
10
-10
3
30
48
51
49
47
40
25
13
14
28
38
29
9
-5
-1
10
15
11
6
6
8
7
3
2
8
20
34
45
50
49
42
33
28
34
44
48
35
11
-10
-20
-22
-19
-15
-5
7
16
16
12
8
8
7
7
6
5
-2
-17
-33
-45
-53
-64
-79
-89
-84
-68
-50
-39
-32
-21
-9
-2
-1
6
25
52
77
92
92
79
55
29
11
8
14
23
28
22
4
-20
-42
-56
-58
-50
-36
-22
-10
4
25
52
72
74
59
41
33
35
33
19
6
7
24
39
40
33
30
29
13
-26
-67
-86
-75
-52
-37
-30
-26
-27
-40
-61
-71
-54
-11
44
93
122
120
88
41
-2
-34
-52
-54
-35
0
33
43
25
-10
-45
-70
-80
-70
-42
-6
23
34
27
11
-6
-17
-21
-20
-16
-14
-13
-12
-10
-9
-13
-22
-35
-50
-64
-74
-71
-52
-26
-5
3
-4
-21
-41
-53
-50
-30
3
37
60
65
51
24
-9
-34
-45
-36
-10
24
50
56
40
14
-8
-22
-27
-24
-12
5
17
12
-9
-35
-53
-56
-45
-25
-7
-1
-9
-26
-41
-45
-39
-26
-12
3
9
-6
-53
-121
-175
-174
-92
53
211
320
339
266
123
-48
-196
-265
-221
-72
126
298
387
363
230
21
-189
-318
-318
-203
-31
136
250
273
192
42
-112
-210
-231
-188
-94
31
148
207
185
105
12
-61
-99
-96
-51
16
71
88
65
13
-51
-115
-158
-160
-116
-44
19
44
27
-15
-61
-97
-115
-104
-60
4
58
77
57
13
-36
-74
-90
-80
-46
-1
38
56
46
11
-32
-65
-79
-75
-57
-27
8
30
31
16
11
29
59
79
77
61
50
53
72
99
127
145
138
105
61
27
12
13
28
59
98
123
117
82
37
0
-21
-17
12
50
74
74
66
73
93
104
96
83
81
85
79
57
33
21
27
45
65
78
73
45
-1
-56
-101
-119
-98
-45
9
32
10
-45
-107
-160
-196
-207
-190
-149
-109
-93
-106
-135
-168
-198
-226
-246
-254
-253
-252
-256
-264
-270
-276
-280
-283
-283
-282
-282
-285
-284
-275
-257
-239
-229
-231
-241
-243
-221
-167
-92
-15
45
76
80
72
72
92
132
184
246
311
363
389
383
359
335
330
347
386
437
486
517
517
482
424
363
326
324
354
400
441
462
452
406
337
271
238
253
304
364
405
407
365
293
212
144
105
102
124
146
138
86
-1
-93
-165
-204
-214
-208
-203
-211
-240
-289
-351
-413
-466
-500
-512
-502
-487
-487
-511
-556
-610
-660
-691
-689
-647
-582
-518
-477
-464
-474
-504
-546
-582
-590
-559
-500
-436
-390
-375
-391
-427
-464
-474
-439
-363
-268
-189
-148
-143
-152
-152
-131
-92
-39
26
97
167
226
278
335
407
482
534
543
513
470
439
430
444
485
559
654
737
769
738
669
608
591
635
732
864
1000
1102
1148
1148
1142
1168
1234
1309
1349
1330
1249
1114
930
703
456
229
56
-61
-150
-243
-361
-505
-659
-798
-899
-949
-960
-951
-936
-918
-895
-870
-841
-802
-744
-671
-591
-513
-446
-401
-392
-416
-453
-479
-484
-475
-470
-487
-542
-637
-750
-848
-901
-906
-876
-838
-812
-810
-828
-851
-857
-821
-731
-592
-428
-269
-148
-88
-88
-121
-137
-98
3
138
269
372
430
432
379
299
228
186
164
148
135
127
109
72
26
1
17
71
143
227
328
455
588
684
712
704
741
901
1197
1580
1980
2332
2571
2625
2463
2136
1773
1508
1395
1387
1376
1269
1022
645
185
-275
-645
-858
-914
-876
-840
-874
-997
-1166
-1303
-1310
-1116
-722
-226
210
442
426
240
23
-100
-76
77
286
460
510
375
54
-386
-828
-1162
-1344
-1406
-1428
-1487
-1617
-1801
-1982
-2091
-2078
-1930
-1672
-1345
-999
-690
-459
-319
-241
-173
-76
47
156
210
199
157
124
120
126
103
19
-121
-274
-381
-406
-361
-291
-247
-254
-301
-342
-335
-268
-161
-38
90
224
342
407
394
323
258
278
419
649
869
972
912
745
574
488
531
744
1184
1863
2664
3312
3498
3090
2288
1546
1246
1407
1724
1880
1794
1544
1162
596
-138
-869
-1377
-1553
-1454
-1232
-1069
-1110
-1404
-1825
-2135
-2138
-1817
-1306
-741
-176
364
816
1113
1255
1314
1341
1332
1270
1175
1059
885
599
219
-174
-532
-891
-1297
-1717
-2046
-2219
-2282
-2340
-2453
-2578
-2627
-2542
-2337
-2055
-1728
-1354
-923
-462
-52
212
300
287
303
428
643
854
969
941
781
534
250
-44
-329
-574
-734
-802
-830
-886
-979
-1056
-1073
-1047
-1012
-956
-831
-617
-359
-121
73
244
405
554
674
774
866
955
1036
1095
1118
1107
1087
1099
1181
1380
1774
2440
3338
4196
4588
4229
3279
2295
1810
1900
2206
2338
2202
1911
1504
874
-7
-917
-1545
-1764
-1701
-1562
-1484
-1545
-1815
-2261
-2669
-2757
-2413
-1787
-1113
-504
33
464
708
787
897
1250
1860
2506
2915
2927
2546
1892
1168
569
175
-101
-384
-703
-1000
-1277
-1627
-2095
-2578
-2905
-2994
-2875
-2625
-2328
-2082
-1944
-1867
-1731
-1470
-1130
-785
-440
-57
340
638
739
673
568
541
596
664
666
552
305
-42
-407
-700
-897
-1023
-1097
-1121
-1125
-1177
-1307
-1452
-1519
-1464
-1291
-1009
-640
-279
-49
9
-8
36
197
419
626
784
895
950
943
903
897
990
1250
1771
2645
3797
4846
5229
4631
3374
2269
1966
2401
2961
3134
2921
2559
2063
1221
18
-1161
-1858
-1966
-1752
-1521
-1432
-1573
-2029
-2719
-3312
-3434
-3018
-2325
-1637
-1019
-442
19
220
180
136
343
896
1729
2692
3521
3867
3513
2621
1634
912
472
169
-34
-56
34
-69
-646
-1636
-2652
-3287
-3369
-2986
-2375
-1843
-1633
-1775
-2041
-2168
-2090
-1893
-1592
-1078
-348
360
760
800
658
511
418
413
544
778
938
851
510
53
-404
-815
-1133
-1270
-1211
-1085
-1051
-1153
-1306
-1426
-1482
-1464
-1347
-1131
-867
-628
-443
-296
-148
1
121
186
224
304
466
675
866
992
1068
1187
1534
2303
3493
4748
5454
5156
3978
2646
1976
2221
2902
3337
3277
2966
2616
2067
1079
-175
-1159
-1524
-1437
-1299
-1303
-1433
-1736
-2334
-3100
-3600
-3494
-2936
-2349
-1916
-1459
-876
-413
-344
-510
-430
146
986
1720
2247
2670
2986
3031
2731
2208
1616
1008
463
171
247
476
418
-182
-1152
-2090
-2703
-2920
-2778
-2364
-1873
-1556
-1537
-1721
-1941
-2115
-2209
-2099
-1637
-880
-134
299
382
298
210
155
149
248
472
719
832
724
420
8
-406
-710
-824
-775
-700
-731
-877
-1033
-1113
-1138
-1178
-1232
-1217
-1062
-797
-533
-369
-321
-336
-330
-248
-94
61
164
240
388
645
916
1071
1186
1600
2608
4025
5126
5182
4159
2857
2244
2607
3370
3773
3599
3195
2843
2379
1500
328
-601
-912
-790
-693
-833
-1118
-1503
-2133
-2994
-3693
-3777
-3259
-2589
-2134
-1842
-1532
-1266
-1248
-1407
-1348
-784
133
1006
1604
1960
2182
2323
2414
2449
2312
1863
1213
762
821
1192
1286
711
-318
-1239
-1717
-1861
-1926
-1971
-1917
-1785
-1736
-1869
-2118
-2360
-2532
-2561
-2303
-1697
-946
-415
-281
-374
-401
-268
-77
98
325
642
916
937
653
211
-173
-378
-398
-325
-285
-378
-603
-859
-1034
-1105
-1144
-1240
-1386
-1467
-1366
-1093
-788
-582
-500
-473
-436
-368
-277
-161
3
248
553
847
1114
1537
2396
3684
4848
5110
4222
2875
2186
2678
3813
4571
4457
3801
3148
2569
1774
720
-187
-582
-586
-603
-817
-1117
-1487
-2106
-2983
-3687
-3740
-3205
-2627
-2365
-2270
-2070
-1857
-1885
-2056
-1890
-1110
5
941
1471
1708
1794
1783
1805
2082
2605
2995
2843
2212
1569
1244
1069
681
9
-635
-951
-982
-1031
-1336
-1858
-2343
-2525
-2349
-2041
-1938
-2170
-2515
-2615
-2339
-1877
-1480
-1188
-864
-441
-37
185
211
175
213
349
528
674
718
592
293
-82
-377
-512
-550
-624
-805
-1058
-1304
-1500
-1635
-1687
-1622
-1440
-1222
-1073
-1052
-1105
-1101
-930
-627
-333
-152
-33
142
422
813
1453
2554
3998
5091
5042
3866
2624
2490
3565
4831
5274
4852
4171
3555
2775
1677
635
132
104
28
-397
-957
-1406
-1943
-2883
-4012
-4601
-4240
-3351
-2701
-2537
-2553
-2512
-2547
-2681
-2519
-1682
-398
696
1270
1540
1782
1960
1988
2081
2532
3218
3639
3478
2915
2292
1721
1130
566
169
-51
-259
-583
-1030
-1607
-2313
-2966
-3217
-2919
-2394
-2148
-2326
-2601
-2608
-2350
-2052
-1783
-1401
-850
-304
54
242
363
401
301
197
356
818
1242
1228
746
127
-310
-514
-610
-701
-823
-1003
-1243
-1484
-1653
-1742
-1807
-1852
-1820
-1670
-1451
-1235
-1069
-952
-884
-816
-654
-303
307
1265
2630
4192
5330
5354
4199
2740
2213
3138
4821
5978
5908
4928
3766
2757
1846
1094
775
871
891
397
-486
-1356
-2160
-3125
-4137
-4594
-4137
-3229
-2719
-2885
-3282
-3432
-3337
-3146
-2690
-1700
-372
663
1010
921
921
1251
1835
2579
3416
4079
4181
3622
2764
2061
1640
1348
1082
844
568
98
-596
-1352
-2015
-2548
-2887
-2855
-2420
-1940
-1928
-2486
-3152
-3373
-3042
-2441
-1818
-1209
-633
-223
-72
-75
-45
82
278
552
942
1325
1424
1074
445
-110
-388
-464
-504
-586
-705
-877
-1120
-1395
-1622
-1747
-1778
-1709
-1523
-1266
-1092
-1137
-1364
-1551
-1487
-1138
-616
37
951
2260
3767
4847
4832
3685
2308
1945
3095
4964
6161
5939
4715
3398
2483
1901
1535
1444
1559
1454
755
-391
-1514
-2387
-3128
-3722
-3853
-3396
-2818
-2735
-3227
-3805
-4072
-4015
-3674
-2863
-1537
-179
531
466
170
221
734
1537
2505
3464
4031
3872
3156
2428
2045
1900
1765
1605
1459
1171
525
-409
-1285
-1849
-2137
-2257
-2187
-1938
-1787
-2062
-2711
-3244
-3240
-2747
-2130
-1634
-1255
-950
-766
-692
-556
-207
277
666
867
976
1062
1012
711
252
-106
-224
-188
-188
-328
-604
-951
-1264
-1431
-1439
-1420
-1492
-1609
-1597
-1409
-1217
-1231
-1436
-1604
-1526
-1210
-785
-263
549
1807
3286
4323
4279
3185
1945
1733
2977
4901
6139
5929
4665
3316
2471
2099
1983
2035
2080
1737
793
-444
-1451
-2094
-2628
-3126
-3255
-2835
-2319
-2387
-3101
-3847
-4074
-3788
-3215
-2387
-1336
-463
-242
-591
-854
-511
349
1354
2317
3165
3611
3354
2608
2101
2302
2859
2993
2385
1419
619
99
-329
-772
-1160
-1433
-1613
-1722
-1788
-1939
-2328
-2861
-3166
-2948
-2349
-1816
-1634
-1698
-1734
-1596
-1292
-850
-291
279
676
774
642
474
426
503
623
713
722
591
282
-167
-646
-1045
-1280
-1305
-1171
-1054
-1138
-1406
-1638
-1659
-1528
-1413
-1381
-1353
-1276
-1159
-955
-446
617
2208
3803
4582
4045
2622
1559
1941
3668
5462
6038
5204
3801
2696
2125
1917
1978
2224
2305
1774
651
-520
-1306
-1841
-2436
-2962
-2999
-2563
-2285
-2651
-3409
-3902
-3844
-3427
-2844
-2073
-1225
-698
-767
-1138
-1194
-613
432
1589
2601
3216
3197
2603
1939
1747
2090
2545
2690
2390
1743
905
84
-517
-829
-971
-1083
-1183
-1246
-1371
-1743
-2361
-2930
-3087
-2744
-2165
-1718
-1583
-1696
-1842
-1793
-1416
-757
-27
532
808
849
762
628
511
488
583
716
736
575
285
-48
-394
-724
-947
-968
-836
-764
-909
-1203
-1420
-1430
-1319
-1262
-1292
-1304
-1195
-999
-760
-369
418
1675
3025
3766
3450
2397
1571
1818
3108
4554
5171
4685
3600
2627
2117
2045
2232
2437
2317
1637
556
-461
-1108
-1480
-1766
-1932
-1892
-1854
-2178
-2884
-3510
-3634
-3302
-2841
-2378
-1823
-1239
-946
-1099
-1386
-1312
-694
256
1247
2075
2541
2462
1944
1469
1533
2132
2735
2769
2118
1152
357
-30
-111
-152
-331
-618
-881
-1101
-1413
-1893
-2388
-2618
-2472
-2108
-1801
-1719
-1858
-2081
-2184
-1972
-1402
-662
-57
225
229
125
56
92
262
523
746
781
584
240
-120
-398
-536
-528
-455
-457
-623
-888
-1102
-1186
-1199
-1235
-1312
-1350
-1287
-1129
-952
-807
-624
-172
792
2195
3469
3847
3046
1711
1058
1855
3674
5197
5381
4318
2960
2138
2014
2289
2628
2725
2292
1286
81
-816
-1260
-1494
-1718
-1857
-1856
-1967
-2474
-3220
-3692
-3593
-3133
-2669
-2278
-1847
-1434
-1251
-1327
-1374
-1069
-343
641
1630
2310
2372
1783
1005
758
1397
2540
3339
3173
2081
684
-278
-425
29
478
424
-136
-819
-1323
-1676
-2025
-2300
-2257
-1840
-1356
-1202
-1489
-1967
-2278
-2204
-1750
-1101
-518
-190
-116
-147
-147
-76
70
319
654
913
886
516
-3
-392
-509
-416
-277
-244
-395
-702
-1034
-1224
-1188
-985
-786
-745
-893
-1099
-1197
-1133
-991
-811
-448
333
1538
2749
3305
2845
1757
1049
1560
3167
4803
5349
4591
3277
2332
2105
2366
2743
2971
2810
2089
941
-150
-756
-902
-933
-1077
-1310
-1608
-2090
-2765
-3309
-3353
-2927
-2448
-2221
-2158
-2033
-1851
-1757
-1722
-1512
-986
-255
495
1152
1590
1614
1217
825
1030
1939
2925
3145
2351
1094
198
65
469
856
822
344
-306
-855
-1221
-1470
-1652
-1722
-1636
-1474
-1430
-1646
-2041
-2319
-2205
-1702
-1091
-676
-537
-539
-522
-434
-294
-103
165
483
742
792
565
159
-196
-295
-132
82
112
-102
-431
-717
-908
-1009
-1000
-873
-735
-747
-947
-1151
-1148
-924
-629
-287
325
1369
2534
3106
2630
1522
872
1483
3066
4458
4698
3851
2779
2232
2311
2673
2995
3071
2723
1891
832
2
-355
-407
-474
-683
-1000
-1454
-2110
-2809
-3195
-3084
-2701
-2400
-2274
-2167
-2011
-1899
-1862
-1745
-1409
-921
-412
139
783
1329
1421
1003
562
706
1544
2530
2930
2408
1264
213
-116
331
983
1127
557
-303
-900
-1092
-1136
-1251
-1374
-1361
-1274
-1330
-1617
-1974
-2151
-2012
-1597
-1083
-704
-626
-797
-944
-817
-438
-78
42
-19
-26
135
328
352
172
-55
-168
-135
-45
-19
-134
-389
-651
-724
-533
-252
-187
-468
-869
-1038
-856
-554
-391
-281
167
1169
2354
2937
2458
1355
728
1375
3012
4467
4726
3801
2598
2003
2170
2658
2994
2994
2643
1966
1105
342
-124
-358
-546
-734
-862
-1025
-1466
-2218
-2883
-3004
-2589
-2120
-2007
-2205
-2388
-2359
-2139
-1799
-1384
-981
-683
-448
-115
368
834
1105
1219
1365
1595
1754
1699
1497
1298
1135
925
667
466
360
220
-82
-465
-727
-800
-835
-993
-1258
-1499
-1647
-1732
-1796
-1831
-1818
-1746
-1616
-1440
-1264
-1123
-988
-787
-496
-192
18
86
57
12
8
43
66
9
-131
-274
-319
-260
-200
-234
-344
-437
-468
-490
-571
-696
-783
-767
-672
-577
-501
-315
186
1076
2093
2712
2527
1701
1019
1294
2564
3920
4318
3583
2523
2031
2262
2726
2956
2853
2498
1928
1223
590
207
28
-122
-321
-549
-867
-1403
-2081
-2555
-2537
-2165
-1872
-1916
-2152
-2297
-2239
-2048
-1781
-1443
-1081
-768
-468
-78
368
642
604
457
589
1142
1807
2094
1755
1002
343
213
614
1095
1130
610
-59
-394
-352
-312
-577
-1014
-1268
-1219
-1115
-1237
-1573
-1865
-1893
-1667
-1370
-1185
-1172
-1236
-1195
-933
-534
-214
-125
-209
-277
-212
-63
29
-25
-180
-297
-273
-160
-117
-240
-440
-539
-471
-347
-326
-459
-656
-775
-750
-625
-511
-476
-465
-287
250
1140
2039
2422
2036
1267
939
1587
2862
3789
3696
2860
2157
2149
2631
3022
3009
2678
2216
1692
1154
707
396
120
-219
-558
-794
-1019
-1442
-2036
-2446
-2376
-1988
-1751
-1912
-2252
-2393
-2211
-1865
-1540
-1308
-1165
-1064
-872
-467
66
452
530
482
632
1057
1476
1561
1254
812
574
698
1027
1201
959
403
-93
-255
-189
-213
-472
-798
-958
-951
-984
-1198
-1513
-1735
-1744
-1565
-1322
-1156
-1128
-1166
-1109
-877
-587
-441
-501
-597
-514
-237
28
89
-51
-219
-266
-190
-102
-103
-198
-307
-346
-313
-297
-384
-555
-685
-667
-538
-444
-491
-603
-560
-149
661
1638
2327
2327
1669
962
1006
2045
3408
4040
3524
2488
1927
2188
2760
2988
2747
2334
1962
1574
1100
618
228
-88
-373
-606
-807
-1129
-1677
-2257
-2502
-2301
-1978
-1939
-2215
-2472
-2423
-2102
-1742
-1505
-1393
-1303
-1105
-715
-197
237
429
462
568
832
1093
1170
1101
1038
1021
951
809
708
700
648
411
79
-122
-141
-178
-399
-712
-910
-962
-1028
-1216
-1439
-1549
-1515
-1409
-1290
-1184
-1123
-1108
-1061
-890
-637
-476
-503
-594
-538
-299
-59
0
-105
-217
-228
-166
-111
-100
-118
-158
-227
-327
-421
-469
-460
-428
-419
-468
-567
-664
-664
-464
15
750
1565
2134
2158
1650
1073
1062
1868
3028
3703
3451
2643
2061
2114
2542
2820
2720
2385
2021
1673
1304
920
543
171
-182
-458
-663
-938
-1402
-1924
-2206
-2136
-1963
-2002
-2255
-2420
-2290
-1978
-1744
-1677
-1650
-1504
-1200
-792
-376
-52
126
229
404
695
961
1032
938
874
953
1069
1071
966
863
773
600
324
77
-41
-110
-273
-539
-789
-953
-1073
-1193
-1281
-1297
-1274
-1280
-1323
-1348
-1305
-1192
-1040
-885
-768
-713
-700
-663
-561
-429
-333
-293
-273
-244
-215
-194
-164
-125
-120
-206
-360
-490
-520
-476
-441
-462
-509
-539
-554
-580
-593
-494
-149
495
1299
1924
2028
1592
1074
1113
1938
3058
3649
3335
2550
2064
2216
2680
2925
2762
2373
1974
1607
1248
925
656
377
31
-332
-634
-929
-1335
-1803
-2091
-2059
-1889
-1890
-2112
-2290
-2201
-1932
-1744
-1729
-1734
-1569
-1203
-745
-340
-97
-21
41
304
790
1220
1278
995
742
818
1106
1245
1047
666
372
277
311
347
284
68
-261
-564
-723
-774
-857
-1033
-1203
-1256
-1212
-1193
-1258
-1335
-1317
-1187
-1018
-883
-788
-705
-621
-544
-480
-421
-368
-329
-302
-265
-212
-173
-193
-268
-338
-349
-320
-327
-401
-495
-541
-543
-549
-577
-586
-552
-505
-457
-300
132
861
1626
2022
1832
1289
993
1441
2526
3517
3679
2990
2183
2005
2493
3037
3098
2675
2118
1652
1269
935
685
487
192
-272
-757
-1091
-1320
-1623
-2008
-2249
-2216
-2091
-2130
-2295
-2318
-2095
-1840
-1774
-1829
-1755
-1448
-1005
-566
-218
-31
1
80
475
1141
1614
1481
916
556
782
1299
1509
1191
650
295
236
313
332
204
-62
-367
-582
-665
-732
-927
-1215
-1397
-1346
-1182
-1132
-1244
-1342
-1265
-1074
-944
-926
-907
-785
-597
-443
-361
-337
-354
-393
-402
-336
-216
-114
-71
-86
-143
-221
-289
-328
-363
-439
-546
-606
-576
-507
-501
-576
-617
-470
-80
482
1090
1607
1872
1770
1418
1249
1690
2665
3507
3544
2820
2088
2031
2564
3022
2931
2429
1922
1582
1290
955
632
352
16
-423
-829
-1062
-1206
-1457
-1811
-2049
-2062
-2029
-2144
-2308
-2249
-1934
-1638
-1594
-1698
-1682
-1438
-1065
-662
-257
70
191
148
220
619
1183
1497
1350
953
691
736
958
1117
1061
792
442
184
96
74
-51
-309
-555
-679
-754
-910
-1123
-1232
-1171
-1071
-1094
-1235
-1351
-1330
-1193
-1026
-883
-781
-713
-654
-552
-384
-209
-141
-219
-351
-386
-262
-72
16
-84
-298
-459
-460
-349
-275
-336
-493
-625
-649
-586
-504
-434
-345
-188
88
536
1151
1755
2036
1833
1428
1411
2097
3108
3654
3329
2541
2076
2274
2750
2902
2561
2039
1663
1433
1180
855
525
180
-245
-692
-990
-1112
-1254
-1547
-1847
-1945
-1912
-2008
-2273
-2405
-2172
-1766
-1576
-1679
-1775
-1592
-1189
-784
-466
-199
27
218
465
832
1160
1187
925
737
905
1236
1292
963
593
508
616
602
383
149
31
-72
-276
-523
-700
-837
-1026
-1208
-1226
-1093
-1037
-1199
-1411
-1406
-1173
-947
-879
-865
-757
-592
-519
-558
-567
-443
-250
-121
-96
-128
-181
-251
-310
-309
-249
-205
-244
-353
-465
-532
-553
-547
-547
-577
-618
-587
-411
-93
291
709
1171
1616
1845
1716
1423
1434
2031
2915
3402
3102
2361
1920
2147
2679
2882
2530
1933
1471
1222
1044
828
533
109
-429
-896
-1092
-1079
-1158
-1498
-1910
-2100
-2050
-1995
-2053
-2081
-1925
-1670
-1510
-1473
-1410
-1224
-953
-655
-332
-26
157
211
331
701
1205
1489
1353
997
782
858
1070
1190
1111
860
531
268
185
234
213
-17
-362
-608
-694
-755
-893
-1038
-1081
-1060
-1093
-1183
-1215
-1135
-1023
-958
-906
-804
-685
-623
-601
-517
-350
-215
-215
-302
-348
-306
-238
-201
-199
-233
-326
-455
-510
-418
-258
-200
-316
-496
-576
-520
-417
-354
-302
-143
245
888
1623
2098
2017
1488
1096
1419
2409
3333
3454
2783
2045
1916
2369
2808
2736
2196
1580
1183
999
859
634
281
-172
-621
-928
-1065
-1186
-1464
-1847
-2106
-2130
-2072
-2115
-2209
-2139
-1848
-1541
-1432
-1489
-1492
-1273
-841
-320
129
371
402
416
642
1046
1314
1219
934
838
1044
1265
1210
937
722
665
614
442
226
80
-29
-199
-413
-584
-726
-937
-1197
-1326
-1223
-1035
-999
-1147
-1283
-1234
-1042
-866
-773
-707
-620
-542
-495
-433
-307
-165
-108
-165
-256
-294
-252
-168
-94
-82
-153
-259
-315
-305
-296
-342
-395
-386
-345
-355
-407
-374
-161
192
592
1019
1481
1859
1934
1663
1381
1562
2300
3104
3331
2844
2167
1935
2266
2714
2793
2415
1850
1375
1071
881
717
484
105
-388
-830
-1083
-1202
-1363
-1633
-1873
-1956
-1956
-2042
-2190
-2177
-1878
-1492
-1334
-1465
-1615
-1470
-986
-400
6
140
154
290
640
1041
1224
1121
944
938
1079
1125
944
696
600
652
641
453
190
11
-77
-178
-355
-581
-823
-1067
-1249
-1277
-1151
-1026
-1057
-1216
-1328
-1271
-1096
-929
-823
-744
-656
-571
-509
-455
-370
-241
-107
-27
-43
-134
-232
-264
-224
-175
-186
-251
-304
-309
-300
-320
-352
-361
-361
-404
-463
-419
-186
167
514
839
1223
1636
1863
1756
1526
1632
2263
3029
3294
2853
2177
1922
2244
2698
2757
2330
1724
1241
941
747
594
413
92
-401
-887
-1136
-1160
-1224
-1503
-1862
-2045
-2018
-1962
-1981
-1953
-1749
-1455
-1284
-1303
-1364
-1272
-967
-523
-87
195
282
324
550
981
1332
1314
1019
847
1034
1359
1424
1119
713
489
451
411
263
57
-133
-301
-460
-612
-776
-985
-1204
-1314
-1245
-1105
-1077
-1197
-1303
-1236
-1034
-869
-820
-796
-681
-487
-323
-262
-270
-267
-220
-163
-143
-178
-244
-299
-311
-273
-210
-172
-200
-292
-402
-469
-464
-405
-344
-309
-287
-242
-156
-20
212
620
1186
1689
1828
1546
1193
1279
1967
2841
3244
2888
2147
1703
1910
2475
2792
2518
1833
1173
823
752
737
570
167
-389
-893
-1175
-1246
-1281
-1424
-1645
-1830
-1951
-2071
-2173
-2126
-1855
-1501
-1298
-1325
-1416
-1347
-1026
-526
1
400
581
603
645
838
1103
1254
1228
1147
1111
1059
908
737
697
764
712
404
-15
-285
-338
-331
-422
-609
-817
-1012
-1171
-1233
-1162
-1042
-1005
-1063
-1101
-1039
-932
-861
-804
-690
-537
-447
-460
-474
-371
-167
4
31
-81
-241
-338
-298
-133
45
92
-35
-231
-345
-325
-240
-191
-224
-320
-426
-465
-383
-192
27
225
462
836
1298
1628
1626
1382
1267
1608
2326
2943
2993
2475
1877
1723
2081
2522
2564
2110
1467
992
792
729
613
339
-88
-568
-937
-1098
-1131
-1233
-1492
-1778
-1926
-1948
-1983
-2033
-1938
-1635
-1329
-1280
-1461
-1558
-1315
-785
-241
90
185
186
269
524
890
1191
1289
1189
1024
911
877
877
867
796
613
315
8
-170
-191
-177
-276
-509
-773
-970
-1086
-1149
-1165
-1135
-1097
-1100
-1142
-1163
-1115
-1003
-868
-741
-644
-598
-603
-609
-544
-400
-254
-203
-264
-359
-388
-307
-161
-42
-19
-90
-183
-223
-199
-156
-145
-183
-263
-354
-412
-383
-250
-58
127
305
549
914
1330
1621
1647
1473
1387
1680
2331
2922
2985
2482
1898
1757
2091
2439
2369
1890
1334
951
741
593
438
226
-122
-613
-1085
-1337
-1362
-1353
-1466
-1650
-1782
-1853
-1929
-1966
-1831
-1526
-1266
-1230
-1319
-1261
-947
-519
-162
87
271
384
412
460
690
1078
1362
1290
927
611
622
907
1148
1070
669
185
-114
-157
-93
-142
-389
-738
-1024
-1154
-1159
-1125
-1121
-1160
-1220
-1264
-1260
-1190
-1065
-920
-793
-715
-692
-701
-696
-630
-485
-296
-147
-127
-238
-360
-340
-150
68
131
-1
-194
-287
-245
-175
-191
-304
-423
-462
-422
-366
-320
-245
-90
128
354
581
865
1226
1549
1653
1515
1381
1579
2142
2684
2754
2315
1818
1727
2045
2357
2305
1897
1387
968
683
523
444
307
-49
-588
-1047
-1208
-1155
-1153
-1333
-1592
-1795
-1929
-2018
-1991
-1774
-1453
-1242
-1232
-1271
-1128
-758
-313
47
294
455
521
506
535
750
1097
1315
1189
818
522
531
760
923
807
445
48
-180
-190
-109
-124
-325
-643
-925
-1072
-1095
-1068
-1047
-1049
-1069
-1094
-1090
-1025
-904
-774
-677
-623
-604
-615
-630
-579
-412
-186
-50
-97
-255
-356
-300
-142
-13
-6
-113
-256
-348
-349
-295
-253
-264
-308
-342
-332
-283
-204
-101
23
156
313
562
961
1418
1688
1595
1298
1230
1671
2390
2812
2593
1974
1533
1599
1980
2222
2063
1597
1090
731
565
528
465
197
-316
-877
-1200
-1216
-1148
-1244
-1507
-1747
-1842
-1851
-1852
-1808
-1654
-1443
-1300
-1253
-1195
-1022
-735
-382
11
376
559
465
258
284
706
1259
1481
1184
660
369
493
807
948
752
345
-17
-161
-115
-59
-172
-471
-806
-1004
-1033
-996
-987
-1009
-1017
-1010
-1030
-1074
-1068
-943
-719
-505
-416
-488
-640
-712
-581
-271
33
130
-18
-244
-329
-191
55
215
167
-57
-307
-426
-354
-180
-70
-123
-289
-423
-408
-252
-47
108
177
209
327
641
1119
1535
1629
1394
1167
1335
1920
2500
2611
2223
1757
1641
1887
2139
2063
1645
1127
745
562
494
404
180
-208
-660
-1005
-1142
-1150
-1202
-1369
-1568
-1690
-1735
-1756
-1746
-1639
-1436
-1238
-1136
-1098
-1011
-796
-458
-53
331
557
518
291
161
384
890
1281
1209
735
289
249
585
909
861
419
-110
-392
-340
-165
-154
-403
-760
-1002
-1051
-1005
-985
-1006
-1007
-969
-952
-1007
-1077
-1035
-821
-530
-346
-380
-556
-672
-571
-288
-18
44
-123
-355
-443
-308
-57
112
75
-133
-354
-434
-335
-148
-23
-57
-228
-410
-465
-347
-141
14
51
51
174
526
1038
1494
1668
1514
1246
1213
1605
2219
2585
2392
1820
1396
1469
1872
2135
1973
1505
1023
698
526
437
340
121
-272
-722
-1016
-1077
-1051
-1128
-1326
-1527
-1657
-1741
-1784
-1711
-1491
-1237
-1101
-1102
-1113
-1003
-727
-314
155
511
564
310
48
150
666
1209
1309
884
321
92
309
667
767
478
9
-312
-331
-172
-92
-238
-545
-829
-976
-1003
-989
-973
-947
-915
-912
-956
-1007
-988
-848
-622
-423
-368
-477
-630
-648
-449
-139
74
56
-127
-282
-253
-59
142
181
21
-228
-400
-399
-267
-130
-99
-184
-299
-342
-282
-171
-93
-84
-100
-45
163
541
1000
1358
1430
1206
947
1037
1606
2321
2630
2301
1684
1367
1580
1999
2148
1881
1419
1010
729
555
477
423
218
-233
-766
-1090
-1115
-1043
-1114
-1339
-1563
-1696
-1772
-1807
-1733
-1506
-1237
-1089
-1091
-1098
-956
-634
-216
190
474
532
359
142
169
547
1048
1266
1002
468
109
196
591
872
725
221
-271
-439
-307
-155
-226
-514
-832
-1028
-1083
-1057
-995
-910
-825
-783
-802
-852
-866
-783
-603
-402
-289
-316
-417
-452
-331
-98
102
133
-17
-224
-321
-235
-51
62
-2
-198
-375
-408
-304
-169
-120
-186
-309
-392
-366
-227
-47
78
97
72
142
422
879
1327
1531
1396
1088
969
1304
1972
2484
2416
1858
1361
1382
1804
2101
1919
1394
892
601
468
393
321
165
-179
-656
-1028
-1116
-1019
-1004
-1181
-1417
-1556
-1597
-1617
-1595
-1444
-1191
-1002
-993
-1077
-1045
-762
-281
196
442
349
51
-127
88
625
1085
1089
662
209
118
392
705
746
476
90
-181
-237
-139
-54
-134
-391
-683
-848
-853
-791
-750
-739
-741
-786
-894
-994
-955
-734
-455
-301
-335
-448
-488
-393
-220
-57
27
7
-93
-192
-195
-86
39
60
-58
-225
-313
-261
-122
-10
-22
-159
-316
-367
-281
-144
-74
-88
-96
-10
164
380
647
999
1357
1501
1308
994
990
1497
2190
2484
2135
1499
1170
1386
1837
2025
1753
1222
763
533
489
511
464
217
-262
-806
-1142
-1163
-1045
-1031
-1183
-1377
-1505
-1574
-1606
-1546
-1356
-1105
-938
-915
-951
-904
-697
-348
58
394
526
416
214
185
486
963
1249
1079
561
95
27
336
665
652
254
-239
-495
-431
-245
-189
-356
-647
-896
-995
-948
-836
-757
-747
-777
-810
-834
-831
-751
-570
-356
-237
-276
-393
-436
-310
-66
145
192
63
-122
-216
-158
-21
61
0
-169
-328
-367
-271
-129
-57
-115
-257
-371
-357
-220
-54
32
13
-34
16
256
688
1177
1491
1459
1168
971
1201
1814
2367
2416
1951
1419
1284
1582
1927
1929
1542
1031
665
514
493
477
355
57
-387
-823
-1082
-1136
-1105
-1116
-1198
-1317
-1454
-1594
-1660
-1552
-1278
-991
-855
-875
-903
-786
-494
-118
221
434
486
413
319
332
516
792
957
840
471
108
26
256
533
536
196
-240
-469
-406
-227
-162
-289
-517
-705
-771
-719
-617
-549
-560
-622
-666
-654
-609
-554
-470
-336
-205
-178
-291
-431
-433
-255
-41
19
-112
-286
-328
-219
-99
-100
-213
-323
-348
-305
-251
-210
-178
-174
-226
-305
-326
-238
-98
-5
4
-13
19
125
305
575
934
1290
1478
1402
1194
1152
1465
1975
2275
2089
1572
1177
1218
1569
1822
1686
1216
685
327
206
240
261
105
-265
-698
-973
-1009
-934
-932
-1053
-1217
-1352
-1451
-1493
-1402
-1144
-828
-630
-613
-658
-589
-344
-1
307
489
527
456
354
323
428
631
774
699
392
47
-86
77
347
424
178
-225
-482
-449
-261
-164
-262
-451
-577
-603
-594
-599
-587
-517
-420
-372
-404
-446
-399
-235
-43
44
-29
-194
-314
-299
-170
-39
-26
-159
-357
-487
-483
-395
-337
-379
-501
-618
-657
-603
-487
-372
-316
-339
-407
-448
-402
-263
-84
65
151
194
241
321
434
581
793
1107
1480
1741
1708
1407
1145
1270
1793
2304
2333
1835
1244
1041
1275
1569
1537
1134
610
221
39
-11
-41
-151
-389
-707
-973
-1088
-1082
-1068
-1096
-1128
-1140
-1178
-1265
-1308
-1172
-867
-578
-484
-561
-613
-464
-110
292
548
546
327
86
60
333
715
863
602
107
-239
-209
72
282
210
-89
-392
-512
-426
-260
-174
-242
-407
-543
-569
-501
-415
-365
-339
-303
-250
-213
-209
-203
-145
-50
-2
-64
-198
-291
-275
-195
-162
-244
-406
-546
-580
-505
-400
-361
-430
-565
-666
-652
-523
-371
-296
-324
-379
-361
-234
-45
111
178
176
190
287
455
610
692
718
754
842
976
1141
1323
1481
1537
1463
1359
1385
1588
1804
1793
1495
1107
903
967
1121
1118
869
502
202
51
-10
-85
-221
-400
-577
-725
-834
-904
-936
-936
-915
-892
-878
-868
-834
-741
-583
-393
-233
-147
-133
-138
-97
21
171
255
211
75
-35
-31
57
120
72
-74
-228
-305
-285
-222
-201
-269
-386
-469
-467
-409
-365
-368
-388
-378
-332
-280
-244
-220
-198
-174
-153
-135
-117
-102
-95
-89
-72
-50
-57
-127
-242
-335
-351
-302
-258
-282
-367
-453
-477
-431
-358
-312
-317
-344
-343
-284
-192
-117
-91
-93
-73
2
117
230
303
329
338
371
444
539
616
666
706
755
810
860
910
978
1049
1080
1038
955
906
937
1014
1047
977
827
688
627
633
634
569
442
304
198
127
59
-26
-118
-198
-265
-329
-388
-421
-420
-410
-424
-460
-482
-458
-399
-344
-318
-318
-319
-303
-266
-218
-184
-183
-203
-207
-169
-107
-66
-72
-111
-149
-169
-177
-185
-198
-213
-231
-252
-275
-291
-295
-293
-292
-287
-268
-239
-218
-220
-230
-225
-196
-157
-132
-136
-156
-162
-132
-79
-44
-64
-127
-190
-217
-213
-210
-230
-270
-305
-318
-312
-301
-296
-293
-278
-247
-211
-187
-171
-145
-94
-23
43
88
117
152
210
284
355
401
419
426
444
481
523
550
558
562
578
605
629
639
633
621
613
615
626
640
643
629
603
575
557
544
522
483
432
379
326
268
203
137
76
14
-57
-128
-174
-181
-170
-181
-231
-299
-338
-328
-290
-269
-285
-319
-331
-299
-241
-194
-180
-193
-205
-199
-175
-145
-125
-124
-140
-158
-167
-163
-160
-168
-187
-202
-202
-191
-190
-213
-244
-254
-232
-201
-198
-227
-258
-256
-214
-159
-121
-114
-125
-136
-131
-111
-89
-85
-106
-134
-143
-128
-116
-134
-175
-204
-196
-167
-156
-176
-200
-191
-143
-93
-85
-128
-177
-169
-85
30
103
106
76
80
144
235
296
307
296
304
339
377
397
401
404
407
395
372
362
381
418
439
426
391
360
348
354
373
393
395
364
311
267
261
287
309
293
236
161
102
80
98
135
149
105
10
-80
-104
-53
18
36
-17
-95
-134
-112
-64
-40
-63
-112
-144
-141
-116
-102
-116
-150
-185
-206
-213
-216
-220
-221
-213
-207
-216
-244
-272
-276
-254
-228
-219
-229
-239
-235
-213
-182
-156
-142
-139
-140
-133
-118
-102
-98
-105
-121
-143
-171
-190
-183
-148
-112
-108
-138
-166
-163
-137
-124
-138
-151
-135
-95
-61
-43
-19
24
59
51
13
-1
45
123
173
173
157
163
191
206
194
174
174
195
212
210
195
184
181
182
183
189
201
212
215
215
221
232
235
222
203
199
213
227
220
196
183
196
220
224
198
162
147
163
196
218
215
192
162
140
129
127
125
121
110
90
63
41
32
30
14
-20
-58
-81
-89
-98
-122
-150
-170
-179
-186
-200
-215
-219
-210
-202
-206
-219
-226
-218
-203
-200
-220
-251
-270
-256
-218
-186
-183
-206
-228
-230
-212
-194
-188
-195
-208
-215
-208
-192
-176
-169
-163
-149
-128
-113
-115
-126
-129
-114
-89
-67
-51
-38
-23
-6
15
44
78
102
103
90
90
119
162
188
183
160
147
150
157
158
151
144
141
138
137
142
152
155
142
114
88
80
95
125
157
179
184
179
176
184
195
202
203
206
214
220
219
211
209
214
216
203
173
140
122
125
139
144
126
89
51
29
33
51
65
64
47
25
9
5
11
16
2
-36
-84
-116
-112
-83
-55
-56
-89
-136
-171
-179
-159
-129
-109
-117
-149
-189
-210
-199
-165
-141
-153
-194
-229
-226
-191
-158
-154
-176
-202
-216
-215
-203
-183
-159
-141
-137
-138
-127
-99
-69
-54
-54
-51
-30
4
29
26
7
-2
14
37
39
14
-18
-26
-3
31
45
30
4
-4
17
49
62
46
22
12
24
37
38
31
34
54
79
91
87
81
82
89
97
104
113
123
131
133
136
146
164
184
196
198
195
194
202
220
235
236
220
193
166
149
142
141
138
132
120
106
93
81
71
64
56
46
33
19
5
-6
-15
-25
-41
-64
-90
-108
-107
-93
-82
-92
-120
-147
-158
-158
-162
-174
-184
-183
-172
-162
-156
-149
-142
-140
-147
-162
-172
-168
-149
-121
-94
-78
-75
-83
-90
-90
-81
-67
-52
-37
-21
-6
1
-4
-14
-20
-15
-5
3
5
4
-3
-16
-35
-48
-49
-45
-44
-50
-50
-37
-11
14
34
45
46
37
23
21
35
55
64
59
52
57
71
82
84
83
85
92
102
112
118
113
99
86
85
96
106
108
106
109
119
126
123
115
113
116
112
97
78
66
66
68
64
53
45
43
45
46
44
38
31
22
10
-1
-7
-7
