8
14
15
11
6
4
4
4
0
-6
-8
-4
1
4
1
-2
-1
2
4
3
1
1
2
1
-3
-7
-9
-8
-7
-6
-5
-4
-5
-8
-11
-11
-6
-1
1
-2
-6
-9
-9
-8
-6
-2
1
3
4
2
-2
-5
-7
-7
-6
-5
-4
-3
-4
-6
-9
-11
-11
-10
-9
-6
-2
2
4
3
-1
-5
-8
-8
-6
-2
2
7
10
10
9
7
6
5
5
5
4
1
-5
-15
-22
-22
-16
-7
0
3
3
2
1
1
1
0
0
3
7
7
3
-2
-7
-10
-11
-10
-7
-2
3
7
9
9
8
6
5
5
5
4
0
-5
-7
-6
-5
-4
-4
-4
-5
-9
-13
-12
-5
5
9
7
2
-1
1
4
6
9
11
12
8
3
-1
-1
2
6
8
7
4
-5
-15
-22
-21
-13
-6
-1
3
6
8
7
5
4
6
6
6
7
8
7
-1
-13
-21
-22
-17
-13
-14
-16
-14
-8
-3
0
0
0
-1
-3
-7
-7
-2
5
8
7
5
6
9
12
19
43
90
136
132
52
-64
-131
-103
-26
4
-46
-110
-103
-26
37
24
-33
-51
6
92
140
122
52
-32
-84
-66
9
76
75
33
37
130
238
244
115
-58
-161
-162
-125
-122
-165
-217
-240
-228
-192
-147
-88
5
129
224
195
10
-229
-356
-297
-154
-89
-152
-244
-253
-179
-106
-79
-52
35
169
268
267
173
49
-45
-73
-38
33
96
121
107
67
4
-73
-117
-69
67
181
148
-52
-298
-450
-467
-411
-337
-239
-93
73
193
231
220
226
291
408
541
637
644
549
397
266
204
188
159
90
10
-40
-55
-57
-52
-15
69
168
219
192
126
91
120
190
264
336
423
522
589
580
489
361
257
215
227
250
235
159
34
-102
-220
-314
-384
-427
-432
-402
-362
-339
-339
-347
-344
-323
-282
-225
-163
-117
-95
-89
-80
-67
-68
-103
-164
-218
-234
-209
-178
-181
-228
-296
-348
-370
-365
-341
-304
-264
-229
-204
-183
-160
-137
-122
-114
-101
-68
-13
50
101
135
160
193
232
267
287
297
304
302
272
203
116
43
7
2
8
10
5
0
3
20
46
75
96
104
100
86
68
58
64
84
97
94
83
86
110
137
143
131
127
152
189
192
134
40
-30
-35
19
87
131
133
97
30
-58
-147
-208
-213
-150
-36
82
147
125
37
-54
-92
-62
6
83
157
217
233
173
47
-80
-132
-88
3
73
87
53
-2
-64
-127
-181
-207
-193
-147
-95
-74
-105
-172
-227
-231
-181
-111
-44
28
126
237
313
321
283
253
260
272
251
199
156
148
160
161
142
123
109
83
24
-65
-154
-217
-247
-250
-236
-214
-189
-165
-142
-124
-116
-110
-84
-29
34
65
44
-17
-89
-159
-222
-270
-279
-238
-168
-113
-117
-187
-295
-399
-468
-493
-485
-460
-430
-406
-400
-421
-466
-513
-527
-490
-412
-329
-270
-236
-205
-160
-103
-47
3
58
121
179
211
211
195
195
239
339
467
567
588
532
457
429
461
518
559
586
619
656
665
609
495
369
286
278
340
433
502
506
441
348
284
277
311
343
342
310
263
203
120
10
-102
-179
-194
-157
-116
-131
-227
-375
-514
-606
-664
-723
-794
-857
-890
-904
-928
-985
-1073
-1171
-1247
-1276
-1250
-1177
-1077
-975
-888
-814
-744
-680
-633
-601
-555
-454
-286
-82
110
257
348
390
407
429
475
530
558
556
572
656
795
905
909
821
729
712
774
866
942
997
1047
1108
1175
1229
1260
1284
1346
1483
1687
1898
2046
2093
2049
1948
1823
1681
1519
1330
1108
841
523
165
-193
-520
-807
-1075
-1331
-1558
-1736
-1874
-1998
-2113
-2194
-2218
-2196
-2153
-2099
-2020
-1911
-1790
-1661
-1501
-1284
-1027
-790
-625
-532
-482
-453
-448
-480
-553
-647
-731
-783
-816
-863
-930
-978
-962
-888
-794
-695
-576
-439
-342
-340
-410
-457
-402
-256
-77
94
268
448
605
698
736
762
822
936
1115
1366
1714
2206
2887
3695
4398
4698
4489
4002
3634
3620
3847
4000
3851
3424
2899
2401
1875
1194
359
-419
-883
-967
-888
-1000
-1512
-2311
-3034
-3370
-3304
-3089
-2956
-2910
-2800
-2559
-2285
-2106
-2013
-1871
-1560
-1075
-532
-85
135
102
-80
-223
-223
-137
-129
-285
-545
-798
-1027
-1294
-1617
-1901
-2030
-1993
-1889
-1826
-1841
-1900
-1931
-1856
-1627
-1281
-924
-655
-484
-352
-217
-98
-6
93
256
485
717
868
891
803
676
602
636
771
1012
1455
2229
3307
4379
5011
4972
4420
3763
3354
3290
3446
3606
3602
3359
2895
2256
1479
617
-195
-753
-915
-745
-516
-540
-956
-1645
-2337
-2782
-2894
-2743
-2469
-2164
-1870
-1635
-1539
-1615
-1743
-1698
-1333
-734
-151
212
321
249
60
-214
-522
-795
-989
-1110
-1187
-1259
-1366
-1530
-1714
-1826
-1797
-1639
-1430
-1236
-1080
-966
-881
-781
-608
-356
-85
143
329
489
593
585
496
448
528
680
789
823
844
871
816
614
359
236
307
434
434
280
97
23
88
260
512
837
1211
1571
1827
1884
1708
1381
1074
923
937
1034
1152
1271
1344
1282
1033
670
334
121
32
26
62
88
36
-118
-308
-433
-448
-385
-298
-233
-233
-327
-477
-584
-582
-509
-450
-414
-337
-205
-108
-147
-295
-427
-451
-385
-302
-248
-237
-283
-389
-527
-639
-680
-649
-578
-498
-429
-382
-376
-427
-530
-648
-727
-724
-648
-563
-561
-694
-926
-1131
-1176
-1029
-798
-626
-556
-500
-371
-202
-115
-152
-206
-144
35
192
211
128
60
53
48
-12
-95
-127
-101
-83
-103
-99
18
275
604
890
1028
985
835
735
800
1006
1228
1387
1513
1668
1820
1852
1689
1390
1111
971
983
1071
1131
1075
856
514
181
-13
-50
-34
-78
-207
-364
-484
-533
-513
-462
-422
-389
-300
-122
59
90
-88
-354
-521
-522
-451
-428
-475
-548
-629
-749
-901
-1004
-987
-877
-771
-721
-698
-673
-670
-721
-788
-797
-722
-617
-539
-482
-415
-341
-296
-289
-276
-216
-124
-59
-40
-26
15
41
-14
-147
-265
-288
-244
-219
-250
-290
-277
-221
-190
-232
-331
-423
-443
-337
-67
373
891
1290
1368
1100
697
469
573
903
1233
1449
1609
1801
1983
1993
1723
1237
758
511
588
875
1117
1069
682
149
-254
-398
-383
-387
-448
-436
-239
55
198
18
-410
-817
-966
-834
-592
-437
-431
-491
-505
-450
-393
-394
-422
-376
-181
139
438
493
132
-582
-1267
-1430
-892
-38
461
244
-428
-983
-1093
-906
-755
-781
-859
-822
-668
-558
-651
-914
-1084
-849
-167
567
784
276
-541
-987
-779
-277
-36
-208
-475
-517
-415
-470
-748
-949
-765
-265
166
224
-54
-399
-583
-481
-2
870
1893
2555
2456
1743
1055
956
1440
2041
2367
2422
2436
2500
2465
2147
1547
876
422
372
679
1030
1019
467
-397
-1096
-1316
-1148
-931
-883
-935
-883
-665
-429
-364
-477
-575
-455
-102
279
445
315
27
-211
-297
-277
-230
-182
-139
-145
-235
-360
-441
-524
-769
-1223
-1666
-1815
-1671
-1553
-1715
-2017
-2078
-1739
-1256
-989
-975
-926
-642
-277
-140
-298
-507
-524
-366
-210
-145
-127
-131
-216
-383
-502
-448
-281
-191
-257
-364
-375
-318
-327
-456
-608
-663
-603
-495
-325
78
933
2210
3444
3972
3500
2466
1759
1978
2939
3913
4297
4063
3575
3105
2609
1964
1272
844
865
1178
1373
1052
67
-1348
-2608
-3107
-2705
-1908
-1460
-1686
-2254
-2568
-2311
-1614
-824
-232
40
54
12
126
402
614
551
314
224
429
650
479
-141
-797
-1027
-781
-442
-437
-892
-1595
-2217
-2545
-2593
-2535
-2516
-2500
-2326
-1939
-1516
-1302
-1331
-1374
-1193
-791
-379
-112
35
153
240
255
238
286
400
467
433
395
457
538
445
118
-261
-469
-469
-395
-300
-14
722
1917
3149
3777
3455
2507
1768
1937
2985
4181
4726
4403
3627
2939
2521
2198
1792
1361
1088
1028
994
659
-193
-1456
-2653
-3225
-2989
-2342
-1946
-2181
-2851
-3420
-3437
-2805
-1740
-610
226
563
458
213
176
481
963
1352
1515
1503
1375
1092
603
24
-385
-439
-246
-158
-496
-1286
-2235
-2967
-3291
-3279
-3138
-3026
-2989
-2985
-2945
-2824
-2613
-2315
-1916
-1429
-955
-638
-524
-495
-391
-163
120
377
572
674
664
581
509
479
425
270
61
-81
-56
211
862
2010
3451
4553
4662
3733
2529
2080
2831
4269
5350
5376
4482
3370
2613
2274
2085
1853
1593
1374
1149
734
-49
-1205
-2426
-3201
-3197
-2628
-2169
-2409
-3296
-4201
-4462
-3888
-2742
-1401
-125
869
1334
1155
593
243
598
1611
2675
3128
2764
1924
1113
593
314
170
140
200
139
-348
-1369
-2653
-3721
-4222
-4145
-3781
-3516
-3610
-4023
-4443
-4516
-4128
-3463
-2789
-2219
-1707
-1225
-850
-645
-542
-366
-32
379
698
818
764
651
563
502
431
408
638
1367
2643
4155
5299
5497
4609
3180
2242
2625
4234
5969
6549
5580
3835
2466
2003
2101
2164
1965
1662
1355
852
-101
-1459
-2780
-3525
-3444
-2792
-2191
-2258
-3135
-4338
-5042
-4720
-3517
-2051
-828
63
743
1199
1310
1175
1215
1811
2831
3662
3724
2995
1978
1233
930
883
831
657
311
-274
-1140
-2178
-3138
-3786
-4047
-4046
-4037
-4244
-4697
-5179
-5366
-5095
-4495
-3867
-3411
-3077
-2677
-2123
-1528
-1081
-813
-570
-198
273
657
803
742
607
506
508
750
1463
2792
4509
5941
6304
5330
3700
2728
3354
5249
6983
7205
5788
3816
2526
2301
2608
2702
2299
1612
939
309
-469
-1489
-2547
-3227
-3245
-2754
-2338
-2598
-3635
-4833
-5310
-4635
-3169
-1679
-665
-79
377
822
1155
1343
1617
2249
3177
3911
3951
3255
2326
1737
1645
1713
1529
967
211
-531
-1197
-1838
-2499
-3174
-3798
-4274
-4556
-4740
-4987
-5290
-5407
-5116
-4523
-3992
-3767
-3714
-3512
-3006
-2337
-1729
-1279
-935
-618
-305
-33
161
275
362
478
678
1113
2076
3717
5590
6663
6140
4411
3009
3342
5320
7339
7693
6107
3871
2560
2642
3318
3480
2720
1452
321
-389
-883
-1522
-2404
-3200
-3479
-3219
-2955
-3285
-4250
-5199
-5378
-4560
-3195
-1967
-1263
-944
-602
40
914
1744
2360
2828
3304
3764
3975
3741
3207
2792
2791
3009
2929
2209
1035
-84
-777
-1096
-1378
-1934
-2815
-3794
-4547
-4900
-4963
-4992
-5107
-5173
-5006
-4644
-4333
-4210
-4118
-3753
-3037
-2201
-1579
-1304
-1234
-1116
-812
-370
45
304
403
521
1020
2270
4238
6181
6966
6043
4189
3100
3951
6221
8047
7856
5795
3528
2652
3293
4221
4162
2906
1220
-29
-588
-846
-1345
-2262
-3233
-3721
-3607
-3414
-3781
-4760
-5642
-5628
-4574
-3110
-2030
-1651
-1636
-1418
-695
377
1415
2175
2714
3207
3653
3838
3612
3189
3005
3262
3608
3451
2547
1276
250
-243
-436
-743
-1383
-2271
-3187
-3944
-4460
-4747
-4872
-4905
-4885
-4838
-4811
-4828
-4795
-4518
-3873
-3028
-2354
-2100
-2127
-2068
-1693
-1110
-578
-245
-66
158
760
2069
4040
5959
6745
5918
4305
3592
4821
7254
8864
8195
5744
3487
2985
4048
5136
4913
3310
1306
-67
-509
-509
-831
-1835
-3155
-4025
-4076
-3774
-3975
-4938
-5987
-6167
-5220
-3765
-2627
-2112
-1966
-1770
-1283
-468
576
1652
2526
3049
3240
3232
3189
3247
3466
3736
3815
3495
2824
2051
1405
904
419
-168
-885
-1705
-2551
-3292
-3802
-4069
-4223
-4402
-4638
-4860
-4995
-4985
-4778
-4345
-3776
-3262
-2962
-2852
-2770
-2549
-2151
-1659
-1204
-860
-528
126
1459
3424
5286
6003
5188
3742
3320
4811
7317
8785
7943
5559
3692
3676
4965
5872
5266
3418
1502
465
355
449
-67
-1378
-2886
-3769
-3795
-3544
-3805
-4726
-5677
-5894
-5233
-4218
-3464
-3111
-2870
-2446
-1843
-1234
-668
-4
848
1711
2274
2407
2346
2462
2917
3501
3837
3671
3064
2317
1781
1583
1522
1202
396
-713
-1679
-2219
-2451
-2693
-3081
-3473
-3730
-3930
-4230
-4557
-4647
-4356
-3890
-3570
-3499
-3477
-3291
-2914
-2500
-2184
-1954
-1596
-784
697
2620
4241
4749
4040
3078
3238
5019
7369
8504
7555
5457
4072
4461
5951
6880
6146
4115
2144
1345
1687
2146
1675
116
-1724
-2857
-3019
-2823
-3061
-3918
-4880
-5352
-5223
-4822
-4441
-4094
-3665
-3179
-2764
-2435
-2008
-1290
-312
643
1232
1339
1206
1292
1894
2858
3623
3696
3075
2281
1874
1964
2140
1906
1148
209
-489
-815
-989
-1303
-1846
-2462
-2939
-3220
-3412
-3610
-3741
-3680
-3460
-3312
-3392
-3576
-3566
-3252
-2834
-2586
-2462
-2056
-947
804
2500
3242
2746
1822
1859
3523
5916
7271
6666
4992
4055
4770
6328
7139
6376
4600
3053
2541
2871
3169
2643
1219
-426
-1475
-1719
-1723
-2199
-3257
-4318
-4788
-4663
-4412
-4369
-4432
-4288
-3826
-3230
-2776
-2557
-2385
-1911
-985
69
662
563
255
477
1411
2429
2752
2248
1560
1420
1934
2499
2430
1602
557
-50
-37
163
-30
-780
-1681
-2182
-2166
-2068
-2375
-3035
-3501
-3355
-2813
-2488
-2730
-3262
-3537
-3305
-2768
-2214
-1664
-886
214
1325
1882
1653
1195
1533
3088
4984
5771
5002
3844
3850
5255
6730
6846
5484
3808
3020
3335
3972
3950
2889
1270
-12
-406
-205
-251
-1109
-2511
-3651
-4021
-3835
-3662
-3758
-3928
-3914
-3747
-3628
-3582
-3370
-2795
-1969
-1253
-928
-932
-911
-525
238
1040
1467
1413
1159
1107
1384
1756
1842
1453
748
150
22
335
603
314
-521
-1323
-1565
-1350
-1260
-1657
-2283
-2608
-2453
-2144
-2099
-2413
-2821
-3027
-2948
-2692
-2316
-1701
-703
496
1304
1195
432
141
1312
3578
5277
5072
3456
2355
3118
5137
6575
6278
4734
3362
3120
3835
4551
4381
3190
1669
721
655
915
673
-326
-1578
-2437
-2786
-2999
-3352
-3661
-3610
-3228
-2917
-3000
-3371
-3574
-3227
-2352
-1424
-1029
-1323
-1766
-1551
-461
790
1222
646
-114
-91
818
1796
1957
1190
162
-339
-86
492
717
239
-691
-1442
-1573
-1236
-1013
-1307
-1928
-2333
-2247
-1949
-1895
-2190
-2502
-2496
-2204
-1906
-1686
-1279
-420
655
1259
953
220
211
1600
3671
4813
4121
2456
1678
2746
4724
5777
5070
3507
2657
3142
4193
4586
3825
2438
1354
1076
1344
1431
836
-253
-1189
-1575
-1669
-1991
-2639
-3162
-3182
-2898
-2813
-3058
-3228
-2926
-2290
-1825
-1802
-1974
-1898
-1409
-748
-276
-138
-186
-162
49
370
650
800
798
644
374
104
-37
-28
-22
-210
-643
-1147
-1477
-1538
-1493
-1601
-1949
-2340
-2490
-2326
-2077
-2050
-2312
-2628
-2695
-2430
-1943
-1317
-513
381
956
799
143
-36
1077
3041
4310
3810
2278
1643
2950
5143
6166
5153
3224
2187
2710
3925
4536
4034
2880
1853
1371
1324
1313
1018
426
-228
-754
-1205
-1719
-2209
-2385
-2193
-2041
-2363
-3001
-3287
-2812
-1945
-1417
-1522
-1900
-2025
-1705
-1111
-520
-145
-73
-210
-282
-22
548
1085
1195
804
229
-91
15
324
416
62
-590
-1147
-1342
-1252
-1197
-1428
-1913
-2389
-2589
-2464
-2214
-2119
-2287
-2578
-2754
-2688
-2368
-1782
-901
97
728
567
-136
-390
682
2761
4346
4138
2492
1241
1885
4000
5661
5454
3860
2581
2681
3688
4377
4088
3129
2189
1662
1498
1421
1188
752
238
-253
-788
-1443
-2012
-2098
-1647
-1226
-1505
-2429
-3157
-2946
-1991
-1202
-1231
-1860
-2326
-2082
-1235
-375
-58
-374
-886
-1011
-518
278
832
854
495
101
-113
-148
-82
10
18
-206
-676
-1176
-1403
-1282
-1087
-1180
-1629
-2127
-2305
-2107
-1837
-1831
-2150
-2563
-2786
-2629
-2023
-1024
48
628
323
-506
-768
401
2539
3995
3524
1754
726
1777
4046
5386
4682
2954
2080
2741
3944
4367
3735
2765
2168
2014
1964
1757
1391
995
634
196
-499
-1391
-2010
-1861
-1125
-722
-1392
-2718
-3416
-2717
-1263
-427
-867
-1940
-2487
-1965
-820
53
101
-486
-1004
-874
-138
628
895
636
238
28
18
51
65
87
55
-196
-689
-1181
-1364
-1217
-1056
-1227
-1750
-2297
-2489
-2226
-1806
-1684
-2082
-2763
-3209
-3037
-2278
-1246
-291
292
265
-307
-808
-352
1282
3081
3556
2352
886
1000
2913
4869
5027
3457
1947
1940
3131
4135
4099
3302
2451
1885
1564
1402
1347
1254
935
338
-399
-1071
-1474
-1454
-1098
-863
-1260
-2227
-2982
-2737
-1623
-657
-718
-1656
-2505
-2472
-1602
-572
-47
-231
-805
-1169
-860
42
921
1152
680
25
-256
-66
292
479
363
-15
-514
-937
-1110
-1041
-940
-1029
-1338
-1725
-2030
-2166
-2130
-1993
-1923
-2086
-2468
-2796
-2711
-2029
-923
92
410
-171
-1055
-1093
363
2554
3733
2902
1085
464
2050
4477
5431
4159
2192
1521
2501
3802
4135
3495
2697
2206
1849
1422
1105
1129
1318
1181
427
-714
-1623
-1736
-1059
-318
-443
-1628
-2950
-3168
-2051
-683
-351
-1227
-2304
-2525
-1759
-695
-67
-118
-610
-1080
-1099
-555
224
703
626
209
-109
-100
158
447
573
404
-56
-594
-884
-803
-597
-646
-1087
-1706
-2159
-2261
-2086
-1869
-1857
-2140
-2573
-2865
-2794
-2285
-1408
-402
239
30
-904
-1520
-666
1551
3437
3296
1417
46
1029
3694
5506
4843
2690
1366
1959
3442
4189
3742
2861
2258
1907
1509
1133
1068
1264
1257
640
-497
-1577
-1937
-1389
-520
-331
-1291
-2696
-3238
-2357
-886
-200
-792
-1886
-2371
-1888
-931
-170
72
-176
-689
-1074
-914
-139
763
1104
649
-111
-447
-82
583
920
654
30
-498
-650
-487
-304
-401
-853
-1454
-1894
-2019
-1913
-1756
-1706
-1872
-2280
-2775
-3018
-2693
-1810
-744
-16
22
-569
-1191
-967
512
2498
3444
2516
756
290
2053
4580
5476
4051
2034
1552
2817
4212
4355
3458
2571
2163
1890
1474
1157
1188
1287
913
-63
-1170
-1776
-1612
-953
-476
-794
-1865
-2844
-2788
-1674
-564
-506
-1396
-2155
-1990
-1174
-507
-332
-378
-372
-394
-529
-514
-47
662
980
567
-184
-529
-158
533
886
613
-25
-524
-606
-392
-243
-435
-958
-1547
-1906
-1945
-1828
-1812
-2013
-2330
-2579
-2644
-2497
-2125
-1507
-750
-187
-197
-732
-1084
-379
1408
3049
3082
1467
-6
572
3047
5151
4929
2919
1480
2046
3675
4452
3756
2591
2003
1922
1725
1303
1068
1130
1029
365
-639
-1384
-1508
-1136
-725
-776
-1494
-2476
-2874
-2203
-1018
-473
-1066
-2045
-2273
-1504
-533
-164
-370
-599
-566
-441
-373
-209
221
731
921
629
141
-93
113
509
657
330
-265
-697
-717
-502
-461
-801
-1319
-1651
-1675
-1605
-1697
-1937
-2109
-2123
-2145
-2333
-2515
-2246
-1332
-226
237
-309
-1202
-1191
327
2485
3528
2540
592
-110
1488
4024
5091
3864
1970
1557
2902
4339
4380
3272
2301
2092
2136
1815
1285
1084
1231
1132
348
-832
-1652
-1624
-994
-537
-889
-1929
-2806
-2706
-1717
-801
-808
-1589
-2202
-1970
-1134
-428
-226
-298
-313
-258
-261
-237
36
527
865
746
316
24
145
516
742
564
68
-431
-642
-548
-426
-584
-1037
-1486
-1659
-1616
-1648
-1880
-2139
-2219
-2173
-2215
-2379
-2373
-1875
-941
-96
62
-524
-1102
-654
1031
2840
3217
1824
174
214
2194
4267
4463
2873
1466
1781
3261
4165
3685
2627
2075
2083
1981
1515
1102
1052
1048
583
-353
-1229
-1508
-1127
-543
-419
-1107
-2229
-2860
-2394
-1251
-539
-873
-1726
-2091
-1621
-865
-473
-493
-555
-474
-386
-387
-288
111
652
884
563
-34
-335
-56
508
758
377
-375
-911
-901
-562
-406
-696
-1218
-1563
-1597
-1550
-1677
-1937
-2077
-2004
-1928
-2078
-2312
-2169
-1381
-317
230
-182
-1026
-1134
154
2094
3066
2245
682
362
2036
4256
4883
3460
1665
1364
2589
3792
3791
2926
2237
2085
1982
1546
1050
921
1053
899
146
-884
-1524
-1385
-721
-280
-684
-1799
-2728
-2621
-1576
-628
-669
-1488
-2042
-1669
-776
-259
-425
-769
-719
-317
-17
15
72
405
774
721
196
-288
-214
336
745
520
-206
-834
-929
-633
-462
-745
-1303
-1685
-1674
-1497
-1515
-1810
-2124
-2206
-2116
-2100
-2214
-2185
-1692
-807
-70
-50
-693
-1170
-550
1147
2689
2744
1398
298
974
3076
4642
4230
2484
1333
1810
3099
3724
3225
2353
1896
1818
1637
1225
921
938
998
640
-215
-1116
-1489
-1163
-592
-498
-1197
-2205
-2616
-2009
-961
-475
-914
-1633
-1753
-1132
-412
-179
-347
-454
-317
-154
-112
4
392
835
874
392
-157
-235
196
638
596
39
-615
-928
-820
-603
-656
-1053
-1506
-1690
-1585
-1463
-1561
-1829
-2025
-2018
-1918
-1887
-1882
-1624
-946
-135
202
-209
-812
-595
795
2429
2882
1815
541
707
2429
4078
4063
2587
1352
1599
2839
3637
3296
2402
1836
1725
1604
1249
945
923
930
549
-234
-986
-1290
-1116
-785
-711
-1121
-1840
-2323
-2083
-1268
-625
-754
-1411
-1773
-1368
-570
-87
-165
-461
-566
-405
-120
184
467
624
537
237
-38
-54
193
446
429
92
-340
-587
-565
-466
-573
-978
-1478
-1764
-1724
-1554
-1562
-1846
-2205
-2356
-2218
-1948
-1732
-1544
-1186
-602
-100
-100
-547
-714
117
1686
2741
2313
954
341
1450
3358
4196
3228
1658
1209
2204
3376
3458
2536
1668
1509
1714
1631
1161
716
554
467
124
-476
-989
-1089
-816
-566
-760
-1419
-2044
-2041
-1358
-618
-506
-1030
-1523
-1387
-719
-116
-2
-279
-571
-623
-408
-34
352
581
538
269
-12
-82
102
356
427
202
-196
-527
-624
-545
-526
-764
-1208
-1589
-1692
-1584
-1536
-1701
-1945
-2040
-1969
-1905
-1908
-1738
-1158
-353
99
-160
-729
-709
359
1866
2599
1972
742
341
1406
3067
3829
3124
1848
1321
1927
2872
3160
2578
1711
1216
1225
1394
1360
1066
679
315
-68
-513
-895
-998
-798
-575
-710
-1271
-1847
-1877
-1252
-505
-307
-756
-1293
-1332
-847
-276
3
-48
-244
-390
-346
-69
313
536
426
98
-141
-87
172
363
288
-27
-377
-565
-544
-467
-555
-896
-1330
-1591
-1560
-1388
-1351
-1558
-1860
-2015
-1947
-1776
-1614
-1370
-894
-289
49
-149
-585
-524
434
1773
2403
1782
619
279
1345
2928
3582
2849
1703
1388
2090
2909
3001
2402
1741
1424
1349
1266
1118
960
738
331
-241
-770
-1041
-999
-785
-645
-798
-1244
-1673
-1671
-1158
-549
-379
-738
-1195
-1260
-842
-233
207
267
-40
-454
-572
-175
477
820
551
-33
-334
-78
428
649
352
-230
-680
-778
-629
-510
-628
-977
-1365
-1576
-1549
-1418
-1379
-1499
-1694
-1836
-1869
-1790
-1572
-1162
-602
-114
25
-222
-482
-210
748
1823
2139
1435
516
556
1815
3226
3477
2438
1279
1134
1927
2657
2606
1975
1394
1165
1132
1063
917
742
509
144
-333
-782
-1033
-1002
-787
-638
-800
-1246
-1620
-1525
-966
-409
-343
-774
-1218
-1186
-655
-39
235
83
-226
-347
-133
271
574
569
307
25
-60
66
254
325
183
-169
-600
-884
-866
-654
-577
-849
-1310
-1596
-1544
-1354
-1330
-1531
-1742
-1760
-1591
-1358
-1104
-770
-368
-90
-127
-354
-294
437
1573
2264
1915
968
586
1413
2780
3377
2688
1520
1057
1588
2379
2616
2207
1606
1176
927
744
598
486
343
107
-205
-536
-840
-1029
-976
-713
-545
-787
-1324
-1626
-1298
-578
-118
-305
-874
-1217
-968
-288
318
430
44
-404
-413
100
678
780
354
-128
-234
-22
136
51
-139
-272
-407
-662
-953
-1065
-956
-858
-1016
-1388
-1692
-1716
-1518
-1329
-1323
-1497
-1693
-1700
-1361
-706
-17
308
90
-358
-388
375
1549
2225
1862
945
578
1336
2602
3199
2652
1653
1230
1638
2224
2290
1825
1324
1105
1038
872
591
349
194
24
-248
-591
-900
-1066
-1020
-812
-664
-818
-1232
-1497
-1222
-518
12
-123
-748
-1151
-818
13
592
431
-202
-588
-307
363
794
675
255
-28
-25
59
18
-127
-240
-323
-494
-773
-1000
-1022
-920
-930
-1177
-1521
-1705
-1602
-1331
-1130
-1162
-1376
-1536
-1374
-817
-109
326
231
-198
-386
115
1154
2012
2052
1383
833
1139
2160
2981
2852
1970
1236
1289
1887
2271
2006
1338
801
638
674
632
424
144
-106
-326
-574
-856
-1067
-1089
-938
-807
-888
-1140
-1277
-1049
-537
-139
-211
-684
-1075
-919
-245
410
500
25
-456
-380
244
845
873
356
-182
-285
-15
220
153
-125
-386
-554
-706
-873
-980
-980
-954
-1036
-1264
-1536
-1688
-1635
-1437
-1269
-1268
-1395
-1410
-1080
-418
235
454
133
-311
-238
595
1675
2136
1636
813
701
1625
2797
3117
2337
1287
957
1490
2172
2275
1748
1087
729
690
713
593
326
19
-257
-519
-796
-1024
-1053
-824
-551
-593
-1057
-1560
-1532
-838
-29
172
-376
-1048
-1099
-412
407
676
290
-251
-378
18
555
757
500
69
-160
-89
63
54
-122
-300
-403
-529
-747
-928
-901
-736
-732
-1069
-1544
-1759
-1548
-1139
-897
-968
-1194
-1290
-1068
-536
76
425
307
-72
-180
355
1300
1956
1832
1183
793
1180
2062
2646
2432
1700
1169
1250
1686
1913
1675
1200
856
738
669
498
272
106
-27
-264
-649
-1005
-1081
-811
-445
-371
-745
-1281
-1467
-1062
-379
-8
-236
-762
-1000
-651
22
471
400
10
-249
-137
199
442
435
250
40
-123
-226
-260
-227
-199
-295
-561
-886
-1076
-1041
-882
-811
-951
-1232
-1450
-1460
-1287
-1083
-989
-1019
-1057
-935
-568
-63
306
319
81
7
433
1197
1724
1611
1096
845
1229
1929
2290
2034
1504
1235
1381
1639
1649
1356
976
721
612
529
373
140
-96
-281
-428
-586
-755
-843
-775
-631
-616
-834
-1110
-1137
-820
-430
-324
-531
-705
-535
-117
167
119
-60
-53
176
376
350
172
50
56
79
6
-129
-213
-208
-204
-314
-548
-794
-916
-884
-802
-816
-972
-1167
-1249
-1179
-1054
-986
-972
-925
-784
-566
-301
-16
219
309
271
304
615
1137
1522
1493
1182
1021
1281
1767
2019
1817
1390
1143
1222
1416
1438
1218
899
643
491
391
281
135
-40
-229
-419
-583
-677
-678
-644
-694
-860
-1009
-961
-725
-520
-543
-715
-763
-547
-233
-97
-194
-304
-208
41
201
133
-39
-93
32
166
113
-134
-392
-488
-422
-351
-417
-614
-814
-887
-823
-729
-717
-807
-923
-982
-961
-896
-820
-739
-641
-510
-334
-108
130
309
385
411
523
801
1153
1365
1314
1127
1079
1304
1639
1783
1612
1305
1145
1222
1362
1325
1048
679
406
294
262
182
3
-231
-435
-557
-602
-604
-605
-638
-715
-801
-817
-720
-581
-532
-611
-682
-578
-322
-140
-194
-371
-396
-171
96
140
-44
-197
-120
88
156
-40
-351
-522
-459
-299
-253
-404
-646
-797
-776
-662
-598
-649
-753
-806
-761
-658
-561
-498
-452
-398
-314
-183
5
223
413
520
560
621
788
1049
1282
1355
1248
1100
1094
1287
1530
1604
1432
1161
1006
1030
1091
1017
778
495
285
159
59
-56
-183
-306
-419
-527
-632
-724
-769
-728
-620
-554
-643
-845
-956
-797
-449
-215
-316
-627
-780
-552
-111
146
10
-339
-539
-415
-127
25
-96
-363
-538
-509
-375
-314
-396
-532
-598
-571
-531
-545
-586
-591
-541
-488
-478
-493
-473
-389
-268
-172
-126
-93
9
223
496
695
728
649
630
796
1085
1301
1302
1143
1007
1035
1194
1326
1301
1127
931
836
855
883
810
616
384
206
111
66
23
-56
-195
-378
-539
-600
-555
-501
-545
-679
-790
-778
-673
-586
-586
-637
-662
-616
-518
-420
-380
-414
-480
-494
-423
-319
-270
-300
-355
-380
-381
-382
-380
-351
-306
-289
-326
-384
-412
-385
-323
-262
-232
-244
-278
-286
-235
-146
-76
-59
-66
-37
72
248
438
574
622
606
605
696
890
1106
1222
1181
1052
978
1046
1200
1294
1224
1020
813
715
728
758
713
575
402
253
135
25
-84
-177
-262
-376
-536
-684
-738
-698
-673
-768
-949
-1067
-1014
-850
-734
-750
-830
-846
-759
-643
-581
-573
-558
-503
-444
-427
-439
-426
-363
-297
-295
-361
-417
-383
-270
-183
-203
-296
-338
-255
-115
-52
-119
-221
-232
-125
7
66
53
39
78
160
249
335
429
531
619
674
701
732
796
897
1004
1062
1033
941
871
900
1013
1091
1021
825
647
604
668
699
593
378
176
76
64
45
-53
-219
-382
-499
-589
-685
-772
-812
-808
-817
-882
-961
-974
-894
-789
-752
-793
-834
-789
-658
-522
-461
-487
-537
-538
-467
-362
-279
-247
-250
-247
-210
-142
-75
-36
-25
-24
-25
-29
-27
3
64
116
110
51
7
46
156
253
263
207
178
250
404
549
609
588
550
563
656
808
947
998
936
830
793
875
1004
1047
942
756
617
589
626
626
522
334
145
22
-38
-90
-187
-326
-469
-582
-661
-720
-768
-814
-864
-923
-981
-1017
-1009
-955
-886
-849
-862
-888
-862
-753
-604
-493
-463
-474
-448
-348
-214
-124
-117
-161
-178
-128
-36
35
58
60
74
100
115
114
123
163
226
286
317
313
296
298
343
414
453
413
317
258
316
463
580
564
443
352
396
539
645
623
519
451
473
533
546
488
402
340
319
323
324
295
230
149
77
20
-36
-100
-162
-210
-251
-304
-376
-453
-509
-536
-552
-587
-646
-700
-711
-676
-635
-632
-659
-666
-619
-540
-481
-461
-444
-390
-308
-239
-202
-169
-108
-32
14
14
1
29
111
207
261
249
200
168
188
252
308
304
235
154
129
182
262
289
230
134
87
128
217
276
267
225
210
250
318
367
376
364
359
378
417
460
494
508
505
493
477
459
430
387
330
265
198
131
59
-20
-108
-198
-281
-352
-414
-478
-547
-608
-645
-658
-667
-686
-704
-702
-681
-662
-661
-655
-611
-528
-447
-404
-391
-361
-287
-188
-110
-75
-65
-45
-1
56
105
132
143
149
157
162
160
157
162
177
187
177
152
130
125
135
141
128
104
92
107
144
177
185
169
156
171
214
261
279
266
252
269
320
369
376
336
289
279
314
359
369
335
291
269
266
247
186
104
45
20
-1
-55
-142
-223
-268
-285
-305
-349
-409
-457
-472
-465
-464
-489
-526
-536
-500
-443
-410
-412
-415
-376
-300
-226
-184
-164
-135
-85
-27
24
68
111
155
188
200
197
202
233
279
302
272
202
150
158
205
228
185
103
43
39
68
81
54
7
-28
-32
-9
26
54
56
30
0
1
39
86
109
104
96
108
136
168
192
209
214
203
178
156
146
148
145
123
79
27
-11
-20
-14
-27
-89
-181
-252
-261
-224
-204
-242
-320
-378
-374
-329
-294
-299
-326
-335
-310
-269
-234
-210
-176
-122
-68
-40
-36
-18
45
136
198
190
144
128
179
257
290
250
182
148
166
197
197
168
144
140
133
97
49
37
74
108
78
-13
-87
-77
-4
48
25
-41
-78
-51
8
43
37
15
9
22
37
48
60
75
78
54
18
7
38
79
77
12
-65
-83
-28
30
11
-85
-172
-173
-108
-64
-98
-173
-208
-168
-98
-70
-105
-158
-173
-139
-99
-88
-100
-102
-74
-31
2
20
38
68
100
121
126
128
137
155
171
172
152
122
103
113
143
157
128
71
34
48
88
102
68
13
-17
-15
-8
-23
-55
-77
-77
-71
-75
-85
-84
-71
-63
-70
-80
-71
-43
-22
-26
-43
-46
-24
-2
-10
-46
-71
-52
2
37
16
-41
-73
-46
7
19
-32
-95
-103
-47
13
17
-36
-89
-92
-46
0
4
-35
-73
-67
-12
46
55
7
-47
-49
9
71
79
30
-22
-23
28
80
