-2
-1
-1
-3
-7
-9
-6
-2
2
2
-1
-6
-8
-7
-3
1
2
2
1
1
-2
-6
-9
-7
-2
3
2
-5
-14
-20
-19
-12
-2
7
13
15
13
5
-1
11
55
126
192
214
181
113
45
-15
-69
-108
-102
-43
21
25
-38
-99
-92
-29
17
8
-17
-5
37
52
20
-15
-2
45
75
67
53
62
79
61
3
-57
-78
-67
-64
-99
-165
-221
-230
-189
-140
-131
-167
-205
-202
-160
-115
-86
-63
-41
-42
-79
-126
-132
-83
-25
-15
-63
-124
-149
-122
-55
19
64
55
5
-47
-66
-52
-25
7
54
110
148
144
114
93
90
90
89
108
163
219
224
163
81
38
50
82
102
104
101
98
94
90
92
95
91
81
76
82
87
75
48
23
19
39
74
104
114
99
80
81
104
123
111
80
64
79
96
73
-1
-89
-136
-112
-36
49
107
133
133
95
-1
-142
-265
-303
-251
-170
-131
-148
-192
-230
-255
-266
-251
-198
-111
-13
72
133
170
206
294
481
757
1017
1114
966
637
297
88
26
19
-19
-95
-168
-235
-344
-528
-742
-893
-931
-889
-845
-839
-855
-856
-823
-751
-636
-482
-314
-169
-66
6
61
90
85
64
70
114
146
103
-22
-165
-262
-308
-335
-360
-367
-340
-287
-239
-222
-237
-262
-263
-214
-118
-2
98
163
198
223
258
309
364
400
402
373
332
291
253
216
195
208
255
302
304
231
102
-32
-122
-158
-158
-139
-100
-38
13
1
-88
-198
-251
-220
-145
-78
-25
41
122
173
151
75
19
58
191
342
418
382
274
174
146
201
308
421
499
516
458
326
149
-13
-93
-61
52
166
211
165
54
-70
-160
-188
-153
-82
-15
23
28
7
-37
-87
-96
-15
148
311
372
303
169
56
-3
-32
-57
-71
-52
-4
34
20
-50
-131
-162
-121
-39
18
13
-44
-117
-178
-225
-260
-277
-267
-236
-202
-176
-157
-141
-125
-110
-97
-86
-77
-70
-59
-47
-51
-95
-195
-332
-462
-536
-535
-478
-406
-358
-362
-420
-505
-574
-597
-576
-528
-464
-380
-282
-194
-145
-125
-95
-24
84
192
271
320
348
373
405
447
500
556
608
648
670
674
669
667
676
699
733
779
823
843
821
767
717
699
716
752
791
811
797
742
660
573
499
440
394
349
276
146
-47
-270
-471
-615
-696
-729
-736
-741
-773
-848
-961
-1082
-1174
-1202
-1158
-1065
-979
-957
-1022
-1149
-1277
-1349
-1333
-1229
-1073
-923
-834
-831
-887
-943
-944
-874
-757
-630
-519
-432
-363
-295
-212
-102
37
198
353
457
472
414
354
354
417
506
595
690
794
881
902
836
713
616
619
752
978
1224
1417
1523
1584
1717
2042
2567
3154
3617
3865
3927
3854
3633
3238
2718
2210
1816
1499
1112
549
-158
-867
-1444
-1841
-2091
-2265
-2419
-2585
-2770
-2976
-3188
-3362
-3427
-3329
-3079
-2748
-2408
-2086
-1784
-1489
-1179
-814
-393
27
356
546
594
519
330
59
-231
-472
-657
-832
-1051
-1329
-1633
-1904
-2079
-2117
-2011
-1799
-1549
-1334
-1207
-1167
-1150
-1060
-849
-557
-269
-23
216
461
663
745
718
671
667
666
624
599
736
1103
1654
2352
3252
4330
5275
5646
5312
4655
4234
4268
4514
4594
4328
3768
3020
2144
1202
339
-252
-468
-432
-445
-789
-1528
-2460
-3263
-3675
-3655
-3384
-3121
-3001
-2963
-2871
-2678
-2425
-2120
-1668
-983
-154
576
969
979
743
456
238
107
2
-154
-417
-774
-1165
-1534
-1868
-2157
-2367
-2460
-2472
-2509
-2641
-2811
-2877
-2756
-2489
-2186
-1917
-1688
-1489
-1320
-1177
-1012
-753
-368
91
502
752
794
697
583
556
618
692
696
617
508
454
548
918
1687
2853
4187
5292
5846
5818
5462
5092
4874
4787
4743
4659
4454
4008
3225
2139
950
-70
-721
-976
-987
-1011
-1271
-1804
-2460
-3008
-3308
-3340
-3137
-2723
-2172
-1638
-1309
-1246
-1310
-1248
-876
-206
581
1232
1567
1540
1253
874
540
280
66
-142
-377
-704
-1183
-1799
-2434
-2951
-3252
-3303
-3144
-2916
-2806
-2889
-3041
-3050
-2829
-2465
-2083
-1720
-1350
-986
-704
-563
-524
-474
-319
-64
212
425
519
469
280
21
-185
-233
-115
85
240
238
26
-315
-559
-392
414
1810
3403
4650
5237
5322
5344
5556
5802
5797
5553
5383
5487
5617
5279
4230
2747
1397
601
363
332
84
-584
-1522
-2392
-2962
-3278
-3496
-3645
-3580
-3224
-2739
-2420
-2394
-2492
-2403
-1963
-1275
-571
-6
415
746
1008
1174
1228
1177
1053
886
693
447
94
-414
-1051
-1723
-2305
-2717
-2966
-3140
-3335
-3564
-3751
-3806
-3701
-3474
-3184
-2870
-2538
-2168
-1764
-1398
-1157
-1034
-897
-608
-162
311
675
872
940
968
1025
1107
1135
1058
936
894
965
1019
879
526
139
-30
156
687
1469
2378
3241
3870
4188
4289
4311
4270
4112
3915
3906
4172
4453
4334
3683
2781
2012
1496
1097
695
307
-30
-385
-854
-1435
-2037
-2590
-3039
-3276
-3185
-2834
-2508
-2461
-2634
-2729
-2532
-2120
-1689
-1305
-888
-409
16
258
300
219
81
-60
-143
-145
-174
-402
-864
-1360
-1645
-1680
-1649
-1708
-1807
-1780
-1586
-1367
-1268
-1257
-1156
-864
-476
-164
10
110
189
239
278
389
609
832
916
863
814
851
881
764
521
343
368
517
566
401
140
-20
-33
-28
-112
-236
-278
-217
-155
-187
-300
-400
-386
-205
133
529
825
912
833
739
756
875
1007
1107
1219
1397
1619
1791
1817
1676
1436
1222
1135
1175
1234
1199
1068
933
846
736
480
49
-449
-855
-1078
-1127
-1083
-1049
-1083
-1147
-1123
-941
-688
-540
-576
-680
-679
-558
-490
-624
-899
-1081
-1012
-770
-583
-591
-727
-817
-778
-682
-646
-693
-751
-745
-676
-609
-611
-706
-851
-965
-982
-903
-791
-701
-618
-497
-346
-229
-191
-188
-143
-42
51
79
57
40
43
40
16
11
65
152
194
148
51
-31
-89
-184
-351
-548
-702
-797
-837
-748
-356
428
1395
2085
2141
1657
1151
1119
1616
2268
2678
2799
2884
3116
3355
3291
2801
2119
1638
1592
1885
2182
2137
1598
714
-171
-764
-1042
-1212
-1462
-1766
-1965
-1991
-1958
-2014
-2148
-2192
-2007
-1619
-1166
-765
-477
-335
-346
-431
-447
-330
-181
-159
-271
-363
-330
-291
-466
-879
-1263
-1327
-1081
-835
-867
-1141
-1381
-1388
-1214
-1032
-919
-817
-695
-619
-636
-665
-591
-438
-329
-280
-148
140
412
419
174
-39
-2
172
223
82
-70
-66
51
144
157
123
41
-110
-273
-327
-278
-294
-487
-690
-570
51
1046
2117
2951
3273
2949
2212
1666
1842
2674
3527
3834
3617
3333
3250
3163
2718
1931
1233
1047
1358
1735
1679
971
-223
-1461
-2273
-2442
-2163
-1877
-1891
-2145
-2358
-2393
-2382
-2489
-2620
-2460
-1823
-898
-136
121
-104
-486
-670
-501
-90
328
558
562
410
165
-182
-639
-1108
-1401
-1416
-1262
-1202
-1439
-1939
-2452
-2683
-2510
-2064
-1617
-1366
-1306
-1292
-1224
-1120
-1028
-897
-618
-177
268
516
495
313
165
199
436
752
952
915
713
544
514
530
448
303
273
418
527
345
-112
-536
-641
-382
163
994
2117
3282
3975
3843
3100
2444
2477
3215
4134
4644
4549
4077
3571
3147
2685
2080
1467
1106
1077
1108
778
-110
-1351
-2490
-3163
-3295
-3090
-2856
-2830
-3042
-3329
-3456
-3310
-2948
-2481
-1920
-1217
-449
121
248
-1
-240
-87
475
1111
1432
1315
913
469
103
-209
-536
-872
-1134
-1281
-1431
-1803
-2487
-3281
-3791
-3744
-3213
-2551
-2114
-2022
-2126
-2171
-1985
-1564
-1027
-507
-76
265
533
722
802
798
822
1008
1352
1670
1726
1421
890
409
200
281
459
499
320
28
-248
-525
-846
-1038
-692
418
1954
3167
3549
3264
2904
2885
3183
3575
3958
4343
4649
4678
4292
3587
2826
2253
1964
1913
1924
1742
1149
140
-1017
-1964
-2505
-2704
-2757
-2821
-2957
-3172
-3418
-3586
-3547
-3257
-2770
-2155
-1453
-771
-331
-299
-526
-576
-133
658
1316
1506
1307
1023
819
636
374
67
-197
-411
-680
-1107
-1703
-2377
-2971
-3312
-3324
-3108
-2897
-2872
-3005
-3108
-3003
-2660
-2176
-1674
-1230
-874
-600
-388
-220
-83
58
285
662
1140
1522
1600
1360
1011
803
800
874
892
852
765
539
85
-391
-390
460
1937
3291
3853
3600
3113
3009
3422
4014
4408
4541
4587
4624
4487
3976
3164
2396
1980
1907
1904
1673
1056
68
-1103
-2107
-2633
-2690
-2646
-2868
-3379
-3893
-4171
-4191
-4022
-3637
-2979
-2134
-1359
-863
-607
-342
118
700
1173
1409
1504
1615
1761
1807
1662
1396
1181
1094
1029
774
226
-511
-1216
-1761
-2186
-2589
-2997
-3353
-3608
-3751
-3792
-3749
-3655
-3524
-3320
-2980
-2521
-2057
-1702
-1437
-1133
-712
-237
158
420
616
821
1037
1199
1247
1173
1024
865
758
708
641
446
154
61
601
1912
3495
4436
4193
3200
2568
3034
4259
5235
5331
4790
4230
3915
3650
3246
2781
2424
2171
1900
1512
928
53
-1090
-2161
-2696
-2603
-2376
-2641
-3512
-4458
-4877
-4642
-4087
-3535
-3030
-2427
-1660
-831
-165
147
154
242
844
1924
2846
2942
2251
1526
1461
1967
2344
2052
1232
435
21
-147
-437
-1047
-1849
-2553
-2980
-3195
-3429
-3842
-4332
-4591
-4416
-3948
-3556
-3450
-3465
-3250
-2671
-1944
-1388
-1103
-929
-667
-279
130
449
667
840
1013
1161
1216
1137
981
850
780
707
638
829
1632
2997
4242
4541
3796
2897
2914
4018
5296
5703
5052
4040
3414
3309
3357
3247
2954
2548
2005
1321
625
10
-633
-1418
-2140
-2450
-2389
-2492
-3164
-4127
-4690
-4514
-3881
-3274
-2890
-2635
-2325
-1792
-906
270
1365
1928
1854
1543
1535
2011
2658
3007
2832
2294
1741
1422
1287
1094
674
129
-325
-647
-1064
-1794
-2739
-3511
-3802
-3696
-3583
-3771
-4208
-4579
-4623
-4327
-3855
-3382
-2991
-2675
-2362
-1995
-1588
-1226
-949
-684
-305
195
660
893
842
647
538
651
934
1165
1132
871
781
1400
2880
4603
5487
4911
3444
2495
3055
4729
6106
6105
4912
3600
3002
3089
3299
3203
2735
2028
1248
584
133
-259
-880
-1762
-2511
-2748
-2647
-2818
-3553
-4422
-4710
-4219
-3411
-2867
-2731
-2727
-2498
-1848
-769
549
1730
2384
2408
2132
2062
2455
3095
3507
3366
2770
2103
1696
1548
1403
1030
456
-147
-709
-1341
-2128
-2931
-3467
-3614
-3560
-3633
-4006
-4553
-4969
-4980
-4531
-3834
-3224
-2899
-2787
-2646
-2310
-1807
-1285
-864
-566
-333
-113
94
250
341
414
532
685
780
730
558
426
612
1383
2759
4251
5014
4546
3363
2745
3562
5337
6628
6399
4935
3447
2905
3321
3968
4103
3455
2281
1089
318
40
-85
-500
-1304
-2151
-2680
-2947
-3302
-3845
-4247
-4162
-3678
-3208
-3046
-3111
-3112
-2766
-1930
-693
584
1453
1727
1638
1611
1886
2399
2907
3183
3079
2623
2037
1641
1547
1548
1324
781
77
-602
-1223
-1824
-2378
-2803
-3096
-3365
-3720
-4137
-4477
-4616
-4540
-4322
-4035
-3735
-3466
-3248
-3028
-2714
-2279
-1808
-1405
-1091
-799
-491
-196
58
285
490
617
614
536
487
490
506
640
1214
2451
4033
5117
4971
3741
2549
2634
4194
6064
6697
5577
3688
2545
2841
3957
4661
4153
2628
1009
194
332
730
505
-587
-1947
-2790
-2933
-2868
-3108
-3654
-4083
-4079
-3711
-3299
-3084
-3042
-2897
-2326
-1246
25
958
1258
1124
1050
1372
2043
2743
3135
3023
2469
1814
1512
1718
2079
2003
1265
210
-612
-1015
-1240
-1586
-2094
-2625
-3091
-3503
-3862
-4125
-4272
-4326
-4301
-4181
-3996
-3822
-3674
-3440
-3007
-2433
-1925
-1629
-1488
-1312
-987
-550
-127
173
312
343
378
497
642
666
559
623
1306
2744
4422
5395
5028
3671
2584
2965
4801
6695
7046
5544
3484
2532
3224
4618
5289
4519
2716
944
114
355
955
934
-130
-1729
-2927
-3236
-2993
-2884
-3243
-3829
-4218
-4214
-3921
-3541
-3217
-2943
-2576
-1943
-1047
-164
388
593
794
1321
2121
2785
2967
2686
2280
2082
2189
2408
2429
2048
1360
671
234
-1
-295
-831
-1522
-2146
-2586
-2903
-3207
-3529
-3846
-4128
-4332
-4389
-4275
-4050
-3804
-3541
-3208
-2821
-2482
-2229
-1949
-1504
-954
-521
-334
-273
-117
192
496
631
594
503
481
646
1174
2214
3605
4742
4919
4013
2840
2632
3907
5812
6753
5863
3885
2519
2853
4384
5544
5108
3188
1024
-58
329
1388
1801
823
-1098
-2746
-3248
-2805
-2334
-2538
-3336
-4150
-4496
-4301
-3787
-3248
-2863
-2624
-2361
-1915
-1311
-708
-155
475
1252
1963
2266
2114
1895
2072
2666
3199
3137
2433
1572
1121
1202
1422
1251
496
-565
-1439
-1832
-1867
-1959
-2422
-3176
-3824
-4061
-3974
-3909
-4057
-4239
-4154
-3757
-3314
-3077
-2997
-2793
-2286
-1583
-980
-678
-630
-600
-379
31
426
601
529
374
348
610
1238
2227
3396
4314
4473
3741
2740
2564
3791
5704
6715
5827
3739
2291
2734
4538
5924
5493
3394
1050
-61
473
1748
2273
1170
-1060
-2935
-3315
-2436
-1595
-1852
-3084
-4325
-4786
-4450
-3786
-3225
-2919
-2837
-2814
-2591
-1949
-939
108
812
1034
983
1055
1523
2285
2936
3110
2809
2347
2055
2013
2079
2043
1774
1248
561
-126
-669
-1047
-1373
-1788
-2321
-2870
-3294
-3520
-3580
-3566
-3576
-3666
-3815
-3913
-3833
-3523
-3073
-2646
-2347
-2135
-1891
-1543
-1149
-825
-621
-465
-246
69
372
511
464
446
803
1759
3140
4340
4658
3895
2743
2438
3670
5719
6859
5940
3670
2098
2652
4701
6184
5601
3329
1073
282
1053
2252
2475
1116
-1162
-2933
-3211
-2301
-1450
-1660
-2841
-4098
-4646
-4399
-3788
-3269
-2996
-2893
-2825
-2685
-2366
-1765
-871
105
778
894
645
626
1294
2443
3277
3155
2225
1338
1247
1936
2673
2711
1892
698
-210
-479
-269
-89
-419
-1326
-2401
-3091
-3184
-2973
-2932
-3284
-3840
-4222
-4191
-3814
-3363
-3072
-2940
-2806
-2566
-2262
-1944
-1582
-1167
-813
-645
-620
-532
-252
150
488
676
842
1282
2200
3412
4298
4250
3352
2564
2979
4675
6385
6547
4889
2857
2302
3648
5474
5896
4344
1977
533
804
2081
2848
2064
0
-2020
-2765
-2161
-1277
-1285
-2376
-3725
-4382
-4132
-3488
-3059
-3010
-3120
-3138
-2979
-2637
-2091
-1331
-498
116
260
19
-83
544
1903
3153
3274
2149
891
823
2104
3488
3573
2172
433
-365
21
745
816
-47
-1333
-2330
-2685
-2563
-2412
-2589
-3122
-3721
-4041
-3968
-3670
-3378
-3201
-3108
-3034
-2925
-2718
-2345
-1840
-1346
-1031
-934
-918
-759
-365
130
461
491
395
568
1298
2490
3667
4237
3903
2992
2414
3022
4708
6183
6031
4209
2328
2138
3741
5453
5509
3744
1607
663
1230
2304
2584
1551
-229
-1658
-2008
-1474
-943
-1178
-2196
-3344
-3953
-3864
-3420
-3048
-2936
-2988
-3016
-2895
-2576
-2026
-1268
-473
64
168
17
79
695
1701
2489
2522
1886
1257
1299
2016
2746
2791
2051
1033
348
205
358
374
-40
-870
-1795
-2403
-2500
-2291
-2209
-2518
-3081
-3534
-3634
-3424
-3130
-2937
-2901
-2944
-2921
-2691
-2224
-1636
-1136
-877
-836
-825
-651
-277
141
401
446
425
579
1099
1991
3021
3741
3729
3026
2343
2604
4014
5599
5938
4584
2701
2061
3284
5146
5740
4342
2061
704
1059
2309
2942
2125
282
-1420
-2065
-1645
-959
-915
-1782
-3037
-3894
-3993
-3579
-3141
-2934
-2932
-3015
-3080
-2978
-2550
-1784
-930
-347
-220
-391
-425
93
1147
2139
2344
1655
827
780
1662
2676
2884
2079
902
187
260
750
972
486
-570
-1634
-2169
-2096
-1825
-1859
-2354
-3025
-3466
-3514
-3311
-3083
-2943
-2894
-2918
-2964
-2893
-2541
-1929
-1330
-1054
-1123
-1233
-1051
-541
41
410
486
409
390
593
1111
1942
2913
3628
3657
2978
2257
2467
3917
5651
6105
4669
2543
1729
3012
5075
5785
4339
1971
618
1032
2276
2807
1885
43
-1532
-1987
-1414
-715
-822
-1879
-3161
-3798
-3590
-3055
-2788
-2886
-3047
-3030
-2880
-2732
-2549
-2121
-1345
-441
133
76
-364
-461
338
1739
2710
2450
1293
474
908
2230
3167
2804
1451
243
30
648
1230
1033
25
-1214
-2008
-2092
-1767
-1605
-1945
-2598
-3090
-3184
-3061
-3004
-3023
-2923
-2664
-2467
-2498
-2584
-2376
-1763
-1067
-731
-865
-1122
-1032
-447
311
756
672
286
67
350
1126
2134
3061
3606
3511
2779
1980
2074
3489
5339
5945
4516
2239
1299
2655
4957
5871
4409
1808
168
448
1801
2628
2031
367
-1293
-2057
-1801
-1150
-931
-1499
-2482
-3222
-3418
-3262
-3022
-2755
-2465
-2342
-2574
-2987
-3069
-2484
-1419
-443
-33
-214
-547
-424
443
1672
2419
2137
1180
554
928
1971
2706
2492
1559
687
431
714
1002
827
163
-626
-1162
-1365
-1444
-1621
-1932
-2280
-2586
-2846
-3049
-3116
-2967
-2656
-2382
-2336
-2486
-2551
-2231
-1536
-848
-584
-773
-1011
-873
-345
203
414
290
133
218
555
948
1257
1593
2183
2981
3488
3184
2273
1825
2771
4664
5788
4853
2583
1196
2102
4324
5487
4285
1747
33
278
1736
2750
2275
568
-1221
-1994
-1513
-558
-258
-1099
-2506
-3462
-3496
-2991
-2582
-2508
-2588
-2658
-2748
-2853
-2754
-2232
-1366
-532
-118
-230
-593
-668
-3
1288
2381
2364
1201
12
101
1586
3132
3227
1695
-101
-629
342
1608
1805
691
-795
-1594
-1468
-1016
-950
-1468
-2206
-2650
-2610
-2356
-2285
-2470
-2614
-2453
-2110
-1927
-2005
-2053
-1757
-1179
-721
-686
-939
-1015
-591
167
723
697
242
-83
129
736
1227
1337
1364
1794
2604
3116
2767
1952
1818
3004
4680
5181
3768
1609
751
2030
4154
4971
3624
1318
24
552
1972
2691
1923
185
-1329
-1748
-1123
-308
-236
-1136
-2397
-3204
-3281
-2974
-2723
-2617
-2545
-2522
-2663
-2870
-2801
-2212
-1291
-511
-214
-358
-571
-401
361
1445
2207
2128
1338
590
624
1474
2410
2560
1711
521
-50
360
1181
1447
727
-500
-1361
-1442
-1088
-942
-1304
-1949
-2467
-2649
-2572
-2424
-2325
-2273
-2212
-2122
-2033
-1958
-1819
-1494
-1008
-603
-541
-776
-926
-635
28
598
655
239
-195
-206
243
800
1116
1240
1532
2158
2733
2660
1930
1435
2146
3881
5129
4467
2234
470
904
3069
4714
4121
1841
-5
71
1581
2796
2474
833
-900
-1641
-1251
-481
-277
-1007
-2214
-3103
-3263
-2928
-2585
-2468
-2482
-2506
-2561
-2643
-2568
-2133
-1398
-710
-398
-463
-577
-349
344
1203
1703
1560
1050
787
1099
1710
2065
1901
1398
898
605
576
752
926
781
172
-649
-1201
-1250
-1035
-998
-1328
-1843
-2234
-2353
-2261
-2115
-2049
-2107
-2219
-2249
-2108
-1834
-1558
-1378
-1270
-1124
-869
-548
-288
-178
-199
-248
-217
-67
135
277
309
314
442
806
1407
2095
2550
2431
1763
1209
1634
3121
4533
4433
2670
807
666
2383
4187
4209
2419
559
269
1465
2643
2502
1078
-564
-1424
-1299
-730
-448
-834
-1678
-2438
-2761
-2738
-2651
-2600
-2483
-2301
-2254
-2431
-2567
-2271
-1479
-609
-186
-345
-697
-664
29
1087
1827
1743
1000
383
592
1542
2391
2346
1429
436
142
618
1251
1373
804
-90
-777
-968
-786
-624
-806
-1327
-1874
-2121
-2017
-1804
-1746
-1901
-2107
-2181
-2073
-1859
-1625
-1414
-1236
-1099
-996
-890
-726
-490
-235
-60
-30
-102
-138
-25
206
385
342
87
-134
25
764
1859
2667
2570
1613
693
897
2422
4162
4570
3147
1097
323
1584
3671
4558
3381
1232
-34
404
1743
2546
2073
696
-672
-1337
-1208
-721
-487
-861
-1688
-2463
-2777
-2608
-2208
-1853
-1717
-1878
-2259
-2563
-2416
-1705
-749
-96
-80
-516
-807
-418
635
1715
2074
1542
720
439
975
1833
2264
1963
1234
621
449
678
1012
1107
761
71
-616
-973
-972
-873
-947
-1256
-1685
-2076
-2299
-2269
-2016
-1752
-1718
-1930
-2114
-1970
-1496
-1005
-819
-949
-1116
-1049
-740
-400
-213
-200
-262
-275
-160
54
222
201
35
-74
-3
180
422
845
1541
2212
2288
1597
826
1011
2410
3980
4249
2869
1155
855
2336
4151
4489
2988
984
111
771
1972
2404
1563
11
-1202
-1390
-743
-133
-330
-1284
-2241
-2570
-2338
-2040
-1954
-1952
-1885
-1847
-1975
-2145
-2050
-1551
-865
-373
-259
-359
-324
74
749
1374
1646
1519
1230
1092
1238
1531
1699
1557
1145
695
477
581
831
901
586
-3
-527
-734
-683
-661
-890
-1339
-1781
-2017
-2024
-1923
-1846
-1839
-1880
-1937
-1966
-1886
-1640
-1285
-983
-859
-884
-913
-816
-563
-238
-4
5
-177
-337
-272
2
276
352
230
63
-5
83
358
862
1545
2114
2142
1515
787
867
2105
3685
4208
3108
1409
815
1957
3695
4280
3127
1298
325
737
1777
2300
1788
590
-528
-993
-777
-349
-279
-758
-1482
-2008
-2178
-2147
-2081
-1962
-1759
-1612
-1698
-1947
-2039
-1723
-1096
-499
-211
-242
-364
-270
208
917
1432
1415
999
702
892
1373
1626
1406
985
747
728
662
433
234
244
292
45
-546
-1115
-1287
-1098
-941
-1139
-1646
-2119
-2239
-1973
-1589
-1433
-1626
-1952
-2060
-1796
-1326
-954
-852
-954
-1065
-1017
-759
-372
-21
133
51
-140
-249
-181
2
163
220
160
10
-147
-161
91
577
1129
1569
1760
1610
1207
995
1523
2767
3806
3581
2122
795
1015
2690
4187
3970
2181
454
215
1331
2442
2406
1261
-75
-766
-654
-178
75
-226
-978
-1765
-2193
-2161
-1855
-1541
-1401
-1501
-1793
-2102
-2191
-1935
-1410
-839
-426
-257
-285
-355
-261
118
674
1100
1140
862
612
689
1057
1394
1406
1074
637
381
427
657
786
591
97
-423
-691
-674
-581
-642
-911
-1279
-1606
-1809
-1852
-1761
-1636
-1597
-1662
-1727
-1678
-1509
-1299
-1119
-987
-894
-816
-704
-521
-293
-103
-25
-56
-112
-84
71
267
360
273
65
-131
-208
-148
-15
112
246
529
1047
1587
1722
1301
805
1011
2150
3458
3758
2642
1045
481
1552
3258
3943
2947
1245
377
923
2068
2570
1928
652
-368
-623
-263
136
52
-594
-1407
-1904
-1950
-1786
-1677
-1656
-1641
-1670
-1854
-2136
-2235
-1919
-1273
-675
-487
-721
-974
-758
20
881
1178
740
98
12
704
1603
1882
1298
440
123
538
1105
1146
603
13
-152
23
96
-178
-612
-886
-931
-964
-1184
-1544
-1807
-1800
-1587
-1404
-1434
-1620
-1710
-1506
-1079
-719
-654
-819
-919
-722
-295
60
97
-125
-294
-161
198
444
329
-39
-314
-284
-77
38
-47
-205
-278
-243
-154
42
475
1132
1680
1684
1107
553
827
2075
3414
3648
2503
1074
824
2094
3699
4101
2925
1241
432
900
1876
2297
1751
651
-289
-652
-523
-276
-254
-555
-1055
-1547
-1869
-1946
-1807
-1573
-1425
-1507
-1803
-2122
-2199
-1864
-1205
-569
-344
-624
-1057
-1103
-523
358
914
798
262
-95
113
734
1269
1342
983
518
263
308
542
774
820
568
77
-399
-573
-395
-139
-153
-539
-1079
-1446
-1470
-1236
-984
-928
-1115
-1399
-1556
-1460
-1165
-846
-663
-659
-756
-823
-760
-558
-305
-145
-175
-338
-453
-377
-159
0
-38
-212
-351
-363
-294
-237
-217
-203
-176
-151
-109
50
451
1059
1584
1658
1236
794
997
2004
3145
3442
2596
1409
1073
1966
3223
3600
2726
1428
830
1243
1991
2196
1606
675
7
-174
-97
-116
-379
-772
-1106
-1328
-1531
-1785
-1999
-2006
-1778
-1535
-1570
-1935
-2319
-2305
-1764
-1025
-593
-683
-1011
-1063
-594
143
655
684
420
273
463
864
1186
1276
1193
1058
915
770
679
712
809
772
464
-6
-364
-435
-312
-261
-467
-878
-1255
-1388
-1267
-1071
-996
-1104
-1313
-1471
-1452
-1226
-907
-690
-697
-860
-982
-914
-676
-419
-296
-344
-472
-539
-467
-287
-99
-16
-94
-297
-486
-517
-379
-218
-183
-278
-391
-422
-337
-117
285
851
1387
1587
1313
845
783
1512
2704
3438
3022
1785
902
1293
2649
3683
3393
2043
831
675
1403
2083
1982
1139
134
-494
-609
-432
-301
-453
-908
-1483
-1937
-2127
-2059
-1850
-1645
-1590
-1765
-2096
-2332
-2187
-1586
-807
-327
-439
-952
-1288
-960
-25
922
1242
805
121
-105
416
1303
1843
1613
847
215
232
818
1402
1442
875
109
-359
-349
-72
101
-58
-486
-932
-1169
-1148
-997
-889
-918
-1069
-1266
-1406
-1397
-1208
-930
-735
-740
-892
-1010
-944
-695
-404
-239
-269
-418
-525
-470
-263
-37
44
-95
-370
-571
-541
-327
-142
-140
-287
-426
-441
-316
-107
115
309
533
885
1328
1599
1466
1119
1141
1877
2888
3266
2613
1590
1293
2091
3213
3542
2725
1469
784
1037
1720
2033
1608
717
-94
-475
-451
-295
-305
-620
-1147
-1637
-1889
-1898
-1805
-1745
-1754
-1822
-1955
-2127
-2205
-2011
-1493
-864
-490
-585
-976
-1189
-832
24
844
1052
558
-109
-240
415
1377
1845
1417
478
-146
66
857
1467
1344
612
-126
-375
-145
164
173
-185
-683
-1034
-1104
-966
-801
-763
-884
-1078
-1228
-1265
-1190
-1041
-869
-747
-761
-922
-1084
-1032
-706
-306
-131
-292
-600
-746
-585
-253
-30
-93
-372
-620
-640
-445
-220
-144
-235
-378
-438
-359
-174
31
165
217
308
607
1130
1628
1779
1534
1260
1430
2127
2872
3042
2504
1811
1682
2266
2974
3062
2385
1509
1109
1312
1654
1613
1091
412
-61
-235
-266
-357
-600
-961
-1340
-1637
-1802
-1855
-1869
-1896
-1941
-1989
-2048
-2119
-2134
-1958
-1548
-1089
-894
-1063
-1288
-1087
-341
477
729
307
-175
-9
817
1571
1579
961
469
613
1144
1428
1200
766
542
571
574
356
25
-188
-217
-210
-346
-658
-1011
-1229
-1243
-1142
-1099
-1218
-1425
-1528
-1412
-1160
-982
-1009
-1164
-1237
-1099
-821
-598
-555
-640
-694
-607
-406
-214
-141
-200
-305
-352
-312
-241
-202
-197
-185
-148
-114
-115
-122
-82
21
136
204
228
309
566
1023
1527
1808
1683
1294
1095
1489
2351
3011
2856
2012
1325
1526
2449
3169
2940
1923
970
758
1201
1648
1552
908
134
-365
-487
-419
-424
-649
-1063
-1513
-1837
-1965
-1951
-1892
-1857
-1862
-1916
-2017
-2097
-1994
-1602
-1049
-677
-726
-1018
-1057
-521
350
930
833
328
69
420
1102
1523
1408
1027
817
912
1083
1091
952
825
742
582
287
-8
-130
-91
-87
-288
-665
-1031
-1207
-1168
-1046
-1019
-1160
-1389
-1550
-1541
-1370
-1151
-1029
-1075
-1206
-1237
-1059
-771
-582
-596
-698
-697
-535
-320
-186
-147
-138
-120
-132
-201
-291
-331
-300
-241
-197
-176
-163
-154
-136
-91
-5
101
195
268
357
524
822
1236
1625
1780
1626
1378
1429
1969
2694
3005
2576
1759
1317
1679
2478
2898
2481
1556
843
743
1035
1213
972
392
-249
-713
-923
-950
-950
-1072
-1359
-1713
-1974
-2054
-1978
-1842
-1734
-1708
-1774
-1875
-1879
-1659
-1229
-782
-558
-624
-780
-705
-245
404
848
863
624
518
727
1080
1296
1306
1234
1162
1045
880
797
903
1063
996
588
65
-232
-189
-16
-8
-278
-698
-1051
-1189
-1110
-949
-892
-1049
-1350
-1585
-1588
-1383
-1152
-1066
-1145
-1270
-1313
-1237
-1093
-949
-832
-734
-651
-586
-518
-410
-254
-115
-82
-160
-244
-209
-38
154
232
153
2
-92
-54
93
253
324
293
242
274
406
565
694
853
1132
1471
1636
1466
1141
1109
1634
2419
2791
2349
1446
920
1289
2194
2727
2312
1247
374
264
745
1153
984
292
-460
-855
-847
-701
-688
-889
-1221
-1557
-1804
-1905
-1859
-1721
-1572
-1490
-1530
-1678
-1793
-1661
-1205
-635
-317
-418
-702
-726
-269
434
903
891
613
489
701
1053
1257
1252
1169
1104
1020
892
795
805
850
763
477
113
-141
-214
-193
-230
-427
-770
-1133
-1345
-1316
-1133
-1001
-1078
-1340
-1602
-1674
-1514
-1252
-1078
-1086
-1198
-1250
-1142
-919
-695
-542
-457
-414
-396
-367
-263
-69
127
191
96
-41
-77
11
132
191
180
140
102
85
108
176
253
282
244
192
203
310
459
560
588
654
893
1268
1517
1406
1053
915
1328
2074
2489
2127
1290
796
1144
1969
2402
1967
1040
396
428
846
1091
875
334
-208
-522
-583
-521
-521
-706
-1047
-1378
-1547
-1541
-1473
-1446
-1465
-1489
-1511
-1538
-1516
-1342
-1000
-640
-464
-510
-582
-440
-49
375
581
541
451
518
744
965
1049
1028
1006
1016
994
892
756
666
615
513
289
-2
-230
-321
-340
-421
-632
-904
-1115
-1199
-1197
-1195
-1245
-1343
-1444
-1486
-1428
-1294
-1178
-1161
-1203
-1171
-997
-772
-649
-656
-666
-552
-329
-125
-31
-32
-51
-47
-29
-21
-24
-26
-22
-16
-13
-13
-12
-10
-7
-6
-9
-10
2
43
132
265
405
488
477
413
418
620
1029
1454
1597
1324
889
800
1346
2217
2687
2297
1365
743
1007
1879
2490
2229
1308
505
385
804
1152
988
406
-171
-452
-481
-471
-562
-752
-986
-1216
-1397
-1488
-1493
-1451
-1410
-1381
-1356
-1331
-1293
-1206
-1036
-799
-577
-440
-386
-333
-205
11
268
505
668
708
627
524
552
768
1033
1100
859
469
232
299
524
600
361
-78
-439
-545
-453
-364
-433
-673
-979
-1228
-1341
-1315
-1223
-1167
-1215
-1344
-1456
-1458
-1337
-1156
-1001
-912
-884
-883
-865
-777
-598
-387
-258
-281
-381
-396
-232
37
235
249
133
32
43
144
242
269
227
167
142
175
245
305
309
258
205
217
308
425
490
474
416
395
475
694
1022
1331
1428
1213
858
746
1130
1800
2192
1921
1217
751
980
1678
2159
1947
1214
555
411
697
975
894
455
-73
-428
-535
-500
-486
-597
-825
-1089
-1307
-1444
-1488
-1432
-1287
-1133
-1101
-1251
-1451
-1437
-1054
-470
-100
-224
-663
-887
-511
278
873
833
320
-86
19
518
965
1036
748
351
94
97
299
499
480
188
-221
-505
-548
-444
-387
-496
-745
-1024
-1240
-1338
-1295
-1147
-1016
-1039
-1233
-1440
-1456
-1232
-920
-733
-757
-896
-966
-847
-565
-277
-148
-211
-330
-323
-130
142
334
378
318
243
215
247
305
341
338
309
267
212
167
183
264
328
278
136
37
90
259
395
405
327
276
322
451
620
814
1023
1183
1195
1054
926
1045
1458
1899
1975
1566
1008
817
1170
1698
1845
1426
788
424
497
755
837
593
141
-287
-518
-536
-464
-471
-645
-931
-1187
-1311
-1308
-1256
-1222
-1218
-1222
-1222
-1215
-1185
-1089
-900
-666
-497
-461
-496
-459
-267
9
214
260
188
129
191
374
553
574
402
174
72
145
261
255
86
-143
-306
-362
-365
-389
-469
-589
-712
-805
-855
-864
-846
-820
-813
-839
-884
-903
-854
-742
-624
-564
-574
-602
-571
-457
-310
-206
-171
-167
-136
-58
46
140
191
190
160
152
201
289
361
374
336
283
245
222
201
174
148
132
123
110
89
71
77
111
159
200
235
281
353
443
546
668
819
971
1055
1026
954
999
1249
1577
1709
1489
1088
882
1077
1473
1649
1382
858
471
432
605
683
492
109
-263
-478
-538
-539
-588
-738
-966
-1192
-1329
-1344
-1281
-1226
-1235
-1284
-1303
-1243
-1118
-979
-858
-754
-660
-587
-537
-469
-328
-114
89
183
152
81
81
196
371
494
480
335
167
98
162
258
242
67
-168
-322
-350
-323
-330
-399
-504
-621
-742
-842
-875
-823
-736
-694
-731
-800
-823
-765
-654
-548
-491
-488
-507
-488
-390
-237
-101
-37
-32
-24
25
107
191
256
292
290
254
213
200
222
252
261
239
194
150
145
204
298
342
285
172
123
197
329
402
377
333
365
481
600
657
692
797
997
1183
1213
1084
981
1107
1435
1682
1575
1163
816
859
1222
1495
1337
822
340
196
338
464
345
7
-361
-604
-699
-717
-744
-838
-998
-1174
-1299
-1336
-1296
-1220
-1144
-1093
-1082
-1095
-1077
-961
-743
-514
-396
-420
-485
-433
-210
76
248
226
95
24
105
281
409
396
266
116
30
20
40
23
-72
-233
-385
-457
-449
-441
-508
-637
-753
-797
-779
-751
-747
-761
-765
-745
-711
-684
-661
-624
-568
-505
-443
-371
-282
-195
-131
-80
-17
58
117
147
171
218
281
319
305
260
230
252
315
372
374
310
225
184
210
268
303
289
239
187
172
213
289
339
326
282
288
387
535
629
618
567
611
813
1071
1186
1064
848
807
1060
1423
1562
1324
907
686
839
1167
1290
1032
579
267
245
356
346
116
-214
-469
-580
-608
-643
-720
-828
-946
-1060
-1140
-1156
-1111
-1050
-1016
-1010
-993
-943
-873
-802
-723
-615
-485
-368
-291
-236
-164
-57
49
111
118
93
68
60
65
67
39
-32
-126
-194
-214
-213
-243
-321
-419
-497
-539
-556
-569
-590
-624
-663
-698
-712
-691
-634
-564
-518
-512
-516
-483
-392
-282
-202
-163
-130
-75
-16
17
33
67
134
200
227
221
226
269
326
349
318
259
222
229
262
280
258
210
174
179
213
237
223
188
171
189
221
237
234
236
269
335
411
468
493
504
538
619
740
874
984
1036
1016
959
952
1065
1254
1361
1261
1006
808
824
996
1098
965
648
350
223
248
277
185
-34
-287
-485
-603
-669
-720
-772
-824
-879
-950
-1040
-1121
-1135
-1049
-909
-822
-857
-954
-965
-803
-540
-353
-356
-483
-550
-433
-184
19
44
-73
-178
-154
-27
80
75
-22
-115
-143
-126
-123
-158
-208
-244
-273
-320
-387
-447
-466
-441
-404
-399
-448
-522
-557
-508
-392
-290
-271
-324
-366
-317
-183
-45
15
-6
-41
-24
49
127
164
158
143
143
157
169
176
185
197
196
174
143
128
139
162
172
158
130
104
98
120
158
190
201
199
208
238
275
301
313
330
373
440
506
547
570
599
659
749
855
955
1018
1020
976
948
1001
1125
1216
1166
981
794
742
827
904
824
587
335
207
210
224
127
-91
-337
-502
-552
-548
-581
-698
-865
-995
-1028
-977
-916
-913
-969
-1021
-999
-899
-781
-707
-683
-654
-573
-452
-347
-291
-258
-203
-127
-73
-67
-79
-51
29
111
131
86
24
-5
3
19
12
-27
-95
-177
-248
-285
-287
-283
-303
-347
-385
-395
-389
-392
-403
-399
-370
-336
-323
-328
-319
-273
-199
-134
-99
-89
-74
-34
30
93
135
149
148
151
171
203
229
231
210
187
188
214
243
248
224
193
182
197
212
199
163
141
160
208
239
228
199
196
238
299
346
368
383
411
457
511
569
627
684
738
791
841
883
911
930
954
993
1030
1034
988
913
852
823
798
723
582
418
294
223
160
50
-112
-281
-416
-512
-589
-666
-750
-840
-930
-1007
-1051
-1048
-1011
-970
-949
-936
-902
-827
-726
-626
-548
-493
-446
-384
-285
-157
-38
30
44
43
71
128
186
213
208
185
153
114
70
33
3
-33
-91
-171
-251
-305
-328
-337
-357
-402
-462
-514
-532
-503
-442
-384
-365
-383
-401
-372
-290
-190
-122
-98
-91
-67
-18
34
74
110
155
195
205
185
177
220
296
338
298
215
176
229
322
358
295
195
155
206
290
324
288
229
202
218
251
275
288
298
301
294
287
309
372
451
504
516
513
540
610
704
783
823
824
815
828
871
923
953
945
904
847
791
749
715
665
573
442
302
185
89
-8
-125
-258
-392
-518
-638
-749
-836
-894
-935
-975
-1020
-1056
-1073
-1067
-1035
-974
-896
-830
-792
-760
-690
-564
-421
-319
-277
-257
-203
-105
-4
50
56
53
70
99
110
94
73
66
65
46
-3
-66
-116
-138
-145
-166
-212
-270
-308
-312
-293
-278
-287
-312
-330
-324
-293
-254
-220
-195
-175
-155
-135
-112
-79
-28
35
85
102
88
81
124
217
304
323
269
211
219
300
387
408
357
295
281
320
361
358
312
269
264
285
293
269
239
233
249
260
257
258
284
328
364
385
406
441
481
518
558
613
672
703
695
679
693
743
789
792
752
704
675
654
616
549
465
385
311
231
136
29
-72
-161
-247
-343
-448
-543
-614
-669
-725
-789
-846
-884
-904
-913
-910
-887
-851
-814
-784
-749
-693
-619
-544
-478
-413
-337
-253
-179
-122
-78
-38
-3
28
54
74
85
86
80
71
51
15
-29
-62
-78
-95
-134
-189
-232
-248
-254
-271
-300
-318
-305
-277
-262
-273
-286
-269
-218
-159
-125
-118
-115
-89
-41
7
35
45
60
98
156
205
219
203
192
218
271
310
304
270
251
272
308
315
282
241
232
254
272
254
213
186
195
221
230
208
177
170
196
238
268
276
276
285
313
354
391
412
420
425
441
469
501
529
551
568
577
574
561
549
545
543
534
513
483
446
400
339
266
195
135
78
7
-88
-188
-270
-330
-389
-462
-542
-604
-641
-663
-683
-703
-721
-736
-747
-744
-717
-664
-603
-558
-534
-516
-477
-410
-330
-265
-226
-204
-184
-153
-109
-62
-21
-3
-13
-39
-55
-50
-36
-40
-70
-111
-139
-147
-149
-163
-192
-225
-251
-272
-294
-315
-317
-291
-250
-220
-216
-220
-207
-169
-123
-89
-70
-55
-32
2
43
87
121
138
143
153
180
216
246
257
255
250
248
247
247
251
256
253
234
203
175
164
174
188
187
169
147
140
154
176
193
200
202
211
229
256
286
314
338
356
373
393
418
446
472
492
505
515
523
531
537
542
542
538
526
501
462
419
385
359
325
269
189
106
39
-12
-62
-131
-221
-310
-375
-411
-438
-479
-537
-591
-621
-627
-623
-623
-628
-631
-623
-603
-573
-539
-509
-484
-457
-423
-380
-334
-292
-256
-227
-204
-181
-151
-113
-76
-55
-59
-78
-92
-86
-70
-62
-74
-101
-126
-137
-138
-137
-148
-175
-207
-228
-226
-212
-205
-214
-233
-249
-252
-239
-211
-179
-157
-151
-149
-129
-83
-30
5
14
14
30
73
128
171
182
165
147
156
197
245
267
251
212
180
175
193
210
204
173
136
120
133
154
158
140
115
107
121
147
168
175
175
180
193
212
234
258
281
298
312
331
362
402
439
465
479
483
479
469
464
470
482
481
450
394
340
311
300
279
229
158
93
45
7
-36
-87
-140
-194
-249
-302
-342
-368
-386
-408
-434
-454
-464
-471
-481
-491
-488
-470
-448
-433
-422
-405
-376
-345
-321
-304
-285
-260
-229
-199
-173
-155
-147
-149
-156
-158
-155
-153
-158
-171
-181
-184
-186
-198
-222
-252
-273
-278
-274
-271
-272
-274
-267
-255
-247
-247
-248
-239
-216
-189
-165
-146
-124
-96
-66
-42
-25
-7
18
50
80
99
109
120
138
159
168
162
155
168
200
224
216
179
145
139
159
174
162
129
97
83
82
86
89
91
90
83
79
91
122
156
167
151
131
142
189
248
283
284
270
273
309
367
417
439
436
430
438
455
463
449
422
397
386
385
381
361
318
260
209
177
157
130
87
39
-3
-34
-65
-103
-146
-187
-220
-250
-277
-299
-311
-317
-325
-339
-355
-368
-378
-387
-395
-399
-397
-389
-378
-367
-356
-346
-336
-322
-307
-291
-279
-274
-274
-271
-260
-241
-228
-230
-242
-242
-221
-194
-187
-205
-223
-213
-183
-162
-166
-179
-177
-155
-135
-135
-148
-153
-140
-122
-119
-130
-138
-127
-101
-74
-57
-48
-38
-23
-6
9
23
38
57
81
106
125
129
119
108
112
128
146
156
161
170
180
180
166
145
131
130
137
143
145
145
144
145
149
155
161
165
168
170
174
183
197
214
229
238
244
254
271
291
305
308
305
305
315
334
349
349
328
296
272
268
279
281
259
218
182
166
163
152
121
82
54
45
43
26
-11
-56
-94
-121
-144
-173
-204
-226
-232
-230
-234
-252
-275
-290
-292
-289
-290
-294
-298
-300
-302
-303
-301
-294
-288
-286
-284
-279
-268
-258
-249
-238
-225
-211
-204
-203
-202
-199
-196
-194
-188
-172
-149
-131
-129
-140
-155
-164
-168
-172
-172
-162
-142
-123
-116
-122
-129
-126
-111
-95
-84
-76
-64
-43
-19
-2
5
3
-1
1
10
24
38
52
67
86
104
114
113
108
114
130
148
155
152
152
161
168
160
139
123
123
135
144
141
131
123
121
125
130
136
136
127
112
102
106
125
148
165
171
169
166
171
187
209
231
247
258
266
274
282
287
289
289
288
283
272
253
231
214
202
187
161
125
89
62
39
16
-13
-47
-80
-108
-132
-152
-170
-187
-202
-213
-220
-227
-239
-258
-272
-272
-256
-234
-222
-223
-231
-234
-230
-219
-206
-187
-165
-146
-134
-127
-124
-124
-132
-145
-154
-151
-137
-119
-103
-90
-81
-78
-83
-95
-109
-117
-116
-105
-92
