-10
-8
-7
-6
-6
-6
-5
-1
3
5
4
3
2
2
3
2
-1
-5
-7
-7
-7
-9
-12
-14
-11
-9
-10
-13
-15
-12
-5
1
4
4
4
6
8
10
11
9
4
-3
-10
-11
-6
0
1
-3
-8
-9
-6
0
6
10
13
14
11
4
-3
-9
-12
-13
-13
-9
-1
10
18
20
20
32
64
101
103
44
-47
-104
-79
-4
41
11
-51
-65
-13
42
36
-16
-46
-23
14
13
-22
-45
-33
-12
-12
-23
-20
2
20
17
2
-5
-3
-2
-3
3
17
26
18
1
-8
-7
-9
-20
-30
-27
-14
-1
8
15
20
17
7
-4
-7
-5
-3
-1
-1
-2
-5
-4
13
44
68
61
23
-6
19
96
152
102
-49
-189
-197
-75
44
37
-69
-135
-76
39
78
9
-68
-58
16
57
18
-46
-63
-25
16
24
9
-2
1
6
7
6
4
-2
-6
6
33
53
51
50
85
153
197
161
54
-51
-94
-79
-61
-79
-123
-155
-153
-128
-108
-99
-89
-73
-66
-80
-100
-98
-64
-24
-14
-44
-90
-118
-114
-90
-71
-76
-98
-111
-88
-25
57
128
170
171
126
50
-15
-27
9
38
11
-57
-101
-78
-6
69
144
252
397
509
484
290
19
-172
-183
-61
50
38
-72
-152
-119
-16
52
53
69
170
310
358
245
43
-111
-145
-90
-12
51
92
113
112
96
78
64
57
70
111
161
181
141
59
-16
-44
-22
25
64
70
31
-36
-90
-91
-25
95
249
433
647
858
990
950
708
359
80
-4
69
120
10
-235
-464
-569
-582
-593
-620
-587
-451
-283
-203
-250
-345
-378
-309
-178
-41
72
168
265
388
532
652
693
653
596
584
587
505
281
-27
-291
-448
-548
-673
-834
-969
-1025
-1017
-990
-953
-870
-731
-581
-475
-422
-379
-313
-230
-149
-65
33
130
186
188
168
167
190
208
205
185
148
81
-8
-78
-98
-87
-91
-124
-156
-154
-125
-99
-93
-94
-77
-28
39
97
131
146
160
180
201
223
248
282
322
356
370
352
304
250
219
223
235
215
157
102
93
129
163
158
121
99
128
195
243
224
140
32
-62
-141
-215
-274
-295
-275
-238
-207
-181
-156
-140
-151
-188
-226
-245
-246
-241
-231
-217
-205
-205
-216
-217
-185
-112
-8
98
181
233
271
301
312
291
250
216
199
175
120
46
-12
-36
-32
-9
42
134
250
339
362
327
277
255
273
323
389
449
475
451
392
337
319
339
377
418
455
475
455
381
262
125
-1
-93
-146
-175
-206
-250
-292
-307
-300
-305
-344
-402
-435
-419
-377
-358
-392
-465
-527
-547
-538
-552
-624
-740
-853
-929
-974
-1015
-1065
-1107
-1122
-1108
-1078
-1039
-994
-953
-930
-916
-875
-786
-673
-574
-494
-397
-252
-75
86
199
275
354
459
581
687
777
884
1034
1197
1298
1280
1175
1074
1057
1126
1221
1284
1312
1335
1374
1426
1490
1591
1766
2031
2349
2643
2830
2872
2786
2618
2394
2118
1805
1491
1194
888
525
95
-364
-799
-1182
-1506
-1779
-2015
-2232
-2437
-2628
-2796
-2945
-3088
-3220
-3311
-3318
-3226
-3070
-2913
-2785
-2659
-2481
-2218
-1883
-1514
-1156
-855
-665
-611
-664
-742
-763
-703
-600
-519
-506
-572
-698
-834
-914
-897
-801
-685
-595
-532
-471
-410
-361
-328
-265
-128
88
335
553
680
707
716
876
1294
1905
2557
3243
4131
5247
6205
6467
5984
5384
5343
5799
6056
5610
4665
3682
2721
1463
-193
-1830
-2861
-3046
-2666
-2301
-2469
-3284
-4355
-5020
-4882
-4123
-3303
-2812
-2551
-2162
-1521
-902
-630
-646
-496
192
1304
2282
2616
2234
1527
955
670
438
-45
-824
-1644
-2272
-2745
-3305
-4069
-4867
-5379
-5426
-5095
-4653
-4360
-4303
-4353
-4251
-3818
-3111
-2371
-1777
-1289
-753
-152
332
522
495
533
859
1396
1865
2042
1926
1640
1277
862
469
268
457
1150
2375
4093
6043
7611
8068
7261
5970
5327
5728
6507
6736
6186
5305
4462
3492
2030
104
-1718
-2739
-2736
-2220
-2115
-3027
-4754
-6438
-7274
-7026
-6027
-4754
-3502
-2314
-1148
9
1090
1980
2610
3066
3626
4518
5611
6318
6062
4836
3303
2187
1651
1239
477
-654
-1794
-2697
-3491
-4479
-5745
-6995
-7780
-7860
-7410
-6885
-6665
-6739
-6744
-6272
-5211
-3807
-2446
-1388
-636
-41
499
905
1048
962
898
1068
1394
1546
1253
563
-219
-769
-954
-886
-853
-1094
-1576
-1951
-1851
-1147
120
1997
4480
7042
8619
8475
7139
6141
6591
8086
9243
9137
8072
6871
5815
4458
2420
26
-1872
-2646
-2445
-2115
-2621
-4327
-6705
-8643
-9270
-8536
-7139
-5837
-4887
-3998
-2791
-1202
455
1791
2693
3430
4414
5750
7054
7672
7226
5933
4483
3476
2987
2548
1676
328
-1101
-2276
-3271
-4408
-5795
-7132
-7988
-8199
-8004
-7793
-7794
-7887
-7738
-7064
-5883
-4504
-3265
-2271
-1401
-546
243
840
1220
1463
1668
1843
1903
1717
1223
559
7
-234
-219
-196
-399
-875
-1482
-1962
-2100
-1791
-962
604
3114
6215
8681
9147
7520
5492
5172
7021
9420
10365
9411
7694
6361
5390
4019
1903
-394
-1945
-2290
-1819
-1531
-2367
-4527
-7167
-8930
-8961
-7619
-6084
-5279
-5082
-4696
-3576
-1955
-438
706
1768
3177
4929
6519
7325
7137
6298
5449
5007
4903
4673
3904
2536
891
-640
-1872
-2926
-4010
-5169
-6213
-6907
-7255
-7520
-7963
-8520
-8825
-8520
-7581
-6312
-5099
-4144
-3411
-2712
-1892
-962
-72
637
1150
1523
1771
1841
1717
1485
1266
1126
1032
900
657
258
-323
-1013
-1607
-1851
-1663
-1130
-229
1377
3923
6803
8552
8045
5859
4105
4523
6765
8813
9086
7887
6653
6144
5745
4515
2418
365
-763
-829
-390
-313
-1344
-3615
-6249
-7831
-7597
-6206
-5063
-4944
-5367
-5374
-4550
-3252
-1975
-816
469
2040
3708
5068
5780
5771
5247
4612
4245
4260
4359
4085
3206
1915
570
-625
-1727
-2825
-3864
-4666
-5159
-5529
-6098
-6978
-7840
-8179
-7786
-6939
-6049
-5278
-4537
-3755
-2964
-2175
-1330
-430
403
1079
1629
2098
2354
2199
1666
1103
880
1033
1255
1220
831
221
-390
-816
-974
-942
-856
-693
-80
1453
3860
6190
7092
6030
4021
2901
3653
5523
6879
6875
6077
5543
5535
5370
4339
2552
818
-75
46
688
1006
291
-1519
-3703
-5225
-5578
-5144
-4698
-4600
-4615
-4383
-3870
-3276
-2748
-2259
-1679
-817
467
1992
3195
3538
3058
2358
2028
2116
2243
2069
1602
1034
465
-205
-1112
-2212
-3214
-3747
-3659
-3197
-2842
-2903
-3267
-3553
-3482
-3071
-2500
-1914
-1366
-888
-540
-366
-340
-370
-345
-181
146
559
891
958
722
339
46
-48
-20
4
-5
5
33
-12
-208
-513
-817
-1045
-1195
-1268
-1250
-1112
-805
-207
774
1984
2940
3154
2624
1937
1753
2205
2856
3251
3389
3602
4053
4484
4469
3823
2774
1794
1330
1552
2215
2737
2577
1669
474
-454
-953
-1273
-1667
-2061
-2195
-1983
-1639
-1466
-1599
-1945
-2269
-2308
-1903
-1149
-402
-24
-83
-327
-461
-420
-323
-254
-162
21
245
346
184
-255
-844
-1377
-1668
-1687
-1583
-1569
-1732
-1974
-2137
-2158
-2090
-2004
-1920
-1820
-1670
-1456
-1210
-1031
-1009
-1089
-1068
-801
-389
-107
-115
-299
-425
-397
-308
-263
-250
-204
-160
-224
-435
-685
-827
-832
-841
-1012
-1358
-1674
-1660
-1041
310
2226
4079
4972
4435
3063
2198
2730
4231
5471
5767
5580
5758
6403
6755
6066
4412
2602
1516
1538
2407
3316
3318
1961
-265
-2247
-3197
-3282
-3269
-3609
-4058
-4139
-3814
-3519
-3661
-4141
-4420
-3935
-2560
-766
654
1189
1011
779
975
1481
1857
1924
1957
2255
2694
2782
2183
1044
-122
-869
-1084
-1019
-1102
-1669
-2700
-3791
-4463
-4583
-4430
-4334
-4312
-4134
-3711
-3256
-3054
-3107
-3126
-2816
-2135
-1288
-543
-76
101
110
112
193
347
533
717
844
824
635
357
94
-124
-290
-373
-333
-235
-205
-267
-150
622
2359
4718
6629
6976
5641
3883
3384
4686
6635
7572
6996
5906
5476
5718
5603
4359
2356
744
374
1108
1917
1606
-310
-3129
-5357
-5895
-5000
-4036
-4120
-5126
-6002
-6012
-5397
-4905
-4855
-4845
-4219
-2692
-586
1362
2452
2516
2117
2150
3036
4354
5251
5278
4678
3995
3479
2966
2133
889
-499
-1550
-1982
-2046
-2426
-3614
-5322
-6659
-6976
-6494
-6002
-6011
-6297
-6299
-5761
-4948
-4269
-3844
-3436
-2747
-1732
-659
100
380
367
478
1000
1801
2387
2356
1813
1256
1079
1212
1278
1040
616
258
67
-74
-280
-434
-100
1240
3672
6399
7950
7268
4864
2750
2840
5170
7818
8757
7717
6141
5417
5490
5246
3990
2215
1030
1043
1852
2337
1420
-1122
-4297
-6412
-6404
-4844
-3479
-3617
-5041
-6468
-6926
-6441
-5624
-4886
-4166
-3167
-1738
-82
1312
2028
2127
2201
2905
4297
5706
6242
5576
4190
2971
2429
2360
2082
1138
-297
-1600
-2369
-2829
-3561
-4804
-6118
-6809
-6669
-6215
-6168
-6758
-7519
-7753
-7111
-5838
-4514
-3577
-2999
-2409
-1512
-404
536
1053
1271
1544
2061
2639
2887
2570
1846
1129
747
703
738
575
165
-313
-634
-721
-541
152
1794
4381
6884
7706
6161
3508
2133
3396
6335
8646
8863
7485
6038
5404
5204
4644
3515
2333
1700
1741
1952
1452
-412
-3337
-5892
-6572
-5283
-3617
-3355
-4798
-6644
-7462
-6924
-5730
-4647
-3899
-3230
-2326
-1123
128
1076
1686
2404
3739
5549
6937
6981
5651
3871
2736
2638
3110
3259
2440
682
-1323
-2778
-3434
-3767
-4372
-5262
-5900
-5949
-5790
-6110
-7095
-8134
-8422
-7686
-6365
-5155
-4453
-4114
-3685
-2822
-1594
-395
431
881
1225
1680
2194
2543
2568
2319
1984
1724
1582
1473
1245
835
377
138
334
1115
2657
4979
7393
8448
7082
4114
2114
3121
6458
9210
9122
6717
4390
3732
4181
4186
3132
1752
1025
1088
1257
693
-1033
-3605
-5912
-6608
-5319
-3343
-2724
-4286
-6792
-8144
-7395
-5357
-3530
-2712
-2639
-2517
-1752
-331
1230
2370
3061
3853
5203
6732
7429
6651
4886
3352
2917
3369
3738
3114
1353
-857
-2507
-3097
-3062
-3343
-4381
-5648
-6290
-6155
-5938
-6272
-6975
-7329
-6962
-6186
-5543
-5225
-4995
-4473
-3457
-2076
-746
81
265
128
190
723
1510
2071
2078
1607
1028
672
565
517
403
334
495
956
1795
3270
5485
7728
8534
7002
4151
2501
3810
7174
9693
9205
6338
3688
3107
4044
4597
3719
2049
779
303
93
-566
-2007
-4015
-5785
-6301
-5264
-3756
-3480
-5071
-7255
-8065
-6757
-4428
-2768
-2505
-2996
-3061
-2001
-47
1919
3133
3646
4258
5574
7188
7940
7144
5388
4042
3932
4603
4747
3429
920
-1494
-2636
-2458
-2078
-2670
-4299
-5894
-6428
-5987
-5565
-5892
-6675
-7076
-6702
-5964
-5506
-5479
-5429
-4810
-3506
-1948
-805
-473
-738
-906
-376
789
1877
2132
1459
508
62
317
780
849
459
37
-59
181
782
2119
4499
7278
8809
7770
4785
2427
3065
6432
9576
9671
6801
3725
2882
4076
5168
4582
2631
728
-144
-96
-22
-871
-2865
-5095
-6076
-5203
-3644
-3379
-5099
-7398
-8170
-6751
-4387
-2832
-2761
-3516
-3885
-3023
-954
1427
2992
3390
3475
4442
6373
7964
7874
6253
4627
4324
5137
5656
4654
2218
-391
-1833
-1865
-1493
-2005
-3675
-5481
-6204
-5738
-5159
-5487
-6609
-7513
-7464
-6686
-5971
-5787
-5867
-5537
-4426
-2877
-1670
-1295
-1450
-1314
-367
1068
2108
2149
1396
634
468
807
1073
855
295
-133
-181
-22
154
673
2213
4912
7649
8577
6803
3657
1966
3582
7422
10199
9475
5997
2872
2447
4217
5732
5216
3005
753
-305
-249
-134
-982
-2906
-4926
-5733
-4997
-3909
-4116
-5910
-7785
-7903
-5998
-3593
-2481
-3087
-4302
-4552
-3102
-564
1671
2643
2695
3119
4764
6986
8207
7534
5739
4467
4623
5550
5809
4533
2162
-48
-1121
-1184
-1251
-2212
-3929
-5389
-5771
-5316
-5065
-5732
-6990
-7857
-7742
-6968
-6300
-6095
-6016
-5494
-4401
-3181
-2381
-2088
-1858
-1181
15
1248
1875
1638
911
401
488
863
920
491
12
-25
335
594
436
210
774
2789
5827
8162
7922
5007
1842
1575
4977
9278
10585
7670
3223
1148
2744
5700
6743
4810
1576
-646
-990
-322
-141
-1342
-3555
-5337
-5428
-4164
-3392
-4498
-6725
-7822
-6545
-4002
-2398
-2733
-4049
-4598
-3454
-1072
1217
2209
1810
1304
2329
5167
8174
9178
7579
4893
3319
3793
5366
6115
4799
1892
-795
-1764
-1231
-862
-1948
-4003
-5384
-5216
-4332
-4233
-5439
-7066
-7902
-7533
-6515
-5720
-5596
-5841
-5725
-4793
-3362
-2236
-1861
-1826
-1332
-132
1141
1632
1155
362
35
346
845
1030
832
571
516
594
544
323
383
1472
3919
6935
8698
7678
4331
1386
1752
5606
9711
10220
6512
1958
581
3070
6422
7207
4746
1107
-1235
-1362
-153
669
-187
-2533
-4742
-5221
-4125
-3290
-4175
-6095
-7012
-5894
-3847
-2760
-3273
-4321
-4446
-3106
-930
890
1440
810
229
1161
3876
6901
8249
7254
5143
3748
3873
4811
5264
4468
2687
846
-241
-556
-796
-1595
-2827
-3805
-4128
-4142
-4472
-5256
-6055
-6408
-6328
-6169
-6170
-6229
-6074
-5505
-4561
-3513
-2732
-2389
-2237
-1778
-777
426
1208
1279
937
730
926
1336
1567
1356
778
221
90
430
845
910
762
1190
2897
5524
7480
7079
4238
1123
653
3743
7920
9279
6424
2200
855
3491
7004
7607
4704
895
-1088
-710
645
1242
216
-1958
-3824
-4162
-3262
-2757
-3827
-5707
-6495
-5336
-3442
-2694
-3615
-4935
-5052
-3515
-1255
317
426
-440
-802
658
3818
6947
8074
6687
4171
2574
2981
4766
6203
5774
3367
421
-1222
-1000
-111
-219
-1718
-3503
-4348
-4216
-4034
-4459
-5232
-5685
-5618
-5446
-5584
-5918
-5965
-5403
-4396
-3435
-2930
-2879
-2841
-2261
-1001
401
1127
870
171
-84
443
1252
1599
1236
559
118
99
271
301
97
-11
608
2354
4811
6673
6560
4248
1313
323
2691
6878
9193
7301
2972
554
2361
6221
7994
5967
2091
-562
-695
744
1894
1393
-826
-3458
-4762
-4156
-2919
-2886
-4352
-5786
-5694
-4395
-3506
-3940
-4900
-4930
-3496
-1446
-111
-146
-1018
-1398
-172
2591
5530
7013
6392
4455
2746
2511
3895
5766
6291
4387
954
-1543
-1367
649
1862
582
-2266
-4335
-4401
-3340
-2797
-3433
-4616
-5459
-5689
-5589
-5462
-5356
-5102
-4559
-3821
-3247
-3149
-3331
-3072
-1832
-3
1262
1126
-22
-875
-488
827
1864
1694
484
-735
-1051
-393
506
809
319
-266
166
2184
5008
6720
5766
2725
407
1523
5747
9414
8874
4348
31
-46
3937
7904
8096
4527
409
-1230
4
2149
2880
1254
-1774
-4140
-4382
-3014
-2078
-3012
-5113
-6365
-5745
-4254
-3573
-4120
-4797
-4381
-2844
-1245
-642
-1160
-1912
-1687
56
2645
4695
5298
4736
3992
3771
4090
4634
5046
4909
3855
2102
588
202
750
1030
90
-1737
-3258
-3672
-3232
-2756
-2795
-3378
-4256
-5137
-5726
-5792
-5316
-4565
-3927
-3677
-3820
-4068
-3962
-3144
-1697
-223
547
374
-240
-494
8
914
1471
1204
306
-551
-759
-271
375
503
-54
-645
-157
1973
4922
6736
5861
2804
217
808
4644
8569
8918
5287
1296
1026
4686
8401
8345
4574
483
-858
685
2908
3523
1785
-1264
-3662
-4044
-2842
-1940
-2765
-4716
-5917
-5414
-4182
-3755
-4384
-4927
-4395
-3014
-1813
-1514
-1973
-2385
-1914
-289
1953
3826
4639
4447
3851
3475
3662
4391
5226
5398
4376
2528
1043
805
1435
1638
575
-1312
-2828
-3231
-2805
-2406
-2655
-3536
-4590
-5325
-5511
-5236
-4801
-4496
-4414
-4433
-4375
-4142
-3684
-2925
-1895
-904
-406
-549
-911
-831
-79
887
1335
937
54
-606
-614
-109
395
468
85
-386
-379
628
2714
5097
6256
5056
2191
232
1497
5461
8687
8025
4051
772
1508
5364
8282
7356
3550
156
-603
851
2546
2759
1026
-1714
-3731
-3851
-2621
-1878
-2812
-4618
-5521
-4911
-3944
-3927
-4731
-5093
-4226
-2634
-1457
-1348
-2006
-2468
-1849
-62
2058
3497
3998
4097
4250
4249
3799
3306
3563
4516
4933
3713
1389
-238
-33
1190
1585
219
-2046
-3565
-3499
-2441
-1713
-2199
-3716
-5274
-5934
-5530
-4702
-4217
-4302
-4569
-4525
-4034
-3312
-2615
-2006
-1416
-852
-468
-368
-384
-187
360
962
1122
644
-149
-686
-609
-55
464
456
-118
-654
-179
1818
4606
6348
5511
2533
1
593
4373
8220
8560
5054
1236
996
4477
8003
8028
4623
867
-488
714
2599
3173
1697
-1003
-3195
-3597
-2558
-1782
-2557
-4324
-5397
-4975
-4002
-3856
-4666
-5243
-4600
-3031
-1711
-1474
-2116
-2618
-2017
-245
1734
2778
2738
2620
3365
4605
5060
4198
3066
3047
4074
4589
3437
1285
-111
97
1008
1077
-212
-1982
-2998
-2845
-2153
-1914
-2672
-4134
-5413
-5703
-4969
-3987
-3633
-4042
-4555
-4465
-3712
-2787
-2126
-1722
-1330
-833
-333
29
263
510
833
1066
918
298
-451
-757
-370
318
569
-13
-1011
-1409
-379
2022
4679
5962
4803
1806
-653
-77
3652
7523
7965
4558
792
561
4077
7732
7968
4732
1026
-362
835
2782
3447
2036
-688
-3033
-3676
-2828
-2007
-2407
-3676
-4533
-4411
-3974
-4043
-4480
-4501
-3707
-2551
-1802
-1840
-2374
-2654
-1965
-248
1667
2722
2710
2503
2979
3948
4463
4127
3580
3570
3895
3702
2652
1402
776
805
783
169
-863
-1698
-1940
-1733
-1592
-1981
-2931
-3965
-4459
-4212
-3648
-3406
-3716
-4239
-4461
-4151
-3449
-2645
-1990
-1608
-1449
-1302
-957
-392
212
627
734
538
148
-240
-424
-342
-144
-123
-449
-970
-1312
-1161
-414
906
2670
4336
4876
3592
1304
273
2191
6041
8499
7080
2876
-233
649
4584
7806
7437
3984
421
-731
684
2823
3525
1838
-1342
-3906
-4251
-2780
-1499
-1892
-3475
-4641
-4614
-4055
-3879
-4077
-4020
-3417
-2610
-2053
-1879
-1914
-1828
-1227
35
1533
2547
2844
2957
3440
4076
4191
3652
3105
3115
3395
3183
2215
1062
460
523
677
325
-583
-1541
-1986
-1819
-1507
-1683
-2556
-3695
-4408
-4364
-3854
-3485
-3623
-4094
-4356
-4024
-3227
-2459
-2057
-1904
-1651
-1159
-629
-331
-303
-365
-346
-248
-181
-193
-207
-147
-51
-69
-280
-578
-762
-657
-104
1040
2709
4292
4746
3486
1397
609
2632
6418
8743
7205
2936
-144
826
4724
7599
6678
2879
-463
-931
1105
3316
3548
1357
-1841
-3889
-3622
-1923
-906
-1778
-3719
-4991
-4895
-4208
-3888
-3896
-3604
-2839
-2141
-2038
-2425
-2663
-2188
-935
589
1627
1801
1566
1841
2965
4161
4329
3389
2461
2582
3439
3743
2741
1121
214
521
1202
1064
-185
-1711
-2470
-2215
-1638
-1644
-2539
-3815
-4635
-4554
-3858
-3282
-3355
-3956
-4446
-4272
-3457
-2528
-1985
-1869
-1817
-1475
-823
-128
341
504
428
173
-212
-556
-580
-186
307
363
-175
-839
-1005
-555
102
668
1408
2679
4069
4391
2990
1002
747
3312
6876
8122
5696
1957
712
3209
6796
7772
5137
1270
-772
-16
2107
3422
2664
157
-2485
-3540
-2649
-1225
-1058
-2488
-4179
-4760
-4252
-3668
-3583
-3645
-3309
-2614
-2031
-1863
-1996
-2091
-1770
-865
313
1109
1250
1320
2126
3539
4387
3823
2488
1899
2649
3667
3462
1901
360
136
1009
1578
815
-901
-2273
-2387
-1529
-845
-1289
-2781
-4275
-4710
-3982
-3049
-2979
-3896
-4862
-4844
-3741
-2433
-1865
-2130
-2471
-2138
-1152
-166
283
237
78
52
120
150
102
34
28
97
154
71
-147
-325
-313
-115
284
1089
2452
3916
4414
3235
1150
224
1950
5383
7541
6233
2500
-147
784
4238
6756
6004
2855
123
-285
1237
2845
2947
1246
-1224
-2862
-2767
-1608
-998
-1767
-3130
-3758
-3394
-2958
-3182
-3681
-3600
-2745
-1809
-1576
-2134
-2808
-2755
-1651
-20
1113
1141
582
696
2133
4034
4726
3523
1617
956
2197
3974
4264
2478
51
-1005
-95
1458
1800
369
-1675
-2724
-2311
-1399
-1254
-2201
-3500
-4258
-4269
-3991
-3912
-4078
-4157
-3886
-3354
-2869
-2602
-2380
-1866
-953
34
588
469
-46
-378
-141
539
1124
1117
505
-232
-543
-293
148
308
24
-511
-966
-1007
-357
1058
2781
3790
3151
1097
-598
103
3330
6591
6912
3974
757
592
3691
6987
7378
4685
1370
-117
701
2505
3543
2785
483
-1944
-2921
-2162
-1003
-990
-2230
-3473
-3753
-3428
-3394
-3751
-3805
-3149
-2271
-1939
-2328
-2921
-3058
-2361
-950
497
1118
713
218
893
2845
4617
4618
2890
1199
1245
2922
4420
4051
1882
-350
-931
224
1525
1322
-463
-2319
-2771
-1874
-1030
-1422
-2837
-4062
-4205
-3512
-2935
-3118
-3805
-4197
-3763
-2747
-1891
-1662
-1768
-1514
-635
359
735
365
-130
-58
615
1255
1212
455
-397
-658
-237
274
200
-526
-1299
-1505
-1145
-663
-193
648
2057
3302
3202
1597
81
710
3735
6844
7196
4413
1243
891
3735
6986
7575
5087
1761
107
808
2628
3725
3010
781
-1560
-2597
-2086
-1149
-1105
-2125
-3258
-3684
-3570
-3563
-3812
-3840
-3336
-2634
-2321
-2561
-2961
-2930
-2153
-845
316
669
248
-57
703
2437
3916
3966
2715
1485
1452
2518
3529
3408
2098
494
-367
-187
429
573
-100
-1103
-1693
-1677
-1528
-1753
-2314
-2776
-2897
-2878
-3025
-3338
-3524
-3337
-2830
-2292
-1977
-1905
-1854
-1545
-883
-100
378
281
-200
-524
-285
367
856
749
150
-460
-705
-593
-400
-359
-533
-849
-1176
-1373
-1273
-672
526
2073
3244
3206
1844
301
339
2662
5754
6898
4878
1566
296
2446
5958
7470
5681
2331
180
450
2194
3529
3183
1233
-1103
-2385
-2072
-985
-527
-1300
-2653
-3568
-3734
-3579
-3500
-3397
-3031
-2483
-2158
-2348
-2876
-3109
-2484
-1120
110
355
-247
-558
403
2300
3696
3515
2201
1266
1719
3048
3799
3061
1366
128
254
1276
1877
1216
-262
-1359
-1375
-763
-539
-1186
-2236
-2868
-2776
-2386
-2321
-2768
-3366
-3603
-3280
-2639
-2093
-1848
-1765
-1559
-1118
-619
-335
-333
-386
-214
196
525
446
9
-372
-339
11
219
-33
-574
-950
-908
-641
-536
-731
-892
-459
821
2437
3289
2608
953
79
1373
4215
6205
5449
2659
633
1465
4412
6684
6256
3668
1202
598
1735
3125
3353
2087
138
-1279
-1502
-947
-646
-1190
-2217
-2970
-3199
-3288
-3562
-3777
-3507
-2788
-2186
-2198
-2738
-3208
-3032
-2103
-886
-99
-110
-502
-347
881
2637
3703
3381
2211
1459
1873
3010
3716
3243
1892
689
421
962
1458
1192
261
-609
-886
-756
-816
-1364
-2122
-2623
-2724
-2683
-2816
-3159
-3456
-3444
-3105
-2657
-2330
-2134
-1876
-1388
-738
-186
46
-16
-132
-63
219
521
602
378
3
-257
-260
-120
-106
-378
-800
-1070
-1042
-911
-983
-1242
-1178
-263
1363
2734
2816
1583
328
670
2967
5638
6395
4498
1747
874
2788
5637
6725
5164
2468
813
1052
2351
3234
2793
1198
-555
-1440
-1226
-663
-711
-1553
-2517
-2975
-3037
-3212
-3595
-3710
-3231
-2485
-2126
-2419
-2997
-3223
-2719
-1607
-462
46
-245
-662
-206
1398
3230
3954
3135
1683
1005
1715
3128
3884
3161
1406
-37
-162
798
1641
1393
184
-1013
-1425
-1142
-853
-1077
-1734
-2377
-2703
-2799
-2948
-3243
-3428
-3193
-2590
-2066
-2009
-2285
-2334
-1753
-734
108
304
-61
-466
-424
106
701
840
376
-311
-652
-434
18
184
-136
-661
-977
-943
-789
-838
-1117
-1200
-538
962
2568
3135
2143
481
-47
1638
4550
6240
5124
2260
502
1683
4744
6817
6063
3286
891
550
1948
3410
3460
1895
-226
-1521
-1415
-606
-324
-1067
-2192
-2780
-2706
-2614
-2957
-3394
-3312
-2644
-1984
-1928
-2464
-2999
-2913
-2057
-889
-162
-296
-884
-894
382
2443
3798
3350
1573
199
586
2403
3940
3744
1929
4
-571
348
1585
1853
910
-397
-1126
-1087
-790
-770
-1122
-1628
-2086
-2464
-2813
-3116
-3232
-3017
-2536
-2116
-2104
-2455
-2656
-2193
-1116
-82
247
-161
-717
-791
-281
379
664
426
-35
-301
-225
-7
60
-131
-461
-744
-877
-926
-1055
-1351
-1654
-1621
-976
224
1562
2415
2291
1272
268
522
2435
4782
5568
4067
1855
1368
3324
5908
6664
4955
2349
894
1333
2829
3908
3552
1814
-235
-1307
-1002
-207
-205
-1337
-2725
-3353
-3146
-2826
-2908
-3167
-3154
-2832
-2562
-2589
-2797
-2880
-2647
-2114
-1477
-1036
-947
-934
-407
910
2459
3165
2521
1257
778
1788
3507
4323
3326
1221
-263
24
1591
2767
2289
447
-1271
-1658
-849
-18
-150
-1196
-2338
-2875
-2779
-2523
-2524
-2775
-2956
-2804
-2392
-2044
-1958
-1937
-1605
-884
-172
41
-290
-696
-656
-93
579
833
481
-181
-632
-575
-183
79
-107
-646
-1160
-1362
-1302
-1236
-1348
-1587
-1753
-1651
-1171
-270
941
2068
2499
1949
1021
989
2569
4890
6050
5039
2970
2055
3303
5473
6437
5333
3214
1752
1670
2406
2921
2566
1390
-30
-996
-1216
-1063
-1202
-1892
-2720
-3154
-3204
-3324
-3713
-4005
-3741
-3033
-2486
-2538
-2992
-3265
-2939
-2074
-1102
-499
-447
-636
-443
514
1925
2998
3158
2559
1874
1717
2216
2985
3359
2839
1556
334
24
692
1493
1503
602
-501
-1067
-1002
-773
-851
-1324
-1957
-2473
-2749
-2828
-2811
-2725
-2545
-2311
-2155
-2144
-2127
-1858
-1279
-627
-238
-240
-439
-499
-237
207
494
374
-89
-557
-684
-400
0
74
-362
-1019
-1382
-1221
-824
-674
-967
-1461
-1746
-1578
-959
-11
1094
2087
2581
2304
1514
1092
1911
3850
5554
5546
3833
2145
2279
4183
5963
5853
3947
1873
1074
1623
2532
2774
1973
487
-905
-1545
-1402
-1094
-1274
-1977
-2714
-3121
-3317
-3548
-3732
-3569
-3056
-2597
-2566
-2884
-3142
-2989
-2387
-1565
-900
-693
-869
-879
-150
1257
2571
3030
2632
2035
1821
2029
2386
2681
2784
2494
1731
827
387
652
1166
1208
525
-478
-1191
-1343
-1112
-895
-1028
-1591
-2371
-2994
-3181
-2926
-2484
-2164
-2124
-2293
-2436
-2311
-1831
-1136
-546
-347
-535
-784
-723
-291
210
427
283
-23
-249
-299
-215
-109
-121
-355
-779
-1186
-1343
-1205
-983
-931
-1123
-1400
-1529
-1379
-938
-205
799
1903
2688
2731
2091
1554
2085
3828
5655
6021
4520
2491
1844
3167
5111
5749
4473
2435
1250
1463
2332
2761
2222
926
-480
-1332
-1381
-1039
-1053
-1749
-2702
-3277
-3347
-3290
-3395
-3531
-3478
-3281
-3157
-3162
-3140
-2932
-2521
-1988
-1473
-1146
-1061
-966
-439
666
1944
2747
2769
2274
1824
1862
2472
3287
3646
3058
1759
679
642
1487
2174
1818
572
-633
-1074
-854
-593
-752
-1323
-2024
-2587
-2888
-2929
-2802
-2637
-2518
-2450
-2398
-2328
-2182
-1863
-1330
-740
-396
-454
-709
-755
-397
147
476
407
96
-166
-225
-131
-44
-87
-285
-571
-834
-986
-1018
-1012
-1079
-1257
-1436
-1463
-1305
-1095
-943
-743
-186
906
2244
3103
2897
1876
1194
1975
4094
5970
5941
4039
2176
2283
4291
6194
6122
4138
1913
969
1466
2456
2855
2134
514
-1178
-2038
-1832
-1277
-1369
-2345
-3490
-4012
-3896
-3724
-3851
-4020
-3865
-3458
-3192
-3243
-3359
-3155
-2523
-1698
-1049
-797
-830
-719
-35
1203
2444
3056
2936
2565
2489
2780
3087
3083
2776
2389
2086
1855
1646
1458
1297
1070
642
-7
-675
-1081
-1136
-1049
-1144
-1562
-2169
-2714
-3005
-2964
-2652
-2291
-2162
-2333
-2535
-2395
-1830
-1135
-665
-506
-490
-460
-401
-356
-303
-195
-57
-1
-103
-325
-540
-633
-580
-468
-441
-585
-850
-1070
-1102
-956
-785
-750
-875
-1015
-992
-755
-412
-70
323
954
1872
2758
3065
2594
1937
2128
3548
5255
5742
4531
2832
2354
3528
5090
5434
4161
2289
1125
1148
1810
2181
1688
443
-927
-1766
-1902
-1770
-1985
-2718
-3525
-3877
-3772
-3677
-3888
-4170
-4086
-3578
-3041
-2856
-2987
-3065
-2751
-2026
-1184
-602
-431
-408
-29
969
2270
3204
3338
2872
2432
2525
3139
3780
3840
3103
1989
1273
1367
1908
2086
1456
339
-565
-874
-778
-714
-932
-1384
-1900
-2355
-2692
-2885
-2939
-2890
-2792
-2691
-2626
-2591
-2495
-2194
-1637
-984
-525
-433
-591
-677
-455
7
390
406
63
-337
-467
-275
12
120
-33
-328
-591
-707
-668
-565
-535
-649
-844
-984
-1005
-932
-817
-659
-447
-215
11
341
982
1981
2973
3359
2885
2103
2043
3219
4917
5691
4786
2998
1979
2583
4043
4801
4059
2382
971
531
854
1211
975
12
-1263
-2196
-2431
-2241
-2235
-2697
-3338
-3728
-3806
-3828
-3920
-3904
-3600
-3098
-2664
-2458
-2431
-2391
-2124
-1499
-622
136
431
361
486
1277
2535
3482
3524
2877
2363
2576
3290
3716
3341
2426
1692
1525
1636
1466
864
194
-151
-225
-385
-825
-1376
-1780
-1996
-2163
-2378
-2627
-2878
-3100
-3206
-3094
-2797
-2511
-2382
-2313
-2068
-1568
-1000
-616
-496
-518
-516
-400
-172
73
188
83
-143
-276
-208
-65
-35
-136
-232
-253
-270
-351
-447
-496
-537
-617
-679
-634
-523
-479
-538
-553
-377
-36
294
518
751
1242
2068
2916
3240
2799
2084
2022
3040
4438
4937
3983
2425
1690
2332
3506
3909
3059
1601
516
257
557
827
603
-218
-1320
-2152
-2358
-2135
-2070
-2520
-3207
-3569
-3417
-3110
-3037
-3164
-3140
-2804
-2351
-2062
-1977
-1912
-1660
-1151
-486
121
498
724
1132
1939
2883
3391
3176
2603
2330
2639
3193
3431
3059
2235
1384
917
971
1284
1344
818
-128
-963
-1306
-1274
-1293
-1644
-2239
-2813
-3196
-3367
-3353
-3193
-2976
-2833
-2815
-2813
-2638
-2200
-1583
-987
-592
-449
-458
-438
-257
64
367
500
442
311
250
325
480
590
536
303
3
-213
-291
-322
-427
-620
-803
-895
-921
-967
-1049
-1085
-975
-735
-482
-329
-271
-209
-35
327
935
1761
2570
2959
2699
2109
1967
2812
4282
5246
4815
3286
1977
2012
3223
4324
4136
2650
905
-17
133
758
1019
446
-799
-2068
-2692
-2512
-2041
-1991
-2559
-3276
-3587
-3432
-3180
-3106
-3104
-2934
-2555
-2152
-1894
-1759
-1547
-1072
-346
400
923
1220
1548
2117
2792
3185
3072
2673
2437
2572
2841
2852
2436
1769
1158
822
780
839
675
99
-709
-1306
-1433
-1316
-1416
-1915
-2538
-2915
-2976
-2925
-2929
-2958
-2914
-2784
-2602
-2362
-2037
-1669
-1329
-1022
-689
-331
-61
30
5
48
259
538
674
564
305
97
45
96
120
43
-119
-294
-428
-523
-624
-760
-896
-960
-914
-801
-682
-594
-528
-475
-422
-359
-261
-106
124
414
717
1004
1367
1956
2741
3340
3283
2589
1983
2304
3553
4689
4570
3190
1779
1586
2603
3631
3534
2289
807
-31
-54
296
431
3
-930
-1946
-2543
-2561
-2336
-2359
-2753
-3194
-3329
-3183
-3050
-3084
-3112
-2882
-2378
-1836
-1487
-1354
-1251
-944
-314
563
1437
2052
2311
2321
2284
2367
2626
2978
3198
3047
2492
1812
1379
1313
1366
1204
730
122
-404
-769
-1013
-1209
-1448
-1824
-2330
-2796
-3009
-2932
-2741
-2649
-2706
-2799
-2787
-2615
-2291
-1857
-1383
-979
-741
-657
-590
-378
5
395
560
432
200
147
362
653
749
574
291
110
90
133
115
-3
-182
-372
-549
-692
-753
-697
-569
-487
-524
-627
-654
-517
-259
-12
125
152
158
232
392
580
765
1021
1506
2261
3029
3327
2876
2026
1647
2349
3729
4556
3919
2242
976
1185
2463
3387
2944
1425
-47
-633
-382
60
66
-567
-1578
-2456
-2813
-2673
-2415
-2410
-2677
-2956
-3026
-2916
-2779
-2652
-2403
-1940
-1381
-974
-839
-817
-571
120
1125
1989
2257
1895
1402
1429
2156
3058
3348
2742
1736
1114
1183
1543
1559
1002
183
-437
-683
-735
-867
-1206
-1674
-2112
-2411
-2567
-2644
-2698
-2706
-2628
-2486
-2379
-2360
-2339
-2134
-1679
-1123
-718
-585
-600
-511
-177
302
675
764
610
424
410
609
880
1010
893
605
339
229
253
273
169
-76
-386
-651
-782
-756
-632
-522
-537
-699
-898
-941
-730
-365
-72
23
7
49
202
395
555
692
823
913
961
1122
1612
2421
3135
3201
2510
1693
1680
2773
4169
4581
3497
1780
885
1425
2604
3079
2277
794
-359
-691
-444
-174
-290
-879
-1708
-2353
-2507
-2278
-2102
-2259
-2591
-2752
-2664
-2544
-2540
-2482
-2138
-1553
-1044
-853
-879
-774
-273
551
1319
1628
1407
1016
954
1387
1976
2192
1833
1173
675
571
738
867
731
319
-195
-601
-800
-871
-971
-1186
-1467
-1722
-1919
-2078
-2183
-2161
-1982
-1744
-1594
-1573
-1568
-1427
-1102
-690
-351
-185
-165
-157
-48
134
256
243
179
199
328
452
469
391
310
278
270
231
125
-52
-255
-403
-437
-387
-356
-410
-507
-553
-514
-434
-364
-316
-285
-271
-248
-138
104
409
626
672
614
599
691
840
955
1005
1042
1157
1418
1816
2231
2474
2413
2115
1867
1975
2461
2952
2957
2336
1497
1046
1209
1609
1661
1131
315
-316
-545
-510
-490
-666
-1049
-1526
-1926
-2130
-2159
-2155
-2224
-2308
-2276
-2118
-1977
-1943
-1902
-1635
-1081
-443
-13
76
-58
-143
59
581
1187
1508
1354
911
619
749
1150
1407
1244
740
207
-104
-147
-64
-52
-251
-654
-1112
-1435
-1530
-1468
-1407
-1451
-1592
-1742
-1821
-1784
-1621
-1366
-1106
-940
-900
-905
-829
-616
-332
-103
-14
-46
-98
-59
116
361
539
547
406
239
151
150
172
155
78
-44
-182
-287
-319
-276
-212
-189
-224
-289
-339
-341
-276
-151
0
124
194
233
290
388
505
598
657
697
742
801
873
954
1034
1105
1184
1315
1538
1835
2109
2226
2123
1888
1731
1818
2094
2282
2109
1585
1016
742
822
987
911
502
-48
-477
-681
-742
-809
-977
-1247
-1555
-1797
-1898
-1868
-1804
-1791
-1820
-1809
-1690
-1455
-1135
-778
-458
-255
-186
-155
-15
284
628
823
782
602
480
535
712
833
765
527
256
65
-45
-154
-317
-525
-742
-953
-1163
-1353
-1484
-1525
-1499
-1469
-1488
-1546
-1581
-1525
-1367
-1154
-964
-840
-767
-682
-531
-321
-114
33
111
155
203
273
371
486
580
599
522
389
280
236
228
192
93
-49
-187
-273
-286
-235
-174
-173
-251
-346
-365
-276
-138
-30
25
60
107
174
258
361
477
585
660
695
699
705
753
870
1028
1147
1160
1088
1034
1091
1270
1516
1758
1909
1887
1672
1391
1265
1421
1718
1818
1490
864
355
279
544
740
544
18
-497
-731
-701
-618
-658
-841
-1079
-1275
-1374
-1369
-1300
-1235
-1215
-1229
-1229
-1178
-1075
-937
-775
-610
-479
-400
-342
-248
-111
18
89
106
95
62
-1
-73
-113
-110
-111
-175
-314
-470
-571
-589
-570
-585
-666
-779
-861
-883
-859
-815
-771
-743
-745
-765
-755
-663
-497
-329
-229
-203
-193
-139
-32
92
192
256
293
314
323
318
313
324
343
343
296
208
112
46
31
53
68
23
-86
-195
-222
-149
-47
-14
-71
-149
-159
-80
34
112
143
166
221
311
409
483
520
535
571
668
815
946
996
972
946
972
1044
1123
1197
1275
1339
1347
1298
1256
1280
1343
1355
1269
1134
1027
960
879
739
553
365
195
31
-138
-313
-493
-679
-857
-1002
-1097
-1159
-1222
-1297
-1358
-1374
-1344
-1301
-1278
-1267
-1233
-1148
-1024
-896
-790
-700
-602
-482
-359
-262
-204
-165
-119
-65
-22
-1
4
-6
-36
-76
-98
-95
-102
-160
-256
-323
-314
-259
-236
-289
-390
-467
-474
-426
-376
-365
-382
-386
-348
-284
-231
-199
-168
-121
-68
-28
-2
31
77
117
132
124
108
89
71
63
80
108
114
81
32
4
6
15
15
9
8
9
6
2
8
28
61
108
172
244
297
315
325
379
497
635
720
727
707
733
820
922
983
994
990
1009
1059
1122
1174
1196
1180
1135
1085
1058
1059
1056
1015
931
829
725
616
496
370
243
107
-42
-187
-302
-387
-473
-584
-713
-828
-909
-960
-1000
-1038
-1069
-1082
-1076
-1062
-1053
-1043
-1014
-949
-852
-745
-654
-584
-513
-415
-286
-161
-88
-78
-92
-67
18
121
171
135
47
-24
-42
-23
-14
-45
-107
-173
-231
-284
-334
-369
-383
-387
-404
-441
-481
-496
-470
-413
-355
-318
-307
-308
-296
-249
-167
-81
-35
-47
-81
-74
-6
80
124
113
85
77
93
118
149
195
244
259
221
158
135
182
252
269
207
128
112
171
237
244
206
195
247
319
346
328
327
390
488
550
550
532
567
664
765
803
767
713
708
774
878
953
949
870
778
746
790
857
870
806
710
637
598
560
502
437
381
328
249
138
18
-74
-131
-180
-259
-385
-533
-656
-718
-724
-716
-737
-802
-881
-921
-894
-819
-742
-697
-675
-645
-590
-516
-445
-389
-349
-318
-280
-224
-157
-108
-98
-121
-142
-140
-132
-142
-172
-201
-219
-244
-295
-363
-412
-416
-390
-372
-390
-436
-473
-473
-436
-389
-366
-373
-382
-352
-271
-175
-120
-123
-141
-111
-17
90
147
142
118
120
155
194
215
222
227
230
218
187
157
149
164
175
154
105
58
47
73
110
131
136
139
152
171
190
213
245
285
323
352
377
405
440
475
501
516
534
568
616
662
690
699
702
709
726
754
788
814
811
775
734
717
729
741
726
685
635
584
528
464
407
365
319
245
148
57
-10
-69
-148
-251
-351
-425
-477
-520
-562
-601
-639
-674
-698
-695
-673
-659
-668
-681
-665
-610
-541
-488
-459
-441
-415
-377
-333
-291
-258
-231
-202
-173
-158
-173
-214
-254
-269
-265
-269
-300
-349
-383
-385
-367
-358
-380
-419
-442
-429
-385
-336
-302
-288
-285
-278
-261
-231
-188
-138
-91
-59
-48
-47
-30
21
89
137
140
114
99
120
164
193
183
139
90
70
96
153
202
200
143
79
65
115
181
207
180
141
140
192
272
333
343
301
255
274
381
519
581
524
418
387
483
636
724
688
576
492
506
601
696
713
637
532
485
528
612
652
607
514
441
427
454
468
431
347
256
200
182
171
135
70
3
-38
-55
-78
-129
-204
-273
-312
-322
-334
-376
-445
-502
-508
-468
-430
-442
-498
-545
-533
-466
-398
-374
-402
-443
-451
-409
-337
-279
-268
-299
-333
-333
-294
-245
-221
-234
-266
-291
-297
-289
-285
-301
-334
-362
-365
-345
-330
-346
-384
-403
-377
-317
-266
-249
-256
-257
-231
-183
-129
-89
-74
-77
-77
-52
-3
44
56
33
13
31
78
113
112
94
93
112
127
115
89
73
82
104
116
105
83
76
97
130
145
124
87
72
106
173
226
228
185
148
168
249
342
379
338
270
258
343
475
551
516
421
370
418
523
588
567
494
444
460
527
590
600
552
481
434
433
455
464
438
378
303
235
190
170
153
112
40
-36
-86
-109
-131
-177
-238
-291
-322
-340
-358
-378
-390
-395
-399
-405
-408
-401
-392
-392
-399
-396
-370
-330
-299
-291
-303
-315
-314
-299
-278
-266
-269
-281
-284
-270
-249
-240
-252
-279
-306
-321
-316
-294
-266
-253
-263
-286
-295
-275
-240
-222
-231
-247
-234
-191
-153
-150
-168
-169
-136
-95
-82
-98
-109
-85
-33
9
10
-21
-49
-45
-11
22
26
-3
-35
-36
-6
24
21
-5
-17
10
60
97
104
96
93
105
131
167
201
218
209
187
180
207
262
312
320
284
241
236
282
347
378
359
319
305
332
374
392
373
341
329
350
390
419
418
388
352
336
351
381
398
381
334
284
254
246
243
218
163
94
41
17
5
-18
-58
-100
-129
-154
-191
-238
-273
-277
-259
-247
-259
-289
-311
-306
-280
-251
-239
-245
-259
-266
-262
-247
-230
-221
-223
-232
-241
-241
-233
-222
-217
-223
-235
-247
-260
-280
-306
-327
-333
-327
-323
-332
-347
-352
-338
-319
-311
-313
-311
-289
-250
-213
-193
-189
-182
-157
-115
-72
-47
-41
-42
-32
-5
28
45
32
-3
-33
-35
-13
9
3
-28
-61
-67
-43
-13
-6
-27
-55
-62
-41
-8
19
37
56
80
100
108
107
112
137
178
218
244
257
268
285
307
324
328
325
330
350
372
375
351
321
311
326
344
338
305
264
240
245
265
277
259
216
171
155
175
205
208
172
127
109
131
161
164
127
77
50
60
87
96
64
7
-38
-43
-20
-12
-50
-123
-183
-189
-148
-111
-126
-194
-267
-298
-284
-259
-261
-295
-336
-357
-353
-335
-320
-313
-317
-329
-345
-354
-345
-315
-279
-260
-268
-290
-300
-284
-247
-211
-193
-188
-183
-169
-147
-125
-108
-104
-112
-125
-131
-124
-108
-95
-91
-94
-102
-113
-126
-133
-126
-106
-90
-91
-107
-122
-122
-109
-94
-82
-70
-53
-31
-8
14
30
41
46
56
76
104
127
140
146
156
172
187
192
186
171
160
162
178
201
216
217
207
196
188
183
182
183
183
180
175
175
184
197
206
203
193
184
183
192
205
218
227
226
215
199
192
201
218
224
204
165
129
117
130
149
146
111
61
23
15
24
25
1
-43
-86
-112
-120
-121
-126
-139
-159
-177
-181
-171
-159
-167
-194
-219
-223
-210
-199
-198
-199
-193
-182
-174
-176
-185
-194
-193
-173
-139
-112
-113
-142
-173
-180
-157
-129
-121
-136
-156
-162
-148
-126
-109
-112
-135
-167
-187
-183
-158
-132
-119
-121
-125
-120
-106
-91
-81
-75
-62
-38
-6
21
33
32
33
44
60
68
62
51
52
73
104
126
125
103
71
51
56
82
104
94
50
8
8
56
113
130
93
38
14
45
114
174
186
148
94
74
109
177
224
218
172
131
128
157
185
188
169
153
151
