-7
-1
5
8
9
8
4
-1
-4
-4
-3
-2
-3
-3
-2
-1
-1
-2
-2
-1
-1
-2
-2
-1
0
0
0
-1
-1
-1
0
-1
-4
-8
-11
-10
-7
-2
2
3
2
1
1
1
1
0
-1
0
1
0
-2
-5
-7
-9
-11
-13
-12
-8
-3
1
4
6
9
11
12
13
14
15
14
12
9
8
9
8
4
-1
-2
0
2
-2
-9
-12
-9
-3
0
0
-1
1
5
7
6
4
3
4
5
3
-2
-6
-6
-5
-8
-12
-13
-8
-2
-1
-8
-16
-17
-12
-6
-4
-3
-1
3
6
5
3
2
3
4
2
-3
-7
-8
-9
-10
-13
-13
-11
-7
-2
4
10
16
20
21
18
16
22
45
92
150
190
175
91
-37
-157
-227
-244
-230
-201
-146
-57
42
105
107
61
5
-34
-56
-65
-56
-20
44
124
200
242
221
137
22
-70
-107
-96
-74
-66
-67
-53
-20
18
42
49
44
28
-5
-51
-89
-98
-85
-74
-80
-91
-90
-83
-89
-105
-103
-62
-7
14
-15
-57
-64
-35
-11
-17
-35
-29
6
40
45
28
20
32
46
42
21
2
2
18
39
55
64
66
61
52
43
39
36
31
25
21
23
32
45
52
46
28
6
-8
-10
-4
-1
-9
-24
-36
-38
-32
-26
-23
-22
-19
-17
-15
-14
-12
-9
-9
-11
-6
10
32
48
51
45
44
50
59
60
52
42
33
32
38
46
49
47
46
51
58
57
50
41
36
32
26
23
28
38
45
43
35
29
26
24
21
17
15
13
11
10
10
8
1
-11
-23
-32
-38
-45
-55
-65
-69
-69
-67
-65
-65
-67
-73
-85
-101
-122
-147
-171
-189
-196
-193
-182
-167
-149
-134
-123
-119
-116
-113
-109
-102
-89
-65
-29
18
67
109
140
162
183
201
210
210
210
218
232
244
250
257
265
271
269
256
237
209
173
134
103
84
72
54
28
-1
-27
-48
-68
-91
-118
-146
-168
-182
-191
-200
-208
-211
-207
-202
-205
-219
-240
-263
-284
-299
-304
-298
-283
-264
-244
-221
-193
-166
-148
-143
-146
-150
-148
-142
-133
-121
-102
-74
-37
4
42
73
102
142
211
308
411
491
529
535
534
545
557
544
500
444
403
382
360
324
279
238
192
121
26
-67
-133
-186
-255
-337
-389
-382
-338
-304
-294
-280
-240
-190
-163
-161
-159
-145
-128
-114
-89
-44
3
25
24
29
48
53
15
-53
-112
-145
-172
-214
-257
-275
-269
-264
-277
-297
-306
-307
-315
-332
-340
-331
-309
-286
-261
-226
-177
-111
-14
129
313
494
611
644
635
648
700
745
726
650
580
560
575
580
556
517
464
375
241
93
-31
-133
-247
-378
-485
-529
-526
-519
-525
-517
-472
-406
-354
-319
-276
-216
-162
-129
-91
-14
88
169
204
226
266
308
308
254
179
115
57
-11
-85
-144
-188
-234
-292
-353
-400
-434
-469
-514
-562
-597
-612
-608
-592
-573
-550
-517
-468
-402
-310
-166
56
326
562
695
748
811
930
1044
1053
947
822
769
786
803
778
733
694
641
533
375
218
88
-47
-228
-429
-587
-671
-715
-756
-780
-755
-693
-639
-608
-568
-492
-394
-306
-215
-82
99
274
384
428
452
489
518
501
429
336
255
193
131
57
-18
-83
-144
-220
-315
-412
-503
-598
-705
-810
-880
-909
-916
-922
-919
-885
-809
-710
-616
-544
-480
-386
-212
54
367
637
802
895
1009
1186
1347
1376
1261
1124
1079
1113
1124
1061
972
912
854
739
569
404
259
71
-206
-512
-740
-867
-963
-1080
-1168
-1158
-1068
-988
-954
-909
-800
-663
-555
-451
-266
22
324
537
655
744
840
902
879
776
643
520
406
293
179
76
-14
-96
-182
-283
-402
-528
-649
-766
-888
-1016
-1133
-1218
-1254
-1237
-1167
-1059
-934
-815
-713
-630
-553
-450
-267
23
381
705
930
1090
1282
1541
1774
1857
1777
1651
1595
1605
1582
1475
1336
1233
1145
1005
800
585
386
147
-191
-588
-947
-1227
-1471
-1716
-1916
-2003
-1975
-1889
-1771
-1591
-1325
-1017
-736
-493
-251
9
254
463
663
894
1131
1304
1376
1389
1394
1384
1302
1123
873
586
255
-131
-540
-906
-1203
-1461
-1710
-1933
-2097
-2204
-2291
-2391
-2483
-2542
-2562
-2576
-2594
-2586
-2487
-2260
-1907
-1443
-843
-58
902
1909
2783
3431
3897
4254
4476
4473
4241
3922
3664
3501
3370
3247
3167
3131
3039
2790
2380
1881
1307
589
-315
-1305
-2198
-2883
-3377
-3729
-3918
-3909
-3742
-3507
-3219
-2819
-2301
-1790
-1408
-1132
-817
-387
84
486
816
1159
1559
1956
2245
2381
2374
2255
2024
1684
1250
755
218
-331
-849
-1287
-1633
-1900
-2104
-2256
-2375
-2482
-2565
-2617
-2676
-2810
-3005
-3161
-3193
-3128
-3018
-2847
-2518
-1956
-1141
-109
1043
2143
3037
3697
4206
4607
4820
4742
4409
4012
3717
3544
3404
3268
3179
3155
3091
2870
2481
2001
1444
719
-208
-1211
-2085
-2750
-3268
-3694
-3966
-3999
-3806
-3493
-3135
-2733
-2286
-1840
-1428
-1025
-584
-134
252
555
847
1185
1520
1761
1886
1959
2008
1988
1832
1549
1185
778
330
-145
-625
-1097
-1545
-1930
-2220
-2433
-2621
-2798
-2910
-2915
-2840
-2775
-2763
-2778
-2764
-2720
-2663
-2575
-2363
-1918
-1184
-204
891
1935
2812
3527
4161
4725
5074
5035
4630
4115
3745
3552
3375
3129
2892
2772
2724
2616
2385
2062
1634
1002
131
-845
-1724
-2441
-3054
-3585
-3932
-4019
-3906
-3710
-3432
-2998
-2419
-1830
-1326
-854
-336
177
563
806
1022
1303
1603
1833
1967
2045
2067
1998
1828
1607
1353
1032
600
86
-443
-945
-1420
-1851
-2200
-2445
-2606
-2721
-2804
-2864
-2910
-2953
-2976
-2963
-2905
-2825
-2734
-2622
-2441
-2124
-1590
-786
249
1357
2348
3135
3773
4341
4797
5005
4884
4527
4112
3754
3450
3189
2993
2872
2749
2549
2285
2035
1778
1371
703
-165
-1065
-1901
-2662
-3326
-3803
-4047
-4103
-4040
-3835
-3423
-2822
-2167
-1579
-1055
-519
38
525
863
1070
1230
1392
1552
1689
1799
1868
1870
1790
1664
1511
1298
950
459
-94
-611
-1080
-1546
-2010
-2405
-2684
-2873
-3018
-3109
-3095
-2985
-2844
-2733
-2644
-2563
-2499
-2465
-2402
-2205
-1792
-1144
-288
702
1697
2573
3311
3981
4588
4983
5004
4690
4259
3893
3583
3254
2918
2658
2471
2289
2100
1983
1918
1705
1154
325
-532
-1264
-1934
-2640
-3315
-3795
-4014
-4040
-3920
-3597
-3030
-2324
-1653
-1082
-540
16
498
790
910
977
1056
1112
1121
1144
1237
1368
1448
1454
1414
1328
1143
823
386
-121
-666
-1220
-1748
-2222
-2633
-2953
-3125
-3114
-2956
-2751
-2570
-2423
-2284
-2166
-2089
-2061
-2037
-1954
-1719
-1242
-492
446
1407
2273
3048
3776
4410
4800
4834
4569
4187
3821
3465
3068
2653
2326
2135
2028
1917
1777
1614
1385
1008
460
-185
-847
-1521
-2234
-2933
-3503
-3857
-3996
-3932
-3646
-3137
-2487
-1813
-1168
-536
66
557
871
1032
1117
1166
1184
1185
1219
1292
1352
1337
1277
1244
1242
1156
874
412
-104
-579
-1024
-1492
-1979
-2422
-2754
-2945
-3004
-2973
-2901
-2802
-2658
-2462
-2279
-2173
-2142
-2094
-1945
-1656
-1212
-579
237
1135
1978
2717
3406
4067
4588
4811
4705
4401
4072
3786
3516
3207
2850
2469
2132
1915
1847
1831
1694
1317
736
80
-571
-1231
-1929
-2610
-3181
-3581
-3808
-3849
-3672
-3284
-2766
-2207
-1632
-1018
-382
202
663
990
1200
1305
1328
1322
1341
1369
1347
1252
1154
1125
1149
1116
939
611
193
-260
-721
-1180
-1635
-2083
-2501
-2828
-3000
-3005
-2915
-2815
-2732
-2611
-2426
-2224
-2093
-2040
-1988
-1834
-1509
-969
-209
688
1556
2288
2931
3591
4234
4658
4713
4483
4192
3950
3677
3286
2855
2534
2367
2246
2078
1864
1633
1334
901
359
-203
-756
-1362
-2040
-2705
-3243
-3617
-3828
-3837
-3592
-3141
-2618
-2109
-1571
-938
-250
363
811
1098
1260
1322
1313
1288
1264
1198
1049
885
820
881
946
879
658
365
53
-303
-736
-1210
-1654
-2054
-2439
-2792
-3021
-3068
-2992
-2907
-2827
-2678
-2433
-2187
-2022
-1906
-1720
-1392
-913
-300
411
1136
1790
2381
2982
3604
4126
4401
4407
4264
4092
3903
3634
3272
2873
2510
2198
1933
1723
1556
1351
1012
536
16
-487
-1021
-1634
-2272
-2807
-3178
-3408
-3519
-3470
-3230
-2841
-2372
-1831
-1192
-489
151
619
918
1116
1232
1222
1093
954
916
947
940
861
799
816
851
787
587
294
-50
-445
-887
-1352
-1807
-2216
-2548
-2780
-2913
-2938
-2849
-2664
-2458
-2280
-2113
-1904
-1666
-1466
-1315
-1099
-680
-42
679
1348
1957
2583
3247
3844
4236
4382
4351
4214
3979
3628
3206
2801
2469
2183
1910
1669
1501
1360
1122
708
189
-295
-711
-1162
-1743
-2382
-2927
-3303
-3543
-3651
-3555
-3208
-2697
-2145
-1587
-976
-304
344
856
1167
1286
1275
1224
1187
1160
1097
987
852
732
638
575
528
455
293
12
-350
-717
-1058
-1413
-1830
-2278
-2646
-2844
-2883
-2846
-2778
-2654
-2430
-2134
-1841
-1614
-1451
-1299
-1067
-677
-105
567
1212
1770
2299
2891
3522
4037
4290
4284
4144
3964
3728
3416
3083
2805
2555
2244
1873
1565
1384
1210
874
371
-149
-590
-1013
-1518
-2079
-2585
-2968
-3245
-3401
-3362
-3084
-2652
-2201
-1763
-1254
-630
12
515
819
987
1078
1094
1040
977
955
953
904
816
758
765
764
668
459
180
-152
-544
-975
-1387
-1759
-2118
-2462
-2710
-2784
-2707
-2575
-2450
-2310
-2134
-1944
-1792
-1681
-1566
-1369
-1033
-536
78
722
1326
1896
2488
3110
3665
4013
4101
4007
3853
3678
3445
3125
2761
2414
2114
1854
1644
1480
1309
1036
621
129
-354
-814
-1311
-1863
-2408
-2864
-3209
-3436
-3495
-3320
-2928
-2430
-1926
-1415
-849
-251
274
636
839
948
1006
1009
945
822
685
586
567
612
661
655
593
493
340
83
-291
-728
-1157
-1564
-1971
-2361
-2650
-2759
-2705
-2579
-2460
-2343
-2183
-1956
-1701
-1477
-1315
-1181
-984
-620
-61
610
1262
1837
2393
2992
3579
3996
4147
4093
3977
3854
3664
3347
2948
2564
2249
1985
1757
1563
1378
1132
781
356
-84
-538
-1057
-1646
-2231
-2726
-3099
-3326
-3366
-3193
-2871
-2495
-2090
-1587
-957
-291
257
617
835
992
1108
1147
1089
957
809
686
617
605
639
677
672
588
421
178
-133
-513
-958
-1433
-1878
-2237
-2484
-2620
-2659
-2619
-2525
-2393
-2231
-2025
-1780
-1534
-1345
-1223
-1098
-836
-356
292
961
1539
2049
2596
3214
3783
4126
4168
4009
3802
3617
3410
3137
2811
2470
2110
1733
1401
1188
1048
829
444
-32
-474
-879
-1347
-1916
-2487
-2938
-3224
-3363
-3343
-3128
-2725
-2216
-1683
-1152
-606
-64
401
714
868
927
957
969
928
819
679
588
582
635
671
651
578
465
285
5
-377
-812
-1255
-1678
-2056
-2358
-2556
-2649
-2639
-2526
-2330
-2120
-1955
-1834
-1697
-1521
-1343
-1197
-1014
-666
-94
608
1286
1871
2419
2994
3553
3970
4154
4119
3947
3713
3458
3206
2944
2627
2223
1788
1444
1265
1172
1004
671
226
-232
-683
-1175
-1721
-2245
-2673
-2995
-3223
-3301
-3152
-2789
-2339
-1894
-1420
-849
-230
285
595
746
845
932
970
921
806
676
578
536
558
619
670
655
548
339
31
-352
-759
-1149
-1520
-1889
-2239
-2505
-2633
-2625
-2536
-2416
-2276
-2094
-1869
-1626
-1413
-1253
-1127
-964
-668
-180
451
1095
1652
2151
2690
3278
3777
4030
4024
3873
3687
3479
3230
2944
2647
2322
1949
1566
1274
1113
1002
797
432
-41
-541
-1033
-1527
-2015
-2465
-2843
-3125
-3263
-3204
-2942
-2544
-2089
-1596
-1040
-438
122
550
827
982
1031
991
919
892
906
879
772
665
652
710
710
574
342
91
-167
-474
-853
-1272
-1677
-2028
-2296
-2464
-2524
-2499
-2422
-2321
-2190
-2026
-1823
-1607
-1407
-1248
-1099
-880
-501
54
707
1345
1919
2472
3051
3607
3999
4128
4032
3842
3630
3378
3049
2680
2339
2054
1807
1596
1430
1277
1049
685
224
-256
-717
-1188
-1687
-2192
-2655
-3039
-3277
-3295
-3076
-2709
-2300
-1873
-1371
-773
-155
370
741
964
1067
1075
1013
913
793
673
579
554
591
637
634
574
475
328
84
-270
-685
-1095
-1484
-1867
-2233
-2518
-2660
-2660
-2560
-2404
-2218
-2036
-1882
-1754
-1615
-1455
-1296
-1141
-906
-491
111
781
1406
1984
2581
3195
3721
4047
4145
4062
3845
3525
3138
2751
2412
2130
1877
1649
1457
1298
1119
853
475
28
-434
-906
-1416
-1966
-2493
-2926
-3240
-3431
-3448
-3228
-2799
-2291
-1800
-1295
-703
-59
487
821
970
1044
1105
1130
1068
926
768
676
667
701
719
699
634
508
283
-50
-445
-833
-1195
-1572
-1988
-2376
-2619
-2668
-2593
-2506
-2432
-2310
-2085
-1808
-1583
-1468
-1423
-1365
-1210
-900
-403
249
955
1602
2160
2688
3243
3770
4128
4231
4127
3929
3690
3393
3043
2693
2362
2015
1637
1313
1122
1016
839
494
36
-435
-890
-1382
-1924
-2448
-2868
-3150
-3296
-3295
-3118
-2760
-2265
-1704
-1135
-587
-69
392
747
955
1037
1061
1067
1038
941
807
708
696
747
801
799
713
539
293
-15
-378
-791
-1229
-1652
-2024
-2323
-2529
-2615
-2580
-2465
-2334
-2214
-2085
-1902
-1667
-1431
-1256
-1146
-1027
-777
-318
317
997
1609
2149
2695
3269
3772
4064
4105
3976
3766
3497
3161
2800
2472
2179
1860
1507
1199
1014
905
721
367
-108
-587
-1028
-1479
-1985
-2498
-2927
-3215
-3351
-3312
-3069
-2648
-2145
-1638
-1121
-555
29
526
859
1045
1148
1195
1180
1101
984
849
715
620
613
673
711
635
438
168
-147
-512
-919
-1325
-1694
-2025
-2318
-2538
-2630
-2581
-2441
-2280
-2130
-1968
-1770
-1542
-1331
-1177
-1067
-915
-616
-118
508
1128
1661
2154
2703
3302
3801
4046
4028
3865
3664
3419
3104
2747
2419
2125
1814
1475
1185
992
830
582
212
-214
-636
-1070
-1559
-2079
-2556
-2925
-3170
-3275
-3211
-2957
-2557
-2086
-1585
-1038
-437
147
607
897
1058
1149
1182
1139
1031
894
764
659
606
617
667
687
623
462
219
-94
-470
-888
-1323
-1754
-2149
-2454
-2621
-2650
-2597
-2498
-2340
-2104
-1838
-1623
-1501
-1429
-1351
-1233
-1056
-766
-314
280
922
1530
2109
2703
3299
3796
4090
4156
4041
3792
3442
3037
2660
2358
2099
1808
1472
1164
955
810
613
280
-162
-625
-1063
-1501
-1973
-2446
-2856
-3147
-3295
-3263
-3030
-2634
-2163
-1669
-1133
-536
57
540
859
1049
1158
1194
1145
1025
877
742
653
621
643
680
684
620
479
261
-34
-396
-791
-1185
-1566
-1933
-2262
-2499
-2603
-2572
-2453
-2301
-2149
-1987
-1796
-1574
-1362
-1201
-1086
-944
-685
-263
290
896
1488
2050
2605
3165
3675
4026
4137
4032
3817
3572
3301
2964
2558
2122
1711
1363
1108
935
782
561
236
-157
-566
-984
-1443
-1941
-2423
-2818
-3088
-3218
-3192
-2994
-2641
-2182
-1658
-1091
-506
51
526
889
1130
1237
1211
1090
947
833
742
639
543
509
560
623
598
451
225
-38
-352
-742
-1185
-1623
-2009
-2322
-2542
-2645
-2626
-2507
-2321
-2097
-1865
-1643
-1438
-1250
-1097
-992
-900
-714
-340
216
833
1400
1914
2454
3043
3584
3941
4060
3991
3795
3505
3150
2783
2443
2116
1771
1428
1142
935
748
498
153
-242
-625
-984
-1365
-1816
-2304
-2743
-3044
-3176
-3140
-2951
-2637
-2238
-1773
-1231
-624
-29
452
782
1002
1160
1243
1218
1102
966
847
736
626
561
575
629
628
515
299
13
-335
-737
-1156
-1545
-1895
-2215
-2479
-2632
-2638
-2530
-2360
-2158
-1922
-1675
-1454
-1284
-1149
-1022
-865
-634
-275
230
833
1438
1978
2469
2970
3475
3875
4045
3980
3792
3578
3329
2988
2569
2149
1789
1470
1167
892
663
433
130
-248
-636
-992
-1362
-1792
-2260
-2692
-3034
-3245
-3263
-3041
-2628
-2148
-1678
-1174
-575
70
613
954
1126
1210
1234
1173
1040
899
794
698
594
520
536
604
613
481
231
-69
-391
-755
-1159
-1567
-1943
-2261
-2492
-2603
-2590
-2496
-2373
-2231
-2052
-1828
-1591
-1386
-1234
-1103
-932
-653
-235
301
889
1464
2010
2550
3082
3537
3835
3951
3925
3793
3564
3250
2897
2539
2169
1762
1358
1031
811
635
409
98
-265
-629
-997
-1396
-1840
-2290
-2690
-2987
-3146
-3133
-2935
-2585
-2147
-1663
-1130
-543
55
583
972
1195
1258
1191
1056
920
816
720
615
530
522
578
617
559
402
176
-105
-443
-818
-1192
-1554
-1912
-2244
-2484
-2580
-2542
-2423
-2256
-2047
-1804
-1567
-1373
-1227
-1086
-912
-681
-376
29
532
1086
1632
2160
2696
3223
3650
3879
3914
3842
3730
3547
3240
2828
2397
1993
1609
1244
946
734
534
248
-135
-539
-908
-1262
-1647
-2056
-2436
-2740
-2950
-3041
-2981
-2754
-2388
-1936
-1433
-896
-351
156
580
903
1121
1235
1253
1196
1096
963
795
599
421
306
273
285
274
167
-57
-363
-691
-1015
-1354
-1715
-2052
-2300
-2437
-2479
-2457
-2385
-2275
-2126
-1943
-1736
-1531
-1336
-1132
-888
-575
-163
351
923
1463
1925
2360
2844
3346
3717
3842
3766
3636
3519
3341
3012
2567
2130
1780
1483
1185
888
623
378
97
-253
-653
-1062
-1466
-1855
-2218
-2544
-2829
-3023
-3041
-2828
-2436
-1989
-1556
-1098
-555
41
564
905
1062
1116
1135
1118
1042
916
789
691
615
541
475
426
381
293
127
-122
-434
-789
-1166
-1541
-1884
-2162
-2356
-2456
-2471
-2410
-2290
-2116
-1902
-1670
-1458
-1289
-1150
-986
-738
-366
121
676
1235
1761
2254
2738
3203
3585
3809
3849
3758
3605
3407
3123
2733
2287
1877
1541
1251
972
706
458
199
-122
-527
-976
-1412
-1797
-2141
-2472
-2796
-3043
-3114
-2952
-2608
-2185
-1752
-1295
-770
-185
376
803
1046
1141
1168
1164
1118
1013
877
753
664
595
535
469
388
275
114
-115
-414
-755
-1096
-1426
-1759
-2079
-2323
-2434
-2436
-2389
-2317
-2183
-1970
-1719
-1500
-1329
-1176
-999
-774
-469
-51
475
1039
1571
2068
2575
3094
3536
3803
3878
3821
3670
3421
3081
2718
2400
2112
1780
1394
1043
805
623
369
0
-401
-761
-1116
-1532
-1989
-2391
-2682
-2868
-2951
-2891
-2665
-2311
-1890
-1419
-886
-319
204
616
901
1068
1119
1058
928
796
702
629
555
478
421
383
341
264
133
-67
-336
-647
-962
-1270
-1594
-1933
-2222
-2373
-2373
-2298
-2229
-2163
-2048
-1858
-1634
-1419
-1222
-1021
-792
-496
-86
439
1008
1534
2003
2475
2973
3423
3706
3777
3694
3545
3370
3151
2876
2548
2185
1796
1408
1065
801
592
366
63
-326
-760
-1192
-1592
-1958
-2294
-2603
-2852
-2976
-2916
-2680
-2329
-1916
-1446
-914
-361
136
529
825
1038
1149
1132
1015
873
764
681
602
521
460
419
371
286
154
-32
-286
-610
-971
-1327
-1657
-1959
-2219
-2392
-2454
-2428
-2359
-2252
-2087
-1867
-1642
-1443
-1258
-1049
-803
-511
-136
358
929
1475
1944
2393
2888
3378
3708
3785
3673
3501
3318
3085
2786
2466
2160
1836
1466
1107
841
653
428
92
-312
-697
-1051
-1416
-1808
-2187
-2518
-2771
-2901
-2850
-2625
-2299
-1939
-1539
-1059
-512
15
445
772
1020
1181
1218
1134
991
859
758
670
585
522
474
409
285
101
-119
-364
-647
-965
-1284
-1575
-1844
-2104
-2312
-2406
-2368
-2260
-2146
-2033
-1887
-1703
-1499
-1291
-1073
-831
-538
-155
345
917
1469
1949
2401
2878
3335
3646
3741
3678
3550
3376
3105
2752
2408
2135
1872
1539
1164
867
685
498
178
-264
-703
-1072
-1412
-1782
-2161
-2489
-2738
-2901
-2930
-2767
-2424
-1995
-1554
-1085
-547
19
491
794
957
1058
1127
1137
1064
939
807
702
627
570
502
401
260
94
-94
-318
-592
-901
-1220
-1537
-1846
-2118
-2297
-2361
-2337
-2273
-2175
-2022
-1810
-1582
-1381
-1221
-1075
-906
-670
-320
170
754
1330
1831
2287
2764
3251
3641
3834
3837
3716
3513
3220
2859
2503
2207
1944
1657
1339
1039
781
520
206
-162
-545
-934
-1338
-1747
-2123
-2451
-2742
-2974
-3051
-2893
-2527
-2074
-1618
-1141
-601
-33
465
830
1066
1198
1225
1149
1010
873
764
679
599
530
470
411
332
215
42
-201
-511
-853
-1188
-1509
-1828
-2134
-2368
-2476
-2463
-2382
-2264
-2102
-1884
-1647
-1440
-1276
-1119
-934
-696
-376
66
616
1186
1690
2141
2622
3142
3583
3809
3817
3704
3543
3311
2995
2645
2328
2024
1666
1260
914
698
538
287
-109
-566
-978
-1333
-1684
-2052
-2400
-2678
-2864
-2928
-2832
-2567
-2180
-1733
-1247
-705
-129
405
818
1090
1240
1280
1217
1080
929
809
721
638
557
492
445
383
271
98
-128
-404
-728
-1081
-1433
-1772
-2090
-2357
-2521
-2551
-2478
-2344
-2166
-1939
-1695
-1484
-1323
-1163
-959
-702
-403
-28
459
1029
1586
2075
2531
2996
3422
3702
3789
3736
3607
3401
3104
2753
2421
2123
1816
1471
1139
881
671
411
54
-342
-700
-1035
-1425
-1889
-2346
-2688
-2887
-2959
-2900
-2673
-2296
-1845
-1383
-892
-339
234
715
1028
1196
1276
1298
1259
1173
1058
915
735
565
473
470
469
380
201
-13
-249
-548
-922
-1309
-1652
-1956
-2234
-2452
-2551
-2529
-2432
-2293
-2108
-1886
-1656
-1447
-1249
-1041
-800
-503
-121
354
886
1413
1896
2358
2841
3330
3718
3893
3841
3671
3490
3306
3042
2667
2237
1834
1484
1173
894
647
393
82
-281
-644
-991
-1373
-1809
-2240
-2579
-2808
-2945
-2968
-2818
-2498
-2080
-1622
-1113
-534
62
569
916
1116
1223
1277
1283
1240
1140
980
770
561
410
344
330
309
226
56
-201
-522
-869
-1211
-1543
-1870
-2183
-2446
-2610
-2653
-2583
-2433
-2232
-2014
-1796
-1578
-1345
-1109
-888
-669
-372
78
653
1226
1713
2160
2662
3204
3643
3858
3867
3768
3597
3326
2964
2602
2306
2032
1689
1288
943
717
517
214
-196
-595
-912
-1216
-1587
-2008
-2377
-2646
-2838
-2951
-2911
-2664
-2261
-1807
-1341
-820
-226
358
804
1065
1191
1247
1241
1157
1016
875
766
680
598
530
476
417
315
154
-67
-342
-668
-1025
-1390
-1747
-2083
-2366
-2547
-2598
-2537
-2411
-2257
-2082
-1866
-1603
-1315
-1054
-846
-660
-413
-34
475
1026
1522
1951
2385
2874
3352
3688
3818
3797
3700
3538
3284
2958
2611
2260
1878
1461
1060
737
495
274
7
-341
-745
-1157
-1527
-1844
-2127
-2408
-2678
-2873
-2891
-2688
-2315
-1877
-1425
-943
-414
114
566
908
1146
1279
1290
1198
1065
939
805
635
448
315
265
249
192
62
-130
-371
-654
-960
-1269
-1573
-1877
-2159
-2363
-2453
-2440
-2373
-2270
-2128
-1938
-1713
-1463
-1202
-944
-695
-411
-16
522
1129
1690
2158
2590
3035
3440
3698
3767
3709
3585
3392
3106
2771
2450
2152
1816
1431
1070
809
605
341
-30
-439
-806
-1143
-1509
-1911
-2284
-2575
-2772
-2867
-2820
-2605
-2249
-1820
-1356
-856
-318
221
691
1036
1243
1334
1343
1299
1208
1062
860
643
471
387
366
345
266
121
-71
-294
-549
-846
-1186
-1563
-1950
-2298
-2546
-2653
-2633
-2543
-2425
-2285
-2089
-1826
-1519
-1233
-1011
-847
-667
-384
42
569
1118
1633
2114
2594
3084
3539
3859
3965
3857
3625
3365
3112
2828
2476
2058
1622
1217
878
604
362
103
-208
-567
-943
-1307
-1650
-1975
-2287
-2568
-2775
-2845
-2738
-2470
-2105
-1694
-1240
-734
-203
288
682
968
1151
1217
1162
1022
880
786
717
601
427
257
171
154
105
-70
-357
-663
-920
-1151
-1420
-1740
-2052
-2282
-2402
-2429
-2389
-2303
-2192
-2055
-1874
-1626
-1328
-1023
-740
-449
-84
392
937
1460
1906
2306
2723
3155
3512
3694
3685
3548
3360
3160
2950
2700
2384
1992
1575
1204
914
664
391
69
-280
-636
-1014
-1415
-1807
-2141
-2407
-2616
-2750
-2738
-2534
-2178
-1766
-1350
-915
-444
26
431
746
984
1147
1211
1174
1082
983
867
707
516
365
291
257
191
59
-138
-390
-692
-1012
-1312
-1587
-1860
-2124
-2322
-2401
-2369
-2278
-2150
-1977
-1762
-1545
-1356
-1180
-973
-709
-368
66
583
1117
1594
2006
2413
2856
3275
3565
3677
3646
3515
3297
2998
2669
2353
2043
1700
1337
1015
771
554
287
-48
-403
-742
-1087
-1462
-1848
-2182
-2437
-2616
-2716
-2686
-2486
-2137
-1706
-1235
-735
-221
254
642
929
1110
1180
1143
1044
922
785
616
440
313
263
250
213
119
-28
-228
-489
-797
-1119
-1426
-1721
-2004
-2244
-2390
-2428
-2387
-2306
-2191
-2034
-1835
-1610
-1369
-1112
-833
-527
-172
255
744
1239
1691
2112
2547
2986
3344
3540
3580
3530
3415
3213
2923
2604
2301
1992
1636
1259
936
689
453
160
-186
-541
-888
-1251
-1622
-1962
-2232
-2431
-2552
-2561
-2423
-2155
-1813
-1431
-996
-498
25
492
827
1014
1096
1133
1142
1093
957
756
541
367
248
170
89
-28
-186
-365
-559
-788
-1059
-1343
-1602
-1832
-2051
-2245
-2360
-2363
-2276
-2158
-2036
-1889
-1682
-1419
-1134
-859
-577
-243
185
692
1215
1694
2121
2533
2946
3303
3515
3546
3440
3280
3100
2890
2627
2311
1953
1578
1229
948
722
481
172
-184
-531
-861
-1217
-1615
-1990
-2267
-2433
-2528
-2555
-2469
-2234
-1887
-1487
-1054
-577
-72
400
779
1033
1158
1160
1078
964
854
727
567
399
286
234
185
68
-115
-316
-512
-732
-1002
-1304
-1593
-1843
-2051
-2213
-2308
-2316
-2248
-2134
-2003
-1852
-1672
-1455
-1218
-969
-702
-387
4
473
979
1474
1937
2387
2841
3264
3567
3677
3612
3463
3306
3124
2855
2478
2055
1650
1298
1002
760
535
267
-70
-435
-774
-1103
-1464
-1853
-2199
-2451
-2609
-2683
-2626
-2391
-2004
-1559
-1116
-660
-161
349
778
1053
1171
1180
1133
1059
950
795
607
442
336
275
200
80
-76
-251
-464
-735
-1047
-1348
-1609
-1844
-2074
-2276
-2395
-2404
-2322
-2199
-2063
-1915
-1732
-1506
-1247
-990
-746
-485
-138
328
867
1388
1844
2269
2710
3143
3477
3643
3648
3541
3345
3068
2738
2415
2113
1790
1406
1007
689
482
294
14
-362
-747
-1077
-1378
-1698
-2031
-2312
-2495
-2566
-2520
-2343
-2041
-1645
-1194
-709
-218
236
612
891
1066
1124
1065
941
825
741
647
504
346
230
163
85
-50
-241
-463
-714
-1005
-1322
-1626
-1886
-2098
-2260
-2352
-2356
-2292
-2199
-2094
-1935
-1689
-1395
-1140
-952
-770
-501
-114
359
866
1364
1830
2269
2705
3126
3477
3690
3745
3655
3444
3144
2811
2484
2149
1760
1335
961
707
524
299
-20
-382
-717
-1034
-1375
-1741
-2069
-2322
-2505
-2615
-2587
-2362
-1974
-1533
-1114
-698
-237
251
676
959
1088
1105
1062
993
902
776
608
434
304
244
214
152
20
-171
-406
-681
-992
-1320
-1639
-1938
-2210
-2423
-2528
-2503
-2378
-2211
-2032
-1844
-1641
-1435
-1232
-1027
-798
-521
-176
256
770
1320
1846
2323
2780
3234
3618
3827
3823
3674
3472
3236
2924
2526
2090
1674
1291
936
620
356
124
-121
-398
-689
-980
-1294
-1649
-2018
-2329
-2538
-2635
-2611
-2426
-2076
-1630
-1186
-756
-279
256
743
1052
1173
1198
1194
1126
959
737
551
425
316
199
105
46
-32
-196
-450
-752
-1069
-1386
-1683
-1940
-2159
-2339
-2453
-2460
-2356
-2173
-1954
-1730
-1527
-1349
-1179
-980
-736
-440
-83
348
838
1341
1823
2295
2783
3263
3647
3838
3828
3690
3498
3256
2931
2524
2094
1682
1298
947
657
425
187
-116
-467
-799
-1088
-1376
-1695
-2008
-2253
-2404
-2476
-2456
-2305
-2005
-1599
-1142
-663
-169
302
691
955
1094
1131
1093
1010
906
794
660
503
345
219
130
42
-91
-288
-542
-829
-1134
-1436
-1716
-1961
-2170
-2340
-2443
-2448
-2344
-2160
-1938
-1716
-1515
-1344
-1176
-974
-717
-411
-48
394
914
1450
1931
2358
2793
3254
3646
3842
3808
3631
3407
3148
2812
2399
1964
1559
1195
876
621
425
221
-68
-433
-790
-1081
-1355
-1684
-2062
-2387
-2571
-2596
-2489
-2261
-1913
-1476
-997
-507
-15
441
790
984
1051
1061
1052
1001
888
728
559
399
259
148
71
-13
-164
-401
-682
-958
-1225
-1505
-1794
-2051
-2244
-2363
-2411
-2381
-2279
-2122
-1932
-1708
-1454
-1192
-961
-762
-559
-294
64
510
1011
1522
2011
2476
2934
3363
3684
3813
3749
3568
3348
3090
2755
2340
1903
1498
1140
815
526
279
54
-190
-478
-797
-1124
-1443
-1747
-2023
-2248
-2389
-2411
-2293
-2049
-1716
-1329
-907
-457
10
454
818
1046
1115
1053
923
799
714
650
551
393
213
73
-25
-139
-330
-586
-862
-1125
-1379
-1625
-1852
-2050
-2219
-2351
-2410
-2365
-2218
-2017
-1805
-1602
-1397
-1191
-987
-779
-522
-168
289
798
1299
1774
2235
2695
3131
3495
3734
3814
3732
3520
3222
2873
2489
2081
1661
1253
889
598
379
187
-42
-332
-643
-933
-1211
-1518
-1846
-2126
-2298
-2358
-2311
-2136
-1815
-1393
-949
-521
-88
354
745
1013
1131
1133
1066
970
869
768
640
467
273
121
33
-47
-201
-447
-730
-999
-1259
-1534
-1809
-2044
-2212
-2318
-2354
-2311
-2206
-2083
-1948
-1766
-1517
-1256
-1037
-844
-601
-257
176
660
1163
1658
2124
2574
3031
3471
3790
3894
3787
3572
3332
3060
2709
2280
1826
1400
1022
705
457
254
36
-243
-566
-883
-1167
-1450
-1754
-2055
-2284
-2398
-2391
-2267
-2011
-1629
-1177
-724
-293
139
568
931
1153
1221
1174
1074
963
859
732
552
329
137
25
-44
-167
-382
-650
-919
-1186
-1473
-1762
-2014
-2204
-2346
-2438
-2455
-2376
-2228
-2053
-1868
-1649
-1392
-1123
-879
-655
-406
-76
351
848
1361
1851
2317
2784
3243
3623
3836
3844
3697
3463
3171
2815
2407
1981
1565
1157
771
448
219
49
-149
-420
-735
-1041
-1335
-1642
-1953
-2203
-2340
-2369
-2305
-2119
-1772
-1290
-776
-309
104
480
792
989
1060
1036
954
830
678
517
363
214
74
-53
-168
-287
-423
-593
-809
-1074
-1367
-1652
-1904
-2116
-2291
-2406
-2437
-2378
-2258
-2101
-1899
-1628
-1303
-985
-735
-534
-294
64
531
1019
1455
1846
2255
2707
3149
3482
3642
3633
3501
3284
3005
2676
2315
1942
1565
1185
820
492
216
-34
-299
-596
-904
-1182
-1415
-1609
-1783
-1939
-2065
-2121
-2053
-1827
-1463
-1030
-601
-212
149
494
798
1000
1060
1004
903
799
689
550
397
253
122
-12
-147
-270
-390
-549
-783
-1082
-1399
-1679
-1896
-2049
-2161
-2253
-2318
-2301
-2165
-1932
-1687
-1479
-1293
-1091
-864
-616
-322
56
511
991
1451
1885
2314
2742
3138
3439
3594
3589
3461
3253
2983
2647
2260
1852
1452
1067
709
407
176
-25
-260
-546
-845
-1115
-1366
-1616
-1850
-2024
-2122
-2145
-2063
-1817
-1414
-958
-563
-235
103
483
829
1041
1106
1080
1003
869
695
525
393
269
117
-51
-185
-284
-404
-597
-862
-1160
-1456
-1719
-1920
-2058
-2169
-2275
-2336
-2277
-2088
-1842
-1624
-1436
-1236
-1000
-758
-528
-269
81
529
1018
1479
1899
2308
2729
3136
3455
3612
3582
3405
3151
2875
2581
2245
1848
1412
991
644
389
188
-23
-290
-600
-905
-1164
-1380
-1567
-1740
-1888
-1994
-2023
-1930
-1689
-1330
-930
-556
-221
106
432
710
874
897
814
701
612
557
495
388
229
55
-102
-235
-367
-515
-696
-923
-1196
-1478
-1715
-1876
-1975
-2051
-2112
-2126
-2042
-1864
-1644
-1448
-1279
-1107
-906
-691
-461
-177
206
668
1128
1531
1903
2301
2716
3070
3288
3349
3263
3048
2746
2426
2126
1823
1468
1074
711
439
252
94
-90
-328
-609
-898
-1151
-1354
-1527
-1700
-1863
-1963
-1934
-1756
-1471
-1151
-834
-509
-153
208
500
676
756
792
789
712
562
404
286
183
36
-146
-306
-409
-504
-651
-859
-1078
-1266
-1420
-1557
-1679
-1770
-1821
-1826
-1793
-1724
-1622
-1480
-1297
-1082
-859
-641
-411
-121
255
694
1127
1503
1831
2159
2509
2834
3045
3088
2986
2813
2630
2443
2224
1946
1613
1255
921
652
459
298
97
-177
-486
-758
-974
-1170
-1392
-1620
-1794
-1868
-1840
-1716
-1501
-1217
-914
-634
-369
-83
221
478
616
624
558
484
431
378
288
145
-27
-186
-304
-388
-466
-565
-691
-838
-996
-1156
-1301
-1424
-1532
-1630
-1709
-1732
-1676
-1542
-1369
-1188
-1011
-821
-596
-316
22
407
808
1189
1535
1856
2173
2476
2717
2836
2815
2687
2515
2335
2152
1946
1702
1421
1130
865
654
479
288
40
-258
-564
-850
-1109
-1341
-1531
-1671
-1766
-1811
-1760
-1570
-1268
-954
-699
-485
-243
37
281
412
424
373
313
268
241
230
207
137
9
-141
-263
-342
-413
-522
-690
-898
-1098
-1242
-1317
-1361
-1421
-1500
-1538
-1474
-1316
-1137
-994
-881
-745
-550
-288
33
397
768
1107
1410
1704
2009
2295
2499
2576
2535
2424
2286
2131
1957
1766
1561
1332
1079
831
627
454
256
-2
-287
-548
-778
-1000
-1215
-1391
-1511
-1586
-1616
-1564
-1398
-1146
-883
-661
-471
-273
-60
133
260
308
298
257
214
190
184
166
105
0
-115
-207
-287
-396
-552
-731
-896
-1038
-1167
-1277
-1346
-1367
-1362
-1346
-1309
-1232
-1119
-986
-835
-655
-443
-203
79
422
811
1183
1489
1745
2005
2270
2465
2509
2404
2222
2030
1842
1654
1468
1288
1090
861
628
450
342
241
67
-202
-512
-797
-1021
-1195
-1339
-1461
-1537
-1531
-1424
-1238
-1020
-808
-607
-416
-238
-87
34
127
189
211
190
153
133
137
122
45
-80
-192
-258
-312
-412
-568
-744
-903
-1038
-1149
-1224
-1254
-1253
-1244
-1219
-1153
-1036
-903
-787
-686
-552
-341
-44
312
685
1041
1358
1633
1885
2123
2320
2422
2386
2222
1984
1740
1534
1368
1208
1024
826
658
541
448
331
163
-50
-298
-565
-817
-1018
-1162
-1272
-1364
-1411
-1368
-1220
-1002
-769
-558
-380
-235
-118
-20
66
128
136
81
0
-45
-34
-5
-14
-74
-156
-224
-275
-333
-427
-566
-732
-884
-986
-1041
-1082
-1133
-1170
-1146
-1042
-901
-782
-704
-623
-483
-261
19
326
648
983
1317
1621
1873
2073
2222
2301
2282
2158
1963
1743
1523
1299
1072
851
653
484
345
230
120
-18
-205
-425
-639
-817
-966
-1104
-1225
-1288
-1266
-1173
-1050
-918
-768
-597
-423
-272
-152
-59
2
19
7
-5
4
14
-5
-61
-129
-183
-216
-252
-311
-393
-487
-584
-685
-789
-885
-949
-975
-977
-981
-985
-960
-876
-736
-572
-410
-244
-45
205
502
819
1124
1392
1618
1815
1994
2136
2195
2137
1979
1777
1578
1389
1195
990
788
603
435
279
138
15
-110
-277
-498
-728
-907
-1011
-1073
-1124
-1155
-1133
-1049
-926
-791
-655
-519
-390
-279
-188
-109
-32
36
70
49
-21
-93
-121
-104
-92
-133
-230
-344
-439
-509
-568
-633
-708
-792
-866
-903
-887
-845
-815
-811
-800
-742
-622
-465
-297
-116
103
380
710
1063
1396
1674
1880
2018
2100
2123
2068
1930
1731
1511
1294
1081
870
677
512
373
242
109
-30
-180
-343
-516
-690
-857
-1002
-1109
-1165
-1177
-1158
-1112
-1023
-885
-717
-553
-414
-305
-232
-195
-181
-164
-133
-113
-132
-181
-218
-216
-199
-211
-271
-354
-436
-507
-574
-634
-676
-697
-700
-697
-691
-687
-673
-637
-574
-501
-435
-367
-260
-79
182
489
801
1092
1359
1613
1852
2048
2159
2157
2045
1862
1648
1427
1207
993
791
603
426
265
132
34
-45
-147
-301
-500
-698
-853
-952
-1024
-1097
-1169
-1200
-1154
-1037
-901
-792
-710
-618
-493
-350
-223
-129
-69
-45
-62
-108
-152
-178
-199
-240
-303
-366
-412
-452
-500
-552
-594
-616
-627
-634
-635
-621
-599
-582
-574
-559
-512
-421
-288
-118
93
356
664
990
1301
1576
1816
2017
2151
2177
2078
1889
1678
1487
1308
1101
856
611
416
280
176
73
-38
-156
-288
-432
-570
-692
-808
-930
-1049
-1128
-1153
-1139
-1116
-1087
-1029
-926
-786
-634
-489
-362
-259
-185
-140
-118
-113
-122
-147
-190
-254
-337
-421
-485
-516
-524
-528
-535
-536
-528
-519
-515
-513
-502
-490
-492
-504
-493
-424
-290
-114
85
319
603
927
1247
1524
1749
1932
2065
2122
2083
1954
1768
1554
1330
1111
907
731
577
431
285
151
38
-65
-189
-350
-525
-677
-794
-895
-994
-1080
-1132
-1144
-1122
-1063
-963
-843
-739
-664
-587
-477
-349
-251
-204
-184
-165
-158
-187
-251
-322
-384
-443
-498
-533
-535
-521
-520
-529
-519
-470
-405
-369
-378
-398
-387
-341
-293
-258
-207
-91
112
389
709
1039
1354
1636
1863
2013
2077
2069
2011
1903
1728
1491
1239
1019
843
693
559
439
327
215
105
4
-97
-225
-391
-576
-750
-899
-1027
-1135
-1217
-1260
-1256
-1208
-1124
-1017
-895
-757
-610
-477
-383
-330
-295
-266
-263
-302
-364
-421
-468
-523
-582
-613
-595
-558
-541
-542
-521
-460
-394
-363
-369
-378
-376
-370
-361
-326
-240
-100
86
318
601
923
1249
1543
1789
1984
2106
2122
2018
1829
1618
1417
1216
1006
814
676
600
551
493
409
304
178
35
-125
-302
-497
-706
-904
-1070
-1199
-1298
-1357
-1353
-1279
-1160
-1027
-892
-748
-599
-469
-379
-339
-346
-383
-429
-473
-514
-555
-583
-575
-526
-457
-396
-354
-317
-272
-230
-218
-244
-287
-323
-349
-382
-413
-405
-325
-174
27
268
549
854
1148
1402
1611
1778
1899
1954
1924
1813
1645
1455
1276
1123
993
876
766
672
599
537
458
345
201
39
-141
-349
-582
-816
-1017
-1172
-1283
-1351
-1369
-1333
-1252
-1139
-999
-839
-677
-541
-452
-416
-422
-457
-506
-549
-575
-582
-569
-533
-479
-420
-367
-319
-280
-259
-268
-301
-341
-373
-395
-418
-443
-459
-434
-344
-186
15
242
494
774
1060
1314
1512
1655
1747
1777
1735
1633
1505
1372
1236
1093
956
838
740
652
573
508
452
382
272
114
-89
-322
-567
-804
-1014
-1181
-1293
-1339
-1322
-1266
-1195
-1117
-1013
-866
-695
-545
-458
-431
-437
-454
-476
-499
-513
-512
-505
-500
-484
-444
-386
-333
-296
-264
-228
-195
-189
-216
-268
-326
-375
-399
-375
-284
-125
88
337
609
893
1171
1416
1600
1708
1740
1704
1615
1483
1319
1147
994
883
811
764
728
705
694
669
595
452
255
33
-205
-464
-736
-992
-1202
-1349
-1424
-1415
-1327
-1194
-1055
-922
-781
-629
-491
-404
-379
-402
-449
-503
-557
-599
-611
-583
-524
-455
-380
-283
-161
-46
16
8
-46
-119
-200
-292
-374
-415
-406
-366
-304
-193
4
279
578
854
1099
1320
1497
1595
1607
1561
1474
1338
1151
956
798
691
613
557
539
561
593
592
539
435
282
73
-195
-498
-797
-1050
-1231
-1341
-1391
-1389
-1324
-1191
-1011
-826
-664
-526
-409
-325
-289
-304
-356
-427
-487
-506
-475
-414
-360
-317
-263
-176
-69
20
56
31
-32
-104
-173
-245
-318
-368
-359
-277
-137
32
219
432
672
922
1146
1315
1414
1445
1417
1341
1228
1097
960
834
733
667
638
635
634
616
574
504
397
235
20
-232
-500
-761
-990
-1160
-1258
-1302
-1315
-1292
-1205
-1047
-857
-697
-591
-523
-470
-431
-423
-444
-466
-467
-441
-395
-329
-243
-152
-73
-6
60
122
150
122
44
-50
-132
-188
-215
-218
-205
-168
-90
46
231
443
661
872
1060
1200
1282
1311
1300
1255
1178
1073
953
835
732
645
570
500
441
391
340
265
142
-42
-274
-520
-744
-934
-1096
-1234
-1334
-1373
-1345
-1265
-1149
-1003
-841
-688
-573
-496
-438
-391
-363
-363
-371
-359
-312
-234
-141
-49
28
85
134
180
212
202
143
59
-13
-54
-72
-78
-68
-19
81
222
376
532
701
888
1076
1228
1317
1343
1327
1283
1217
1118
979
813
649
513
404
299
184
64
-45
-147
-264
-413
-587
-763
-919
-1052
-1167
-1264
-1338
-1377
-1370
-1315
-1216
-1087
-939
-780
-613
-447
-296
-166
-60
22
80
114
136
157
181
202
220
239
263
288
304
302
282
250
216
187
163
150
149
169
215
298
422
575
737
887
1017
1119
1180
1186
1138
1044
914
756
589
432
298
180
71
-35
-136
-229
-321
-423
-545
-685
-829
-967
-1099
-1226
-1336
-1404
-1412
-1364
-1275
-1155
-1006
-829
-643
-468
-318
-194
-98
-36
-9
0
15
48
98
156
217
274
318
350
373
388
383
354
311
269
234
204
187
200
248
332
442
570
704
828
932
1007
1050
1055
1015
926
796
641
487
345
221
115
32
-27
-75
-133
-215
-317
-432
-558
-697
-843
-985
-1111
-1214
-1279
-1289
-1235
-1133
-1005
-868
-724
-577
-434
-303
-192
-111
-67
-55
-54
-39
2
65
135
206
279
360
445
515
550
544
508
458
406
356
309
270
255
276
331
413
514
623
722
788
810
800
774
734
667
569
451
340
247
176
121
77
33
-23
-91
-167
-253
-361
-499
-656
-809
-942
-1050
-1126
-1158
-1142
-1083
-991
-870
-726
-578
-453
-358
-282
-212
-152
-118
-111
-111
-94
-52
10
85
174
275
374
446
480
488
484
467
419
337
253
203
203
242
304
378
454
525
589
640
669
665
625
559
482
402
323
246
177
127
98
80
53
9
-46
-110
-191
-298
-425
-555
-676
-786
-881
-952
-979
-950
-871
-767
-672
-597
-528
-446
-355
-279
-234
-213
-197
-172
-132
-73
5
89
169
244
321
389
428
427
403
381
369
348
307
259
227
225
246
281
330
388
446
491
517
527
524
504
466
415
363
318
279
245
217
195
172
136
83
16
-58
-138
-225
-318
-414
-507
-588
-648
-684
-693
-682
-658
-625
-583
-530
-470
-412
-361
-318
-280
-250
-223
-190
-138
-71
0
63
123
185
245
289
306
298
275
244
211
183
169
169
176
187
203
229
262
293
315
331
349
369
379
370
340
299
260
229
203
179
155
136
123
110
83
34
-31
-101
-167
-229
-289
-343
-390
-433
-472
-496
-498
-483
-465
-451
-438
-416
-383
-340
-297
-261
-233
-204
-164
-114
-61
-17
22
64
113
162
194
203
196
188
182
176
169
166
170
178
182
184
199
229
260
269
256
240
236
239
238
227
214
202
186
163
139
121
109
99
82
56
21
-20
-67
-117
-164
-201
-227
-249
-268
-281
-282
-272
-262
-257
-252
-246
-237
-228
-216
-197
-172
-150
-133
-120
-105
-81
-54
-27
-3
18
43
70
91
98
91
82
81
86
89
89
90
99
115
132
147
161
174
182
186
190
199
210
214
207
195
186
183
179
167
142
110
83
63
47
29
3
-29
-65
-99
-127
-152
-175
-196
-209
-210
-203
-193
-185
-179
-174
-169
-166
-165
-164
-159
-148
-133
-119
-106
-89
-67
-45
-32
-29
-30
-23
-8
12
30
44
56
67
76
84
92
101
110
117
123
130
139
145
143
134
126
124
127
129
124
107
86
67
51
33
9
-19
-43
-59
-69
-78
-89
-97
-100
-99
-100
-104
-107
-107
-105
-104
