3
1
1
1
1
0
0
0
0
0
1
1
-2
-6
-8
-9
-9
-7
-4
0
3
4
3
2
2
2
1
0
0
3
6
8
7
5
5
5
4
0
-5
-7
-6
-2
2
4
5
4
2
-2
-6
-6
-3
1
3
3
1
1
1
1
1
1
0
0
1
1
1
0
-1
-1
-1
-2
-2
1
5
8
6
1
-4
-4
-4
-3
-3
-2
-1
-1
-2
-2
2
6
6
2
-2
-5
-5
-5
-3
1
4
5
2
-3
-5
-5
-4
-3
-2
0
1
-1
-3
-4
-3
-2
-1
-1
-2
-2
-1
-1
-4
-7
-9
-9
-10
-13
-16
-15
-9
-4
-1
0
-1
0
0
-1
-1
-1
-1
-1
-1
-1
0
0
-1
-1
-1
0
0
-1
-1
1
5
6
6
5
4
3
2
3
6
10
11
7
2
-2
-2
-1
-1
-1
-2
-2
-2
-1
-1
-2
-2
-1
2
6
7
6
4
5
5
3
1
2
7
16
28
50
89
137
160
127
35
-72
-137
-140
-105
-73
-52
-19
44
107
118
58
-28
-69
-43
7
23
-2
-21
1
39
39
-12
-67
-66
3
94
157
168
131
67
3
-38
-49
-45
-43
-37
-13
21
17
-56
-164
-223
-186
-95
-40
-55
-93
-89
-52
-46
-101
-173
-195
-163
-133
-143
-168
-163
-125
-87
-65
-38
13
67
88
77
74
107
156
181
168
144
135
142
145
131
109
93
84
76
65
57
53
47
31
9
-7
-15
-22
-38
-53
-54
-39
-29
-38
-58
-61
-39
-14
-10
-30
-49
-49
-39
-36
-48
-61
-65
-68
-80
-99
-111
-105
-90
-78
-71
-62
-51
-47
-56
-70
-69
-44
-6
27
48
64
82
100
117
136
159
182
198
208
221
241
265
284
293
294
292
286
274
254
228
200
175
153
135
121
107
89
63
31
-7
-50
-91
-122
-140
-150
-163
-183
-203
-217
-225
-235
-247
-256
-259
-260
-263
-272
-281
-286
-286
-280
-268
-254
-241
-233
-227
-223
-219
-216
-212
-207
-202
-200
-194
-176
-140
-93
-41
9
59
114
184
282
406
529
612
637
624
613
618
618
592
548
519
521
529
504
429
325
219
119
17
-86
-175
-239
-288
-334
-377
-409
-435
-471
-521
-558
-555
-513
-456
-395
-318
-213
-95
8
78
120
146
168
184
195
195
187
180
185
192
177
117
21
-81
-162
-219
-267
-316
-364
-406
-440
-468
-493
-516
-538
-556
-563
-549
-515
-470
-414
-337
-226
-87
70
244
436
618
738
766
744
752
820
889
890
830
793
819
854
813
689
544
419
291
130
-37
-156
-224
-290
-380
-466
-516
-552
-614
-696
-747
-743
-707
-661
-584
-445
-265
-110
-13
54
138
235
306
336
354
391
436
459
455
441
418
362
257
124
-1
-106
-206
-307
-390
-440
-471
-513
-580
-657
-726
-781
-824
-845
-828
-771
-681
-574
-460
-343
-204
-12
246
516
706
770
769
814
943
1074
1109
1052
998
1020
1077
1078
983
831
665
488
292
98
-63
-193
-323
-464
-582
-657
-714
-793
-884
-938
-934
-912
-902
-878
-781
-601
-384
-171
37
241
408
506
552
593
642
664
642
620
648
713
735
661
506
325
138
-58
-259
-439
-584
-703
-806
-878
-905
-908
-930
-990
-1069
-1130
-1153
-1136
-1075
-965
-811
-647
-504
-374
-197
91
486
887
1162
1262
1266
1303
1414
1517
1512
1409
1322
1332
1389
1380
1257
1069
867
634
341
23
-245
-441
-605
-769
-902
-975
-1023
-1106
-1211
-1269
-1254
-1229
-1237
-1223
-1092
-834
-536
-265
-10
266
550
802
1008
1170
1251
1209
1079
972
949
950
876
729
590
490
357
123
-176
-446
-659
-864
-1081
-1258
-1340
-1351
-1359
-1401
-1446
-1466
-1454
-1415
-1335
-1219
-1085
-950
-796
-615
-421
-213
89
567
1161
1654
1863
1845
1833
1962
2114
2087
1864
1638
1572
1625
1635
1529
1358
1164
889
489
35
-348
-639
-916
-1211
-1443
-1542
-1561
-1590
-1636
-1631
-1576
-1547
-1580
-1586
-1449
-1158
-795
-426
-46
358
750
1079
1335
1526
1636
1637
1555
1468
1423
1371
1247
1057
872
708
513
244
-74
-393
-709
-1029
-1316
-1516
-1630
-1703
-1759
-1770
-1734
-1698
-1708
-1737
-1719
-1628
-1500
-1357
-1169
-904
-608
-355
-126
226
816
1568
2234
2619
2747
2799
2904
3018
3020
2864
2650
2507
2466
2440
2336
2128
1831
1424
865
176
-537
-1176
-1738
-2266
-2754
-3125
-3331
-3403
-3414
-3394
-3351
-3301
-3263
-3190
-2992
-2611
-2050
-1311
-384
692
1804
2837
3738
4450
4865
4888
4579
4103
3603
3102
2599
2137
1784
1517
1226
783
145
-665
-1604
-2628
-3651
-4551
-5235
-5693
-5969
-6059
-5929
-5576
-5105
-4634
-4238
-3919
-3688
-3537
-3392
-3088
-2495
-1610
-541
657
2056
3732
5547
7120
8103
8437
8320
7920
7290
6507
5800
5368
5206
5142
5044
4833
4392
3547
2252
659
-1002
-2597
-4076
-5338
-6239
-6680
-6723
-6491
-6101
-5632
-5217
-4971
-4881
-4755
-4387
-3716
-2819
-1745
-463
1032
2605
4035
5168
5940
6331
6308
5931
5351
4740
4145
3539
2919
2352
1844
1309
639
-186
-1143
-2225
-3411
-4570
-5489
-6041
-6273
-6324
-6254
-6033
-5633
-5143
-4694
-4382
-4178
-3983
-3696
-3306
-2851
-2316
-1537
-315
1377
3301
5104
6532
7514
8097
8349
8305
7944
7286
6476
5779
5367
5200
5093
4910
4594
4071
3216
1986
496
-1075
-2619
-4079
-5322
-6178
-6576
-6625
-6443
-6074
-5549
-5039
-4726
-4608
-4448
-4016
-3280
-2351
-1290
-62
1342
2808
4141
5185
5857
6148
6092
5768
5238
4567
3826
3123
2515
1979
1441
870
252
-463
-1356
-2416
-3508
-4475
-5263
-5906
-6389
-6618
-6506
-6107
-5552
-4980
-4459
-4042
-3752
-3576
-3432
-3209
-2792
-2127
-1198
27
1611
3503
5416
6947
7880
8320
8449
8286
7736
6870
5955
5251
4801
4540
4416
4378
4241
3764
2850
1623
249
-1224
-2788
-4314
-5561
-6401
-6856
-6978
-6707
-6055
-5260
-4672
-4387
-4175
-3758
-3130
-2462
-1816
-1030
60
1426
2865
4166
5206
5923
6301
6337
6053
5464
4620
3618
2613
1730
1027
471
-2
-489
-1083
-1837
-2698
-3553
-4347
-5116
-5869
-6475
-6769
-6721
-6459
-6057
-5486
-4734
-3946
-3297
-2849
-2542
-2313
-2078
-1674
-899
340
1970
3790
5547
7000
8002
8564
8765
8646
8177
7405
6503
5682
5008
4426
3883
3418
3056
2711
2196
1368
216
-1164
-2640
-4099
-5440
-6562
-7313
-7546
-7201
-6448
-5600
-4914
-4384
-3837
-3152
-2405
-1732
-1147
-510
331
1406
2620
3810
4827
5573
6037
6230
6142
5706
4927
3923
2883
1899
971
94
-661
-1253
-1766
-2345
-3013
-3655
-4189
-4695
-5301
-5960
-6461
-6621
-6477
-6172
-5779
-5242
-4547
-3784
-3085
-2481
-1941
-1436
-904
-153
1036
2656
4364
5764
6770
7584
8309
8713
8529
7850
7095
6515
5965
5190
4259
3486
3037
2714
2234
1516
661
-292
-1427
-2760
-4132
-5314
-6212
-6822
-7124
-7032
-6565
-5900
-5237
-4591
-3861
-3013
-2162
-1393
-654
169
1098
2064
3009
3891
4645
5189
5532
5741
5831
5670
5137
4261
3228
2185
1186
237
-622
-1383
-2097
-2813
-3483
-4014
-4415
-4798
-5245
-5690
-6016
-6162
-6155
-5999
-5678
-5192
-4622
-4034
-3433
-2771
-2044
-1260
-366
757
2167
3729
5161
6235
6955
7495
7959
8215
8072
7533
6846
6221
5669
5089
4498
3978
3505
2900
2056
1054
40
-986
-2135
-3410
-4631
-5591
-6231
-6592
-6715
-6601
-6301
-5875
-5351
-4700
-3944
-3160
-2411
-1645
-763
277
1428
2599
3690
4590
5233
5637
5880
5951
5741
5162
4300
3336
2402
1502
624
-203
-936
-1596
-2221
-2818
-3370
-3895
-4448
-5044
-5624
-6094
-6405
-6516
-6407
-6067
-5569
-4991
-4367
-3663
-2902
-2181
-1570
-947
-54
1263
2860
4381
5560
6409
7120
7790
8306
8443
8115
7425
6591
5772
5064
4491
4015
3504
2846
2056
1261
505
-331
-1390
-2649
-3922
-5043
-5939
-6587
-6929
-6959
-6744
-6391
-5910
-5261
-4438
-3536
-2651
-1804
-943
-13
1015
2123
3215
4127
4723
5038
5223
5386
5435
5188
4557
3680
2775
1988
1291
591
-172
-984
-1802
-2568
-3227
-3768
-4250
-4753
-5267
-5701
-5963
-6058
-6016
-5829
-5454
-4931
-4365
-3834
-3299
-2689
-1982
-1171
-176
1091
2572
4027
5241
6192
6980
7614
7967
7959
7649
7157
6512
5760
5054
4592
4339
4020
3387
2503
1617
833
-1
-1071
-2346
-3633
-4757
-5661
-6308
-6658
-6715
-6586
-6358
-6004
-5409
-4580
-3690
-2910
-2207
-1423
-478
562
1627
2714
3767
4622
5135
5370
5481
5505
5287
4715
3859
2931
2068
1284
526
-215
-919
-1569
-2180
-2760
-3295
-3793
-4300
-4854
-5396
-5813
-6027
-6062
-5955
-5723
-5350
-4848
-4217
-3470
-2661
-1880
-1124
-257
881
2261
3653
4816
5695
6416
7095
7685
7997
7909
7491
6941
6374
5798
5192
4592
3987
3300
2483
1630
852
112
-754
-1846
-3071
-4241
-5206
-5925
-6389
-6623
-6648
-6494
-6151
-5614
-4918
-4149
-3353
-2506
-1551
-490
613
1696
2726
3661
4419
4946
5249
5377
5315
5011
4462
3791
3116
2455
1725
904
73
-668
-1326
-1973
-2630
-3237
-3759
-4251
-4767
-5273
-5647
-5831
-5854
-5768
-5541
-5142
-4614
-4072
-3559
-3036
-2443
-1744
-862
312
1767
3275
4556
5537
6363
7134
7715
7916
7731
7346
6869
6272
5554
4895
4454
4142
3672
2908
2005
1182
428
-470
-1627
-2918
-4100
-5052
-5779
-6315
-6627
-6687
-6512
-6152
-5623
-4946
-4163
-3341
-2504
-1639
-726
237
1244
2252
3151
3823
4249
4536
4764
4888
4785
4430
3903
3308
2673
2001
1290
546
-246
-1080
-1905
-2648
-3284
-3840
-4357
-4840
-5251
-5551
-5703
-5707
-5583
-5374
-5078
-4684
-4198
-3683
-3173
-2625
-1920
-964
261
1663
3083
4364
5442
6349
7111
7648
7814
7575
7071
6525
6028
5535
4972
4388
3866
3413
2913
2273
1499
641
-314
-1430
-2686
-3935
-5000
-5810
-6372
-6702
-6773
-6583
-6163
-5569
-4828
-3987
-3105
-2228
-1346
-444
448
1281
2053
2790
3455
3971
4321
4578
4744
4721
4421
3933
3408
2899
2307
1560
685
-224
-1106
-1923
-2651
-3284
-3842
-4341
-4760
-5064
-5237
-5316
-5324
-5249
-5053
-4764
-4462
-4199
-3894
-3433
-2782
-2004
-1096
50
1497
3089
4535
5650
6462
7094
7551
7714
7478
6927
6281
5735
5295
4859
4363
3859
3388
2914
2345
1642
802
-183
-1320
-2570
-3827
-4968
-5871
-6463
-6729
-6735
-6532
-6128
-5495
-4684
-3813
-2986
-2202
-1393
-511
412
1303
2104
2791
3380
3889
4330
4649
4771
4639
4301
3855
3377
2836
2175
1371
479
-436
-1320
-2135
-2848
-3454
-3970
-4400
-4723
-4929
-5055
-5134
-5177
-5152
-5039
-4814
-4477
-4048
-3585
-3104
-2551
-1804
-764
582
2111
3594
4819
5742
6477
7112
7552
7605
7229
6604
5997
5517
5106
4661
4173
3687
3224
2729
2136
1409
530
-511
-1701
-2952
-4134
-5123
-5858
-6315
-6503
-6449
-6204
-5792
-5213
-4467
-3612
-2727
-1864
-1015
-160
691
1499
2225
2863
3422
3916
4328
4627
4764
4702
4414
3934
3334
2684
1964
1117
141
-844
-1696
-2377
-2960
-3518
-4036
-4447
-4708
-4863
-4978
-5078
-5105
-5011
-4813
-4593
-4374
-4103
-3711
-3191
-2535
-1675
-518
917
2452
3855
5007
5952
6767
7402
7679
7497
6971
6361
5812
5302
4784
4335
4022
3762
3355
2730
1992
1236
386
-703
-2017
-3347
-4476
-5349
-6012
-6482
-6702
-6651
-6357
-5853
-5125
-4218
-3276
-2443
-1697
-894
28
946
1711
2333
2938
3573
4118
4437
4513
4458
4337
4132
3766
3217
2518
1722
857
-51
-963
-1815
-2564
-3196
-3728
-4177
-4537
-4795
-4944
-5014
-5027
-4996
-4903
-4756
-4569
-4344
-4037
-3607
-3045
-2346
-1436
-211
1314
2918
4307
5359
6177
6895
7454
7666
7433
6892
6265
5682
5143
4656
4264
3974
3670
3220
2592
1860
1058
117
-1031
-2330
-3605
-4702
-5561
-6192
-6586
-6728
-6609
-6256
-5683
-4921
-4025
-3088
-2173
-1288
-412
452
1278
2041
2714
3276
3711
4045
4303
4477
4497
4317
3947
3457
2887
2231
1450
549
-409
-1329
-2149
-2845
-3433
-3942
-4397
-4785
-5036
-5109
-5043
-4941
-4834
-4704
-4538
-4375
-4193
-3903
-3443
-2853
-2139
-1177
175
1833
3482
4823
5805
6569
7201
7602
7597
7175
6531
5912
5392
4921
4470
4096
3787
3423
2900
2258
1571
804
-169
-1390
-2739
-4038
-5145
-5983
-6504
-6735
-6737
-6553
-6125
-5390
-4392
-3330
-2401
-1651
-952
-172
688
1506
2177
2696
3112
3477
3814
4138
4409
4526
4364
3915
3284
2607
1897
1087
149
-837
-1760
-2551
-3193
-3701
-4120
-4507
-4839
-5027
-5015
-4880
-4745
-4667
-4592
-4478
-4319
-4110
-3791
-3300
-2600
-1668
-461
1018
2635
4147
5362
6270
6961
7445
7592
7323
6748
6105
5530
5020
4555
4185
3908
3608
3155
2570
1954
1300
456
-692
-2050
-3398
-4552
-5462
-6127
-6547
-6710
-6623
-6281
-5673
-4813
-3813
-2823
-1944
-1155
-395
361
1082
1733
2303
2777
3170
3526
3896
4228
4390
4270
3906
3408
2859
2245
1524
671
-288
-1279
-2184
-2918
-3483
-3958
-4389
-4731
-4908
-4898
-4787
-4673
-4605
-4536
-4429
-4278
-4098
-3843
-3454
-2894
-2136
-1093
308
1964
3566
4838
5778
6565
7254
7641
7515
6942
6243
5661
5196
4725
4249
3860
3576
3264
2813
2246
1626
887
-118
-1399
-2771
-4013
-5048
-5876
-6470
-6752
-6719
-6429
-5919
-5163
-4195
-3161
-2223
-1404
-618
193
981
1666
2229
2704
3129
3519
3886
4186
4340
4270
4003
3618
3159
2581
1833
928
-61
-1058
-1990
-2788
-3403
-3852
-4201
-4486
-4689
-4774
-4761
-4695
-4618
-4535
-4449
-4325
-4114
-3772
-3333
-2848
-2282
-1464
-242
1327
2964
4382
5487
6356
7052
7500
7588
7303
6762
6089
5365
4659
4096
3757
3583
3375
2986
2434
1829
1177
342
-781
-2123
-3465
-4625
-5522
-6165
-6570
-6749
-6678
-6316
-5617
-4642
-3550
-2514
-1585
-723
103
870
1552
2155
2659
3026
3270
3497
3775
4051
4186
4120
3877
3506
2993
2315
1462
469
-604
-1643
-2530
-3202
-3705
-4126
-4497
-4773
-4891
-4859
-4739
-4605
-4477
-4357
-4229
-4089
-3910
-3666
-3318
-2810
-2040
-920
537
2157
3685
4944
5915
6683
7276
7610
7558
7099
6359
5544
4804
4234
3854
3630
3426
3110
2653
2133
1577
881
-87
-1327
-2689
-3998
-5110
-5935
-6441
-6693
-6776
-6668
-6216
-5332
-4144
-2941
-1912
-1041
-216
599
1352
1988
2484
2843
3104
3362
3690
4050
4285
4283
4050
3682
3219
2637
1892
998
-5
-1059
-2081
-2951
-3582
-4006
-4339
-4657
-4905
-4977
-4847
-4629
-4452
-4371
-4323
-4233
-4051
-3769
-3390
-2926
-2355
-1578
-449
1076
2812
4419
5652
6519
7170
7667
7890
7699
7104
6306
5518
4856
4293
3786
3323
2932
2601
2267
1833
1221
386
-675
-1900
-3168
-4336
-5324
-6109
-6676
-6959
-6894
-6469
-5753
-4812
-3703
-2508
-1366
-391
406
1104
1768
2368
2825
3098
3262
3434
3674
3891
3971
3885
3708
3453
3030
2349
1455
465
-536
-1523
-2454
-3258
-3900
-4397
-4775
-5010
-5076
-4972
-4760
-4519
-4317
-4167
-4064
-3979
-3869
-3647
-3263
-2710
-1981
-967
439
2141
3809
5149
6140
6945
7613
7960
7800
7168
6325
5526
4870
4310
3799
3337
2948
2605
2261
1883
1433
815
-83
-1260
-2572
-3819
-4895
-5772
-6435
-6828
-6927
-6729
-6225
-5376
-4230
-2964
-1797
-804
83
935
1712
2333
2770
3046
3213
3337
3514
3751
3933
3894
3615
3213
2811
2379
1803
992
-25
-1136
-2190
-3071
-3746
-4267
-4694
-5005
-5126
-5018
-4766
-4487
-4261
-4084
-3951
-3847
-3744
-3569
-3278
-2849
-2244
-1344
-58
1537
3187
4644
5838
6826
7615
8077
8080
7633
6916
6130
5398
4743
4172
3689
3280
2876
2431
1962
1496
967
229
-793
-2026
-3310
-4512
-5520
-6256
-6686
-6864
-6813
-6461
-5693
-4538
-3202
-1943
-891
-27
742
1469
2130
2656
2990
3149
3219
3314
3478
3662
3743
3653
3407
3078
2670
2109
1309
297
-795
-1815
-2697
-3468
-4175
-4803
-5256
-5438
-5337
-5055
-4714
-4402
-4133
-3909
-3713
-3540
-3377
-3211
-2968
-2524
-1748
-592
879
2502
4079
5457
6563
7387
7912
8094
7892
7337
6513
5563
4639
3895
3382
3036
2723
2381
2019
1647
1183
502
-445
-1593
-2814
-4011
-5114
-6055
-6737
-7085
-7058
-6665
-5934
-4928
-3738
-2478
-1250
-145
781
1528
2158
2707
3118
3310
3314
3305
3411
3585
3656
3549
3324
3075
2772
2308
1592
643
-447
-1546
-2544
-3385
-4088
-4678
-5120
-5332
-5272
-5013
-4678
-4366
-4103
-3894
-3719
-3554
-3370
-3181
-2977
-2657
-2017
-912
593
2241
3783
5125
6289
7257
7913
8160
8015
7582
6921
6055
5070
4182
3573
3226
2910
2462
1940
1506
1157
677
-124
-1230
-2468
-3693
-4808
-5734
-6406
-6836
-7037
-6932
-6366
-5311
-3960
-2603
-1394
-313
695
1595
2301
2775
3044
3161
3183
3183
3211
3279
3347
3392
3391
3305
3047
2560
1845
958
-52
-1137
-2227
-3217
-4028
-4643
-5078
-5334
-5383
-5220
-4887
-4485
-4109
-3825
-3629
-3489
-3359
-3222
-3039
-2726
-2150
-1206
109
1664
3255
4722
6005
7095
7918
8347
8300
7825
7059
6161
5245
4396
3628
2938
2344
1926
1709
1585
1344
836
58
-920
-2030
-3235
-4436
-5505
-6327
-6870
-7118
-7024
-6523
-5622
-4418
-3073
-1730
-476
660
1648
2433
2952
3192
3235
3202
3195
3239
3321
3379
3354
3206
2960
2661
2323
1872
1208
282
-832
-1969
-2976
-3804
-4489
-5051
-5437
-5561
-5419
-5095
-4708
-4321
-3978
-3704
-3500
-3294
-3028
-2725
-2445
-2101
-1437
-249
1359
3038
4501
5723
6816
7762
8360
8412
7937
7145
6274
5424
4588
3742
2953
2333
1953
1753
1572
1252
726
9
-872
-1891
-3016
-4159
-5227
-6132
-6812
-7178
-7146
-6664
-5770
-4567
-3202
-1821
-542
585
1560
2382
2998
3331
3373
3221
3037
2937
2943
2988
3013
2994
2949
2841
2592
2113
1377
415
-689
-1818
-2848
-3709
-4400
-4939
-5316
-5494
-5446
-5165
-4703
-4171
-3725
-3437
-3267
-3104
-2915
-2726
-2524
-2162
-1440
-274
1209
2771
4244
5594
6825
7839
8470
8614
8310
7652
6738
5667
4588
3621
2832
2231
1825
1561
1343
1072
699
181
-557
-1538
-2682
-3842
-4920
-5842
-6536
-6915
-6941
-6605
-5901
-4830
-3478
-2005
-580
695
1774
2631
3233
3547
3574
3380
3106
2893
2813
2818
2823
2762
2644
2481
2257
1907
1364
580
-422
-1554
-2684
-3703
-4558
-5222
-5660
-5818
-5664
-5220
-4598
-3965
-3499
-3248
-3111
-2910
-2594
-2267
-2033
-1789
-1264
-257
1158
2715
4183
5486
6639
7612
8299
8569
8362
7714
6757
5659
4592
3667
2908
2248
1653
1174
895
748
503
-41
-888
-1872
-2868
-3846
-4825
-5746
-6508
-6988
-7084
-6715
-5883
-4701
-3346
-1944
-555
778
1971
2926
3569
3861
3822
3554
3228
2965
2793
2658
2538
2419
2298
2148
1945
1624
1104
341
-606
-1622
-2630
-3613
-4538
-5304
-5794
-5956
-5831
-5500
-5046
-4522
-3996
-3512
-3089
-2706
-2368
-2101
-1897
-1617
-1038
-24
1338
2809
4200
5468
6633
7622
8276
8464
8201
7589
6736
5710
4624
3618
2783
2073
1423
866
509
341
162
-259
-979
-1876
-2836
-3823
-4829
-5771
-6539
-7038
-7184
-6868
-6039
-4792
-3344
-1870
-436
936
2165
3145
3806
4115
4074
3756
3367
3104
2984
2827
2519
2173
2002
2004
1947
1596
944
116
-806
-1811
-2850
-3812
-4624
-5276
-5755
-5974
-5858
-5432
-4839
-4234
-3719
-3291
-2912
-2545
-2217
-1967
-1781
-1514
-954
37
1392
2891
4333
5643
6822
7802
8430
8576
8269
7636
6791
5771
4650
3575
2687
1976
1356
814
449
275
108
-298
-1025
-1944
-2915
-3887
-4857
-5750
-6469
-6940
-7113
-6878
-6136
-4921
-3452
-1955
-512
906
2252
3345
4015
4266
4242
4075
3822
3493
3115
2703
2310
2023
1929
1955
1883
1516
858
40
-845
-1801
-2830
-3852
-4743
-5403
-5794
-5926
-5835
-5541
-5072
-4492
-3921
-3440
-3048
-2682
-2341
-2069
-1866
-1582
-1006
-24
1285
2737
4182
5549
6792
7815
8495
8730
8502
7870
6957
5897
4806
3744
2751
1863
1152
663
369
145
-153
-617
-1261
-2051
-2956
-3922
-4882
-5739
-6426
-6887
-7054
-6824
-6127
-5005
-3610
-2100
-574
909
2248
3307
4007
4369
4474
4362
4051
3596
3124
2734
2435
2151
1867
1636
1495
1329
934
186
-836
-1937
-2969
-3901
-4741
-5438
-5896
-6057
-5969
-5710
-5314
-4749
-4042
-3314
-2725
-2312
-2020
-1791
-1631
-1467
-1073
-209
1130
2672
4115
5373
6547
7671
8561
8947
8730
8047
7124
6070
4913
3715
2622
1736
1056
533
165
-61
-243
-550
-1101
-1888
-2832
-3832
-4811
-5681
-6384
-6860
-7042
-6822
-6125
-4990
-3585
-2086
-573
944
2403
3627
4432
4762
4714
4427
4010
3531
3080
2707
2406
2115
1840
1625
1485
1298
894
195
-718
-1709
-2711
-3720
-4691
-5501
-6039
-6284
-6287
-6056
-5564
-4832
-4017
-3308
-2809
-2472
-2216
-1988
-1759
-1439
-890
-13
1171
2536
3933
5260
6484
7575
8435
8874
8755
8115
7155
6056
4903
3737
2652
1734
1003
432
24
-240
-475
-838
-1407
-2124
-2912
-3747
-4645
-5541
-6307
-6798
-6948
-6732
-6142
-5168
-3856
-2320
-704
884
2371
3660
4606
5078
5061
4679
4139
3607
3167
2807
2488
2175
1895
1680
1529
1331
929
227
-722
-1763
-2772
-3725
-4643
-5484
-6126
-6440
-6395
-6041
-5470
-4751
-3975
-3236
-2620
-2142
-1797
-1576
-1465
-1348
-1014
-270
898
2313
3755
5096
6334
7463
8371
8844
8746
8143
7252
6232
5121
3925
2757
1765
1004
403
-83
-420
-601
-770
-1143
-1813
-2698
-3646
-4578
-5447
-6212
-6801
-7135
-7084
-6521
-5433
-3993
-2428
-853
719
2248
3603
4622
5182
5237
4856
4252
3680
3279
2956
2544
1996
1475
1163
1069
988
696
114
-689
-1622
-2617
-3609
-4533
-5348
-6017
-6436
-6478
-6123
-5531
-4878
-4231
-3559
-2903
-2374
-2048
-1853
-1661
-1378
-945
-277
714
2015
3470
4870
6107
7182
8102
8744
8914
8491
7569
6389
5184
4041
2963
1949
1059
339
-191
-527
-700
-837
-1138
-1725
-2557
-3479
-4400
-5290
-6112
-6752
-7088
-7032
-6543
-5605
-4280
-2719
-1107
456
1953
3349
4502
5220
5414
5175
4719
4221
3736
3203
2610
2041
1643
1445
1338
1149
774
176
-631
-1578
-2543
-3435
-4258
-5052
-5781
-6306
-6503
-6337
-5875
-5216
-4471
-3723
-3038
-2432
-1927
-1555
-1342
-1208
-952
-353
658
1947
3304
4599
5818
6951
7922
8593
8848
8614
7910
6848
5622
4390
3234
2163
1207
404
-193
-562
-742
-867
-1142
-1703
-2536
-3487
-4403
-5192
-5856
-6416
-6859
-7049
-6787
-5960
-4668
-3145
-1582
-33
1506
2972
4213
5064
5436
5349
4941
4400
3872
3366
2837
2287
1812
1458
1175
858
477
32
-525
-1275
-2204
-3169
-4027
-4765
-5452
-6066
-6446
-6410
-5958
-5264
-4555
-3926
-3348
-2749
-2146
-1628
-1286
-1092
-880
-428
409
1601
2961
4262
5402
6436
7445
8332
8844
8776
8167
7224
6139
4969
3755
2592
1587
755
71
-444
-752
-937
-1214
-1731
-2446
-3206
-3950
-4695
-5443
-6104
-6596
-6845
-6756
-6194
-5124
-3691
-2143
-635
830
2279
3636
4735
5426
5645
5443
4957
4379
3829
3303
2719
2083
1507
1115
877
639
240
-370
-1140
-1985
-2837
-3654
-4423
-5151
-5799
-6263
-6404
-6174
-5659
-5029
-4391
-3756
-3090
-2425
-1850
-1449
-1202
-999
-672
-65
900
2158
3507
4750
5836
6847
7801
8532
8779
8439
7639
6606
5478
4320
3194
2182
1291
489
-199
-676
-928
-1120
-1459
-2020
-2723
-3495
-4299
-5104
-5816
-6363
-6709
-6814
-6565
-5844
-4643
-3117
-1487
80
1525
2858
4066
5051
5646
5728
5342
4728
4143
3674
3189
2568
1870
1308
979
775
480
-20
-713
-1528
-2397
-3241
-3997
-4675
-5323
-5920
-6308
-6316
-5921
-5300
-4660
-4087
-3509
-2868
-2216
-1683
-1319
-1056
-768
-347
299
1240
2456
3802
5073
6170
7110
7909
8452
8567
8169
7346
6258
5064
3875
2789
1837
997
244
-372
-786
-1038
-1293
-1706
-2293
-2994
-3752
-4555
-5325
-5948
-6345
-6537
-6522
-6197
-5412
-4161
-2622
-1045
412
1745
3023
4254
5277
5838
5785
5247
4546
3970
3556
3153
2611
1969
1377
939
585
165
-405
-1090
-1826
-2592
-3378
-4136
-4802
-5362
-5812
-6090
-6074
-5724
-5146
-4523
-3936
-3368
-2776
-2187
-1643
-1182
-825
-562
-252
347
1382
2726
4062
5170
6072
6916
7730
8343
8506
8098
7209
6079
4924
3842
2816
1830
918
159
-410
-822
-1156
-1494
-1890
-2400
-3053
-3845
-4678
-5423
-5972
-6328
-6527
-6545
-6227
-5421
-4132
-2578
-1014
443
1835
3202
4436
5336
5762
5753
5461
5023
4469
3800
3051
2335
1732
1266
886
544
179
-280
-899
-1673
-2517
-3332
-4084
-4801
-5483
-6043
-6332
-6272
-5901
-5337
-4666
-3955
-3258
-2634
-2074
-1552
-1087
-767
-596
-398
97
1026
2278
3600
4787
5812
6751
7626
8284
8486
8100
7241
6159
5051
3957
2868
1813
863
53
-592
-1036
-1261
-1380
-1620
-2140
-2900
-3719
-4462
-5091
-5634
-6082
-6397
-6477
-6200
-5465
-4295
-2833
-1268
266
1719
3079
4295
5242
5785
5872
5594
5106
4539
3931
3280
2580
1888
1285
846
563
332
-14
-593
-1403
-2323
-3202
-3962
-4609
-5185
-5685
-6043
-6160
-5981
-5517
-4859
-4122
-3413
-2763
-2168
-1611
-1127
-765
-528
-309
86
824
1923
3213
4455
5506
6389
7181
7863
8263
8184
7559
6528
5331
4159
3054
1983
945
41
-620
-1018
-1253
-1474
-1785
-2232
-2806
-3470
-4149
-4788
-5352
-5846
-6227
-6396
-6206
-5578
-4541
-3224
-1773
-294
1165
2570
3853
4902
5597
5862
5702
5240
4659
4105
3563
2940
2205
1490
946
597
311
-61
-595
-1286
-2086
-2916
-3685
-4354
-4952
-5503
-5930
-6099
-5933
-5503
-4928
-4286
-3589
-2873
-2199
-1626
-1149
-759
-451
-208
78
583
1437
2591
3823
4924
5850
6699
7498
8086
8208
7771
6905
5827
4655
3445
2281
1285
480
-211
-834
-1304
-1545
-1657
-1872
-2341
-3000
-3696
-4321
-4890
-5422
-5881
-6149
-6103
-5673
-4882
-3810
-2540
-1125
384
1903
3308
4472
5309
5770
5858
5620
5153
4553
3890
3192
2502
1863
1308
822
386
-24
-450
-981
-1687
-2523
-3353
-4069
-4678
-5223
-5686
-5979
-6034
-5830
-5385
-4727
-3931
-3101
-2345
-1703
-1183
-766
-447
-199
32
354
904
1762
2875
4056
5134
6067
6916
7659
8122
8095
7541
6608
5500
4331
3158
2032
1013
110
-683
-1323
-1723
-1880
-1947
-2138
-2566
-3175
-3840
-4456
-4996
-5452
-5816
-6019
-5947
-5480
-4592
-3375
-1982
-525
949
2395
3719
4786
5506
5852
5854
5557
5032
4365
3639
2896
2168
1494
939
516
168
-209
-684
-1258
-1893
-2559
-3265
-4018
-4770
-5396
-5784
-5908
-5831
-5582
-5132
-4453
-3635
-2821
-2099
-1451
-867
-403
-133
-19
95
391
975
1845
2914
4029
5051
5931
6716
7410
7875
7891
7359
6389
5220
4027
2863
1707
591
-387
-1115
-1563
-1781
-1866
-1951
-2175
-2617
-3204
-3787
-4276
-4734
-5219
-5663
-5880
-5728
-5179
-4290
-3138
-1806
-379
1065
2454
3720
4777
5528
5870
5768
5309
4697
4087
3507
2876
2173
1477
907
491
151
-244
-772
-1421
-2117
-2791
-3421
-4018
-4610
-5186
-5664
-5889
-5756
-5302
-4699
-4064
-3397
-2649
-1880
-1210
-713
-344
-62
115
184
285
662
1454
2568
3739
4765
5610
6368
7073
7606
7729
7276
6296
5047
3794
2655
1586
538
-452
-1253
-1754
-1943
-1939
-1934
-2077
-2414
-2883
-3408
-3933
-4451
-4941
-5358
-5601
-5553
-5118
-4284
-3139
-1842
-522
787
2112
3421
4556
5328
5660
5634
5365
4918
4316
3625
2913
2215
1530
911
433
109
-186
-615
-1229
-1946
-2650
-3301
-3913
-4504
-5042
-5465
-5697
-5672
-5366
-4832
-4150
-3404
-2637
-1892
-1205
-619
-151
174
352
420
489
717
1220
2012
2995
4035
5021
5911
6673
7228
7424
7135
6360
5262
4044
2848
1712
654
-296
-1080
-1647
-1963
-2048
-2010
-2016
-2200
-2556
-2986
-3395
-3797
-4232
-4696
-5075
-5227
-5032
-4442
-3482
-2253
-905
439
1730
2975
4146
5103
5640
5647
5225
4632
4074
3580
3033
2358
1600
910
400
83
-147
-431
-874
-1488
-2203
-2932
-3621
-4254
-4806
-5234
-5479
-5500
-5271
-4805
-4159
-3427
-2678
-1947
-1247
-628
-147
158
308
358
388
493
773
1310
2116
3113
4139
5057
5819
6441
6874
6971
6592
5759
4644
3444
2252
1102
33
-870
-1531
-1915
-2046
-1997
-1886
-1849
-1981
-2302
-2745
-3242
-3735
-4214
-4638
-4924
-4931
-4557
-3803
-2769
-1565
-260
1095
2420
3600
4529
5125
5354
5238
4856
4288
3602
2853
2110
1427
852
414
120
-96
-348
-721
-1206
-1748
-2340
-3008
-3739
-4434
-4972
-5275
-5325
-5129
-4718
-4137
-3447
-2693
-1929
-1212
-606
-134
206
414
471
407
346
465
902
1674
2685
3765
4761
5592
6254
6721
6889
6622
5894
4838
3655
2463
1306
229
-667
-1308
-1693
-1865
-1861
-1741
-1644
-1724
-2038
-2496
-2990
-3472
-3974
-4482
-4904
-5086
-4901
-4285
-3285
-2041
-722
572
1836
3067
4167
4964
5354
5372
5138
4730
4172
3484
2743
2025
1381
824
377
38
-233
-521
-902
-1417
-2057
-2759
-3442
-4046
-4556
-4953
-5188
-5195
-4955
-4497
-3884
-3172
-2415
-1655
-935
-303
161
394
411
338
330
456
689
994
1429
2089
2984
3975
4877
5582
6063
6266
6092
5477
4504
3360
2224
1179
243
-567
-1204
-1622
-1806
-1801
-1695
-1589
-1581
-1732
-2058
-2502
-2987
-3448
-3863
-4184
-4313
-4137
-3616
-2797
-1779
-647
536
1718
2829
3772
4452
4804
4827
4561
4084
3473
2816
2166
1552
971
452
36
-255
-471
-711
-1053
-1518
-2073
-2679
-3281
-3828
-4270
-4583
-4744
-4722
-4482
-4031
-3414
-2718
-2025
-1405
-879
-438
-62
226
383
404
363
384
576
1002
1676
2556
3515
4383
5042
5505
5827
5971
5777
5126
4093
2913
1800
833
10
-660
-1154
-1470
-1637
-1678
-1626
-1574
-1643
-1911
-2332
-2800
-3218
-3566
-3843
-4030
-4046
-3794
-3219
-2348
-1269
-100
1054
2124
3074
3869
4423
4645
4511
4115
3588
3021
2433
1847
1302
839
443
79
-273
-612
-957
-1352
-1823
-2348
-2873
-3355
-3769
-4100
-4328
-4427
-4351
-4062
-3568
-2952
-2311
-1694
-1094
-533
-87
174
284
347
437
531
602
713
998
1551
2326
3184
3969
4578
4971
5165
5179
4979
4478
3652
2621
1600
717
-26
-667
-1166
-1457
-1547
-1521
-1468
-1445
-1513
-1719
-2060
-2448
-2802
-3089
-3325
-3485
-3490
-3246
-2716
-1937
-990
33
1047
1974
2765
3391
3828
4023
3940
3609
3138
2626
2119
1613
1121
656
237
-128
-425
-669
-922
-1264
-1724
-2251
-2761
-3191
-3538
-3813
-4006
-4065
-3937
-3603
-3111
-2535
-1952
-1407
-929
-517
-160
156
410
567
617
609
639
792
1120
1631
2302
3050
3747
4272
4594
4768
4823
4678
4217
3426
2464
1526
707
-13
-641
-1121
-1394
-1480
-1460
-1401
-1349
-1362
-1512
-1798
-2127
-2391
-2579
-2745
-2909
-2977
-2819
-2368
-1667
-818
78
951
1756
2456
3024
3429
3624
3551
3210
2687
2112
1554
1010
465
-29
-402
-634
-787
-939
-1140
-1409
-1742
-2122
-2518
-2895
-3218
-3469
-3640
-3716
-3639
-3351
-2862
-2277
-1712
-1214
-744
-278
149
461
631
693
717
751
811
924
1151
1568
2181
2886
3517
3980
4292
4494
4526
4254
3633
2797
1950
1198
503
-180
-800
-1251
-1484
-1532
-1460
-1328
-1208
-1197
-1342
-1603
-1878
-2116
-2322
-2512
-2638
-2615
-2370
-1894
-1229
-435
419
1266
2031
2656
3107
3358
3363
3096
2600
1997
1396
849
361
-55
-393
-653
-847
-971
-1049
-1153
-1366
-1703
-2086
-2433
-2728
-3006
-3266
-3441
-3441
-3232
-2845
-2345
-1784
-1201
-626
-97
349
665
816
809
721
642
621
672
828
1161
1694
2345
2973
3492
3897
4199
4351
4260
3852
3155
2292
1420
629
-59
-633
-1056
-1305
-1403
-1389
-1288
-1130
-983
-931
-1022
-1237
-1535
-1861
-2162
-2367
-2426
-2305
-1992
-1479
-789
12
833
1584
2205
2656
2908
2934
2732
2328
1796
1225
693
228
-172
-512
-762
-895
-928
-942
-1027
-1232
-1543
-1907
-2271
-2602
-2892
-3134
-3295
-3299
-3093
-2696
-2194
-1666
-1139
-622
-146
253
552
745
820
789
706
639
631
701
887
1240
1762
2359
2908
3342
3670
3899
3971
3788
3308
2589
1763
957
243
-351
-802
-1080
-1173
-1123
-1009
-883
-757
-647
-613
-713
-959
-1291
-1624
-1872
-1986
-1961
-1805
-1508
-1044
-436
225
835
1336
1707
1925
1966
1834
1558
1179
746
326
-26
-293
-500
-660
-772
-832
-871
-939
-1077
-1295
-1561
-1836
-2095
-2328
-2506
-2581
-2523
-2344
-2074
-1730
-1324
-893
-484
-132
159
385
535
603
612
597
587
607
703
934
1325
1824
2328
2760
3107
3384
3568
3584
3364
2912
2301
1635
995
426
-53
-427
-675
-787
-787
-718
-615
-507
-444
-491
-665
-924
-1205
-1485
-1748
-1949
-2002
-1850
-1499
-1011
-468
61
529
917
1202
1355
1348
1188
913
582
249
-41
-265
-420
-519
-581
-627
-671
-723
-797
-919
-1115
-1371
-1631
-1838
-1979
-2076
-2128
-2092
-1923
-1625
-1259
-889
-549
-239
43
283
453
537
542
506
478
503
616
840
1196
1675
2213
2701
3052
3255
3346
3320
3113
2675
2056
1383
754
190
-301
-665
-848
-866
-792
-673
-510
-332
-231
-278
-459
-702
-970
-1247
-1492
-1638
-1637
-1485
-1191
-765
-260
228
620
906
1112
1230
1211
1026
718
374
59
-211
-441
-631
-775
-866
-897
-873
-830
-828
-913
-1077
-1268
-1432
-1552
-1634
-1677
-1664
-1577
-1413
-1185
-911
-613
-315
-38
209
421
595
714
766
758
726
718
750
807
870
947
1066
1242
1450
1645
1789
1874
1915
1914
1845
1679
1418
1104
791
521
318
197
151
145
136
112
94
93
82
13
-136
-339
-540
-698
-805
-881
-942
-981
-975
-901
-762
-593
-451
-366
-323
-284
-247
-249
-316
-422
-515
-574
-614
-653
-690
-713
-717
-702
-669
-632
-612
-626
-669
-714
-742
-751
-751
-741
-709
-640
-533
-393
-219
-17
184
342
440
496
536
560
548
492
419
368
359
392
459
559
693
849
1009
1149
1256
1316
1322
1267
1162
1030
900
789
696
616
544
478
419
367
324
291
255
201
119
12
-118
-273
-455
-650
-825
-948
-1011
-1026
-1004
-948
-859
-755
-665
-609
-584
-575
-563
-540
-504
-454
-399
-347
-304
-270
-241
-215
-187
-159
-139
-144
-179
-226
-256
-257
-251
-262
-285
-285
-239
-162
-93
-51
-22
22
82
135
154
138
114
111
138
188
248
318
405
509
619
721
803
864
909
942
963
967
954
926
884
821
731
629
550
516
506
472
392
291
205
136
53
-61
-189
-305
-406
-502
-600
-688
-749
-781
-787
-778
-758
-730
-693
-650
-612
-586
-565
-535
-487
-432
-382
-334
-276
-208
-147
-112
-108
-123
-139
-152
-169
-201
-245
-288
-317
-327
-314
-276
-215
-145
-84
-39
-8
20
48
79
106
117
112
104
113
146
193
246
304
368
430
477
505
522
537
552
562
563
554
539
524
519
527
539
545
544
535
514
472
407
330
253
174
91
5
-72
-134
-190
-253
-321
-376
-404
-410
-414
-433
-465
-490
-496
-481
-462
-454
-459
-463
-444
-401
-351
-309
-276
-237
-187
-139
-104
-86
-83
-89
-104
-128
-156
-178
-187
-177
-148
-108
-69
-39
-12
20
58
94
112
111
99
85
76
67
57
49
55
75
102
127
147
168
192
221
252
278
293
291
278
263
253
245
242
249
274
310
337
337
312
287
280
286
278
236
166
95
41
0
-46
-106
-167
-211
-229
-235
-243
-257
-266
-261
-254
-262
-291
-328
-353
-358
-351
-344
-336
-318
-286
-251
-224
-200
-167
-118
-68
-35
-24
-25
-26
-24
-19
-14
-3
20
58
108
156
189
205
206
195
167
121
64
12
-23
-41
-46
-42
-30
-9
15
39
61
82
102
111
100
71
41
28
36
49
59
67
88
125
168
205
227
237
234
214
171
102
20
-47
-80
-78
-63
-55
-56
-48
-21
15
34
20
-19
-60
-89
-114
-145
-176
-192
-181
-148
-110
-78
-55
-37
-26
-27
-42
-66
-93
-125
-159
-187
-191
-159
-103
-40
19
78
135
185
214
219
207
187
160
125
80
38
12
9
20
33
43
56
74
88
86
62
27
-7
-34
-62
-95
-125
-133
-111
-71
-32
-4
20
49
81
106
114
104
84
56
21
-20
-62
-94
-108
-100
-77
-49
-25
-7
6
14
14
8
-5
-25
-54
-90
-127
-154
-163
-152
-128
-98
