-4
-6
-8
-12
-15
-14
-10
-5
0
2
-1
-8
-15
-17
-12
-2
8
13
12
7
1
-2
-1
0
-1
-5
-9
-9
-8
-7
-7
-5
0
7
11
7
-3
-13
-18
-16
-9
-1
4
6
5
0
-4
-6
-5
-4
-3
-3
-3
-3
2
11
22
29
27
18
7
-5
-17
-30
-39
-42
-37
-27
-12
11
42
84
134
186
221
219
164
59
-75
-210
-316
-366
-341
-244
-102
45
165
236
245
191
88
-28
-117
-150
-121
-51
28
92
128
132
103
46
-17
-58
-61
-34
-3
16
18
7
-19
-63
-116
-161
-176
-157
-113
-63
-20
14
37
43
25
-10
-45
-63
-64
-51
-27
4
39
67
85
89
78
52
19
-11
-31
-39
-32
-14
6
19
29
38
42
35
19
-2
-20
-34
-40
-37
-30
-25
-23
-21
-19
-16
-15
-14
-12
-10
-11
-12
-6
9
28
39
35
20
3
-11
-23
-35
-46
-52
-50
-43
-35
-31
-28
-26
-23
-20
-17
-16
-15
-14
-12
-9
-7
-8
-11
-7
6
24
32
29
23
26
40
56
68
77
89
106
122
129
127
122
119
118
111
99
84
72
64
57
50
45
40
27
4
-21
-36
-38
-32
-27
-25
-22
-17
-17
-27
-39
-43
-38
-36
-44
-53
-54
-47
-45
-52
-61
-60
-51
-44
-48
-62
-82
-107
-139
-177
-213
-234
-232
-214
-187
-163
-142
-126
-114
-109
-111
-121
-132
-134
-119
-88
-47
-3
37
73
104
131
153
175
201
230
261
293
327
364
400
429
446
452
447
428
394
346
290
236
186
140
99
66
39
12
-22
-61
-103
-150
-200
-250
-290
-313
-325
-332
-338
-337
-326
-308
-292
-281
-270
-258
-245
-237
-236
-239
-237
-226
-204
-178
-156
-139
-123
-107
-94
-91
-98
-107
-110
-103
-90
-75
-63
-59
-62
-67
-67
-62
-51
-31
15
104
240
402
544
628
642
613
575
544
509
455
388
339
327
341
355
348
321
272
196
93
-20
-125
-221
-317
-403
-451
-456
-439
-423
-398
-345
-274
-218
-196
-185
-157
-105
-43
26
107
190
254
292
321
346
347
301
221
148
100
61
14
-36
-74
-106
-150
-207
-259
-305
-367
-453
-539
-588
-600
-597
-584
-544
-465
-372
-301
-258
-229
-203
-187
-186
-188
-186
-189
-199
-190
-112
73
353
663
912
1036
1041
997
962
919
807
617
429
336
347
395
431
459
478
444
317
129
-54
-215
-393
-597
-760
-810
-764
-702
-661
-605
-498
-375
-295
-260
-219
-150
-89
-63
-27
80
245
394
491
568
655
716
689
582
456
350
244
122
12
-48
-73
-108
-164
-219
-271
-353
-479
-609
-694
-735
-767
-795
-791
-741
-663
-576
-476
-366
-275
-227
-210
-195
-177
-179
-205
-217
-163
-14
237
569
911
1156
1239
1206
1164
1148
1080
890
634
448
397
425
452
474
511
529
458
292
103
-71
-275
-550
-828
-995
-1030
-1019
-1013
-961
-807
-612
-480
-420
-344
-219
-118
-113
-143
-94
55
218
336
450
610
778
866
847
766
663
534
379
229
110
5
-105
-204
-261
-292
-349
-455
-571
-651
-702
-759
-827
-875
-883
-861
-821
-747
-627
-488
-379
-318
-284
-253
-236
-246
-275
-283
-219
-34
287
693
1066
1298
1393
1445
1508
1514
1366
1083
803
632
552
495
462
494
566
580
481
324
170
-14
-301
-664
-977
-1155
-1238
-1285
-1276
-1156
-954
-772
-652
-529
-352
-173
-84
-82
-73
5
129
257
402
587
782
928
1001
1019
986
880
710
520
342
153
-59
-240
-329
-344
-370
-450
-539
-585
-616
-686
-799
-910
-991
-1047
-1071
-1035
-940
-823
-714
-595
-444
-286
-179
-148
-171
-211
-250
-247
-111
230
713
1149
1399
1512
1646
1839
1942
1799
1452
1102
891
788
701
619
590
607
589
496
374
259
97
-190
-582
-965
-1259
-1472
-1627
-1690
-1625
-1462
-1272
-1074
-833
-550
-308
-181
-146
-104
3
164
348
539
724
873
981
1074
1167
1212
1146
971
755
553
359
147
-65
-245
-390
-523
-641
-717
-759
-811
-899
-993
-1066
-1142
-1256
-1365
-1382
-1288
-1167
-1083
-1002
-846
-624
-423
-310
-273
-267
-242
-119
199
729
1346
1864
2217
2498
2817
3134
3281
3149
2804
2424
2119
1886
1670
1464
1289
1144
984
790
573
319
-45
-590
-1282
-2002
-2649
-3196
-3612
-3832
-3817
-3628
-3357
-3023
-2558
-1955
-1317
-768
-326
73
464
827
1162
1521
1921
2305
2593
2792
2948
3066
3067
2884
2518
2024
1441
806
153
-484
-1101
-1685
-2187
-2550
-2782
-2963
-3162
-3374
-3556
-3704
-3833
-3928
-3927
-3813
-3621
-3399
-3122
-2749
-2293
-1842
-1451
-1096
-703
-236
327
1046
1995
3141
4293
5234
5898
6373
6714
6839
6620
6077
5382
4719
4143
3644
3223
2881
2540
2108
1573
999
382
-377
-1334
-2396
-3400
-4271
-4990
-5513
-5760
-5739
-5537
-5204
-4682
-3936
-3053
-2183
-1382
-630
54
593
999
1420
1955
2503
2870
3033
3158
3374
3579
3586
3330
2911
2406
1821
1158
487
-160
-839
-1591
-2319
-2862
-3176
-3363
-3530
-3680
-3777
-3823
-3847
-3831
-3746
-3602
-3457
-3311
-3113
-2825
-2484
-2131
-1767
-1375
-951
-443
292
1362
2659
3884
4798
5416
5930
6432
6795
6798
6379
5688
4951
4301
3791
3444
3244
3068
2761
2276
1716
1156
506
-373
-1459
-2555
-3511
-4337
-5069
-5587
-5744
-5571
-5269
-4934
-4451
-3700
-2796
-1963
-1297
-714
-140
400
892
1399
1953
2454
2797
3021
3260
3506
3593
3397
3016
2613
2217
1715
1072
385
-269
-940
-1658
-2305
-2726
-2948
-3157
-3439
-3681
-3752
-3697
-3637
-3606
-3541
-3432
-3316
-3189
-2975
-2657
-2315
-2030
-1772
-1448
-976
-316
575
1693
2915
4010
4812
5379
5888
6379
6642
6469
5922
5302
4810
4409
3988
3587
3290
3040
2654
2071
1433
864
273
-526
-1554
-2636
-3603
-4410
-5029
-5393
-5476
-5382
-5204
-4887
-4292
-3432
-2498
-1683
-1023
-470
8
433
874
1388
1905
2284
2484
2643
2894
3186
3321
3196
2883
2514
2113
1630
1036
365
-355
-1099
-1799
-2356
-2738
-3013
-3247
-3419
-3481
-3468
-3453
-3460
-3435
-3373
-3340
-3381
-3402
-3280
-2988
-2632
-2302
-1981
-1555
-887
122
1441
2836
3977
4714
5203
5689
6176
6402
6177
5626
5066
4664
4362
4044
3733
3482
3248
2904
2432
1931
1439
821
-71
-1178
-2288
-3259
-4098
-4786
-5216
-5332
-5258
-5136
-4920
-4430
-3645
-2778
-2049
-1466
-919
-382
79
465
865
1302
1696
2007
2333
2742
3134
3313
3236
3017
2756
2414
1931
1314
623
-120
-881
-1568
-2079
-2428
-2720
-3005
-3204
-3237
-3176
-3165
-3245
-3305
-3277
-3247
-3341
-3503
-3536
-3314
-2925
-2536
-2203
-1815
-1207
-262
994
2347
3484
4239
4742
5263
5847
6219
6112
5609
5073
4726
4486
4186
3856
3623
3461
3167
2659
2092
1631
1178
486
-520
-1652
-2686
-3561
-4290
-4831
-5116
-5193
-5150
-4964
-4514
-3794
-2985
-2279
-1679
-1090
-499
4
396
764
1156
1502
1735
1934
2215
2563
2832
2943
2932
2837
2587
2135
1560
982
385
-334
-1157
-1874
-2307
-2509
-2675
-2887
-3067
-3148
-3180
-3246
-3321
-3352
-3361
-3419
-3496
-3477
-3304
-3064
-2829
-2538
-2043
-1270
-246
939
2154
3224
4041
4671
5254
5777
6027
5858
5405
4956
4624
4316
3964
3682
3556
3462
3178
2688
2179
1754
1270
528
-455
-1487
-2425
-3269
-4014
-4572
-4873
-4980
-4979
-4836
-4427
-3745
-2960
-2264
-1689
-1155
-613
-93
377
790
1119
1331
1476
1693
2045
2431
2674
2732
2690
2611
2434
2097
1631
1105
509
-198
-958
-1613
-2070
-2387
-2659
-2884
-3001
-3023
-3034
-3080
-3128
-3165
-3237
-3368
-3460
-3405
-3219
-3026
-2866
-2621
-2123
-1318
-269
912
2097
3139
3950
4572
5106
5548
5760
5649
5299
4891
4514
4161
3834
3593
3431
3250
2969
2646
2356
2028
1486
658
-329
-1320
-2264
-3161
-3924
-4453
-4768
-4982
-5083
-4900
-4334
-3556
-2835
-2250
-1664
-994
-361
80
349
587
849
1073
1241
1452
1774
2135
2393
2516
2547
2514
2381
2145
1825
1390
739
-130
-1038
-1752
-2208
-2529
-2830
-3082
-3197
-3176
-3105
-3048
-3001
-2975
-3010
-3124
-3239
-3264
-3174
-3038
-2904
-2721
-2343
-1628
-545
757
2029
3073
3882
4582
5230
5715
5867
5651
5194
4660
4135
3687
3391
3291
3289
3219
2998
2706
2440
2145
1644
851
-113
-1067
-1957
-2832
-3665
-4323
-4713
-4882
-4891
-4705
-4254
-3587
-2850
-2154
-1507
-893
-318
193
612
888
981
963
1019
1284
1686
2030
2208
2297
2394
2482
2459
2281
1949
1442
717
-151
-972
-1586
-2019
-2396
-2773
-3073
-3214
-3202
-3094
-2955
-2852
-2866
-3006
-3170
-3217
-3135
-3026
-2972
-2912
-2699
-2210
-1401
-302
959
2174
3160
3907
4560
5216
5750
5918
5632
5084
4553
4150
3815
3488
3195
2940
2692
2458
2318
2262
2105
1634
830
-132
-1100
-2033
-2919
-3690
-4290
-4729
-5012
-5048
-4734
-4113
-3383
-2695
-2037
-1340
-656
-112
266
587
911
1138
1186
1168
1309
1643
1981
2150
2201
2262
2348
2356
2213
1891
1364
630
-192
-933
-1524
-2042
-2544
-2962
-3193
-3241
-3199
-3126
-3025
-2927
-2920
-3027
-3143
-3133
-3012
-2904
-2878
-2835
-2600
-2051
-1180
-61
1153
2274
3189
3945
4665
5339
5777
5799
5452
4961
4505
4089
3683
3326
3074
2861
2598
2324
2177
2138
1972
1465
661
-238
-1121
-2006
-2891
-3674
-4278
-4714
-4986
-4994
-4649
-4018
-3294
-2600
-1922
-1220
-538
61
557
946
1171
1192
1110
1117
1309
1580
1773
1848
1902
2012
2151
2212
2104
1765
1186
433
-348
-1024
-1580
-2105
-2643
-3121
-3417
-3494
-3409
-3232
-3025
-2865
-2831
-2893
-2924
-2838
-2721
-2706
-2781
-2739
-2373
-1640
-651
455
1556
2553
3399
4136
4822
5391
5665
5536
5123
4657
4263
3885
3468
3078
2816
2652
2472
2223
1960
1700
1360
849
167
-623
-1482
-2361
-3175
-3850
-4401
-4843
-5080
-4952
-4449
-3757
-3079
-2430
-1720
-941
-219
347
774
1105
1320
1401
1432
1527
1685
1789
1788
1774
1864
2026
2118
2020
1728
1285
729
97
-550
-1168
-1757
-2328
-2836
-3197
-3370
-3382
-3297
-3162
-3030
-2939
-2893
-2837
-2743
-2647
-2621
-2644
-2583
-2284
-1692
-854
126
1132
2072
2928
3750
4546
5201
5549
5540
5278
4899
4445
3937
3470
3164
2984
2776
2455
2142
1977
1907
1710
1241
545
-243
-1046
-1848
-2621
-3329
-3949
-4458
-4765
-4769
-4462
-3965
-3408
-2817
-2139
-1378
-619
50
602
1026
1296
1414
1464
1547
1666
1745
1744
1734
1782
1865
1889
1810
1633
1353
936
397
-190
-763
-1340
-1951
-2548
-3009
-3255
-3319
-3292
-3241
-3182
-3126
-3073
-3002
-2869
-2686
-2526
-2453
-2403
-2205
-1705
-905
46
965
1775
2532
3332
4163
4870
5272
5335
5176
4907
4547
4087
3622
3276
3062
2850
2550
2220
1967
1760
1455
975
383
-240
-904
-1635
-2388
-3068
-3644
-4115
-4447
-4560
-4431
-4115
-3667
-3091
-2393
-1634
-905
-244
357
892
1307
1561
1691
1767
1821
1821
1769
1729
1756
1790
1738
1584
1401
1193
873
386
-177
-694
-1162
-1668
-2220
-2701
-3012
-3177
-3279
-3343
-3357
-3332
-3305
-3250
-3103
-2861
-2618
-2436
-2237
-1859
-1225
-402
474
1305
2061
2761
3429
4056
4572
4886
4959
4825
4573
4278
3994
3725
3442
3101
2716
2364
2113
1905
1596
1098
483
-102
-610
-1127
-1742
-2425
-3073
-3606
-4004
-4230
-4247
-4069
-3775
-3395
-2883
-2201
-1432
-713
-116
392
849
1238
1537
1762
1929
2007
1966
1843
1745
1728
1747
1695
1522
1240
893
513
123
-273
-697
-1183
-1711
-2197
-2559
-2801
-2998
-3195
-3372
-3476
-3493
-3431
-3300
-3107
-2897
-2709
-2518
-2203
-1652
-862
28
855
1549
2174
2836
3564
4242
4683
4796
4665
4476
4328
4182
3954
3654
3353
3092
2835
2554
2261
1967
1610
1117
500
-145
-749
-1331
-1934
-2548
-3121
-3615
-3988
-4175
-4116
-3846
-3473
-3084
-2658
-2130
-1484
-782
-104
496
993
1386
1707
1997
2232
2334
2254
2077
1946
1924
1913
1786
1509
1155
795
449
106
-243
-632
-1099
-1623
-2109
-2475
-2742
-2987
-3243
-3464
-3598
-3621
-3540
-3361
-3131
-2904
-2701
-2449
-2042
-1420
-625
243
1073
1796
2425
3038
3683
4281
4661
4734
4593
4410
4265
4111
3894
3620
3320
2984
2622
2294
2056
1844
1504
951
270
-380
-943
-1484
-2070
-2669
-3223
-3699
-4061
-4207
-4080
-3768
-3451
-3173
-2804
-2227
-1510
-801
-171
395
893
1301
1660
2037
2388
2549
2442
2195
2019
1966
1914
1730
1418
1042
638
213
-187
-522
-830
-1210
-1685
-2156
-2512
-2749
-2953
-3178
-3404
-3578
-3672
-3656
-3516
-3279
-3035
-2833
-2607
-2199
-1514
-608
345
1195
1898
2517
3142
3792
4368
4712
4751
4570
4340
4163
4019
3826
3547
3185
2779
2396
2126
1985
1856
1555
1013
338
-316
-901
-1490
-2135
-2802
-3402
-3870
-4156
-4223
-4069
-3778
-3453
-3124
-2719
-2165
-1476
-764
-137
362
771
1169
1604
2039
2366
2502
2468
2376
2294
2203
2041
1802
1507
1157
726
260
-134
-410
-681
-1092
-1635
-2137
-2465
-2664
-2860
-3103
-3338
-3521
-3649
-3704
-3628
-3425
-3179
-2961
-2701
-2253
-1548
-673
235
1086
1852
2535
3170
3786
4337
4688
4739
4557
4309
4110
3941
3751
3516
3236
2894
2537
2280
2182
2089
1753
1100
336
-298
-798
-1350
-2053
-2791
-3396
-3816
-4087
-4200
-4123
-3902
-3650
-3386
-2994
-2367
-1582
-831
-228
273
771
1291
1792
2223
2534
2668
2629
2510
2430
2388
2266
1972
1552
1110
704
331
-8
-327
-685
-1136
-1632
-2049
-2323
-2536
-2812
-3165
-3494
-3699
-3778
-3774
-3696
-3516
-3241
-2915
-2558
-2104
-1459
-610
332
1211
1941
2567
3186
3831
4407
4758
4815
4657
4426
4198
3975
3744
3513
3250
2916
2547
2284
2183
2093
1762
1118
348
-323
-862
-1411
-2062
-2761
-3396
-3907
-4253
-4374
-4237
-3929
-3595
-3290
-2919
-2376
-1683
-971
-347
183
666
1147
1643
2133
2535
2752
2765
2678
2606
2550
2399
2086
1654
1204
785
403
52
-274
-635
-1089
-1599
-2030
-2298
-2472
-2685
-2988
-3308
-3564
-3730
-3813
-3795
-3667
-3451
-3184
-2848
-2384
-1749
-968
-112
740
1535
2260
2941
3605
4210
4635
4776
4667
4467
4314
4195
4006
3694
3327
2998
2745
2538
2345
2122
1796
1292
625
-89
-749
-1361
-1996
-2653
-3264
-3764
-4130
-4320
-4287
-4067
-3788
-3508
-3130
-2533
-1777
-1058
-487
16
563
1141
1651
2052
2369
2583
2647
2579
2496
2451
2368
2132
1769
1385
1039
680
277
-138
-531
-930
-1365
-1798
-2157
-2436
-2697
-2973
-3236
-3443
-3601
-3713
-3748
-3650
-3434
-3155
-2843
-2454
-1925
-1240
-434
433
1294
2092
2810
3470
4071
4531
4753
4741
4612
4459
4271
3997
3672
3371
3112
2821
2477
2161
1942
1728
1344
740
58
-548
-1094
-1705
-2423
-3129
-3675
-4008
-4171
-4206
-4124
-3919
-3600
-3171
-2641
-2032
-1391
-751
-127
471
1026
1525
1974
2357
2629
2751
2757
2724
2681
2559
2295
1910
1509
1142
784
389
-19
-403
-775
-1176
-1597
-1972
-2271
-2545
-2859
-3192
-3464
-3618
-3677
-3678
-3624
-3487
-3266
-2967
-2585
-2086
-1447
-683
155
1000
1778
2455
3068
3687
4292
4736
4877
4753
4557
4414
4270
4013
3659
3313
3036
2778
2497
2207
1906
1518
980
347
-267
-840
-1462
-2175
-2889
-3470
-3887
-4183
-4367
-4384
-4218
-3921
-3539
-3035
-2372
-1612
-895
-297
237
810
1435
2011
2428
2659
2760
2792
2780
2698
2516
2224
1866
1499
1163
838
497
130
-252
-658
-1087
-1504
-1850
-2126
-2404
-2730
-3061
-3318
-3486
-3610
-3705
-3716
-3601
-3384
-3118
-2796
-2364
-1785
-1087
-312
510
1342
2125
2821
3443
4006
4454
4684
4679
4546
4414
4294
4115
3837
3520
3223
2951
2671
2388
2093
1720
1196
547
-101
-673
-1228
-1870
-2587
-3251
-3747
-4082
-4301
-4398
-4310
-4031
-3631
-3186
-2696
-2117
-1443
-728
-32
613
1197
1716
2171
2557
2828
2936
2888
2767
2625
2440
2150
1773
1385
1042
719
372
-16
-427
-850
-1265
-1647
-1984
-2309
-2668
-3039
-3349
-3543
-3659
-3754
-3819
-3765
-3547
-3216
-2861
-2499
-2068
-1494
-764
82
961
1772
2451
3026
3582
4141
4599
4827
4826
4704
4548
4333
4036
3715
3447
3184
2819
2352
1934
1657
1404
976
335
-372
-1013
-1598
-2197
-2805
-3353
-3793
-4125
-4319
-4332
-4163
-3890
-3563
-3144
-2562
-1834
-1069
-357
300
928
1515
2023
2442
2772
2967
2969
2795
2560
2354
2168
1918
1584
1220
883
565
246
-84
-431
-828
-1284
-1746
-2140
-2470
-2814
-3197
-3535
-3723
-3763
-3731
-3679
-3563
-3330
-2986
-2593
-2175
-1696
-1085
-322
528
1342
2039
2629
3186
3752
4279
4662
4829
4810
4696
4555
4370
4107
3767
3391
2991
2568
2150
1797
1487
1108
569
-79
-705
-1257
-1793
-2366
-2927
-3405
-3788
-4101
-4292
-4277
-4056
-3739
-3395
-2965
-2353
-1584
-789
-69
577
1187
1767
2282
2682
2928
3003
2934
2777
2583
2353
2077
1752
1400
1030
651
266
-100
-441
-783
-1168
-1587
-1971
-2265
-2499
-2761
-3080
-3396
-3617
-3719
-3726
-3664
-3526
-3308
-3014
-2658
-2226
-1690
-1019
-225
614
1390
2056
2668
3315
3980
4518
4792
4806
4689
4549
4391
4165
3881
3579
3260
2863
2390
1948
1637
1386
1009
419
-266
-879
-1400
-1937
-2561
-3201
-3746
-4130
-4347
-4388
-4265
-4020
-3705
-3302
-2756
-2052
-1274
-529
141
770
1386
1965
2451
2800
2996
3034
2945
2783
2594
2363
2060
1682
1277
881
497
125
-211
-516
-850
-1269
-1732
-2134
-2428
-2687
-2996
-3328
-3585
-3715
-3764
-3756
-3656
-3412
-3062
-2681
-2299
-1862
-1315
-646
118
928
1709
2391
2973
3524
4078
4557
4827
4840
4699
4535
4390
4199
3916
3560
3174
2761
2332
1933
1594
1247
782
181
-455
-1033
-1584
-2178
-2800
-3347
-3767
-4085
-4318
-4397
-4258
-3937
-3538
-3099
-2563
-1885
-1120
-372
314
963
1591
2159
2613
2928
3098
3118
3019
2865
2705
2492
2142
1649
1131
700
358
17
-373
-783
-1164
-1505
-1818
-2113
-2406
-2717
-3038
-3308
-3479
-3569
-3646
-3704
-3664
-3456
-3113
-2713
-2298
-1843
-1315
-695
27
832
1636
2344
2949
3537
4139
4636
4872
4841
4699
4557
4384
4107
3770
3457
3165
2799
2341
1880
1485
1090
595
8
-567
-1075
-1580
-2149
-2748
-3275
-3690
-4017
-4262
-4350
-4223
-3911
-3508
-3056
-2528
-1886
-1159
-412
305
972
1585
2129
2587
2924
3103
3113
3013
2883
2746
2534
2187
1730
1256
813
399
8
-336
-654
-1015
-1452
-1889
-2230
-2492
-2778
-3123
-3426
-3585
-3621
-3635
-3643
-3561
-3322
-2977
-2609
-2237
-1803
-1267
-630
88
859
1625
2316
2921
3491
4056
4539
4809
4817
4663
4492
4356
4180
3889
3496
3080
2676
2278
1884
1513
1136
676
101
-523
-1105
-1635
-2159
-2695
-3201
-3641
-3997
-4249
-4340
-4249
-4015
-3705
-3312
-2780
-2080
-1276
-467
278
946
1538
2056
2500
2861
3102
3172
3068
2847
2582
2296
1973
1605
1222
854
498
129
-258
-645
-1019
-1389
-1765
-2140
-2491
-2805
-3088
-3342
-3564
-3726
-3798
-3750
-3591
-3354
-3079
-2757
-2363
-1883
-1339
-733
-47
716
1484
2171
2754
3288
3814
4289
4621
4747
4699
4556
4380
4166
3886
3531
3127
2705
2285
1880
1495
1106
663
140
-433
-991
-1505
-1992
-2476
-2942
-3366
-3734
-4024
-4171
-4133
-3944
-3687
-3360
-2875
-2190
-1436
-799
-312
180
812
1519
2097
2414
2515
2516
2485
2410
2273
2055
1750
1365
949
557
197
-177
-585
-986
-1327
-1620
-1916
-2236
-2548
-2822
-3081
-3348
-3599
-3773
-3838
-3808
-3719
-3582
-3379
-3073
-2648
-2131
-1568
-962
-267
531
1348
2058
2622
3128
3668
4200
4579
4715
4676
4597
4519
4354
4028
3589
3155
2783
2438
2081
1707
1303
843
373
30
-83
-29
35
20
-23
-19
26
31
-62
-243
-435
-560
-570
-463
-258
22
358
734
1137
1537
1883
2139
2315
2444
2519
2486
2316
2063
1808
1580
1338
1050
738
446
192
-38
-261
-483
-709
-948
-1189
-1411
-1609
-1804
-2002
-2183
-2312
-2384
-2410
-2385
-2274
-2076
-1832
-1595
-1359
-1077
-712
-278
189
664
1127
1552
1931
2282
2616
2903
3083
3139
3107
3040
2949
2822
2649
2437
2179
1874
1545
1239
972
698
353
-64
-490
-870
-1212
-1563
-1931
-2281
-2573
-2797
-2938
-2968
-2869
-2678
-2452
-2204
-1871
-1399
-826
-253
255
715
1171
1616
1997
2266
2405
2424
2343
2196
2004
1768
1478
1145
788
435
104
-179
-413
-626
-866
-1139
-1403
-1614
-1784
-1959
-2157
-2353
-2508
-2612
-2665
-2662
-2592
-2466
-2290
-2061
-1772
-1434
-1058
-628
-111
488
1096
1630
2070
2465
2858
3215
3451
3534
3515
3464
3374
3193
2903
2571
2261
1979
1687
1383
1092
814
495
92
-370
-829
-1245
-1635
-2017
-2391
-2724
-2988
-3161
-3237
-3216
-3112
-2926
-2647
-2249
-1739
-1153
-538
73
659
1199
1675
2076
2394
2597
2642
2513
2269
2002
1767
1527
1229
873
530
252
17
-237
-532
-830
-1092
-1324
-1562
-1816
-2062
-2277
-2466
-2641
-2803
-2921
-2953
-2861
-2657
-2395
-2136
-1875
-1562
-1167
-717
-250
241
781
1344
1863
2307
2710
3114
3487
3742
3819
3748
3615
3478
3322
3107
2812
2459
2077
1699
1346
1026
700
317
-135
-608
-1048
-1449
-1837
-2225
-2589
-2904
-3152
-3313
-3352
-3268
-3105
-2906
-2637
-2225
-1643
-963
-290
327
896
1432
1924
2356
2696
2889
2876
2676
2388
2112
1843
1523
1132
729
361
22
-311
-610
-847
-1052
-1292
-1579
-1854
-2073
-2261
-2472
-2695
-2872
-2960
-2980
-2961
-2899
-2758
-2529
-2234
-1907
-1546
-1131
-642
-80
537
1171
1777
2323
2801
3217
3556
3786
3891
3898
3843
3729
3514
3192
2817
2476
2188
1908
1587
1238
893
544
141
-331
-822
-1271
-1670
-2055
-2439
-2801
-3105
-3338
-3475
-3488
-3365
-3131
-2808
-2395
-1881
-1284
-639
22
677
1287
1811
2237
2569
2796
2881
2807
2608
2354
2078
1771
1405
1003
612
265
-56
-383
-713
-1009
-1260
-1495
-1749
-2012
-2251
-2460
-2668
-2888
-3078
-3179
-3168
-3078
-2939
-2745
-2467
-2102
-1680
-1237
-776
-271
298
906
1497
2022
2475
2890
3283
3629
3864
3951
3903
3773
3597
3397
3180
2948
2673
2325
1910
1487
1105
749
360
-86
-552
-989
-1396
-1807
-2234
-2643
-2974
-3210
-3358
-3430
-3397
-3238
-2966
-2616
-2193
-1680
-1078
-442
173
753
1311
1840
2302
2665
2906
3002
2926
2700
2402
2105
1800
1433
987
529
132
-192
-495
-811
-1131
-1431
-1706
-1961
-2190
-2394
-2582
-2774
-2960
-3104
-3157
-3115
-3015
-2905
-2774
-2563
-2218
-1764
-1274
-804
-328
219
856
1518
2114
2613
3048
3453
3800
4029
4110
4067
3941
3763
3547
3310
3038
2705
2298
1858
1442
1077
736
377
-33
-492
-970
-1429
-1852
-2251
-2630
-2978
-3268
-3476
-3566
-3511
-3318
-3036
-2704
-2309
-1807
-1180
-467
263
942
1524
2006
2427
2811
3112
3219
3078
2772
2453
2179
1882
1470
957
440
10
-317
-571
-808
-1081
-1403
-1725
-1982
-2159
-2313
-2512
-2759
-2996
-3149
-3197
-3161
-3074
-2934
-2726
-2444
-2110
-1739
-1336
-892
-404
140
743
1376
1973
2489
2933
3340
3713
4006
4172
4205
4133
3983
3766
3486
3167
2825
2465
2067
1629
1185
777
398
1
-446
-923
-1384
-1809
-2198
-2554
-2874
-3160
-3394
-3537
-3537
-3392
-3138
-2807
-2387
-1859
-1239
-576
91
739
1339
1860
2295
2673
2986
3169
3151
2952
2659
2337
1968
1524
1029
560
148
-224
-579
-902
-1182
-1443
-1711
-1966
-2169
-2329
-2500
-2714
-2926
-3070
-3126
-3131
-3096
-3001
-2821
-2572
-2265
-1891
-1432
-918
-396
119
664
1258
1863
2404
2850
3230
3571
3848
4006
4037
3991
3913
3773
3520
3168
2803
2469
2133
1739
1309
905
533
129
-353
-867
-1344
-1767
-2173
-2570
-2917
-3175
-3356
-3473
-3497
-3373
-3110
-2773
-2410
-1988
-1444
-777
-64
617
1242
1822
2340
2739
2988
3109
3141
3063
2832
2445
1985
1532
1098
639
149
-308
-657
-902
-1105
-1323
-1554
-1769
-1963
-2162
-2394
-2644
-2873
-3037
-3124
-3141
-3112
-3047
-2926
-2705
-2368
-1950
-1520
-1097
-653
-153
391
950
1505
2037
2512
2916
3277
3624
3924
4090
4092
3988
3850
3671
3403
3049
2683
2341
1983
1558
1090
638
214
-223
-696
-1174
-1619
-2019
-2379
-2689
-2942
-3134
-3268
-3321
-3265
-3087
-2814
-2478
-2087
-1621
-1070
-460
157
743
1294
1818
2316
2756
3082
3227
3175
2968
2683
2357
1985
1557
1096
621
137
-348
-786
-1137
-1401
-1614
-1801
-1976
-2161
-2376
-2605
-2792
-2898
-2936
-2959
-2985
-2986
-2902
-2707
-2417
-2078
-1712
-1318
-893
-449
8
491
1020
1577
2110
2574
2970
3335
3686
3982
4147
4142
4000
3796
3577
3340
3048
2684
2260
1809
1351
908
489
84
-344
-814
-1293
-1720
-2064
-2352
-2620
-2874
-3084
-3218
-3246
-3155
-2953
-2684
-2368
-1989
-1512
-944
-335
273
868
1446
1979
2432
2786
3034
3150
3106
2905
2601
2243
1842
1380
873
374
-67
-448
-778
-1065
-1309
-1532
-1762
-1995
-2199
-2358
-2509
-2695
-2907
-3075
-3137
-3087
-2969
-2815
-2629
-2382
-2055
-1646
-1187
-727
-299
113
555
1054
1580
2075
2498
2849
3158
3446
3701
3876
3928
3852
3700
3521
3323
3061
2703
2262
1792
1343
923
507
70
-382
-827
-1246
-1640
-2008
-2340
-2612
-2827
-2993
-3106
-3131
-3040
-2843
-2579
-2270
-1903
-1458
-950
-412
135
683
1213
1696
2125
2514
2846
3037
3014
2796
2500
2207
1901
1512
1035
529
61
-356
-729
-1064
-1358
-1613
-1835
-2028
-2195
-2347
-2497
-2645
-2783
-2888
-2934
-2898
-2792
-2653
-2515
-2358
-2124
-1777
-1358
-937
-558
-192
216
698
1236
1776
2270
2697
3069
3401
3692
3913
4027
4009
3870
3643
3372
3063
2704
2280
1808
1318
850
435
83
-246
-606
-1007
-1394
-1708
-1956
-2183
-2423
-2662
-2858
-2956
-2930
-2796
-2609
-2391
-2113
-1723
-1223
-662
-86
492
1068
1613
2091
2482
2780
2963
3000
2879
2635
2316
1952
1538
1076
591
131
-271
-604
-882
-1134
-1396
-1671
-1916
-2083
-2173
-2258
-2401
-2597
-2775
-2878
-2898
-2848
-2716
-2499
-2230
-1967
-1720
-1440
-1082
-677
-294
41
386
811
1318
1828
2262
2612
2929
3259
3577
3809
3893
3828
3660
3440
3186
2894
2547
2137
1665
1169
710
330
-3
-363
-788
-1230
-1607
-1885
-2099
-2291
-2458
-2580
-2648
-2686
-2692
-2636
-2477
-2217
-1895
-1539
-1126
-619
-36
549
1067
1513
1916
2284
2580
2765
2809
2710
2472
2133
1748
1360
960
529
74
-358
-736
-1053
-1319
-1543
-1741
-1930
-2103
-2234
-2318
-2396
-2496
-2604
-2677
-2701
-2673
-2580
-2405
-2166
-1903
-1629
-1311
-928
-509
-122
208
519
886
1339
1832
2279
2626
2896
3155
3438
3699
3847
3816
3630
3377
3130
2878
2557
2122
1610
1105
665
289
-55
-389
-718
-1043
-1365
-1661
-1906
-2098
-2273
-2450
-2614
-2714
-2718
-2621
-2442
-2198
-1903
-1542
-1095
-562
14
576
1091
1545
1934
2242
2461
2583
2600
2504
2305
2029
1705
1335
924
487
55
-356
-735
-1065
-1324
-1523
-1698
-1881
-2051
-2172
-2246
-2314
-2412
-2524
-2597
-2589
-2502
-2368
-2221
-2067
-1887
-1644
-1330
-969
-609
-269
62
409
783
1176
1576
1967
2323
2622
2877
3127
3382
3579
3634
3526
3324
3101
2866
2573
2195
1746
1261
770
312
-77
-401
-705
-1023
-1329
-1568
-1726
-1859
-2024
-2224
-2402
-2508
-2517
-2428
-2253
-2031
-1795
-1551
-1256
-867
-392
106
565
977
1370
1763
2123
2390
2527
2544
2464
2306
2066
1745
1343
882
395
-71
-493
-869
-1206
-1494
-1728
-1911
-2054
-2156
-2220
-2265
-2311
-2359
-2384
-2371
-2327
-2259
-2156
-2007
-1821
-1619
-1401
-1139
-809
-441
-89
213
497
818
1201
1614
2000
2329
2607
2862
3098
3297
3427
3469
3416
3278
3065
2795
2483
2136
1744
1304
836
390
10
-306
-604
-925
-1250
-1524
-1712
-1843
-1966
-2108
-2241
-2329
-2339
-2266
-2115
-1911
-1675
-1404
-1061
-627
-133
351
774
1137
1455
1725
1922
2038
2078
2044
1923
1718
1455
1174
887
582
243
-114
-452
-737
-977
-1206
-1451
-1696
-1896
-2023
-2094
-2151
-2214
-2269
-2292
-2271
-2199
-2067
-1874
-1652
-1433
-1224
-995
-725
-427
-146
77
243
398
606
894
1235
1575
1880
2155
2428
2718
3016
3275
3430
3436
3293
3040
2736
2413
2070
1674
1203
679
176
-230
-522
-759
-1010
-1277
-1503
-1639
-1707
-1775
-1884
-2009
-2096
-2108
-2048
-1931
-1770
-1566
-1310
-987
-590
-145
295
685
1017
1306
1558
1758
1890
1945
1919
1808
1616
1357
1062
754
436
99
-250
-576
-834
-1025
-1188
-1361
-1538
-1685
-1782
-1840
-1882
-1928
-1988
-2041
-2049
-1976
-1839
-1691
-1571
-1448
-1263
-996
-697
-430
-212
-18
182
397
629
883
1160
1452
1751
2046
2326
2581
2807
3003
3151
3210
3146
2966
2719
2438
2114
1712
1242
769
358
13
-310
-634
-929
-1160
-1327
-1457
-1574
-1687
-1799
-1897
-1947
-1922
-1836
-1727
-1614
-1469
-1264
-997
-691
-365
-26
315
639
931
1189
1404
1547
1582
1511
1374
1219
1051
843
573
263
-43
-310
-538
-737
-915
-1071
-1206
-1324
-1428
-1517
-1592
-1660
-1725
-1779
-1798
-1767
-1696
-1610
-1519
-1404
-1239
-1027
-798
-582
-385
-192
10
209
383
525
666
854
1111
1411
1699
1952
2187
2433
2671
2847
2916
2887
2792
2646
2431
2133
1762
1351
928
511
114
-246
-562
-834
-1056
-1212
-1294
-1325
-1348
-1393
-1442
-1460
-1432
-1382
-1339
-1301
-1231
-1105
-925
-713
-475
-210
76
360
626
873
1099
1282
1379
1370
1272
1125
947
734
476
185
-117
-406
-662
-865
-1007
-1098
-1166
-1230
-1288
-1334
-1371
-1411
-1451
-1475
-1476
-1463
-1438
-1389
-1300
-1178
-1038
-882
-702
-495
-278
-71
117
285
438
575
700
819
954
1128
1339
1563
1772
1966
2163
2368
2546
2643
2629
2518
2342
2122
1850
1515
1128
728
355
23
-279
-564
-817
-1005
-1113
-1158
-1168
-1166
-1158
-1146
-1131
-1117
-1101
-1081
-1053
-1007
-935
-830
-686
-502
-293
-81
123
321
503
652
751
804
808
751
623
444
246
46
-154
-351
-538
-705
-845
-951
-1022
-1070
-1109
-1136
-1139
-1122
-1101
-1088
-1075
-1054
-1022
-988
-948
-885
-782
-641
-483
-329
-185
-40
119
291
464
619
742
839
936
1059
1208
1358
1488
1603
1719
1842
1950
2016
2026
1987
1910
1799
1641
1425
1160
870
577
290
20
-211
-390
-531
-660
-777
-858
-886
-886
-896
-928
-955
-952
-922
-888
-859
-822
-760
-670
-555
-422
-270
-107
44
156
221
259
296
328
316
235
107
-27
-139
-234
-330
-434
-544
-653
-748
-818
-862
-891
-918
-945
-962
-962
-945
-910
-855
-781
-697
-611
-521
-420
-304
-182
-67
33
117
197
288
397
510
606
677
742
823
926
1037
1139
1234
1333
1436
1528
1593
1627
1631
1604
1538
1433
1296
1132
940
721
491
270
74
-100
-253
-379
-472
-543
-614
-691
-760
-801
-820
-832
-849
-867
-881
-889
-884
-851
-787
-706
-624
-537
-434
-323
-225
-151
-91
-38
-11
-27
-74
-127
-178
-237
-307
-380
-445
-500
-543
-572
-582
-573
-553
-531
-513
-493
-461
-417
-381
-364
-360
-346
-313
-264
-207
-149
-96
-46
8
81
173
272
363
444
523
607
688
757
813
874
953
1047
1137
1208
1262
1311
1358
1388
1388
1352
1285
1193
1079
941
783
610
429
243
63
-98
-228
-328
-410
-483
-552
-613
-663
-706
-744
-778
-806
-831
-855
-874
-881
-871
-843
-797
-734
-659
-575
-487
-394
-297
-205
-130
-81
-55
-43
-46
-71
-120
-179
-229
-263
-293
-329
-364
-377
-353
-313
-285
-282
-284
-264
-225
-193
-187
-199
-206
-195
-166
-126
-78
-28
23
73
128
190
257
325
388
442
485
524
568
619
670
714
756
807
875
952
1024
1078
1112
1130
1129
1104
1052
974
874
754
614
459
302
152
14
-114
-230
-333
-424
-504
-572
-624
-660
-688
-714
-739
-760
-777
-793
-808
-817
-814
-798
-769
-723
-656
-577
-504
-448
-399
-340
-269
-206
-168
-152
-142
-123
-102
-93
-103
-123
-143
-159
-175
-189
-190
-177
-157
-137
-116
-87
-49
-8
29
64
96
126
146
158
165
175
194
223
253
279
300
322
350
384
421
454
479
493
500
506
519
540
559
572
577
578
576
569
553
525
484
434
384
341
300
252
190
122
56
-6
-66
-125
-175
-213
-244
-281
-325
-369
-403
-428
-453
-483
-517
-546
-565
-571
-563
-545
-518
-484
-442
-393
-347
-306
-268
-234
-207
-194
-190
-184
-175
-172
-185
-208
-226
-230
-225
-222
-220
-211
-190
-163
-143
-130
-116
-92
-57
-22
9
37
71
109
145
171
186
198
213
232
251
266
274
277
283
291
300
307
314
321
324
322
321
327
338
348
352
355
356
356
351
344
339
336
323
295
257
224
201
176
135
80
22
-26
-68
-111
-153
-187
-210
-234
-266
-299
-313
-303
-283
-270
-264
-257
-242
-224
-212
-206
-204
-205
-209
-215
-219
-215
-205
-193
-183
-178
-175
-170
-162
-155
-150
-147
-144
-142
-141
-142
-142
-139
-131
-117
-96
-65
-26
16
51
76
96
117
141
162
174
175
172
175
184
193
197
192
182
173
165
154
138
118
103
98
100
99
92
80
68
58
55
60
71
85
96
102
104
102
96
85
73
65
58
48
34
17
-2
-20
-35
-45
-51
-54
-56
-53
-45
-36
-31
-35
-47
-61
-72
-77
-76
-73
-72
-74
-76
-77
-77
-78
-81
-81
-75
-65
-59
-60
-64
-66
-68
-72
-82
-93
-104
-113
-120
-123
-118
-106
-93
-80
-67
-51
-30
-6
20
45
60
64
63
65
74
82
82
75
65
57
50
43
38
39
44
46
43
36
31
30
27
18
5
-5
-7
0
9
17
23
24
20
15
17
25
33
37
40
48
57
59
51
45
48
56
60
59
57
57
55
45
31
22
18
18
17
16
13
8
1
-5
-9
-13
-17
-21
-22
-23
-25
-28
-30
-29
-24
