1
-2
-7
-8
-4
3
9
10
7
5
7
11
13
12
10
8
7
7
6
5
4
5
4
0
-5
-7
-5
0
4
5
3
2
0
1
2
2
0
-4
-7
-9
-8
-7
-6
-5
-4
-5
-8
-12
-12
-8
-2
1
1
1
1
1
-1
-5
-9
-10
-8
-4
-2
-3
-5
-6
-5
-4
-4
-3
-3
-3
-3
-3
-2
-1
-1
-2
-2
-1
-1
-2
-2
-1
0
0
-1
-1
2
5
5
2
-2
-3
-3
-3
-2
0
3
6
7
6
4
0
-4
-6
-6
-5
-4
-3
-3
-2
-2
-3
-3
-3
-2
-2
-2
-1
-1
-1
-2
-2
-2
-1
0
0
-1
-1
2
8
13
13
7
-1
-6
-7
-6
-5
-5
-5
-4
-4
-3
-2
-2
-3
-4
-2
2
5
6
5
4
3
3
3
2
1
1
4
7
9
9
7
4
0
-4
-5
-4
-3
-3
-3
-3
-3
-2
-1
-1
-2
-2
0
4
7
7
5
1
-4
-9
-11
-12
-11
-10
-8
-5
-1
4
7
9
10
8
5
2
2
3
4
4
3
2
2
1
-4
-10
-14
-15
-13
-12
-10
-7
-2
0
-2
-6
-8
-4
0
3
3
2
1
-1
-6
-12
-15
-15
-13
-11
-10
-10
-9
-7
-6
-6
-6
-4
2
9
13
13
9
4
0
-1
-2
-4
-7
-10
-10
-9
-8
-5
0
5
9
10
11
13
14
14
12
10
9
8
6
5
5
5
4
3
3
5
8
10
11
14
20
27
36
49
71
102
126
117
60
-31
-112
-144
-118
-59
-3
33
47
40
13
-22
-44
-37
-2
52
121
191
226
186
69
-66
-139
-128
-82
-56
-53
-31
25
70
52
-26
-100
-115
-74
-17
23
47
63
60
17
-68
-161
-220
-223
-193
-166
-167
-188
-209
-217
-212
-201
-181
-144
-93
-46
-15
9
45
91
118
106
71
52
65
98
123
131
132
135
142
152
158
155
137
114
103
109
118
109
80
50
35
30
21
3
-17
-31
-42
-50
-53
-49
-41
-34
-30
-29
-28
-24
-17
-13
-18
-34
-48
-51
-44
-47
-66
-90
-98
-89
-79
-83
-94
-94
-74
-44
-23
-18
-21
-22
-18
-8
9
36
72
109
141
165
182
191
194
195
202
217
241
269
299
326
345
354
356
351
336
310
276
240
202
165
134
109
85
50
4
-46
-96
-148
-202
-255
-298
-327
-344
-352
-355
-356
-362
-374
-387
-394
-392
-391
-400
-411
-408
-380
-334
-289
-260
-247
-235
-211
-173
-133
-109
-103
-105
-94
-68
-36
-13
2
22
52
87
117
138
154
173
203
260
358
495
630
708
706
664
637
643
646
607
531
463
431
419
395
348
289
220
123
-5
-128
-210
-262
-329
-421
-493
-499
-456
-423
-425
-433
-408
-357
-308
-271
-231
-183
-140
-100
-40
55
147
181
146
89
58
52
35
-12
-72
-125
-169
-211
-250
-279
-314
-375
-463
-544
-582
-577
-558
-542
-521
-481
-424
-366
-318
-282
-254
-229
-197
-151
-82
25
199
454
743
961
1037
1005
977
1018
1069
1026
881
740
704
751
788
771
733
689
589
395
164
-6
-105
-222
-411
-598
-675
-644
-609
-640
-695
-703
-680
-690
-732
-729
-641
-521
-427
-321
-126
144
366
455
461
479
519
508
419
325
294
301
274
206
154
138
102
-9
-167
-303
-395
-486
-609
-738
-829
-867
-870
-852
-824
-799
-790
-791
-776
-726
-647
-563
-489
-418
-322
-151
144
556
975
1239
1284
1224
1234
1356
1451
1376
1171
1009
994
1060
1100
1102
1107
1077
916
622
333
159
30
-207
-555
-836
-908
-843
-815
-881
-955
-979
-1002
-1068
-1108
-1035
-888
-778
-706
-539
-200
191
451
544
587
661
719
698
632
587
557
480
375
328
364
383
279
71
-132
-283
-432
-629
-845
-1016
-1123
-1191
-1227
-1207
-1148
-1106
-1111
-1119
-1076
-990
-914
-865
-808
-712
-564
-313
111
682
1211
1493
1531
1545
1699
1895
1907
1684
1422
1313
1343
1378
1376
1393
1422
1341
1082
752
500
313
43
-362
-764
-997
-1069
-1105
-1167
-1195
-1161
-1147
-1219
-1293
-1243
-1086
-972
-959
-907
-664
-272
90
326
491
651
777
816
791
765
729
635
491
390
383
408
358
215
39
-126
-304
-508
-707
-870
-1021
-1191
-1341
-1396
-1346
-1281
-1268
-1278
-1235
-1128
-1020
-960
-912
-792
-524
-88
455
962
1301
1472
1618
1857
2118
2213
2074
1845
1710
1690
1675
1631
1629
1685
1661
1439
1105
847
687
439
-15
-535
-893
-1060
-1196
-1382
-1507
-1477
-1393
-1413
-1510
-1510
-1349
-1173
-1112
-1091
-941
-645
-337
-95
139
416
666
802
858
928
1005
983
833
675
613
599
504
309
111
-20
-132
-292
-495
-699
-903
-1132
-1358
-1520
-1605
-1670
-1740
-1773
-1721
-1625
-1558
-1525
-1465
-1352
-1194
-943
-469
261
1064
1673
2031
2329
2734
3153
3355
3280
3097
2983
2931
2861
2795
2832
2954
2993
2819
2499
2167
1809
1254
430
-486
-1256
-1828
-2318
-2766
-3068
-3161
-3171
-3242
-3336
-3287
-3075
-2872
-2814
-2790
-2576
-2079
-1400
-666
87
840
1524
2054
2420
2633
2683
2542
2276
1996
1757
1497
1173
824
509
191
-204
-675
-1157
-1661
-2283
-3045
-3788
-4319
-4624
-4819
-4955
-4928
-4670
-4283
-3960
-3753
-3565
-3285
-2916
-2456
-1779
-693
793
2389
3757
4816
5717
6537
7121
7264
6997
6562
6170
5840
5553
5354
5289
5238
5007
4539
3977
3424
2763
1785
481
-903
-2109
-3077
-3876
-4511
-4929
-5131
-5210
-5205
-5060
-4737
-4337
-3992
-3712
-3379
-2917
-2354
-1719
-966
-70
859
1659
2273
2766
3151
3334
3248
3011
2792
2613
2324
1847
1289
798
339
-220
-895
-1532
-2040
-2516
-3097
-3743
-4271
-4599
-4803
-4965
-5029
-4923
-4685
-4432
-4174
-3841
-3419
-3012
-2626
-2041
-983
528
2145
3496
4503
5354
6202
6960
7400
7412
7106
6702
6334
6020
5742
5520
5337
5105
4728
4231
3707
3168
2451
1387
22
-1380
-2567
-3503
-4281
-4925
-5327
-5434
-5359
-5264
-5152
-4903
-4466
-3946
-3454
-2996
-2516
-1977
-1337
-533
404
1300
1985
2495
2981
3454
3694
3541
3109
2680
2368
2069
1655
1148
608
31
-594
-1176
-1625
-2010
-2514
-3194
-3891
-4428
-4790
-5067
-5247
-5229
-4989
-4673
-4418
-4208
-3917
-3506
-3025
-2479
-1727
-621
811
2328
3659
4702
5552
6324
6979
7357
7361
7086
6708
6335
5966
5629
5397
5287
5146
4791
4190
3485
2770
1967
946
-279
-1545
-2709
-3711
-4516
-5061
-5353
-5501
-5592
-5537
-5199
-4620
-4046
-3634
-3283
-2786
-2133
-1497
-974
-435
277
1103
1836
2354
2735
3080
3365
3462
3323
3013
2631
2198
1699
1123
496
-150
-770
-1337
-1871
-2435
-3042
-3602
-4013
-4286
-4526
-4757
-4891
-4847
-4691
-4517
-4324
-4027
-3640
-3262
-2890
-2302
-1255
229
1821
3174
4208
5100
5991
6783
7236
7236
6926
6535
6186
5854
5538
5307
5195
5064
4759
4292
3817
3349
2685
1647
334
-971
-2105
-3100
-4006
-4745
-5243
-5534
-5680
-5615
-5233
-4609
-4030
-3697
-3503
-3170
-2600
-1958
-1434
-1008
-523
99
814
1563
2316
2971
3381
3490
3423
3312
3138
2773
2199
1521
852
193
-465
-1078
-1592
-2042
-2498
-2962
-3359
-3653
-3907
-4174
-4425
-4588
-4674
-4731
-4733
-4553
-4162
-3696
-3313
-2922
-2230
-1043
497
2041
3323
4317
5141
5888
6525
6915
6944
6646
6205
5796
5503
5318
5228
5160
4988
4615
4114
3628
3165
2528
1548
294
-997
-2162
-3187
-4062
-4698
-5046
-5217
-5335
-5356
-5111
-4590
-4013
-3600
-3310
-2948
-2436
-1896
-1434
-988
-436
230
922
1586
2208
2744
3111
3298
3358
3321
3124
2740
2237
1713
1148
475
-263
-900
-1355
-1732
-2176
-2679
-3119
-3463
-3781
-4114
-4374
-4493
-4516
-4543
-4543
-4398
-4054
-3620
-3193
-2698
-1922
-752
692
2129
3342
4304
5131
5892
6495
6773
6675
6349
5989
5682
5409
5187
5060
4981
4777
4355
3834
3405
3029
2433
1432
161
-1084
-2156
-3096
-3927
-4551
-4914
-5112
-5253
-5254
-4971
-4448
-3946
-3620
-3341
-2889
-2277
-1715
-1322
-971
-481
167
865
1524
2116
2581
2862
2990
3074
3125
3028
2694
2196
1640
1023
282
-509
-1172
-1633
-2030
-2501
-2985
-3320
-3475
-3598
-3799
-4040
-4219
-4326
-4379
-4361
-4234
-4049
-3848
-3536
-2881
-1745
-252
1278
2579
3606
4489
5323
6030
6419
6392
6066
5657
5303
5003
4760
4629
4623
4598
4403
4061
3735
3452
3000
2174
1036
-164
-1274
-2310
-3278
-4068
-4599
-4952
-5243
-5407
-5269
-4801
-4240
-3826
-3544
-3173
-2597
-1938
-1389
-977
-585
-110
447
1036
1611
2112
2497
2767
2962
3068
3029
2832
2549
2200
1699
982
183
-480
-963
-1453
-2088
-2749
-3192
-3362
-3452
-3637
-3897
-4107
-4229
-4287
-4278
-4151
-3942
-3749
-3586
-3281
-2615
-1520
-146
1262
2506
3530
4401
5218
5968
6484
6593
6306
5841
5413
5083
4812
4618
4530
4474
4281
3921
3550
3281
2945
2252
1158
-76
-1194
-2189
-3141
-3997
-4614
-4996
-5259
-5416
-5318
-4898
-4323
-3815
-3388
-2893
-2268
-1633
-1105
-676
-280
94
457
879
1394
1897
2235
2418
2586
2796
2910
2802
2525
2214
1844
1265
450
-391
-1048
-1543
-2049
-2621
-3137
-3482
-3671
-3787
-3849
-3852
-3830
-3844
-3865
-3821
-3697
-3574
-3451
-3162
-2478
-1356
4
1321
2448
3420
4345
5242
5983
6387
6380
6064
5623
5202
4854
4594
4402
4226
3994
3719
3493
3359
3181
2739
1958
976
-33
-1037
-2065
-3064
-3895
-4522
-5027
-5445
-5627
-5410
-4847
-4211
-3699
-3261
-2722
-2053
-1387
-856
-455
-104
241
597
990
1425
1824
2102
2263
2425
2643
2844
2885
2718
2377
1909
1330
687
46
-571
-1209
-1894
-2552
-3058
-3356
-3512
-3630
-3776
-3934
-4054
-4072
-3975
-3814
-3690
-3630
-3536
-3209
-2511
-1449
-184
1066
2150
3067
3933
4827
5644
6148
6202
5915
5533
5198
4900
4603
4359
4189
4017
3746
3431
3199
3035
2712
2038
1078
50
-931
-1905
-2867
-3705
-4347
-4870
-5318
-5551
-5383
-4886
-4355
-3973
-3598
-2996
-2167
-1353
-750
-352
-46
233
515
846
1228
1584
1829
2013
2246
2547
2786
2847
2719
2453
2053
1525
925
332
-274
-962
-1721
-2408
-2905
-3237
-3493
-3696
-3812
-3865
-3919
-3980
-3960
-3820
-3643
-3550
-3507
-3331
-2816
-1897
-676
622
1774
2706
3547
4456
5372
6021
6198
5994
5656
5327
4996
4672
4419
4232
3964
3554
3168
3033
3073
2922
2300
1320
307
-586
-1446
-2350
-3197
-3891
-4491
-5070
-5475
-5461
-5019
-4457
-4029
-3670
-3144
-2401
-1604
-914
-362
58
347
574
884
1338
1794
2065
2132
2174
2334
2571
2715
2670
2442
2084
1630
1127
621
96
-536
-1310
-2113
-2764
-3191
-3469
-3696
-3895
-4038
-4131
-4172
-4130
-3969
-3742
-3550
-3426
-3252
-2846
-2078
-982
261
1422
2382
3202
4030
4895
5625
5993
5945
5653
5337
5088
4857
4607
4359
4125
3848
3511
3192
2969
2737
2282
1518
589
-325
-1200
-2094
-2983
-3751
-4359
-4852
-5220
-5326
-5101
-4683
-4291
-3952
-3498
-2808
-1982
-1206
-578
-79
325
673
1044
1481
1909
2184
2275
2293
2373
2521
2662
2717
2641
2378
1915
1330
763
265
-255
-912
-1690
-2446
-3043
-3433
-3656
-3783
-3910
-4087
-4272
-4338
-4209
-3940
-3673
-3477
-3301
-3007
-2471
-1615
-484
731
1795
2632
3389
4237
5107
5730
5928
5795
5556
5321
5078
4817
4587
4358
4029
3577
3172
2964
2854
2549
1887
987
69
-793
-1652
-2505
-3275
-3928
-4526
-5059
-5370
-5301
-4922
-4471
-4103
-3734
-3205
-2483
-1681
-908
-229
298
638
871
1178
1635
2104
2373
2414
2387
2452
2593
2690
2645
2440
2084
1624
1124
638
129
-478
-1190
-1907
-2534
-3058
-3508
-3866
-4091
-4199
-4249
-4263
-4188
-4003
-3768
-3579
-3435
-3231
-2821
-2127
-1156
-26
1092
2068
2918
3754
4615
5355
5769
5810
5617
5358
5087
4807
4557
4369
4155
3803
3344
2970
2772
2585
2159
1437
577
-270
-1099
-1945
-2763
-3489
-4124
-4694
-5117
-5244
-5039
-4659
-4280
-3930
-3492
-2890
-2154
-1380
-645
-29
417
737
1066
1488
1911
2175
2245
2263
2352
2495
2584
2580
2497
2322
1998
1535
1012
501
-20
-611
-1281
-1965
-2586
-3095
-3478
-3755
-3972
-4163
-4298
-4321
-4205
-3998
-3757
-3517
-3266
-2968
-2522
-1797
-743
472
1565
2393
3086
3848
4674
5332
5633
5624
5470
5266
5013
4742
4503
4278
3956
3517
3104
2880
2787
2572
2031
1207
296
-564
-1374
-2170
-2932
-3621
-4221
-4725
-5057
-5125
-4918
-4552
-4156
-3759
-3272
-2618
-1811
-961
-198
378
745
995
1282
1679
2074
2291
2290
2217
2208
2262
2299
2287
2208
2008
1631
1142
666
245
-229
-861
-1623
-2371
-2983
-3440
-3786
-4059
-4256
-4366
-4378
-4300
-4125
-3874
-3584
-3300
-2997
-2575
-1909
-975
108
1150
2042
2822
3600
4392
5068
5461
5522
5368
5155
4963
4771
4563
4359
4165
3920
3584
3206
2868
2536
2064
1364
513
-352
-1177
-1974
-2725
-3379
-3940
-4443
-4850
-5019
-4883
-4556
-4241
-3993
-3676
-3132
-2372
-1541
-777
-117
455
954
1400
1819
2192
2431
2484
2411
2354
2360
2365
2274
2083
1825
1516
1152
760
359
-83
-618
-1242
-1896
-2527
-3098
-3579
-3939
-4191
-4369
-4497
-4544
-4466
-4235
-3888
-3493
-3105
-2682
-2102
-1257
-202
867
1768
2497
3194
3944
4650
5127
5308
5293
5223
5128
4974
4765
4557
4337
4018
3565
3102
2777
2558
2223
1606
773
-83
-865
-1625
-2396
-3113
-3694
-4163
-4566
-4853
-4896
-4685
-4362
-4075
-3792
-3371
-2739
-1972
-1176
-412
283
867
1338
1770
2213
2604
2814
2816
2708
2596
2481
2321
2110
1871
1576
1196
770
395
73
-308
-843
-1483
-2105
-2656
-3150
-3590
-3948
-4240
-4506
-4729
-4796
-4631
-4291
-3916
-3570
-3189
-2647
-1872
-878
222
1265
2141
2879
3594
4315
4911
5236
5300
5237
5149
5035
4891
4756
4648
4475
4135
3648
3174
2818
2502
2030
1310
432
-457
-1293
-2085
-2809
-3423
-3934
-4400
-4791
-4964
-4828
-4498
-4189
-3980
-3726
-3255
-2550
-1748
-974
-276
331
846
1314
1811
2333
2754
2941
2912
2800
2721
2661
2561
2380
2108
1717
1229
727
294
-112
-602
-1196
-1786
-2286
-2740
-3216
-3675
-4017
-4239
-4422
-4597
-4660
-4517
-4192
-3810
-3448
-3064
-2530
-1747
-717
429
1508
2389
3087
3727
4397
5027
5433
5517
5371
5185
5046
4921
4758
4575
4371
4095
3713
3296
2918
2529
1979
1202
296
-607
-1457
-2255
-2958
-3532
-4038
-4554
-4988
-5131
-4905
-4522
-4226
-4016
-3668
-3054
-2261
-1445
-660
89
741
1236
1634
2057
2503
2818
2880
2757
2606
2522
2477
2424
2298
2023
1552
971
447
66
-268
-704
-1280
-1897
-2460
-2966
-3448
-3891
-4241
-4484
-4650
-4753
-4726
-4508
-4114
-3653
-3200
-2728
-2115
-1263
-190
939
1915
2648
3240
3851
4494
5007
5244
5236
5122
4999
4865
4719
4572
4397
4102
3668
3197
2821
2515
2108
1467
637
-239
-1073
-1858
-2583
-3198
-3710
-4188
-4651
-4954
-4945
-4657
-4307
-4034
-3760
-3322
-2683
-1931
-1147
-357
380
984
1458
1910
2404
2834
3034
2972
2786
2596
2416
2198
1957
1718
1456
1110
699
305
-42
-419
-908
-1496
-2097
-2651
-3165
-3640
-4049
-4367
-4616
-4797
-4843
-4649
-4223
-3702
-3240
-2831
-2325
-1575
-581
519
1537
2350
2971
3542
4183
4836
5291
5403
5259
5068
4963
4903
4797
4588
4269
3847
3387
2980
2662
2322
1798
1042
163
-705
-1518
-2281
-2973
-3556
-4051
-4490
-4828
-4933
-4754
-4406
-4071
-3791
-3462
-2976
-2332
-1581
-767
56
786
1350
1805
2262
2728
3062
3145
3016
2830
2672
2514
2293
2004
1657
1253
800
371
24
-270
-624
-1105
-1677
-2261
-2819
-3339
-3782
-4124
-4398
-4647
-4807
-4758
-4473
-4089
-3727
-3360
-2846
-2111
-1185
-153
894
1841
2613
3245
3847
4457
4973
5260
5294
5171
4997
4831
4692
4590
4475
4259
3886
3430
3015
2661
2230
1583
740
-150
-975
-1735
-2457
-3118
-3677
-4156
-4577
-4874
-4917
-4694
-4347
-4032
-3741
-3346
-2769
-2060
-1290
-499
265
912
1405
1834
2309
2797
3121
3170
3006
2797
2633
2502
2336
2087
1714
1226
698
246
-99
-432
-880
-1456
-2054
-2575
-3011
-3421
-3828
-4204
-4498
-4678
-4712
-4581
-4286
-3888
-3454
-3018
-2521
-1865
-980
81
1158
2084
2815
3447
4081
4691
5137
5322
5286
5154
4998
4826
4637
4464
4298
4079
3757
3376
2998
2597
2043
1268
365
-506
-1278
-2006
-2725
-3394
-3962
-4437
-4812
-5007
-4926
-4613
-4228
-3887
-3538
-3053
-2379
-1590
-793
-61
568
1093
1569
2069
2581
2979
3122
3014
2785
2568
2385
2197
1960
1662
1281
836
398
53
-213
-531
-1025
-1670
-2310
-2826
-3234
-3627
-4022
-4365
-4594
-4699
-4658
-4436
-4043
-3590
-3178
-2779
-2229
-1399
-325
795
1759
2496
3091
3686
4324
4895
5225
5256
5099
4934
4842
4785
4676
4472
4156
3747
3309
2928
2595
2179
1540
694
-204
-1016
-1722
-2368
-2974
-3537
-4049
-4482
-4739
-4737
-4504
-4201
-3947
-3702
-3330
-2767
-2067
-1305
-501
313
1039
1600
2046
2485
2909
3177
3188
3008
2764
2523
2272
2028
1791
1508
1102
619
202
-69
-300
-661
-1200
-1811
-2364
-2831
-3256
-3679
-4087
-4440
-4672
-4726
-4583
-4301
-3945
-3549
-3080
-2475
-1674
-676
417
1428
2232
2864
3462
4087
4643
4983
5077
5039
4982
4919
4803
4641
4483
4321
4044
3600
3089
2670
2325
1860
1126
213
-663
-1400
-2062
-2736
-3399
-3978
-4423
-4716
-4807
-4674
-4383
-4070
-3786
-3461
-2990
-2357
-1625
-863
-121
560
1164
1734
2313
2853
3210
3290
3140
2906
2684
2475
2236
1951
1608
1194
719
267
-81
-336
-622
-1041
-1571
-2105
-2576
-3015
-3464
-3913
-4298
-4577
-4723
-4707
-4491
-4107
-3649
-3209
-2751
-2145
-1291
-237
849
1795
2547
3175
3790
4408
4917
5174
5157
5000
4852
4754
4647
4497
4319
4127
3877
3542
3144
2717
2226
1595
810
-54
-906
-1713
-2460
-3112
-3632
-4050
-4406
-4668
-4727
-4554
-4253
-3959
-3663
-3255
-2673
-1975
-1233
-473
277
937
1469
1954
2478
2976
3259
3243
3048
2861
2721
2537
2235
1852
1440
1010
558
139
-200
-500
-879
-1388
-1955
-2472
-2900
-3289
-3675
-4045
-4348
-4548
-4609
-4512
-4259
-3901
-3487
-3026
-2468
-1756
-865
155
1183
2087
2818
3445
4060
4644
5064
5220
5156
5021
4909
4810
4669
4474
4215
3879
3466
3052
2710
2397
1948
1255
398
-441
-1179
-1877
-2598
-3302
-3896
-4355
-4690
-4865
-4802
-4526
-4180
-3879
-3557
-3067
-2367
-1564
-772
-24
668
1261
1753
2228
2735
3168
3342
3223
2970
2767
2633
2469
2189
1804
1354
882
427
30
-332
-732
-1214
-1735
-2213
-2624
-3008
-3401
-3793
-4154
-4441
-4600
-4562
-4324
-3964
-3590
-3225
-2803
-2224
-1438
-468
575
1543
2329
2968
3599
4293
4938
5334
5404
5254
5056
4884
4723
4543
4336
4061
3685
3241
2842
2534
2214
1713
977
114
-739
-1529
-2270
-2945
-3525
-4010
-4433
-4752
-4862
-4700
-4358
-3994
-3680
-3332
-2825
-2113
-1268
-409
356
978
1485
1951
2420
2838
3109
3182
3110
2964
2779
2551
2289
1997
1652
1221
741
291
-88
-467
-934
-1484
-2015
-2455
-2836
-3231
-3653
-4034
-4319
-4493
-4556
-4473
-4239
-3909
-3563
-3196
-2730
-2090
-1274
-328
674
1633
2447
3110
3724
4372
4976
5343
5385
5213
5022
4885
4747
4530
4236
3880
3482
3073
2714
2398
1999
1376
548
-305
-1031
-1652
-2285
-2961
-3610
-4160
-4604
-4906
-4983
-4793
-4436
-4049
-3666
-3195
-2566
-1807
-995
-186
566
1189
1655
2043
2460
2891
3174
3171
2945
2696
2561
2482
2320
2002
1580
1129
700
298
-90
-507
-1000
-1567
-2140
-2648
-3078
-3442
-3756
-4018
-4239
-4395
-4429
-4283
-3992
-3652
-3332
-2998
-2563
-1948
-1140
-188
794
1678
2407
3061
3754
4478
5073
5386
5424
5320
5192
5051
4861
4581
4205
3747
3274
2865
2555
2271
1886
1311
568
-234
-995
-1679
-2316
-2926
-3514
-4064
-4542
-4861
-4932
-4733
-4368
-3976
-3598
-3147
-2519
-1701
-796
72
814
1402
1868
2280
2674
2997
3156
3120
2962
2759
2536
2287
2042
1811
1549
1177
715
263
-116
-493
-976
-1575
-2179
-2685
-3087
-3437
-3764
-4048
-4269
-4404
-4425
-4278
-3971
-3580
-3203
-2855
-2471
-1953
-1246
-354
636
1585
2378
3032
3680
4403
5087
5502
5551
5367
5162
5004
4832
4587
4290
3934
3475
2924
2412
2032
1694
1199
482
-325
-1059
-1696
-2314
-2942
-3548
-4093
-4560
-4884
-4965
-4774
-4433
-4092
-3771
-3339
-2683
-1821
-878
26
812
1440
1921
2320
2703
3044
3251
3259
3116
2897
2653
2388
2128
1884
1617
1249
781
298
-119
-509
-983
-1584
-2230
-2799
-3243
-3595
-3898
-4151
-4340
-4449
-4456
-4315
-4014
-3602
-3182
-2803
-2432
-1973
-1354
-558
349
1255
2058
2753
3433
4171
4892
5395
5557
5463
5319
5219
5091
4810
4379
3886
3401
2923
2458
2037
1651
1201
601
-112
-816
-1452
-2068
-2714
-3354
-3910
-4366
-4726
-4941
-4913
-4641
-4249
-3861
-3445
-2868
-2072
-1153
-252
551
1238
1813
2295
2719
3080
3302
3314
3153
2935
2751
2587
2399
2152
1838
1437
973
513
121
-252
-727
-1358
-2047
-2637
-3074
-3428
-3774
-4083
-4284
-4351
-4324
-4224
-4024
-3696
-3287
-2880
-2521
-2158
-1706
-1095
-326
550
1434
2238
2949
3639
4359
5022
5460
5593
5528
5414
5292
5074
4705
4226
3712
3192
2681
2213
1817
1428
937
301
-403
-1072
-1697
-2329
-2986
-3600
-4113
-4513
-4800
-4911
-4797
-4504
-4157
-3798
-3330
-2635
-1731
-753
164
971
1654
2199
2611
2925
3159
3263
3198
3002
2777
2564
2338
2081
1838
1617
1355
980
530
83
-359
-889
-1545
-2231
-2814
-3259
-3627
-3960
-4225
-4369
-4396
-4339
-4196
-3924
-3534
-3110
-2744
-2416
-2029
-1496
-822
-59
750
1570
2361
3102
3819
4534
5189
5648
5811
5699
5444
5166
4899
4591
4186
3666
3079
2495
1989
1574
1181
691
56
-642
-1280
-1832
-2382
-2983
-3603
-4157
-4603
-4895
-4976
-4815
-4493
-4108
-3674
-3102
-2346
-1464
-557
320
1143
1863
2429
2844
3154
3353
3384
3227
2974
2734
2536
2316
2034
1693
1318
919
527
176
-147
-529
-1048
-1685
-2329
-2872
-3300
-3666
-4009
-4297
-4479
-4518
-4415
-4175
-3828
-3422
-3016
-2620
-2214
-1767
-1258
-643
105
946
1769
2502
3191
3903
4597
5121
5385
5442
5410
5320
5131
4829
4470
4071
3587
2988
2361
1821
1384
942
397
-236
-872
-1454
-2008
-2584
-3197
-3788
-4274
-4593
-4739
-4729
-4590
-4341
-3992
-3525
-2913
-2153
-1301
-432
403
1194
1929
2561
3036
3331
3469
3482
3386
3186
2910
2597
2289
1977
1637
1244
825
429
81
-263
-676
-1187
-1751
-2295
-2781
-3214
-3616
-3993
-4320
-4525
-4550
-4397
-4150
-3885
-3605
-3244
-2783
-2272
-1776
-1281
-708
3
819
1652
2426
3132
3795
4422
4974
5381
5590
5587
5410
5121
4796
4468
4118
3673
3102
2459
1865
1385
964
481
-121
-791
-1435
-2012
-2559
-3114
-3667
-4152
-4509
-4703
-4740
-4630
-4402
-4071
-3640
-3074
-2354
-1514
-642
192
980
1746
2476
3098
3536
3762
3808
3723
3547
3280
2915
2460
1976
1524
1128
749
359
-38
-415
-795
-1224
-1711
-2208
-2677
-3131
-3585
-4001
-4309
-4485
-4549
-4514
-4356
-4070
-3688
-3260
-2799
-2301
-1772
-1237
-679
-32
751
1613
2423
3095
3668
4240
4823
5304
5553
5563
5431
5244
4988
4621
4158
3671
3182
2654
2063
1472
948
470
-61
-697
-1386
-2041
-2617
-3126
-3576
-3972
-4315
-4595
-4736
-4665
-4399
-4051
-3680
-3219
-2561
-1711
-787
105
937
1717
2428
3034
3511
3844
4009
3994
3808
3488
3058
2555
2022
1523
1085
693
312
-65
-429
-787
-1173
-1612
-2089
-2574
-3049
-3507
-3915
-4237
-4451
-4570
-4587
-4469
-4194
-3796
-3333
-2836
-2304
-1754
-1218
-692
-104
614
1434
2224
2873
3404
3933
4515
5041
5353
5411
5329
5212
5045
4750
4328
3851
3360
2800
2149
1490
943
491
-9
-661
-1399
-2070
-2602
-3046
-3490
-3946
-4362
-4644
-4732
-4616
-4364
-4054
-3710
-3272
-2681
-1946
-1141
-311
541
1408
2225
2904
3414
3776
4010
4082
3951
3616
3148
2631
2136
1678
1243
799
349
-81
-457
-787
-1118
-1500
-1942
-2418
-2900
-3369
-3799
-4143
-4381
-4523
-4581
-4509
-4264
-3868
-3427
-2995
-2539
-2003
-1424
-885
-398
135
810
1603
2385
3044
3585
4096
4639
5157
5518
5621
5492
5230
4921
4577
4171
3680
3113
2488
1848
1245
714
232
-274
-855
-1490
-2110
-2662
-3132
-3529
-3860
-4152
-4414
-4594
-4562
-4255
-3769
-3306
-2932
-2495
-1799
-846
166
1063
1847
2583
3237
3701
3948
4061
4085
3948
3565
2998
2407
1913
1501
1106
681
238
-189
-552
-843
-1121
-1487
-1997
-2595
-3167
-3623
-3964
-4229
-4439
-4556
-4530
-4328
-3981
-3551
-3102
-2640
-2146
-1614
-1093
-629
-210
248
814
1481
2176
2830
3435
4024
4616
5165
5573
5739
5655
5402
5072
4673
4161
3528
2845
2174
1534
927
382
-94
-554
-1062
-1606
-2110
-2547
-2948
-3353
-3734
-4054
-4305
-4485
-4527
-4352
-3960
-3460
-2940
-2376
-1668
-787
179
1104
1922
2628
3227
3713
4059
4223
4156
3868
3453
3036
2651
2241
1749
1211
695
225
-225
-646
-1008
-1340
-1738
-2245
-2768
-3189
-3519
-3872
-4262
-4547
-4589
-4428
-4200
-3958
-3625
-3154
-2612
-2101
-1641
-1195
-754
-350
32
487
1110
1873
2644
3316
3910
4508
5112
5606
5854
5833
5617
5290
4866
4342
3741
3112
2461
1769
1050
399
-96
-452
-800
-1253
-1793
-2320
-2777
-3194
-3594
-3947
-4202
-4364
-4443
-4402
-4147
-3665
-3045
-2402
-1754
-1035
-203
705
1616
2465
3188
3726
4061
4237
4288
4191
3895
3421
2849
2272
1728
1232
781
358
-90
-578
-1061
-1463
-1785
-2118
-2554
-3090
-3625
-4051
-4316
-4442
-4480
-4470
-4392
-4190
-3813
-3299
-2743
-2233
-1767
-1305
-841
-429
-103
190
577
1148
1881
2656
3364
3989
4592
5204
5729
6010
5949
5603
5100
4536
3928
3278
2595
1897
1183
484
-122
-560
-849
-1109
-1451
-1882
-2325
-2740
-3152
-3591
-4002
-4301
-4449
-4468
-4354
-4057
-3553
-2914
-2239
-1544
-769
107
1000
1810
2511
3132
3653
4011
4183
4234
4200
4036
3672
3140
2556
2024
1539
1053
528
-23
-573
-1090
-1556
-1982
-2403
-2840
-3268
-3629
-3895
-4096
-4272
-4418
-4456
-4317
-3997
-3575
-3127
-2693
-2255
-1793
-1306
-824
-378
2
319
624
1025
1624
2415
3255
3955
4459
4867
5302
5719
5923
5762
5287
4671
4042
3399
2714
2005
1321
676
86
-392
-701
-893
-1131
-1527
-2043
-2548
-2984
-3378
-3759
-4074
-4272
-4344
-4300
-4086
-3646
-3012
-2319
-1657
-992
-235
618
1468
2214
2815
3277
3611
3858
4070
4256
4318
4146
3726
3182
2640
2128
1582
966
298
-371
-1011
-1582
-2039
-2389
-2717
-3098
-3493
-3790
-3941
-4017
-4095
-4162
-4153
-4050
-3862
-3583
-3188
-2714
-2230
-1772
-1300
-791
-288
128
440
705
1016
1456
2072
2837
3614
4240
4646
4922
5185
5424
5485
5247
4736
4085
3397
2710
2039
1421
865
334
-208
-719
-1111
-1366
-1586
-1904
-2346
-2820
-3212
-3499
-3713
-3893
-4031
-4088
-3991
-3671
-3102
-2363
-1590
-878
-214
476
1219
1950
2558
2988
3271
3487
3683
3856
3954
3922
3714
3341
2860
2355
1846
1301
673
-23
-718
-1344
-1879
-2333
-2732
-3095
-3425
-3704
-3898
-3992
-3995
-3935
-3831
-3693
-3511
-3273
-2953
-2562
-2137
-1724
-1318
-882
-403
67
463
764
999
1229
1531
1982
2597
3287
3900
4335
4609
4820
5019
5127
4978
4486
3746
2976
2307
1720
1137
544
-20
-521
-939
-1238
-1418
-1566
-1810
-2198
-2640
-3016
-3277
-3464
-3615
-3726
-3742
-3615
-3300
-2790
-2123
-1395
-691
-26
637
1316
1954
2457
2773
2947
3066
3179
3260
3278
3236
3161
3021
2749
2320
1813
1307
784
154
-600
-1364
-2001
-2479
-2865
-3204
-3477
-3648
-3724
-3724
-3638
-3457
-3231
-3037
-2904
-2777
-2589
-2321
-2008
-1685
-1364
-1030
-665
-260
166
579
938
1238
1519
1843
2254
2744
3254
3689
3988
4159
4280
4400
4463
4321
3887
3238
2558
1968
1450
924
383
-121
-547
-909
-1226
-1499
-1737
-1977
-2259
-2571
-2858
-3064
-3183
-3229
-3217
-3127
-2938
-2627
-2181
-1603
-941
-271
342
895
1424
1930
2360
2657
2838
2971
3099
3184
3163
3016
2785
2501
2156
1723
1212
651
67
-528
-1115
-1659
-2124
-2502
-2809
-3067
-3278
-3418
-3462
-3410
-3299
-3164
-3026
-2880
-2727
-2550
-2321
-2018
-1659
-1285
-919
-535
-109
333
727
1034
1271
1476
1662
1831
2021
2296
2685
3129
3512
3754
3875
3945
3977
3872
3521
2941
2284
1682
1149
625
99
-373
-750
-1044
-1281
-1462
-1592
-1709
-1872
-2090
-2329
-2535
-2687
-2780
-2815
-2772
-2635
-2379
-1980
-1429
-769
-86
540
1089
1577
1999
2317
2498
2559
2538
2456
2320
2158
2011
1882
1717
1463
1128
765
400
9
-446
-955
-1475
-1962
-2383
-2703
-2905
-3011
-3059
-3064
-2992
-2812
-2538
-2235
-1955
-1719
-1519
-1348
-1193
-1024
-804
-534
-245
32
317
639
988
1306
1542
1708
1853
2029
2271
2582
2911
3166
3279
3273
3220
3158
3033
2767
2346
1842
1346
896
476
76
-291
-606
-880
-1132
-1350
-1500
-1581
-1661
-1809
-2021
-2203
-2274
-2235
-2149
-2041
-1872
-1582
-1165
-665
-140
362
807
1172
1453
1664
1820
1921
1953
1889
1734
1530
1341
1189
1043
844
575
258
-77
-415
-755
-1101
-1455
-1808
-2134
-2399
-2575
-2657
-2660
-2603
-2498
-2340
-2126
-1866
-1592
-1335
-1106
-891
-674
-447
-215
17
240
454
662
868
1068
1257
1433
1603
1772
1940
2109
2286
2470
2626
2702
2674
2569
2424
2241
1985
1640
1235
825
451
125
-161
-414
-635
-826
-994
-1147
-1280
-1387
-1474
-1566
-1663
-1729
-1714
-1603
-1427
-1228
-1014
-762
-465
-154
129
362
557
735
903
1052
1161
1216
1217
1179
1117
1037
924
769
558
291
-25
-368
-708
-1014
-1269
-1474
-1641
-1777
-1867
-1898
-1877
-1834
-1790
-1738
-1661
-1565
-1466
-1365
-1237
-1065
-853
-619
-367
-96
185
453
688
886
1053
1187
1293
1380
1460
1536
1611
1696
1805
1937
2078
2203
2281
2288
2213
2066
1855
1580
1245
868
486
132
-165
-389
-535
-622
-675
-716
-752
-790
-840
-914
-1007
-1105
-1191
-1253
-1285
-1280
-1227
-1111
-931
-699
-436
-156
126
392
618
777
855
849
772
642
478
296
112
-56
-202
-332
-464
-599
-722
-819
-899
-984
-1085
-1196
-1308
-1417
-1505
-1545
-1524
-1463
-1380
-1269
-1110
-908
-687
-462
-233
-2
210
378
505
607
703
793
871
945
1036
1157
1295
1422
1519
1598
1681
1780
1875
1932
1922
1845
1722
1570
1388
1167
914
662
434
231
46
-118
-247
-340
-412
-487
-569
-655
-746
-848
-959
-1056
-1112
-1116
-1075
-1002
-902
-771
-610
-433
-261
-113
1
78
121
138
131
101
55
3
-44
-83
-120
-157
-201
-254
-322
-413
-525
-654
-788
-919
-1040
-1140
-1199
-1197
-1131
-1022
-893
-759
-624
-487
-350
-219
-103
-6
74
154
246
349
449
538
622
711
805
890
956
1006
1047
1076
1092
1093
1090
1095
1121
1172
1240
1297
1319
1302
1261
1200
1101
945
740
524
331
160
1
-144
-259
-341
-400
-449
-489
-521
-557
-610
-678
-749
-812
-863
-897
-902
-867
-790
-685
-569
-455
-349
-262
-201
-168
-158
-166
-194
-242
-303
-363
-413
-456
-494
-524
-537
-536
-535
-552
-587
-624
-646
-658
-669
-678
-667
-626
-562
-482
-388
-276
-157
-47
45
124
190
244
288
335
390
446
493
533
577
628
681
727
769
814
862
906
942
974
1011
1053
1095
1131
1156
1164
1146
1094
1011
900
764
604
430
256
101
-25
-122
-197
-257
-310
-362
-417
-478
-549
-641
-758
-888
-1005
-1090
-1138
-1157
-1145
-1095
-1003
-878
-737
-599
-475
-374
-295
-230
-171
-123
-106
-125
-153
-151
-110
-59
-32
-32
-33
-26
-29
-63
-130
-210
-284
-344
-379
-381
-353
-312
-269
-221
-160
-89
-22
31
72
108
146
186
226
265
306
358
422
489
542
573
590
600
604
596
579
563
562
578
605
634
662
691
717
731
721
684
623
550
473
395
323
261
208
158
107
58
11
-40
-100
-172
-256
-349
-444
-532
-604
-655
-687
-701
-702
-694
-680
-658
-629
-595
-561
-528
-494
-460
-428
-397
-359
-313
-261
-210
-160
-108
-54
-7
15
6
-29
-69
-100
-126
-152
-181
-201
-202
-177
-132
-81
-37
-12
-4
1
17
40
52
49
46
69
120
183
240
289
334
374
404
421
428
422
399
360
316
284
269
263
261
266
280
302
321
331
335
336
335
325
302
275
252
238
228
218
208
199
187
166
132
83
20
-51
-118
-167
-199
-228
-271
-327
-381
-415
-427
-425
-419
-413
-406
-396
-386
-377
-374
-373
-371
-366
-352
-325
-280
-221
-155
-97
-50
-14
17
38
42
27
0
-27
-49
-64
-73
-78
-77
-69
-53
-30
-9
2
3
0
-2
-1
1
2
0
-3
0
18
50
90
124
146
157
163
167
166
157
141
122
103
90
88
100
119
136
147
154
160
164
163
157
154
158
166
172
173
171
171
173
175
174
166
153
136
113
84
47
9
-27
-60
-91
-120
-144
-161
-173
-181
-188
-196
-206
-221
-237
-249
-255
-256
-259
-266
-266
-249
-215
-174
-136
-100
-64
-30
-3
11
16
21
28
33
29
18
10
16
37
63
89
108
115
109
91
69
44
17
-12
-38
-57
-66
-66
-59
-52
-45
-34
-16
6
20
22
15
12
17
26
31
33
34
39
44
49
56
66
77
86
92
101
111
116
112
102
92
90
94
97
94
83
69
63
69
80
85
79
67
58
53
44
26
-1
-32
-61
-87
-110
-128
-142
-149
-152
-147
-135
-119
-105
-100
-103
-112
-123
-131
-133
-126
-112
-96
-78
-55
-22
19
58
87
101
100
88
63
33
4
-15
-26
-32
-35
-33
-24
-12
-2
3
-3
-21
-48
-80
-112
-142
-169
-183
-176
-148
-110
-72
-34
10
61
108
138
147
142
133
123
111
93
73
