-50
-27
-10
4
18
33
48
60
66
66
64
62
63
68
78
92
108
120
120
112
100
92
91
93
97
103
111
123
135
149
168
194
225
248
253
242
230
229
239
250
253
245
234
225
216
201
173
135
99
74
62
52
36
13
-8
-23
-40
-67
-103
-137
-155
-160
-161
-170
-189
-207
-215
-210
-203
-200
-201
-200
-191
-173
-153
-140
-139
-146
-149
-142
-126
-111
-99
-86
-67
-50
-49
-73
-110
-139
-143
-126
-100
-78
-62
-48
-34
-24
-19
-13
5
32
58
72
77
83
95
109
117
119
115
103
82
55
29
8
-7
-17
-19
-16
-14
-21
-27
-13
35
107
172
198
176
129
98
107
143
176
187
184
191
212
231
223
179
111
46
3
-13
-23
-52
-107
-166
-196
-188
-164
-151
-151
-144
-115
-69
-33
-34
-82
-164
-258
-337
-388
-407
-396
-356
-292
-216
-145
-100
-87
-97
-111
-117
-119
-132
-157
-173
-142
-39
128
320
496
626
688
668
571
427
282
166
83
19
-30
-50
-34
7
50
84
112
140
162
165
147
124
108
100
86
55
10
-35
-71
-97
-119
-148
-190
-237
-274
-287
-284
-284
-295
-291
-237
-134
-28
19
-10
-65
-71
-2
91
136
113
70
62
91
115
99
49
-2
-20
7
64
116
133
115
85
73
87
111
121
109
89
87
108
128
119
74
14
-31
-47
-43
-35
-32
-29
-22
-18
-33
-72
-123
-164
-179
-163
-125
-83
-52
-36
-23
2
41
82
110
120
117
108
94
57
-19
-129
-240
-315
-335
-312
-268
-216
-163
-111
-59
-13
13
1
-56
-137
-203
-228
-222
-220
-249
-298
-337
-350
-351
-365
-397
-422
-407
-355
-303
-289
-315
-327
-258
-89
120
275
323
305
314
411
566
694
741
731
733
781
849
874
825
723
631
596
621
655
627
504
318
144
25
-61
-168
-309
-436
-481
-425
-308
-194
-126
-101
-82
-22
93
232
335
362
325
274
245
223
166
49
-106
-248
-350
-433
-538
-666
-747
-686
-449
-104
210
382
387
278
124
-35
-193
-342
-462
-527
-524
-471
-416
-412
-473
-559
-607
-589
-553
-584
-723
-900
-980
-892
-701
-546
-496
-488
-422
-284
-147
-79
-73
-80
-76
-83
-126
-188
-204
-89
211
659
1098
1318
1194
820
462
360
529
763
848
759
648
653
742
770
661
498
432
513
643
671
534
293
72
-34
-14
61
103
77
30
35
94
130
66
-89
-243
-321
-315
-268
-200
-92
70
246
338
269
71
-123
-181
-85
58
116
41
-112
-260
-360
-410
-422
-396
-330
-233
-134
-82
-122
-254
-413
-507
-502
-449
-436
-493
-569
-586
-512
-387
-268
-181
-116
-60
-8
36
58
30
-64
-201
-319
-374
-380
-386
-413
-432
-419
-391
-388
-399
-354
-177
111
389
515
448
296
238
367
616
827
900
884
895
991
1112
1162
1106
1010
981
1086
1278
1407
1318
972
499
90
-156
-295
-442
-631
-791
-843
-794
-748
-812
-1004
-1233
-1361
-1292
-1042
-712
-425
-254
-219
-315
-502
-694
-779
-689
-457
-180
48
172
163
19
-200
-367
-356
-150
140
353
381
220
-66
-392
-680
-872
-926
-827
-618
-397
-270
-273
-336
-340
-206
48
339
572
691
685
577
407
199
-44
-307
-541
-703
-805
-906
-1043
-1187
-1262
-1189
-872
-240
632
1440
1803
1609
1154
897
1016
1310
1531
1723
2111
2678
3014
2667
1602
189
-1225
-2630
-4129
-5509
-6186
-5695
-4170
-2302
-786
128
635
1042
1514
2042
2521
2810
2805
2508
2082
1796
1872
2338
2993
3551
3812
3743
3410
2914
2378
1928
1636
1480
1377
1220
881
248
-637
-1511
-2022
-1983
-1517
-934
-515
-354
-358
-343
-154
215
583
645
152
-900
-2235
-3455
-4283
-4665
-4665
-4311
-3589
-2573
-1499
-674
-300
-398
-871
-1585
-2390
-3102
-3531
-3571
-3227
-2583
-1723
-718
367
1416
2147
2073
785
-1490
-3597
-4094
-2450
356
2658
3628
3862
4459
5680
6747
6874
6206
5563
5434
5454
4892
3463
1556
-179
-1343
-1920
-2122
-2212
-2387
-2668
-2892
-2798
-2266
-1425
-598
-48
225
468
865
1244
1186
557
-92
189
1906
4483
6496
6689
4934
2262
-14
-1300
-1895
-2333
-2695
-2622
-1863
-673
388
907
874
544
151
-250
-719
-1277
-1837
-2256
-2482
-2629
-2887
-3340
-3835
-4084
-3913
-3434
-2932
-2597
-2372
-2056
-1567
-1049
-747
-779
-1050
-1350
-1542
-1647
-1771
-1911
-1866
-1379
-468
420
730
373
-57
231
1463
3066
4243
4682
4692
4691
4761
4681
4295
3688
3113
2777
2693
2601
2085
906
-737
-2314
-3448
-4241
-5089
-6152
-7082
-7273
-6392
-4651
-2644
-922
284
1096
1755
2403
2985
3360
3447
3311
3124
3062
3211
3523
3906
4282
4621
4837
4809
4442
3761
2870
1894
943
85
-704
-1531
-2469
-3427
-4199
-4645
-4780
-4698
-4445
-4039
-3564
-3189
-3033
-3036
-3006
-2822
-2531
-2239
-1943
-1584
-1183
-858
-673
-579
-527
-547
-654
-766
-749
-481
204
1457
3139
4631
5173
4562
3468
2919
3406
4507
5366
5521
5203
4912
4792
4519
3727
2496
1339
798
988
1496
1643
957
-480
-2078
-3184
-3582
-3594
-3713
-4131
-4666
-5050
-5245
-5412
-5677
-5931
-5890
-5305
-4196
-2902
-1885
-1377
-1204
-971
-426
354
1144
1846
2557
3343
4065
4420
4228
3615
2932
2464
2237
2036
1633
949
85
-792
-1562
-2193
-2676
-2962
-2962
-2633
-2084
-1557
-1273
-1261
-1362
-1376
-1246
-1058
-954
-1003
-1156
-1279
-1274
-1162
-1069
-1076
-1132
-1053
-612
391
1998
3921
5503
6069
5474
4368
3769
4244
5453
6497
6752
6324
5750
5328
4864
4008
2760
1551
899
954
1323
1286
318
-1444
-3245
-4293
-4421
-4133
-4035
-4251
-4472
-4430
-4220
-4103
-4158
-4132
-3644
-2479
-803
826
1763
1752
1180
776
1008
1725
2428
2743
2664
2359
1922
1304
466
-484
-1271
-1618
-1484
-1208
-1304
-2033
-3157
-4133
-4580
-4546
-4360
-4287
-4322
-4267
-4003
-3645
-3424
-3395
-3333
-2935
-2162
-1295
-696
-493
-532
-539
-373
-87
170
349
609
1288
2676
4682
6637
7568
6982
5464
4352
4591
5891
7083
7294
6658
5910
5470
5083
4271
2964
1613
795
733
1116
1269
579
-1032
-2960
-4290
-4526
-3977
-3434
-3413
-3781
-4041
-3950
-3716
-3677
-3821
-3714
-2858
-1155
917
2558
3171
2769
1974
1578
1966
2883
3697
3962
3709
3267
2802
2173
1197
41
-820
-1034
-798
-733
-1367
-2673
-4120
-5147
-5574
-5620
-5591
-5611
-5609
-5506
-5328
-5163
-5031
-4863
-4524
-3923
-3082
-2197
-1573
-1408
-1569
-1673
-1419
-863
-262
329
1255
2935
5258
7349
8082
7091
5303
4311
5014
6863
8436
8756
7966
6861
5950
5124
4036
2666
1410
754
817
1155
969
-312
-2471
-4551
-5562
-5306
-4466
-3927
-3999
-4359
-4551
-4481
-4349
-4288
-4096
-3382
-1896
191
2260
3545
3636
2833
1986
1868
2570
3540
4119
4073
3581
2909
2123
1188
166
-681
-1073
-974
-750
-954
-1897
-3351
-4695
-5404
-5422
-5110
-4874
-4855
-4914
-4863
-4658
-4409
-4196
-3967
-3549
-2841
-1953
-1207
-892
-1033
-1315
-1348
-963
-261
688
2082
4142
6551
8301
8420
6980
5289
4841
6030
7871
9013
8872
7851
6616
5437
4182
2781
1473
649
487
747
825
77
-1694
-3963
-5724
-6250
-5655
-4735
-4211
-4223
-4447
-4600
-4637
-4615
-4448
-3906
-2766
-1017
1023
2795
3806
3976
3672
3412
3473
3813
4218
4495
4489
4096
3283
2166
941
-173
-1016
-1518
-1772
-2026
-2543
-3387
-4373
-5246
-5867
-6235
-6375
-6300
-6055
-5749
-5464
-5192
-4858
-4441
-3961
-3435
-2853
-2248
-1725
-1419
-1333
-1288
-1036
-479
342
1496
3229
5539
7677
8487
7520
5747
4826
5585
7295
8545
8575
7712
6639
5608
4388
2815
1139
-95
-501
-209
84
-473
-2202
-4525
-6307
-6779
-6111
-5157
-4646
-4693
-4930
-5013
-4863
-4596
-4255
-3669
-2481
-444
2198
4604
5790
5401
4099
3123
3303
4468
5673
6063
5466
4341
3189
2140
1026
-185
-1191
-1605
-1453
-1313
-1890
-3365
-5179
-6483
-6818
-6402
-5827
-5549
-5603
-5723
-5620
-5239
-4726
-4260
-3818
-3219
-2368
-1463
-853
-726
-914
-1057
-821
14
1603
3949
6648
8834
9589
8670
6864
5539
5625
6936
8394
8998
8516
7372
5992
4472
2782
1098
-223
-881
-866
-571
-706
-1886
-4024
-6221
-7404
-7228
-6244
-5306
-4846
-4782
-4827
-4811
-4676
-4386
-3834
-2847
-1253
946
3376
5345
6269
6159
5621
5313
5372
5497
5429
5240
5022
4568
3508
1824
-6
-1386
-2117
-2420
-2639
-2988
-3550
-4326
-5198
-5976
-6525
-6826
-6869
-6616
-6112
-5555
-5115
-4783
-4406
-3934
-3428
-2928
-2377
-1751
-1141
-697
-468
-364
-143
567
2146
4644
7430
9337
9426
7858
5955
5223
6120
7756
8748
8440
7227
5885
4719
3481
1920
217
-1141
-1741
-1575
-1156
-1360
-2825
-5223
-7314
-7919
-6990
-5556
-4695
-4613
-4779
-4648
-4180
-3672
-3289
-2770
-1607
467
3097
5382
6496
6340
5644
5305
5622
6121
6189
5694
4975
4279
3462
2225
581
-1081
-2270
-2778
-2812
-2895
-3492
-4628
-5834
-6555
-6651
-6454
-6372
-6486
-6566
-6362
-5855
-5211
-4626
-4132
-3609
-2911
-2073
-1324
-902
-786
-723
-475
23
848
2279
4542
7266
9333
9626
8086
6004
5027
5763
7318
8285
8021
6955
5760
4588
3174
1468
-142
-1169
-1453
-1225
-999
-1413
-2878
-5118
-7084
-7735
-6958
-5636
-4707
-4386
-4278
-4076
-3800
-3563
-3279
-2705
-1565
303
2739
5140
6715
7059
6474
5712
5332
5379
5512
5423
5008
4309
3326
2029
450
-1196
-2574
-3388
-3614
-3564
-3707
-4317
-5256
-6142
-6691
-6909
-6928
-6774
-6348
-5640
-4834
-4224
-3940
-3855
-3670
-3161
-2345
-1450
-716
-267
-71
26
322
1220
3022
5616
8257
9798
9428
7503
5524
4980
6018
7427
7919
7317
6304
5379
4357
2878
1013
-725
-1834
-2145
-1888
-1625
-2013
-3386
-5346
-6927
-7296
-6470
-5241
-4438
-4200
-4095
-3728
-3175
-2738
-2478
-2030
-906
1071
3560
5813
7093
7144
6398
5630
5336
5373
5284
4835
4193
3539
2761
1576
-48
-1766
-3105
-3815
-3985
-3959
-4132
-4726
-5636
-6495
-6966
-6977
-6712
-6361
-5967
-5463
-4847
-4205
-3670
-3280
-2951
-2513
-1858
-1048
-296
210
433
532
835
1794
3754
6499
9024
10016
8945
6708
5060
5135
6510
7720
7733
6734
5573
4642
3589
2004
112
-1393
-2021
-1878
-1486
-1455
-2249
-3906
-5849
-7090
-6999
-5881
-4709
-4152
-4046
-3771
-3065
-2253
-1791
-1690
-1433
-383
1683
4267
6365
7113
6469
5265
4540
4678
5209
5354
4782
3773
2774
1863
764
-726
-2360
-3589
-4025
-3821
-3576
-3871
-4824
-6006
-6813
-6937
-6548
-6046
-5685
-5403
-5019
-4461
-3865
-3393
-3056
-2682
-2093
-1290
-475
112
350
328
334
812
2192
4509
7117
8846
8800
7148
5171
4290
4925
6236
7027
6794
5913
4916
3885
2563
891
-778
-1944
-2328
-2034
-1531
-1494
-2400
-4102
-5775
-6546
-6197
-5290
-4514
-4069
-3659
-3048
-2383
-1998
-1961
-1925
-1380
-27
2016
4272
6110
7029
6885
5990
4932
4234
4025
4068
4009
3642
2917
1852
471
-1125
-2697
-3909
-4508
-4502
-4217
-4118
-4481
-5228
-6030
-6588
-6775
-6579
-6012
-5157
-4213
-3455
-3001
-2747
-2467
-2023
-1435
-814
-245
252
681
1009
1238
1586
2513
4325
6584
8111
7882
6139
4370
3982
4980
6133
6345
5646
4770
4133
3471
2387
898
-588
-1630
-1990
-1751
-1350
-1419
-2352
-3868
-5155
-5516
-4990
-4227
-3807
-3697
-3470
-2893
-2202
-1762
-1629
-1471
-859
451
2387
4501
6076
6491
5729
4481
3636
3545
3848
3933
3545
2841
2041
1119
-80
-1547
-2978
-3956
-4255
-4048
-3803
-3960
-4607
-5431
-5994
-6053
-5683
-5100
-4459
-3784
-3096
-2474
-2031
-1792
-1663
-1493
-1171
-672
-81
436
727
816
1013
1783
3368
5404
6980
7226
6078
4466
3646
4149
5345
6065
5705
4668
3765
3290
2841
1936
616
-630
-1370
-1532
-1358
-1239
-1574
-2524
-3791
-4728
-4885
-4399
-3825
-3510
-3332
-2974
-2399
-1871
-1624
-1558
-1304
-489
1010
2926
4692
5698
5670
4848
3850
3247
3201
3399
3403
3015
2362
1595
681
-520
-1954
-3295
-4162
-4417
-4256
-4047
-4089
-4437
-4918
-5270
-5335
-5112
-4664
-4012
-3201
-2374
-1739
-1381
-1218
-1122
-1037
-918
-696
-368
-62
147
469
1340
2982
5013
6548
6772
5596
3846
2765
3088
4458
5716
5928
5119
4032
3223
2578
1678
467
-638
-1191
-1127
-772
-593
-967
-1984
-3343
-4459
-4885
-4625
-4062
-3531
-3080
-2582
-2017
-1523
-1263
-1243
-1220
-754
528
2545
4648
5962
6005
4984
3624
2656
2408
2673
2959
2875
2369
1593
633
-579
-2043
-3480
-4423
-4590
-4155
-3635
-3495
-3828
-4398
-4889
-5111
-4997
-4543
-3788
-2869
-1972
-1274
-855
-714
-774
-904
-929
-730
-337
74
358
614
1202
2453
4252
5909
6535
5747
4083
2738
2663
3794
5110
5556
4929
3890
3118
2631
1958
847
-377
-1159
-1270
-967
-723
-922
-1679
-2821
-3919
-4544
-4538
-4112
-3579
-3087
-2593
-2068
-1593
-1293
-1187
-1108
-723
310
2051
4072
5579
5919
5065
3684
2658
2469
2893
3290
3154
2469
1546
619
-369
-1562
-2871
-3922
-4381
-4263
-3930
-3795
-4005
-4399
-4679
-4669
-4409
-4031
-3572
-2981
-2262
-1571
-1077
-835
-773
-772
-706
-503
-213
10
100
219
689
1750
3371
5184
6527
6717
5563
3763
2575
2832
4173
5372
5489
4657
3683
3056
2517
1579
233
-993
-1589
-1521
-1167
-977
-1223
-1954
-2986
-3977
-4574
-4636
-4248
-3610
-2866
-2099
-1382
-829
-540
-519
-562
-247
859
2821
5060
6586
6660
5394
3690
2558
2372
2734
2931
2571
1759
815
-143
-1246
-2577
-3910
-4819
-5049
-4752
-4352
-4194
-4336
-4595
-4771
-4782
-4651
-4395
-3977
-3329
-2489
-1620
-943
-563
-425
-393
-378
-353
-310
-222
-36
381
1281
2896
5091
7127
7958
7013
4850
2912
2458
3550
5096
5853
5440
4374
3318
2407
1350
-18
-1416
-2357
-2586
-2273
-1863
-1779
-2233
-3119
-4104
-4794
-4979
-4674
-4019
-3114
-2058
-1039
-320
-46
-106
-157
221
1337
3218
5438
7203
7734
6811
4971
3188
2212
2118
2352
2260
1580
537
-526
-1526
-2632
-3907
-5069
-5679
-5571
-5038
-4566
-4427
-4527
-4638
-4659
-4625
-4525
-4231
-3603
-2696
-1728
-948
-474
-266
-204
-198
-213
-222
-154
74
541
1414
2965
5261
7693
9046
8348
5882
3207
2012
2773
4480
5628
5485
4427
3238
2221
1087
-460
-2219
-3618
-4195
-3921
-3166
-2462
-2259
-2695
-3564
-4461
-5027
-5041
-4432
-3263
-1774
-312
812
1458
1673
1659
1753
2338
3665
5563
7361
8165
7473
5602
3518
2089
1491
1232
765
-41
-951
-1777
-2575
-3488
-4494
-5388
-5939
-6044
-5754
-5229
-4682
-4277
-4071
-4016
-4013
-3952
-3717
-3218
-2484
-1663
-962
-493
-197
68
340
495
396
112
-77
151
1058
2824
5376
8024
9497
8757
6112
3292
2102
2861
4297
4960
4521
3627
2834
2001
704
-1122
-3047
-4515
-5184
-5004
-4199
-3187
-2492
-2473
-3113
-3990
-4590
-4606
-4024
-2933
-1451
216
1714
2714
3151
3267
3450
3982
4919
6015
6822
6913
6188
4935
3606
2452
1420
326
-872
-2032
-2976
-3653
-4139
-4532
-4889
-5228
-5537
-5752
-5766
-5495
-4984
-4381
-3832
-3382
-2990
-2622
-2308
-2065
-1847
-1541
-1106
-608
-134
287
617
729
519
106
-141
195
1385
3474
6135
8480
9350
8159
5623
3355
2562
3085
3823
3932
3478
2953
2498
1766
443
-1353
-3201
-4692
-5546
-5578
-4814
-3610
-2579
-2182
-2463
-3077
-3602
-3722
-3281
-2266
-837
715
2103
3166
3886
4327
4638
5014
5602
6295
6711
6417
5318
3758
2255
1071
93
-935
-2079
-3177
-4021
-4544
-4824
-4981
-5109
-5244
-5352
-5329
-5069
-4563
-3961
-3449
-3094
-2781
-2368
-1853
-1384
-1074
-924
-853
-799
-695
-445
-21
399
514
235
-122
-16
951
2856
5404
7861
9135
8446
6156
3772
2730
3143
3886
3895
3154
2377
1979
1654
847
-604
-2390
-4061
-5243
-5655
-5160
-4007
-2801
-2135
-2125
-2443
-2697
-2715
-2454
-1855
-879
353
1614
2745
3702
4469
5012
5378
5665
5886
5832
5271
4208
2946
1805
878
44
-812
-1714
-2650
-3625
-4566
-5273
-5538
-5352
-4950
-4602
-4377
-4143
-3804
-3446
-3213
-3079
-2837
-2343
-1706
-1153
-803
-599
-485
-493
-649
-839
-879
-726
-553
-569
-746
-740
-101
1444
3802
6415
8336
8651
7225
5028
3464
3162
3563
3719
3334
2803
2477
2190
1550
396
-1152
-2885
-4538
-5695
-5927
-5143
-3819
-2670
-2139
-2136
-2322
-2454
-2442
-2165
-1476
-407
792
1905
2967
4084
5148
5845
6033
5877
5634
5303
4691
3709
2516
1317
170
-970
-2078
-3069
-3915
-4655
-5257
-5574
-5506
-5146
-4721
-4383
-4117
-3831
-3482
-3071
-2604
-2094
-1605
-1202
-869
-503
-90
211
179
-201
-664
-890
-812
-636
-573
-622
-610
-326
485
2080
4389
6669
7815
7268
5616
4075
3401
3382
3371
3059
2624
2292
2003
1524
708
-462
-1960
-3650
-5138
-5865
-5551
-4465
-3236
-2315
-1784
-1537
-1510
-1605
-1576
-1176
-423
442
1271
2192
3377
4709
5806
6323
6208
5609
4709
3656
2607
1683
892
147
-601
-1327
-2035
-2828
-3775
-4750
-5482
-5778
-5654
-5227
-4596
-3847
-3128
-2580
-2228
-1990
-1791
-1611
-1419
-1132
-718
-253
113
288
235
-66
-599
-1232
-1756
-2041
-2099
-1953
-1514
-579
1056
3403
6030
8000
8408
7173
5260
3875
3462
3535
3435
3001
2521
2231
2050
1693
890
-494
-2377
-4358
-5801
-6183
-5519
-4339
-3256
-2500
-1975
-1579
-1367
-1340
-1307
-1044
-511
209
1140
2399
3927
5360
6304
6627
6455
5878
4903
3619
2303
1197
292
-569
-1415
-2121
-2675
-3287
-4127
-5035
-5646
-5756
-5474
-4978
-4322
-3513
-2706
-2122
-1824
-1663
-1491
-1309
-1173
-1039
-813
-485
-180
-5
19
-92
-354
-763
-1228
-1617
-1854
-1908
-1675
-895
723
3179
5886
7804
8130
6970
5296
4074
3492
3074
2454
1814
1548
1698
1882
1685
941
-348
-2104
-4054
-5637
-6281
-5876
-4830
-3685
-2658
-1696
-785
-96
215
198
53
-18
169
815
2031
3641
5161
6094
6243
5809
5140
4450
3652
2514
950
-750
-2060
-2639
-2661
-2680
-3123
-3916
-4643
-5001
-5030
-4905
-4644
-4161
-3479
-2763
-2101
-1428
-737
-227
-113
-326
-562
-607
-502
-399
-329
-262
-249
-418
-806
-1310
-1804
-2207
-2427
-2294
-1596
-151
2077
4742
7013
8005
7509
6235
5098
4368
3633
2571
1462
874
1021
1567
1943
1685
558
-1365
-3604
-5409
-6220
-6062
-5375
-4556
-3646
-2541
-1275
-86
773
1165
1089
714
401
581
1474
2880
4307
5338
5849
5943
5695
5077
4022
2559
836
-884
-2270
-3056
-3237
-3125
-3141
-3473
-3965
-4324
-4430
-4389
-4327
-4225
-3935
-3349
-2487
-1498
-600
1
199
51
-260
-521
-591
-488
-355
-357
-508
-681
-767
-821
-997
-1361
-1797
-2025
-1677
-416
1801
4479
6698
7697
7441
6575
5745
5050
4160
2899
1553
609
316
547
959
1147
731
-461
-2187
-3848
-4904
-5260
-5184
-4919
-4412
-3495
-2151
-611
792
1743
2033
1711
1165
942
1329
2160
3053
3802
4437
4988
5292
5127
4396
3179
1616
-124
-1806
-3137
-3917
-4193
-4205
-4168
-4111
-3958
-3707
-3483
-3409
-3485
-3583
-3517
-3108
-2300
-1266
-358
146
256
191
132
73
-90
-392
-765
-1090
-1267
-1255
-1119
-1007
-1031
-1161
-1249
-1104
-478
886
2979
5245
6795
7114
6530
5805
5321
4787
3785
2376
1069
293
81
186
313
175
-467
-1618
-2944
-3985
-4518
-4648
-4585
-4362
-3844
-2888
-1538
-58
1161
1820
1911
1721
1639
1883
2395
2955
3408
3770
4146
4541
4789
4610
3786
2293
396
-1451
-2843
-3661
-4065
-4253
-4267
-4045
-3612
-3123
-2758
-2601
-2648
-2823
-2976
-2900
-2469
-1753
-981
-366
28
253
373
409
336
117
-273
-778
-1248
-1515
-1527
-1393
-1295
-1339
-1460
-1406
-824
531
2546
4668
6171
6656
6351
5854
5532
5179
4355
2973
1502
518
197
266
336
155
-392
-1312
-2430
-3408
-3996
-4245
-4394
-4489
-4292
-3532
-2253
-780
508
1393
1834
1943
1945
2044
2284
2550
2776
3049
3486
4017
4397
4394
3916
2936
1469
-322
-2041
-3274
-3922
-4230
-4447
-4527
-4254
-3601
-2861
-2389
-2300
-2464
-2676
-2771
-2620
-2172
-1532
-918
-467
-126
227
568
709
514
48
-476
-896
-1179
-1373
-1509
-1575
-1552
-1446
-1252
-850
13
1506
3412
5124
6064
6148
5781
5404
5077
4536
3567
2297
1117
374
129
164
152
-156
-821
-1714
-2593
-3271
-3725
-4056
-4283
-4261
-3771
-2769
-1460
-194
766
1358
1679
1878
2042
2188
2298
2391
2529
2811
3276
3832
4230
4196
3580
2438
958
-613
-2043
-3167
-3946
-4421
-4604
-4435
-3903
-3168
-2505
-2126
-2061
-2176
-2286
-2264
-2094
-1833
-1518
-1124
-630
-90
389
710
816
666
274
-255
-750
-1104
-1332
-1509
-1643
-1651
-1450
-1009
-301
752
2184
3813
5202
5922
5872
5358
4785
4292
3691
2797
1721
827
381
326
368
222
-247
-999
-1856
-2593
-3089
-3416
-3702
-3922
-3841
-3251
-2199
-979
109
919
1447
1752
1914
2022
2125
2220
2312
2487
2834
3305
3694
3784
3473
2770
1696
309
-1216
-2591
-3577
-4123
-4325
-4265
-3939
-3372
-2708
-2160
-1853
-1771
-1823
-1942
-2068
-2109
-1970
-1631
-1160
-638
-96
426
822
949
758
329
-195
-703
-1123
-1416
-1585
-1669
-1663
-1452
-867
178
1589
3132
4510
5444
5775
5574
5098
4571
3973
3152
2115
1145
556
398
443
411
152
-348
-1019
-1734
-2351
-2819
-3179
-3480
-3633
-3456
-2821
-1812
-680
309
1024
1473
1721
1825
1826
1786
1778
1873
2106
2477
2931
3341
3514
3269
2530
1388
32
-1345
-2611
-3663
-4393
-4710
-4584
-4074
-3309
-2480
-1806
-1452
-1420
-1564
-1717
-1811
-1853
-1823
-1648
-1269
-713
-80
509
940
1122
1026
704
260
-222
-710
-1174
-1535
-1676
-1516
-1035
-242
857
2212
3626
4759
5303
5212
4726
4131
3504
2750
1853
1013
475
295
322
373
332
119
-323
-961
-1644
-2235
-2721
-3151
-3447
-3406
-2883
-1983
-966
-48
711
1308
1694
1821
1726
1553
1440
1464
1633
1938
2337
2730
2956
2855
2338
1440
292
-929
-2070
-3034
-3752
-4152
-4174
-3832
-3239
-2557
-1930
-1462
-1231
-1261
-1480
-1723
-1835
-1779
-1614
-1386
-1061
-591
-22
503
845
949
831
525
77
-439
-924
-1292
-1477
-1410
-1024
-273
825
2170
3558
4688
5280
5266
4840
4268
3626
2805
1769
718
-57
-400
-362
-116
115
119
-185
-692
-1228
-1731
-2252
-2791
-3187
-3233
-2837
-2083
-1139
-169
702
1381
1823
2050
2116
2053
1861
1593
1409
1501
1910
2457
2844
2847
2415
1643
676
-377
-1466
-2537
-3461
-4046
-4158
-3835
-3252
-2603
-2012
-1538
-1212
-1055
-1076
-1249
-1493
-1686
-1722
-1560
-1223
-768
-260
227
628
890
968
816
432
-108
-663
-1105
-1381
-1474
-1331
-838
83
1361
2761
3987
4828
5227
5229
4890
4226
3285
2201
1169
341
-208
-451
-391
-129
119
139
-129
-583
-1107
-1676
-2301
-2890
-3246
-3189
-2702
-1918
-1023
-143
665
1364
1886
2144
2122
1922
1725
1657
1738
1916
2140
2344
2413
2207
1675
879
-48
-1001
-1933
-2811
-3541
-3972
-3989
-3619
-3029
-2401
-1841
-1390
-1086
-965
-1021
-1202
-1440
-1653
-1738
-1600
-1221
-690
-155
285
597
783
811
640
270
-215
-706
-1122
-1413
-1494
-1243
-574
479
1760
3062
4179
4941
5244
5083
4548
3766
2842
1859
900
85
-450
-617
-455
-159
19
-61
-345
-708
-1116
-1650
-2310
-2919
-3220
-3096
-2604
-1870
-993
-72
761
1409
1866
2171
2313
2251
2024
1804
1754
1886
2053
2104
1976
1686
1242
630
-158
-1074
-2012
-2838
-3439
-3754
-3778
-3536
-3077
-2493
-1916
-1463
-1172
-1016
-966
-1034
-1216
-1421
-1495
-1350
-1032
-648
-257
140
511
769
847
735
451
22
-473
-896
-1147
-1206
-1046
-551
383
1669
2998
4048
4676
4927
4877
4522
3814
2802
1682
693
-34
-486
-671
-590
-329
-88
-41
-212
-515
-901
-1383
-1950
-2483
-2809
-2797
-2435
-1807
-1047
-259
514
1238
1835
2209
2325
2263
2166
2125
2126
2081
1938
1724
1499
1242
861
277
-462
-1228
-1914
-2489
-2945
-3233
-3293
-3128
-2812
-2420
-2002
-1606
-1301
-1138
-1104
-1151
-1223
-1267
-1227
-1080
-845
-551
-209
157
464
626
627
522
352
109
-213
-551
-800
-888
-774
-397
323
1364
2529
3527
4170
4462
4494
4287
3785
2975
1983
1014
238
-280
-555
-647
-624
-545
-447
-370
-382
-567
-969
-1524
-2082
-2467
-2570
-2371
-1932
-1345
-690
-4
699
1381
1962
2345
2507
2508
2445
2345
2164
1855
1442
1001
589
196
-218
-681
-1175
-1660
-2093
-2438
-2669
-2775
-2762
-2644
-2443
-2188
-1922
-1684
-1488
-1317
-1158
-1014
-901
-810
-702
-541
-319
-66
170
336
404
399
364
313
201
-16
-305
-547
-630
-505
-160
417
1208
2104
2930
3548
3918
4045
3919
3519
2883
2101
1283
524
-81
-458
-595
-560
-464
-393
-389
-465
-625
-864
-1173
-1525
-1863
-2080
-2084
-1851
-1440
-924
-339
295
939
1529
2025
2406
2650
2720
2596
2289
1846
1327
796
288
-188
-642
-1068
-1446
-1744
-1956
-2097
-2199
-2277
-2304
-2252
-2130
-1996
-1895
-1821
-1727
-1590
-1418
-1226
-1013
-783
-555
-343
-144
50
224
341
380
353
283
179
44
-105
-230
-296
-290
-200
9
392
975
1696
2409
2966
3312
3479
3490
3315
2914
2319
1629
960
391
-39
-325
-497
-598
-650
-646
-605
-593
-696
-932
-1237
-1509
-1683
-1741
-1678
-1474
-1120
-645
-93
508
1143
1766
2296
2635
2718
2534
2134
1615
1070
523
-43
-608
-1076
-1359
-1467
-1500
-1544
-1614
-1681
-1722
-1746
-1781
-1859
-1981
-2093
-2116
-2007
-1798
-1556
-1308
-1023
-677
-308
4
214
337
398
382
280
140
36
-16
-76
-168
-229
-185
-48
103
239
423
742
1208
1748
2249
2618
2825
2907
2906
2816
2571
2128
1536
929
432
80
-170
-370
-535
-653
-712
-726
-728
-778
-919
-1130
-1314
-1380
-1322
-1206
-1061
-843
-481
48
711
1431
2069
2463
2528
2329
1999
1608
1120
503
-187
-806
-1231
-1430
-1481
-1486
-1494
-1485
-1434
-1364
-1339
-1416
-1603
-1847
-2040
-2089
-1979
-1787
-1586
-1361
-1039
-601
-142
208
397
470
493
470
366
179
-18
-146
-183
-173
-148
-94
15
164
312
453
640
921
1282
1651
1970
2232
2442
2578
2596
2473
2220
1868
1448
1004
592
253
-18
-251
-453
-600
-680
-722
-770
-845
-934
-1020
-1090
-1124
-1098
-1000
-820
-534
-107
454
1054
1560
1885
2024
2001
1816
1453
942
360
-203
-691
-1073
-1332
-1459
-1469
-1407
-1324
-1248
-1191
-1180
-1267
-1468
-1716
-1905
-1987
-1998
-1963
-1832
-1542
-1110
-636
-217
105
327
445
472
440
377
283
146
-7
-125
-170
-155
-112
-49
54
205
385
562
729
908
1135
1422
1739
2015
2189
2250
2233
2173
2056
1838
1501
1092
696
367
100
-136
-345
-509
-614
-679
-724
-764
-809
-871
-935
-958
-889
-705
-414
-42
363
737
1032
1238
1354
1348
1176
845
434
39
-299
-590
-844
-1037
-1140
-1155
-1115
-1055
-1007
-1006
-1081
-1233
-1417
-1583
-1705
-1780
-1795
-1725
-1553
-1297
-992
-671
-356
-67
176
346
423
406
325
225
133
47
-35
-90
-83
-10
95
189
265
340
428
519
602
692
827
1034
1289
1542
1760
1940
2081
2155
2129
1994
1774
1490
1151
780
432
162
-25
-165
-287
-381
-416
-388
-329
-278
-250
-233
-207
-170
-142
-149
-187
-228
-250
-263
-288
-330
-373
-404
-423
-439
-459
-490
-534
-588
-643
-697
-763
-857
-980
-1105
-1201
-1256
-1284
-1301
-1296
-1243
-1136
-1002
-867
-731
-580
-414
-254
-119
-17
46
70
62
42
30
40
72
117
171
234
311
399
488
573
660
756
861
968
1078
1202
1348
1518
1696
1859
1977
2027
1993
1880
1702
1478
1218
927
623
333
85
-112
-266
-379
-441
-444
-406
-363
-355
-393
-459
-521
-565
-605
-664
-732
-771
-745
-663
-570
-500
-450
-395
-339
-311
-347
-446
-582
-728
-877
-1020
-1134
-1191
-1188
-1144
-1079
-998
-908
-826
-763
-715
-673
-636
-605
-569
-509
-418
-307
-192
-80
26
124
213
292
355
396
414
415
412
417
435
465
505
558
627
719
827
944
1067
1204
1356
1510
1646
1751
1818
1831
1769
1633
1456
1272
1088
877
626
364
140
-28
-165
-305
-449
-564
-636
-682
-734
-804
-873
-922
-950
-958
-945
-911
-866
-822
-779
-727
-670
-625
-612
-638
-685
-724
-737
-732
-730
-728
-700
-632
-545
-480
-460
-474
-504
-533
-560
-586
-608
-618
-598
-536
-439
-320
-193
-65
52
149
223
284
340
385
406
406
402
419
454
493
521
546
587
651
724
785
827
871
941
1050
1185
1318
1427
1500
1536
1530
1479
1377
1225
1031
807
569
334
113
-85
-255
-392
-491
-552
-583
-601
-620
-643
-672
-709
-753
-800
-836
-848
-828
-778
-719
-674
-652
-642
-630
-614
-604
-607
-614
-610
-584
-531
-464
-401
-359
-342
-344
-355
-372
-392
-416
-440
-454
-449
-415
-350
-257
-148
-32
79
177
261
332
384
405
394
369
353
347
335
306
276
270
292
329
364
391
414
439
476
531
612
725
872
1041
1199
1301
1319
1261
1153
1009
816
560
263
-23
-248
-401
-500
-556
-556
-485
-359
-222
-123
-92
-134
-230
-347
-462
-568
-662
-729
-743
-695
-603
-496
-389
-285
-196
-146
-151
-198
-257
-309
-350
-383
-399
-381
-331
-265
-199
-136
-83
-47
-35
-35
-33
-27
-25
-29
-21
16
85
163
228
276
316
353
372
351
282
188
100
34
-13
-51
-72
-66
-37
-11
-5
-13
-14
-4
-2
-26
-61
-84
-85
-75
-64
-39
9
77
146
206
253
280
279
252
214
183
166
152
132
107
92
101
124
136
129
120
131
151
155
134
109
99
97
77
35
-5
-20
-13
-11
-31
-61
-79
-77
-64
-51
-36
-12
20
52
77
88
84
71
61
58
50
28
-6
-33
-40
-31
-20
-17
-28
-51
-78
-102
-124
-152
-195
-250
-305
-342
-358
-362
-368
-378
-382
-374
-359
-344
-332
-320
-309
-298
-282
-261
-243
-235
-233
-221
-190
-147
-104
-63
-18
36
98
157
206
246
284
326
369
408
439
467
495
519
527
509
475
443
422
398
354
291
230
188
160
128
82
33
-5
-31
-54
-75
-89
-85
-60
-22
15
44
69
92
112
119
109
86
58
30
0
-35
-71
-104
-127
-141
-150
-160
-175
-194
-218
-245
-274
-303
-335
-366
-400
-435
-465
-485
-490
-484
-470
-444
-401
-344
-283
-222
-157
-84
-14
43
84
118
151
180
197
207
222
247
279
308
331
351
370
385
390
384
370
353
336
318
297
277
261
247
231
209
183
161
143
122
91
55
22
-2
-23
-49
-75
-90
-88
-79
-76
-82
-89
-92
-97
-111
-130
-140
-135
-117
-100
-89
-82
-72
-56
-40
-33
-40
-56
-76
-96
-117
-135
-147
-149
-148
-147
-150
-154
-158
-164
-176
-191
-202
-205
-202
-193
-177
-151
-113
-71
-33
-3
20
38
49
51
41
24
4
-18
-42
-65
-79
-80
-66
-42
-13
17
46
73
96
111
116
114
104
89
75
67
72
86
105
124
145
173
202
224
232
227
220
214
206
189
159
123
90
68
49
26
-2
-26
-37
-36
-33
-37
-44
-47
-44
-46
-59
-83
-111
-136
-156
-167
-169
-164
-152
-136
-111
-77
-38
0
34
65
95
122
140
147
147
147
148
143
125
100
75
53
32
8
-19
-46
-74
-106
-149
-204
-263
-313
-345
-357
-353
-340
-315
-277
-228
-179
-134
-93
-55
-22
2
19
36
56
80
102
123
146
174
208
243
276
302
321
330
329
319
302
278
245
208
173
144
118
90
60
33
10
-12
-36
-64
-95
-129
-160
-182
-195
-198
-191
-172
-140
-103
-67
-37
-12
11
33
54
69
78
83
88
95
101
106
108
107
101
91
73
46
12
-27
-69
-113
-160
-204
-241
-270
-291
-299
-291
-269
-239
-210
-181
-150
-115
-78
-39
3
45
87
126
165
203
240
267
281
278
261
228
179
116
45
-29
-104
-177
-240
-285
-311
-323
-325
-319
-301
-270
-229
-185
-146
-111
